0 2.08365e-05 -2.30532e-06 2.09637e-05
0.01 4.24092e-05 -5.19563e-06 4.27263e-05
0.02 6.34199e-05 -7.5609e-06 6.3869e-05
0.03 8.36769e-05 -1.03156e-05 8.43103e-05
0.04 0.000103375 -1.27478e-05 0.000104158
0.05 0.000122681 -1.43966e-05 0.000123523
0.06 0.000141009 -1.64307e-05 0.000141963
0.07 0.000157642 -1.76947e-05 0.000158632
0.08 0.000173617 -1.92903e-05 0.000174685
0.09 0.000189089 -2.11415e-05 0.000190267
0.1 0.00020249 -2.2333e-05 0.000203717
0.11 0.00021421 -2.37471e-05 0.000215522
0.12 0.000224562 -2.46558e-05 0.000225912
0.13 0.000233526 -2.51943e-05 0.000234881
0.14 0.000240471 -2.62848e-05 0.000241903
0.15 0.000245254 -2.68213e-05 0.000246716
0.16 0.000248967 -2.78024e-05 0.000250514
0.17 0.000251043 -2.86538e-05 0.000252672
0.18 0.000250333 -2.86445e-05 0.000251966
0.19 0.000247837 -2.89237e-05 0.000249519
0.2 0.000243925 -2.86309e-05 0.000245599
0.21 0.00023828 -2.84362e-05 0.000239971
0.22 0.000230579 -2.86804e-05 0.000232355
0.23 0.00022101 -2.83835e-05 0.000222826
0.24 0.000210589 -2.85372e-05 0.000212514
0.25 0.000198166 -2.83814e-05 0.000200188
0.26 0.000183542 -2.77507e-05 0.000185628
0.27 0.000167979 -2.79404e-05 0.000170287
0.28 0.000151595 -2.78508e-05 0.000154132
0.29 0.000133873 -2.82987e-05 0.000136832
0.3 0.000114798 -2.89544e-05 0.000118393
0.31 9.49404e-05 -2.90332e-05 9.92805e-05
0.32 7.48681e-05 -2.95539e-05 8.04902e-05
0.33 5.36046e-05 -2.95463e-05 6.12081e-05
0.34 3.16023e-05 -2.9363e-05 4.31381e-05
0.35 1.01995e-05 -2.99116e-05 3.16027e-05
0.36 -1.11471e-05 -2.98679e-05 3.18802e-05
0.37 -3.28351e-05 -3.00151e-05 4.44865e-05
0.38 -5.4614e-05 -2.99196e-05 6.22725e-05
0.39 -7.56895e-05 -2.91469e-05 8.11076e-05
0.4 -9.60021e-05 -2.90586e-05 0.000100304
0.41 -0.000116244 -2.83172e-05 0.000119643
0.42 -0.000135563 -2.78976e-05 0.000138404
0.43 -0.000153061 -2.79602e-05 0.000155594
0.44 -0.000169833 -2.72444e-05 0.000172004
0.45 -0.000185877 -2.65835e-05 0.000187768
0.46 -0.00020063 -2.55593e-05 0.000202252
0.47 -0.000213365 -2.41344e-05 0.000214725
0.48 -0.000224595 -2.32268e-05 0.000225792
0.49 -0.000234619 -2.13853e-05 0.000235591
0.5 -0.000242596 -1.9678e-05 0.000243392
0.51 -0.000248317 -1.78046e-05 0.000248954
0.52 -0.000253003 -1.47177e-05 0.000253431
0.53 -0.000256178 -1.16998e-05 0.000256445
0.54 -0.00025711 -8.24989e-06 0.000257243
0.55 -0.000255759 -4.68188e-06 0.000255802
0.56 -0.000252803 -1.33608e-06 0.000252806
0.57 -0.000248427 3.03279e-06 0.000248445
0.58 -0.000241752 7.08756e-06 0.000241856
0.59 -0.000233326 1.14713e-05 0.000233608
0.6 -0.000223836 1.67546e-05 0.000224462
0.61 -0.000212613 2.1453e-05 0.000213693
0.62 -0.000199137 2.64618e-05 0.000200887
0.63 -0.000184096 3.13769e-05 0.000186751
0.64 -0.000168183 3.64445e-05 0.000172086
0.65 -0.000151222 4.2361e-05 0.000157043
0.66 -0.000132656 4.76702e-05 0.000140961
0.67 -0.000113263 5.33372e-05 0.000125194
0.68 -9.33727e-05 5.94234e-05 0.000110678
0.69 -7.23016e-05 6.45595e-05 9.69301e-05
0.7 -5.01537e-05 6.99349e-05 8.60598e-05
0.71 -2.79307e-05 7.50476e-05 8.00767e-05
0.72 -6.02498e-06 8.01203e-05 8.03465e-05
0.73 1.62251e-05 8.53217e-05 8.68507e-05
0.74 3.88267e-05 8.90901e-05 9.71831e-05
0.75 6.11195e-05 9.30255e-05 0.000111307
0.76 8.28393e-05 9.65149e-05 0.000127191
0.77 0.000104603 9.86748e-05 0.0001438
0.78 0.000125704 0.00010085 0.000161159
0.79 0.000145428 0.000102415 0.000177871
0.8 0.000163884 0.000103507 0.000193835
0.81 0.000181959 0.000103994 0.00020958
0.82 0.000198969 0.000102904 0.000224004
0.83 0.00021453 0.000102129 0.000237599
0.84 0.000228474 0.000100483 0.000249594
0.85 0.00024126 9.75079e-05 0.00026022
0.86 0.000252178 9.45556e-05 0.000269322
0.87 0.000260992 9.06183e-05 0.000276276
0.88 0.000268335 8.58757e-05 0.000281742
0.89 0.00027458 8.00452e-05 0.000286009
0.9 0.000278819 7.29277e-05 0.000288199
0.91 0.000280901 6.6118e-05 0.000288577
0.92 0.000280984 5.7999e-05 0.000286908
0.93 0.000279369 4.87161e-05 0.000283585
0.94 0.000275759 3.96078e-05 0.000278589
0.95 0.000270109 2.95306e-05 0.000271719
0.96 0.000263242 1.89606e-05 0.000263924
0.97 0.000254796 7.75447e-06 0.000254914
0.98 0.000244132 -3.72882e-06 0.00024416
0.99 0.000231549 -1.44892e-05 0.000232002
1 0.000217448 -2.64134e-05 0.000219047
1.01 0.000202107 -3.85735e-05 0.000205755
1.02 0.000185456 -5.00115e-05 0.000192081
1.03 0.000167449 -6.20559e-05 0.000178578
1.04 0.00014876 -7.40364e-05 0.000166165
1.05 0.000128819 -8.61183e-05 0.000154954
1.06 0.000107475 -9.77037e-05 0.000145248
1.07 8.56618e-05 -0.000108533 0.000138265
1.08 6.33985e-05 -0.000120173 0.000135871
1.09 4.11635e-05 -0.00013091 0.00013723
1.1 1.85575e-05 -0.000140326 0.000141548
1.11 -4.31946e-06 -0.000149784 0.000149846
1.12 -2.70453e-05 -0.000158331 0.000160625
1.13 -4.99541e-05 -0.000166008 0.000173361
1.14 -7.27902e-05 -0.000172335 0.000187077
1.15 -9.45035e-05 -0.000177525 0.000201112
1.16 -0.000115792 -0.000182654 0.000216264
1.17 -0.000135923 -0.000185723 0.000230148
1.18 -0.000155606 -0.000187305 0.000243508
1.19 -0.000174514 -0.000188655 0.000256994
1.2 -0.000192087 -0.000188499 0.000269127
1.21 -0.000208542 -0.000187094 0.000280168
1.22 -0.000223403 -0.000184087 0.000289477
1.23 -0.000236282 -0.000180102 0.000297095
1.24 -0.000248091 -0.000175439 0.000303855
1.25 -0.000257973 -0.000168487 0.00030812
1.26 -0.00026667 -0.000160446 0.000311217
1.27 -0.000273819 -0.000152038 0.000313197
1.28 -0.000278724 -0.000141807 0.000312724
1.29 -0.000281987 -0.000130185 0.000310587
1.3 -0.000283192 -0.000117276 0.000306514
1.31 -0.000282726 -0.000103693 0.000301142
1.32 -0.00028109 -8.94052e-05 0.000294965
1.33 -0.00027733 -7.32388e-05 0.000286837
1.34 -0.000272292 -5.6869e-05 0.000278167
1.35 -0.000265513 -4.02294e-05 0.000268543
1.36 -0.000256442 -2.21695e-05 0.000257399
1.37 -0.000246164 -3.57245e-06 0.00024619
1.38 -0.0002343 1.52926e-05 0.000234798
1.39 -0.000221459 3.39601e-05 0.000224047
1.4 -0.000207514 5.29792e-05 0.00021417
1.41 -0.000191665 7.27807e-05 0.000205019
1.42 -0.000175327 9.19343e-05 0.000197968
1.43 -0.000157767 0.000111009 0.000192908
1.44 -0.00013894 0.000130708 0.000190758
1.45 -0.000119992 0.000149784 0.00019192
1.46 -0.000100533 0.00016818 0.000195937
1.47 -8.08803e-05 0.000185826 0.000202664
1.48 -6.07094e-05 0.000203408 0.000212275
1.49 -3.95514e-05 0.000220621 0.000224139
1.5 -1.92855e-05 0.000236407 0.000237192
1.51 1.56376e-06 0.000251268 0.000251273
1.52 2.24779e-05 0.000265418 0.000266368
1.53 4.25429e-05 0.000277632 0.000280872
1.54 6.25258e-05 0.000288435 0.000295134
1.55 8.21378e-05 0.000297809 0.000308929
1.56 0.000101709 0.000306216 0.000322665
1.57 0.000120916 0.000312884 0.000335436
1.58 0.000138221 0.000317426 0.000346214
1.59 0.00015564 0.000320251 0.000356069
1.6 0.000172239 0.000321453 0.000364689
1.61 0.000187209 0.000320343 0.000371035
1.62 0.000201623 0.00031757 0.000376168
1.63 0.000214972 0.000313157 0.000379843
1.64 0.000227638 0.000306969 0.000382163
1.65 0.000238934 0.00029838 0.000382256
1.66 0.000248276 0.00028737 0.000379766
1.67 0.000257774 0.000274439 0.000376515
1.68 0.000265956 0.000259717 0.000371733
1.69 0.000272428 0.000243028 0.000365075
1.7 0.000278471 0.00022465 0.00035779
1.71 0.000283302 0.000204563 0.000349436
1.72 0.000287213 0.000182552 0.000340318
1.73 0.000289459 0.00015874 0.000330129
1.74 0.000290292 0.000133499 0.000319517
1.75 0.000291248 0.000107136 0.000310328
1.76 0.000290216 7.99888e-05 0.000301037
1.77 0.000287488 5.18532e-05 0.000292127
1.78 0.000284332 2.28026e-05 0.000285245
1.79 0.00027984 -7.11498e-06 0.00027993
1.8 0.000274363 -3.77347e-05 0.000276946
1.81 0.000267275 -6.86596e-05 0.000275953
1.82 0.000259298 -9.94437e-05 0.000277713
1.83 0.000251202 -0.000130304 0.000282987
1.84 0.000240998 -0.000160407 0.0002895
1.85 0.000229889 -0.00019052 0.000298574
1.86 0.00021866 -0.000220283 0.000310382
1.87 0.000206141 -0.000249308 0.000323495
1.88 0.000192753 -0.000277046 0.000337503
1.89 0.000177976 -0.000303308 0.00035167
1.9 0.000162627 -0.000328088 0.000366182
1.91 0.000146807 -0.00035172 0.000381129
1.92 0.000129055 -0.000372979 0.000394676
1.93 0.000110951 -0.000393092 0.00040845
1.94 9.26119e-05 -0.00041132 0.000421617
1.95 7.27846e-05 -0.000427007 0.000433165
1.96 5.22501e-05 -0.000440155 0.000443245
1.97 3.06235e-05 -0.000450781 0.00045182
1.98 8.91383e-06 -0.000459393 0.000459479
1.99 -1.31737e-05 -0.000465683 0.000465869
2 -3.64018e-05 -0.000468574 0.000469986
2.01 -5.93702e-05 -0.000469595 0.000473333
2.02 -8.26068e-05 -0.000467748 0.000474986
2.03 -0.000106825 -0.000462465 0.000474642
2.04 -0.000131094 -0.000454535 0.000473062
2.05 -0.00015555 -0.000443945 0.000470407
2.06 -0.000179592 -0.00043119 0.000467095
2.07 -0.000203582 -0.00041543 0.000462631
2.08 -0.000228033 -0.000396287 0.000457211
2.09 -0.000251939 -0.000375569 0.000452245
2.1 -0.000275829 -0.000351934 0.000447146
2.11 -0.000299612 -0.000325338 0.000442281
2.12 -0.000322336 -0.00029702 0.000438316
2.13 -0.000344389 -0.000266678 0.00043557
2.14 -0.000365246 -0.000234642 0.000434122
2.15 -0.000385311 -0.000200055 0.00043415
2.16 -0.000404511 -0.000163461 0.00043629
2.17 -0.000422307 -0.000126629 0.000440883
2.18 -0.000438565 -8.76867e-05 0.000447245
2.19 -0.000453113 -4.7406e-05 0.000455586
2.2 -0.000465523 -6.76869e-06 0.000465572
2.21 -0.000476459 3.46395e-05 0.000477717
2.22 -0.000485308 7.64479e-05 0.000491293
2.23 -0.000492463 0.000119069 0.000506653
2.24 -0.000497623 0.000161558 0.000523191
2.25 -0.000500549 0.000202779 0.000540063
2.26 -0.000500495 0.000244776 0.000557145
2.27 -0.000497971 0.000286008 0.000574261
2.28 -0.000492919 0.000325808 0.000590864
2.29 -0.000485694 0.000364846 0.000607463
2.3 -0.000475395 0.000402383 0.000622826
2.31 -0.000462301 0.000438997 0.000637527
2.32 -0.000446361 0.000473527 0.000650742
2.33 -0.000427469 0.000505788 0.000662232
2.34 -0.000404986 0.000537274 0.000672813
2.35 -0.000380207 0.000565988 0.000681836
2.36 -0.000353136 0.000591887 0.000689228
2.37 -0.000323451 0.000615631 0.000695429
2.38 -0.000290769 0.000636391 0.000699671
2.39 -0.000255477 0.000654845 0.000702915
2.4 -0.000218215 0.000669978 0.00070462
2.41 -0.000178615 0.000681886 0.000704891
2.42 -0.000136357 0.0006914 0.000704718
2.43 -9.30531e-05 0.000696795 0.00070298
2.44 -4.81409e-05 0.000698818 0.000700474
2.45 -1.0781e-06 0.000697956 0.000697957
2.46 4.76669e-05 0.000693525 0.000695161
2.47 9.75102e-05 0.000686406 0.000693297
2.48 0.000147734 0.000675551 0.000691516
2.49 0.00019897 0.000661174 0.000690464
2.5 0.000251098 0.000643778 0.000691014
2.51 0.000302235 0.000622624 0.000692103
2.52 0.000353606 0.00059863 0.000695267
2.53 0.000405019 0.000571764 0.000700681
2.54 0.000455508 0.000541451 0.000707571
2.55 0.000504569 0.000508647 0.000716458
2.56 0.000551857 0.000472189 0.000726298
2.57 0.000598032 0.000432748 0.000738182
2.58 0.000642589 0.000390844 0.000752116
2.59 0.000683703 0.000346605 0.000766541
2.6 0.000723113 0.000300184 0.000782945
2.61 0.000759788 0.000251481 0.000800325
2.62 0.000793026 0.000200399 0.000817955
2.63 0.000822869 0.000148008 0.000836074
2.64 0.000848937 9.32788e-05 0.000854047
2.65 0.000871819 3.73005e-05 0.000872616
2.66 0.000890511 -1.93885e-05 0.000890722
2.67 0.000903929 -7.66642e-05 0.000907175
2.68 0.000913877 -0.000135168 0.00092382
2.69 0.000918986 -0.000194549 0.000939353
2.7 0.000919116 -0.000254285 0.000953643
2.71 0.000914706 -0.000313687 0.000966998
2.72 0.000904854 -0.000373515 0.000978914
2.73 0.000890464 -0.000432787 0.000990066
2.74 0.000870596 -0.000490847 0.000999434
2.75 0.000845196 -0.000548027 0.00100732
2.76 0.000815787 -0.000604964 0.00101562
2.77 0.000780926 -0.000660362 0.0010227
2.78 0.000741207 -0.000713523 0.00102884
2.79 0.00069683 -0.000764452 0.00103439
2.8 0.000647007 -0.000813513 0.00103943
2.81 0.000593205 -0.000860013 0.00104476
2.82 0.000534864 -0.000903245 0.00104973
2.83 0.000472215 -0.000943821 0.00105536
2.84 0.000406219 -0.00098203 0.00106273
2.85 0.000335921 -0.00101608 0.00107017
2.86 0.000262285 -0.00104627 0.00107864
2.87 0.000185383 -0.0010729 0.00108879
2.88 0.000104922 -0.00109594 0.00110095
2.89 2.30553e-05 -0.00111474 0.00111498
2.9 -6.10744e-05 -0.0011287 0.00113035
2.91 -0.000147174 -0.00113835 0.00114783
2.92 -0.000234644 -0.00114381 0.00116763
2.93 -0.000323394 -0.00114322 0.00118808
2.94 -0.000412519 -0.00113791 0.00121037
2.95 -0.000501991 -0.00112748 0.00123418
2.96 -0.000591479 -0.00111174 0.00125929
2.97 -0.000679006 -0.0010904 0.00128453
2.98 -0.000765942 -0.00106313 0.00131031
2.99 -0.000851762 -0.00103074 0.00133713
3 -0.000935654 -0.000993203 0.00136451
3.01 -0.00101662 -0.000949275 0.00139092
3.02 -0.00109444 -0.000900502 0.00141729
3.03 -0.00116896 -0.000845999 0.00144298
3.04 -0.00123965 -0.000785891 0.00146778
3.05 -0.00130515 -0.000720737 0.00149093
3.06 -0.00136685 -0.000649806 0.00151345
3.07 -0.00142383 -0.000574288 0.00153528
3.08 -0.00147496 -0.000493848 0.00155544
3.09 -0.00151963 -0.000407916 0.00157343
3.1 -0.00155846 -0.000317848 0.00159054
3.11 -0.00159115 -0.000222785 0.00160668
3.12 -0.00161703 -0.000124006 0.00162178
3.13 -0.00163556 -2.21829e-05 0.00163571
3.14 -0.0016475 8.37065e-05 0.00164963
3.15 -0.00165212 0.00019203 0.00166324
3.16 -0.00164841 0.00030289 0.00167601
3.17 -0.00163661 0.000416212 0.0016887
3.18 -0.00161758 0.000530731 0.00170242
3.19 -0.00159042 0.000646652 0.00171685
3.2 -0.00155496 0.000762214 0.00173173
3.21 -0.00151117 0.000877332 0.00174738
3.22 -0.00145953 0.000993114 0.00176536
3.23 -0.00139994 0.00110714 0.00178482
3.24 -0.00133196 0.00121934 0.0018058
3.25 -0.00125615 0.00132925 0.00182888
3.26 -0.00117336 0.0014359 0.00185434
3.27 -0.00108251 0.00153888 0.00188148
3.28 -0.000984633 0.00163686 0.00191018
3.29 -0.000879618 0.00173014 0.0019409
3.3 -0.000768051 0.00181904 0.00197454
3.31 -0.000650439 0.00190058 0.0020088
3.32 -0.000526464 0.00197512 0.00204408
3.33 -0.000396678 0.00204217 0.00208034
3.34 -0.000261971 0.00210134 0.00211761
3.35 -0.000121907 0.0021517 0.00215515
3.36 2.17278e-05 0.00219276 0.00219287
3.37 0.000169461 0.00222461 0.00223105
3.38 0.00032053 0.00224698 0.00226973
3.39 0.000473606 0.00225758 0.00230672
3.4 0.000629314 0.00225749 0.00234356
3.41 0.000786432 0.00224651 0.00238019
3.42 0.000943865 0.00222436 0.00241633
3.43 0.00110116 0.00219015 0.00245139
3.44 0.0012569 0.00214409 0.00248534
3.45 0.00141203 0.00208616 0.00251911
3.46 0.00156514 0.00201625 0.00255243
3.47 0.00171449 0.00193354 0.00258419
3.48 0.00186107 0.00183907 0.00261645
3.49 0.00200301 0.00173302 0.00264866
3.5 0.00213936 0.0016152 0.00268062
3.51 0.0022697 0.00148555 0.00271264
3.52 0.00239323 0.00134493 0.00274524
3.53 0.00251053 0.00119341 0.00277975
3.54 0.0026192 0.00103186 0.00281513
3.55 0.0027179 0.000860382 0.00285083
3.56 0.00280776 0.000679537 0.00288882
3.57 0.00288667 0.000490235 0.002928
3.58 0.00295422 0.000292977 0.00296871
3.59 0.00301007 8.84658e-05 0.00301137
3.6 0.0030538 -0.000122056 0.00305623
3.61 0.00308515 -0.00033849 0.00310367
3.62 0.00310226 -0.000558854 0.00315219
3.63 0.0031047 -0.000782994 0.00320191
3.64 0.00309394 -0.00101032 0.00325473
3.65 0.00306792 -0.00123869 0.00330855
3.66 0.003027 -0.00146711 0.0033638
3.67 0.00297066 -0.00169475 0.00342009
3.68 0.00289895 -0.00192046 0.00347736
3.69 0.00281142 -0.00214384 0.00353555
3.7 0.00270764 -0.00236221 0.00359324
3.71 0.00258772 -0.0025757 0.0036511
3.72 0.0024529 -0.00278334 0.00370995
3.73 0.00230186 -0.00298226 0.00376729
3.74 0.00213561 -0.0031723 0.00382418
3.75 0.00195398 -0.00335268 0.00388053
3.76 0.00175783 -0.00352247 0.00393672
3.77 0.0015475 -0.00368041 0.00399251
3.78 0.00132384 -0.00382408 0.00404675
3.79 0.00108699 -0.00395386 0.00410056
3.8 0.000838297 -0.00406873 0.00415419
3.81 0.00057818 -0.00416607 0.004206
3.82 0.000307818 -0.0042469 0.00425804
3.83 2.78612e-05 -0.00431002 0.00431011
3.84 -0.000260298 -0.00435458 0.00436236
3.85 -0.000555481 -0.0043795 0.00441458
3.86 -0.000856406 -0.0043834 0.00446628
3.87 -0.00116291 -0.00436743 0.00451961
3.88 -0.00147258 -0.00433069 0.00457421
3.89 -0.00178361 -0.00427185 0.00462925
3.9 -0.00209527 -0.00419225 0.00468669
3.91 -0.00240607 -0.0040906 0.00474575
3.92 -0.00271438 -0.00396705 0.0048068
3.93 -0.00301842 -0.00382143 0.00486973
3.94 -0.00331661 -0.00365367 0.00493449
3.95 -0.00360842 -0.00346483 0.00500257
3.96 -0.00389045 -0.00325491 0.00507248
3.97 -0.00416109 -0.00302355 0.00514359
3.98 -0.00442037 -0.00277233 0.0052178
3.99 -0.00466601 -0.00250071 0.00529388
4 -0.00489643 -0.00221053 0.00537228
4.01 -0.0051097 -0.00190226 0.00545231
4.02 -0.0053043 -0.00157666 0.00553367
4.03 -0.00547977 -0.00123488 0.00561719
4.04 -0.00563301 -0.000878655 0.00570112
4.05 -0.00576344 -0.000508448 0.00578582
4.06 -0.00587127 -0.000126199 0.00587263
4.07 -0.00595361 0.00026725 0.0059596
4.08 -0.00600992 0.000669222 0.00604706
4.09 -0.00603856 0.00107909 0.00613422
4.1 -0.00603912 0.00149552 0.00622154
4.11 -0.00601153 0.00191659 0.00630966
4.12 -0.00595412 0.00233922 0.00639715
4.13 -0.00586695 0.00276275 0.0064849
4.14 -0.00575031 0.00318525 0.00657358
4.15 -0.00560228 0.00360444 0.00666164
4.16 -0.00542418 0.00401803 0.00675028
4.17 -0.00521513 0.00442459 0.00683919
4.18 -0.00497577 0.00482212 0.00692901
4.19 -0.00470702 0.00520795 0.00701988
4.2 -0.00440847 0.00557893 0.00711049
4.21 -0.00408087 0.00593482 0.00720247
4.22 -0.00372529 0.0062735 0.0072962
4.23 -0.00334219 0.00659204 0.00739089
4.24 -0.00293397 0.00688903 0.00748779
4.25 -0.0025004 0.00716224 0.00758615
4.26 -0.00204343 0.00741005 0.00768664
4.27 -0.0015653 0.00763043 0.00778933
4.28 -0.00106713 0.00782109 0.00789356
4.29 -0.000550446 0.00798213 0.00800109
4.3 -1.78547e-05 0.00811118 0.0081112
4.31 0.000528581 0.00820594 0.00822295
4.32 0.00108643 0.00826608 0.00833717
4.33 0.00165492 0.00828923 0.00845282
4.34 0.00223062 0.00827549 0.00857084
4.35 0.00281043 0.00822378 0.00869075
4.36 0.00339217 0.00813271 0.0088118
4.37 0.00397416 0.00800255 0.00893503
4.38 0.00455253 0.00783222 0.0090592
4.39 0.0051249 0.00762115 0.00918404
4.4 0.0056887 0.00737039 0.00931042
4.41 0.00624151 0.00707829 0.00943709
4.42 0.00677946 0.00674712 0.00956476
4.43 0.00729947 0.00637655 0.0096924
4.44 0.0077992 0.00596644 0.00981967
4.45 0.00827698 0.00551819 0.00994781
4.46 0.0087287 0.00503313 0.0100758
4.47 0.00915217 0.00451229 0.0102041
4.48 0.00954492 0.00395742 0.0103328
4.49 0.00990378 0.00336861 0.010461
4.5 0.0102269 0.00274992 0.0105901
4.51 0.0105115 0.00210225 0.0107197
4.52 0.0107558 0.00142736 0.0108501
4.53 0.0109584 0.000728352 0.0109826
4.54 0.0111161 8.33643e-06 0.0111161
4.55 0.0112276 -0.000730709 0.0112514
4.56 0.0112911 -0.00148614 0.0113885
4.57 0.0113047 -0.00225525 0.0115275
4.58 0.0112687 -0.00303321 0.0116698
4.59 0.0111806 -0.0038176 0.0118144
4.6 0.0110396 -0.00460539 0.0119617
4.61 0.0108458 -0.00539269 0.0121125
4.62 0.010598 -0.00617562 0.0122661
4.63 0.0102965 -0.00695136 0.0124233
4.64 0.00994087 -0.00771582 0.0125839
4.65 0.00953141 -0.00846491 0.0127476
4.66 0.00907027 -0.00919439 0.0129154
4.67 0.00855578 -0.00990073 0.0130853
4.68 0.00798978 -0.0105807 0.0132585
4.69 0.00737441 -0.0112304 0.0134352
4.7 0.00671076 -0.0118456 0.0136144
4.71 0.00600023 -0.012423 0.0137962
4.72 0.0052447 -0.0129585 0.0139796
4.73 0.00444636 -0.0134489 0.0141649
4.74 0.00360906 -0.0138915 0.0143527
4.75 0.00273329 -0.0142821 0.0145413
4.76 0.00182359 -0.0146188 0.0147321
4.77 0.000883311 -0.0148985 0.0149247
4.78 -8.462e-05 -0.0151178 0.0151181
4.79 -0.0010772 -0.0152747 0.0153126
4.8 -0.00209008 -0.0153665 0.015508
4.81 -0.00311932 -0.0153921 0.015705
4.82 -0.00415971 -0.0153501 0.0159037
4.83 -0.00520826 -0.0152367 0.0161023
4.84 -0.00625979 -0.015053 0.0163027
4.85 -0.00731014 -0.0147976 0.0165047
4.86 -0.00835468 -0.0144693 0.0167081
4.87 -0.00938866 -0.0140683 0.0169134
4.88 -0.0104067 -0.0135946 0.0171206
4.89 -0.0114044 -0.0130491 0.0173303
4.9 -0.0123761 -0.0124325 0.0175424
4.91 -0.0133173 -0.0117441 0.017756
4.92 -0.0142238 -0.0109881 0.0179737
4.93 -0.0150903 -0.0101651 0.0181947
4.94 -0.0159113 -0.00927685 0.0184181
4.95 -0.0166823 -0.0083259 0.0186445
4.96 -0.0173987 -0.00731478 0.0188738
4.97 -0.0180568 -0.00624699 0.0191069
4.98 -0.0186513 -0.0051261 0.0193429
4.99 -0.0191779 -0.00395495 0.0195815
5 -0.0196342 -0.00273911 0.0198244
5.01 -0.0200151 -0.0014817 0.0200699
5.02 -0.0203168 -0.000187454 0.0203176
5.03 -0.0205368 0.00113868 0.0205683
5.04 -0.0206722 0.00249163 0.0208218
5.05 -0.0207206 0.0038656 0.0210781
5.06 -0.0206785 0.00525445 0.0213357
5.07 -0.020544 0.00665363 0.0215946
5.08 -0.0203173 0.00805696 0.0218566
5.09 -0.0199953 0.00945852 0.0221196
5.1 -0.019578 0.0108515 0.0223842
5.11 -0.0190649 0.0122301 0.0226505
5.12 -0.0184558 0.0135879 0.0229183
5.13 -0.0177513 0.0149184 0.0231876
5.14 -0.0169521 0.0162145 0.0234581
5.15 -0.0160593 0.0174711 0.0237306
5.16 -0.0150764 0.0186819 0.0240065
5.17 -0.0140035 0.0198391 0.0242835
5.18 -0.0128446 0.0209369 0.0245629
5.19 -0.0116016 0.0219697 0.0248448
5.2 -0.0102784 0.0229315 0.0251296
5.21 -0.00887983 0.0238162 0.0254178
5.22 -0.00741004 0.0246177 0.0257087
5.23 -0.00587298 0.0253315 0.0260034
5.24 -0.00427488 0.0259528 0.0263025
5.25 -0.0026204 0.0264752 0.0266045
5.26 -0.000916285 0.0268958 0.0269114
5.27 0.000831956 0.0272101 0.0272228
5.28 0.00261699 0.0274141 0.0275387
5.29 0.00443095 0.0275046 0.0278592
5.3 0.00626733 0.0274778 0.0281835
5.31 0.00811963 0.0273322 0.0285127
5.32 0.00997899 0.0270661 0.0288471
5.33 0.0118371 0.0266768 0.0291851
5.34 0.0136863 0.0261644 0.0295278
5.35 0.0155188 0.0255268 0.0298739
5.36 0.0173257 0.0247648 0.0302237
5.37 0.0190985 0.0238795 0.0305775
5.38 0.020829 0.0228711 0.0309343
5.39 0.0225094 0.0217417 0.031295
5.4 0.0241305 0.0204942 0.031659
5.41 0.0256834 0.0191303 0.032025
5.42 0.0271614 0.0176537 0.0323944
5.43 0.0285557 0.0160672 0.0327655
5.44 0.0298587 0.0143771 0.0331397
5.45 0.0310623 0.0125882 0.0335161
5.46 0.032159 0.0107049 0.0338939
5.47 0.0331425 0.00873329 0.0342739
5.48 0.0340063 0.006681 0.0346564
5.49 0.0347434 0.00455414 0.0350406
5.5 0.0353493 0.00236059 0.035428
5.51 0.0358165 0.000108058 0.0358167
5.52 0.0361422 -0.00219401 0.0362087
5.53 0.0363209 -0.00453724 0.0366032
5.54 0.0363483 -0.00691314 0.0369999
5.55 0.0362226 -0.00931187 0.0374003
5.56 0.0359411 -0.0117227 0.0378045
5.57 0.0355004 -0.0141362 0.0382114
5.58 0.0348999 -0.0165424 0.0386219
5.59 0.0341376 -0.0189304 0.039035
5.6 0.0332158 -0.0212903 0.0394533
5.61 0.0321337 -0.0236104 0.0398751
5.62 0.0308922 -0.0258803 0.0403003
5.63 0.0294945 -0.0280895 0.0407302
5.64 0.0279432 -0.030227 0.0411642
5.65 0.0262407 -0.0322823 0.0416019
5.66 0.0243918 -0.0342452 0.042044
5.67 0.0224014 -0.0361046 0.0424896
5.68 0.0202758 -0.0378516 0.0429401
5.69 0.0180204 -0.0394745 0.0433933
5.7 0.0156417 -0.0409646 0.0438493
5.71 0.0131481 -0.0423142 0.0443099
5.72 0.0105478 -0.043514 0.0447741
5.73 0.00784947 -0.0445551 0.0452413
5.74 0.00506263 -0.0454304 0.0457117
5.75 0.00219699 -0.0461323 0.0461846
5.76 -0.000736897 -0.046656 0.0466618
5.77 -0.00372736 -0.0469934 0.047141
5.78 -0.00676343 -0.047141 0.0476237
5.79 -0.0098331 -0.0470948 0.0481104
5.8 -0.0129238 -0.0468501 0.0486
5.81 -0.0160231 -0.0464037 0.0490922
5.82 -0.0191185 -0.0457543 0.0495881
5.83 -0.022197 -0.0449002 0.0500873
5.84 -0.0252454 -0.0438423 0.0505913
5.85 -0.0282484 -0.0425794 0.0510977
5.86 -0.0311947 -0.0411136 0.0516085
5.87 -0.0340708 -0.0394472 0.0521239
5.88 -0.0368626 -0.0375834 0.0526437
5.89 -0.0395568 -0.0355265 0.0531683
5.9 -0.0421407 -0.0332814 0.0536981
5.91 -0.0446007 -0.0308534 0.0542324
5.92 -0.0469249 -0.02825 0.0547723
5.93 -0.049099 -0.0254787 0.0553161
5.94 -0.0511138 -0.0225473 0.0558659
5.95 -0.0529568 -0.0194657 0.056421
5.96 -0.0546163 -0.0162445 0.0569809
5.97 -0.0560824 -0.0128941 0.0575455
5.98 -0.0573452 -0.00942523 0.0581146
5.99 -0.0583957 -0.00585044 0.0586881
6 -0.0592266 -0.00218346 0.0592669
6.01 -0.0598287 0.00156134 0.059849
6.02 -0.0601963 0.00537175 0.0604355
6.03 -0.0603231 0.00923195 0.0610255
6.04 -0.0602043 0.0131267 0.0616187
6.05 -0.0598361 0.0170412 0.0622155
6.06 -0.0592149 0.0209593 0.0628147
6.07 -0.0583387 0.0248647 0.0634165
6.08 -0.0572073 0.0287407 0.0640211
6.09 -0.0558194 0.0325702 0.0646268
6.1 -0.0541764 0.0363388 0.0652349
6.11 -0.0522814 0.0400281 0.0658452
6.12 -0.0501378 0.043622 0.0664581
6.13 -0.0477496 0.047104 0.0670732
6.14 -0.0451215 0.0504571 0.0676895
6.15 -0.0422607 0.0536659 0.0683081
6.16 -0.0391757 0.0567152 0.0689301
6.17 -0.0358749 0.059588 0.0695539
6.18 -0.0323673 0.062271 0.0701806
6.19 -0.0286653 0.0647486 0.0708102
6.2 -0.0247797 0.0670082 0.0714432
6.21 -0.0207231 0.0690362 0.0720794
6.22 -0.0165094 0.0708199 0.0727188
6.23 -0.0121535 0.0723491 0.0733628
6.24 -0.00767107 0.0736128 0.0740114
6.25 -0.00307885 0.0745997 0.0746632
6.26 0.001608 0.0753024 0.0753196
6.27 0.00637002 0.0757135 0.075981
6.28 0.0111904 0.0758265 0.0766478
6.29 0.016049 0.0756352 0.0773192
6.3 0.0209268 0.0751347 0.0779946
6.31 0.0258053 0.0743227 0.0786752
6.32 0.030664 0.073197 0.0793605
6.33 0.0354817 0.0717568 0.0800499
6.34 0.0402398 0.0700027 0.0807442
6.35 0.0449166 0.0679377 0.0814434
6.36 0.0494926 0.0655637 0.0821469
6.37 0.0539465 0.0628858 0.0828544
6.38 0.0582588 0.0599094 0.0835657
6.39 0.0624109 0.056642 0.0842819
6.4 0.0663817 0.0530928 0.0850022
6.41 0.0701516 0.0492714 0.0857258
6.42 0.0737034 0.0451878 0.086453
6.43 0.077019 0.0408553 0.0871842
6.44 0.0800815 0.0362865 0.087919
6.45 0.0828741 0.0314976 0.0886578
6.46 0.085381 0.0265032 0.0893998
6.47 0.0875883 0.0213197 0.0901456
6.48 0.0894817 0.0159665 0.090895
6.49 0.091049 0.0104621 0.0916481
6.5 0.0922792 0.00482517 0.0924052
6.51 0.0931623 -0.000921988 0.0931668
6.52 0.0936888 -0.00675885 0.0939323
6.53 0.0938518 -0.0126621 0.0947021
6.54 0.0936436 -0.0186106 0.095475
6.55 0.0930606 -0.0245811 0.0962523
6.56 0.0920997 -0.0305484 0.0970338
6.57 0.0907588 -0.0364889 0.0978192
6.58 0.0890363 -0.0423788 0.0986075
6.59 0.0869347 -0.0481932 0.0993993
6.6 0.084456 -0.0539086 0.100195
6.61 0.081606 -0.0594999 0.100994
6.62 0.0783883 -0.0649425 0.101795
6.63 0.0748117 -0.070213 0.102599
6.64 0.0708855 -0.0752869 0.103406
6.65 0.0666194 -0.0801415 0.104215
6.66 0.062025 -0.0847537 0.105025
6.67 0.0571173 -0.0891022 0.105838
6.68 0.0519102 -0.0931657 0.106651
6.69 0.0464212 -0.0969235 0.107467
6.7 0.040666 -0.100355 0.108281
6.71 0.0346643 -0.103444 0.109097
6.72 0.0284373 -0.106172 0.109915
6.73 0.0220058 -0.108524 0.110733
6.74 0.0153931 -0.110484 0.111551
6.75 0.00862235 -0.11204 0.112371
6.76 0.00171728 -0.113178 0.113191
6.77 -0.00529524 -0.113891 0.114014
6.78 -0.0123895 -0.114167 0.114837
6.79 -0.019539 -0.114 0.115662
6.8 -0.0267155 -0.113385 0.11649
6.81 -0.0338912 -0.112317 0.117319
6.82 -0.0410375 -0.110795 0.118151
6.83 -0.048127 -0.108818 0.118986
6.84 -0.0551304 -0.106389 0.119825
6.85 -0.062018 -0.103511 0.120668
6.86 -0.068761 -0.100189 0.121515
6.87 -0.0753328 -0.0964287 0.122366
6.88 -0.0817037 -0.0922409 0.123223
6.89 -0.087846 -0.0876361 0.124085
6.9 -0.0937322 -0.0826275 0.124952
6.91 -0.0993362 -0.0772278 0.125825
6.92 -0.104632 -0.0714534 0.126702
6.93 -0.109595 -0.0653234 0.127586
6.94 -0.114201 -0.0588557 0.128475
6.95 -0.118428 -0.0520712 0.12937
6.96 -0.122253 -0.0449935 0.13027
6.97 -0.125657 -0.0376459 0.131175
6.98 -0.128621 -0.0300539 0.132085
6.99 -0.131127 -0.022243 0.133
7 -0.13316 -0.0142421 0.133919
7.01 -0.134707 -0.0060802 0.134844
7.02 -0.135753 0.00221299 0.135771
7.03 -0.13629 0.0106081 0.136702
7.04 -0.136308 0.0190723 0.137636
7.05 -0.135801 0.0275744 0.138573
7.06 -0.134766 0.0360807 0.139512
7.07 -0.133197 0.0445585 0.140453
7.08 -0.131096 0.0529749 0.141395
7.09 -0.128465 0.061297 0.14234
7.1 -0.125307 0.06949 0.143285
7.11 -0.121627 0.0775218 0.144232
7.12 -0.117434 0.0853582 0.145179
7.13 -0.112739 0.0929671 0.146126
7.14 -0.107552 0.100315 0.147074
7.15 -0.101889 0.107372 0.14802
7.16 -0.0957658 0.114106 0.148968
7.17 -0.0892009 0.120489 0.149915
7.18 -0.0822147 0.126489 0.15086
7.19 -0.0748282 0.132081 0.151805
7.2 -0.0670659 0.137237 0.152748
7.21 -0.0589528 0.141933 0.153689
7.22 -0.0505182 0.146145 0.15463
7.23 -0.0417898 0.149851 0.155569
7.24 -0.0327974 0.153031 0.156506
7.25 -0.0235731 0.155667 0.157442
7.26 -0.0141507 0.157742 0.158375
7.27 -0.00456258 0.159242 0.159307
7.28 0.00515478 0.160154 0.160237
7.29 0.0149663 0.160468 0.161165
7.3 0.024834 0.160177 0.162091
7.31 0.0347218 0.159273 0.163014
7.32 0.0445927 0.157755 0.163936
7.33 0.0544075 0.155621 0.164858
7.34 0.0641275 0.152873 0.165779
7.35 0.0737157 0.149514 0.166699
7.36 0.083133 0.14555 0.167618
7.37 0.0923426 0.140989 0.168538
7.38 0.101307 0.135845 0.16946
7.39 0.109987 0.130128 0.170383
7.4 0.118349 0.123855 0.171308
7.41 0.126357 0.117044 0.172236
7.42 0.133977 0.109716 0.173168
7.43 0.141175 0.101892 0.174104
7.44 0.14792 0.093597 0.175045
7.45 0.154182 0.084858 0.175992
7.46 0.159932 0.0757042 0.176945
7.47 0.165142 0.0661657 0.177904
7.48 0.169787 0.0562743 0.17887
7.49 0.173845 0.0460651 0.179845
7.5 0.177295 0.0355732 0.180828
7.51 0.180114 0.0248362 0.181819
7.52 0.182288 0.0138921 0.182817
7.53 0.183802 0.00277879 0.183823
7.54 0.184644 -0.00846152 0.184838
7.55 0.184804 -0.0197867 0.18586
7.56 0.184273 -0.0311562 0.186889
7.57 0.183049 -0.0425268 0.187924
7.58 0.181128 -0.0538564 0.188965
7.59 0.178512 -0.0651005 0.190012
7.6 0.175204 -0.0762163 0.191064
7.61 0.171208 -0.0871607 0.192117
7.62 0.166534 -0.0978905 0.193174
7.63 0.161194 -0.108362 0.194232
7.64 0.1552 -0.118536 0.195289
7.65 0.148571 -0.128369 0.196346
7.66 0.141323 -0.137822 0.197401
7.67 0.133481 -0.146855 0.198453
7.68 0.125066 -0.155431 0.1995
7.69 0.116104 -0.163512 0.20054
7.7 0.106627 -0.171066 0.201576
7.71 0.0966643 -0.178058 0.202604
7.72 0.086249 -0.184456 0.203624
7.73 0.0754168 -0.190231 0.204635
7.74 0.0642032 -0.195357 0.205637
7.75 0.0526485 -0.199809 0.206629
7.76 0.0407923 -0.203564 0.207611
7.77 0.0286769 -0.2066 0.208581
7.78 0.0163447 -0.208902 0.20954
7.79 0.00384073 -0.210453 0.210488
7.8 -0.00879037 -0.211241 0.211424
7.81 -0.0215015 -0.211258 0.21235
7.82 -0.034247 -0.210496 0.213264
7.83 -0.0469788 -0.208953 0.214169
7.84 -0.0596487 -0.206626 0.215063
7.85 -0.0722094 -0.203517 0.215947
7.86 -0.0846145 -0.199632 0.216824
7.87 -0.0968143 -0.194979 0.217692
7.88 -0.108762 -0.189569 0.218554
7.89 -0.120411 -0.183416 0.219409
7.9 -0.131717 -0.176535 0.220259
7.91 -0.142635 -0.168947 0.221106
7.92 -0.15312 -0.160675 0.22195
7.93 -0.16313 -0.151743 0.222794
7.94 -0.172624 -0.142177 0.223637
7.95 -0.181564 -0.132011 0.224482
7.96 -0.189912 -0.121276 0.225332
7.97 -0.197633 -0.110007 0.226186
7.98 -0.204692 -0.098242 0.227047
7.99 -0.21106 -0.0860205 0.227916
8 -0.216707 -0.0733844 0.228795
8.01 -0.221607 -0.060376 0.229684
8.02 -0.225736 -0.0470405 0.230585
8.03 -0.229074 -0.0334257 0.2315
8.04 -0.231604 -0.0195786 0.23243
8.05 -0.233309 -0.00554945 0.233375
8.06 -0.234177 0.00861224 0.234335
8.07 -0.2342 0.0228566 0.235313
8.08 -0.233372 0.03713 0.236307
8.09 -0.23169 0.0513808 0.237319
8.1 -0.229153 0.0655559 0.238346
8.11 -0.225766 0.0796038 0.239389
8.12 -0.221535 0.0934724 0.240447
8.13 -0.216471 0.107108 0.24152
8.14 -0.210585 0.12046 0.242604
8.15 -0.203894 0.133478 0.243699
8.16 -0.196417 0.14611 0.244802
8.17 -0.188177 0.15831 0.245912
8.18 -0.179199 0.170029 0.247027
8.19 -0.169511 0.181221 0.248143
8.2 -0.159143 0.191842 0.249258
8.21 -0.14813 0.201848 0.25037
8.22 -0.136508 0.2112 0.251475
8.23 -0.124313 0.219859 0.252571
8.24 -0.11159 0.22779 0.253654
8.25 -0.0983803 0.234958 0.254723
8.26 -0.0847294 0.241332 0.255774
8.27 -0.070683 0.246884 0.256803
8.28 -0.0562904 0.251589 0.257809
8.29 -0.0416028 0.255426 0.258792
8.3 -0.0266722 0.258374 0.259747
8.31 -0.0115504 0.260416 0.260672
8.32 0.00370789 0.261541 0.261567
8.33 0.0190498 0.261738 0.262431
8.34 0.034418 0.261003 0.263263
8.35 0.0497572 0.25933 0.26406
8.36 0.0650116 0.256721 0.264825
8.37 0.0801264 0.25318 0.265557
8.38 0.0950445 0.248714 0.266256
8.39 0.109712 0.243334 0.266923
8.4 0.124073 0.237054 0.267561
8.41 0.138076 0.229891 0.26817
8.42 0.151667 0.221868 0.268753
8.43 0.164794 0.213006 0.269311
8.44 0.177409 0.203333 0.269849
8.45 0.189463 0.192881 0.270368
8.46 0.200908 0.181682 0.270873
8.47 0.211701 0.169773 0.271367
8.48 0.221799 0.157192 0.271853
8.49 0.231162 0.143979 0.272334
8.5 0.239755 0.130181 0.272818
8.51 0.247541 0.115842 0.273306
8.52 0.254488 0.101012 0.273802
8.53 0.260567 0.0857393 0.274311
8.54 0.265753 0.0700776 0.274837
8.55 0.270024 0.0540803 0.275386
8.56 0.273359 0.0378034 0.27596
8.57 0.27574 0.0213032 0.276562
8.58 0.277159 0.00463617 0.277197
8.59 0.277602 -0.0121379 0.277867
8.6 0.277065 -0.0289609 0.278575
8.61 0.275546 -0.0457726 0.279322
8.62 0.273046 -0.0625137 0.280111
8.63 0.26957 -0.0791248 0.280942
8.64 0.265125 -0.0955456 0.281816
8.65 0.259724 -0.111718 0.282732
8.66 0.253383 -0.127584 0.283692
8.67 0.246121 -0.143085 0.284691
8.68 0.23796 -0.158165 0.285729
8.69 0.228925 -0.172769 0.286803
8.7 0.219045 -0.186844 0.287908
8.71 0.208352 -0.200337 0.289042
8.72 0.196883 -0.213198 0.290201
8.73 0.184674 -0.225379 0.291377
8.74 0.171766 -0.236835 0.292565
8.75 0.158203 -0.247523 0.293761
8.76 0.14403 -0.257402 0.294958
8.77 0.129297 -0.266434 0.29615
8.78 0.114053 -0.274582 0.297327
8.79 0.0983515 -0.281816 0.298485
8.8 0.0822459 -0.288108 0.299618
8.81 0.0657928 -0.293431 0.300716
8.82 0.0490485 -0.297762 0.301775
8.83 0.0320731 -0.301083 0.302787
8.84 0.0149236 -0.303379 0.303745
8.85 -0.00233782 -0.304637 0.304646
8.86 -0.019651 -0.304849 0.305482
8.87 -0.0369552 -0.304012 0.30625
8.88 -0.054189 -0.302125 0.306946
8.89 -0.0712904 -0.29919 0.307566
8.9 -0.0881993 -0.295214 0.308108
8.91 -0.104856 -0.290208 0.30857
8.92 -0.121201 -0.284184 0.308951
8.93 -0.137175 -0.277164 0.309252
8.94 -0.152719 -0.269165 0.309473
8.95 -0.16778 -0.260213 0.309615
8.96 -0.182303 -0.250336 0.309682
8.97 -0.196235 -0.239567 0.309678
8.98 -0.209525 -0.22794 0.309608
8.99 -0.222125 -0.215491 0.309477
9 -0.233988 -0.202261 0.30929
9.01 -0.245074 -0.188295 0.309057
9.02 -0.255339 -0.173639 0.308785
9.03 -0.264745 -0.158341 0.308483
9.04 -0.273259 -0.142452 0.30816
9.05 -0.280847 -0.126026 0.307827
9.06 -0.287482 -0.109117 0.307494
9.07 -0.293139 -0.0917825 0.307172
9.08 -0.297794 -0.0740819 0.30687
9.09 -0.30143 -0.056073 0.306602
9.1 -0.304033 -0.0378187 0.306376
9.11 -0.30559 -0.0193799 0.306204
9.12 -0.306096 -0.000819818 0.306097
9.13 -0.305545 0.0177988 0.306063
9.14 -0.303939 0.0364121 0.306113
9.15 -0.301282 0.054956 0.306253
9.16 -0.29758 0.0733668 0.306491
9.17 -0.292845 0.0915841 0.306832
9.18 -0.287093 0.109542 0.307281
9.19 -0.280341 0.127181 0.307841
9.2 -0.272613 0.144439 0.308513
9.21 -0.263932 0.161257 0.309295
9.22 -0.254328 0.177578 0.310188
9.23 -0.243836 0.193345 0.311189
9.24 -0.232489 0.208504 0.31229
9.25 -0.220326 0.223002 0.313486
9.26 -0.207388 0.236788 0.314768
9.27 -0.19372 0.249817 0.316127
9.28 -0.17937 0.262043 0.317553
9.29 -0.164386 0.27342 0.319032
9.3 -0.14882 0.283911 0.320551
9.31 -0.132725 0.293479 0.322096
9.32 -0.116158 0.302091 0.323653
9.33 -0.099175 0.309715 0.325207
9.34 -0.0818362 0.316326 0.326741
9.35 -0.0641993 0.321899 0.328238
9.36 -0.046327 0.326414 0.329685
9.37 -0.0282817 0.329855 0.331065
9.38 -0.0101249 0.332209 0.332363
9.39 0.00807975 0.333467 0.333565
9.4 0.026269 0.333623 0.334656
9.41 0.04438 0.332676 0.335623
9.42 0.0623503 0.330628 0.336456
9.43 0.0801169 0.327483 0.337141
9.44 0.0976193 0.323253 0.337672
9.45 0.114795 0.31795 0.338039
9.46 0.131586 0.31159 0.338236
9.47 0.147933 0.304194 0.338258
9.48 0.163782 0.295786 0.338103
9.49 0.179076 0.286393 0.337771
9.5 0.193763 0.276046 0.337262
9.51 0.20779 0.264779 0.336577
9.52 0.221112 0.252626 0.335724
9.53 0.233681 0.23963 0.334708
9.54 0.245455 0.225833 0.333539
9.55 0.256392 0.211281 0.332229
9.56 0.266454 0.196019 0.330789
9.57 0.275609 0.180098 0.329235
9.58 0.283826 0.163571 0.327586
9.59 0.291074 0.146495 0.325861
9.6 0.297331 0.128922 0.324078
9.61 0.302573 0.110911 0.322261
9.62 0.306786 0.0925206 0.320433
9.63 0.309955 0.0738125 0.318623
9.64 0.312069 0.0548485 0.316852
9.65 0.31312 0.0356898 0.315148
9.66 0.313107 0.0163983 0.313537
9.67 0.312032 -0.00296201 0.312046
9.68 0.309896 -0.0223285 0.3107
9.69 0.306711 -0.0416363 0.309524
9.7 0.302485 -0.060824 0.30854
9.71 0.297236 -0.0798297 0.30777
9.72 0.290983 -0.09859 0.307231
9.73 0.283748 -0.117045 0.30694
9.74 0.275557 -0.135135 0.306909
9.75 0.266439 -0.152801 0.307144
9.76 0.256426 -0.169985 0.307651
9.77 0.245555 -0.186634 0.308431
9.78 0.233862 -0.202692 0.309476
9.79 0.22139 -0.218109 0.310781
9.8 0.208184 -0.232835 0.312334
9.81 0.194288 -0.246822 0.314116
9.82 0.179751 -0.260027 0.316108
9.83 0.164624 -0.272408 0.318288
9.84 0.148962 -0.283926 0.32063
9.85 0.132817 -0.294544 0.323105
9.86 0.116248 -0.304227 0.325681
9.87 0.0993095 -0.312947 0.328327
9.88 0.0820621 -0.320677 0.331011
9.89 0.0645655 -0.327393 0.333699
9.9 0.0468816 -0.333073 0.336357
9.91 0.0290699 -0.3377 0.338949
9.92 0.011191 -0.341261 0.341444
9.93 -0.00669383 -0.343746 0.343811
9.94 -0.0245198 -0.345148 0.346018
9.95 -0.042228 -0.345464 0.348035
9.96 -0.0597575 -0.344692 0.349833
9.97 -0.0770495 -0.342836 0.351387
9.98 -0.0940449 -0.339907 0.352677
9.99 -0.110684 -0.335912 0.353678
10 -0.126911 -0.330866 0.354371
10.01 -0.142672 -0.324784 0.354739
10.02 -0.157915 -0.317689 0.354772
10.03 -0.172588 -0.309603 0.354459
10.04 -0.186641 -0.300556 0.353792
10.05 -0.200026 -0.290573 0.352765
10.06 -0.212702 -0.279688 0.351379
10.07 -0.224626 -0.267937 0.349638
10.08 -0.235759 -0.25536 0.347549
10.09 -0.246063 -0.241995 0.345121
10.1 -0.255506 -0.227886 0.342367
10.11 -0.264058 -0.213075 0.339305
10.12 -0.271694 -0.197614 0.335959
10.13 -0.278387 -0.18155 0.332355
10.14 -0.284117 -0.164934 0.328521
10.15 -0.288867 -0.147819 0.324491
10.16 -0.292624 -0.130257 0.320306
10.17 -0.29538 -0.112305 0.316009
10.18 -0.297126 -0.0940188 0.311646
10.19 -0.297857 -0.0754561 0.307266
10.2 -0.297577 -0.0566725 0.302925
10.21 -0.296288 -0.0377279 0.29868
10.22 -0.293998 -0.0186805 0.294591
10.23 -0.290719 0.00040904 0.29072
10.24 -0.286463 0.0194843 0.287125
10.25 -0.281248 0.0384866 0.283869
10.26 -0.275096 0.0573583 0.281012
10.27 -0.268031 0.0760403 0.278608
10.28 -0.260079 0.0944774 0.276708
10.29 -0.251271 0.112612 0.275352
10.3 -0.241639 0.130393 0.274575
10.31 -0.231221 0.147764 0.274404
10.32 -0.220054 0.164675 0.274848
10.33 -0.20818 0.181073 0.27591
10.34 -0.195641 0.196912 0.277578
10.35 -0.182483 0.212145 0.279831
10.36 -0.168754 0.226727 0.282635
10.37 -0.154504 0.240614 0.285948
10.38 -0.139782 0.253767 0.289718
10.39 -0.124641 0.266148 0.293888
10.4 -0.109136 0.277721 0.298395
10.41 -0.093321 0.288454 0.303174
10.42 -0.0772527 0.298316 0.308157
10.43 -0.0609872 0.30728 0.313273
10.44 -0.0445809 0.31532 0.318455
10.45 -0.0280923 0.322415 0.323637
10.46 -0.0115785 0.328546 0.328749
10.47 0.00490324 0.333696 0.333732
10.48 0.0212949 0.337851 0.338522
10.49 0.0375421 0.341003 0.343063
10.5 0.053587 0.343144 0.347303
10.51 0.0693752 0.344269 0.35119
10.52 0.0848532 0.344378 0.354677
10.53 0.0999688 0.343472 0.357724
10.54 0.114669 0.341555 0.360291
10.55 0.128907 0.338637 0.362343
10.56 0.142633 0.334728 0.363851
10.57 0.155802 0.32984 0.364786
10.58 0.16837 0.323992 0.365129
10.59 0.180296 0.3172 0.36486
10.6 0.191541 0.309488 0.363965
10.61 0.202068 0.30088 0.362436
10.62 0.211844 0.291402 0.360268
10.63 0.220839 0.281083 0.357459
10.64 0.229023 0.269956 0.354017
10.65 0.236371 0.258055 0.349948
10.66 0.242863 0.245415 0.345269
10.67 0.248478 0.232074 0.34
10.68 0.253201 0.218073 0.334166
10.69 0.25702 0.203452 0.327799
10.7 0.259925 0.188257 0.320938
10.71 0.261908 0.172529 0.313628
10.72 0.262969 0.156317 0.305922
10.73 0.263107 0.139668 0.29788
10.74 0.262326 0.122629 0.289574
10.75 0.260633 0.105251 0.281082
10.76 0.258038 0.0875826 0.272496
10.77 0.254554 0.0696755 0.263918
10.78 0.250199 0.0515811 0.25546
10.79 0.24499 0.0333511 0.247249
10.8 0.238951 0.0150369 0.239424
10.81 0.232106 -0.00330841 0.23213
10.82 0.224484 -0.0216346 0.225524
10.83 0.216116 -0.039888 0.219766
10.84 0.207034 -0.0580192 0.21501
10.85 0.197274 -0.0759768 0.211399
10.86 0.186875 -0.0937106 0.209055
10.87 0.175875 -0.111171 0.208065
10.88 0.164318 -0.128311 0.20848
10.89 0.152247 -0.145082 0.210304
10.9 0.139706 -0.161438 0.213495
10.91 0.126746 -0.177334 0.217972
10.92 0.113413 -0.192726 0.22362
10.93 0.0997568 -0.207573 0.2303
10.94 0.0858284 -0.221834 0.237859
10.95 0.0716789 -0.235471 0.246139
10.96 0.0573596 -0.248445 0.254981
10.97 0.0429246 -0.260723 0.264233
10.98 0.0284249 -0.272271 0.27375
10.99 0.0139144 -0.283058 0.2834
11 -0.000554664 -0.293055 0.293056
11.01 -0.0149298 -0.302236 0.302605
11.02 -0.0291596 -0.310577 0.311942
11.03 -0.0431926 -0.318054 0.320973
11.04 -0.0569791 -0.324647 0.32961
11.05 -0.0704696 -0.330341 0.337774
11.06 -0.0836165 -0.335119 0.345393
11.07 -0.0963739 -0.338969 0.352403
11.08 -0.108695 -0.34188 0.358743
11.09 -0.12054 -0.343846 0.364363
11.1 -0.131866 -0.344861 0.369212
11.11 -0.142634 -0.344923 0.373251
11.12 -0.152807 -0.344032 0.376441
11.13 -0.162351 -0.34219 0.37875
11.14 -0.171233 -0.339402 0.38015
11.15 -0.179424 -0.335676 0.38062
11.16 -0.186896 -0.331023 0.38014
11.17 -0.193626 -0.325453 0.378696
11.18 -0.199592 -0.318982 0.37628
11.19 -0.204775 -0.311628 0.372888
11.2 -0.209161 -0.303409 0.368518
11.21 -0.212736 -0.294348 0.363177
11.22 -0.215492 -0.284468 0.356873
11.23 -0.217421 -0.273795 0.349622
11.24 -0.21852 -0.262358 0.341442
11.25 -0.218789 -0.250186 0.332358
11.26 -0.218232 -0.237312 0.322401
11.27 -0.216853 -0.22377 0.311606
11.28 -0.214662 -0.209595 0.300016
11.29 -0.21167 -0.194825 0.287682
11.3 -0.207893 -0.179498 0.274662
11.31 -0.203348 -0.163654 0.261023
11.32 -0.198056 -0.147336 0.246848
11.33 -0.19204 -0.130586 0.232233
11.34 -0.185327 -0.113447 0.217294
11.35 -0.177945 -0.0959669 0.202173
11.36 -0.169924 -0.0781898 0.187051
11.37 -0.1613 -0.0601627 0.172154
11.38 -0.152106 -0.0419335 0.15778
11.39 -0.14238 -0.0235507 0.144314
11.4 -0.132162 -0.00506173 0.132259
11.41 -0.121494 0.0134826 0.12224
11.42 -0.110417 0.0320352 0.11497
11.43 -0.0989772 0.0505448 0.111136
11.44 -0.0872193 0.0689637 0.11119
11.45 -0.0751902 0.0872423 0.115173
11.46 -0.0629379 0.105331 0.122702
11.47 -0.050511 0.123183 0.133136
11.48 -0.0379578 0.140749 0.145777
11.49 -0.0253292 0.15798 0.159998
11.5 -0.0126731 0.174832 0.175291
11.51 -4.12649e-05 0.191258 0.191258
11.52 0.0125186 0.207211 0.207589
11.53 0.0249565 0.222651 0.224045
11.54 0.0372235 0.237532 0.240431
11.55 0.0492723 0.251814 0.256589
11.56 0.0610564 0.265457 0.272388
11.57 0.0725281 0.278422 0.287713
11.58 0.0836445 0.290671 0.302467
11.59 0.0943615 0.302171 0.316562
11.6 0.104637 0.312886 0.32992
11.61 0.114432 0.322787 0.342471
11.62 0.123708 0.331842 0.354151
11.63 0.13243 0.340024 0.364903
11.64 0.140563 0.347307 0.374673
11.65 0.148077 0.353669 0.383417
11.66 0.154942 0.359087 0.391089
11.67 0.161134 0.363543 0.397653
11.68 0.166626 0.367022 0.403074
11.69 0.1714 0.369508 0.407325
11.7 0.175436 0.370991 0.41038
11.71 0.179281 0.372649 0.413532
11.72 0.182934 0.374478 0.416772
11.73 0.186392 0.376474 0.420088
11.74 0.189651 0.378632 0.423473
11.75 0.192711 0.380947 0.426917
11.76 0.195569 0.383416 0.430413
11.77 0.198222 0.386033 0.433951
11.78 0.200669 0.388795 0.437527
11.79 0.202906 0.391696 0.441132
11.8 0.204933 0.394732 0.444759
11.81 0.206746 0.397897 0.448404
11.82 0.208344 0.401187 0.45206
11.83 0.209724 0.404596 0.455721
11.84 0.210884 0.40812 0.459384
11.85 0.211821 0.411753 0.463043
11.86 0.212534 0.415489 0.466693
11.87 0.21302 0.419324 0.47033
11.88 0.213277 0.423252 0.473951
11.89 0.213305 0.427266 0.477551
11.9 0.2131 0.431362 0.481128
11.91 0.21266 0.435533 0.484678
11.92 0.211985 0.439772 0.488198
11.93 0.211072 0.444077 0.491686
11.94 0.20992 0.448437 0.495139
11.95 0.208529 0.45285 0.498555
11.96 0.206895 0.457307 0.501931
11.97 0.205018 0.461803 0.505266
11.98 0.202897 0.46633 0.508558
11.99 0.200532 0.470884 0.511805
12 0.19792 0.475456 0.515006
12.01 0.195063 0.480041 0.518159
12.02 0.191958 0.484631 0.521263
12.03 0.188606 0.48922 0.524318
12.04 0.185008 0.493802 0.527322
12.05 0.181162 0.498368 0.530274
12.06 0.177069 0.502913 0.533174
12.07 0.172731 0.507429 0.536023
12.08 0.168146 0.511909 0.538818
12.09 0.163317 0.516347 0.54156
12.1 0.158244 0.520737 0.54425
12.11 0.152928 0.525068 0.546885
12.12 0.147371 0.529337 0.549469
12.13 0.141574 0.533535 0.551999
12.14 0.13554 0.537656 0.554477
12.15 0.12927 0.541691 0.556902
12.16 0.122767 0.545635 0.559276
12.17 0.116033 0.54948 0.561598
12.18 0.109072 0.55322 0.56387
12.19 0.101885 0.556847 0.566091
12.2 0.0944773 0.560355 0.568264
12.21 0.0868507 0.563738 0.570389
12.22 0.0790095 0.566987 0.572465
12.23 0.0709576 0.570097 0.574496
12.24 0.0626992 0.573061 0.576481
12.25 0.0542375 0.575873 0.578421
12.26 0.0455788 0.578525 0.580318
12.27 0.0367266 0.581012 0.582172
12.28 0.0276865 0.583327 0.583983
12.29 0.0184642 0.585464 0.585755
12.3 0.00906411 0.587417 0.587487
12.31 -0.000506501 0.589179 0.589179
12.32 -0.0102431 0.590745 0.590834
12.33 -0.0201389 0.59211 0.592452
12.34 -0.0301875 0.593266 0.594034
12.35 -0.0403822 0.594211 0.595581
12.36 -0.0507172 0.594936 0.597094
12.37 -0.0611832 0.595437 0.598572
12.38 -0.0717752 0.59571 0.600018
12.39 -0.0824844 0.595748 0.601431
12.4 -0.0933033 0.595548 0.602812
12.41 -0.104224 0.595104 0.604161
12.42 -0.115238 0.594411 0.605479
12.43 -0.126337 0.593467 0.606766
12.44 -0.137513 0.592268 0.608022
12.45 -0.148756 0.590807 0.609247
12.46 -0.160057 0.589084 0.610441
12.47 -0.171409 0.587094 0.611604
12.48 -0.182801 0.584833 0.612736
12.49 -0.194224 0.582299 0.613837
12.5 -0.205669 0.57949 0.614905
12.51 -0.217125 0.576402 0.615941
12.52 -0.228583 0.573034 0.616943
12.53 -0.240033 0.569384 0.617911
12.54 -0.251464 0.565449 0.618843
12.55 -0.262868 0.561229 0.61974
12.56 -0.274232 0.556722 0.620599
12.57 -0.285548 0.551928 0.621419
12.58 -0.296804 0.546845 0.622199
12.59 -0.30799 0.541473 0.622938
12.6 -0.319096 0.535814 0.623633
12.61 -0.330111 0.529866 0.624285
12.62 -0.341025 0.523629 0.624889
12.63 -0.351827 0.517107 0.625445
12.64 -0.362507 0.510297 0.625951
12.65 -0.373054 0.503203 0.626404
12.66 -0.383458 0.495826 0.626804
12.67 -0.393708 0.488167 0.627147
12.68 -0.403793 0.480229 0.62743
12.69 -0.413704 0.472015 0.627653
12.7 -0.42343 0.463527 0.627814
12.71 -0.43296 0.454767 0.627908
12.72 -0.442286 0.445741 0.627935
12.73 -0.451397 0.43645 0.627892
12.74 -0.460282 0.4269 0.627777
12.75 -0.468933 0.417094 0.627587
12.76 -0.47734 0.407036 0.627321
12.77 -0.485492 0.396732 0.626976
12.78 -0.493382 0.386186 0.62655
12.79 -0.500999 0.375403 0.626041
12.8 -0.508335 0.36439 0.625447
12.81 -0.515381 0.353151 0.624767
12.82 -0.522128 0.341693 0.623997
12.83 -0.528569 0.330023 0.623137
12.84 -0.534695 0.318147 0.622187
12.85 -0.540498 0.306072 0.621143
12.86 -0.545971 0.293806 0.620005
12.87 -0.551108 0.281356 0.618773
12.88 -0.555898 0.268728 0.617445
12.89 -0.56034 0.255933 0.616021
12.9 -0.564423 0.242976 0.614501
12.91 -0.568143 0.229868 0.612884
12.92 -0.571495 0.216616 0.61117
12.93 -0.574472 0.20323 0.609361
12.94 -0.57707 0.189718 0.607456
12.95 -0.579284 0.176091 0.605457
12.96 -0.58111 0.162356 0.603364
12.97 -0.582544 0.148525 0.601179
12.98 -0.583583 0.134606 0.598906
12.99 -0.584223 0.120609 0.596543
13 -0.584464 0.106546 0.594096
13.01 -0.584302 0.0924257 0.591566
13.02 -0.583734 0.0782585 0.588957
13.03 -0.582761 0.064055 0.586271
13.04 -0.581382 0.0498261 0.583513
13.05 -0.579593 0.0355815 0.580685
13.06 -0.577399 0.0213334 0.577793
13.07 -0.574797 0.00709106 0.574841
13.08 -0.571788 -0.00713279 0.571833
13.09 -0.568375 -0.0213286 0.568775
13.1 -0.564559 -0.0354848 0.565673
13.11 -0.560342 -0.0495902 0.562532
13.12 -0.555726 -0.0636338 0.559357
13.13 -0.550716 -0.0776058 0.556157
13.14 -0.545312 -0.091493 0.552935
13.15 -0.539523 -0.105286 0.5497
13.16 -0.533348 -0.118974 0.546457
13.17 -0.526796 -0.132545 0.543214
13.18 -0.51987 -0.145988 0.539979
13.19 -0.512575 -0.159293 0.536757
13.2 -0.504919 -0.172448 0.533556
13.21 -0.496908 -0.185443 0.530384
13.22 -0.488548 -0.198268 0.527247
13.23 -0.479848 -0.210911 0.524154
13.24 -0.470815 -0.223362 0.521112
13.25 -0.461456 -0.235611 0.518126
13.26 -0.451782 -0.247647 0.515205
13.27 -0.4418 -0.259461 0.512355
13.28 -0.431521 -0.271043 0.509583
13.29 -0.420953 -0.282383 0.506894
13.3 -0.410107 -0.293472 0.504295
13.31 -0.398992 -0.304299 0.50179
13.32 -0.387622 -0.314857 0.499385
13.33 -0.376005 -0.325137 0.497085
13.34 -0.364154 -0.335128 0.494893
13.35 -0.352081 -0.344823 0.492812
13.36 -0.339797 -0.354214 0.490846
13.37 -0.327315 -0.363294 0.488996
13.38 -0.314648 -0.372053 0.487265
13.39 -0.301808 -0.380487 0.485653
13.4 -0.288809 -0.388586 0.484159
13.41 -0.275664 -0.396346 0.482784
13.42 -0.262385 -0.403759 0.481526
13.43 -0.248988 -0.410819 0.480382
13.44 -0.235485 -0.41752 0.47935
13.45 -0.221891 -0.423858 0.478426
13.46 -0.20822 -0.429827 0.477605
13.47 -0.194486 -0.435423 0.476884
13.48 -0.180703 -0.440641 0.476254
13.49 -0.166886 -0.445477 0.475711
13.5 -0.15305 -0.449929 0.475248
13.51 -0.139208 -0.453992 0.474855
13.52 -0.125375 -0.457664 0.474527
13.53 -0.111566 -0.460943 0.474253
13.54 -0.0977948 -0.463827 0.474025
13.55 -0.0840759 -0.466313 0.473832
13.56 -0.0704232 -0.468402 0.473667
13.57 -0.0568517 -0.470091 0.473516
13.58 -0.0433757 -0.471381 0.473372
13.59 -0.0300075 -0.47227 0.473222
13.6 -0.0167639 -0.47276 0.473057
13.61 -0.00365602 -0.472851 0.472865
13.62 0.00930104 -0.472544 0.472635
13.63 0.0220945 -0.471841 0.472358
13.64 0.0347103 -0.470744 0.472022
13.65 0.0471371 -0.469254 0.471615
13.66 0.0593601 -0.467375 0.471129
13.67 0.0713684 -0.46511 0.470553
13.68 0.0831491 -0.46246 0.469876
13.69 0.0946903 -0.459432 0.469089
13.7 0.105981 -0.456029 0.468182
13.71 0.117009 -0.452254 0.467145
13.72 0.127763 -0.448114 0.465971
13.73 0.138233 -0.443613 0.464652
13.74 0.148409 -0.438757 0.463177
13.75 0.158279 -0.433552 0.461541
13.76 0.167837 -0.428005 0.459737
13.77 0.177071 -0.422122 0.457756
13.78 0.185974 -0.41591 0.455596
13.79 0.194537 -0.409376 0.453248
13.8 0.202753 -0.402529 0.450709
13.81 0.210613 -0.395376 0.447974
13.82 0.218113 -0.387925 0.445039
13.83 0.225244 -0.380185 0.4419
13.84 0.232002 -0.372165 0.438556
13.85 0.238381 -0.363872 0.435004
13.86 0.244375 -0.355319 0.431243
13.87 0.249982 -0.346512 0.427272
13.88 0.255197 -0.337462 0.423091
13.89 0.260016 -0.32818 0.418701
13.9 0.264438 -0.318675 0.414103
13.91 0.26846 -0.308958 0.409299
13.92 0.272079 -0.299038 0.404291
13.93 0.275298 -0.288928 0.399084
13.94 0.278111 -0.278636 0.39368
13.95 0.280523 -0.268175 0.388086
13.96 0.282531 -0.257554 0.382306
13.97 0.284137 -0.246786 0.376347
13.98 0.285343 -0.235881 0.370217
13.99 0.286151 -0.224851 0.363924
14 0.286562 -0.213707 0.357475
14.01 0.286581 -0.202461 0.350884
14.02 0.286212 -0.191123 0.344159
14.03 0.285457 -0.179706 0.337312
14.04 0.284322 -0.16822 0.330359
14.05 0.282812 -0.156678 0.323312
14.06 0.280933 -0.14509 0.316187
14.07 0.27869 -0.133468 0.309002
14.08 0.27609 -0.121823 0.301773
14.09 0.27314 -0.110167 0.29452
14.1 0.269848 -0.0985119 0.287267
14.11 0.26622 -0.0868665 0.280034
14.12 0.262266 -0.0752446 0.272846
14.13 0.257994 -0.0636556 0.265731
14.14 0.253413 -0.0521115 0.258716
14.15 0.248533 -0.0406225 0.251831
14.16 0.243364 -0.0291995 0.24511
14.17 0.237916 -0.0178526 0.238585
14.18 0.232199 -0.00659275 0.232292
14.19 0.226225 0.00457101 0.226272
14.2 0.220005 0.0156276 0.220559
14.21 0.21355 0.0265676 0.215196
14.22 0.206872 0.0373821 0.210222
14.23 0.199983 0.0480605 0.205677
14.24 0.192895 0.0585947 0.201599
14.25 0.185622 0.0689755 0.198023
14.26 0.178175 0.0791946 0.194983
14.27 0.170569 0.0892423 0.192504
14.28 0.162815 0.0991132 0.19061
14.29 0.154928 0.108797 0.189313
14.3 0.146921 0.118287 0.18862
14.31 0.138336 0.127198 0.187926
14.32 0.129216 0.135495 0.187232
14.33 0.119604 0.143146 0.186536
14.34 0.109545 0.150123 0.185841
14.35 0.0990846 0.156399 0.185144
14.36 0.0882745 0.161953 0.184448
14.37 0.0771607 0.166765 0.18375
14.38 0.0657965 0.170819 0.183052
14.39 0.0542321 0.174103 0.182354
14.4 0.0425193 0.176609 0.181655
14.41 0.0307105 0.17833 0.180955
14.42 0.0188583 0.179266 0.180255
14.43 0.00701416 0.179418 0.179555
14.44 -0.00476987 0.17879 0.178854
14.45 -0.0164427 0.177393 0.178154
14.46 -0.0279548 0.175237 0.177452
14.47 -0.0392559 0.172336 0.176751
14.48 -0.0502999 0.168711 0.176049
14.49 -0.0610387 0.16438 0.175347
14.5 -0.0714287 0.159369 0.174644
14.51 -0.0814263 0.153705 0.173941
14.52 -0.0909915 0.147418 0.173238
14.53 -0.100084 0.140539 0.172534
14.54 -0.108669 0.133104 0.171831
14.55 -0.116712 0.125149 0.171126
14.56 -0.124182 0.116714 0.170421
14.57 -0.131051 0.107838 0.169716
14.58 -0.137293 0.0985657 0.169011
14.59 -0.142887 0.0889389 0.168305
14.6 -0.147811 0.079004 0.1676
14.61 -0.152051 0.0688055 0.166894
14.62 -0.155592 0.0583927 0.166188
14.63 -0.158425 0.0478105 0.165482
14.64 -0.160542 0.0371083 0.164775
14.65 -0.161942 0.0263346 0.164069
14.66 -0.162621 0.015536 0.163362
14.67 -0.162585 0.00476163 0.162655
14.68 -0.161838 -0.00594145 0.161947
14.69 -0.160391 -0.0165266 0.16124
14.7 -0.158254 -0.0269491 0.160533
14.71 -0.155445 -0.0371623 0.159826
14.72 -0.15198 -0.0471255 0.159119
14.73 -0.14788 -0.0567948 0.158411
14.74 -0.143169 -0.0661313 0.157705
14.75 -0.137873 -0.075096 0.156998
14.76 -0.13202 -0.0836529 0.156291
14.77 -0.12564 -0.0917671 0.155585
14.78 -0.118768 -0.0994075 0.154879
14.79 -0.111435 -0.106543 0.154172
14.8 -0.103681 -0.113148 0.153467
14.81 -0.0955414 -0.119197 0.152762
14.82 -0.0870572 -0.124668 0.152056
14.83 -0.0782686 -0.129544 0.151352
14.84 -0.0692171 -0.133805 0.150648
14.85 -0.0599449 -0.137441 0.149945
14.86 -0.0504953 -0.14044 0.149242
14.87 -0.040911 -0.142795 0.14854
14.88 -0.0312362 -0.1445 0.147837
14.89 -0.0215145 -0.145555 0.147137
14.9 -0.0117882 -0.145961 0.146436
14.91 -0.0021026 -0.145721 0.145737
14.92 0.00750203 -0.144843 0.145038
14.93 0.0169824 -0.143337 0.144339
14.94 0.0262982 -0.141213 0.143641
14.95 0.0354088 -0.138489 0.142944
14.96 0.0442776 -0.135181 0.142247
14.97 0.0528648 -0.131309 0.141551
14.98 0.0611371 -0.126897 0.140856
14.99 0.0690601 -0.121967 0.140162
15 0.0766012 -0.116549 0.139469
15.01 0.0837313 -0.11067 0.138776
15.02 0.0904225 -0.10436 0.138084
15.03 0.0966489 -0.0976516 0.137393
15.04 0.102387 -0.0905791 0.136703
15.05 0.107618 -0.0831754 0.136014
15.06 0.11232 -0.0754789 0.135325
15.07 0.11648 -0.0675258 0.134637
15.08 0.120082 -0.0593534 0.133949
15.09 0.123118 -0.0510018 0.133263
15.1 0.125578 -0.0425088 0.132578
15.11 0.127458 -0.0339142 0.131893
15.12 0.128755 -0.0252571 0.131209
15.13 0.129469 -0.0165775 0.130526
15.14 0.129603 -0.00791282 0.129844
15.15 0.129161 0.000696315 0.129163
15.16 0.128153 0.00921419 0.128484
15.17 0.126587 0.0176019 0.127805
15.18 0.124477 0.0258246 0.127127
15.19 0.121837 0.0338465 0.126451
15.2 0.118684 0.0416342 0.125775
15.21 0.115039 0.0491544 0.1251
15.22 0.110922 0.0563776 0.124427
15.23 0.106357 0.0632733 0.123755
15.24 0.101369 0.069814 0.123084
15.25 0.0959847 0.075976 0.122415
15.26 0.0902325 0.0817332 0.121747
15.27 0.0841417 0.0870663 0.12108
15.28 0.0777434 0.0919549 0.120415
15.29 0.071069 0.0963824 0.119751
15.3 0.064152 0.100333 0.119089
15.31 0.0570252 0.103795 0.118429
15.32 0.0497227 0.106758 0.117769
15.33 0.0422805 0.109213 0.117112
15.34 0.0347308 0.111155 0.116455
15.35 0.0271113 0.112582 0.1158
15.36 0.0194554 0.113491 0.115147
15.37 0.0117982 0.113886 0.114495
15.38 0.00417378 0.113769 0.113845
15.39 -0.00338265 0.113146 0.113197
15.4 -0.0108402 0.112027 0.112551
15.41 -0.0181648 0.110421 0.111905
15.42 -0.0253255 0.108342 0.111262
15.43 -0.0322927 0.105802 0.11062
15.44 -0.0390364 0.102819 0.10998
15.45 -0.0455291 0.0994123 0.109342
15.46 -0.0517442 0.0956004 0.108706
15.47 -0.057657 0.0914046 0.10807
15.48 -0.0632434 0.0868497 0.107437
15.49 -0.0684836 0.0819586 0.106805
15.5 -0.0733553 0.0767575 0.106173
15.51 -0.0778435 0.0712747 0.105545
15.52 -0.0819301 0.0655362 0.104917
15.53 -0.0856025 0.0595722 0.104291
15.54 -0.0888484 0.0534117 0.103667
15.55 -0.0916583 0.0470851 0.103045
15.56 -0.0940237 0.0406218 0.102424
15.57 -0.0959402 0.0340544 0.101805
15.58 -0.0974039 0.0274113 0.101187
15.59 -0.0984121 0.0207258 0.100571
15.6 -0.0989682 0.014027 0.0999572
15.61 -0.0990723 0.0073463 0.0993443
15.62 -0.0987306 0.000713609 0.0987331
15.63 -0.0979495 -0.00584149 0.0981236
15.64 -0.0967384 -0.0122905 0.0975161
15.65 -0.0951065 -0.0186049 0.0969092
15.66 -0.0930684 -0.0247579 0.0963052
15.67 -0.0906364 -0.0307246 0.0957024
15.68 -0.0878275 -0.0364779 0.0951015
15.69 -0.0846585 -0.0419972 0.094503
15.7 -0.0811482 -0.0472582 0.0939062
15.71 -0.0773167 -0.052241 0.0933113
15.72 -0.0731852 -0.0569262 0.0927182
15.73 -0.068776 -0.0612969 0.0921274
15.74 -0.0641124 -0.0653354 0.0915376
15.75 -0.0592197 -0.0690294 0.0909507
15.76 -0.0541209 -0.0723653 0.0903648
15.77 -0.0488446 -0.0753322 0.0897816
15.78 -0.0434146 -0.077922 0.0892002
15.79 -0.0378587 -0.080127 0.0886206
15.8 -0.0322035 -0.0819424 0.0880433
15.81 -0.026476 -0.0833646 0.0874679
15.82 -0.0207022 -0.0843927 0.0868949
15.83 -0.0149103 -0.0850258 0.0863232
15.84 -0.00912606 -0.085268 0.085755
15.85 -0.0033751 -0.0851204 0.0851872
15.86 0.00231505 -0.0845911 0.0846227
15.87 0.00792098 -0.0836856 0.0840597
15.88 0.0134171 -0.0824133 0.0834983
15.89 0.0187803 -0.0807848 0.082939
15.9 0.0239871 -0.0788124 0.0823819
15.91 0.029017 -0.0765087 0.0818265
15.92 0.0338473 -0.0738893 0.0812728
15.93 0.038461 -0.0709708 0.0807224
15.94 0.0428374 -0.0677684 0.0801723
15.95 0.0469612 -0.0643029 0.0796255
15.96 0.0508164 -0.0605919 0.0790803
15.97 0.0543887 -0.0566561 0.0785369
15.98 0.0576656 -0.0525162 0.0779953
15.99 0.0606363 -0.0481948 0.0774565
16 0.0632908 -0.0437124 0.0769187
16.01 0.0656204 -0.0390937 0.076383
16.02 0.0676208 -0.0343603 0.0758499
16.03 0.0692844 -0.0295363 0.0753175
16.04 0.0706104 -0.024645 0.0747877
16.05 0.0715964 -0.0197093 0.0742597
16.06 0.0722426 -0.0147534 0.0737336
16.07 0.0725504 -0.00979964 0.0732092
16.08 0.0725246 -0.00487131 0.072688
16.09 0.0721679 1.01588e-05 0.0721679
16.1 0.071488 0.00482113 0.0716504
16.11 0.0704923 0.00954333 0.0711354
16.12 0.0691889 0.0141536 0.0706218
16.13 0.0675893 0.0186338 0.0701108
16.14 0.0657039 0.0229649 0.0696016
16.15 0.0635463 0.027129 0.069095
16.16 0.0611295 0.0311085 0.0685898
16.17 0.0584697 0.0348891 0.0680879
16.18 0.0555806 0.0384552 0.067587
16.19 0.0524814 0.041793 0.0670891
16.2 0.0491869 0.0448924 0.0665934
16.21 0.0457167 0.0477404 0.0660996
16.22 0.042089 0.0503293 0.0656089
16.23 0.0383221 0.0526501 0.06512
16.24 0.034436 0.0546968 0.0646342
16.25 0.0304503 0.0564626 0.0641501
16.26 0.0263843 0.0579453 0.0636694
16.27 0.0222575 0.05914 0.0631897
16.28 0.0180917 0.0600472 0.0627135
16.29 0.0139039 0.0606659 0.0622388
16.3 0.00971593 0.0609974 0.0617664
16.31 0.0055463 0.0610455 0.0612969
16.32 0.00141427 0.0608129 0.0608293
16.33 -0.00266236 0.0603055 0.0603643
16.34 -0.00666397 0.0595297 0.0599015
16.35 -0.0105754 0.0584934 0.0594418
16.36 -0.0143783 0.0572037 0.058983
16.37 -0.0180575 0.0556729 0.0585282
16.38 -0.0215983 0.0539091 0.0580748
16.39 -0.0249852 0.0519251 0.0576236
16.4 -0.0282061 0.0497335 0.0571752
16.41 -0.0312473 0.0473473 0.0567288
16.42 -0.0340983 0.0447796 0.0562842
16.43 -0.0367478 0.0420469 0.0558421
16.44 -0.0391881 0.0391629 0.0554025
16.45 -0.0414087 0.0361434 0.0549639
16.46 -0.0434053 0.0330059 0.054529
16.47 -0.0451705 0.029765 0.0540956
16.48 -0.0466998 0.0264389 0.0536645
16.49 -0.0479905 0.0230431 0.053236
16.5 -0.0490399 0.0195956 0.05281
16.51 -0.0498463 0.0161118 0.0523855
16.52 -0.0504105 0.0126101 0.0519638
16.53 -0.050734 0.00910506 0.0515446
16.54 -0.0508172 0.005615 0.0511265
16.55 -0.0506662 0.00215477 0.050712
16.56 -0.0502831 -0.00126007 0.0502989
16.57 -0.0496748 -0.00461303 0.0498885
16.58 -0.0488467 -0.00789095 0.04948
16.59 -0.0478076 -0.011079 0.0490745
16.6 -0.0465638 -0.0141641 0.0486704
16.61 -0.0451265 -0.017133 0.0482694
16.62 -0.0435041 -0.0199757 0.047871
16.63 -0.0417075 -0.0226782 0.0474744
16.64 -0.0397484 -0.025233 0.0470812
16.65 -0.0376372 -0.0276291 0.0466896
16.66 -0.0353877 -0.0298581 0.0463011
16.67 -0.0330111 -0.0319122 0.0459142
16.68 -0.0305214 -0.0337856 0.0455304
16.69 -0.0279312 -0.035471 0.045148
16.7 -0.0252557 -0.0369646 0.0447687
16.71 -0.0225066 -0.0382628 0.0443913
16.72 -0.0197002 -0.0393614 0.0440161
16.73 -0.0168493 -0.0402603 0.043644
16.74 -0.0139677 -0.040957 0.0432732
16.75 -0.0110702 -0.0414529 0.0429056
16.76 -0.00817014 -0.0417478 0.0425398
16.77 -0.00528028 -0.0418449 0.0421768
16.78 -0.0024147 -0.0417454 0.0418152
16.79 0.000413145 -0.0414548 0.0414569
16.8 0.00319261 -0.0409758 0.0411
16.81 0.00590881 -0.0403144 0.0407452
16.82 0.00855207 -0.0394774 0.0403931
16.83 0.0111099 -0.0384698 0.040042
16.84 0.0135726 -0.0373008 0.0396934
16.85 0.015929 -0.0359782 0.0393467
16.86 0.0181713 -0.0345107 0.0390023
16.87 0.0202893 -0.0329071 0.0386592
16.88 0.0222763 -0.0311794 0.0383195
16.89 0.024125 -0.0293348 0.0379809
16.9 0.025828 -0.0273864 0.0376444
16.91 0.0273818 -0.025344 0.0373106
16.92 0.0287793 -0.023219 0.0369779
16.93 0.0300182 -0.0210224 0.0366474
16.94 0.0310944 -0.018767 0.0363189
16.95 0.0320066 -0.0164633 0.0359925
16.96 0.0327515 -0.0141235 0.035667
16.97 0.033331 -0.0117603 0.0353449
16.98 0.0337431 -0.00938345 0.0350235
16.99 0.0339897 -0.00700679 0.0347044
17 0.0340732 -0.00463934 0.0343876
17.01 0.0339954 -0.00229387 0.0340727
17.02 0.0337596 2.0297e-05 0.0337596
17.03 0.0333706 0.00229163 0.0334492
17.04 0.0328325 0.00451155 0.033141
17.05 0.0321494 0.00666881 0.0328338
17.06 0.0313298 0.00875579 0.0325302
17.07 0.0303769 0.0107635 0.0322275
17.08 0.0292999 0.0126828 0.0319271
17.09 0.028105 0.0145082 0.0316287
17.1 0.0268007 0.0162311 0.0313326
17.11 0.0253945 0.0178458 0.0310379
17.12 0.023896 0.0193466 0.0307459
17.13 0.0223131 0.0207294 0.0304562
17.14 0.0206551 0.0219875 0.0301676
17.15 0.0189318 0.0231203 0.0298824
17.16 0.0171509 0.0241226 0.0295982
17.17 0.015324 0.0249928 0.0293166
17.18 0.0134585 0.0257294 0.0290368
17.19 0.0115653 0.0263314 0.0287593
17.2 0.00965332 0.0267976 0.0284833
17.21 0.00773276 0.027129 0.0282095
17.22 0.00581116 0.0273267 0.0279377
17.23 0.00390019 0.0273906 0.0276669
17.24 0.00200688 0.0273255 0.0273991
17.25 0.000140254 0.0271314 0.0271318
17.26 -0.00169021 0.0268142 0.0268674
17.27 -0.00347768 0.0263761 0.0266044
17.28 -0.00521412 0.0258226 0.0263438
17.29 -0.00689203 0.0251576 0.0260845
17.3 -0.00850412 0.0243875 0.0258277
17.31 -0.0100459 0.0235166 0.0255725
17.32 -0.0115084 0.0225519 0.0253186
17.33 -0.0128891 0.0215001 0.0250675
17.34 -0.0141808 0.0203662 0.0248169
17.35 -0.0153802 0.0191595 0.024569
17.36 -0.0164826 0.0178858 0.0243224
17.37 -0.0174852 0.0165531 0.0240778
17.38 -0.0183847 0.0151686 0.0238345
17.39 -0.0191791 0.0137414 0.0235937
17.4 -0.0198673 0.0122766 0.0233543
17.41 -0.0204468 0.0107846 0.0231167
17.42 -0.0209195 0.00927168 0.022882
17.43 -0.0212826 0.00774529 0.0226482
17.44 -0.0215388 0.00621368 0.0224172
17.45 -0.0216879 0.00468391 0.0221879
17.46 -0.0217316 0.00316292 0.0219606
17.47 -0.0216712 0.00165787 0.0217345
17.48 -0.0215106 0.000176613 0.0215114
17.49 -0.0212508 -0.00127647 0.0212891
17.5 -0.020896 -0.00269224 0.0210688
17.51 -0.0204508 -0.0040672 0.0208513
17.52 -0.0199172 -0.00539398 0.0206347
17.53 -0.0193013 -0.00666819 0.0204207
17.54 -0.0186071 -0.00788454 0.0202086
17.55 -0.0178395 -0.0090389 0.0199987
17.56 -0.0170026 -0.0101265 0.0197898
17.57 -0.0161043 -0.0111442 0.0195842
17.58 -0.0151467 -0.0120888 0.0193794
17.59 -0.0141382 -0.0129558 0.0191766
17.6 -0.0130833 -0.013745 0.0189762
17.61 -0.0119882 -0.0144517 0.0187768
17.62 -0.010859 -0.0150756 0.0185794
17.63 -0.00970191 -0.0156149 0.0183835
17.64 -0.0085229 -0.0160694 0.0181897
17.65 -0.00732762 -0.0164369 0.0179963
17.66 -0.00612352 -0.0167202 0.0178063
17.67 -0.00491419 -0.0169175 0.0176167
17.68 -0.00370832 -0.01703 0.0174291
17.69 -0.00250901 -0.0170601 0.0172436
17.7 -0.00132359 -0.0170077 0.0170591
17.71 -0.000156645 -0.0168755 0.0168762
17.72 0.000986272 -0.0166655 0.0166946
17.73 0.00210078 -0.0163809 0.0165151
17.74 0.00318083 -0.0160228 0.0163355
17.75 0.00422291 -0.0155973 0.0161589
17.76 0.00522283 -0.0151052 0.0159826
17.77 0.00617492 -0.0145521 0.015808
17.78 0.0070779 -0.0139413 0.0156351
17.79 0.0079268 -0.013277 0.0154633
17.8 0.00871933 -0.0125639 0.0152931
17.81 0.00945256 -0.0118062 0.015124
17.82 0.0101256 -0.0110087 0.0149573
17.83 0.010734 -0.0101757 0.0147907
17.84 0.0112789 -0.00931323 0.014627
17.85 0.0117575 -0.00842383 0.0144637
17.86 0.0121686 -0.00751502 0.0143021
17.87 0.0125129 -0.00658954 0.014142
17.88 0.0127891 -0.00565322 0.0139828
17.89 0.0129979 -0.00471074 0.0138252
17.9 0.0131393 -0.00376729 0.0136687
17.91 0.0132154 -0.00282607 0.0135142
17.92 0.0132253 -0.00189347 0.0133602
17.93 0.0131732 -0.000972827 0.013209
17.94 0.013058 -6.73819e-05 0.0130582
17.95 0.0128836 0.000816704 0.0129095
17.96 0.0126512 0.00167785 0.012762
17.97 0.0123633 0.00251131 0.0126158
17.98 0.0120225 0.00331433 0.012471
17.99 0.0116317 0.0040823 0.0123273
18 0.0111936 0.00481476 0.0121852
18.01 0.0107112 0.00550568 0.0120434
18.02 0.0101894 0.00615499 0.0119041
18.03 0.00962891 0.00675953 0.0117647
18.04 0.00903615 0.00731696 0.0116271
18.05 0.00841305 0.00782659 0.0114906
18.06 0.00776399 0.0082863 0.0113553
18.07 0.00709214 0.00869568 0.0112211
18.08 0.00640285 0.00905296 0.0110884
18.09 0.00569755 0.00935908 0.0109569
18.1 0.00498177 0.00961144 0.0108258
18.11 0.00425925 0.00981247 0.010697
18.12 0.00353201 0.00996008 0.0105678
18.13 0.00280599 0.010056 0.0104402
18.14 0.00208331 0.0101009 0.0103135
18.15 0.0013684 0.0100953 0.0101877
18.16 0.00066366 0.0100407 0.0100626
18.17 -2.56884e-05 0.00993916 0.00993919
18.18 -0.000699131 0.00979185 0.00981678
18.19 -0.00135151 0.0096 0.00969467
18.2 -0.00198137 0.00936791 0.00957515
18.21 -0.00258624 0.0090949 0.00945547
18.22 -0.003163 0.00878545 0.00933749
18.23 -0.00371057 0.00844116 0.00922071
18.24 -0.00422611 0.008065 0.00910518
18.25 -0.00470849 0.00765847 0.00899011
18.26 -0.00515529 0.00722653 0.00887692
18.27 -0.00556673 0.00676992 0.00876471
18.28 -0.00593935 0.00629216 0.00865258
18.29 -0.00627506 0.0057974 0.0085432
18.3 -0.00657127 0.00528638 0.0084337
18.31 -0.00682838 0.004764 0.00832601
18.32 -0.00704641 0.00423182 0.0082195
18.33 -0.00722546 0.00369377 0.00811488
18.34 -0.00736481 0.00315089 0.00801053
18.35 -0.00746594 0.00260822 0.00790842
18.36 -0.00752934 0.00206568 0.00780756
18.37 -0.00755376 0.00152784 0.00770672
18.38 -0.00754312 0.000996223 0.00760862
18.39 -0.00749558 0.000473034 0.00751049
18.4 -0.0074139 -3.85041e-05 0.007414
18.41 -0.00729855 -0.000537112 0.00731829
18.42 -0.00715217 -0.00102011 0.00722455
18.43 -0.00697412 -0.00148601 0.00713067
18.44 -0.0067684 -0.00193204 0.00703875
18.45 -0.00653555 -0.00235876 0.00694818
18.46 -0.00627673 -0.00276181 0.00685747
18.47 -0.0059957 -0.00314248 0.00676931
18.48 -0.00569222 -0.00349828 0.00668127
18.49 -0.00536984 -0.00382808 0.00659465
18.5 -0.00502938 -0.00413104 0.00650847
18.51 -0.00467415 -0.00440683 0.006424
18.52 -0.00430458 -0.00465359 0.00633919
18.53 -0.00392488 -0.00487118 0.00625565
18.54 -0.0035354 -0.00506071 0.00617332
18.55 -0.00313949 -0.00521914 0.00609063
18.56 -0.00273927 -0.00534949 0.00601005
18.57 -0.00233603 -0.0054501 0.00592964
18.58 -0.00193296 -0.00552214 0.00585067
18.59 -0.00153119 -0.00556524 0.00577204
18.6 -0.00113286 -0.00558148 0.00569528
18.61 -0.000739223 -0.00556954 0.00561838
18.62 -0.00035367 -0.00553142 0.00554272
18.63 2.49545e-05 -0.00546823 0.00546828
18.64 0.000391968 -0.00537935 0.00539361
18.65 0.000747654 -0.00526802 0.00532081
18.66 0.00109013 -0.00513355 0.00524802
18.67 0.00141784 -0.00497864 0.0051766
18.68 0.00172921 -0.00480348 0.00510525
18.69 0.00202434 -0.00461097 0.00503577
18.7 0.00230161 -0.00440059 0.00496615
18.71 0.00255931 -0.00417614 0.00489798
18.72 0.00279958 -0.00393717 0.00483104
18.73 0.00301846 -0.00368598 0.00476419
18.74 0.00321792 -0.00342448 0.00469916
18.75 0.00339618 -0.00315301 0.00463417
18.76 0.00355377 -0.00287403 0.00457048
18.77 0.00368905 -0.00258869 0.00450671
18.78 0.0038038 -0.00229891 0.00444454
18.79 0.00389646 -0.00200483 0.00438198
18.8 0.00396744 -0.0017109 0.00432062
18.81 0.00401818 -0.00141525 0.00426013
18.82 0.00404697 -0.00112178 0.00419956
18.83 0.0040563 -0.000831208 0.00414059
18.84 0.00404509 -0.000544512 0.00408157
18.85 0.00401504 -0.000262999 0.00402365
18.86 0.00396568 1.14318e-05 0.0039657
18.87 0.00389917 0.00027826 0.00390908
18.88 0.00381438 0.000537099 0.003852
18.89 0.00371401 0.000784296 0.00379592
18.9 0.00359805 0.00102211 0.00374041
18.91 0.00346709 0.00124689 0.00368448
18.92 0.00332361 0.00145906 0.00362977
18.93 0.0031674 0.00165726 0.00357476
18.94 0.00300039 0.00184161 0.00352049
18.95 0.00282351 0.00201043 0.00346612
18.96 0.00263911 0.00216447 0.00341319
18.97 0.00244597 0.00230323 0.00335971
18.98 0.00224865 0.00242552 0.00330751
18.99 0.00204568 0.00253315 0.00325602
19 0.00183919 0.00262384 0.00320424
19.01 0.00163072 0.00269945 0.00315377
19.02 0.00142097 0.00275877 0.00310322
19.03 0.00121081 0.00280309 0.00305342
19.04 0.00100188 0.00283136 0.0030034
19.05 0.000795875 0.00284595 0.00295514
19.06 0.000591567 0.00284522 0.00290607
19.07 0.000393334 0.00283126 0.00285846
19.08 0.000198906 0.00280471 0.00281175
19.09 1.08437e-05 0.00276493 0.00276495
19.1 -0.000171067 0.00271425 0.00271964
19.11 -0.000345575 0.00265232 0.00267474
19.12 -0.000513307 0.00258033 0.00263089
19.13 -0.000672503 0.00249796 0.0025869
19.14 -0.000823252 0.00240831 0.00254513
19.15 -0.000965751 0.00230862 0.00250248
19.16 -0.00109773 0.00220271 0.00246109
19.17 -0.00122121 0.00209004 0.00242067
19.18 -0.00133382 0.00197101 0.00237991
19.19 -0.00143687 0.00184733 0.00234035
19.2 -0.00152935 0.00171959 0.00230128
19.21 -0.00161233 0.00158833 0.00226327
19.22 -0.00168432 0.00145375 0.00222494
19.23 -0.00174723 0.00131865 0.00218898
19.24 -0.00179977 0.00118035 0.0021523
19.25 -0.00184193 0.00104257 0.00211652
19.26 -0.00187537 0.000904121 0.00208193
19.27 -0.00189806 0.000766107 0.00204684
19.28 -0.00191171 0.000629111 0.00201257
19.29 -0.00191584 0.000494174 0.00197855
19.3 -0.00191158 0.000361375 0.00194544
19.31 -0.00189738 0.000231531 0.00191145
19.32 -0.00187669 0.000106014 0.00187968
19.33 -0.00184713 -1.6543e-05 0.00184721
19.34 -0.00181041 -0.000133352 0.00181532
19.35 -0.00176761 -0.000246378 0.00178469
19.36 -0.00171781 -0.000353678 0.00175384
19.37 -0.00166237 -0.000456064 0.00172379
19.38 -0.00160151 -0.000552364 0.00169409
19.39 -0.00153633 -0.00064365 0.00166572
19.4 -0.00146531 -0.000727998 0.00163619
19.41 -0.00139214 -0.000806538 0.0016089
19.42 -0.00131406 -0.000879021 0.00158096
19.43 -0.00123369 -0.000943851 0.00155334
19.44 -0.00115087 -0.0010034 0.00152686
19.45 -0.00106614 -0.00105571 0.00150039
19.46 -0.000979746 -0.00110204 0.00147459
19.47 -0.000892708 -0.00114158 0.00144918
19.48 -0.000805122 -0.00117629 0.00142544
19.49 -0.000716599 -0.00120331 0.00140052
19.5 -0.000629309 -0.00122573 0.00137784
19.51 -0.000540909 -0.00124216 0.00135482
19.52 -0.000454205 -0.00125207 0.00133191
19.53 -0.000367676 -0.00125729 0.00130994
19.54 -0.000282733 -0.00125652 0.00128793
19.55 -0.000199065 -0.00125053 0.00126628
19.56 -0.000117974 -0.00123892 0.00124452
19.57 -3.8531e-05 -0.00122371 0.00122432
19.58 3.80292e-05 -0.0012021 0.0012027
19.59 0.00011125 -0.0011775 0.00118274
19.6 0.000182786 -0.00114825 0.00116271
19.61 0.000249736 -0.00111485 0.00114248
19.62 0.000314351 -0.00107824 0.00112313
19.63 0.000375135 -0.00103802 0.00110372
19.64 0.000432584 -0.000994583 0.00108458
19.65 0.000485165 -0.000947955 0.0010649
19.66 0.000534908 -0.000899482 0.00104652
19.67 0.000579239 -0.000847471 0.00102651
19.68 0.000619013 -0.000794952 0.00100753
19.69 0.000655288 -0.000739921 0.000988375
19.7 0.00068575 -0.0006845 0.000968914
19.71 0.000712637 -0.000628277 0.000950044
19.72 0.000734911 -0.000571979 0.000931264
19.73 0.000753528 -0.000515478 0.000912974
19.74 0.000766973 -0.000459759 0.000894218
19.75 0.000778184 -0.000404533 0.00087705
19.76 0.00078421 -0.00034952 0.000858574
19.77 0.000787088 -0.000296911 0.000841228
19.78 0.000786788 -0.000244074 0.000823776
19.79 0.000782645 -0.000194028 0.000806337
19.8 0.000775886 -0.000145315 0.000789376
19.81 0.00076639 -9.90572e-05 0.000772765
19.82 0.000754866 -5.42596e-05 0.000756814
19.83 0.000740497 -1.29536e-05 0.00074061
19.84 0.0007258 2.70701e-05 0.000726305
19.85 0.00070819 6.49658e-05 0.000711164
19.86 0.00069045 9.9713e-05 0.000697613
19.87 0.000671073 0.0001341 0.000684341
19.88 0.000650839 0.00016557 0.000671569
19.89 0.000629765 0.000195713 0.000659475
19.9 0.000608016 0.000223677 0.000647854
19.91 0.000585442 0.000250819 0.000636908
19.92 0.000562177 0.000274646 0.000625678
19.93 0.000539265 0.000298024 0.000616137
19.94 0.000514581 0.000319449 0.000605674
19.95 0.000491284 0.00033864 0.000596688
19.96 0.000466737 0.000357509 0.000587925
19.97 0.000442541 0.000374342 0.000579633
19.98 0.000418257 0.000390373 0.000572128
19.99 0.000394188 0.000404899 0.000565091
20 0.000369297 0.000419189 0.000558658
20.01 0.000344769 0.000430997 0.000551928
20.02 0.000320454 0.000442961 0.000546722
20.03 0.00029458 0.000452957 0.000540322
20.04 0.00027046 0.000461946 0.000535297
20.05 0.000245058 0.000470139 0.000530174
20.06 0.000220322 0.000476908 0.000525341
20.07 0.000195547 0.000482983 0.000521068
20.08 0.000171666 0.000488035 0.000517346
20.09 0.000146759 0.000492745 0.000514136
20.1 0.000122941 0.00049578 0.000510795
20.11 9.89676e-05 0.000499555 0.000509264
20.12 7.38973e-05 0.000501055 0.000506475
20.13 4.99746e-05 0.000502841 0.000505318
20.14 2.48462e-05 0.000503351 0.000503964
20.15 8.85894e-08 0.000502916 0.000502916
20.16 -2.51826e-05 0.000501456 0.000502088
20.17 -4.96061e-05 0.000499358 0.000501815
20.18 -7.53883e-05 0.000495992 0.000501689
20.19 -9.98604e-05 0.000491124 0.000501174
20.2 -0.000125095 0.000486714 0.000502533
20.21 -0.000150554 0.000479359 0.000502446
20.22 -0.000175645 0.000472308 0.000503911
20.23 -0.000201484 0.000463374 0.000505284
20.24 -0.000226979 0.000453122 0.000506793
20.25 -0.000252733 0.000440907 0.000508206
20.26 -0.00027755 0.000427874 0.00051001
20.27 -0.000302943 0.0004123 0.000511631
20.28 -0.000326184 0.000394819 0.000512131
20.29 -0.00034982 0.000376938 0.000514253
20.3 -0.000371688 0.000355722 0.000514481
20.31 -0.000392438 0.000334378 0.000515574
20.32 -0.000412429 0.000311106 0.000516609
20.33 -0.000430713 0.000286801 0.000517464
20.34 -0.000447741 0.000260638 0.000518078
20.35 -0.00046302 0.000234301 0.000518926
20.36 -0.000477359 0.000205834 0.000519846
20.37 -0.000488254 0.000176488 0.000519172
20.38 -0.000498998 0.000147014 0.000520204
20.39 -0.000506413 0.000115705 0.000519463
20.4 -0.000512061 8.50184e-05 0.000519071
20.41 -0.000515938 5.3581e-05 0.000518713
20.42 -0.000517675 2.27095e-05 0.000518172
20.43 -0.000517228 -8.59718e-06 0.000517299
20.44 -0.000515313 -3.84805e-05 0.000516748
20.45 -0.00051225 -6.92405e-05 0.000516909
20.46 -0.000506053 -9.87555e-05 0.000515599
20.47 -0.000500277 -0.000128193 0.00051644
20.48 -0.000491541 -0.000157617 0.000516194
20.49 -0.000481852 -0.000185929 0.000516479
20.5 -0.000470552 -0.000214365 0.00051708
20.51 -0.000458052 -0.000241704 0.000517912
20.52 -0.000443227 -0.000268815 0.000518374
20.53 -0.000427669 -0.000294165 0.00051907
20.54 -0.000410779 -0.00032016 0.000520809
20.55 -0.00039152 -0.000343697 0.000520975
20.56 -0.000372493 -0.000367505 0.00052327
20.57 -0.00035101 -0.000390332 0.000524945
20.58 -0.000328887 -0.000411878 0.000527077
20.59 -0.000304996 -0.000433015 0.000529646
20.6 -0.000280322 -0.000453025 0.00053274
20.61 -0.000253115 -0.000471946 0.000535538
20.62 -0.000225366 -0.000488823 0.000538273
20.63 -0.000195636 -0.000505787 0.000542304
20.64 -0.000164122 -0.000519039 0.000544369
20.65 -0.000132256 -0.000531785 0.000547984
20.66 -9.82749e-05 -0.000542221 0.000551055
20.67 -6.4232e-05 -0.000550213 0.00055395
20.68 -2.88175e-05 -0.000556317 0.000557063
20.69 6.613e-06 -0.000560456 0.000560495
20.7 4.35455e-05 -0.000562084 0.000563769
20.71 7.97686e-05 -0.000560806 0.00056645
20.72 0.000117416 -0.000558647 0.000570853
20.73 0.000154941 -0.00055203 0.000573362
20.74 0.000192002 -0.000544095 0.000576978
20.75 0.000229831 -0.000532994 0.000580435
20.76 0.000266133 -0.00051912 0.000583363
20.77 0.000302175 -0.000502383 0.000586258
20.78 0.000336693 -0.000483614 0.000589275
20.79 0.000370859 -0.000461842 0.000592313
20.8 0.000402145 -0.000437518 0.000594258
20.81 0.000433669 -0.000411972 0.000598155
20.82 0.000462696 -0.000382789 0.000600512
20.83 0.000489971 -0.000352707 0.000603716
20.84 0.00051625 -0.000319752 0.000607252
20.85 0.000539783 -0.000285202 0.000610497
20.86 0.000561273 -0.000248031 0.000613634
20.87 0.000580092 -0.000209793 0.000616863
20.88 0.00059692 -0.000168926 0.000620362
20.89 0.000609168 -0.000127083 0.000622282
20.9 0.000620308 -8.42419e-05 0.000626002
20.91 0.000627092 -3.95945e-05 0.00062834
20.92 0.00063092 4.57749e-06 0.000630937
20.93 0.000631904 5.02553e-05 0.0006339
20.94 0.000629351 9.5432e-05 0.000636545
20.95 0.000623188 0.000141321 0.000639011
20.96 0.000613732 0.000186207 0.000641358
20.97 0.000601259 0.000231928 0.00064444
20.98 0.00058368 0.00027583 0.000645573
20.99 0.000564226 0.00031906 0.00064819
21 0.000539981 0.000361357 0.000649737
21.01 0.000512788 0.000400545 0.000650682
21.02 0.000482345 0.000438613 0.000651949
21.03 0.000449093 0.000473443 0.000652558
21.04 0.000412707 0.000505898 0.000652886
21.05 0.000374272 0.000534528 0.000652533
21.06 0.000334025 0.000561556 0.00065339
21.07 0.000290878 0.000583855 0.000652301
21.08 0.000247644 0.000603583 0.000652411
21.09 0.000201748 0.000620387 0.000652367
21.1 0.000155669 0.000632443 0.000651319
21.11 0.000108375 0.000641804 0.00065089
21.12 6.10222e-05 0.000647007 0.000649878
21.13 1.30446e-05 0.000648691 0.000648822
21.14 -3.4063e-05 0.000645779 0.000646677
21.15 -8.0799e-05 0.000640942 0.000646014
21.16 -0.000127093 0.000630976 0.000643648
21.17 -0.000170981 0.000618726 0.000641916
21.18 -0.000214975 0.000603702 0.000640836
21.19 -0.000256247 0.000585219 0.000638861
21.2 -0.000296691 0.000564532 0.000637747
21.21 -0.00033501 0.000541305 0.000636587
21.22 -0.000372342 0.000515628 0.000636012
21.23 -0.00040678 0.000486808 0.000634391
21.24 -0.000440163 0.000457198 0.000634644
21.25 -0.000471294 0.00042373 0.00063377
21.26 -0.000499134 0.000389368 0.000633042
21.27 -0.000525937 0.000352788 0.0006333
21.28 -0.000548818 0.000314584 0.000632585
21.29 -0.000569671 0.000274873 0.000632519
21.3 -0.000587428 0.000234167 0.000632381
21.31 -0.000603308 0.000192117 0.000633159
21.32 -0.000615058 0.000148551 0.000632744
21.33 -0.000625306 0.000105133 0.000634082
21.34 -0.000632181 5.93964e-05 0.000634965
21.35 -0.000635173 1.43343e-05 0.000635335
21.36 -0.000636163 -3.20643e-05 0.00063697
21.37 -0.000632664 -7.82042e-05 0.000637479
21.38 -0.000626026 -0.000124451 0.000638276
21.39 -0.000615548 -0.000169894 0.000638564
21.4 -0.000602575 -0.000214881 0.000639743
21.41 -0.000584743 -0.000258866 0.000639481
21.42 -0.000565224 -0.00030077 0.000640266
21.43 -0.000542148 -0.000342642 0.000641349
21.44 -0.000515569 -0.000381143 0.000641156
21.45 -0.000487108 -0.000419009 0.000642528
21.46 -0.000455116 -0.00045424 0.000643012
21.47 -0.000420628 -0.000487389 0.000643798
21.48 -0.000383201 -0.000517613 0.000644023
21.49 -0.000344331 -0.000545692 0.000645247
21.5 -0.000301777 -0.000570332 0.00064525
21.51 -0.000258908 -0.000591209 0.000645416
21.52 -0.000213755 -0.0006102 0.000646557
21.53 -0.000167373 -0.000623909 0.000645969
21.54 -0.000120447 -0.000635424 0.000646739
21.55 -7.2469e-05 -0.000642916 0.000646987
21.56 -2.40144e-05 -0.000647142 0.000647587
21.57 2.50089e-05 -0.000647156 0.000647639
21.58 7.342e-05 -0.000644712 0.000648879
21.59 0.000123123 -0.00063775 0.000649527
21.6 0.00017089 -0.000626805 0.000649683
21.61 0.000219181 -0.000613275 0.000651265
21.62 0.000265744 -0.000594303 0.000651012
21.63 0.00031098 -0.000572583 0.000651582
21.64 0.00035448 -0.000546829 0.000651674
21.65 0.000395944 -0.000517902 0.000651915
21.66 0.000435015 -0.000484778 0.000651343
21.67 0.000471051 -0.00045005 0.000651486
21.68 0.000505332 -0.000411443 0.000651649
21.69 0.000534954 -0.000370338 0.000650636
21.7 0.000562924 -0.000327707 0.000651364
21.71 0.000586361 -0.000281669 0.000650505
21.72 0.000606291 -0.000234383 0.000650019
21.73 0.000622259 -0.000185117 0.000649211
21.74 0.000634138 -0.000135026 0.000648354
21.75 0.000641395 -8.30183e-05 0.000646746
21.76 0.0006441 -3.21104e-05 0.0006449
21.77 0.000643301 1.97846e-05 0.000643605
21.78 0.000636373 7.07072e-05 0.000640289
21.79 0.000627084 0.000120076 0.000638477
21.8 0.000612732 0.000168916 0.000635589
21.81 0.000594787 0.000215524 0.000632631
21.82 0.000573309 0.000260705 0.000629802
21.83 0.000548761 0.000303207 0.000626956
21.84 0.000520453 0.000344423 0.000624098
21.85 0.000489313 0.000381614 0.00062053
21.86 0.000456353 0.000417265 0.000618359
21.87 0.000419072 0.000449025 0.000614203
21.88 0.000381436 0.000477387 0.000611058
21.89 0.00034111 0.00050282 0.000607606
21.9 0.000299575 0.000524231 0.000603791
21.91 0.000256845 0.000542653 0.000600368
21.92 0.000214054 0.000557273 0.000596969
21.93 0.000169795 0.000569484 0.000594258
21.94 0.000125627 0.000577086 0.000590602
21.95 8.19563e-05 0.000583127 0.000588858
21.96 3.66989e-05 0.000584742 0.000585892
21.97 -7.0758e-06 0.000583505 0.000583548
21.98 -5.13033e-05 0.000579269 0.000581537
21.99 -9.47224e-05 0.000571321 0.00057912
22 -0.000137779 0.000560425 0.000577113
22.01 -0.000178722 0.000546295 0.000574786
22.02 -0.000219549 0.00052979 0.00057348
22.03 -0.000258168 0.000509097 0.000570816
22.04 -0.000294757 0.000487547 0.000569722
22.05 -0.0003306 0.000461949 0.000568061
22.06 -0.000363472 0.000434409 0.000566413
22.07 -0.000395024 0.000404707 0.000565537
22.08 -0.000423901 0.00037226 0.000564154
22.09 -0.000451011 0.000337615 0.000563378
22.1 -0.000474338 0.000301053 0.000561809
22.11 -0.000495943 0.000263071 0.000561396
22.12 -0.000513591 0.000222131 0.000559569
22.13 -0.000527905 0.00018184 0.000558345
22.14 -0.000539511 0.000139087 0.000557151
22.15 -0.00054673 9.61771e-05 0.000555125
22.16 -0.000551436 5.31692e-05 0.000553993
22.17 -0.000552131 9.8334e-06 0.000552219
22.18 -0.000550295 -3.36316e-05 0.000551322
22.19 -0.000544136 -7.64236e-05 0.000549477
22.2 -0.000535964 -0.000118239 0.000548851
22.21 -0.000523449 -0.000160715 0.000547565
22.22 -0.000507963 -0.000200239 0.000546006
22.23 -0.000489719 -0.000239829 0.000545291
22.24 -0.0004673 -0.000277351 0.000543409
22.25 -0.000442869 -0.000312839 0.000542219
22.26 -0.00041504 -0.00034601 0.000540353
22.27 -0.000385339 -0.00037736 0.000539339
22.28 -0.00035244 -0.000405587 0.000537322
22.29 -0.000318976 -0.000430858 0.000536082
22.3 -0.000282281 -0.000454592 0.000535104
22.31 -0.000244561 -0.000473849 0.000533238
22.32 -0.000205621 -0.00049135 0.000532639
22.33 -0.000164345 -0.000505239 0.000531297
22.34 -0.000122687 -0.000516079 0.000530462
22.35 -7.97362e-05 -0.00052291 0.000528955
22.36 -3.65761e-05 -0.000526969 0.000528237
22.37 7.66902e-06 -0.000526509 0.000526565
22.38 5.00947e-05 -0.000522207 0.000524604
22.39 9.3538e-05 -0.000515023 0.000523448
22.4 0.000135231 -0.000502871 0.000520737
22.41 0.000175394 -0.000488367 0.000518908
22.42 0.000214899 -0.00046984 0.000516653
22.43 0.000252094 -0.000448678 0.000514649
22.44 0.000287388 -0.000423793 0.000512047
22.45 0.000320264 -0.000396897 0.000509996
22.46 0.000351486 -0.000366449 0.000507767
22.47 0.000378137 -0.000333582 0.000504247
22.48 0.000403285 -0.00029904 0.000502059
22.49 0.00042425 -0.000261378 0.000498304
22.5 0.00044133 -0.000223474 0.000494684
22.51 0.000455407 -0.000183565 0.000491011
22.52 0.000465476 -0.000143751 0.000487168
22.53 0.000471831 -0.000103086 0.000482961
22.54 0.000474477 -6.33927e-05 0.000478693
22.55 0.000474738 -2.32553e-05 0.000475307
22.56 0.000469929 1.58763e-05 0.000470197
22.57 0.000463517 5.36829e-05 0.000466615
22.58 0.000453304 9.16486e-05 0.000462476
22.59 0.000439932 0.00012684 0.000457852
22.6 0.000424143 0.000161463 0.000453836
22.61 0.000405745 0.000193582 0.000449558
22.62 0.000384746 0.000224137 0.000445272
22.63 0.00036151 0.000251474 0.000440373
22.64 0.000337521 0.000277535 0.000436974
22.65 0.000310358 0.000300563 0.000432042
22.66 0.000283393 0.000320853 0.000428087
22.67 0.000254589 0.000340076 0.000424815
22.68 0.00022492 0.00035564 0.000420795
22.69 0.000194413 0.000369753 0.000417748
22.7 0.000163484 0.000381143 0.000414726
22.71 0.000131531 0.00039058 0.000412133
22.72 9.90692e-05 0.000396389 0.000408582
22.73 6.71894e-05 0.000400947 0.000406538
22.74 3.38044e-05 0.000402045 0.000403463
22.75 1.99891e-06 0.000400215 0.00040022
22.76 -3.02874e-05 0.000397021 0.000398174
22.77 -6.15456e-05 0.000390252 0.000395076
22.78 -9.22752e-05 0.000381716 0.000392711
22.79 -0.000121655 0.000370792 0.000390239
22.8 -0.000150401 0.000358208 0.000388502
22.81 -0.000178005 0.000342217 0.000385743
22.82 -0.000203608 0.000325584 0.000384007
22.83 -0.000229086 0.000306028 0.000382274
22.84 -0.000251439 0.000284096 0.000379384
22.85 -0.000272982 0.000261394 0.000377949
22.86 -0.000291792 0.000236104 0.00037535
22.87 -0.000308545 0.000209778 0.000373104
22.88 -0.000322553 0.000182202 0.000370457
22.89 -0.000334398 0.000154462 0.000368349
22.9 -0.000343712 0.0001247 0.000365634
22.91 -0.000350007 9.60059e-05 0.000362935
22.92 -0.00035529 6.62926e-05 0.000361422
22.93 -0.000356636 3.60542e-05 0.000358454
22.94 -0.000356905 6.69624e-06 0.000356968
22.95 -0.000354163 -2.32102e-05 0.000354922
22.96 -0.000349136 -5.25429e-05 0.000353067
22.97 -0.000341346 -8.1512e-05 0.000350944
22.98 -0.00033152 -0.000108771 0.000348908
22.99 -0.00031907 -0.000136396 0.000347001
23 -0.000303871 -0.000161228 0.000343995
23.01 -0.000288092 -0.000185244 0.000342509
23.02 -0.000268838 -0.000207862 0.000339824
23.03 -0.000249152 -0.000228174 0.000337846
23.04 -0.000227558 -0.000247094 0.000335914
23.05 -0.000204633 -0.000264085 0.000334089
23.06 -0.000179956 -0.000279326 0.000332276
23.07 -0.000154736 -0.000291564 0.00033008
23.08 -0.000127903 -0.000302933 0.000328828
23.09 -9.96773e-05 -0.000310428 0.000326038
23.1 -7.22152e-05 -0.000316099 0.000324244
23.11 -4.28608e-05 -0.000319048 0.000321915
23.12 -1.44781e-05 -0.000319017 0.000319345
23.13 1.37792e-05 -0.000316516 0.000316816
23.14 4.13415e-05 -0.000311376 0.000314108
23.15 6.86907e-05 -0.000304059 0.000311721
23.16 9.40735e-05 -0.000293496 0.000308204
23.17 0.000118848 -0.000282054 0.000306071
23.18 0.000142821 -0.000267076 0.000302865
23.19 0.000163811 -0.000250944 0.000299678
23.2 0.000184454 -0.00023272 0.000296954
23.21 0.000202339 -0.000212591 0.000293489
23.22 0.000218064 -0.000191274 0.000290065
23.23 0.000231144 -0.000168563 0.000286079
23.24 0.000242518 -0.000145381 0.000282756
23.25 0.000250314 -0.00012084 0.000277956
23.26 0.000256136 -9.74239e-05 0.000274038
23.27 0.000260326 -7.26482e-05 0.000270273
23.28 0.000260931 -4.91953e-05 0.000265528
23.29 0.000260784 -2.59511e-05 0.000262072
23.3 0.000258122 -3.02803e-06 0.00025814
23.31 0.000253753 1.87513e-05 0.000254445
23.32 0.000247156 3.99949e-05 0.000250371
23.33 0.000239828 5.99682e-05 0.000247212
23.34 0.000229822 7.96359e-05 0.000243229
23.35 0.000218686 9.67104e-05 0.000239116
23.36 0.000207014 0.000113962 0.000236309
23.37 0.000193043 0.000128706 0.000232015
23.38 0.000179256 0.000142127 0.000228764
23.39 0.0001644 0.000154476 0.000225588
23.4 0.000149234 0.00016502 0.000222491
23.41 0.000132976 0.000174335 0.000219261
23.42 0.000117394 0.000182284 0.000216815
23.43 0.000100313 0.0001897 0.000214589
23.44 8.31357e-05 0.000194424 0.000211453
23.45 6.62304e-05 0.000199356 0.000210069
23.46 4.81212e-05 0.000201885 0.000207541
23.47 3.07225e-05 0.000202875 0.000205188
23.48 1.3119e-05 0.000202732 0.000203156
23.49 -3.82746e-06 0.000200827 0.000200863
23.5 -2.1107e-05 0.000197301 0.000198427
23.51 -3.66627e-05 0.000192509 0.000195969
23.52 -5.26388e-05 0.000187256 0.000194514
23.53 -6.76969e-05 0.000179393 0.000191741
23.54 -8.15998e-05 0.000171997 0.000190372
23.55 -9.56268e-05 0.000162772 0.000188784
23.56 -0.000108103 0.000152281 0.000186751
23.57 -0.000120087 0.000141127 0.000185304
23.58 -0.000130403 0.000128894 0.000183354
23.59 -0.000140312 0.000115406 0.000181676
23.6 -0.000147741 0.000101217 0.000179087
23.61 -0.000154652 8.74364e-05 0.000177658
23.62 -0.000159907 7.17431e-05 0.000175263
23.63 -0.000163337 5.73963e-05 0.000173128
23.64 -0.000166337 4.25094e-05 0.000171683
23.65 -0.000167243 2.74083e-05 0.000169474
23.66 -0.000167589 1.27356e-05 0.000168072
23.67 -0.000166103 -1.68339e-06 0.000166112
23.68 -0.000164192 -1.63578e-05 0.000165005
23.69 -0.000160019 -3.09068e-05 0.000162976
23.7 -0.000155459 -4.39898e-05 0.000161563
23.71 -0.000149385 -5.8159e-05 0.000160307
23.72 -0.000141678 -7.03417e-05 0.000158179
23.73 -0.000133844 -8.19806e-05 0.000156955
23.74 -0.000124121 -9.29331e-05 0.000155056
23.75 -0.000114209 -0.000102749 0.000153627
23.76 -0.000103044 -0.000111166 0.000151578
23.77 -9.19578e-05 -0.000119036 0.000150419
23.78 -7.92887e-05 -0.000126134 0.000148985
23.79 -6.69969e-05 -0.000131015 0.000147151
23.8 -5.39752e-05 -0.000136229 0.000146532
23.81 -4.00435e-05 -0.000139195 0.00014484
23.82 -2.68462e-05 -0.00014091 0.000143445
23.83 -1.27082e-05 -0.000141312 0.000141883
23.84 8.67512e-07 -0.000140349 0.000140352
23.85 1.44968e-05 -0.000137293 0.000138057
23.86 2.69392e-05 -0.000133324 0.000136018
23.87 3.97769e-05 -0.000128464 0.000134481
23.88 5.08644e-05 -0.00012134 0.00013157
23.89 6.12445e-05 -0.000114603 0.000129942
23.9 7.1353e-05 -0.000106221 0.000127962
23.91 7.94206e-05 -9.72009e-05 0.000125521
23.92 8.72111e-05 -8.74213e-05 0.000123484
23.93 9.36e-05 -7.73635e-05 0.000121433
23.94 9.9089e-05 -6.61473e-05 0.000119139
23.95 0.000102567 -5.48153e-05 0.000116295
23.96 0.000105855 -4.39125e-05 0.000114602
23.97 0.000106906 -3.18787e-05 0.000111558
23.98 0.000106651 -2.14034e-05 0.000108778
23.99 0.000106113 -1.07133e-05 0.000106653
24 0.000103461 -8.65821e-07 0.000103464
24.01 0.000100618 8.51717e-06 0.000100977
24.02 9.69455e-05 1.68643e-05 9.84014e-05
24.03 9.29885e-05 2.50779e-05 9.63108e-05
24.04 8.76801e-05 3.27106e-05 9.3583e-05
24.05 8.31321e-05 3.90699e-05 9.18553e-05
24.06 7.73637e-05 4.59993e-05 9.0006e-05
24.07 7.09159e-05 5.10808e-05 8.73974e-05
24.08 6.51621e-05 5.61246e-05 8.60004e-05
24.09 5.8133e-05 6.00603e-05 8.35864e-05
24.1 5.13919e-05 6.34592e-05 8.1659e-05
24.11 4.46409e-05 6.58102e-05 7.95222e-05
24.12 3.83247e-05 6.78787e-05 7.79507e-05
24.13 3.11712e-05 6.95517e-05 7.62174e-05
24.14 2.53622e-05 7.01107e-05 7.4557e-05
24.15 1.911e-05 7.14077e-05 7.39206e-05
24.16 1.23938e-05 7.12332e-05 7.23033e-05
24.17 6.70941e-06 7.12727e-05 7.15878e-05
24.18 2.84617e-07 7.04754e-05 7.0476e-05
24.19 -6.0355e-06 6.9314e-05 6.95762e-05
24.2 -1.21225e-05 6.72425e-05 6.83265e-05
24.21 -1.75096e-05 6.48871e-05 6.72081e-05
24.22 -2.36735e-05 6.21643e-05 6.65194e-05
24.23 -2.82767e-05 5.83351e-05 6.48271e-05
24.24 -3.2713e-05 5.52865e-05 6.42397e-05
24.25 -3.7345e-05 5.09252e-05 6.31508e-05
24.26 -4.06536e-05 4.69615e-05 6.21135e-05
24.27 -4.40094e-05 4.24912e-05 6.11746e-05
24.28 -4.71555e-05 3.79165e-05 6.05087e-05
24.29 -4.99198e-05 3.28432e-05 5.97551e-05
24.3 -5.15545e-05 2.77302e-05 5.85391e-05
24.31 -5.39396e-05 2.26453e-05 5.85003e-05
24.32 -5.47697e-05 1.66801e-05 5.72534e-05
24.33 -5.49983e-05 1.18894e-05 5.62687e-05
24.34 -5.53602e-05 6.12843e-06 5.56984e-05
24.35 -5.43929e-05 1.12221e-06 5.44045e-05
24.36 -5.31698e-05 -3.82025e-06 5.33069e-05
24.37 -5.17046e-05 -8.53655e-06 5.24046e-05
24.38 -5.01896e-05 -1.31668e-05 5.1888e-05
24.39 -4.7482e-05 -1.74827e-05 5.05983e-05
24.4 -4.57638e-05 -2.13325e-05 5.04916e-05
24.41 -4.3023e-05 -2.58585e-05 5.0196e-05
24.42 -3.96963e-05 -2.8881e-05 4.90908e-05
24.43 -3.67492e-05 -3.26549e-05 4.91615e-05
24.44 -3.28017e-05 -3.56114e-05 4.84162e-05
24.45 -2.86178e-05 -3.80674e-05 4.76246e-05
24.46 -2.42488e-05 -4.01641e-05 4.69165e-05
24.47 -2.02136e-05 -4.1884e-05 4.65065e-05
24.48 -1.51334e-05 -4.30052e-05 4.55902e-05
24.49 -1.12087e-05 -4.33533e-05 4.47789e-05
24.5 -6.88596e-06 -4.42954e-05 4.48274e-05
24.51 -2.21898e-06 -4.35786e-05 4.36351e-05
24.52 1.79282e-06 -4.33406e-05 4.33777e-05
24.53 6.23827e-06 -4.24869e-05 4.29424e-05
24.54 1.07067e-05 -4.08864e-05 4.2265e-05
24.55 1.51369e-05 -3.88813e-05 4.17238e-05
24.56 1.87362e-05 -3.65533e-05 4.10755e-05
24.57 2.30136e-05 -3.358e-05 4.07092e-05
24.58 2.58406e-05 -2.97606e-05 3.94135e-05
24.59 2.83106e-05 -2.67369e-05 3.89403e-05
24.6 3.05972e-05 -2.235e-05 3.78907e-05
24.61 3.1784e-05 -1.84858e-05 3.67688e-05
24.62 3.26898e-05 -1.47398e-05 3.58592e-05
24.63 3.32173e-05 -1.07055e-05 3.48998e-05
24.64 3.35924e-05 -6.74072e-06 3.4262e-05
24.65 3.28003e-05 -3.19436e-06 3.29555e-05
24.66 3.26771e-05 3.34071e-07 3.26788e-05
24.67 3.13404e-05 4.32358e-06 3.16372e-05
24.68 2.95781e-05 6.85992e-06 3.03632e-05
24.69 2.78281e-05 1.01307e-05 2.96148e-05
24.7 2.52567e-05 1.26767e-05 2.82595e-05
24.71 2.26724e-05 1.44463e-05 2.68837e-05
24.72 1.98841e-05 1.60909e-05 2.55791e-05
24.73 1.76425e-05 1.74413e-05 2.48084e-05
24.74 1.46733e-05 1.80596e-05 2.32692e-05
24.75 1.28402e-05 1.8317e-05 2.23692e-05
24.76 1.06615e-05 1.92247e-05 2.19831e-05
24.77 8.46547e-06 1.86913e-05 2.0519e-05
24.78 6.80053e-06 1.88842e-05 2.00714e-05
24.79 4.69961e-06 1.89353e-05 1.95098e-05
24.8 2.90802e-06 1.83716e-05 1.86003e-05
24.81 8.96099e-07 1.79179e-05 1.79403e-05
24.82 -3.92998e-07 1.75889e-05 1.75933e-05
24.83 -2.3161e-06 1.67801e-05 1.69392e-05
24.84 -3.24475e-06 1.55953e-05 1.59292e-05
24.85 -4.2876e-06 1.54032e-05 1.59888e-05
24.86 -5.39221e-06 1.40101e-05 1.5012e-05
24.87 -5.93336e-06 1.31864e-05 1.44598e-05
24.88 -6.94908e-06 1.2696e-05 1.44733e-05
24.89 -7.6856e-06 1.1693e-05 1.39927e-05
24.9 -8.82968e-06 1.07622e-05 1.39208e-05
24.91 -9.39404e-06 1.0176e-05 1.38491e-05
24.92 -1.06178e-05 9.20658e-06 1.40534e-05
24.93 -1.10803e-05 7.63275e-06 1.34548e-05
24.94 -1.15074e-05 7.03754e-06 1.34888e-05
24.95 -1.20055e-05 5.41895e-06 1.31719e-05
24.96 -1.18137e-05 3.94334e-06 1.24544e-05
24.97 -1.19531e-05 3.01721e-06 1.2328e-05
24.98 -1.16963e-05 1.75586e-06 1.18273e-05
24.99 -1.18207e-05 3.98446e-07 1.18274e-05
25 -1.13545e-05 -3.63014e-07 1.13603e-05
25.01 -1.1533e-05 -1.22034e-06 1.15974e-05
25.02 -1.11423e-05 -2.80034e-06 1.14888e-05
25.03 -1.06133e-05 -3.29116e-06 1.11119e-05
25.04 -1.0303e-05 -4.47296e-06 1.1232e-05
25.05 -9.23981e-06 -5.75313e-06 1.08845e-05
25.06 -8.55565e-06 -6.37383e-06 1.06689e-05
25.07 -7.42612e-06 -7.03045e-06 1.02262e-05
25.08 -6.76305e-06 -7.90225e-06 1.04012e-05
25.09 -5.64698e-06 -8.13307e-06 9.90127e-06
25.1 -5.1755e-06 -8.05633e-06 9.5755e-06
25.11 -4.46643e-06 -8.85853e-06 9.92081e-06
25.12 -3.60781e-06 -8.60143e-06 9.32743e-06
25.13 -3.20297e-06 -8.73771e-06 9.30626e-06
25.14 -1.99182e-06 -9.24231e-06 9.45451e-06
25.15 -1.20346e-06 -9.20309e-06 9.28144e-06
25.16 7.75507e-08 -9.03763e-06 9.03796e-06
25.17 1.03438e-06 -9.20609e-06 9.26402e-06
25.18 2.36388e-06 -8.9103e-06 9.21854e-06
25.19 3.16027e-06 -7.95591e-06 8.56059e-06
25.2 3.98092e-06 -7.91164e-06 8.85674e-06
25.21 4.96703e-06 -6.95743e-06 8.54852e-06
25.22 5.22966e-06 -6.01981e-06 7.97417e-06
25.23 6.2074e-06 -5.61006e-06 8.36688e-06
25.24 6.66821e-06 -4.83323e-06 8.2356e-06
25.25 7.40629e-06 -3.81174e-06 8.32962e-06
25.26 7.85236e-06 -3.24261e-06 8.49553e-06
25.27 8.48372e-06 -2.49684e-06 8.84351e-06
25.28 8.57665e-06 -9.81762e-07 8.63266e-06
25.29 8.43563e-06 -3.58762e-07 8.44325e-06
25.3 8.46365e-06 8.17438e-07 8.50304e-06
25.31 7.51339e-06 2.18761e-06 7.82539e-06
25.32 7.08973e-06 2.91039e-06 7.66385e-06
25.33 6.1924e-06 3.58985e-06 7.15771e-06
25.34 5.41468e-06 4.50439e-06 7.04332e-06
25.35 4.48663e-06 4.751e-06 6.53467e-06
25.36 3.85325e-06 4.68416e-06 6.06539e-06
25.37 2.9971e-06 5.33717e-06 6.12111e-06
25.38 1.97136e-06 5.07843e-06 5.44763e-06
25.39 1.50276e-06 5.01018e-06 5.2307e-06
25.4 2.32099e-07 5.30173e-06 5.30681e-06
25.41 -4.16396e-07 5.11313e-06 5.13006e-06
25.42 -1.21695e-06 4.65399e-06 4.81046e-06
25.43 -1.82082e-06 4.58377e-06 4.93217e-06
25.44 -2.35491e-06 4.09407e-06 4.72303e-06
25.45 -2.47111e-06 3.01184e-06 3.89584e-06
25.46 -2.50346e-06 2.83835e-06 3.78465e-06
25.47 -2.75811e-06 2.04152e-06 3.43146e-06
25.48 -2.21959e-06 1.31456e-06 2.57966e-06
25.49 -2.46785e-06 1.2107e-06 2.74883e-06
25.5 -2.27622e-06 1.02421e-06 2.49603e-06
25.51 -2.17285e-06 6.19669e-07 2.25948e-06
25.52 -2.15503e-06 6.95843e-07 2.26459e-06
25.53 -2.17215e-06 7.95112e-07 2.3131e-06
25.54 -1.97263e-06 1.13046e-07 1.97587e-06
25.55 -1.67589e-06 2.64347e-07 1.69661e-06
25.56 -1.84574e-06 4.58449e-08 1.84631e-06
25.57 -1.1883e-06 -4.18322e-07 1.25978e-06
25.58 -1.2938e-06 -3.35839e-07 1.33668e-06
25.59 -1.22476e-06 -1.74046e-07 1.23707e-06
25.6 -1.10287e-06 -3.54425e-07 1.15842e-06
25.61 -1.21967e-06 -1.9583e-07 1.23529e-06
25.62 -1.39546e-06 2.12312e-07 1.41152e-06
25.63 -1.41997e-06 -2.85715e-07 1.44843e-06
25.64 -1.17941e-06 -2.05203e-07 1.19713e-06
25.65 -1.49757e-06 -2.94847e-07 1.52632e-06
25.66 -9.11537e-07 -8.39085e-07 1.23894e-06
25.67 -8.24928e-07 -1.03997e-06 1.32742e-06
25.68 -7.80035e-07 -9.69244e-07 1.24414e-06
25.69 -4.93066e-07 -1.26335e-06 1.35616e-06
25.7 -4.89856e-07 -1.3119e-06 1.40037e-06
25.71 -6.02466e-07 -8.0448e-07 1.00506e-06
25.72 -7.03397e-07 -1.11793e-06 1.32081e-06
25.73 -4.25366e-07 -9.95705e-07 1.08276e-06
25.74 -8.01797e-07 -7.93716e-07 1.12821e-06
25.75 -3.88504e-07 -1.06742e-06 1.13592e-06
25.76 -1.81122e-07 -1.26012e-06 1.27307e-06
25.77 -1.95009e-07 -1.02406e-06 1.04246e-06
25.78 1.36092e-07 -1.10923e-06 1.11754e-06
25.79 2.41121e-07 -1.23315e-06 1.25651e-06
25.8 2.38542e-07 -5.23965e-07 5.7571e-07
25.81 1.1326e-07 -5.47708e-07 5.59295e-07
25.82 4.93909e-07 -3.58525e-07 6.10317e-07
25.83 1.88346e-07 8.7758e-08 2.07787e-07
25.84 5.02821e-07 6.56793e-08 5.07092e-07
25.85 9.10325e-07 -1.56958e-07 9.23757e-07
25.86 9.51252e-07 -3.02324e-08 9.51732e-07
25.87 1.41232e-06 -1.00158e-07 1.41587e-06
25.88 1.71779e-06 -5.76225e-07 1.81186e-06
25.89 1.91775e-06 -1.40384e-07 1.92288e-06
25.9 1.82693e-06 -1.7856e-07 1.83564e-06
25.91 2.25069e-06 -2.41116e-07 2.26357e-06
25.92 1.93644e-06 1.29624e-07 1.94078e-06
25.93 1.8956e-06 2.22353e-07 1.90859e-06
25.94 2.12284e-06 -4.20699e-08 2.12326e-06
25.95 1.76371e-06 -2.4019e-08 1.76388e-06
25.96 1.75171e-06 6.89874e-09 1.75173e-06
25.97 1.62166e-06 -5.79738e-07 1.72218e-06
25.98 1.39338e-06 -3.38236e-07 1.43384e-06
25.99 7.52269e-07 -2.64634e-07 7.97459e-07
26 6.68571e-07 -3.64779e-07 7.61611e-07
