0 1.90032e-05 -9.79992e-06 2.13813e-05
0.01 3.83151e-05 -1.88038e-05 4.26806e-05
0.02 5.65102e-05 -2.80395e-05 6.30842e-05
0.03 7.46696e-05 -3.7466e-05 8.3542e-05
0.04 9.24401e-05 -4.65371e-05 0.000103493
0.05 0.000109652 -5.48897e-05 0.000122623
0.06 0.000126866 -6.30293e-05 0.00014166
0.07 0.000142471 -7.13351e-05 0.000159332
0.08 0.000157211 -7.87968e-05 0.000175853
0.09 0.000170988 -8.51528e-05 0.000191018
0.1 0.000182766 -9.16885e-05 0.000204476
0.11 0.000193869 -9.76369e-05 0.000217067
0.12 0.000203579 -0.000102649 0.000227994
0.13 0.000211839 -0.000106727 0.000237205
0.14 0.000218798 -0.000110562 0.000245146
0.15 0.000223266 -0.000113944 0.000250661
0.16 0.000226534 -0.000115955 0.000254487
0.17 0.000228183 -0.000117175 0.00025651
0.18 0.000227786 -0.000118365 0.000256703
0.19 0.000226629 -0.000118558 0.000255767
0.2 0.000223609 -0.00011756 0.000252629
0.21 0.00021891 -0.000115988 0.000247739
0.22 0.000212533 -0.000114026 0.000241189
0.23 0.000203927 -0.000111335 0.00023234
0.24 0.000194496 -0.000107247 0.000222105
0.25 0.000183405 -0.000102988 0.000210342
0.26 0.000170625 -9.85434e-05 0.000197037
0.27 0.000157209 -9.30261e-05 0.000182671
0.28 0.000141771 -8.67897e-05 0.000166227
0.29 0.00012506 -8.05681e-05 0.000148766
0.3 0.000107181 -7.41289e-05 0.000130318
0.31 8.81165e-05 -6.70112e-05 0.000110702
0.32 6.92144e-05 -5.92385e-05 9.11034e-05
0.33 4.92133e-05 -5.19096e-05 7.15301e-05
0.34 2.87372e-05 -4.44396e-05 5.29217e-05
0.35 8.4537e-06 -3.61746e-05 3.71493e-05
0.36 -1.28718e-05 -2.80569e-05 3.08687e-05
0.37 -3.39176e-05 -2.03098e-05 3.95334e-05
0.38 -5.4743e-05 -1.24895e-05 5.61497e-05
0.39 -7.516e-05 -4.25589e-06 7.52804e-05
0.4 -9.44746e-05 3.75369e-06 9.45491e-05
0.41 -0.000114068 1.10877e-05 0.000114606
0.42 -0.00013283 1.84902e-05 0.000134111
0.43 -0.00015046 2.6217e-05 0.000152727
0.44 -0.000168 3.30852e-05 0.000171227
0.45 -0.00018376 3.96079e-05 0.00018798
0.46 -0.000198163 4.62003e-05 0.000203478
0.47 -0.00021105 5.28493e-05 0.000217566
0.48 -0.000222211 5.87223e-05 0.000229839
0.49 -0.000232692 6.40598e-05 0.000241348
0.5 -0.000240883 6.94931e-05 0.000250706
0.51 -0.000247151 7.47524e-05 0.000258208
0.52 -0.000252106 7.90034e-05 0.000264195
0.53 -0.000254216 8.30515e-05 0.000267438
0.54 -0.000254556 8.71258e-05 0.000269053
0.55 -0.00025305 9.07103e-05 0.000268818
0.56 -0.000249828 9.34229e-05 0.000266724
0.57 -0.000245331 9.57788e-05 0.000263364
0.58 -0.000238116 9.82422e-05 0.000257586
0.59 -0.000229308 0.000100023 0.000250174
0.6 -0.00021914 0.000101077 0.000241328
0.61 -0.000206427 0.000102067 0.000230282
0.62 -0.000192657 0.000102977 0.000218452
0.63 -0.000177525 0.00010296 0.000205222
0.64 -0.000161084 0.000102329 0.000190838
0.65 -0.000143401 0.000101654 0.000175777
0.66 -0.000123441 0.0001009 0.000159432
0.67 -0.000102962 9.93202e-05 0.000143058
0.68 -8.16102e-05 9.72434e-05 0.000126951
0.69 -5.87585e-05 9.51646e-05 0.000111843
0.7 -3.61628e-05 9.26613e-05 9.94679e-05
0.71 -1.29797e-05 8.9332e-05 9.027e-05
0.72 1.05398e-05 8.57376e-05 8.6383e-05
0.73 3.44053e-05 8.22952e-05 8.91976e-05
0.74 5.87308e-05 7.83577e-05 9.79246e-05
0.75 8.17149e-05 7.3771e-05 0.000110089
0.76 0.00010443 6.88781e-05 0.000125099
0.77 0.000127036 6.39187e-05 0.00014221
0.78 0.000147857 5.83036e-05 0.000158937
0.79 0.000168288 5.21524e-05 0.000176184
0.8 0.000187825 4.60762e-05 0.000193394
0.81 0.000206457 4.00839e-05 0.000210312
0.82 0.000223817 3.33215e-05 0.000226284
0.83 0.000238758 2.62365e-05 0.000240195
0.84 0.000252817 1.89968e-05 0.00025353
0.85 0.000265486 1.18396e-05 0.00026575
0.86 0.000275519 4.2907e-06 0.000275553
0.87 0.000284611 -3.3433e-06 0.00028463
0.88 0.000291687 -1.06922e-05 0.000291883
0.89 0.000296655 -1.82003e-05 0.000297213
0.9 0.00029916 -2.63044e-05 0.000300314
0.91 0.000298997 -3.43208e-05 0.00030096
0.92 0.000297775 -4.22545e-05 0.000300758
0.93 0.000294181 -5.01373e-05 0.000298423
0.94 0.000287877 -5.80206e-05 0.000293666
0.95 0.000280459 -6.58347e-05 0.000288083
0.96 0.000270758 -7.31645e-05 0.000280469
0.97 0.000258907 -8.08146e-05 0.000271226
0.98 0.000245019 -8.84287e-05 0.000260488
0.99 0.000229472 -9.54081e-05 0.000248516
1 0.000213355 -0.000101947 0.000236461
1.01 0.000194993 -0.000108067 0.000222937
1.02 0.000174992 -0.000113838 0.000208761
1.03 0.000154594 -0.000119341 0.000195298
1.04 0.000132336 -0.000124222 0.000181505
1.05 0.000108947 -0.00012904 0.000168881
1.06 8.47336e-05 -0.000133165 0.000157837
1.07 6.02079e-05 -0.000136287 0.000148994
1.08 3.56307e-05 -0.00013902 0.000143513
1.09 9.60531e-06 -0.000140969 0.000141296
1.1 -1.63608e-05 -0.000142529 0.000143464
1.11 -4.1553e-05 -0.000143559 0.000149451
1.12 -6.74579e-05 -0.000143603 0.000158658
1.13 -9.26372e-05 -0.000143104 0.000170471
1.14 -0.000117044 -0.00014146 0.000183603
1.15 -0.000140267 -0.000138841 0.000197362
1.16 -0.000162741 -0.000135871 0.000212004
1.17 -0.00018498 -0.000131925 0.000227204
1.18 -0.000205307 -0.000127707 0.000241785
1.19 -0.000223851 -0.000122691 0.00025527
1.2 -0.000242002 -0.000116517 0.000268591
1.21 -0.000257974 -0.000109853 0.000280389
1.22 -0.000272273 -0.000102216 0.000290827
1.23 -0.000284775 -9.40773e-05 0.000299912
1.24 -0.000295927 -8.57285e-05 0.000308095
1.25 -0.000305591 -7.64834e-05 0.000315017
1.26 -0.000312389 -6.71088e-05 0.000319516
1.27 -0.000317352 -5.67041e-05 0.000322378
1.28 -0.000321047 -4.52387e-05 0.000324218
1.29 -0.000321881 -3.3807e-05 0.000323651
1.3 -0.000320693 -2.16723e-05 0.000321425
1.31 -0.00031765 -9.45388e-06 0.000317791
1.32 -0.000312826 3.19888e-06 0.000312842
1.33 -0.000305896 1.65194e-05 0.000306342
1.34 -0.000296272 2.98095e-05 0.000297768
1.35 -0.00028553 4.39906e-05 0.000288899
1.36 -0.000273371 5.85055e-05 0.000279561
1.37 -0.000258815 7.22631e-05 0.000268714
1.38 -0.000242957 8.63748e-05 0.000257854
1.39 -0.000225898 0.000100236 0.000247139
1.4 -0.000207523 0.000114248 0.000236893
1.41 -0.000187633 0.000128265 0.000227284
1.42 -0.000166335 0.000141688 0.000218502
1.43 -0.000144699 0.000155535 0.000212436
1.44 -0.000121992 0.000168531 0.00020805
1.45 -9.7777e-05 0.000180297 0.000205103
1.46 -7.34029e-05 0.000192382 0.000205909
1.47 -4.85179e-05 0.000203824 0.000209519
1.48 -2.3223e-05 0.000214954 0.000216205
1.49 2.60005e-06 0.00022523 0.000225245
1.5 2.83451e-05 0.000234468 0.000236175
1.51 5.3687e-05 0.000243417 0.000249267
1.52 7.91332e-05 0.000250472 0.000262676
1.53 0.000104543 0.000256196 0.000276705
1.54 0.000128751 0.000261937 0.000291869
1.55 0.000152437 0.000266005 0.000306587
1.56 0.000175376 0.000268833 0.00032098
1.57 0.000197628 0.000269902 0.000334521
1.58 0.000218647 0.000269532 0.000347065
1.59 0.000238599 0.000268194 0.000358967
1.6 0.000257556 0.000264454 0.000369149
1.61 0.000275212 0.000259677 0.000378383
1.62 0.000290933 0.000254461 0.000386513
1.63 0.000305371 0.000246766 0.000392612
1.64 0.000318407 0.000237631 0.000397305
1.65 0.000329874 0.000226703 0.000400263
1.66 0.000339615 0.00021448 0.000401671
1.67 0.000347567 0.000200923 0.000401463
1.68 0.000353675 0.00018498 0.000399128
1.69 0.00035779 0.00016842 0.000395448
1.7 0.000360017 0.00015069 0.000390282
1.71 0.000360526 0.000130226 0.000383325
1.72 0.000359484 0.000108709 0.000375561
1.73 0.000356512 8.59354e-05 0.000366723
1.74 0.000351745 6.22977e-05 0.000357219
1.75 0.000345046 3.74981e-05 0.000347078
1.76 0.000336511 1.12232e-05 0.000336698
1.77 0.000326611 -1.48628e-05 0.000326949
1.78 0.000315226 -4.19014e-05 0.000317999
1.79 0.000302386 -7.04839e-05 0.000310492
1.8 0.000288338 -9.85052e-05 0.0003047
1.81 0.000272723 -0.000126731 0.00030073
1.82 0.000255663 -0.000154834 0.000298893
1.83 0.000237244 -0.00018322 0.000299757
1.84 0.000217731 -0.000211511 0.000303552
1.85 0.000197769 -0.000238575 0.000309888
1.86 0.000176524 -0.000265677 0.000318975
1.87 0.000154254 -0.00029245 0.000330637
1.88 0.000131405 -0.000317082 0.000343233
1.89 0.000107417 -0.00034099 0.000357509
1.9 8.27284e-05 -0.000363385 0.000372683
1.91 5.75553e-05 -0.000384555 0.000388838
1.92 3.23063e-05 -0.000403645 0.000404936
1.93 7.21416e-06 -0.000420301 0.000420363
1.94 -1.9013e-05 -0.000435466 0.000435881
1.95 -4.54297e-05 -0.000448293 0.000450589
1.96 -7.15494e-05 -0.000457785 0.000463342
1.97 -9.81809e-05 -0.000465498 0.000475739
1.98 -0.000124484 -0.000470365 0.000486559
1.99 -0.000150479 -0.000472667 0.000496042
2 -0.000175862 -0.000471914 0.000503617
2.01 -0.00020098 -0.000468168 0.000509485
2.02 -0.000226754 -0.000462247 0.000514869
2.03 -0.000251467 -0.000453122 0.000518223
2.04 -0.000275044 -0.000440789 0.000519561
2.05 -0.000298574 -0.000426125 0.000520316
2.06 -0.000320683 -0.000408219 0.000519115
2.07 -0.000341872 -0.000387452 0.000516716
2.08 -0.000361873 -0.000363796 0.000513127
2.09 -0.000381265 -0.000337338 0.000509078
2.1 -0.000400116 -0.000308639 0.000505322
2.11 -0.000416559 -0.000277033 0.000500269
2.12 -0.000431568 -0.000242885 0.000495221
2.13 -0.000445927 -0.000206673 0.000491492
2.14 -0.000458026 -0.000168137 0.000487912
2.15 -0.000468732 -0.000128058 0.00048591
2.16 -0.000477764 -8.64017e-05 0.000485514
2.17 -0.000485421 -4.33756e-05 0.000487355
2.18 -0.000491148 6.92506e-07 0.000491148
2.19 -0.000493654 4.58359e-05 0.000495778
2.2 -0.000494648 9.18611e-05 0.000503106
2.21 -0.000494175 0.000138156 0.000513124
2.22 -0.000490582 0.000184578 0.000524156
2.23 -0.000485336 0.00023057 0.00053732
2.24 -0.000477651 0.00027651 0.000551913
2.25 -0.000467975 0.000322034 0.000568072
2.26 -0.000455609 0.000366735 0.000584871
2.27 -0.000440279 0.00041031 0.00060183
2.28 -0.000423645 0.000452853 0.000620121
2.29 -0.000404847 0.000493383 0.000638223
2.3 -0.000382781 0.000531667 0.000655127
2.31 -0.000359144 0.000567848 0.00067189
2.32 -0.00033275 0.000602091 0.000687922
2.33 -0.000304333 0.000633766 0.000703049
2.34 -0.000273337 0.000662287 0.000716476
2.35 -0.000239978 0.000687656 0.000728328
2.36 -0.00020542 0.000710166 0.000739278
2.37 -0.000168408 0.000728694 0.000747901
2.38 -0.000128952 0.000743469 0.000754569
2.39 -8.8581e-05 0.000755415 0.000760591
2.4 -4.6086e-05 0.000763836 0.000765225
2.41 -2.48841e-06 0.00076833 0.000768334
2.42 4.25526e-05 0.000768376 0.000769553
2.43 8.8835e-05 0.000764725 0.000769867
2.44 0.000135389 0.000757491 0.000769495
2.45 0.000183276 0.000745611 0.000767805
2.46 0.000231651 0.000730004 0.000765877
2.47 0.000279785 0.000711381 0.000764423
2.48 0.000328498 0.00068827 0.000762645
2.49 0.000376653 0.000660969 0.000760755
2.5 0.000424712 0.000629502 0.000759377
2.51 0.000472227 0.000594872 0.000759521
2.52 0.00051838 0.000556953 0.000760864
2.53 0.000563521 0.000514907 0.000763338
2.54 0.000607068 0.000470274 0.000767912
2.55 0.000648617 0.000423085 0.000774406
2.56 0.000688527 0.000372012 0.000782599
2.57 0.000725604 0.000318472 0.000792418
2.58 0.000760563 0.000262542 0.000804602
2.59 0.000792535 0.000205093 0.000818642
2.6 0.000820887 0.000145632 0.000833705
2.61 0.000845892 8.38199e-05 0.000850035
2.62 0.000867646 2.13215e-05 0.000867908
2.63 0.000885708 -4.2406e-05 0.000886723
2.64 0.000899944 -0.000108038 0.000906406
2.65 0.000909688 -0.000173526 0.000926091
2.66 0.000915661 -0.000239528 0.000946471
2.67 0.000916832 -0.000305066 0.000966253
2.68 0.000913022 -0.00037079 0.000985441
2.69 0.000904826 -0.000436378 0.00100456
2.7 0.000892491 -0.000500345 0.00102317
2.71 0.000874984 -0.000563504 0.00104074
2.72 0.000852102 -0.000625665 0.00105714
2.73 0.000824168 -0.000685192 0.00107179
2.74 0.000791406 -0.000743308 0.00108574
2.75 0.000753302 -0.000798767 0.00109795
2.76 0.000710003 -0.000852097 0.00110913
2.77 0.000662572 -0.000902923 0.00111994
2.78 0.000610738 -0.000950012 0.00112939
2.79 0.000553516 -0.000994345 0.00113803
2.8 0.000491533 -0.00103518 0.00114595
2.81 0.000425931 -0.00107182 0.00115335
2.82 0.000356257 -0.00110522 0.00116122
2.83 0.000282789 -0.00113369 0.00116842
2.84 0.000205772 -0.00115802 0.00117616
2.85 0.000126162 -0.0011779 0.00118464
2.86 4.34492e-05 -0.00119246 0.00119325
2.87 -4.29449e-05 -0.00120251 0.00120327
2.88 -0.000131297 -0.00120744 0.00121456
2.89 -0.000220901 -0.00120706 0.0012271
2.9 -0.000312433 -0.00120169 0.00124164
2.91 -0.000404929 -0.00118996 0.00125697
2.92 -0.000498244 -0.00117337 0.00127477
2.93 -0.000591427 -0.0011514 0.00129442
2.94 -0.000684667 -0.00112345 0.00131564
2.95 -0.000777764 -0.00109 0.00133903
2.96 -0.000868744 -0.00105097 0.00136354
2.97 -0.000957571 -0.00100605 0.00138891
2.98 -0.00104479 -0.000955363 0.00141574
2.99 -0.00112878 -0.000898493 0.00144272
3 -0.00121002 -0.000837228 0.00147143
3.01 -0.0012871 -0.000770506 0.0015001
3.02 -0.00136019 -0.000697993 0.00152883
3.03 -0.00142885 -0.000620453 0.00155774
3.04 -0.00149165 -0.00053831 0.00158581
3.05 -0.00154913 -0.000451202 0.0016135
3.06 -0.00160111 -0.000359504 0.00164098
3.07 -0.00164606 -0.000263876 0.00166708
3.08 -0.00168489 -0.000165276 0.00169298
3.09 -0.00171578 -6.26207e-05 0.00171692
3.1 -0.00173924 4.39623e-05 0.0017398
3.11 -0.00175509 0.000153067 0.00176175
3.12 -0.00176225 0.000264326 0.00178197
3.13 -0.00176129 0.000377986 0.00180139
3.14 -0.00175156 0.000493305 0.0018197
3.15 -0.00173258 0.000609166 0.00183655
3.16 -0.00170538 0.000725742 0.00185338
3.17 -0.00166819 0.000843032 0.00186911
3.18 -0.00162235 0.000960422 0.00188532
3.19 -0.00156793 0.00107619 0.00190174
3.2 -0.00150389 0.00119017 0.00191786
3.21 -0.00143105 0.00130249 0.00193504
3.22 -0.00134925 0.00141191 0.00195294
3.23 -0.00125903 0.00151775 0.00197198
3.24 -0.001161 0.00162028 0.0019933
3.25 -0.0010538 0.00171835 0.00201574
3.26 -0.000939505 0.0018115 0.00204064
3.27 -0.00081787 0.00189834 0.00206703
3.28 -0.000688359 0.00197887 0.00209518
3.29 -0.000552155 0.00205312 0.00212607
3.3 -0.000410143 0.0021197 0.00215902
3.31 -0.000262852 0.0021783 0.0021941
3.32 -0.000110546 0.00222879 0.00223153
3.33 4.71689e-05 0.0022695 0.00226999
3.34 0.000207834 0.00230104 0.00231041
3.35 0.000371839 0.00232193 0.00235151
3.36 0.000538931 0.00233228 0.00239374
3.37 0.000707458 0.00233202 0.00243697
3.38 0.000876363 0.00232005 0.00248005
3.39 0.00104562 0.00229638 0.00252323
3.4 0.0012149 0.00226082 0.00256657
3.41 0.00138342 0.00221246 0.00260937
3.42 0.00154916 0.00215291 0.00265234
3.43 0.00171226 0.00208021 0.00269427
3.44 0.00187192 0.00199512 0.00273579
3.45 0.0020265 0.00189802 0.00277655
3.46 0.00217541 0.0017884 0.00281616
3.47 0.00231858 0.00166672 0.00285548
3.48 0.00245514 0.00153299 0.00289444
3.49 0.0025836 0.00138755 0.00293263
3.5 0.00270311 0.00123177 0.00297053
3.51 0.00281305 0.00106376 0.00300747
3.52 0.00291311 0.000885359 0.00304468
3.53 0.00300203 0.000697754 0.00308205
3.54 0.00307951 0.000500601 0.00311994
3.55 0.00314518 0.00029504 0.00315899
3.56 0.00319791 8.15328e-05 0.00319895
3.57 0.00323683 -0.000138604 0.0032398
3.58 0.00326185 -0.000364323 0.00328213
3.59 0.00327189 -0.000596426 0.00332581
3.6 0.00326755 -0.000831764 0.00337175
3.61 0.00324774 -0.0010693 0.00341924
3.62 0.00321205 -0.00130903 0.00346855
3.63 0.00316045 -0.00154954 0.00351988
3.64 0.00309239 -0.00178967 0.00357293
3.65 0.0030081 -0.00202797 0.00362786
3.66 0.00290763 -0.00226332 0.00368469
3.67 0.00279006 -0.0024953 0.00374312
3.68 0.00265726 -0.0027208 0.00380313
3.69 0.002508 -0.0029394 0.00386395
3.7 0.00234252 -0.00315065 0.00392607
3.71 0.00216169 -0.00335285 0.0039893
3.72 0.00196592 -0.0035445 0.00405319
3.73 0.00175566 -0.0037243 0.00411737
3.74 0.00153112 -0.00389099 0.0041814
3.75 0.00129224 -0.00404361 0.00424508
3.76 0.00104195 -0.00418043 0.00430832
3.77 0.000778863 -0.00430101 0.00437096
3.78 0.000504469 -0.00440462 0.00443341
3.79 0.000220445 -0.0044898 0.0044952
3.8 -7.25649e-05 -0.00455554 0.00455612
3.81 -0.000373692 -0.004601 0.00461615
3.82 -0.000682174 -0.00462543 0.00467547
3.83 -0.000996404 -0.00462847 0.00473451
3.84 -0.00131346 -0.00460983 0.0047933
3.85 -0.00163428 -0.00456836 0.00485189
3.86 -0.00195641 -0.00450418 0.00491072
3.87 -0.00227793 -0.00441671 0.00496954
3.88 -0.00259829 -0.00430576 0.00502898
3.89 -0.00291566 -0.00417112 0.00508914
3.9 -0.00322872 -0.00401294 0.00515057
3.91 -0.00353509 -0.00383177 0.00521338
3.92 -0.00383272 -0.00362799 0.00527751
3.93 -0.00412177 -0.00340043 0.0053434
3.94 -0.00439952 -0.00315123 0.00541165
3.95 -0.00466432 -0.00288075 0.00548221
3.96 -0.00491511 -0.00258932 0.00555544
3.97 -0.00514952 -0.00227788 0.00563083
3.98 -0.00536625 -0.00194738 0.00570867
3.99 -0.00556343 -0.00159943 0.00578877
4 -0.00573956 -0.00123485 0.0058709
4.01 -0.0058942 -0.000853616 0.00595569
4.02 -0.00602524 -0.000459666 0.00604275
4.03 -0.0061315 -5.31435e-05 0.00613173
4.04 -0.00621173 0.000364808 0.00622243
4.05 -0.00626445 0.000792249 0.00631435
4.06 -0.00628938 0.00122723 0.006408
4.07 -0.00628557 0.00166754 0.00650301
4.08 -0.00625193 0.00211155 0.00659888
4.09 -0.00618807 0.00255815 0.006696
4.1 -0.00609369 0.00300301 0.00679346
4.11 -0.00596769 0.0034463 0.00689132
4.12 -0.00580983 0.0038856 0.00698942
4.13 -0.00562022 0.00431825 0.0070876
4.14 -0.00539947 0.00474213 0.00718624
4.15 -0.00514723 0.00515473 0.00728458
4.16 -0.00486332 0.00555433 0.00738258
4.17 -0.00454868 0.00593942 0.00748112
4.18 -0.00420492 0.00630651 0.00757981
4.19 -0.00383123 0.00665516 0.00767915
4.2 -0.00342943 0.00698226 0.00777901
4.21 -0.00300096 0.00728554 0.00787939
4.22 -0.00254709 0.00756348 0.00798084
4.23 -0.00206873 0.00781342 0.00808265
4.24 -0.00156733 0.0080344 0.00818585
4.25 -0.00104552 0.00822489 0.00829108
4.26 -0.00050576 0.00838253 0.00839777
4.27 5.20427e-05 0.00850599 0.00850615
4.28 0.000624201 0.00859356 0.0086162
4.29 0.00120865 0.00864425 0.00872833
4.3 0.00180332 0.00865726 0.00884308
4.31 0.00240543 0.00863067 0.00895961
4.32 0.00301257 0.00856464 0.00907902
4.33 0.00362135 0.00845851 0.00920112
4.34 0.00422902 0.00831095 0.00932504
4.35 0.00483456 0.00812131 0.00945139
4.36 0.00543301 0.00789025 0.00957985
4.37 0.00602237 0.00761775 0.00971077
4.38 0.00659931 0.00730365 0.00984348
4.39 0.0071604 0.00694767 0.00997704
4.4 0.00770354 0.0065513 0.0101126
4.41 0.00822536 0.00611529 0.0102495
4.42 0.00872278 0.00563984 0.0103872
4.43 0.009194 0.00512593 0.0105264
4.44 0.00963452 0.00457653 0.0106662
4.45 0.0100427 0.00399189 0.010807
4.46 0.0104149 0.00337382 0.0109477
4.47 0.0107488 0.00272417 0.0110886
4.48 0.0110432 0.00204588 0.0112311
4.49 0.0112947 0.00134115 0.011374
4.5 0.0115006 0.000611977 0.0115169
4.51 0.0116598 -0.000139333 0.0116606
4.52 0.0117697 -0.000908472 0.0118047
4.53 0.0118291 -0.00169443 0.0119498
4.54 0.0118357 -0.00249293 0.0120954
4.55 0.011789 -0.00330079 0.0122424
4.56 0.0116887 -0.00411463 0.0123918
4.57 0.0115323 -0.0049306 0.0125421
4.58 0.0113192 -0.00574587 0.0126941
4.59 0.0110501 -0.00655691 0.0128491
4.6 0.0107248 -0.00735877 0.0130067
4.61 0.0103425 -0.00814877 0.013167
4.62 0.00990401 -0.00892155 0.0133298
4.63 0.00941004 -0.00967409 0.0134958
4.64 0.00886184 -0.0104028 0.0136657
4.65 0.00825945 -0.0111028 0.013838
4.66 0.0076049 -0.0117713 0.0140142
4.67 0.00690041 -0.0124045 0.0141947
4.68 0.00614779 -0.0129976 0.0143782
4.69 0.00534805 -0.0135475 0.0145649
4.7 0.00450494 -0.01405 0.0147545
4.71 0.00362075 -0.014503 0.0149482
4.72 0.00269892 -0.0149029 0.0151453
4.73 0.00174239 -0.0152451 0.0153444
4.74 0.000754404 -0.0155283 0.0155466
4.75 -0.000261218 -0.0157492 0.0157513
4.76 -0.00130059 -0.0159044 0.0159575
4.77 -0.0023606 -0.0159922 0.0161655
4.78 -0.00343541 -0.0160107 0.0163752
4.79 -0.00452208 -0.0159587 0.016587
4.8 -0.00561476 -0.0158337 0.0167997
4.81 -0.00670942 -0.0156339 0.0170128
4.82 -0.0078022 -0.0153602 0.0172282
4.83 -0.00888742 -0.0150112 0.0174448
4.84 -0.00995952 -0.0145862 0.0176621
4.85 -0.0110143 -0.0140856 0.0178807
4.86 -0.0120456 -0.0135103 0.0181004
4.87 -0.0130499 -0.0128604 0.0183218
4.88 -0.0140203 -0.0121373 0.0185441
4.89 -0.0149528 -0.0113421 0.0187678
4.9 -0.0158435 -0.0104776 0.0189947
4.91 -0.0166856 -0.00954547 0.019223
4.92 -0.0174742 -0.00854804 0.019453
4.93 -0.0182058 -0.00748802 0.0196856
4.94 -0.0188753 -0.00636941 0.019921
4.95 -0.0194789 -0.00519517 0.0201598
4.96 -0.0200111 -0.00397048 0.0204012
4.97 -0.0204689 -0.00269839 0.020646
4.98 -0.020849 -0.00138368 0.0208949
4.99 -0.0211461 -3.16368e-05 0.0211461
5 -0.021358 0.00135316 0.0214008
5.01 -0.021482 0.00276546 0.0216593
5.02 -0.0215153 0.00419876 0.0219212
5.03 -0.0214553 0.00564769 0.0221862
5.04 -0.0212999 0.00710532 0.0224537
5.05 -0.0210478 0.00856743 0.0227246
5.06 -0.0206984 0.0100269 0.0229991
5.07 -0.0202499 0.0114759 0.0232757
5.08 -0.0197028 0.0129091 0.0235552
5.09 -0.0190568 0.0143197 0.0238373
5.1 -0.0183124 0.0157001 0.0241213
5.11 -0.0174706 0.0170444 0.0244076
5.12 -0.0165331 0.0183449 0.0246958
5.13 -0.0155013 0.019597 0.0249866
5.14 -0.0143785 0.0207922 0.0252796
5.15 -0.0131666 0.0219235 0.0255734
5.16 -0.0118686 0.0229863 0.0258695
5.17 -0.0104881 0.0239736 0.0261674
5.18 -0.00903016 0.0248793 0.0264674
5.19 -0.007499 0.0256981 0.0267699
5.2 -0.00589999 0.0264239 0.0270746
5.21 -0.00423715 0.0270523 0.0273821
5.22 -0.00251825 0.0275778 0.0276925
5.23 -0.000748274 0.0279954 0.0280054
5.24 0.00106665 0.0283023 0.0283224
5.25 0.00291857 0.0284935 0.0286426
5.26 0.00479971 0.0285662 0.0289666
5.27 0.00670351 0.028517 0.0292943
5.28 0.00862192 0.0283433 0.0296257
5.29 0.010548 0.0280439 0.029962
5.3 0.0124715 0.0276177 0.030303
5.31 0.0143852 0.0270626 0.0306483
5.32 0.016281 0.0263788 0.0309986
5.33 0.0181487 0.0255663 0.031353
5.34 0.0199805 0.0246263 0.0317124
5.35 0.0217678 0.0235595 0.0320762
5.36 0.0235015 0.022368 0.0324445
5.37 0.0251733 0.0210546 0.0328176
5.38 0.0267736 0.0196229 0.0331947
5.39 0.0282946 0.0180743 0.0335748
5.4 0.0297285 0.0164139 0.0339588
5.41 0.0310661 0.0146472 0.034346
5.42 0.0323008 0.0127793 0.0347369
5.43 0.033424 0.0108154 0.0351303
5.44 0.0344286 0.00876243 0.0355262
5.45 0.0353087 0.00662691 0.0359252
5.46 0.0360571 0.00441711 0.0363267
5.47 0.0366677 0.00213902 0.03673
5.48 0.0371356 -0.000197454 0.0371361
5.49 0.0374551 -0.00258313 0.0375441
5.5 0.0376221 -0.00500991 0.0379542
5.51 0.0376315 -0.00746798 0.0383654
5.52 0.0374815 -0.00994756 0.0387791
5.53 0.0371696 -0.0124389 0.0391958
5.54 0.0366932 -0.0149303 0.0396145
5.55 0.03605 -0.0174127 0.040035
5.56 0.0352409 -0.0198744 0.0404588
5.57 0.0342651 -0.0223046 0.0408851
5.58 0.0331236 -0.0246929 0.0413147
5.59 0.0318177 -0.0270269 0.0417471
5.6 0.0303508 -0.0292969 0.0421839
5.61 0.0287251 -0.0314915 0.0426245
5.62 0.0269444 -0.0335988 0.0430683
5.63 0.0250119 -0.0356093 0.0435157
5.64 0.0229348 -0.0375125 0.0439681
5.65 0.0207181 -0.0392975 0.0444245
5.66 0.0183684 -0.0409544 0.044885
5.67 0.0158934 -0.0424727 0.045349
5.68 0.0133006 -0.0438452 0.0458182
5.69 0.0105989 -0.0450619 0.0462915
5.7 0.0077979 -0.0461142 0.0467689
5.71 0.00490654 -0.0469951 0.0472506
5.72 0.00193666 -0.0476978 0.0477371
5.73 -0.00110138 -0.0482142 0.0482268
5.74 -0.00419619 -0.0485391 0.0487202
5.75 -0.00733533 -0.0486674 0.0492171
5.76 -0.0105077 -0.0485956 0.0497187
5.77 -0.0136987 -0.0483191 0.0502234
5.78 -0.0168958 -0.0478349 0.0507311
5.79 -0.0200869 -0.0471409 0.0512421
5.8 -0.0232578 -0.0462369 0.0517569
5.81 -0.0263945 -0.0451213 0.0522743
5.82 -0.0294835 -0.043796 0.0527955
5.83 -0.0325106 -0.0422621 0.0533201
5.84 -0.035463 -0.0405221 0.0538485
5.85 -0.038325 -0.0385794 0.0543799
5.86 -0.0410843 -0.0364381 0.054915
5.87 -0.0437281 -0.0341028 0.055454
5.88 -0.0462422 -0.0315813 0.0559975
5.89 -0.048613 -0.0288793 0.0565441
5.9 -0.0508288 -0.0260054 0.0570951
5.91 -0.0528771 -0.0229676 0.0576498
5.92 -0.0547472 -0.0197757 0.0582094
5.93 -0.0564269 -0.0164417 0.0587735
5.94 -0.0579067 -0.0129754 0.0593426
5.95 -0.0591762 -0.00938859 0.0599163
5.96 -0.0602265 -0.0056957 0.0604952
5.97 -0.0610483 -0.00190889 0.0610782
5.98 -0.0616354 0.00195751 0.0616665
5.99 -0.0619801 0.00588881 0.0622592
6 -0.0620775 0.00986961 0.0628572
6.01 -0.0619222 0.013883 0.0634594
6.02 -0.0615096 0.0179154 0.0640655
6.03 -0.0608371 0.0219495 0.0646756
6.04 -0.059904 0.025968 0.0652903
6.05 -0.0587082 0.0299545 0.0659084
6.06 -0.0572504 0.0338917 0.0665301
6.07 -0.0555316 0.0377621 0.0671545
6.08 -0.0535549 0.0415492 0.0677825
6.09 -0.051324 0.0452351 0.0684132
6.1 -0.0488421 0.0488039 0.0690461
6.11 -0.0461167 0.0522381 0.0696819
6.12 -0.0431548 0.0555212 0.0703203
6.13 -0.0399628 0.0586367 0.0709598
6.14 -0.0365505 0.0615693 0.0716011
6.15 -0.0329281 0.0643037 0.0722442
6.16 -0.0291074 0.0668264 0.0728903
6.17 -0.0251009 0.0691218 0.0735382
6.18 -0.0209201 0.071177 0.0741877
6.19 -0.0165809 0.0729802 0.07484
6.2 -0.0120976 0.0745198 0.0754954
6.21 -0.00748582 0.075784 0.0761528
6.22 -0.00276312 0.0767641 0.0768138
6.23 0.00205323 0.0774509 0.0774781
6.24 0.0069452 0.0778373 0.0781465
6.25 0.0118933 0.0779154 0.0788179
6.26 0.0168801 0.0776803 0.0794932
6.27 0.0218846 0.0771292 0.0801738
6.28 0.0268871 0.076258 0.0808591
6.29 0.0318662 0.0750643 0.0815482
6.3 0.0368021 0.0735488 0.0822424
6.31 0.041674 0.0717115 0.0829413
6.32 0.0464613 0.0695558 0.083646
6.33 0.0511416 0.0670848 0.0843554
6.34 0.0556959 0.0643029 0.0850699
6.35 0.0601029 0.0612178 0.0857903
6.36 0.0643421 0.0578353 0.0865149
6.37 0.0683931 0.0541651 0.0872438
6.38 0.0722377 0.0502175 0.0879778
6.39 0.0758565 0.0460037 0.0887161
6.4 0.0792311 0.0415375 0.0894591
6.41 0.0823432 0.0368327 0.0902056
6.42 0.0851772 0.0319028 0.0909557
6.43 0.0877178 0.0267658 0.0917105
6.44 0.0899489 0.0214385 0.0924684
6.45 0.0918575 0.0159404 0.0932304
6.46 0.0934308 0.0102897 0.0939957
6.47 0.0946566 0.00450727 0.0947639
6.48 0.0955256 -0.00138514 0.0955357
6.49 0.0960283 -0.00736573 0.0963104
6.5 0.0961572 -0.0134132 0.0970882
6.51 0.0959071 -0.0195027 0.09787
6.52 0.0952717 -0.0256106 0.098654
6.53 0.0942488 -0.0317132 0.0994413
6.54 0.0928356 -0.0377866 0.100231
6.55 0.0910329 -0.0438053 0.101024
6.56 0.0888431 -0.0497444 0.101821
6.57 0.086268 -0.0555783 0.102621
6.58 0.0833118 -0.0612834 0.103424
6.59 0.0799824 -0.0668342 0.10423
6.6 0.0762862 -0.0722063 0.10504
6.61 0.0722337 -0.0773761 0.105853
6.62 0.0678346 -0.0823192 0.106668
6.63 0.063103 -0.0870128 0.107486
6.64 0.0580524 -0.091435 0.108307
6.65 0.0526979 -0.095563 0.10913
6.66 0.0470559 -0.0993775 0.109955
6.67 0.0411467 -0.102859 0.110784
6.68 0.0349887 -0.105988 0.111614
6.69 0.0286032 -0.108748 0.112447
6.7 0.0220118 -0.11112 0.113279
6.71 0.0152383 -0.113093 0.114115
6.72 0.00830665 -0.114651 0.114952
6.73 0.00124298 -0.115783 0.115789
6.74 -0.0059277 -0.116477 0.116628
6.75 -0.0131779 -0.116727 0.117469
6.76 -0.0204804 -0.116523 0.118309
6.77 -0.0278073 -0.115861 0.119151
6.78 -0.0351298 -0.114736 0.119994
6.79 -0.0424196 -0.113149 0.120839
6.8 -0.0496463 -0.111097 0.121685
6.81 -0.0567805 -0.108583 0.122533
6.82 -0.0637946 -0.105611 0.123383
6.83 -0.0706588 -0.102186 0.124236
6.84 -0.0773431 -0.0983157 0.125092
6.85 -0.0838198 -0.0940101 0.125951
6.86 -0.0900597 -0.0892792 0.126813
6.87 -0.0960368 -0.0841363 0.127679
6.88 -0.101722 -0.0785967 0.128549
6.89 -0.107091 -0.0726769 0.129424
6.9 -0.112119 -0.0663946 0.130303
6.91 -0.116781 -0.0597707 0.131188
6.92 -0.121053 -0.0528265 0.132077
6.93 -0.124915 -0.0455846 0.132972
6.94 -0.128345 -0.0380694 0.133872
6.95 -0.131327 -0.0303071 0.134779
6.96 -0.133841 -0.0223263 0.13569
6.97 -0.135872 -0.0141545 0.136607
6.98 -0.137405 -0.00582008 0.137528
6.99 -0.13843 0.00264503 0.138455
7 -0.138935 0.0112098 0.139386
7.01 -0.138912 0.0198427 0.140322
7.02 -0.138354 0.02851 0.141261
7.03 -0.137257 0.0371796 0.142204
7.04 -0.13562 0.0458161 0.143149
7.05 -0.13344 0.0543873 0.144098
7.06 -0.13072 0.0628586 0.145048
7.07 -0.127466 0.0711955 0.146001
7.08 -0.123682 0.079364 0.146955
7.09 -0.119376 0.0873307 0.14791
7.1 -0.11456 0.0950617 0.148865
7.11 -0.109246 0.102526 0.149821
7.12 -0.103449 0.10969 0.150777
7.13 -0.097185 0.116523 0.151732
7.14 -0.0904731 0.122994 0.152686
7.15 -0.0833344 0.129075 0.153639
7.16 -0.0757909 0.134738 0.154591
7.17 -0.0678676 0.139955 0.155542
7.18 -0.0595909 0.144702 0.156492
7.19 -0.0509877 0.148956 0.157441
7.2 -0.0420893 0.152693 0.158388
7.21 -0.0329249 0.155894 0.159333
7.22 -0.0235276 0.15854 0.160276
7.23 -0.0139309 0.160616 0.161219
7.24 -0.00416982 0.162106 0.16216
7.25 0.00571963 0.162998 0.163099
7.26 0.0157017 0.163282 0.164036
7.27 0.0257402 0.162951 0.164971
7.28 0.0357944 0.161999 0.165907
7.29 0.0458275 0.160423 0.16684
7.3 0.0558003 0.158221 0.167773
7.31 0.0656744 0.155396 0.168704
7.32 0.0754102 0.151952 0.169636
7.33 0.0849695 0.147896 0.170567
7.34 0.0943138 0.143235 0.171497
7.35 0.103406 0.137981 0.172428
7.36 0.112206 0.13215 0.17336
7.37 0.120679 0.125755 0.174292
7.38 0.128789 0.118815 0.175225
7.39 0.136502 0.111351 0.176159
7.4 0.143785 0.103388 0.177096
7.41 0.150604 0.0949495 0.178037
7.42 0.156929 0.0860619 0.178979
7.43 0.162732 0.0767545 0.179925
7.44 0.167985 0.0670602 0.180876
7.45 0.172662 0.0570098 0.18183
7.46 0.17674 0.0466393 0.182791
7.47 0.180198 0.0359843 0.183756
7.48 0.183017 0.0250825 0.184727
7.49 0.185178 0.0139725 0.185705
7.5 0.186669 0.00269414 0.186688
7.51 0.187476 -0.00871159 0.187679
7.52 0.187592 -0.0202021 0.188677
7.53 0.187006 -0.0317347 0.18968
7.54 0.185717 -0.0432668 0.19069
7.55 0.183721 -0.0547548 0.191707
7.56 0.181021 -0.0661551 0.192731
7.57 0.17762 -0.0774224 0.19376
7.58 0.173523 -0.0885135 0.194795
7.59 0.16874 -0.0993859 0.195833
7.6 0.163283 -0.109996 0.196876
7.61 0.157165 -0.1203 0.197922
7.62 0.150404 -0.130259 0.198969
7.63 0.14302 -0.13983 0.200018
7.64 0.135034 -0.148974 0.201066
7.65 0.126472 -0.157653 0.202113
7.66 0.117359 -0.165831 0.203158
7.67 0.107726 -0.173472 0.2042
7.68 0.0976043 -0.180543 0.205237
7.69 0.0870278 -0.187011 0.206269
7.7 0.0760311 -0.192848 0.207295
7.71 0.0646521 -0.198025 0.208312
7.72 0.05293 -0.202519 0.209322
7.73 0.0409072 -0.206306 0.210323
7.74 0.0286245 -0.209366 0.211313
7.75 0.0161254 -0.21168 0.212294
7.76 0.00345555 -0.213235 0.213263
7.77 -0.00933926 -0.214018 0.214222
7.78 -0.0222133 -0.21402 0.21517
7.79 -0.0351171 -0.213234 0.216106
7.8 -0.0480049 -0.211657 0.217033
7.81 -0.0608266 -0.209288 0.217948
7.82 -0.0735352 -0.206129 0.218853
7.83 -0.0860825 -0.202185 0.219747
7.84 -0.0984203 -0.197466 0.220634
7.85 -0.1105 -0.191982 0.221511
7.86 -0.122276 -0.185746 0.222381
7.87 -0.133701 -0.178777 0.223243
7.88 -0.144731 -0.171095 0.224099
7.89 -0.155322 -0.162722 0.224952
7.9 -0.16543 -0.153684 0.2258
7.91 -0.175014 -0.144009 0.226647
7.92 -0.184036 -0.133729 0.227492
7.93 -0.192457 -0.122875 0.228338
7.94 -0.200242 -0.111484 0.229184
7.95 -0.207356 -0.099595 0.230034
7.96 -0.213769 -0.0872455 0.230888
7.97 -0.219452 -0.0744805 0.231747
7.98 -0.224378 -0.0613419 0.232612
7.99 -0.228524 -0.047875 0.233485
8 -0.231869 -0.0341275 0.234367
8.01 -0.234395 -0.0201481 0.235259
8.02 -0.236087 -0.00598678 0.236163
8.03 -0.236932 0.0083066 0.237077
8.04 -0.23692 0.0226815 0.238004
8.05 -0.23605 0.0370837 0.238945
8.06 -0.234314 0.0514616 0.239899
8.07 -0.231716 0.0657625 0.240867
8.08 -0.228257 0.0799333 0.241848
8.09 -0.223945 0.0939219 0.242843
8.1 -0.218792 0.107676 0.243852
8.11 -0.212808 0.121143 0.244873
8.12 -0.206012 0.134272 0.245906
8.13 -0.198424 0.147013 0.246951
8.14 -0.190064 0.159317 0.248004
8.15 -0.18096 0.171136 0.249066
8.16 -0.17114 0.182424 0.250135
8.17 -0.160636 0.193138 0.251209
8.18 -0.149481 0.203233 0.252286
8.19 -0.137713 0.212668 0.253362
8.2 -0.12537 0.221405 0.254436
8.21 -0.112494 0.22941 0.255507
8.22 -0.0991292 0.236646 0.25657
8.23 -0.0853214 0.243084 0.257623
8.24 -0.0711178 0.248695 0.258664
8.25 -0.0565668 0.253454 0.25969
8.26 -0.0417209 0.257338 0.260698
8.27 -0.0266319 0.260328 0.261687
8.28 -0.0113529 0.262408 0.262654
8.29 0.00406166 0.263566 0.263597
8.3 0.0195551 0.26379 0.264513
8.31 0.0350737 0.263075 0.265403
8.32 0.0505604 0.261418 0.266262
8.33 0.0659597 0.25882 0.267092
8.34 0.0812141 0.255285 0.267892
8.35 0.0962679 0.25082 0.26866
8.36 0.111066 0.245435 0.269396
8.37 0.125555 0.239146 0.270101
8.38 0.139678 0.23197 0.270777
8.39 0.153385 0.223928 0.271423
8.4 0.166621 0.215044 0.272041
8.41 0.179338 0.205346 0.272633
8.42 0.191488 0.194864 0.273203
8.43 0.203024 0.183631 0.27375
8.44 0.213899 0.171685 0.274278
8.45 0.224074 0.159063 0.274791
8.46 0.233506 0.145809 0.275291
8.47 0.242159 0.131964 0.275782
8.48 0.249998 0.117578 0.276267
8.49 0.256991 0.102697 0.276751
8.5 0.26311 0.0873727 0.277237
8.51 0.268326 0.0716584 0.277729
8.52 0.272618 0.0556072 0.278231
8.53 0.275966 0.0392741 0.278747
8.54 0.278355 0.0227168 0.27928
8.55 0.27977 0.00599298 0.279834
8.56 0.280203 -0.0108375 0.280413
8.57 0.279647 -0.0277179 0.281018
8.58 0.278101 -0.0445881 0.281653
8.59 0.275566 -0.0613871 0.282321
8.6 0.272047 -0.0780562 0.283024
8.61 0.267552 -0.0945352 0.283762
8.62 0.262092 -0.110766 0.284537
8.63 0.255684 -0.126689 0.28535
8.64 0.248348 -0.142247 0.286201
8.65 0.240105 -0.157384 0.287089
8.66 0.230981 -0.172046 0.288014
8.67 0.221006 -0.186177 0.288973
8.68 0.210211 -0.199727 0.289965
8.69 0.198632 -0.212645 0.290985
8.7 0.186307 -0.224884 0.292033
8.71 0.173278 -0.236399 0.293103
8.72 0.159589 -0.247145 0.294192
8.73 0.145284 -0.257081 0.295294
8.74 0.130414 -0.266173 0.296405
8.75 0.11503 -0.274383 0.297519
8.76 0.099183 -0.28168 0.298631
8.77 0.0829303 -0.288034 0.299735
8.78 0.0663259 -0.293421 0.300824
8.79 0.0494283 -0.297817 0.301891
8.8 0.0322968 -0.301206 0.302933
8.81 0.0149919 -0.30357 0.30394
8.82 -0.00242747 -0.3049 0.30491
8.83 -0.0198983 -0.305185 0.305833
8.84 -0.0373601 -0.304423 0.306707
8.85 -0.0547504 -0.302612 0.307525
8.86 -0.0720086 -0.299755 0.308283
8.87 -0.0890727 -0.29586 0.308977
8.88 -0.105882 -0.290936 0.309604
8.89 -0.122374 -0.284998 0.31016
8.9 -0.138495 -0.278061 0.310643
8.91 -0.154183 -0.27015 0.311052
8.92 -0.169383 -0.261287 0.311387
8.93 -0.18404 -0.251502 0.311648
8.94 -0.1981 -0.240824 0.311833
8.95 -0.211514 -0.229288 0.311948
8.96 -0.224233 -0.216933 0.311994
8.97 -0.23621 -0.203798 0.311976
8.98 -0.247401 -0.189927 0.311897
8.99 -0.257766 -0.175367 0.311764
9 -0.267266 -0.160165 0.311582
9.01 -0.275866 -0.144372 0.31136
9.02 -0.283533 -0.128041 0.311103
9.03 -0.29024 -0.111227 0.310822
9.04 -0.29596 -0.0939875 0.310525
9.05 -0.300671 -0.0763803 0.310221
9.06 -0.304354 -0.0584645 0.309919
9.07 -0.306997 -0.040301 0.309631
9.08 -0.308585 -0.021951 0.309365
9.09 -0.309114 -0.00347816 0.309134
9.1 -0.308578 0.0150542 0.308945
9.11 -0.306977 0.0335853 0.308809
9.12 -0.304315 0.0520502 0.308735
9.13 -0.300601 0.0703859 0.308732
9.14 -0.295845 0.0885291 0.308806
9.15 -0.290061 0.106418 0.308966
9.16 -0.283267 0.123991 0.309215
9.17 -0.275488 0.14119 0.309561
9.18 -0.266748 0.157954 0.310006
9.19 -0.257075 0.174225 0.310551
9.2 -0.246503 0.189948 0.311198
9.21 -0.235067 0.20507 0.311946
9.22 -0.222805 0.219537 0.312792
9.23 -0.20976 0.233301 0.313733
9.24 -0.195976 0.246313 0.314764
9.25 -0.181499 0.25853 0.315879
9.26 -0.166379 0.269908 0.317068
9.27 -0.150668 0.280408 0.318323
9.28 -0.13442 0.289995 0.319634
9.29 -0.11769 0.298635 0.320989
9.3 -0.100537 0.306299 0.322376
9.31 -0.0830193 0.312958 0.323782
9.32 -0.0651973 0.31859 0.325193
9.33 -0.0471311 0.323177 0.326595
9.34 -0.0288857 0.326701 0.327976
9.35 -0.0105231 0.32915 0.329318
9.36 0.00789307 0.330515 0.33061
9.37 0.0262996 0.33079 0.331834
9.38 0.0446329 0.329974 0.332979
9.39 0.0628289 0.32807 0.334032
9.4 0.0808239 0.325083 0.33498
9.41 0.0985569 0.321022 0.33581
9.42 0.115966 0.3159 0.336513
9.43 0.132991 0.309735 0.337079
9.44 0.149574 0.302546 0.3375
9.45 0.165655 0.294356 0.337768
9.46 0.181182 0.285194 0.337879
9.47 0.196098 0.275088 0.337828
9.48 0.210352 0.264073 0.337613
9.49 0.223897 0.252184 0.337234
9.5 0.236685 0.239462 0.336692
9.51 0.248671 0.225947 0.33599
9.52 0.259814 0.211685 0.335133
9.53 0.270076 0.196723 0.334127
9.54 0.279423 0.181108 0.332983
9.55 0.287821 0.164895 0.33171
9.56 0.295243 0.148136 0.330322
9.57 0.301662 0.130887 0.328833
9.58 0.307057 0.113203 0.32726
9.59 0.31141 0.0951427 0.32562
9.6 0.314707 0.0767663 0.323935
9.61 0.316936 0.0581352 0.322224
9.62 0.318089 0.0393082 0.320509
9.63 0.318164 0.0203488 0.318814
9.64 0.317161 0.00131755 0.317164
9.65 0.315083 -0.0177221 0.315581
9.66 0.311939 -0.0367082 0.314091
9.67 0.307739 -0.0555789 0.312718
9.68 0.302499 -0.0742742 0.311484
9.69 0.296237 -0.0927315 0.310412
9.7 0.288975 -0.110892 0.309522
9.71 0.28074 -0.128697 0.308833
9.72 0.271559 -0.146089 0.308361
9.73 0.261466 -0.163012 0.308119
9.74 0.250494 -0.179411 0.308116
9.75 0.238682 -0.195234 0.30836
9.76 0.226072 -0.210432 0.308853
9.77 0.212708 -0.224955 0.309596
9.78 0.198635 -0.238757 0.310581
9.79 0.183902 -0.251795 0.311802
9.8 0.168559 -0.264028 0.313246
9.81 0.152661 -0.275419 0.314899
9.82 0.136263 -0.285932 0.316741
9.83 0.119421 -0.295533 0.318749
9.84 0.102192 -0.304193 0.3209
9.85 0.0846356 -0.311889 0.323168
9.86 0.0668129 -0.318594 0.325525
9.87 0.048785 -0.324291 0.32794
9.88 0.0306141 -0.328961 0.330383
9.89 0.0123603 -0.332593 0.332823
9.9 -0.00591229 -0.335177 0.335229
9.91 -0.0241409 -0.336706 0.33757
9.92 -0.0422641 -0.337177 0.339815
9.93 -0.0602204 -0.336591 0.341936
9.94 -0.077948 -0.334952 0.343902
9.95 -0.0953877 -0.332267 0.345688
9.96 -0.112479 -0.328547 0.347268
9.97 -0.129166 -0.323805 0.348617
9.98 -0.145391 -0.31806 0.349715
9.99 -0.161099 -0.31133 0.350541
10 -0.176238 -0.303638 0.351078
10.01 -0.190757 -0.295011 0.351312
10.02 -0.204608 -0.285479 0.351231
10.03 -0.217746 -0.275074 0.350826
10.04 -0.230125 -0.26383 0.350091
10.05 -0.241704 -0.251781 0.34902
10.06 -0.252448 -0.238971 0.347617
10.07 -0.262321 -0.22544 0.345884
10.08 -0.271289 -0.211233 0.343827
10.09 -0.279323 -0.196394 0.341456
10.1 -0.286399 -0.180971 0.338785
10.11 -0.292496 -0.165013 0.335832
10.12 -0.297593 -0.148573 0.332619
10.13 -0.301674 -0.131702 0.32917
10.14 -0.30473 -0.114452 0.325514
10.15 -0.306749 -0.0968778 0.321683
10.16 -0.30773 -0.0790345 0.317717
10.17 -0.307671 -0.0609787 0.313655
10.18 -0.306573 -0.0427662 0.309541
10.19 -0.304442 -0.0244526 0.305423
10.2 -0.30129 -0.00609469 0.301352
10.21 -0.297128 0.0122506 0.29738
10.22 -0.291973 0.0305282 0.293564
10.23 -0.285844 0.0486808 0.289959
10.24 -0.278765 0.066655 0.286623
10.25 -0.270762 0.0843959 0.28361
10.26 -0.261864 0.10185 0.280974
10.27 -0.252104 0.118966 0.278764
10.28 -0.241518 0.135693 0.277026
10.29 -0.230143 0.15198 0.275797
10.3 -0.21802 0.167781 0.275106
10.31 -0.205192 0.183048 0.274973
10.32 -0.191704 0.197739 0.275411
10.33 -0.177605 0.211809 0.276418
10.34 -0.162944 0.225219 0.277983
10.35 -0.147772 0.237931 0.280085
10.36 -0.132141 0.249909 0.282694
10.37 -0.116108 0.26112 0.28577
10.38 -0.0997263 0.271533 0.289267
10.39 -0.0830555 0.28112 0.293132
10.4 -0.0661499 0.289853 0.297305
10.41 -0.0490694 0.297711 0.301728
10.42 -0.0318731 0.304676 0.306338
10.43 -0.0146207 0.310727 0.311071
10.44 0.00262877 0.31585 0.315861
10.45 0.0198171 0.320034 0.320647
10.46 0.0368871 0.323269 0.325367
10.47 0.0537784 0.325551 0.329963
10.48 0.0704334 0.326875 0.334377
10.49 0.0867969 0.327241 0.338556
10.5 0.102814 0.326651 0.342449
10.51 0.11843 0.32511 0.346009
10.52 0.133593 0.322629 0.349194
10.53 0.14825 0.319216 0.351961
10.54 0.162355 0.314883 0.354275
10.55 0.17586 0.30965 0.356104
10.56 0.18872 0.303532 0.357417
10.57 0.200894 0.296552 0.358192
10.58 0.212339 0.288733 0.358406
10.59 0.22302 0.2801 0.358042
10.6 0.232903 0.270681 0.357089
10.61 0.241955 0.260507 0.355536
10.62 0.250147 0.249609 0.35338
10.63 0.257455 0.23802 0.350623
10.64 0.263854 0.225778 0.347268
10.65 0.269327 0.212919 0.343324
10.66 0.273856 0.199483 0.338807
10.67 0.277429 0.185507 0.333736
10.68 0.280037 0.171036 0.328137
10.69 0.281673 0.156114 0.322042
10.7 0.282334 0.140782 0.315487
10.71 0.28202 0.125084 0.308515
10.72 0.280738 0.109067 0.30118
10.73 0.278493 0.0927775 0.29354
10.74 0.275296 0.076263 0.285664
10.75 0.27116 0.0595693 0.277626
10.76 0.266104 0.0427432 0.269515
10.77 0.260147 0.0258325 0.261427
10.78 0.253315 0.00888534 0.25347
10.79 0.245631 -0.00805006 0.245762
10.8 0.237125 -0.0249275 0.238431
10.81 0.227828 -0.0417022 0.231613
10.82 0.217778 -0.0583279 0.225454
10.83 0.207011 -0.0747564 0.220095
10.84 0.195565 -0.0909445 0.215677
10.85 0.183482 -0.106849 0.212326
10.86 0.170806 -0.122428 0.21015
10.87 0.157585 -0.137639 0.209231
10.88 0.143867 -0.152443 0.20961
10.89 0.129698 -0.166796 0.211288
10.9 0.11513 -0.180667 0.214232
10.91 0.100217 -0.194016 0.218371
10.92 0.0850102 -0.206811 0.223601
10.93 0.069566 -0.219017 0.229799
10.94 0.0539366 -0.230601 0.236825
10.95 0.0381772 -0.241538 0.244536
10.96 0.0223441 -0.2518 0.252789
10.97 0.00649525 -0.26136 0.261441
10.98 -0.00931576 -0.270195 0.270356
10.99 -0.025033 -0.278283 0.279407
11 -0.0406033 -0.285605 0.288477
11.01 -0.0559694 -0.292146 0.297459
11.02 -0.0710778 -0.297888 0.306251
11.03 -0.0858766 -0.302819 0.31476
11.04 -0.100315 -0.306926 0.322904
11.05 -0.114342 -0.310204 0.330607
11.06 -0.127911 -0.312645 0.337799
11.07 -0.140972 -0.314245 0.344417
11.08 -0.153481 -0.315 0.350402
11.09 -0.165398 -0.314911 0.355704
11.1 -0.176679 -0.313982 0.360277
11.11 -0.187286 -0.312216 0.364081
11.12 -0.197183 -0.309619 0.367077
11.13 -0.206337 -0.3062 0.369234
11.14 -0.214717 -0.301968 0.370524
11.15 -0.222296 -0.296939 0.370929
11.16 -0.229048 -0.291125 0.370427
11.17 -0.23495 -0.284542 0.369006
11.18 -0.239984 -0.277209 0.366656
11.19 -0.244134 -0.269145 0.363374
11.2 -0.247388 -0.260374 0.359159
11.21 -0.249736 -0.250917 0.354016
11.22 -0.25117 -0.240802 0.347954
11.23 -0.25169 -0.230053 0.340987
11.24 -0.251295 -0.218699 0.333134
11.25 -0.249988 -0.20677 0.324419
11.26 -0.247777 -0.194298 0.314873
11.27 -0.24467 -0.181313 0.304528
11.28 -0.240682 -0.167849 0.29343
11.29 -0.235828 -0.153941 0.281625
11.3 -0.23013 -0.139625 0.269174
11.31 -0.223608 -0.124936 0.256143
11.32 -0.216288 -0.109913 0.242614
11.33 -0.208199 -0.0945917 0.22868
11.34 -0.199373 -0.079013 0.214459
11.35 -0.189841 -0.0632159 0.20009
11.36 -0.179641 -0.0472398 0.185749
11.37 -0.168811 -0.0311257 0.171657
11.38 -0.157392 -0.014913 0.158097
11.39 -0.145426 0.00135645 0.145432
11.4 -0.132959 0.0176419 0.134125
11.41 -0.120036 0.033903 0.124732
11.42 -0.106708 0.0500991 0.117883
11.43 -0.0930211 0.0661883 0.114166
11.44 -0.0790286 0.0821321 0.113979
11.45 -0.0647821 0.0978884 0.117383
11.46 -0.0503338 0.113418 0.124085
11.47 -0.0357383 0.128682 0.133553
11.48 -0.0210495 0.143643 0.145177
11.49 -0.00632134 0.15826 0.158386
11.5 0.00839099 0.172499 0.172703
11.51 0.0230329 0.186321 0.18774
11.52 0.0375517 0.199693 0.203193
11.53 0.0518913 0.212579 0.218821
11.54 0.0660002 0.224946 0.234428
11.55 0.0798253 0.236762 0.249857
11.56 0.0933157 0.247997 0.264972
11.57 0.10642 0.25862 0.27966
11.58 0.119092 0.268604 0.293822
11.59 0.131282 0.277922 0.307369
11.6 0.142945 0.286548 0.320223
11.61 0.154039 0.294459 0.332316
11.62 0.164521 0.301631 0.343582
11.63 0.174353 0.308046 0.353965
11.64 0.183498 0.313683 0.363412
11.65 0.19192 0.318527 0.371878
11.66 0.199591 0.322562 0.379318
11.67 0.206478 0.325774 0.385697
11.68 0.212558 0.328152 0.390979
11.69 0.217808 0.329688 0.395138
11.7 0.222205 0.330372 0.398146
11.71 0.226447 0.331256 0.401259
11.72 0.230529 0.332338 0.404465
11.73 0.234448 0.333614 0.407755
11.74 0.238202 0.335079 0.411118
11.75 0.241789 0.336731 0.414548
11.76 0.245204 0.338565 0.418033
11.77 0.248447 0.340578 0.421567
11.78 0.251512 0.342766 0.425143
11.79 0.254397 0.345123 0.428751
11.8 0.2571 0.347647 0.432388
11.81 0.259617 0.350334 0.436044
11.82 0.261946 0.353178 0.439716
11.83 0.264083 0.356176 0.443397
11.84 0.266026 0.359323 0.447082
11.85 0.26777 0.362614 0.450766
11.86 0.269316 0.366045 0.454445
11.87 0.270656 0.369611 0.458112
11.88 0.271792 0.373306 0.461767
11.89 0.272718 0.377127 0.465403
11.9 0.273433 0.381068 0.469018
11.91 0.273933 0.385124 0.472609
11.92 0.274217 0.389289 0.476174
11.93 0.274281 0.393559 0.479707
11.94 0.274124 0.397928 0.483209
11.95 0.273742 0.402391 0.486676
11.96 0.273134 0.40694 0.490105
11.97 0.272297 0.411573 0.493496
11.98 0.271229 0.416282 0.496846
11.99 0.269928 0.421061 0.500153
12 0.268392 0.425905 0.503417
12.01 0.266619 0.430807 0.506636
12.02 0.264607 0.435761 0.509808
12.03 0.262357 0.440761 0.512934
12.04 0.259864 0.4458 0.516011
12.05 0.25713 0.450872 0.519039
12.06 0.254152 0.455972 0.522019
12.07 0.25093 0.461091 0.524948
12.08 0.247463 0.466224 0.527828
12.09 0.24375 0.471363 0.530658
12.1 0.239791 0.476503 0.533436
12.11 0.235586 0.481635 0.536165
12.12 0.231134 0.486754 0.538843
12.13 0.226437 0.49185 0.541471
12.14 0.221494 0.49692 0.544049
12.15 0.216306 0.501954 0.546576
12.16 0.210874 0.506946 0.549055
12.17 0.2052 0.511888 0.551486
12.18 0.199284 0.516775 0.553868
12.19 0.193128 0.521597 0.556203
12.2 0.186735 0.526349 0.558492
12.21 0.180104 0.531023 0.560734
12.22 0.173241 0.535612 0.562932
12.23 0.166145 0.540109 0.565086
12.24 0.158821 0.544506 0.567196
12.25 0.151271 0.548797 0.569264
12.26 0.143499 0.552975 0.571291
12.27 0.135507 0.557031 0.573277
12.28 0.1273 0.56096 0.575223
12.29 0.118881 0.564755 0.577131
12.3 0.110256 0.568406 0.579001
12.31 0.101427 0.571911 0.580835
12.32 0.0923999 0.57526 0.582633
12.33 0.08318 0.578447 0.584397
12.34 0.0737717 0.581465 0.586126
12.35 0.0641803 0.584309 0.587823
12.36 0.0544117 0.58697 0.589487
12.37 0.0444719 0.589445 0.59112
12.38 0.0343657 0.591723 0.592721
12.39 0.0241014 0.593803 0.594291
12.4 0.0136835 0.595675 0.595832
12.41 0.00312045 0.597334 0.597342
12.42 -0.00758171 0.598776 0.598823
12.43 -0.0184154 0.599993 0.600275
12.44 -0.0293733 0.60098 0.601697
12.45 -0.0404475 0.601732 0.60309
12.46 -0.0516315 0.602244 0.604453
12.47 -0.0629152 0.60251 0.605786
12.48 -0.0742922 0.602526 0.607089
12.49 -0.0857536 0.602287 0.608361
12.5 -0.0972898 0.601789 0.609602
12.51 -0.108893 0.601026 0.61081
12.52 -0.120554 0.599994 0.611985
12.53 -0.132264 0.59869 0.613126
12.54 -0.144012 0.59711 0.614231
12.55 -0.15579 0.59525 0.615299
12.56 -0.167588 0.593108 0.61633
12.57 -0.179396 0.59068 0.617321
12.58 -0.191204 0.587962 0.61827
12.59 -0.203002 0.584954 0.619178
12.6 -0.214781 0.581652 0.62004
12.61 -0.226529 0.578054 0.620856
12.62 -0.238237 0.574159 0.621623
12.63 -0.249894 0.569966 0.622341
12.64 -0.26149 0.565471 0.623004
12.65 -0.273015 0.560676 0.623614
12.66 -0.284458 0.555579 0.624166
12.67 -0.295807 0.550179 0.624659
12.68 -0.307053 0.544478 0.62509
12.69 -0.318185 0.538474 0.625457
12.7 -0.329193 0.532169 0.625757
12.71 -0.340066 0.525564 0.625989
12.72 -0.350795 0.518658 0.62615
12.73 -0.361368 0.511455 0.626237
12.74 -0.371775 0.503956 0.626249
12.75 -0.382006 0.496161 0.626183
12.76 -0.392051 0.488076 0.626036
12.77 -0.4019 0.479699 0.625807
12.78 -0.411542 0.471036 0.625493
12.79 -0.420968 0.462089 0.625092
12.8 -0.430169 0.452862 0.624604
12.81 -0.439134 0.443359 0.624024
12.82 -0.447855 0.433583 0.623352
12.83 -0.456321 0.42354 0.622587
12.84 -0.464524 0.413233 0.621727
12.85 -0.472456 0.402669 0.620771
12.86 -0.480107 0.391851 0.619718
12.87 -0.48747 0.380786 0.618567
12.88 -0.494535 0.36948 0.617317
12.89 -0.501296 0.357937 0.615968
12.9 -0.507743 0.346167 0.614519
12.91 -0.513871 0.334173 0.612972
12.92 -0.51967 0.321964 0.611325
12.93 -0.525135 0.309548 0.60958
12.94 -0.530259 0.296931 0.607736
12.95 -0.535036 0.284122 0.605796
12.96 -0.539459 0.271128 0.60376
12.97 -0.543523 0.257959 0.601631
12.98 -0.547222 0.244621 0.59941
12.99 -0.550553 0.231127 0.5971
13 -0.55351 0.217482 0.594703
13.01 -0.556087 0.203698 0.592221
13.02 -0.558284 0.189783 0.589659
13.03 -0.560094 0.175747 0.58702
13.04 -0.561515 0.161601 0.584307
13.05 -0.562546 0.147354 0.581525
13.06 -0.563182 0.133018 0.578678
13.07 -0.563423 0.118602 0.57577
13.08 -0.563267 0.104117 0.572809
13.09 -0.562712 0.0895744 0.569797
13.1 -0.561759 0.074986 0.566742
13.11 -0.560407 0.0603607 0.563649
13.12 -0.558657 0.0457117 0.560524
13.13 -0.556509 0.0310496 0.557375
13.14 -0.553965 0.016386 0.554207
13.15 -0.551025 0.00173175 0.551028
13.16 -0.547693 -0.0129 0.547845
13.17 -0.54397 -0.0274994 0.544665
13.18 -0.539858 -0.0420535 0.541494
13.19 -0.535363 -0.0565509 0.538342
13.2 -0.530486 -0.07098 0.535214
13.21 -0.525233 -0.0853285 0.532119
13.22 -0.519608 -0.099585 0.529065
13.23 -0.513616 -0.113738 0.526059
13.24 -0.507262 -0.127774 0.523107
13.25 -0.500553 -0.141683 0.520219
13.26 -0.493494 -0.155454 0.517399
13.27 -0.486091 -0.169074 0.514656
13.28 -0.478353 -0.182532 0.511996
13.29 -0.470287 -0.195817 0.509425
13.3 -0.461899 -0.208916 0.506949
13.31 -0.453199 -0.22182 0.504572
13.32 -0.444194 -0.234517 0.502301
13.33 -0.434894 -0.246994 0.500139
13.34 -0.425309 -0.259243 0.498091
13.35 -0.415445 -0.271251 0.496157
13.36 -0.405317 -0.283009 0.494344
13.37 -0.394932 -0.294507 0.492652
13.38 -0.384302 -0.305733 0.491081
13.39 -0.373436 -0.31668 0.489633
13.4 -0.362348 -0.327335 0.488308
13.41 -0.351047 -0.337691 0.487103
13.42 -0.339545 -0.347738 0.486017
13.43 -0.327855 -0.357467 0.485048
13.44 -0.315988 -0.366869 0.484191
13.45 -0.303958 -0.375937 0.483445
13.46 -0.291776 -0.384661 0.482802
13.47 -0.279456 -0.393034 0.482257
13.48 -0.26701 -0.40105 0.481805
13.49 -0.254453 -0.4087 0.481438
13.5 -0.241796 -0.415979 0.481148
13.51 -0.229054 -0.422879 0.480929
13.52 -0.216239 -0.429396 0.48077
13.53 -0.203367 -0.435522 0.480663
13.54 -0.190448 -0.441254 0.480599
13.55 -0.177499 -0.446586 0.480567
13.56 -0.164533 -0.451514 0.480558
13.57 -0.151563 -0.456034 0.48056
13.58 -0.138602 -0.460142 0.480563
13.59 -0.125665 -0.463835 0.480556
13.6 -0.112765 -0.46711 0.480529
13.61 -0.0999159 -0.469964 0.480468
13.62 -0.0871318 -0.472397 0.480366
13.63 -0.0744246 -0.474406 0.480208
13.64 -0.061809 -0.47599 0.479986
13.65 -0.0492971 -0.477148 0.479688
13.66 -0.0369024 -0.477881 0.479304
13.67 -0.0246372 -0.478188 0.478822
13.68 -0.0125147 -0.47807 0.478234
13.69 -0.000545946 -0.477529 0.477529
13.7 0.0112546 -0.476564 0.476696
13.71 0.0228775 -0.475179 0.475729
13.72 0.0343092 -0.473375 0.474617
13.73 0.0455385 -0.471156 0.473351
13.74 0.056555 -0.468523 0.471924
13.75 0.0673473 -0.465482 0.470329
13.76 0.0779045 -0.462036 0.468558
13.77 0.0882169 -0.45819 0.466605
13.78 0.0982749 -0.453947 0.464463
13.79 0.108067 -0.449314 0.462128
13.8 0.117587 -0.444297 0.459594
13.81 0.126824 -0.4389 0.456856
13.82 0.135771 -0.433131 0.453912
13.83 0.144418 -0.426996 0.450757
13.84 0.152759 -0.420502 0.447389
13.85 0.160786 -0.413657 0.443807
13.86 0.168493 -0.40647 0.440008
13.87 0.175872 -0.398947 0.435992
13.88 0.182918 -0.391099 0.431761
13.89 0.189627 -0.382932 0.427312
13.9 0.195991 -0.374459 0.422649
13.91 0.202009 -0.365687 0.417773
13.92 0.207676 -0.356626 0.412688
13.93 0.212987 -0.347288 0.407397
13.94 0.217941 -0.337681 0.401904
13.95 0.222534 -0.327817 0.396214
13.96 0.226765 -0.317708 0.390334
13.97 0.230633 -0.307363 0.38427
13.98 0.234135 -0.296793 0.378028
13.99 0.237272 -0.286013 0.37162
14 0.240045 -0.27503 0.365052
14.01 0.242452 -0.26386 0.358337
14.02 0.244496 -0.252514 0.351485
14.03 0.246179 -0.241003 0.344509
14.04 0.247501 -0.22934 0.337422
14.05 0.248466 -0.217538 0.33024
14.06 0.249077 -0.205608 0.322977
14.07 0.249337 -0.193564 0.315651
14.08 0.24925 -0.181418 0.308282
14.09 0.248821 -0.169182 0.300889
14.1 0.248054 -0.156869 0.293494
14.11 0.246954 -0.144493 0.28612
14.12 0.245528 -0.132066 0.278793
14.13 0.24378 -0.1196 0.271538
14.14 0.241719 -0.107109 0.264387
14.15 0.239351 -0.0946044 0.257369
14.16 0.236682 -0.0821007 0.250517
14.17 0.233722 -0.0696083 0.243867
14.18 0.230477 -0.0571413 0.237455
14.19 0.226957 -0.0447113 0.231319
14.2 0.223171 -0.0323311 0.2255
14.21 0.219126 -0.0200119 0.220038
14.22 0.214833 -0.00776747 0.214974
14.23 0.210302 0.00439218 0.210348
14.24 0.205542 0.0164544 0.206199
14.25 0.200564 0.0284069 0.202566
14.26 0.195378 0.0402399 0.199478
14.27 0.189995 0.0519408 0.196967
14.28 0.184426 0.0634989 0.195052
14.29 0.178684 0.0749036 0.193748
14.3 0.172777 0.0861449 0.193062
14.31 0.166168 0.0969356 0.192375
14.32 0.158887 0.107234 0.191687
14.33 0.150971 0.116996 0.190998
14.34 0.14246 0.126185 0.190309
14.35 0.133393 0.134763 0.189618
14.36 0.123815 0.142699 0.188926
14.37 0.113771 0.149961 0.188234
14.38 0.103307 0.156522 0.187541
14.39 0.0924723 0.162359 0.186846
14.4 0.0813171 0.167452 0.186152
14.41 0.0698907 0.171783 0.185456
14.42 0.0582469 0.175338 0.18476
14.43 0.0464364 0.178109 0.184063
14.44 0.0345131 0.180088 0.183366
14.45 0.0225289 0.181273 0.182668
14.46 0.0105373 0.181664 0.181969
14.47 -0.00141052 0.181265 0.181271
14.48 -0.0132614 0.180083 0.180571
14.49 -0.0249654 0.178131 0.179872
14.5 -0.0364727 0.17542 0.179172
14.51 -0.0477325 0.17197 0.178471
14.52 -0.0586999 0.167799 0.17777
14.53 -0.0693273 0.162933 0.177069
14.54 -0.0795714 0.157397 0.176368
14.55 -0.0893899 0.151221 0.175666
14.56 -0.0987441 0.144437 0.174964
14.57 -0.107595 0.137078 0.174261
14.58 -0.115909 0.129182 0.173559
14.59 -0.123653 0.120785 0.172856
14.6 -0.130798 0.111932 0.172154
14.61 -0.137316 0.102662 0.171451
14.62 -0.143186 0.0930194 0.170748
14.63 -0.148384 0.0830494 0.170044
14.64 -0.152894 0.0727987 0.169341
14.65 -0.156702 0.062313 0.168637
14.66 -0.159795 0.0516426 0.167932
14.67 -0.162167 0.0408339 0.167229
14.68 -0.16381 0.0299363 0.166523
14.69 -0.164727 0.0189987 0.165819
14.7 -0.164917 0.0080692 0.165114
14.71 -0.164385 -0.0028044 0.164409
14.72 -0.16314 -0.0135741 0.163704
14.73 -0.161194 -0.0241939 0.162999
14.74 -0.158558 -0.0346181 0.162294
14.75 -0.155254 -0.0448017 0.161589
14.76 -0.151298 -0.0547034 0.160884
14.77 -0.146715 -0.0642796 0.160178
14.78 -0.141529 -0.0734929 0.159473
14.79 -0.135769 -0.0823043 0.158768
14.8 -0.129464 -0.0906786 0.158062
14.81 -0.122648 -0.0985824 0.157356
14.82 -0.115355 -0.105986 0.156651
14.83 -0.10762 -0.112858 0.155946
14.84 -0.0994837 -0.119175 0.155241
14.85 -0.0909825 -0.124914 0.154536
14.86 -0.0821598 -0.130052 0.153831
14.87 -0.0730555 -0.134575 0.153126
14.88 -0.0637132 -0.138467 0.152422
14.89 -0.0541761 -0.141716 0.151718
14.9 -0.0444885 -0.144313 0.151015
14.91 -0.0346936 -0.146254 0.150312
14.92 -0.0248368 -0.147533 0.149609
14.93 -0.0149621 -0.148154 0.148908
14.94 -0.00511199 -0.148117 0.148205
14.95 0.00466774 -0.14743 0.147504
14.96 0.0143363 -0.146102 0.146804
14.97 0.023851 -0.144143 0.146103
14.98 0.0331712 -0.14157 0.145404
14.99 0.0422568 -0.138398 0.144705
15 0.0510714 -0.134647 0.144007
15.01 0.0595761 -0.130339 0.14331
15.02 0.0677383 -0.1255 0.142614
15.03 0.0755236 -0.120153 0.141917
15.04 0.0829017 -0.114329 0.141223
15.05 0.0898434 -0.108058 0.140529
15.06 0.096322 -0.101371 0.139836
15.07 0.102313 -0.0943021 0.139143
15.08 0.107794 -0.0868871 0.138452
15.09 0.112746 -0.0791602 0.137761
15.1 0.117151 -0.0711611 0.13707
15.11 0.120997 -0.0629265 0.136382
15.12 0.124269 -0.0544959 0.135693
15.13 0.12696 -0.0459086 0.135006
15.14 0.129064 -0.0372044 0.134319
15.15 0.130576 -0.0284231 0.133634
15.16 0.131496 -0.0196044 0.132949
15.17 0.131826 -0.0107884 0.132266
15.18 0.131568 -0.00201323 0.131583
15.19 0.130731 0.00668048 0.130902
15.2 0.129324 0.0152573 0.130221
15.21 0.127359 0.0236774 0.129541
15.22 0.12485 0.0319063 0.128862
15.23 0.121813 0.0399088 0.128184
15.24 0.118269 0.0476511 0.127507
15.25 0.114236 0.0551007 0.126831
15.26 0.10974 0.0622289 0.126156
15.27 0.104804 0.0690056 0.125482
15.28 0.0994563 0.0754044 0.124809
15.29 0.0937226 0.0814017 0.124138
15.3 0.0876348 0.0869732 0.123467
15.31 0.0812228 0.0920995 0.122798
15.32 0.0745185 0.0967617 0.12213
15.33 0.0675553 0.100944 0.121464
15.34 0.0603675 0.104632 0.120798
15.35 0.0529886 0.107817 0.120134
15.36 0.0454544 0.110486 0.119471
15.37 0.0378012 0.112636 0.11881
15.38 0.0300626 0.11426 0.118149
15.39 0.0222763 0.115359 0.11749
15.4 0.0144767 0.115932 0.116833
15.41 0.00669904 0.115984 0.116177
15.42 -0.00102257 0.115518 0.115522
15.43 -0.00865267 0.114544 0.11487
15.44 -0.0161604 0.11307 0.114219
15.45 -0.0235111 0.111109 0.113569
15.46 -0.0306751 0.108676 0.112923
15.47 -0.0376216 0.105786 0.112276
15.48 -0.0443217 0.102456 0.111632
15.49 -0.0507487 0.0987077 0.110989
15.5 -0.0568759 0.0945616 0.110348
15.51 -0.0626796 0.09004 0.109708
15.52 -0.068137 0.0851695 0.109071
15.53 -0.073228 0.0799735 0.108435
15.54 -0.0779323 0.0744809 0.1078
15.55 -0.0822355 0.0687191 0.107168
15.56 -0.0861204 0.0627165 0.106537
15.57 -0.0895755 0.0565038 0.105908
15.58 -0.0925899 0.0501102 0.10528
15.59 -0.0951553 0.0435675 0.104655
15.6 -0.097264 0.0369059 0.10403
15.61 -0.0989135 0.030158 0.103409
15.62 -0.1001 0.0233535 0.102788
15.63 -0.100823 0.0165264 0.102169
15.64 -0.101087 0.00970496 0.101552
15.65 -0.100893 0.00292198 0.100936
15.66 -0.10025 -0.00379282 0.100322
15.67 -0.0991639 -0.0104102 0.0997089
15.68 -0.0976466 -0.0169013 0.0990985
15.69 -0.0957085 -0.0232373 0.098489
15.7 -0.0933651 -0.0293927 0.0978824
15.71 -0.0906296 -0.0353412 0.0972765
15.72 -0.0875212 -0.0410573 0.096673
15.73 -0.0840567 -0.0465199 0.096071
15.74 -0.0802566 -0.0517054 0.0954702
15.75 -0.0761426 -0.0565946 0.0948717
15.76 -0.0717366 -0.0611681 0.0942744
15.77 -0.0670621 -0.0654099 0.0936792
15.78 -0.0621445 -0.069303 0.0930852
15.79 -0.0570086 -0.0728362 0.0924938
15.8 -0.0516797 -0.0759958 0.091903
15.81 -0.0461864 -0.0787734 0.0913151
15.82 -0.0405535 -0.0811609 0.0907286
15.83 -0.0348098 -0.0831517 0.0901439
15.84 -0.0289822 -0.0847429 0.0895618
15.85 -0.0230987 -0.0859312 0.0889816
15.86 -0.0171855 -0.0867166 0.0884031
15.87 -0.0112718 -0.0871004 0.0878267
15.88 -0.00538267 -0.0870866 0.0872528
15.89 0.000454462 -0.0866783 0.0866795
15.9 0.00621349 -0.0858851 0.0861096
15.91 0.0118702 -0.0847132 0.0855408
15.92 0.0173986 -0.0831739 0.0849742
15.93 0.0227765 -0.0812787 0.0844097
15.94 0.0279803 -0.0790414 0.0838477
15.95 0.0329894 -0.0764749 0.0832869
15.96 0.0377822 -0.0735973 0.0827288
15.97 0.0423419 -0.0704245 0.0821732
15.98 0.046648 -0.0669743 0.0816185
15.99 0.0506866 -0.0632676 0.0810674
16 0.0544415 -0.0593229 0.0805176
16.01 0.0578992 -0.0551627 0.0799702
16.02 0.061048 -0.0508075 0.0794246
16.03 0.0638778 -0.0462811 0.0788817
16.04 0.0663786 -0.0416049 0.0783395
16.05 0.0685443 -0.0368041 0.0778001
16.06 0.0703697 -0.0319003 0.0772627
16.07 0.0718491 -0.0269193 0.0767264
16.08 0.0729828 -0.0218841 0.0761932
16.09 0.0737683 -0.0168182 0.0756612
16.1 0.0742079 -0.0117464 0.0751318
16.11 0.0743033 -0.00669109 0.074604
16.12 0.07406 -0.00167522 0.0740789
16.13 0.0734818 0.00327818 0.0735549
16.14 0.0725779 0.00814715 0.0730337
16.15 0.0713554 0.012912 0.0725142
16.16 0.0698247 0.0175496 0.0719964
16.17 0.0679978 0.0220425 0.0714813
16.18 0.0658857 0.0263709 0.0709673
16.19 0.0635037 0.0305173 0.0704559
16.2 0.0608656 0.0344646 0.0699459
16.21 0.0579876 0.0381988 0.0694385
16.22 0.0548859 0.0417039 0.0689324
16.23 0.0515795 0.0449684 0.0684295
16.24 0.0480841 0.0479806 0.067928
16.25 0.044421 0.0507291 0.067429
16.26 0.0406081 0.0532069 0.0669327
16.27 0.0366651 0.0554045 0.0664379
16.28 0.0326123 0.0573173 0.0659457
16.29 0.0284705 0.0589395 0.0654556
16.3 0.0242587 0.0602687 0.0649677
16.31 0.0199986 0.0613018 0.0644814
16.32 0.0157107 0.0620403 0.0639987
16.33 0.0114137 0.0624829 0.0635168
16.34 0.00712991 0.0626336 0.0630381
16.35 0.0028767 0.0624957 0.0625618
16.36 -0.00132513 0.0620734 0.0620875
16.37 -0.00545839 0.0613735 0.0616157
16.38 -0.00950375 0.0604037 0.0611467
16.39 -0.0134455 0.0591717 0.06068
16.4 -0.0172653 0.057687 0.0602153
16.41 -0.020949 0.0559618 0.0597544
16.42 -0.0244804 0.0540048 0.0592943
16.43 -0.0278455 0.0518311 0.0588374
16.44 -0.0310323 0.0494524 0.0583827
16.45 -0.0340273 0.0468833 0.0579302
16.46 -0.0368204 0.0441381 0.0574796
16.47 -0.0394016 0.0412332 0.0570321
16.48 -0.0417623 0.0381831 0.0565866
16.49 -0.0438937 0.0350053 0.0561429
16.5 -0.0457921 0.0317161 0.055703
16.51 -0.0474492 0.0283317 0.055264
16.52 -0.0488629 0.0248706 0.0548282
16.53 -0.0500301 0.0213482 0.0543944
16.54 -0.0509488 0.0177831 0.0539631
16.55 -0.0516183 0.0141918 0.0535336
16.56 -0.0520402 0.0105918 0.0531071
16.57 -0.0522154 0.00699902 0.0526824
16.58 -0.0521467 0.00343209 0.0522596
16.59 -0.0518398 -9.52215e-05 0.0518399
16.6 -0.0512973 -0.00356523 0.0514211
16.61 -0.0505279 -0.00696312 0.0510054
16.62 -0.0495369 -0.0102749 0.0505913
16.63 -0.0483339 -0.0134858 0.05018
16.64 -0.0469267 -0.0165823 0.0497704
16.65 -0.0453265 -0.0195526 0.0493639
16.66 -0.043542 -0.0223849 0.0489591
16.67 -0.0415864 -0.0250665 0.0485567
16.68 -0.0394699 -0.0275903 0.048157
16.69 -0.0372054 -0.0299441 0.0477587
16.7 -0.0348065 -0.0321218 0.0473635
16.71 -0.0322854 -0.0341147 0.0469698
16.72 -0.0296566 -0.0359176 0.0465788
16.73 -0.0269342 -0.0375238 0.0461897
16.74 -0.0241326 -0.0389305 0.0458035
16.75 -0.0212648 -0.0401332 0.0454188
16.76 -0.0183481 -0.0411301 0.0450371
16.77 -0.0153937 -0.0419207 0.0446577
16.78 -0.0124181 -0.0425032 0.0442802
16.79 -0.00943473 -0.0428803 0.043906
16.8 -0.00645749 -0.043052 0.0435336
16.81 -0.00349997 -0.0430218 0.0431639
16.82 -0.00057627 -0.0427925 0.0427964
16.83 0.00230104 -0.0423693 0.0424318
16.84 0.00511972 -0.0417555 0.0420682
16.85 0.00786597 -0.0409595 0.0417079
16.86 0.0105304 -0.0399861 0.0413495
16.87 0.0130997 -0.0388433 0.0409927
16.88 0.0155651 -0.0375401 0.0406391
16.89 0.0179157 -0.0360845 0.0402873
16.9 0.0201431 -0.0344859 0.0399377
16.91 0.0222382 -0.0327545 0.0395903
16.92 0.0241947 -0.0309009 0.039246
16.93 0.0260041 -0.0289339 0.0389022
16.94 0.0276617 -0.0268676 0.0385621
16.95 0.0291621 -0.0247103 0.0382234
16.96 0.0304996 -0.0224757 0.0378865
16.97 0.0316724 -0.0201747 0.0375521
16.98 0.0326764 -0.0178199 0.0372195
16.99 0.03351 -0.0154225 0.0368887
17 0.0341718 -0.0129956 0.0365595
17.01 0.0346632 -0.0105505 0.0362333
17.02 0.0349819 -0.00809911 0.0359073
17.03 0.0351328 -0.00565395 0.0355848
17.04 0.0351159 -0.00322486 0.0352637
17.05 0.0349348 -0.000825126 0.0349445
17.06 0.0345935 0.00153624 0.0346276
17.07 0.0340962 0.00384765 0.0343126
17.08 0.0334477 0.00609972 0.0339994
17.09 0.0326539 0.00828165 0.0336877
17.1 0.0317217 0.0103865 0.0333789
17.11 0.0306564 0.0124029 0.0330704
17.12 0.0294679 0.0143248 0.0327652
17.13 0.0281617 0.0161444 0.0324611
17.14 0.026748 0.0178538 0.0321592
17.15 0.0252344 0.0194481 0.0318591
17.16 0.0236307 0.0209213 0.0315612
17.17 0.0219455 0.022269 0.0312652
17.18 0.0201893 0.0234862 0.0309711
17.19 0.0183703 0.0245718 0.0306797
17.2 0.0164995 0.0255202 0.0303894
17.21 0.0145866 0.0263321 0.0301023
17.22 0.0126401 0.0270046 0.0298164
17.23 0.0106718 0.0275374 0.029533
17.24 0.00869004 0.0279308 0.0292514
17.25 0.00670494 0.0281853 0.0289718
17.26 0.00472552 0.0283021 0.0286938
17.27 0.0027627 0.0282835 0.0284181
17.28 0.000822728 0.0281325 0.0281445
17.29 -0.00108274 0.0278512 0.0278722
17.3 -0.00294686 0.0274455 0.0276032
17.31 -0.00476177 0.0269172 0.0273352
17.32 -0.00651882 0.0262733 0.0270699
17.33 -0.00821164 0.0255176 0.0268064
17.34 -0.00983325 0.0246566 0.026545
17.35 -0.0113775 0.0236951 0.0262851
17.36 -0.0128375 0.0226417 0.0260278
17.37 -0.0142098 0.0215006 0.025772
17.38 -0.015487 0.0202804 0.0255175
17.39 -0.016667 0.0189889 0.0252659
17.4 -0.0177442 0.0176318 0.0250148
17.41 -0.0187166 0.0162188 0.0247661
17.42 -0.0195809 0.0147567 0.0245188
17.43 -0.0203358 0.0132541 0.0242738
17.44 -0.020979 0.0117178 0.0240297
17.45 -0.0215107 0.0101583 0.0237887
17.46 -0.0219301 0.00858026 0.0235489
17.47 -0.0222365 0.00699419 0.0233106
17.48 -0.0224328 0.00540663 0.0230751
17.49 -0.0225176 0.00382519 0.0228402
17.5 -0.0224946 0.00225772 0.0226077
17.51 -0.0223652 0.000711286 0.0223765
17.52 -0.0221329 -0.000807038 0.0221476
17.53 -0.0217994 -0.00229067 0.0219194
17.54 -0.0213708 -0.00373238 0.0216943
17.55 -0.0208491 -0.00512767 0.0214704
17.56 -0.0202392 -0.00646865 0.0212478
17.57 -0.0195472 -0.00775243 0.0210284
17.58 -0.018776 -0.0089724 0.0208097
17.59 -0.0179326 -0.010125 0.0205935
17.6 -0.0170215 -0.0112058 0.020379
17.61 -0.0160493 -0.0122117 0.020167
17.62 -0.0150204 -0.0131383 0.0199556
17.63 -0.0139431 -0.0139841 0.0197475
17.64 -0.012821 -0.0147463 0.0195405
17.65 -0.0116623 -0.0154217 0.0193349
17.66 -0.0104724 -0.0160114 0.0191321
17.67 -0.00925768 -0.016512 0.0189302
17.68 -0.0080247 -0.0169244 0.0187305
17.69 -0.00677967 -0.0172478 0.0185324
17.7 -0.00552849 -0.0174838 0.0183371
17.71 -0.00427745 -0.0176308 0.0181423
17.72 -0.00303278 -0.0176927 0.0179508
17.73 -0.00179865 -0.0176689 0.0177603
17.74 -0.000583236 -0.0175617 0.0175714
17.75 0.000610849 -0.017374 0.0173847
17.76 0.00177648 -0.0171073 0.0171993
17.77 0.00290951 -0.016765 0.0170156
17.78 0.00400437 -0.0163501 0.0168333
17.79 0.00505806 -0.0158665 0.0166532
17.8 0.00606409 -0.0153166 0.0164733
17.81 0.00702025 -0.0147065 0.0162962
17.82 0.00792309 -0.0140381 0.0161197
17.83 0.00876757 -0.0133179 0.0159448
17.84 0.00955331 -0.0125491 0.0157717
17.85 0.0102761 -0.011737 0.0155999
17.86 0.0109346 -0.0108862 0.0154297
17.87 0.011526 -0.0100019 0.0152607
17.88 0.0120507 -0.00908842 0.0150937
17.89 0.0125049 -0.00815114 0.0149269
17.9 0.0128901 -0.00719582 0.0147626
17.91 0.0132046 -0.00622525 0.0145985
17.92 0.0134485 -0.00524764 0.0144361
17.93 0.0136228 -0.00426546 0.014275
17.94 0.0137273 -0.00328494 0.0141149
17.95 0.0137638 -0.00231042 0.0139564
17.96 0.0137332 -0.00134737 0.0137991
17.97 0.0136378 -0.000398432 0.0136436
17.98 0.0134781 0.000530311 0.0134886
17.99 0.0132587 0.00143551 0.0133362
18 0.0129792 0.00231449 0.0131839
18.01 0.0126446 0.00316136 0.0130338
18.02 0.0122564 0.00397475 0.0128848
18.03 0.0118181 0.00475018 0.012737
18.04 0.0113327 0.00548541 0.0125905
18.05 0.0108044 0.00617661 0.0124453
18.06 0.0102356 0.00682331 0.0123015
18.07 0.00963054 0.007421 0.0121581
18.08 0.00899431 0.00797009 0.0120175
18.09 0.00832788 0.00846782 0.0118768
18.1 0.00763829 0.00891331 0.0117384
18.11 0.00692736 0.00930599 0.0116013
18.12 0.00619983 0.00964464 0.0114655
18.13 0.0054588 0.00992909 0.0113307
18.14 0.00470971 0.010159 0.0111976
18.15 0.00395408 0.0103351 0.0110657
18.16 0.00319745 0.0104559 0.0109339
18.17 0.0024434 0.010525 0.0108049
18.18 0.00169437 0.01054 0.0106754
18.19 0.000955711 0.0105044 0.0105478
18.2 0.000229545 0.0104187 0.0104212
18.21 -0.00048001 0.0102846 0.0102957
18.22 -0.00117068 0.0101033 0.0101709
18.23 -0.00183822 0.0098782 0.0100478
18.24 -0.00248192 0.0096104 0.00992571
18.25 -0.00309693 0.00930166 0.00980367
18.26 -0.00368284 0.00895689 0.00968449
18.27 -0.00423635 0.0085755 0.00956482
18.28 -0.00475548 0.00816263 0.00944685
18.29 -0.00523908 0.00771993 0.0093298
18.3 -0.00568481 0.00725085 0.00921368
18.31 -0.00609174 0.00675746 0.00909795
18.32 -0.00645848 0.00624455 0.00898368
18.33 -0.00678537 0.00571358 0.00887053
18.34 -0.00706941 0.00516846 0.00875726
18.35 -0.00731362 0.00461293 0.00864686
18.36 -0.00751512 0.00404856 0.00853627
18.37 -0.00767533 0.00347993 0.00842737
18.38 -0.00779455 0.00290869 0.00831958
18.39 -0.00787321 0.00233858 0.00821319
18.4 -0.00791134 0.00177125 0.0081072
18.41 -0.00791088 0.00121094 0.00800302
18.42 -0.00787261 0.000658016 0.00790006
18.43 -0.0077962 0.000117525 0.00779708
18.44 -0.00768584 -0.000410188 0.00769678
18.45 -0.00754023 -0.000921945 0.00759638
18.46 -0.00736276 -0.00141537 0.00749756
18.47 -0.00715444 -0.00188937 0.00739971
18.48 -0.00691798 -0.00234179 0.00730359
18.49 -0.0066538 -0.00277115 0.00720779
18.5 -0.00636595 -0.00317567 0.00711408
18.51 -0.00605477 -0.00355595 0.00702176
18.52 -0.0057229 -0.00390766 0.00692975
18.53 -0.00537295 -0.00423327 0.00684026
18.54 -0.00500569 -0.00452971 0.00675094
18.55 -0.00462459 -0.00479682 0.00666305
18.56 -0.00423072 -0.00503413 0.00657582
18.57 -0.00382724 -0.00524163 0.00649018
18.58 -0.00341519 -0.00541802 0.00640457
18.59 -0.00299872 -0.00556398 0.00632062
18.6 -0.00257744 -0.00568038 0.00623778
18.61 -0.00215603 -0.00576516 0.00615512
18.62 -0.00173499 -0.00582152 0.00607456
18.63 -0.00131623 -0.00584784 0.00599414
18.64 -0.000902704 -0.00584583 0.00591512
18.65 -0.000495149 -0.0058155 0.00583654
18.66 -9.58219e-05 -0.00575875 0.00575955
18.67 0.000293947 -0.00567489 0.0056825
18.68 0.000671032 -0.00556651 0.00560681
18.69 0.00103664 -0.00543391 0.00553191
18.7 0.00138578 -0.00527808 0.00545697
18.71 0.00171959 -0.00510166 0.00538367
18.72 0.00203603 -0.00490437 0.00531021
18.73 0.00233366 -0.00468946 0.00523803
18.74 0.0026118 -0.00445724 0.00516609
18.75 0.00287022 -0.00421051 0.00509574
18.76 0.00310747 -0.00394935 0.00502531
18.77 0.00332278 -0.00367774 0.00495647
18.78 0.00351739 -0.00339458 0.00488828
18.79 0.0036883 -0.00310357 0.00482034
18.8 0.00383771 -0.00280575 0.00475397
18.81 0.00396392 -0.00250184 0.00468741
18.82 0.00406784 -0.00219484 0.00462219
18.83 0.00414862 -0.00188568 0.00455707
18.84 0.00420804 -0.00157618 0.00449354
18.85 0.0042446 -0.00126719 0.00442972
18.86 0.00426031 -0.000962415 0.00436767
18.87 0.00425515 -0.000659853 0.00430601
18.88 0.00422913 -0.000363942 0.00424476
18.89 0.00418452 -7.42964e-05 0.00418518
18.9 0.00412023 0.000207912 0.00412547
18.91 0.00403862 0.00048123 0.00406719
18.92 0.00393939 0.000744276 0.00400908
18.93 0.00382466 0.000996925 0.00395246
18.94 0.00369336 0.00123779 0.00389526
18.95 0.00354921 0.00146487 0.00383963
18.96 0.00339085 0.00167968 0.00378407
18.97 0.00322042 0.00187887 0.00372844
18.98 0.00303998 0.00206382 0.00367435
18.99 0.00284902 0.00223287 0.00361976
19 0.00265026 0.00238647 0.00356638
19.01 0.00244431 0.00252325 0.00351304
19.02 0.00223305 0.00264443 0.00346115
19.03 0.0020159 0.00274856 0.00340858
19.04 0.00179706 0.00283611 0.00335752
19.05 0.00157452 0.00290772 0.00330665
19.06 0.00135129 0.00296165 0.00325536
19.07 0.00112847 0.0030004 0.0032056
19.08 0.000906571 0.00302207 0.00315512
19.09 0.000687182 0.00302855 0.00310554
19.1 0.000471831 0.00301914 0.00305579
19.11 0.000261329 0.00299599 0.00300736
19.12 5.58692e-05 0.00295749 0.00295802
19.13 -0.000141531 0.00290677 0.00291021
19.14 -0.000332876 0.00284337 0.00286279
19.15 -0.000515143 0.00276757 0.0028151
19.16 -0.000689275 0.00268204 0.0027692
19.17 -0.000853758 0.00258577 0.00272307
19.18 -0.00100902 0.00248054 0.00267791
19.19 -0.00115333 0.00236673 0.00263279
19.2 -0.00128763 0.00224638 0.00258925
19.21 -0.00141069 0.00211784 0.00254466
19.22 -0.00152213 0.00198531 0.00250167
19.23 -0.0016233 0.0018473 0.00245919
19.24 -0.00171187 0.00170547 0.00241643
19.25 -0.00179033 0.0015613 0.00237549
19.26 -0.00185703 0.00141506 0.00233472
19.27 -0.00191333 0.00126737 0.00229501
19.28 -0.00195821 0.0011194 0.00225558
19.29 -0.00199383 0.000972061 0.00221816
19.3 -0.00201805 0.000824221 0.00217988
19.31 -0.00203273 0.000679174 0.0021432
19.32 -0.00203839 0.000534839 0.00210738
19.33 -0.00203334 0.000393665 0.0020711
19.34 -0.00202037 0.000255283 0.00203643
19.35 -0.00199824 0.000120897 0.00200189
19.36 -0.00196809 -9.71917e-06 0.00196812
19.37 -0.00192948 -0.000135236 0.00193422
19.38 -0.00188495 -0.00025584 0.00190223
19.39 -0.00183202 -0.000371601 0.00186933
19.4 -0.00177369 -0.000480582 0.00183765
19.41 -0.00170968 -0.000585239 0.00180707
19.42 -0.00163959 -0.000682476 0.00177596
19.43 -0.00156517 -0.000774248 0.0017462
19.44 -0.00148618 -0.000859006 0.00171658
19.45 -0.00140325 -0.000937462 0.00168759
19.46 -0.00131636 -0.00100816 0.00165807
19.47 -0.00122774 -0.00107267 0.00163033
19.48 -0.00113521 -0.00112967 0.00160152
19.49 -0.00104223 -0.00117888 0.00157354
19.5 -0.000947342 -0.00122242 0.00154653
19.51 -0.000852094 -0.00125761 0.0015191
19.52 -0.000756559 -0.00128676 0.0014927
19.53 -0.000661595 -0.00130904 0.00146673
19.54 -0.000566964 -0.00132534 0.00144152
19.55 -0.000473396 -0.0013343 0.00141579
19.56 -0.000381536 -0.00133871 0.00139202
19.57 -0.000290247 -0.00133614 0.0013673
19.58 -0.000202398 -0.00132804 0.00134337
19.59 -0.000115457 -0.00131522 0.00132028
19.6 -3.21789e-05 -0.00129651 0.00129691
19.61 4.85607e-05 -0.00127325 0.00127418
19.62 0.000125694 -0.00124553 0.00125186
19.63 0.00019995 -0.00121396 0.00123032
19.64 0.000269848 -0.00117762 0.00120814
19.65 0.000336602 -0.00113935 0.00118803
19.66 0.00040018 -0.00109651 0.00116725
19.67 0.000458679 -0.00105158 0.00114726
19.68 0.000515036 -0.00100377 0.00112819
19.69 0.000566432 -0.000953355 0.00110893
19.7 0.000614125 -0.000900668 0.00109012
19.71 0.000657376 -0.000845998 0.00107138
19.72 0.000697072 -0.000789639 0.0010533
19.73 0.000731113 -0.000731272 0.00103406
19.74 0.00076177 -0.000672995 0.00101647
19.75 0.00078798 -0.000612458 0.000998007
19.76 0.000808951 -0.000553129 0.000979976
19.77 0.00082695 -0.000492782 0.000962642
19.78 0.000840032 -0.000433048 0.000945084
19.79 0.000849369 -0.000373729 0.000927955
19.8 0.000854401 -0.000315182 0.000910681
19.81 0.000856471 -0.000257191 0.000894254
19.82 0.000853284 -0.000200418 0.000876505
19.83 0.000847832 -0.000145682 0.000860257
19.84 0.000838128 -9.12005e-05 0.000843075
19.85 0.000825137 -4.05345e-05 0.000826132
19.86 0.000809511 9.11911e-06 0.000809563
19.87 0.000790818 5.57354e-05 0.000792779
19.88 0.000769895 9.97903e-05 0.000776335
19.89 0.000746681 0.000140673 0.000759816
19.9 0.00072241 0.000179806 0.000744451
19.91 0.000695544 0.000215324 0.000728111
19.92 0.000669019 0.000248379 0.000713638
19.93 0.00064014 0.000279727 0.000698589
19.94 0.000611505 0.000307151 0.00068431
19.95 0.000581975 0.000333088 0.000670554
19.96 0.00055205 0.000356157 0.000656968
19.97 0.000522019 0.000377023 0.000643934
19.98 0.000492117 0.000394924 0.000630986
19.99 0.000462418 0.000412008 0.000619339
20 0.000432576 0.000425763 0.000606956
20.01 0.000404603 0.000438582 0.000596706
20.02 0.000375465 0.00045002 0.000586082
20.03 0.000348375 0.000459512 0.000576642
20.04 0.000321219 0.000468512 0.000568054
20.05 0.000294476 0.000476083 0.000559796
20.06 0.00026805 0.000483017 0.00055241
20.07 0.000242411 0.000488354 0.000545209
20.08 0.000216317 0.000493997 0.000539282
20.09 0.000190433 0.000497253 0.000532471
20.1 0.000165851 0.000500953 0.000527694
20.11 0.000139832 0.000503057 0.000522129
20.12 0.000115611 0.000504386 0.000517466
20.13 9.10144e-05 0.000505404 0.000513533
20.14 6.6815e-05 0.000505163 0.000509562
20.15 4.23933e-05 0.000504622 0.0005064
20.16 1.89754e-05 0.000502935 0.000503293
20.17 -5.59354e-06 0.000501309 0.00050134
20.18 -2.96505e-05 0.000497415 0.000498298
20.19 -5.32322e-05 0.00049434 0.000497198
20.2 -7.78274e-05 0.000488879 0.000495035
20.21 -0.000101084 0.000482942 0.000493407
20.22 -0.000124725 0.00047616 0.000492224
20.23 -0.000147523 0.000468014 0.000490714
20.24 -0.000170597 0.000458932 0.000489614
20.25 -0.000192155 0.000449274 0.000488642
20.26 -0.000214829 0.000438972 0.00048872
20.27 -0.00023618 0.000426812 0.000487801
20.28 -0.00025778 0.00041552 0.000488986
20.29 -0.000279403 0.000401685 0.000489303
20.3 -0.000300163 0.000387538 0.000490187
20.31 -0.000321199 0.000372116 0.000491568
20.32 -0.000341214 0.000355455 0.000492722
20.33 -0.000361155 0.000336861 0.000493871
20.34 -0.000379504 0.000317919 0.000495071
20.35 -0.000398288 0.000297271 0.000496994
20.36 -0.000414655 0.000274969 0.000497541
20.37 -0.000431259 0.000252925 0.000499956
20.38 -0.000446385 0.000228447 0.000501446
20.39 -0.000460075 0.000203712 0.000503157
20.4 -0.000473199 0.000177462 0.000505381
20.41 -0.000484525 0.000150489 0.000507358
20.42 -0.000494455 0.000121464 0.000509156
20.43 -0.000502341 9.25834e-05 0.000510802
20.44 -0.000509451 6.1928e-05 0.000513201
20.45 -0.000512785 3.06161e-05 0.000513698
20.46 -0.000515646 -3.89564e-07 0.000515646
20.47 -0.000515532 -3.26996e-05 0.000516568
20.48 -0.00051308 -6.39648e-05 0.000517052
20.49 -0.000508966 -9.58171e-05 0.000517907
20.5 -0.000502709 -0.000126624 0.000518411
20.51 -0.000494091 -0.000157932 0.000518718
20.52 -0.000483633 -0.000187479 0.000518699
20.53 -0.000472133 -0.000217607 0.000519868
20.54 -0.000457095 -0.000246194 0.000519179
20.55 -0.000442011 -0.000273791 0.000519938
20.56 -0.000424133 -0.000301079 0.000520132
20.57 -0.000404839 -0.000326026 0.000519796
20.58 -0.000383899 -0.000350482 0.000519823
20.59 -0.000362051 -0.000372858 0.000519715
20.6 -0.00033817 -0.00039433 0.000519475
20.61 -0.000313823 -0.000413235 0.000518891
20.62 -0.000288959 -0.000432196 0.000519895
20.63 -0.000262155 -0.000448372 0.000519387
20.64 -0.000236045 -0.000463765 0.00052038
20.65 -0.000208119 -0.000478148 0.000521478
20.66 -0.000180083 -0.0004904 0.00052242
20.67 -0.000150655 -0.000501748 0.000523878
20.68 -0.000121191 -0.000511595 0.000525753
20.69 -8.98726e-05 -0.000519934 0.000527644
20.7 -5.8749e-05 -0.000525823 0.000529095
20.71 -2.67127e-05 -0.000531581 0.000532252
20.72 6.22762e-06 -0.000533841 0.000533878
20.73 3.85471e-05 -0.000535256 0.000536642
20.74 7.23378e-05 -0.000534797 0.000539667
20.75 0.00010546 -0.000532089 0.000542439
20.76 0.000139599 -0.000527449 0.00054561
20.77 0.000173307 -0.00052118 0.00054924
20.78 0.000208118 -0.000512475 0.000553122
20.79 0.000241805 -0.000500878 0.000556191
20.8 0.000276234 -0.000488324 0.00056104
20.81 0.000310017 -0.000471468 0.000564263
20.82 0.000342257 -0.00045319 0.000567909
20.83 0.000374673 -0.00043187 0.000571744
20.84 0.00040469 -0.00040822 0.00057482
20.85 0.000433797 -0.000381864 0.000577928
20.86 0.000460838 -0.00035395 0.000581078
20.87 0.000486949 -0.000323531 0.00058463
20.88 0.000509694 -0.000290895 0.000586863
20.89 0.000531884 -0.000257577 0.000590971
20.9 0.000551187 -0.000220892 0.000593802
20.91 0.000567654 -0.000183973 0.000596722
20.92 0.00058252 -0.000144492 0.000600173
20.93 0.000593786 -0.000104265 0.00060287
20.94 0.000602286 -6.23304e-05 0.000605503
20.95 0.000607586 -2.02713e-05 0.000607924
20.96 0.000610511 2.29688e-05 0.000610943
20.97 0.000608729 6.61494e-05 0.000612313
20.98 0.000605625 0.000108809 0.000615321
20.99 0.000598379 0.000152396 0.000617481
21 0.000588169 0.000194131 0.000619378
21.01 0.000575331 0.000236503 0.000622044
21.02 0.000559302 0.000277451 0.000624338
21.03 0.000539964 0.00031803 0.000626661
21.04 0.000517746 0.000356848 0.000628809
21.05 0.000493021 0.000395274 0.000631911
21.06 0.000463884 0.000431058 0.000633245
21.07 0.000433564 0.000465045 0.000635802
21.08 0.000399236 0.000497416 0.000637819
21.09 0.000362926 0.00052592 0.000638989
21.1 0.0003241 0.000552732 0.000640744
21.11 0.00028345 0.000576045 0.000642006
21.12 0.000240571 0.00059653 0.000643212
21.13 0.000196419 0.000613197 0.000643887
21.14 0.000151232 0.000627838 0.000645795
21.15 0.000103911 0.000637593 0.000646005
21.16 5.72547e-05 0.000644444 0.000646982
21.17 8.51696e-06 0.00064795 0.000648006
21.18 -3.94198e-05 0.000646491 0.000647692
21.19 -8.78391e-05 0.000641999 0.00064798
21.2 -0.000135406 0.000633278 0.000647592
21.21 -0.000182421 0.000620927 0.000647169
21.22 -0.000227736 0.000604206 0.0006457
21.23 -0.000271509 0.000585586 0.000645467
21.24 -0.000313923 0.000562017 0.000643748
21.25 -0.000352844 0.000536546 0.000642168
21.26 -0.000391206 0.000508333 0.00064144
21.27 -0.000425785 0.000476936 0.000639344
21.28 -0.000458632 0.000443692 0.000638127
21.29 -0.000488531 0.000408122 0.000636574
21.3 -0.000516006 0.000370736 0.00063538
21.31 -0.000539794 0.00033089 0.000633139
21.32 -0.0005612 0.000291107 0.000632209
21.33 -0.000579367 0.00024834 0.000630348
21.34 -0.000593303 0.000206046 0.000628063
21.35 -0.000605628 0.000162616 0.00062708
21.36 -0.000613534 0.000118793 0.000624929
21.37 -0.000619119 7.49224e-05 0.000623636
21.38 -0.000621662 3.10243e-05 0.000622436
21.39 -0.000621918 -1.27924e-05 0.000622049
21.4 -0.000618271 -5.69464e-05 0.000620888
21.41 -0.000613052 -9.97498e-05 0.000621114
21.42 -0.000604342 -0.00014371 0.000621193
21.43 -0.000592106 -0.000185648 0.000620528
21.44 -0.000578082 -0.000227784 0.000621341
21.45 -0.000560108 -0.000268518 0.000621147
21.46 -0.000539659 -0.000308098 0.000621415
21.47 -0.000516294 -0.000346148 0.000621593
21.48 -0.000491006 -0.000382689 0.000622525
21.49 -0.000461836 -0.000417495 0.000622571
21.5 -0.00043182 -0.000449776 0.000623512
21.51 -0.000398552 -0.000481352 0.000624934
21.52 -0.000362731 -0.000509076 0.000625086
21.53 -0.000325452 -0.000535717 0.000626827
21.54 -0.000285232 -0.000559118 0.00062767
21.55 -0.00024339 -0.00057971 0.000628731
21.56 -0.000199429 -0.000597086 0.00062951
21.57 -0.000154843 -0.000611452 0.000630753
21.58 -0.000107664 -0.000621825 0.000631077
21.59 -6.1394e-05 -0.000628281 0.000631274
21.6 -1.35587e-05 -0.000632259 0.000632405
21.61 3.41602e-05 -0.000630767 0.000631692
21.62 8.1346e-05 -0.000627137 0.000632391
21.63 0.000128737 -0.000619288 0.000632528
21.64 0.000175066 -0.000608053 0.000632753
21.65 0.000220982 -0.000593044 0.000632878
21.66 0.000264982 -0.00057541 0.000633492
21.67 0.000308906 -0.000553399 0.000633777
21.68 0.000349482 -0.000528158 0.000633316
21.69 0.00038948 -0.000500598 0.000634266
21.7 0.000426433 -0.000468272 0.000633343
21.71 0.000460817 -0.000434422 0.000633305
21.72 0.000492816 -0.000397374 0.000633067
21.73 0.000521451 -0.000358251 0.000632657
21.74 0.000547253 -0.000316513 0.000632192
21.75 0.000569463 -0.000274155 0.00063202
21.76 0.00058919 -0.000228889 0.000632088
21.77 0.000604058 -0.000182709 0.000631085
21.78 0.00061694 -0.000135862 0.000631723
21.79 0.00062505 -8.6761e-05 0.000631043
21.8 0.000629593 -3.79184e-05 0.000630734
21.81 0.000630381 1.18601e-05 0.000630493
21.82 0.000626846 6.12446e-05 0.000629831
21.83 0.000619109 0.000110994 0.00062898
21.84 0.000607425 0.000158571 0.000627782
21.85 0.000592222 0.000206311 0.00062713
21.86 0.000571891 0.000251794 0.000624868
21.87 0.000549664 0.000295236 0.000623935
21.88 0.000522724 0.000337426 0.000622171
21.89 0.000492993 0.000376435 0.000620278
21.9 0.000460368 0.000413559 0.000618846
21.91 0.000424829 0.000447239 0.000616849
21.92 0.000386181 0.000478651 0.000615015
21.93 0.000345603 0.00050535 0.000612225
21.94 0.000303227 0.00052973 0.000610377
21.95 0.000257846 0.00054924 0.000606753
21.96 0.000213093 0.000564966 0.000603817
21.97 0.000166156 0.000577212 0.000600651
21.98 0.000119425 0.000584652 0.000596724
21.99 7.26637e-05 0.000589083 0.000593547
22 2.65551e-05 0.000589136 0.000589734
22.01 -1.97694e-05 0.000586347 0.00058668
22.02 -6.45475e-05 0.000578981 0.000582568
22.03 -0.000108245 0.000569661 0.000579854
22.04 -0.000151956 0.000555708 0.000576109
22.05 -0.000192464 0.000539202 0.000572522
22.06 -0.00023262 0.00051995 0.000569614
22.07 -0.00027014 0.000497127 0.000565784
22.08 -0.000305786 0.000472479 0.000562798
22.09 -0.000338447 0.000445139 0.000559191
22.1 -0.000369676 0.00041606 0.000556566
22.11 -0.00039744 0.000384382 0.000552909
22.12 -0.000422856 0.00035252 0.000550524
22.13 -0.00044672 0.000317604 0.000548116
22.14 -0.00046675 0.000282236 0.000545447
22.15 -0.000485462 0.000245603 0.000544054
22.16 -0.000500834 0.000207198 0.000542001
22.17 -0.000513955 0.000168189 0.000540775
22.18 -0.000523429 0.000128331 0.000538931
22.19 -0.000530892 8.76874e-05 0.000538085
22.2 -0.000534219 4.60096e-05 0.000536197
22.21 -0.000534698 5.62287e-06 0.000534728
22.22 -0.000532511 -3.63868e-05 0.000533752
22.23 -0.0005262 -7.69522e-05 0.000531798
22.24 -0.000517987 -0.000117066 0.00053105
22.25 -0.000505923 -0.00015677 0.000529656
22.26 -0.000491599 -0.000195367 0.000528997
22.27 -0.000473602 -0.000232459 0.000527575
22.28 -0.000453647 -0.000268402 0.000527101
22.29 -0.000429782 -0.000303378 0.000526071
22.3 -0.000403721 -0.00033488 0.000524533
22.31 -0.000375119 -0.00036606 0.000524132
22.32 -0.000343175 -0.00039356 0.000522167
22.33 -0.000310264 -0.000418618 0.000521061
22.34 -0.000274441 -0.000440822 0.00051927
22.35 -0.000237767 -0.000460093 0.000517898
22.36 -0.000199229 -0.000475705 0.000515739
22.37 -0.000160581 -0.00048842 0.000514141
22.38 -0.000119941 -0.000498616 0.000512839
22.39 -7.97205e-05 -0.000504063 0.000510328
22.4 -3.89322e-05 -0.000508126 0.000509616
22.41 2.73536e-06 -0.000507671 0.000507679
22.42 4.31218e-05 -0.000504418 0.000506258
22.43 8.4029e-05 -0.000497567 0.000504612
22.44 0.000123732 -0.000487707 0.000503158
22.45 0.000162687 -0.00047389 0.000501038
22.46 0.000199385 -0.000457248 0.000498829
22.47 0.00023586 -0.000438114 0.000497568
22.48 0.000269159 -0.000414879 0.000494542
22.49 0.000300896 -0.000390678 0.000493121
22.5 0.00033101 -0.000362877 0.000491169
22.51 0.000357812 -0.00033352 0.000489147
22.52 0.000382763 -0.000301711 0.000487378
22.53 0.000404953 -0.000268345 0.000485794
22.54 0.000424344 -0.000232506 0.000483867
22.55 0.000439699 -0.000195489 0.000481198
22.56 0.000453289 -0.000157412 0.000479843
22.57 0.000461907 -0.000117485 0.000476614
22.58 0.000467585 -7.83768e-05 0.000474109
22.59 0.000470083 -3.79178e-05 0.00047161
22.6 0.000468309 1.44723e-06 0.000468312
22.61 0.000463446 4.06807e-05 0.000465228
22.62 0.000455349 7.86204e-05 0.000462086
22.63 0.000444253 0.000116071 0.000459165
22.64 0.000428992 0.000151711 0.000455028
22.65 0.000412493 0.000185859 0.000452431
22.66 0.000391582 0.000218855 0.000448591
22.67 0.000368719 0.000248409 0.000444591
22.68 0.000343695 0.000276943 0.000441388
22.69 0.000316017 0.000301811 0.000436986
22.7 0.000286689 0.000324253 0.000432817
22.71 0.000255967 0.000343274 0.000428202
22.72 0.000224533 0.000359872 0.000424173
22.73 0.000191179 0.000372725 0.000418896
22.74 0.000159184 0.000383064 0.000414822
22.75 0.0001254 0.000391108 0.00041072
22.76 9.24425e-05 0.000395116 0.000405786
22.77 5.97112e-05 0.000397921 0.000402376
22.78 2.70767e-05 0.000397189 0.000398111
22.79 -5.01163e-06 0.000394252 0.000394284
22.8 -3.63912e-05 0.000388452 0.000390153
22.81 -6.65284e-05 0.000380984 0.000386749
22.82 -9.66931e-05 0.000370122 0.000382544
22.83 -0.000123933 0.000357824 0.000378679
22.84 -0.000151263 0.000343955 0.000375747
22.85 -0.000176207 0.000327124 0.000371563
22.86 -0.000199701 0.000310037 0.000368787
22.87 -0.00022169 0.000290844 0.0003657
22.88 -0.000242087 0.000270485 0.000362999
22.89 -0.000260839 0.000248535 0.000360287
22.9 -0.000277738 0.0002263 0.00035826
22.91 -0.000293767 0.00020148 0.00035622
22.92 -0.00030655 0.000176377 0.000353669
22.93 -0.000318679 0.000150533 0.000352443
22.94 -0.000327683 0.000122745 0.000349918
22.95 -0.000334678 9.54561e-05 0.000348025
22.96 -0.000339304 6.7295e-05 0.000345913
22.97 -0.000341538 3.91087e-05 0.000343769
22.98 -0.000341381 1.04952e-05 0.000341542
22.99 -0.000338889 -1.67008e-05 0.0003393
23 -0.000334844 -4.50545e-05 0.000337862
23.01 -0.000327425 -7.20748e-05 0.000335264
23.02 -0.000319277 -9.81977e-05 0.000334037
23.03 -0.000307827 -0.000124503 0.000332052
23.04 -0.000294675 -0.000148802 0.000330114
23.05 -0.000279378 -0.000172271 0.000328221
23.06 -0.000262013 -0.000193915 0.000325966
23.07 -0.000242691 -0.000214548 0.000323928
23.08 -0.000221875 -0.000231853 0.000320912
23.09 -0.000200238 -0.000248655 0.000319256
23.1 -0.000176345 -0.000262561 0.000316285
23.11 -0.000153201 -0.000274153 0.000314055
23.12 -0.000128131 -0.000284527 0.000312047
23.13 -0.000102981 -0.000291967 0.000309596
23.14 -7.73918e-05 -0.000297731 0.000307625
23.15 -5.14412e-05 -0.000300899 0.000305264
23.16 -2.49366e-05 -0.000302679 0.000303704
23.17 1.2022e-06 -0.000300755 0.000300757
23.18 2.67682e-05 -0.000297963 0.000299163
23.19 5.29614e-05 -0.000292093 0.000296855
23.2 7.67282e-05 -0.000283898 0.000294084
23.21 0.000100658 -0.000274306 0.000292191
23.22 0.000123037 -0.000262067 0.000289512
23.23 0.000144037 -0.000248447 0.00028718
23.24 0.000163519 -0.000232753 0.000284451
23.25 0.000182201 -0.000216294 0.000282808
23.26 0.000198714 -0.00019714 0.000279914
23.27 0.000213336 -0.000177922 0.000277792
23.28 0.000227278 -0.000156712 0.000276069
23.29 0.000237577 -0.000134397 0.000272957
23.3 0.000246687 -0.000111735 0.000270812
23.31 0.000253203 -8.78414e-05 0.000268007
23.32 0.00025725 -6.40078e-05 0.000265094
23.33 0.000258536 -3.97607e-05 0.000261575
23.34 0.000258398 -1.64363e-05 0.00025892
23.35 0.000255366 7.43519e-06 0.000255475
23.36 0.000250025 2.93646e-05 0.000251743
23.37 0.000244023 5.12408e-05 0.000249345
23.38 0.000234649 7.19089e-05 0.00024542
23.39 0.00022451 9.10224e-05 0.00024226
23.4 0.000212453 0.000109481 0.000239003
23.41 0.000199017 0.000126042 0.000235572
23.42 0.000183574 0.000141432 0.000231737
23.43 0.000167959 0.000154488 0.000228203
23.44 0.000150832 0.000166693 0.000224804
23.45 0.000132645 0.000175683 0.000220135
23.46 0.000115472 0.000183709 0.000216986
23.47 9.67338e-05 0.000189566 0.000212821
23.48 7.90105e-05 0.000193266 0.000208793
23.49 6.11836e-05 0.000196052 0.000205377
23.5 4.40078e-05 0.00019694 0.000201797
23.51 2.63888e-05 0.000196787 0.000198549
23.52 1.01569e-05 0.000194944 0.000195208
23.53 -6.13299e-06 0.000192855 0.000192953
23.54 -2.24065e-05 0.000188199 0.000189528
23.55 -3.67507e-05 0.00018342 0.000187065
23.56 -5.16827e-05 0.000177183 0.000184567
23.57 -6.49651e-05 0.00016942 0.000181449
23.58 -7.77078e-05 0.000161361 0.000179098
23.59 -8.91133e-05 0.000152237 0.000176401
23.6 -0.000100445 0.000142473 0.00017432
23.61 -0.000110009 0.000131881 0.00017174
23.62 -0.000119131 0.000121741 0.000170332
23.63 -0.00012796 0.000109653 0.000168516
23.64 -0.000134748 9.80896e-05 0.000166669
23.65 -0.00014173 8.57201e-05 0.000165636
23.66 -0.000146969 7.22584e-05 0.000163772
23.67 -0.000151381 5.88362e-05 0.000162412
23.68 -0.000154109 4.50458e-05 0.000160558
23.69 -0.000156323 3.08958e-05 0.000159347
23.7 -0.000156465 1.65526e-05 0.000157338
23.71 -0.000155673 3.52371e-06 0.000155712
23.72 -0.000154184 -1.07258e-05 0.000154557
23.73 -0.000150558 -2.35094e-05 0.000152383
23.74 -0.00014689 -3.6019e-05 0.000151241
23.75 -0.000141454 -4.86082e-05 0.000149573
23.76 -0.000135436 -6.03349e-05 0.000148268
23.77 -0.000127897 -7.13565e-05 0.000146456
23.78 -0.000120077 -8.1878e-05 0.000145336
23.79 -0.000110651 -9.19626e-05 0.000143878
23.8 -0.000100682 -9.96924e-05 0.000141688
23.81 -9.04349e-05 -0.000107913 0.000140797
23.82 -7.87177e-05 -0.00011392 0.000138471
23.83 -6.76833e-05 -0.000118781 0.000136711
23.84 -5.56057e-05 -0.000122961 0.00013495
23.85 -4.39464e-05 -0.000125858 0.00013331
23.86 -3.17868e-05 -0.000127531 0.000131433
23.87 -2.026e-05 -0.000128364 0.000129953
23.88 -8.16445e-06 -0.000128877 0.000129136
23.89 3.52561e-06 -0.000126891 0.00012694
23.9 1.47134e-05 -0.00012541 0.00012627
23.91 2.65425e-05 -0.000121954 0.000124809
23.92 3.69179e-05 -0.000117325 0.000122996
23.93 4.7537e-05 -0.000112024 0.000121693
23.94 5.70693e-05 -0.000105692 0.000120115
23.95 6.61074e-05 -9.82409e-05 0.000118412
23.96 7.37679e-05 -9.01659e-05 0.000116497
23.97 8.11691e-05 -8.23252e-05 0.000115611
23.98 8.72672e-05 -7.2515e-05 0.000113464
23.99 9.21783e-05 -6.37256e-05 0.000112062
24 9.70654e-05 -5.39014e-05 0.000111027
24.01 9.99951e-05 -4.35444e-05 0.000109065
24.02 0.000102551 -3.31994e-05 0.000107791
24.03 0.000103823 -2.27038e-05 0.000106276
24.04 0.000104097 -1.18512e-05 0.00010477
24.05 0.000102653 -1.07826e-06 0.000102659
24.06 0.000100778 8.39953e-06 0.000101127
24.07 9.73061e-05 1.87799e-05 9.91017e-05
24.08 9.25736e-05 2.7219e-05 9.64922e-05
24.09 8.79605e-05 3.5333e-05 9.47917e-05
24.1 8.17052e-05 4.28345e-05 9.22525e-05
24.11 7.5476e-05 4.93523e-05 9.01791e-05
24.12 6.87662e-05 5.4979e-05 8.80425e-05
24.13 6.19052e-05 6.00614e-05 8.62533e-05
24.14 5.41107e-05 6.46228e-05 8.42857e-05
24.15 4.70054e-05 6.72949e-05 8.2086e-05
24.16 3.92418e-05 7.04565e-05 8.06476e-05
24.17 3.10506e-05 7.15778e-05 7.80226e-05
24.18 2.40133e-05 7.21764e-05 7.60662e-05
24.19 1.62289e-05 7.2016e-05 7.3822e-05
24.2 9.29891e-06 7.1028e-05 7.16341e-05
24.21 2.80446e-06 6.93814e-05 6.9438e-05
24.22 -2.88231e-06 6.73135e-05 6.73752e-05
24.23 -8.87223e-06 6.53913e-05 6.59905e-05
24.24 -1.34434e-05 6.21346e-05 6.35722e-05
24.25 -1.80517e-05 5.99013e-05 6.25622e-05
24.26 -2.29253e-05 5.64769e-05 6.09525e-05
24.27 -2.64017e-05 5.31263e-05 5.9325e-05
24.28 -3.04896e-05 4.9599e-05 5.8221e-05
24.29 -3.39653e-05 4.57437e-05 5.69748e-05
24.3 -3.70394e-05 4.17335e-05 5.57997e-05
24.31 -3.93217e-05 3.75368e-05 5.43618e-05
24.32 -4.21143e-05 3.38172e-05 5.40113e-05
24.33 -4.35232e-05 2.91251e-05 5.23693e-05
24.34 -4.48476e-05 2.55472e-05 5.16136e-05
24.35 -4.66207e-05 2.11794e-05 5.1206e-05
24.36 -4.70488e-05 1.69971e-05 5.00249e-05
24.37 -4.79856e-05 1.28721e-05 4.96821e-05
24.38 -4.85854e-05 8.47438e-06 4.93189e-05
24.39 -4.88136e-05 4.05123e-06 4.89814e-05
24.4 -4.8118e-05 -5.37394e-07 4.8121e-05
24.41 -4.7992e-05 -4.64271e-06 4.8216e-05
24.42 -4.64171e-05 -9.48265e-06 4.73758e-05
24.43 -4.43514e-05 -1.31703e-05 4.62655e-05
24.44 -4.27391e-05 -1.72427e-05 4.60863e-05
24.45 -3.97147e-05 -2.08475e-05 4.48539e-05
24.46 -3.69699e-05 -2.3966e-05 4.40584e-05
24.47 -3.40957e-05 -2.69745e-05 4.34757e-05
24.48 -3.11585e-05 -2.96194e-05 4.29903e-05
24.49 -2.73592e-05 -3.20865e-05 4.21672e-05
24.5 -2.45391e-05 -3.38449e-05 4.18048e-05
24.51 -2.0751e-05 -3.60563e-05 4.16012e-05
24.52 -1.65097e-05 -3.69504e-05 4.0471e-05
24.53 -1.31195e-05 -3.80774e-05 4.02742e-05
24.54 -8.64514e-06 -3.85633e-05 3.95205e-05
24.55 -4.59882e-06 -3.83834e-05 3.86579e-05
24.56 -7.02314e-07 -3.80259e-05 3.80324e-05
24.57 2.66988e-06 -3.71665e-05 3.72623e-05
24.58 6.66117e-06 -3.61194e-05 3.67285e-05
24.59 9.29481e-06 -3.44342e-05 3.56666e-05
24.6 1.22033e-05 -3.3335e-05 3.54985e-05
24.61 1.54839e-05 -3.11121e-05 3.47522e-05
24.62 1.76082e-05 -2.93135e-05 3.41955e-05
24.63 2.05083e-05 -2.71681e-05 3.40396e-05
24.64 2.29731e-05 -2.44432e-05 3.35445e-05
24.65 2.52536e-05 -2.17614e-05 3.33362e-05
24.66 2.67326e-05 -1.87188e-05 3.26347e-05
24.67 2.87074e-05 -1.55525e-05 3.26496e-05
24.68 2.92685e-05 -1.19442e-05 3.16119e-05
24.69 2.95447e-05 -9.08434e-06 3.09098e-05
24.7 3.01276e-05 -5.37996e-06 3.06041e-05
24.71 2.93321e-05 -2.2881e-06 2.94212e-05
24.72 2.89946e-05 6.33093e-07 2.90015e-05
24.73 2.82757e-05 3.86666e-06 2.85389e-05
24.74 2.74026e-05 6.69336e-06 2.82082e-05
24.75 2.57218e-05 9.39098e-06 2.73825e-05
24.76 2.46207e-05 1.19945e-05 2.7387e-05
24.77 2.24367e-05 1.47016e-05 2.68243e-05
24.78 1.97864e-05 1.63433e-05 2.56633e-05
24.79 1.77124e-05 1.84891e-05 2.56043e-05
24.8 1.44777e-05 1.98283e-05 2.45513e-05
24.81 1.17246e-05 2.05131e-05 2.36274e-05
24.82 8.98131e-06 2.12172e-05 2.30398e-05
24.83 6.54417e-06 2.13295e-05 2.23108e-05
24.84 3.69131e-06 2.09341e-05 2.1257e-05
24.85 1.87558e-06 2.03581e-05 2.04443e-05
24.86 -2.47034e-07 1.99632e-05 1.99648e-05
24.87 -2.60096e-06 1.84665e-05 1.86487e-05
24.88 -3.90519e-06 1.76673e-05 1.80938e-05
24.89 -5.91981e-06 1.644e-05 1.74734e-05
24.9 -7.34216e-06 1.47353e-05 1.64632e-05
24.91 -8.58621e-06 1.33693e-05 1.5889e-05
24.92 -9.22733e-06 1.18498e-05 1.50187e-05
24.93 -1.02153e-05 1.00837e-05 1.43538e-05
24.94 -1.01956e-05 8.40344e-06 1.32124e-05
24.95 -1.01411e-05 7.44012e-06 1.25777e-05
24.96 -1.05045e-05 5.62129e-06 1.1914e-05
24.97 -9.91038e-06 4.79519e-06 1.10095e-05
24.98 -1.01006e-05 4.05e-06 1.08823e-05
24.99 -1.00084e-05 2.96593e-06 1.04386e-05
25 -1.0121e-05 2.38179e-06 1.03975e-05
25.01 -9.86041e-06 1.83992e-06 1.00306e-05
25.02 -1.01216e-05 1.02343e-06 1.01732e-05
25.03 -9.80622e-06 9.98517e-08 9.80673e-06
25.04 -9.27783e-06 -1.01528e-07 9.27838e-06
25.05 -9.3253e-06 -1.30282e-06 9.41587e-06
25.06 -8.46756e-06 -1.82988e-06 8.66303e-06
25.07 -8.24119e-06 -2.15678e-06 8.51874e-06
25.08 -7.82892e-06 -2.98262e-06 8.37783e-06
25.09 -7.63114e-06 -3.45087e-06 8.37513e-06
25.1 -7.13553e-06 -3.75037e-06 8.06108e-06
25.11 -7.06327e-06 -4.40123e-06 8.3223e-06
25.12 -6.639e-06 -5.31287e-06 8.50311e-06
25.13 -5.75456e-06 -5.40438e-06 7.89445e-06
25.14 -5.42414e-06 -6.4815e-06 8.4517e-06
25.15 -4.17189e-06 -7.0696e-06 8.20877e-06
25.16 -3.30169e-06 -7.1859e-06 7.90811e-06
25.17 -2.32091e-06 -7.69959e-06 8.04178e-06
25.18 -1.53803e-06 -7.86502e-06 8.014e-06
25.19 -6.04643e-07 -7.55995e-06 7.58409e-06
25.2 -1.18918e-07 -7.39489e-06 7.39585e-06
25.21 3.62957e-07 -7.59406e-06 7.60273e-06
25.22 1.27019e-06 -6.77454e-06 6.89259e-06
25.23 1.52302e-06 -6.86812e-06 7.03496e-06
25.24 2.48235e-06 -6.77055e-06 7.21127e-06
25.25 3.15569e-06 -6.11701e-06 6.88303e-06
25.26 3.89548e-06 -5.89153e-06 7.06293e-06
25.27 4.40919e-06 -5.55322e-06 7.09078e-06
25.28 5.02893e-06 -4.72482e-06 6.90029e-06
25.29 5.25435e-06 -3.87002e-06 6.52574e-06
25.3 5.23647e-06 -3.66423e-06 6.39118e-06
25.31 5.61914e-06 -2.37783e-06 6.10154e-06
25.32 5.29191e-06 -1.89901e-06 5.62233e-06
25.33 5.53794e-06 -1.5973e-06 5.7637e-06
25.34 5.54252e-06 -7.43003e-07 5.5921e-06
25.35 5.67299e-06 -3.41911e-07 5.68328e-06
25.36 5.66681e-06 -4.03876e-08 5.66695e-06
25.37 5.71364e-06 6.40617e-07 5.74944e-06
25.38 5.58767e-06 1.56062e-06 5.80152e-06
25.39 5.06293e-06 1.68091e-06 5.33467e-06
25.4 4.91876e-06 2.84759e-06 5.68356e-06
25.41 4.076e-06 3.49458e-06 5.36897e-06
25.42 3.63951e-06 3.69476e-06 5.18626e-06
25.43 3.01602e-06 4.40942e-06 5.34223e-06
25.44 2.45542e-06 4.69296e-06 5.29651e-06
25.45 1.91725e-06 4.61135e-06 4.99404e-06
25.46 1.38984e-06 4.68472e-06 4.88654e-06
25.47 9.43183e-07 5.06994e-06 5.15693e-06
25.48 1.314e-07 4.45595e-06 4.45789e-06
25.49 -2.38805e-07 4.72159e-06 4.72763e-06
25.5 -1.11903e-06 4.74135e-06 4.87161e-06
25.51 -1.68965e-06 4.11341e-06 4.44692e-06
25.52 -2.24449e-06 3.97923e-06 4.56859e-06
25.53 -2.74288e-06 3.57611e-06 4.50688e-06
25.54 -3.00621e-06 2.71302e-06 4.04942e-06
25.55 -3.17977e-06 1.87669e-06 3.69227e-06
25.56 -3.06364e-06 1.61046e-06 3.46113e-06
25.57 -3.18693e-06 3.63103e-07 3.20755e-06
25.58 -2.86318e-06 -4.46603e-08 2.86352e-06
25.59 -2.90341e-06 -1.9428e-07 2.9099e-06
25.6 -2.80069e-06 -9.08051e-07 2.94422e-06
25.61 -2.67338e-06 -9.84443e-07 2.84888e-06
25.62 -2.60913e-06 -9.52989e-07 2.77772e-06
25.63 -2.37219e-06 -1.22721e-06 2.67083e-06
25.64 -2.1407e-06 -1.60082e-06 2.67305e-06
25.65 -1.63714e-06 -1.14051e-06 1.99524e-06
25.66 -1.39697e-06 -1.63539e-06 2.15082e-06
25.67 -8.08984e-07 -1.59334e-06 1.78695e-06
25.68 -5.84404e-07 -1.00963e-06 1.16657e-06
25.69 -3.62824e-07 -1.07132e-06 1.13109e-06
25.7 -1.95671e-07 -6.74049e-07 7.01876e-07
25.71 -2.58738e-07 -8.92088e-08 2.73685e-07
25.72 -1.84532e-07 2.04571e-07 2.75502e-07
25.73 -2.47026e-07 2.19624e-08 2.48001e-07
25.74 -2.16647e-08 6.19259e-07 6.19638e-07
25.75 -8.94561e-09 2.32987e-07 2.33159e-07
25.76 3.33486e-07 -1.31908e-07 3.58626e-07
25.77 4.6521e-07 1.16411e-07 4.79554e-07
25.78 5.56651e-07 -3.32475e-07 6.48383e-07
25.79 7.1326e-07 -5.01454e-07 8.71892e-07
25.8 5.41303e-07 -3.77923e-07 6.60177e-07
25.81 5.63748e-07 -3.20537e-07 6.48503e-07
25.82 3.93979e-07 -8.26042e-07 9.15185e-07
25.83 4.48423e-07 -4.54888e-07 6.38754e-07
25.84 3.9334e-07 -7.64756e-07 8.59982e-07
25.85 5.70033e-07 -1.32702e-06 1.44427e-06
25.86 7.22257e-07 -1.10997e-06 1.32427e-06
25.87 7.63703e-07 -1.45918e-06 1.64696e-06
25.88 9.81791e-07 -1.66256e-06 1.93081e-06
25.89 8.37179e-07 -1.46854e-06 1.69041e-06
25.9 8.41196e-07 -1.08525e-06 1.37309e-06
25.91 6.43414e-07 -1.35398e-06 1.49908e-06
25.92 5.30665e-07 -7.17517e-07 8.92432e-07
25.93 3.82864e-07 -4.73235e-07 6.08716e-07
25.94 3.24666e-07 -8.14474e-07 8.76799e-07
25.95 3.70012e-07 -3.679e-07 5.21785e-07
25.96 2.84483e-07 -4.5954e-07 5.4047e-07
25.97 4.35491e-07 -6.67359e-07 7.96882e-07
25.98 3.06864e-07 -5.84408e-07 6.60074e-07
25.99 2.98467e-07 -1.50529e-07 3.34278e-07
26 1.50308e-07 -4.77596e-07 5.0069e-07
