0 1.52073e-05 -1.60669e-05 2.21225e-05
0.01 3.01796e-05 -3.08256e-05 4.31396e-05
0.02 4.49096e-05 -4.60713e-05 6.43385e-05
0.03 5.92246e-05 -6.09662e-05 8.49966e-05
0.04 7.32668e-05 -7.56069e-05 0.000105283
0.05 8.68518e-05 -8.9779e-05 0.000124914
0.06 9.98326e-05 -0.000103317 0.000143669
0.07 0.000112019 -0.000117149 0.000162087
0.08 0.000123426 -0.000129415 0.000178836
0.09 0.000133831 -0.000140003 0.000193679
0.1 0.000143283 -0.000150695 0.00020794
0.11 0.000151609 -0.000159994 0.000220416
0.12 0.00015897 -0.000168238 0.000231464
0.13 0.000165236 -0.000175422 0.000240989
0.14 0.000170291 -0.000181496 0.000248877
0.15 0.000174024 -0.000186835 0.000255326
0.16 0.000176438 -0.000189788 0.000259133
0.17 0.000177523 -0.00019165 0.000261236
0.18 0.000177362 -0.000193432 0.000262437
0.19 0.000176024 -0.00019335 0.000261474
0.2 0.000173437 -0.00019223 0.000258907
0.21 0.000169496 -0.000189991 0.000254609
0.22 0.000164098 -0.000186545 0.00024845
0.23 0.000157449 -0.000181958 0.000240622
0.24 0.000149539 -0.000175171 0.000230319
0.25 0.00014049 -0.000168193 0.000219149
0.26 0.000130283 -0.000160629 0.000206822
0.27 0.000119157 -0.000151034 0.000192379
0.28 0.000106923 -0.000140778 0.000176779
0.29 9.36749e-05 -0.000129576 0.000159891
0.3 7.94293e-05 -0.000117283 0.000141649
0.31 6.45496e-05 -0.000104174 0.000122552
0.32 4.90124e-05 -8.99763e-05 0.00010246
0.33 3.29674e-05 -7.65337e-05 8.33322e-05
0.34 1.65279e-05 -6.23561e-05 6.45094e-05
0.35 -1.73915e-07 -4.68476e-05 4.68479e-05
0.36 -1.72581e-05 -3.19301e-05 3.62956e-05
0.37 -3.45411e-05 -1.65923e-05 3.83196e-05
0.38 -5.17052e-05 -1.12207e-06 5.17174e-05
0.39 -6.85414e-05 1.42864e-05 7.00145e-05
0.4 -8.50141e-05 2.9454e-05 8.99718e-05
0.41 -0.000101102 4.34896e-05 0.000110059
0.42 -0.000116523 5.8151e-05 0.000130228
0.43 -0.000131388 7.2962e-05 0.000150287
0.44 -0.000145625 8.62682e-05 0.000169259
0.45 -0.000158882 9.97342e-05 0.000187591
0.46 -0.000170866 0.000112386 0.000204513
0.47 -0.000181641 0.000124136 0.000220007
0.48 -0.000191212 0.000134863 0.000233987
0.49 -0.00019951 0.000144447 0.000246311
0.5 -0.000206215 0.0001542 0.000257492
0.51 -0.000211564 0.000162591 0.000266824
0.52 -0.000215404 0.000168996 0.000273786
0.53 -0.000217239 0.000175135 0.000279043
0.54 -0.000217244 0.00017973 0.000281953
0.55 -0.000215551 0.000182987 0.000282748
0.56 -0.000212289 0.000185173 0.000281701
0.57 -0.000207293 0.000186361 0.000278748
0.58 -0.000200526 0.000187336 0.000274418
0.59 -0.000192286 0.000186266 0.000267711
0.6 -0.000182368 0.000183919 0.000259006
0.61 -0.000170438 0.00018144 0.000248938
0.62 -0.000157287 0.000177317 0.000237024
0.63 -0.000142886 0.000172268 0.000223814
0.64 -0.000127335 0.000166553 0.000209652
0.65 -0.000110441 0.000160014 0.000194427
0.66 -9.24415e-05 0.00015284 0.000178621
0.67 -7.36104e-05 0.000143604 0.000161371
0.68 -5.36381e-05 0.00013404 0.000144374
0.69 -3.27184e-05 0.00012428 0.000128515
0.7 -1.18498e-05 0.000113 0.000113619
0.71 9.35716e-06 0.000101598 0.000102028
0.72 3.08624e-05 8.98893e-05 9.50399e-05
0.73 5.25861e-05 7.76478e-05 9.37789e-05
0.74 7.41447e-05 6.49412e-05 9.85637e-05
0.75 9.52846e-05 5.12871e-05 0.00010821
0.76 0.000116365 3.83915e-05 0.000122534
0.77 0.000136643 2.5586e-05 0.000139018
0.78 0.000155546 1.18257e-05 0.000155995
0.79 0.000173866 -1.02471e-06 0.000173869
0.8 0.000191325 -1.41304e-05 0.000191846
0.81 0.000207668 -2.7269e-05 0.000209451
0.82 0.000222637 -4.04621e-05 0.000226284
0.83 0.000236146 -5.35897e-05 0.00024215
0.84 0.000248406 -6.55481e-05 0.000256908
0.85 0.000258433 -7.75524e-05 0.000269818
0.86 0.000266424 -8.96287e-05 0.000281096
0.87 0.000273332 -0.000100317 0.00029116
0.88 0.000278286 -0.000111029 0.000299617
0.89 0.000281157 -0.00012118 0.00030616
0.9 0.000281874 -0.000130516 0.000310624
0.91 0.000280591 -0.000138998 0.000313132
0.92 0.000277346 -0.000146053 0.000313452
0.93 0.000271455 -0.000153039 0.000311623
0.94 0.000263846 -0.000159139 0.000308123
0.95 0.000255145 -0.000163735 0.000303163
0.96 0.000243968 -0.000168187 0.000296323
0.97 0.000230886 -0.000171588 0.000287664
0.98 0.000216032 -0.000173859 0.000277302
0.99 0.000199676 -0.000175279 0.000265694
1 0.000181766 -0.000175598 0.000252732
1.01 0.000162103 -0.000175876 0.000239185
1.02 0.000141966 -0.000174772 0.000225166
1.03 0.000121051 -0.000172629 0.000210842
1.04 9.81843e-05 -0.000170211 0.000196499
1.05 7.4724e-05 -0.000166519 0.000182516
1.06 5.06473e-05 -0.000161934 0.000169669
1.07 2.60858e-05 -0.000156677 0.000158833
1.08 1.0905e-06 -0.000150556 0.00015056
1.09 -2.41447e-05 -0.000144164 0.000146172
1.1 -4.86033e-05 -0.000136507 0.000144901
1.11 -7.33711e-05 -0.000128297 0.000147795
1.12 -9.87849e-05 -0.000119981 0.000155415
1.13 -0.000122893 -0.000110506 0.00016527
1.14 -0.000146369 -0.000100955 0.000177809
1.15 -0.000168956 -9.09913e-05 0.0001919
1.16 -0.000190547 -8.06907e-05 0.000206928
1.17 -0.000210846 -7.0279e-05 0.00022225
1.18 -0.00022941 -5.91706e-05 0.000236918
1.19 -0.000247528 -4.80723e-05 0.000252153
1.2 -0.000264437 -3.69764e-05 0.00026701
1.21 -0.000278554 -2.51871e-05 0.000279691
1.22 -0.000291432 -1.37034e-05 0.000291754
1.23 -0.00030251 -1.8528e-06 0.000302515
1.24 -0.00031178 1.01194e-05 0.000311944
1.25 -0.000319114 2.20074e-05 0.000319872
1.26 -0.000324498 3.42682e-05 0.000326302
1.27 -0.000328839 4.61692e-05 0.000332065
1.28 -0.000330584 5.80088e-05 0.000335635
1.29 -0.00032929 6.99222e-05 0.000336632
1.3 -0.000326832 8.14246e-05 0.000336822
1.31 -0.000322016 9.29147e-05 0.000335153
1.32 -0.000315055 0.000104043 0.00033179
1.33 -0.000306129 0.00011463 0.000326887
1.34 -0.000295302 0.000125281 0.000320778
1.35 -0.000283011 0.00013531 0.000313695
1.36 -0.000267726 0.00014515 0.000304541
1.37 -0.000250497 0.000154667 0.000294399
1.38 -0.000232744 0.000163825 0.000284619
1.39 -0.000212846 0.000172577 0.000274019
1.4 -0.000191632 0.000180672 0.000263373
1.41 -0.000169255 0.000188239 0.000253142
1.42 -0.000145632 0.000195694 0.000243936
1.43 -0.000120963 0.00020229 0.000235698
1.44 -9.43346e-05 0.000208351 0.000228712
1.45 -6.75252e-05 0.000213822 0.00022423
1.46 -4.08071e-05 0.000218573 0.00022235
1.47 -1.25648e-05 0.000222314 0.000222669
1.48 1.56331e-05 0.000225124 0.000225666
1.49 4.41466e-05 0.000227421 0.000231666
1.5 7.28096e-05 0.000229066 0.000240359
1.51 0.000101409 0.000229483 0.000250891
1.52 0.000130094 0.000229038 0.000263406
1.53 0.000157323 0.000227876 0.000276908
1.54 0.000183696 0.000225525 0.000290871
1.55 0.000210311 0.000221904 0.000305732
1.56 0.000235063 0.000217579 0.000320305
1.57 0.000259104 0.000212665 0.000335204
1.58 0.000281881 0.000206565 0.000349466
1.59 0.000303208 0.000198965 0.00036266
1.6 0.000323139 0.000190444 0.000375083
1.61 0.000340618 0.000180986 0.000385715
1.62 0.000356958 0.000170027 0.000395383
1.63 0.00037211 0.000157877 0.000404216
1.64 0.000384518 0.000145367 0.000411078
1.65 0.00039554 0.000131685 0.000416885
1.66 0.000404354 0.000116531 0.000420811
1.67 0.000410847 0.000100072 0.000422859
1.68 0.000415306 8.30383e-05 0.000423526
1.69 0.000416997 6.51152e-05 0.00042205
1.7 0.0004172 4.59316e-05 0.000419721
1.71 0.000415076 2.62478e-05 0.000415905
1.72 0.000409971 6.47956e-06 0.000410022
1.73 0.000403127 -1.48182e-05 0.0004034
1.74 0.00039359 -3.69871e-05 0.000395324
1.75 0.000381747 -5.95896e-05 0.00038637
1.76 0.000368049 -8.22505e-05 0.000377128
1.77 0.000351804 -0.000105417 0.000367259
1.78 0.000334224 -0.000129162 0.000358313
1.79 0.000314366 -0.000152442 0.000349377
1.8 0.000292504 -0.000175664 0.000341198
1.81 0.000269415 -0.000199928 0.000335494
1.82 0.000244311 -0.000223564 0.000331163
1.83 0.000218052 -0.000246468 0.000329079
1.84 0.000190498 -0.000268611 0.000329304
1.85 0.000161318 -0.000290334 0.000332141
1.86 0.000131456 -0.000311363 0.000337976
1.87 0.000100331 -0.000330853 0.000345731
1.88 6.82472e-05 -0.000349685 0.000356282
1.89 3.58064e-05 -0.000368081 0.000369818
1.9 2.40285e-06 -0.000383907 0.000383914
1.91 -3.08428e-05 -0.00039813 0.000399323
1.92 -6.46014e-05 -0.00041064 0.00041569
1.93 -9.85336e-05 -0.000421562 0.000432924
1.94 -0.00013166 -0.000430489 0.000450173
1.95 -0.000164653 -0.000436837 0.000466837
1.96 -0.000197123 -0.000441557 0.00048356
1.97 -0.000228718 -0.000443887 0.000499348
1.98 -0.000259553 -0.000442385 0.000512906
1.99 -0.000289172 -0.000438923 0.000525617
2 -0.000318171 -0.000432814 0.000537179
2.01 -0.000345843 -0.000424128 0.000547259
2.02 -0.000371532 -0.000412632 0.000555249
2.03 -0.000396361 -0.00039803 0.000561721
2.04 -0.000419752 -0.00038123 0.000567034
2.05 -0.000441396 -0.000361114 0.000570292
2.06 -0.000461169 -0.000337562 0.000571511
2.07 -0.000479267 -0.000312429 0.000572109
2.08 -0.000495519 -0.000284407 0.000571337
2.09 -0.000509247 -0.000253923 0.000569042
2.1 -0.000520421 -0.000221019 0.000565409
2.11 -0.000530213 -0.00018543 0.000561703
2.12 -0.000537629 -0.000148217 0.000557686
2.13 -0.000542366 -0.000108372 0.000553087
2.14 -0.000544653 -6.67566e-05 0.000548728
2.15 -0.00054492 -2.44867e-05 0.00054547
2.16 -0.000542421 1.9777e-05 0.000542781
2.17 -0.00053722 6.49114e-05 0.000541128
2.18 -0.000529893 0.000111072 0.000541409
2.19 -0.000520925 0.000158159 0.000544405
2.2 -0.000509141 0.000205057 0.000548884
2.21 -0.000494488 0.000252506 0.000555228
2.22 -0.000477732 0.000299528 0.000563866
2.23 -0.000458894 0.000345626 0.000574492
2.24 -0.000437083 0.000391773 0.000586965
2.25 -0.00041321 0.000436343 0.000600948
2.26 -0.000387571 0.000480089 0.000617006
2.27 -0.000359902 0.000522251 0.000634252
2.28 -0.000329347 0.000562042 0.000651429
2.29 -0.000296475 0.000600199 0.00066943
2.3 -0.000262221 0.000635852 0.000687799
2.31 -0.00022615 0.000668703 0.000705909
2.32 -0.000187777 0.000699131 0.000723909
2.33 -0.00014864 0.000725803 0.000740867
2.34 -0.000108121 0.000749737 0.000757493
2.35 -6.60172e-05 0.000769775 0.000772601
2.36 -2.21976e-05 0.000785585 0.000785898
2.37 2.24772e-05 0.000798271 0.000798587
2.38 6.73333e-05 0.000806513 0.000809319
2.39 0.000113164 0.000810437 0.0008183
2.4 0.000159804 0.000810117 0.000825728
2.41 0.00020596 0.00080532 0.00083124
2.42 0.000252981 0.000796631 0.000835835
2.43 0.000300204 0.000783058 0.000838631
2.44 0.000347342 0.000764987 0.00084015
2.45 0.000393769 0.000743468 0.000841308
2.46 0.000439043 0.000716907 0.000840664
2.47 0.000483991 0.000685975 0.000839529
2.48 0.00052789 0.000651067 0.000838186
2.49 0.000570016 0.0006124 0.000836631
2.5 0.000611534 0.000569798 0.000835849
2.51 0.000650918 0.000522902 0.000834938
2.52 0.000688248 0.000472585 0.000834878
2.53 0.000723294 0.000419337 0.000836061
2.54 0.00075558 0.00036188 0.00083777
2.55 0.000786011 0.00030161 0.000841892
2.56 0.000813535 0.000239206 0.000847973
2.57 0.000837881 0.000174626 0.000855885
2.58 0.000859747 0.000107532 0.000866445
2.59 0.000877429 3.85094e-05 0.000878273
2.6 0.000891954 -3.15512e-05 0.000892512
2.61 0.000902621 -0.00010271 0.000908446
2.62 0.000909186 -0.000175309 0.000925933
2.63 0.000912321 -0.000247805 0.000945376
2.64 0.00091103 -0.000319876 0.000965555
2.65 0.000905148 -0.000392123 0.000986435
2.66 0.000895187 -0.000464534 0.00100854
2.67 0.000880001 -0.000535851 0.00103031
2.68 0.000861019 -0.000605905 0.00105284
2.69 0.000836919 -0.000674593 0.00107495
2.7 0.000807918 -0.000741617 0.00109669
2.71 0.000775003 -0.000805784 0.001118
2.72 0.000736812 -0.000867338 0.00113805
2.73 0.000693836 -0.000926673 0.00115764
2.74 0.00064643 -0.000983088 0.00117658
2.75 0.00059432 -0.00103523 0.0011937
2.76 0.000538342 -0.00108374 0.00121009
2.77 0.000477189 -0.00112791 0.0012247
2.78 0.00041192 -0.00116769 0.00123822
2.79 0.000343478 -0.00120259 0.00125068
2.8 0.000270301 -0.00123286 0.00126214
2.81 0.000193715 -0.00125861 0.00127343
2.82 0.000114042 -0.0012789 0.00128397
2.83 3.13841e-05 -0.00129308 0.00129346
2.84 -5.41169e-05 -0.0013021 0.00130323
2.85 -0.000142721 -0.00130493 0.00131271
2.86 -0.000232843 -0.00130215 0.00132281
2.87 -0.00032407 -0.00129341 0.00133339
2.88 -0.00041765 -0.00127843 0.00134492
2.89 -0.000511592 -0.00125757 0.00135765
2.9 -0.000605811 -0.00122995 0.00137106
2.91 -0.00070025 -0.00119569 0.00138565
2.92 -0.000794599 -0.00115561 0.00140244
2.93 -0.000888027 -0.00110878 0.00142056
2.94 -0.00097923 -0.00105651 0.00144052
2.95 -0.0010685 -0.000997899 0.00146202
2.96 -0.00115615 -0.00093298 0.00148564
2.97 -0.00124026 -0.000862702 0.00151079
2.98 -0.00132087 -0.000786483 0.00153729
2.99 -0.00139784 -0.000704711 0.00156543
3 -0.00147031 -0.000618205 0.00159499
3.01 -0.00153715 -0.000526395 0.00162479
3.02 -0.00159814 -0.000430779 0.00165518
3.03 -0.00165352 -0.000329916 0.00168611
3.04 -0.00170293 -0.000224876 0.00171772
3.05 -0.00174493 -0.000116868 0.00174884
3.06 -0.00177975 -4.99976e-06 0.00177975
3.07 -0.001807 0.00010993 0.00181035
3.08 -0.00182602 0.000227116 0.00184009
3.09 -0.00183616 0.000346554 0.00186857
3.1 -0.0018381 0.000467162 0.00189653
3.11 -0.0018313 0.000589855 0.00192396
3.12 -0.00181561 0.00071264 0.00195046
3.13 -0.00179012 0.000834642 0.00197514
3.14 -0.001755 0.000957214 0.00199907
3.15 -0.00171017 0.00107847 0.00202182
3.16 -0.00165548 0.0011979 0.00204342
3.17 -0.0015909 0.00131507 0.00206407
3.18 -0.00151717 0.00142945 0.0020845
3.19 -0.00143348 0.00154098 0.00210464
3.2 -0.00134065 0.00164778 0.00212427
3.21 -0.00123816 0.0017499 0.00214364
3.22 -0.00112637 0.00184821 0.00216439
3.23 -0.00100629 0.00194009 0.00218554
3.24 -0.000878025 0.00202551 0.00220763
3.25 -0.000741899 0.00210404 0.00223101
3.26 -0.000598597 0.00217526 0.00225612
3.27 -0.000447867 0.00223855 0.00228291
3.28 -0.00029133 0.00229285 0.00231129
3.29 -0.000128363 0.00233846 0.00234198
3.3 4.00569e-05 0.00237523 0.00237556
3.31 0.000212166 0.00240095 0.00241031
3.32 0.000388259 0.00241622 0.00244722
3.33 0.000567661 0.0024208 0.00248647
3.34 0.000749171 0.00241437 0.00252793
3.35 0.000932342 0.00239644 0.00257142
3.36 0.00111517 0.00236671 0.00261628
3.37 0.00129855 0.00232509 0.00266313
3.38 0.00148024 0.00227129 0.00271107
3.39 0.00165878 0.00220437 0.00275877
3.4 0.00183475 0.00212521 0.00280763
3.41 0.00200673 0.00203369 0.00285707
3.42 0.00217319 0.00192995 0.00290645
3.43 0.00233355 0.00181373 0.00295552
3.44 0.00248657 0.0016853 0.00300388
3.45 0.00263272 0.00154439 0.00305227
3.46 0.00276951 0.00139191 0.00309961
3.47 0.00289613 0.00122783 0.00314566
3.48 0.00301339 0.00105292 0.00319205
3.49 0.0031188 0.000867729 0.00323726
3.5 0.00321178 0.000672907 0.00328152
3.51 0.0032919 0.000468535 0.00332507
3.52 0.00335858 0.000255468 0.00336829
3.53 0.0034116 3.40742e-05 0.00341177
3.54 0.00344894 -0.000193496 0.00345436
3.55 0.00347062 -0.000427368 0.00349683
3.56 0.00347713 -0.000666607 0.00354046
3.57 0.00346627 -0.000909506 0.00358361
3.58 0.00343891 -0.00115548 0.00362785
3.59 0.0033947 -0.00140379 0.0036735
3.6 0.0033335 -0.00165297 0.00372083
3.61 0.00325501 -0.00190176 0.00376985
3.62 0.00315851 -0.00214791 0.00381965
3.63 0.00304448 -0.00239183 0.00387165
3.64 0.00291358 -0.00263177 0.00392622
3.65 0.00276496 -0.0028653 0.00398182
3.66 0.00260001 -0.00309236 0.00404014
3.67 0.00241835 -0.00331146 0.00410051
3.68 0.00222045 -0.00352083 0.00416253
3.69 0.00200668 -0.00371933 0.00422613
3.7 0.00177745 -0.0039051 0.00429059
3.71 0.00153351 -0.00407876 0.00435751
3.72 0.00127637 -0.00423747 0.00442553
3.73 0.00100628 -0.00437961 0.00449373
3.74 0.000724408 -0.00450559 0.00456345
3.75 0.000431085 -0.00461351 0.0046336
3.76 0.000127992 -0.00470211 0.00470385
3.77 -0.000183902 -0.00477078 0.00477432
3.78 -0.00050334 -0.00481818 0.0048444
3.79 -0.000829314 -0.0048445 0.00491497
3.8 -0.00115925 -0.00484738 0.00498407
3.81 -0.00149287 -0.00482654 0.00505215
3.82 -0.00182906 -0.00478285 0.00512065
3.83 -0.00216598 -0.00471449 0.00518825
3.84 -0.00250152 -0.00462181 0.00525535
3.85 -0.00283465 -0.00450437 0.00532208
3.86 -0.00316368 -0.00436184 0.00538837
3.87 -0.00348714 -0.0041948 0.00545495
3.88 -0.00380217 -0.00400272 0.00552071
3.89 -0.00410875 -0.00378629 0.00558729
3.9 -0.00440512 -0.00354674 0.00565548
3.91 -0.00468829 -0.00328323 0.00572361
3.92 -0.00495722 -0.00299739 0.00579296
3.93 -0.00521061 -0.00268889 0.00586349
3.94 -0.00544677 -0.002359 0.00593566
3.95 -0.00566411 -0.00200929 0.00600994
3.96 -0.00586031 -0.00164067 0.00608564
3.97 -0.00603553 -0.00125418 0.00616446
3.98 -0.00618758 -0.000851823 0.00624594
3.99 -0.00631409 -0.000434376 0.00632901
4 -0.0064154 -3.96403e-06 0.0064154
4.01 -0.00648974 0.00043864 0.00650454
4.02 -0.00653599 0.000890497 0.00659637
4.03 -0.00655311 0.00134942 0.00669061
4.04 -0.00653958 0.00181396 0.0067865
4.05 -0.00649604 0.00228277 0.00688546
4.06 -0.00642087 0.00275258 0.00698601
4.07 -0.0063134 0.00322185 0.00708797
4.08 -0.00617455 0.00368855 0.00719239
4.09 -0.00600275 0.00415057 0.00729797
4.1 -0.00579845 0.00460453 0.00740431
4.11 -0.00556167 0.00504874 0.00751145
4.12 -0.00529202 0.00548129 0.00761906
4.13 -0.00499128 0.00590042 0.00772837
4.14 -0.00465921 0.00630202 0.00783733
4.15 -0.0042964 0.00668508 0.00794666
4.16 -0.00390411 0.00704752 0.00805665
4.17 -0.00348227 0.00738643 0.00816612
4.18 -0.00303334 0.00769958 0.00827555
4.19 -0.00255789 0.00798551 0.00838518
4.2 -0.00205742 0.00824215 0.00849506
4.21 -0.00153456 0.00846778 0.00860571
4.22 -0.000990659 0.00865929 0.00871577
4.23 -0.000426757 0.00881647 0.00882679
4.24 0.000154388 0.00893772 0.00893906
4.25 0.000750785 0.00902057 0.00905176
4.26 0.00135896 0.00906475 0.00916605
4.27 0.00197776 0.00906852 0.00928168
4.28 0.00260394 0.00903095 0.00939885
4.29 0.00323433 0.00895154 0.00951793
4.3 0.0038667 0.00882872 0.00963835
4.31 0.00449917 0.00866319 0.00976183
4.32 0.00512748 0.00845429 0.00988767
4.33 0.00574862 0.0082011 0.0100152
4.34 0.00635965 0.0079048 0.0101455
4.35 0.00695835 0.00756415 0.0102779
4.36 0.00754084 0.00718093 0.010413
4.37 0.00810399 0.00675595 0.0105507
4.38 0.00864504 0.00628916 0.0106907
4.39 0.00916154 0.00578245 0.0108338
4.4 0.00964891 0.00523694 0.0109785
4.41 0.0101047 0.00465352 0.0111248
4.42 0.0105266 0.00403453 0.0112733
4.43 0.0109115 0.0033808 0.0114233
4.44 0.0112564 0.00269635 0.0115748
4.45 0.0115588 0.00198267 0.0117276
4.46 0.0118159 0.00124115 0.0118809
4.47 0.0120266 0.000475383 0.012036
4.48 0.0121872 -0.000311715 0.0121912
4.49 0.0122968 -0.00111787 0.0123476
4.5 0.0123537 -0.00193934 0.012505
4.51 0.0123555 -0.00277309 0.0126629
4.52 0.0123016 -0.0036143 0.0128216
4.53 0.0121903 -0.00446108 0.012981
4.54 0.0120207 -0.00530984 0.0131412
4.55 0.0117932 -0.00615599 0.0133032
4.56 0.0115062 -0.00699542 0.0134658
4.57 0.0111598 -0.00782533 0.01363
4.58 0.0107541 -0.00864091 0.0137955
4.59 0.010289 -0.00943838 0.0139623
4.6 0.0097666 -0.0102135 0.0141316
4.61 0.0091862 -0.0109632 0.0143031
4.62 0.00855007 -0.011683 0.0144774
4.63 0.00786043 -0.0123685 0.0146549
4.64 0.00711759 -0.0130157 0.0148347
4.65 0.00632376 -0.0136217 0.015018
4.66 0.005482 -0.0141819 0.0152045
4.67 0.00459478 -0.0146929 0.0153946
4.68 0.00366581 -0.0151514 0.0155885
4.69 0.00269642 -0.0155535 0.0157855
4.7 0.00169177 -0.0158966 0.0159864
4.71 0.0006551 -0.0161776 0.0161909
4.72 -0.000410867 -0.0163932 0.0163984
4.73 -0.00150144 -0.0165419 0.0166099
4.74 -0.00261142 -0.0166207 0.0168246
4.75 -0.0037369 -0.0166276 0.0170423
4.76 -0.00487298 -0.0165608 0.0172628
4.77 -0.00601594 -0.0164181 0.0174856
4.78 -0.0071593 -0.0162001 0.0177116
4.79 -0.00829886 -0.0159049 0.0179398
4.8 -0.00942959 -0.0155311 0.0181696
4.81 -0.0105458 -0.0150798 0.0184015
4.82 -0.0116418 -0.0145503 0.0186344
4.83 -0.0127132 -0.0139428 0.0188687
4.84 -0.013754 -0.0132585 0.0191039
4.85 -0.0147596 -0.0124983 0.0193405
4.86 -0.015724 -0.0116655 0.0195788
4.87 -0.0166424 -0.0107599 0.0198178
4.88 -0.0175093 -0.00978384 0.0200574
4.89 -0.0183205 -0.00874131 0.0202991
4.9 -0.0190703 -0.00763447 0.0205417
4.91 -0.0197547 -0.00646674 0.0207862
4.92 -0.0203683 -0.00524244 0.0210321
4.93 -0.0209075 -0.00396525 0.0212802
4.94 -0.0213682 -0.00264058 0.0215307
4.95 -0.0217457 -0.00127103 0.0217828
4.96 -0.0220374 0.000137185 0.0220378
4.97 -0.0222405 0.00157823 0.0222964
4.98 -0.0223507 0.00304703 0.0225575
4.99 -0.0223659 0.00453779 0.0228216
5 -0.022284 0.00604393 0.023089
5.01 -0.0221033 0.00755989 0.0233604
5.02 -0.0218226 0.00907826 0.0236356
5.03 -0.0214396 0.0105934 0.0239139
5.04 -0.0209554 0.0120977 0.0241968
5.05 -0.0203691 0.0135843 0.0244833
5.06 -0.0196796 0.0150461 0.0247724
5.07 -0.0188885 0.0164766 0.025065
5.08 -0.0179974 0.0178685 0.0253612
5.09 -0.0170076 0.0192151 0.0256608
5.1 -0.0159215 0.0205085 0.0259633
5.11 -0.0147401 0.0217424 0.0262679
5.12 -0.0134686 0.0229106 0.0265763
5.13 -0.0121089 0.024006 0.0268871
5.14 -0.010665 0.0250217 0.0271998
5.15 -0.00914224 0.0259524 0.0275156
5.16 -0.00754523 0.0267915 0.0278337
5.17 -0.00587898 0.0275334 0.028154
5.18 -0.00414948 0.028172 0.028476
5.19 -0.00236158 0.0287032 0.0288002
5.2 -0.000523378 0.029123 0.0291277
5.21 0.00135944 0.0294256 0.029457
5.22 0.00327911 0.029607 0.0297881
5.23 0.00522837 0.0296652 0.0301224
5.24 0.0071996 0.0295961 0.0304592
5.25 0.00918461 0.0293977 0.030799
5.26 0.0111747 0.029068 0.031142
5.27 0.0131626 0.028606 0.031489
5.28 0.0151382 0.0280113 0.0318402
5.29 0.0170931 0.0272816 0.0321941
5.3 0.0190185 0.0264185 0.0325521
5.31 0.020906 0.0254232 0.032915
5.32 0.0227458 0.0242964 0.0332819
5.33 0.0245287 0.0230409 0.0336532
5.34 0.0262461 0.0216591 0.034029
5.35 0.0278899 0.0201538 0.0344096
5.36 0.0294505 0.01853 0.034795
5.37 0.0309192 0.0167906 0.0351841
5.38 0.0322891 0.0149421 0.0355788
5.39 0.0335514 0.0129896 0.0359781
5.4 0.0346973 0.0109396 0.0363811
5.41 0.0357203 0.00879905 0.036788
5.42 0.0366134 0.00657446 0.037199
5.43 0.0373703 0.00427362 0.0376139
5.44 0.0379845 0.00190627 0.0380323
5.45 0.0384496 -0.00052048 0.0384531
5.46 0.038762 -0.00299688 0.0388777
5.47 0.0389155 -0.00551356 0.0393041
5.48 0.0389065 -0.00806007 0.0397326
5.49 0.0387325 -0.0106268 0.0401638
5.5 0.0383902 -0.0132033 0.0405972
5.51 0.0378781 -0.0157783 0.041033
5.52 0.0371948 -0.0183401 0.0414706
5.53 0.0363384 -0.0208791 0.0419097
5.54 0.0353109 -0.0233838 0.0423516
5.55 0.0341119 -0.025842 0.0427952
5.56 0.032744 -0.0282422 0.0432411
5.57 0.0312092 -0.0305739 0.0436896
5.58 0.0295103 -0.0328252 0.0441401
5.59 0.027652 -0.0349852 0.0445937
5.6 0.0256388 -0.0370426 0.04505
5.61 0.0234749 -0.0389876 0.0455094
5.62 0.0211686 -0.0408095 0.0459731
5.63 0.0187259 -0.0424969 0.0464397
5.64 0.0161548 -0.044041 0.0469104
5.65 0.0134627 -0.0454322 0.0473849
5.66 0.0106596 -0.0466616 0.0478636
5.67 0.00775566 -0.0477214 0.0483475
5.68 0.00476071 -0.0486031 0.0488357
5.69 0.00168482 -0.0492991 0.0493279
5.7 -0.00145898 -0.049804 0.0498254
5.71 -0.00465966 -0.0501103 0.0503265
5.72 -0.00790505 -0.0502141 0.0508326
5.73 -0.0111821 -0.0501104 0.0513429
5.74 -0.014477 -0.0497963 0.051858
5.75 -0.0177762 -0.0492691 0.0523778
5.76 -0.0210665 -0.0485256 0.0529012
5.77 -0.0243342 -0.0475655 0.0534287
5.78 -0.0275644 -0.0463899 0.0539613
5.79 -0.0307428 -0.0449978 0.054497
5.8 -0.0338556 -0.043392 0.0550369
5.81 -0.0368875 -0.0415743 0.0555798
5.82 -0.039825 -0.0395494 0.0561265
5.83 -0.0426541 -0.0373212 0.0566766
5.84 -0.0453608 -0.0348944 0.0572295
5.85 -0.0479321 -0.0322766 0.0577864
5.86 -0.0503547 -0.0294757 0.0583474
5.87 -0.0526145 -0.0264981 0.0589104
5.88 -0.0547005 -0.0233539 0.0594773
5.89 -0.0566001 -0.0200531 0.0600475
5.9 -0.0583031 -0.016607 0.0606222
5.91 -0.0597979 -0.013027 0.0612004
5.92 -0.0610742 -0.0093256 0.061782
5.93 -0.062124 -0.00551584 0.0623683
5.94 -0.062938 -0.00161187 0.0629587
5.95 -0.0635077 0.00237256 0.063552
5.96 -0.0638284 0.00642178 0.0641506
5.97 -0.063893 0.01052 0.0647533
5.98 -0.0636977 0.0146511 0.0653609
5.99 -0.0632371 0.0187983 0.065972
6 -0.0625094 0.0229453 0.0665876
6.01 -0.0615138 0.0270754 0.0672088
6.02 -0.0602488 0.0311701 0.0678343
6.03 -0.0587143 0.0352117 0.0684634
6.04 -0.0569136 0.0391836 0.0690978
6.05 -0.0548477 0.0430669 0.0697355
6.06 -0.0525217 0.046845 0.0703774
6.07 -0.0499399 0.0504995 0.0710225
6.08 -0.047109 0.0540145 0.0716717
6.09 -0.0440366 0.0573729 0.0723248
6.1 -0.0407307 0.0605567 0.0729802
6.11 -0.0372003 0.0635507 0.073638
6.12 -0.0334565 0.0663404 0.0742993
6.13 -0.029511 0.0689093 0.0749626
6.14 -0.025377 0.0712442 0.0756289
6.15 -0.0210683 0.0733304 0.0762969
6.16 -0.0165985 0.0751564 0.0769675
6.17 -0.0119841 0.0767099 0.0776403
6.18 -0.0072415 0.0779792 0.0783147
6.19 -0.00238707 0.0789554 0.0789915
6.2 0.00256103 0.0796299 0.0796711
6.21 0.0075829 0.0799935 0.0803521
6.22 0.0126604 0.0800409 0.081036
6.23 0.0177734 0.0797656 0.0817218
6.24 0.022903 0.0791646 0.082411
6.25 0.0280269 0.0782351 0.0831038
6.26 0.0331245 0.0769753 0.0837999
6.27 0.0381756 0.0753846 0.0844998
6.28 0.0431583 0.0734645 0.0852037
6.29 0.0480505 0.0712174 0.0859114
6.3 0.0528324 0.0686478 0.0866243
6.31 0.0574815 0.06576 0.0873412
6.32 0.061978 0.0625616 0.0880638
6.33 0.0663 0.0590609 0.0887912
6.34 0.0704276 0.0552664 0.0895233
6.35 0.0743418 0.0511883 0.0902604
6.36 0.078023 0.0468398 0.0910031
6.37 0.0814524 0.0422346 0.091751
6.38 0.0846127 0.0373863 0.0925043
6.39 0.0874855 0.0323113 0.0932616
6.4 0.0900567 0.0270262 0.0940246
6.41 0.0923102 0.0215501 0.0947923
6.42 0.0942319 0.0159006 0.095564
6.43 0.0958096 0.0100982 0.0963403
6.44 0.0970313 0.00416495 0.0971207
6.45 0.0978865 -0.00187804 0.0979045
6.46 0.0983657 -0.00800891 0.0986912
6.47 0.0984616 -0.0142032 0.0994808
6.48 0.0981694 -0.0204387 0.100275
6.49 0.0974837 -0.0266889 0.101071
6.5 0.0964004 -0.0329305 0.10187
6.51 0.0949191 -0.0391383 0.102672
6.52 0.0930397 -0.0452868 0.103476
6.53 0.0907635 -0.0513507 0.104283
6.54 0.0880937 -0.0573044 0.105092
6.55 0.0850362 -0.0631222 0.105904
6.56 0.0815968 -0.0687801 0.106718
6.57 0.0777841 -0.0742513 0.107534
6.58 0.0736068 -0.0795127 0.108352
6.59 0.0690776 -0.0845411 0.109174
6.6 0.0642093 -0.0893123 0.109998
6.61 0.0590162 -0.0938033 0.110824
6.62 0.0535145 -0.0979921 0.111652
6.63 0.0477217 -0.101859 0.112483
6.64 0.0416562 -0.105383 0.113317
6.65 0.0353403 -0.108546 0.114154
6.66 0.0287933 -0.111329 0.114993
6.67 0.0220394 -0.113719 0.115835
6.68 0.0151022 -0.115697 0.116678
6.69 0.00800654 -0.117251 0.117524
6.7 0.000778141 -0.11837 0.118372
6.71 -0.00655629 -0.119042 0.119222
6.72 -0.0139689 -0.119259 0.120075
6.73 -0.0214299 -0.119015 0.120929
6.74 -0.0289134 -0.118302 0.121784
6.75 -0.0363888 -0.117119 0.122642
6.76 -0.0438264 -0.115463 0.123501
6.77 -0.0511966 -0.113335 0.124362
6.78 -0.0584694 -0.110736 0.125224
6.79 -0.065615 -0.107671 0.126088
6.8 -0.0726032 -0.104144 0.126954
6.81 -0.0794045 -0.100166 0.127821
6.82 -0.0859907 -0.0957425 0.12869
6.83 -0.0923329 -0.0908887 0.129561
6.84 -0.0984022 -0.0856166 0.130435
6.85 -0.104172 -0.0799411 0.13131
6.86 -0.109616 -0.073879 0.132188
6.87 -0.114708 -0.0674493 0.133069
6.88 -0.119425 -0.0606733 0.133954
6.89 -0.123743 -0.0535731 0.134842
6.9 -0.12764 -0.0461709 0.135734
6.91 -0.131096 -0.0384939 0.136631
6.92 -0.134091 -0.0305672 0.137531
6.93 -0.136609 -0.0224186 0.138437
6.94 -0.138634 -0.0140778 0.139347
6.95 -0.140151 -0.00557453 0.140262
6.96 -0.141149 0.00305925 0.141182
6.97 -0.141617 0.0117921 0.142107
6.98 -0.141546 0.0205918 0.143036
6.99 -0.140932 0.0294244 0.143971
7 -0.13977 0.0382558 0.144911
7.01 -0.138057 0.0470516 0.145855
7.02 -0.135793 0.055777 0.146802
7.03 -0.132981 0.0643982 0.147754
7.04 -0.129626 0.0728796 0.148709
7.05 -0.125733 0.0811865 0.149666
7.06 -0.12131 0.0892852 0.150626
7.07 -0.116372 0.0971424 0.151588
7.08 -0.110927 0.104723 0.152551
7.09 -0.104993 0.111996 0.153514
7.1 -0.0985862 0.11893 0.154479
7.11 -0.0917261 0.125494 0.155443
7.12 -0.084435 0.131659 0.156407
7.13 -0.0767351 0.137394 0.15737
7.14 -0.0686512 0.142675 0.158332
7.15 -0.0602106 0.147476 0.159293
7.16 -0.051442 0.151771 0.160252
7.17 -0.0423752 0.155541 0.16121
7.18 -0.0330416 0.158763 0.162165
7.19 -0.0234738 0.161421 0.163119
7.2 -0.0137073 0.163496 0.16407
7.21 -0.00377582 0.164975 0.165018
7.22 0.00628411 0.165846 0.165965
7.23 0.0164347 0.166099 0.16691
7.24 0.026637 0.165726 0.167853
7.25 0.0368545 0.164723 0.168795
7.26 0.0470471 0.163084 0.169735
7.27 0.0571763 0.160812 0.170674
7.28 0.0672015 0.157907 0.171612
7.29 0.0770836 0.154374 0.172549
7.3 0.0867835 0.150219 0.173486
7.31 0.0962619 0.145453 0.174422
7.32 0.10548 0.140087 0.175358
7.33 0.114402 0.134134 0.176294
7.34 0.122988 0.127612 0.177231
7.35 0.131203 0.12054 0.178169
7.36 0.139012 0.112939 0.179108
7.37 0.146381 0.104831 0.180047
7.38 0.153278 0.0962434 0.180989
7.39 0.159671 0.087204 0.181933
7.4 0.165532 0.0777428 0.182879
7.41 0.170832 0.0678902 0.183828
7.42 0.175546 0.057681 0.18478
7.43 0.179651 0.0471486 0.185735
7.44 0.183124 0.0363312 0.186694
7.45 0.185947 0.0252662 0.187655
7.46 0.188102 0.013993 0.188622
7.47 0.189576 0.00255257 0.189593
7.48 0.190355 -0.00901335 0.190569
7.49 0.190431 -0.0206632 0.191548
7.5 0.189796 -0.0323531 0.192534
7.51 0.188447 -0.0440406 0.193525
7.52 0.186383 -0.0556793 0.194522
7.53 0.183602 -0.0672258 0.195523
7.54 0.180111 -0.0786372 0.196529
7.55 0.175915 -0.0898676 0.19754
7.56 0.171024 -0.100873 0.198557
7.57 0.165451 -0.111611 0.199577
7.58 0.159209 -0.122039 0.200602
7.59 0.152317 -0.132114 0.20163
7.6 0.144795 -0.141795 0.202661
7.61 0.136664 -0.151043 0.203693
7.62 0.127951 -0.159819 0.204728
7.63 0.118684 -0.168086 0.205764
7.64 0.108893 -0.175808 0.2068
7.65 0.0986086 -0.182951 0.207833
7.66 0.0878656 -0.189484 0.208865
7.67 0.0767005 -0.195378 0.209894
7.68 0.0651527 -0.200604 0.210919
7.69 0.0532602 -0.205137 0.211938
7.7 0.041065 -0.208955 0.212952
7.71 0.0286113 -0.212036 0.213958
7.72 0.0159418 -0.214364 0.214956
7.73 0.00310308 -0.215923 0.215945
7.74 -0.00985869 -0.216702 0.216926
7.75 -0.0228961 -0.21669 0.217896
7.76 -0.035961 -0.215883 0.218857
7.77 -0.0490054 -0.214273 0.219806
7.78 -0.0619811 -0.211864 0.220745
7.79 -0.0748384 -0.208658 0.221673
7.8 -0.0875288 -0.204658 0.22259
7.81 -0.100003 -0.199874 0.223495
7.82 -0.112215 -0.194317 0.224391
7.83 -0.124116 -0.188003 0.225277
7.84 -0.135661 -0.180948 0.226155
7.85 -0.146802 -0.173173 0.227024
7.86 -0.157498 -0.164701 0.227886
7.87 -0.167703 -0.155559 0.228742
7.88 -0.177377 -0.145774 0.229592
7.89 -0.186479 -0.135379 0.230439
7.9 -0.194973 -0.124407 0.231282
7.91 -0.202822 -0.112894 0.232124
7.92 -0.209992 -0.100879 0.232966
7.93 -0.216451 -0.0884027 0.233808
7.94 -0.222173 -0.0755057 0.234652
7.95 -0.227128 -0.0622345 0.2355
7.96 -0.231294 -0.0486346 0.236352
7.97 -0.234651 -0.0347542 0.23721
7.98 -0.237178 -0.0206407 0.238074
7.99 -0.238862 -0.0063455 0.238946
8 -0.239691 0.00808058 0.239828
8.01 -0.239656 0.0225855 0.240718
8.02 -0.23875 0.0371177 0.241619
8.03 -0.236972 0.0516222 0.24253
8.04 -0.234322 0.0660472 0.243452
8.05 -0.230803 0.0803393 0.244386
8.06 -0.226422 0.0944454 0.24533
8.07 -0.221192 0.108313 0.246287
8.08 -0.215124 0.12189 0.247256
8.09 -0.208236 0.135124 0.248235
8.1 -0.200547 0.147966 0.249224
8.11 -0.192081 0.160366 0.250225
8.12 -0.182864 0.172277 0.251234
8.13 -0.172925 0.183651 0.252251
8.14 -0.162295 0.194444 0.253275
8.15 -0.151009 0.204615 0.254305
8.16 -0.139105 0.21412 0.255339
8.17 -0.126622 0.222923 0.256374
8.18 -0.113602 0.230987 0.257411
8.19 -0.100089 0.238279 0.258446
8.2 -0.0861296 0.244766 0.259477
8.21 -0.0717723 0.250421 0.260503
8.22 -0.0570663 0.255218 0.26152
8.23 -0.0420628 0.259137 0.262529
8.24 -0.0268166 0.262157 0.263525
8.25 -0.0113808 0.264261 0.264506
8.26 0.00419057 0.265438 0.265471
8.27 0.0198412 0.265677 0.266417
8.28 0.0355147 0.264972 0.267342
8.29 0.0511541 0.263322 0.268245
8.3 0.0667027 0.260725 0.269122
8.31 0.0821047 0.257187 0.269975
8.32 0.0973015 0.252715 0.2708
8.33 0.112239 0.24732 0.271597
8.34 0.126862 0.241016 0.272365
8.35 0.141116 0.233822 0.273106
8.36 0.154946 0.225759 0.273817
8.37 0.168302 0.216851 0.274499
8.38 0.181131 0.207124 0.275152
8.39 0.193388 0.19661 0.275779
8.4 0.205023 0.185344 0.276381
8.41 0.215991 0.17336 0.276958
8.42 0.226251 0.160699 0.277513
8.43 0.235762 0.147402 0.278049
8.44 0.244487 0.133513 0.278567
8.45 0.252391 0.119079 0.279072
8.46 0.25944 0.104151 0.279565
8.47 0.265608 0.0887762 0.280051
8.48 0.270866 0.0730106 0.280533
8.49 0.275191 0.0569065 0.281014
8.5 0.278566 0.0405206 0.281498
8.51 0.280973 0.0239088 0.281989
8.52 0.2824 0.0071303 0.28249
8.53 0.282836 -0.00975626 0.283005
8.54 0.282276 -0.0266916 0.283536
8.55 0.280718 -0.0436177 0.284087
8.56 0.278164 -0.0604724 0.284662
8.57 0.274619 -0.077196 0.285262
8.58 0.27009 -0.0937294 0.285891
8.59 0.26459 -0.110014 0.28655
8.6 0.258135 -0.12599 0.287241
8.61 0.250745 -0.141601 0.287965
8.62 0.242441 -0.156789 0.288722
8.63 0.233249 -0.171501 0.289513
8.64 0.2232 -0.185682 0.290338
8.65 0.212325 -0.19928 0.291195
8.66 0.200659 -0.212246 0.292083
8.67 0.188242 -0.224531 0.293
8.68 0.175115 -0.236091 0.293946
8.69 0.161322 -0.246882 0.294917
8.7 0.146909 -0.256863 0.295907
8.71 0.131924 -0.265997 0.296915
8.72 0.116421 -0.274251 0.297938
8.73 0.100451 -0.28159 0.29897
8.74 0.084069 -0.287986 0.300006
8.75 0.0673332 -0.293415 0.301041
8.76 0.0502996 -0.297854 0.302071
8.77 0.0330288 -0.301285 0.30309
8.78 0.015581 -0.303692 0.304092
8.79 -0.00198353 -0.305065 0.305072
8.8 -0.0196027 -0.305396 0.306024
8.81 -0.0372137 -0.304679 0.306943
8.82 -0.0547556 -0.302915 0.307824
8.83 -0.0721654 -0.300106 0.308661
8.84 -0.0893831 -0.296261 0.309451
8.85 -0.106345 -0.29139 0.310189
8.86 -0.122991 -0.285506 0.31087
8.87 -0.139264 -0.278626 0.311491
8.88 -0.155104 -0.270772 0.312049
8.89 -0.170454 -0.26197 0.312543
8.9 -0.185259 -0.252247 0.312969
8.91 -0.199465 -0.241635 0.313327
8.92 -0.213022 -0.230166 0.313615
8.93 -0.22588 -0.21788 0.313837
8.94 -0.237993 -0.204817 0.313992
8.95 -0.249316 -0.19102 0.314082
8.96 -0.259809 -0.176535 0.31411
8.97 -0.269431 -0.16141 0.31408
8.98 -0.278147 -0.145696 0.313995
8.99 -0.285925 -0.129446 0.313862
9 -0.292736 -0.112713 0.313686
9.01 -0.298555 -0.0955566 0.313474
9.02 -0.303358 -0.0780326 0.313233
9.03 -0.307126 -0.0602008 0.312971
9.04 -0.309846 -0.0421209 0.312696
9.05 -0.311505 -0.0238548 0.312417
9.06 -0.312096 -0.00546503 0.312144
9.07 -0.311614 0.0129849 0.311885
9.08 -0.310059 0.0314338 0.311649
9.09 -0.307436 0.0498185 0.311446
9.1 -0.303751 0.068075 0.311286
9.11 -0.299015 0.0861418 0.311176
9.12 -0.293244 0.103957 0.311125
9.13 -0.286454 0.12146 0.311141
9.14 -0.278669 0.13859 0.311229
9.15 -0.269915 0.155288 0.311398
9.16 -0.260218 0.171499 0.311649
9.17 -0.249613 0.187166 0.31199
9.18 -0.238136 0.202235 0.312422
9.19 -0.225823 0.216655 0.312946
9.2 -0.212717 0.230375 0.313563
9.21 -0.198862 0.243351 0.31427
9.22 -0.184306 0.255537 0.315068
9.23 -0.169098 0.26689 0.31595
9.24 -0.15329 0.277371 0.31691
9.25 -0.136934 0.286946 0.317944
9.26 -0.120088 0.29558 0.319044
9.27 -0.102809 0.303246 0.320199
9.28 -0.0851562 0.309915 0.321402
9.29 -0.0671901 0.315566 0.32264
9.3 -0.0489719 0.320179 0.323903
9.31 -0.0305652 0.323738 0.325178
9.32 -0.0120327 0.326231 0.326452
9.33 0.00656275 0.327649 0.327715
9.34 0.0251549 0.327988 0.328951
9.35 0.0436814 0.327245 0.330147
9.36 0.0620773 0.325423 0.331291
9.37 0.0802811 0.322529 0.33237
9.38 0.0982292 0.318571 0.333372
9.39 0.115859 0.313564 0.334284
9.4 0.133109 0.307524 0.335096
9.41 0.149923 0.30047 0.335796
9.42 0.166239 0.292427 0.336376
9.43 0.182005 0.283421 0.336828
9.44 0.197163 0.273485 0.337145
9.45 0.211661 0.262648 0.33732
9.46 0.225451 0.250949 0.337348
9.47 0.238485 0.238427 0.337228
9.48 0.250717 0.225122 0.336956
9.49 0.262106 0.21108 0.336532
9.5 0.272612 0.196347 0.335961
9.51 0.282199 0.180973 0.335242
9.52 0.290834 0.165008 0.334383
9.53 0.298487 0.148504 0.333389
9.54 0.305134 0.131518 0.33227
9.55 0.310751 0.114104 0.331038
9.56 0.315318 0.0963225 0.329702
9.57 0.318819 0.0782297 0.328277
9.58 0.321244 0.0598852 0.326778
9.59 0.322584 0.04135 0.325224
9.6 0.322836 0.0226854 0.323632
9.61 0.321997 0.00395293 0.322021
9.62 0.32007 -0.0147882 0.320412
9.63 0.317064 -0.0334756 0.318827
9.64 0.312989 -0.0520483 0.317288
9.65 0.30786 -0.0704465 0.315817
9.66 0.301692 -0.08861 0.314436
9.67 0.294509 -0.10648 0.313167
9.68 0.286336 -0.123999 0.312032
9.69 0.2772 -0.14111 0.31105
9.7 0.267133 -0.15776 0.310239
9.71 0.25617 -0.173894 0.309616
9.72 0.24435 -0.189461 0.309196
9.73 0.231711 -0.204411 0.308989
9.74 0.218298 -0.218698 0.309002
9.75 0.204156 -0.232276 0.309244
9.76 0.189335 -0.245104 0.309715
9.77 0.173886 -0.25714 0.310415
9.78 0.15786 -0.268347 0.311336
9.79 0.141314 -0.278692 0.312472
9.8 0.124302 -0.288143 0.313811
9.81 0.106884 -0.296672 0.315338
9.82 0.0891188 -0.304252 0.317035
9.83 0.0710665 -0.310861 0.318881
9.84 0.0527881 -0.316481 0.320853
9.85 0.0343474 -0.321097 0.322928
9.86 0.015805 -0.324694 0.325078
9.87 -0.00277539 -0.327266 0.327277
9.88 -0.0213308 -0.328805 0.329496
9.89 -0.039799 -0.32931 0.331706
9.9 -0.0581172 -0.328781 0.333878
9.91 -0.0762244 -0.327224 0.335984
9.92 -0.0940591 -0.324645 0.337996
9.93 -0.111561 -0.321058 0.339888
9.94 -0.128671 -0.316473 0.34163
9.95 -0.145332 -0.310909 0.3432
9.96 -0.161489 -0.304387 0.344573
9.97 -0.177089 -0.296931 0.345729
9.98 -0.192077 -0.288567 0.346647
9.99 -0.206404 -0.279322 0.347309
10 -0.220024 -0.269229 0.347699
10.01 -0.232892 -0.258323 0.347807
10.02 -0.244964 -0.24664 0.347619
10.03 -0.256201 -0.234221 0.347129
10.04 -0.266565 -0.221105 0.34633
10.05 -0.276025 -0.207335 0.345221
10.06 -0.284548 -0.192959 0.343803
10.07 -0.292106 -0.178021 0.342079
10.08 -0.298678 -0.162571 0.340055
10.09 -0.30424 -0.146658 0.337743
10.1 -0.308775 -0.130334 0.335155
10.11 -0.312272 -0.113649 0.33231
10.12 -0.314717 -0.0966581 0.329226
10.13 -0.316106 -0.0794132 0.325929
10.14 -0.316437 -0.0619705 0.322448
10.15 -0.315707 -0.0443836 0.318812
10.16 -0.313923 -0.0267067 0.315057
10.17 -0.31109 -0.00899457 0.31122
10.18 -0.307223 0.00869793 0.307346
10.19 -0.302334 0.0263163 0.303477
10.2 -0.296442 0.0438056 0.299661
10.21 -0.289566 0.0611153 0.295946
10.22 -0.281735 0.078193 0.292385
10.23 -0.272975 0.0949861 0.289029
10.24 -0.263318 0.111446 0.285931
10.25 -0.252797 0.127522 0.28314
10.26 -0.241448 0.143169 0.280704
10.27 -0.229313 0.158341 0.278669
10.28 -0.216434 0.172993 0.277075
10.29 -0.202854 0.187083 0.275953
10.3 -0.188622 0.200572 0.275332
10.31 -0.173786 0.213421 0.275227
10.32 -0.158397 0.225594 0.275649
10.33 -0.142507 0.237058 0.276595
10.34 -0.126172 0.247782 0.278056
10.35 -0.109447 0.257737 0.280012
10.36 -0.0923891 0.266896 0.282435
10.37 -0.0750563 0.275235 0.285285
10.38 -0.0575068 0.282735 0.288524
10.39 -0.0398012 0.289376 0.292101
10.4 -0.0219989 0.295144 0.295963
10.41 -0.004161 0.300024 0.300053
10.42 0.0136544 0.304006 0.304313
10.43 0.0313872 0.307085 0.308685
10.44 0.0489772 0.309254 0.313109
10.45 0.0663641 0.310513 0.317525
10.46 0.0834923 0.310861 0.321878
10.47 0.100303 0.310302 0.326111
10.48 0.116742 0.308843 0.330171
10.49 0.132753 0.306495 0.33401
10.5 0.148284 0.303266 0.337577
10.51 0.163282 0.299172 0.34083
10.52 0.1777 0.294229 0.343727
10.53 0.191488 0.288457 0.34623
10.54 0.204603 0.281875 0.348304
10.55 0.217 0.274509 0.34992
10.56 0.22864 0.266382 0.35105
10.57 0.239486 0.257525 0.351671
10.58 0.2495 0.247964 0.351762
10.59 0.258653 0.237732 0.351309
10.6 0.266914 0.226862 0.3503
10.61 0.274259 0.21539 0.348727
10.62 0.280661 0.20335 0.346586
10.63 0.286103 0.190781 0.343879
10.64 0.290568 0.17772 0.340609
10.65 0.294044 0.164209 0.336788
10.66 0.296519 0.15029 0.332431
10.67 0.297986 0.136001 0.327555
10.68 0.298444 0.121386 0.322185
10.69 0.297892 0.106488 0.316353
10.7 0.296336 0.0913508 0.310096
10.71 0.293781 0.0760181 0.303457
10.72 0.290236 0.0605343 0.296482
10.73 0.285719 0.0449419 0.289232
10.74 0.280245 0.0292864 0.281771
10.75 0.273834 0.0136109 0.274172
10.76 0.26651 -0.00203996 0.266518
10.77 0.2583 -0.017624 0.258901
10.78 0.249233 -0.0330986 0.251421
10.79 0.23934 -0.0484217 0.244189
10.8 0.228659 -0.0635511 0.237326
10.81 0.217225 -0.0784485 0.230956
10.82 0.20508 -0.0930731 0.225212
10.83 0.192265 -0.107386 0.220222
10.84 0.178827 -0.121352 0.216115
10.85 0.164811 -0.134934 0.213002
10.86 0.150266 -0.148098 0.210981
10.87 0.135243 -0.160811 0.210121
10.88 0.119795 -0.173039 0.21046
10.89 0.103972 -0.184754 0.212
10.9 0.0878306 -0.195927 0.214713
10.91 0.0714269 -0.206532 0.218534
10.92 0.0548171 -0.216543 0.223374
10.93 0.0380583 -0.225936 0.229119
10.94 0.021206 -0.23469 0.235646
10.95 0.00431899 -0.242787 0.242826
10.96 -0.0125443 -0.250209 0.250523
10.97 -0.0293261 -0.256938 0.258607
10.98 -0.0459699 -0.262962 0.26695
10.99 -0.0624194 -0.268268 0.275434
11 -0.0786191 -0.272848 0.283949
11.01 -0.0945111 -0.276693 0.292389
11.02 -0.110044 -0.279795 0.300658
11.03 -0.125165 -0.282153 0.308669
11.04 -0.139822 -0.283763 0.316341
11.05 -0.153966 -0.284626 0.323601
11.06 -0.167549 -0.284743 0.330381
11.07 -0.180525 -0.284118 0.336618
11.08 -0.19285 -0.282755 0.34226
11.09 -0.204484 -0.280665 0.347255
11.1 -0.215385 -0.277853 0.351558
11.11 -0.225519 -0.274332 0.355129
11.12 -0.234851 -0.270114 0.357934
11.13 -0.24335 -0.265213 0.35994
11.14 -0.250987 -0.259644 0.361122
11.15 -0.257736 -0.253425 0.361458
11.16 -0.263577 -0.246573 0.360931
11.17 -0.26849 -0.23911 0.359528
11.18 -0.272457 -0.231057 0.357239
11.19 -0.275467 -0.222436 0.354062
11.2 -0.277509 -0.21327 0.349993
11.21 -0.27858 -0.203584 0.345041
11.22 -0.278675 -0.193405 0.339213
11.23 -0.277794 -0.182762 0.332522
11.24 -0.27594 -0.171678 0.324986
11.25 -0.273122 -0.160184 0.31663
11.26 -0.269351 -0.14831 0.307483
11.27 -0.26464 -0.136085 0.297579
11.28 -0.259005 -0.123542 0.286961
11.29 -0.252467 -0.11071 0.275675
11.3 -0.24505 -0.09762 0.263779
11.31 -0.236782 -0.0843054 0.251342
11.32 -0.227689 -0.0707999 0.238443
11.33 -0.217806 -0.0571352 0.225175
11.34 -0.207165 -0.0433444 0.211651
11.35 -0.195806 -0.0294595 0.19801
11.36 -0.183771 -0.0155155 0.184424
11.37 -0.171098 -0.00154495 0.171105
11.38 -0.157835 0.0124191 0.158323
11.39 -0.144027 0.026344 0.146417
11.4 -0.129724 0.0401972 0.135809
11.41 -0.114976 0.0539464 0.127003
11.42 -0.0998351 0.0675582 0.120545
11.43 -0.0843542 0.0810018 0.116948
11.44 -0.0685894 0.0942469 0.116563
11.45 -0.0525951 0.107261 0.119462
11.46 -0.0364286 0.120015 0.125422
11.47 -0.0201467 0.132479 0.134002
11.48 -0.00380712 0.144625 0.144675
11.49 0.0125325 0.156423 0.156924
11.5 0.0288136 0.167847 0.170302
11.51 0.04498 0.17887 0.184439
11.52 0.0609737 0.189469 0.199039
11.53 0.0767359 0.199617 0.213858
11.54 0.0922127 0.20929 0.228704
11.55 0.107348 0.218466 0.243416
11.56 0.12209 0.227124 0.257859
11.57 0.136383 0.235245 0.27192
11.58 0.150177 0.242808 0.285497
11.59 0.163421 0.249793 0.298501
11.6 0.17607 0.256185 0.310856
11.61 0.188078 0.261969 0.322492
11.62 0.199401 0.267131 0.333346
11.63 0.209996 0.271657 0.343359
11.64 0.219826 0.275534 0.35248
11.65 0.228857 0.278751 0.360663
11.66 0.237055 0.281302 0.367867
11.67 0.244387 0.28318 0.374053
11.68 0.250828 0.284375 0.379188
11.69 0.256352 0.284884 0.383243
11.7 0.260941 0.284701 0.386193
11.71 0.265411 0.28474 0.389256
11.72 0.269758 0.284995 0.392418
11.73 0.273979 0.285464 0.395669
11.74 0.27807 0.286144 0.399
11.75 0.282031 0.28703 0.402403
11.76 0.285856 0.288123 0.405868
11.77 0.289543 0.289419 0.409388
11.78 0.293085 0.290914 0.412952
11.79 0.296483 0.292602 0.416555
11.8 0.299731 0.294484 0.42019
11.81 0.302828 0.296556 0.423851
11.82 0.305767 0.298814 0.427532
11.83 0.308545 0.301254 0.431224
11.84 0.31116 0.303871 0.434923
11.85 0.313608 0.306662 0.438625
11.86 0.315886 0.309626 0.442326
11.87 0.317989 0.312756 0.446019
11.88 0.319913 0.316049 0.449701
11.89 0.321656 0.319499 0.453367
11.9 0.323215 0.323103 0.457016
11.91 0.324587 0.326858 0.460644
11.92 0.325766 0.330758 0.464246
11.93 0.32675 0.334799 0.46782
11.94 0.327536 0.338976 0.471364
11.95 0.328121 0.343284 0.474876
11.96 0.328502 0.347719 0.478354
11.97 0.328674 0.352277 0.481794
11.98 0.328636 0.35695 0.485195
11.99 0.328384 0.361734 0.488557
12 0.327917 0.366624 0.491876
12.01 0.32723 0.371615 0.495154
12.02 0.326322 0.376701 0.498387
12.03 0.325189 0.381877 0.501575
12.04 0.323831 0.387135 0.504717
12.05 0.322244 0.392473 0.507815
12.06 0.320426 0.397882 0.510865
12.07 0.318375 0.403358 0.513868
12.08 0.316088 0.408894 0.516823
12.09 0.313566 0.414483 0.519731
12.1 0.310806 0.42012 0.522591
12.11 0.307806 0.425799 0.525404
12.12 0.304564 0.431512 0.528168
12.13 0.301082 0.437252 0.530886
12.14 0.297356 0.443014 0.533556
12.15 0.293387 0.44879 0.53618
12.16 0.289175 0.454575 0.538758
12.17 0.284718 0.460359 0.54129
12.18 0.280016 0.466138 0.543777
12.19 0.275071 0.471903 0.54622
12.2 0.269882 0.477648 0.54862
12.21 0.264449 0.483365 0.550976
12.22 0.258774 0.489048 0.553292
12.23 0.252856 0.494687 0.555564
12.24 0.246699 0.500277 0.557797
12.25 0.240303 0.50581 0.559991
12.26 0.23367 0.511278 0.562145
12.27 0.226801 0.516675 0.564262
12.28 0.219699 0.521992 0.566342
12.29 0.212367 0.527221 0.568385
12.3 0.204807 0.532356 0.570394
12.31 0.197022 0.53739 0.572369
12.32 0.189016 0.542314 0.57431
12.33 0.180791 0.547122 0.576219
12.34 0.172351 0.551805 0.578095
12.35 0.163701 0.556357 0.579941
12.36 0.154844 0.56077 0.581756
12.37 0.145785 0.565037 0.583541
12.38 0.136529 0.56915 0.585297
12.39 0.12708 0.573104 0.587024
12.4 0.117444 0.576888 0.588721
12.41 0.107626 0.580498 0.590391
12.42 0.097631 0.583927 0.592033
12.43 0.0874666 0.587166 0.593645
12.44 0.077137 0.590211 0.59523
12.45 0.0666497 0.593053 0.596787
12.46 0.0560106 0.595687 0.598314
12.47 0.0452271 0.598106 0.599813
12.48 0.0343047 0.600303 0.601283
12.49 0.0232527 0.602272 0.602721
12.5 0.0120767 0.604008 0.604129
12.51 0.000784722 0.605504 0.605504
12.52 -0.0106146 0.606754 0.606847
12.53 -0.0221142 0.607752 0.608154
12.54 -0.0337055 0.608494 0.609426
12.55 -0.0453797 0.608973 0.610661
12.56 -0.0571288 0.609186 0.611858
12.57 -0.0689439 0.609125 0.613014
12.58 -0.0808157 0.608788 0.614129
12.59 -0.0927363 0.60817 0.615199
12.6 -0.104695 0.607265 0.616224
12.61 -0.116684 0.60607 0.6172
12.62 -0.128693 0.604582 0.618127
12.63 -0.140712 0.602795 0.619001
12.64 -0.152732 0.600708 0.61982
12.65 -0.164743 0.598316 0.620582
12.66 -0.176734 0.595616 0.621284
12.67 -0.188696 0.592608 0.621924
12.68 -0.200618 0.589286 0.622499
12.69 -0.212491 0.585651 0.623008
12.7 -0.224304 0.581699 0.623447
12.71 -0.236047 0.57743 0.623814
12.72 -0.247709 0.572842 0.624106
12.73 -0.259281 0.567935 0.624321
12.74 -0.270752 0.562707 0.624457
12.75 -0.282111 0.55716 0.624511
12.76 -0.29335 0.551291 0.62448
12.77 -0.304455 0.545102 0.624363
12.78 -0.31542 0.538594 0.624158
12.79 -0.326231 0.531767 0.623861
12.8 -0.336881 0.524623 0.623473
12.81 -0.347358 0.517164 0.62299
12.82 -0.357653 0.509392 0.622412
12.83 -0.367756 0.501308 0.621735
12.84 -0.377658 0.492917 0.620961
12.85 -0.387349 0.484219 0.620086
12.86 -0.396819 0.475219 0.619112
12.87 -0.406061 0.465921 0.618035
12.88 -0.415063 0.456328 0.616857
12.89 -0.423818 0.446444 0.615576
12.9 -0.432317 0.436274 0.614193
12.91 -0.440552 0.425823 0.612708
12.92 -0.448513 0.415097 0.611121
12.93 -0.456193 0.404099 0.609433
12.94 -0.463584 0.392837 0.607644
12.95 -0.470679 0.381318 0.605758
12.96 -0.47747 0.369546 0.603773
12.97 -0.48395 0.35753 0.601694
12.98 -0.490113 0.345276 0.599522
12.99 -0.495951 0.332792 0.597259
13 -0.501458 0.320084 0.594907
13.01 -0.506629 0.307163 0.592472
13.02 -0.511458 0.294035 0.589954
13.03 -0.515939 0.28071 0.58736
13.04 -0.520068 0.267195 0.584692
13.05 -0.52384 0.253501 0.581954
13.06 -0.527249 0.239637 0.579153
13.07 -0.530293 0.225613 0.576292
13.08 -0.532968 0.211439 0.573377
13.09 -0.535269 0.197125 0.570413
13.1 -0.537196 0.182682 0.567408
13.11 -0.538744 0.168119 0.564366
13.12 -0.539914 0.15345 0.561296
13.13 -0.5407 0.138682 0.558202
13.14 -0.541105 0.12383 0.555093
13.15 -0.541125 0.108904 0.551975
13.16 -0.540761 0.0939161 0.548856
13.17 -0.540012 0.078877 0.545742
13.18 -0.538879 0.0638004 0.542643
13.19 -0.537362 0.0486967 0.539564
13.2 -0.535463 0.0335801 0.536515
13.21 -0.533184 0.0184614 0.533503
13.22 -0.530525 0.00335428 0.530536
13.23 -0.52749 -0.0117292 0.527621
13.24 -0.524082 -0.026777 0.524766
13.25 -0.520304 -0.0417757 0.521978
13.26 -0.516159 -0.0567131 0.519265
13.27 -0.511652 -0.0715767 0.516634
13.28 -0.506786 -0.0863536 0.514091
13.29 -0.501568 -0.10103 0.511642
13.3 -0.496001 -0.115596 0.509293
13.31 -0.490092 -0.130036 0.50705
13.32 -0.483846 -0.144338 0.504917
13.33 -0.47727 -0.15849 0.502897
13.34 -0.47037 -0.17248 0.500997
13.35 -0.463154 -0.186294 0.499217
13.36 -0.45563 -0.199922 0.497561
13.37 -0.447803 -0.213349 0.49603
13.38 -0.439685 -0.226565 0.494626
13.39 -0.431281 -0.239558 0.493347
13.4 -0.422601 -0.252315 0.492193
13.41 -0.413654 -0.264825 0.491164
13.42 -0.40445 -0.277076 0.490256
13.43 -0.394997 -0.289058 0.489467
13.44 -0.385308 -0.30076 0.488793
13.45 -0.375389 -0.312169 0.488228
13.46 -0.365254 -0.323276 0.487768
13.47 -0.354911 -0.334071 0.487407
13.48 -0.344373 -0.344543 0.487137
13.49 -0.333651 -0.354682 0.486952
13.5 -0.322755 -0.364479 0.486843
13.51 -0.311698 -0.373926 0.486802
13.52 -0.300492 -0.383012 0.486819
13.53 -0.289147 -0.39173 0.486887
13.54 -0.277676 -0.400071 0.486992
13.55 -0.266092 -0.408028 0.487127
13.56 -0.254406 -0.415594 0.487279
13.57 -0.242632 -0.422759 0.487438
13.58 -0.230781 -0.42952 0.487594
13.59 -0.218866 -0.435868 0.487733
13.6 -0.2069 -0.4418 0.487847
13.61 -0.194896 -0.447307 0.487923
13.62 -0.182866 -0.452387 0.487949
13.63 -0.170824 -0.457034 0.487915
13.64 -0.158781 -0.461245 0.48781
13.65 -0.14675 -0.465015 0.487622
13.66 -0.134745 -0.468343 0.487341
13.67 -0.122776 -0.471224 0.486956
13.68 -0.110858 -0.473657 0.486457
13.69 -0.0990014 -0.47564 0.485834
13.7 -0.0872191 -0.477172 0.485077
13.71 -0.0755228 -0.47825 0.484177
13.72 -0.0639255 -0.478877 0.483125
13.73 -0.0524369 -0.479051 0.481912
13.74 -0.0410709 -0.478773 0.480531
13.75 -0.0298373 -0.478044 0.478975
13.76 -0.0187473 -0.476866 0.477235
13.77 -0.00781235 -0.475242 0.475306
13.78 0.00295682 -0.473172 0.473181
13.79 0.0135511 -0.470662 0.470857
13.8 0.0239589 -0.467712 0.468325
13.81 0.034171 -0.464329 0.465585
13.82 0.0441787 -0.460515 0.46263
13.83 0.0539712 -0.456277 0.459458
13.84 0.0635411 -0.451618 0.456066
13.85 0.0728784 -0.446545 0.452453
13.86 0.0819759 -0.441064 0.448618
13.87 0.0908246 -0.435182 0.444559
13.88 0.099418 -0.428906 0.440277
13.89 0.107748 -0.422242 0.435773
13.9 0.115808 -0.4152 0.431049
13.91 0.123592 -0.407787 0.426105
13.92 0.131094 -0.400013 0.420946
13.93 0.138309 -0.391885 0.415575
13.94 0.14523 -0.383414 0.409998
13.95 0.151854 -0.374609 0.404217
13.96 0.158175 -0.365481 0.398241
13.97 0.164191 -0.35604 0.392076
13.98 0.169896 -0.346298 0.385729
13.99 0.17529 -0.336264 0.379209
14 0.180367 -0.325951 0.372527
14.01 0.185128 -0.315371 0.365692
14.02 0.189569 -0.304534 0.358717
14.03 0.19369 -0.293456 0.351614
14.04 0.19749 -0.282147 0.344397
14.05 0.200969 -0.27062 0.337082
14.06 0.204127 -0.258889 0.329684
14.07 0.206964 -0.246967 0.322222
14.08 0.209482 -0.234865 0.314713
14.09 0.211681 -0.2226 0.30718
14.1 0.213565 -0.210183 0.299645
14.11 0.215134 -0.197629 0.292131
14.12 0.216393 -0.184952 0.284664
14.13 0.217345 -0.172166 0.277272
14.14 0.217991 -0.159283 0.269984
14.15 0.218338 -0.14632 0.262833
14.16 0.21839 -0.13329 0.255852
14.17 0.21815 -0.120206 0.249076
14.18 0.217626 -0.107084 0.242545
14.19 0.216821 -0.0939356 0.236295
14.2 0.215743 -0.0807775 0.230369
14.21 0.214396 -0.067622 0.224808
14.22 0.212789 -0.0544833 0.219653
14.23 0.210927 -0.0413757 0.214947
14.24 0.208819 -0.028313 0.210729
14.25 0.206471 -0.0153076 0.207037
14.26 0.203891 -0.00237532 0.203904
14.27 0.201088 0.0104723 0.20136
14.28 0.198069 0.0232211 0.199425
14.29 0.194844 0.0358579 0.198117
14.3 0.191422 0.0483701 0.197439
14.31 0.187198 0.0605904 0.19676
14.32 0.182197 0.0724674 0.19608
14.33 0.176446 0.0839518 0.1954
14.34 0.169972 0.0949971 0.194717
14.35 0.162811 0.105557 0.194035
14.36 0.154996 0.115589 0.193352
14.37 0.146567 0.125053 0.192666
14.38 0.137564 0.133913 0.191981
14.39 0.128031 0.142132 0.191294
14.4 0.118011 0.14968 0.190606
14.41 0.107552 0.156528 0.189917
14.42 0.0967034 0.162652 0.189228
14.43 0.0855134 0.168028 0.188536
14.44 0.0740352 0.17264 0.187845
14.45 0.0623186 0.176473 0.187153
14.46 0.0504182 0.179514 0.18646
14.47 0.0383857 0.181757 0.185767
14.48 0.026275 0.183198 0.185072
14.49 0.0141394 0.183834 0.184377
14.5 0.00203258 0.18367 0.183681
14.51 -0.00999423 0.182712 0.182985
14.52 -0.0218871 0.180969 0.182287
14.53 -0.0335962 0.178455 0.18159
14.54 -0.045072 0.175186 0.180891
14.55 -0.0562647 0.171183 0.180192
14.56 -0.0671287 0.166467 0.179493
14.57 -0.0776186 0.161066 0.178792
14.58 -0.0876911 0.155007 0.178092
14.59 -0.0973049 0.148322 0.177391
14.6 -0.106423 0.141045 0.17669
14.61 -0.115007 0.133212 0.175989
14.62 -0.123025 0.124863 0.175288
14.63 -0.130446 0.116035 0.174586
14.64 -0.137241 0.106773 0.173884
14.65 -0.143386 0.0971198 0.173182
14.66 -0.148859 0.087121 0.172479
14.67 -0.153641 0.0768226 0.171777
14.68 -0.157716 0.0662736 0.171074
14.69 -0.161071 0.0555194 0.170371
14.7 -0.163698 0.0446118 0.169668
14.71 -0.165591 0.0335975 0.168965
14.72 -0.166746 0.0225269 0.168261
14.73 -0.167166 0.0114487 0.167558
14.74 -0.166854 0.000411516 0.166855
14.75 -0.165817 -0.0105365 0.166152
14.76 -0.164065 -0.0213477 0.165448
14.77 -0.161612 -0.031976 0.164745
14.78 -0.158473 -0.0423761 0.164041
14.79 -0.15467 -0.0525034 0.163338
14.8 -0.150222 -0.0623171 0.162635
14.81 -0.145155 -0.0717743 0.161931
14.82 -0.139497 -0.0808378 0.161227
14.83 -0.133277 -0.0894703 0.160524
14.84 -0.126528 -0.0976372 0.15982
14.85 -0.119283 -0.105306 0.159116
14.86 -0.11158 -0.112448 0.158413
14.87 -0.103454 -0.119034 0.157708
14.88 -0.0949469 -0.125043 0.157005
14.89 -0.0860977 -0.130451 0.156302
14.9 -0.0769501 -0.135239 0.155598
14.91 -0.0675459 -0.139392 0.154895
14.92 -0.0579291 -0.142897 0.154192
14.93 -0.048144 -0.145743 0.153489
14.94 -0.0382364 -0.147924 0.152786
14.95 -0.028249 -0.149437 0.152084
14.96 -0.0182292 -0.150279 0.151381
14.97 -0.0082206 -0.150455 0.150679
14.98 0.00173306 -0.149967 0.149977
14.99 0.0115867 -0.148825 0.149275
15 0.0212988 -0.14704 0.148574
15.01 0.0308269 -0.144625 0.147874
15.02 0.0401312 -0.141596 0.147173
15.03 0.0491713 -0.137974 0.146474
15.04 0.0579115 -0.133778 0.145775
15.05 0.0663135 -0.129034 0.145076
15.06 0.0743453 -0.123767 0.144379
15.07 0.0819728 -0.118004 0.143682
15.08 0.0891669 -0.111777 0.142985
15.09 0.0958993 -0.105117 0.142289
15.1 0.102144 -0.0980579 0.141594
15.11 0.107879 -0.0906345 0.140899
15.12 0.113083 -0.0828847 0.140206
15.13 0.117737 -0.0748436 0.139512
15.14 0.121827 -0.066552 0.13882
15.15 0.125341 -0.0580477 0.13813
15.16 0.128266 -0.0493709 0.137439
15.17 0.130596 -0.040562 0.13675
15.18 0.132327 -0.0316609 0.136062
15.19 0.133457 -0.0227082 0.135375
15.2 0.133985 -0.0137445 0.134689
15.21 0.133918 -0.00480939 0.134004
15.22 0.133258 0.00405742 0.133319
15.23 0.132015 0.0128162 0.132636
15.24 0.130202 0.021431 0.131954
15.25 0.12783 0.0298624 0.131272
15.26 0.124918 0.0380761 0.130592
15.27 0.121482 0.0460373 0.129912
15.28 0.117543 0.0537132 0.129234
15.29 0.113124 0.0610712 0.128556
15.3 0.10825 0.0680839 0.127881
15.31 0.102946 0.0747212 0.127205
15.32 0.0972426 0.0809582 0.126532
15.33 0.0911657 0.0867715 0.125859
15.34 0.084749 0.0921382 0.125187
15.35 0.0780232 0.0970399 0.124517
15.36 0.0710223 0.101459 0.123847
15.37 0.0637798 0.10538 0.123178
15.38 0.0563323 0.108792 0.122511
15.39 0.0487131 0.111683 0.121845
15.4 0.0409599 0.114047 0.121179
15.41 0.0331087 0.115879 0.120516
15.42 0.0251943 0.117175 0.119853
15.43 0.0172548 0.117936 0.119191
15.44 0.00932468 0.118164 0.118531
15.45 0.00144013 0.117864 0.117873
15.46 -0.00636471 0.117042 0.117215
15.47 -0.0140543 0.115709 0.11656
15.48 -0.0215974 0.113875 0.115905
15.49 -0.0289594 0.111554 0.115251
15.5 -0.0361112 0.108762 0.1146
15.51 -0.0430216 0.105516 0.113949
15.52 -0.0496627 0.101836 0.113301
15.53 -0.0560078 0.0977439 0.112653
15.54 -0.0620313 0.0932622 0.112008
15.55 -0.0677094 0.0884148 0.111363
15.56 -0.0730213 0.0832292 0.110721
15.57 -0.0779468 0.0777305 0.110081
15.58 -0.0824672 0.0719483 0.109441
15.59 -0.0865692 0.065911 0.108805
15.6 -0.0902363 0.0596487 0.108169
15.61 -0.0934586 0.0531923 0.107536
15.62 -0.096226 0.0465726 0.106904
15.63 -0.0985314 0.0398216 0.106274
15.64 -0.100368 0.0329711 0.105645
15.65 -0.101736 0.0260531 0.105019
15.66 -0.102632 0.0190989 0.104394
15.67 -0.103058 0.0121422 0.10377
15.68 -0.103017 0.0052116 0.103149
15.69 -0.102516 -0.00165937 0.102529
15.7 -0.101562 -0.00844187 0.101912
15.71 -0.100163 -0.0151058 0.101296
15.72 -0.0983329 -0.0216231 0.100682
15.73 -0.0960829 -0.0279645 0.10007
15.74 -0.0934294 -0.0341056 0.0994598
15.75 -0.0903873 -0.0400195 0.0988505
15.76 -0.0869773 -0.0456818 0.098244
15.77 -0.0832166 -0.0510713 0.0976385
15.78 -0.0791282 -0.0561649 0.0970348
15.79 -0.0747337 -0.0609442 0.096433
15.8 -0.070057 -0.0653905 0.0958327
15.81 -0.0651221 -0.0694883 0.095234
15.82 -0.0599557 -0.0732221 0.094637
15.83 -0.0545829 -0.0765809 0.0940422
15.84 -0.0490305 -0.0795522 0.0934481
15.85 -0.0433277 -0.0821291 0.0928573
15.86 -0.0374997 -0.0843032 0.0922673
15.87 -0.0315765 -0.08607 0.0916794
15.88 -0.0255853 -0.0874267 0.0910935
15.89 -0.0195544 -0.0883718 0.0905094
15.9 -0.0135111 -0.0889057 0.0899265
15.91 -0.00748451 -0.0890318 0.0893458
15.92 -0.00150019 -0.0887545 0.0887672
15.93 0.00441368 -0.0880787 0.0881892
15.94 0.0102316 -0.0870153 0.0876147
15.95 0.0159283 -0.085571 0.0870409
15.96 0.0214787 -0.0837593 0.0864694
15.97 0.0268602 -0.0815923 0.0858998
15.98 0.0320499 -0.0790849 0.0853324
15.99 0.0370268 -0.0762519 0.0847664
16 0.0417708 -0.073112 0.0842032
16.01 0.0462644 -0.0696821 0.083642
16.02 0.0504878 -0.0659819 0.0830821
16.03 0.0544284 -0.0620324 0.0825256
16.04 0.0580692 -0.0578538 0.08197
16.05 0.0613986 -0.053469 0.081417
16.06 0.0644054 -0.0489 0.0808657
16.07 0.0670802 -0.0441707 0.0803169
16.08 0.0694142 -0.0393042 0.0797693
16.09 0.0714025 -0.0343257 0.0792248
16.1 0.0730402 -0.0292576 0.0786821
16.11 0.0743233 -0.0241269 0.0781413
16.12 0.0752528 -0.0189552 0.0776034
16.13 0.0758272 -0.0137683 0.077067
16.14 0.0760497 -0.00858965 0.0765333
16.15 0.0759233 -0.00344261 0.0760013
16.16 0.0754538 0.00164986 0.0754719
16.17 0.0746469 0.00666431 0.0749438
16.18 0.0735123 0.0115793 0.0744187
16.19 0.0720577 0.0163743 0.0738948
16.2 0.0702959 0.0210265 0.0733732
16.21 0.068238 0.0255194 0.0728537
16.22 0.0658975 0.0298322 0.0723356
16.23 0.06329 0.0339486 0.0718201
16.24 0.0604303 0.0378519 0.0713063
16.25 0.0573354 0.041528 0.0707949
16.26 0.0540228 0.0449616 0.0702852
16.27 0.0505114 0.0481418 0.0697785
16.28 0.0468181 0.0510565 0.0692727
16.29 0.0429654 0.0536961 0.0687699
16.3 0.0389706 0.0560528 0.0682688
16.31 0.0348555 0.0581186 0.0677693
16.32 0.0306406 0.0598892 0.0672723
16.33 0.026347 0.0613597 0.0667771
16.34 0.0219949 0.0625283 0.066284
16.35 0.0176067 0.063393 0.0657926
16.36 0.0132023 0.0639559 0.0653044
16.37 0.00880207 0.0642162 0.0648166
16.38 0.00442754 0.06418 0.0643325
16.39 9.6826e-05 0.0638499 0.06385
16.4 -0.00416936 0.0632323 0.0633696
16.41 -0.00835325 0.0623347 0.0628919
16.42 -0.0124359 0.0611652 0.0624166
16.43 -0.0164011 0.0597326 0.0619433
16.44 -0.0202304 0.0580479 0.0614722
16.45 -0.0239106 0.0561232 0.0610043
16.46 -0.0274242 0.0539689 0.060537
16.47 -0.0307595 0.0516011 0.0600735
16.48 -0.033903 0.0490319 0.0596116
16.49 -0.0368426 0.0462773 0.059152
16.5 -0.0395686 0.0433523 0.0586949
16.51 -0.0420713 0.0402739 0.0582407
16.52 -0.0443423 0.0370572 0.0577882
16.53 -0.0463746 0.033721 0.0573385
16.54 -0.0481639 0.0302807 0.0568918
16.55 -0.0497028 0.0267548 0.0564463
16.56 -0.0509911 0.0231607 0.0560046
16.57 -0.0520247 0.0195153 0.0555645
16.58 -0.0528031 0.0158376 0.0551271
16.59 -0.0533267 0.0121437 0.0546919
16.6 -0.0535972 0.00845191 0.0542595
16.61 -0.0536162 0.00477864 0.0538287
16.62 -0.0533883 0.00114201 0.0534005
16.63 -0.0529184 -0.00244417 0.0529749
16.64 -0.0522115 -0.00596104 0.0525507
16.65 -0.0512762 -0.00939551 0.0521298
16.66 -0.0501186 -0.0127324 0.0517106
16.67 -0.0487492 -0.0159571 0.0512943
16.68 -0.0471763 -0.019057 0.0508799
16.69 -0.0454114 -0.0220198 0.0504684
16.7 -0.0434643 -0.0248333 0.0500583
16.71 -0.0413488 -0.0274867 0.0496512
16.72 -0.0390751 -0.0299715 0.0492459
16.73 -0.0366582 -0.0322764 0.0488425
16.74 -0.034111 -0.0343957 0.048442
16.75 -0.0314467 -0.0363209 0.0480428
16.76 -0.0286812 -0.038047 0.0476464
16.77 -0.025828 -0.0395681 0.0472516
16.78 -0.022902 -0.0408819 0.0468597
16.79 -0.019918 -0.0419838 0.046469
16.8 -0.016892 -0.0428742 0.0460818
16.81 -0.0138363 -0.0435508 0.0456959
16.82 -0.0107685 -0.0440146 0.0453127
16.83 -0.00770105 -0.0442674 0.0449323
16.84 -0.00464904 -0.04431 0.0445533
16.85 -0.00162636 -0.0441472 0.0441771
16.86 0.00135282 -0.0437819 0.0438028
16.87 0.00427646 -0.0432199 0.043431
16.88 0.00713048 -0.042466 0.0430605
16.89 0.00990325 -0.0415292 0.0426937
16.9 0.0125836 -0.0404141 0.0423278
16.91 0.0151591 -0.0391312 0.0419649
16.92 0.0176215 -0.0376887 0.0416047
16.93 0.0199592 -0.0360952 0.041246
16.94 0.022165 -0.0343617 0.0408903
16.95 0.0242298 -0.0324983 0.0405367
16.96 0.0261475 -0.0305155 0.0401857
16.97 0.0279099 -0.0284245 0.0398361
16.98 0.0295134 -0.0262381 0.0394903
16.99 0.0309514 -0.0239658 0.0391453
17 0.0322204 -0.0216222 0.038803
17.01 0.0333183 -0.0192177 0.0384633
17.02 0.0342408 -0.0167656 0.038125
17.03 0.0349881 -0.0142774 0.0377891
17.04 0.0355592 -0.0117666 0.0374554
17.05 0.0359547 -0.0092439 0.037124
17.06 0.0361746 -0.00672285 0.036794
17.07 0.0362232 -0.00421419 0.0364676
17.08 0.0361005 -0.00172969 0.0361419
17.09 0.0358119 0.000718391 0.0358191
17.1 0.0353607 0.00312113 0.0354982
17.11 0.0347519 0.00546587 0.0351791
17.12 0.0339907 0.00774401 0.0348617
17.13 0.0330843 0.00994504 0.0345467
17.14 0.0320383 0.0120609 0.0342333
17.15 0.0308607 0.0140808 0.0339212
17.16 0.0295599 0.0159997 0.0336121
17.17 0.0281428 0.0178077 0.0333036
17.18 0.0266202 0.0194991 0.0329978
17.19 0.0249994 0.0210687 0.0326934
17.2 0.0232914 0.02251 0.0323912
17.21 0.0215046 0.023819 0.0320904
17.22 0.0196503 0.0249923 0.0317923
17.23 0.0177368 0.0260266 0.0314957
17.24 0.0157763 0.0269185 0.0312009
17.25 0.0137772 0.0276684 0.0309088
17.26 0.0117503 0.0282729 0.0306174
17.27 0.00970684 0.0287335 0.0303288
17.28 0.00765478 0.0290497 0.0300413
17.29 0.00560597 0.0292233 0.0297561
17.3 0.00356932 0.0292554 0.0294724
17.31 0.0015547 0.0291497 0.0291911
17.32 -0.00042965 0.0289082 0.0289114
17.33 -0.00237266 0.0285353 0.0286338
17.34 -0.00426873 0.0280356 0.0283587
17.35 -0.00610773 0.0274124 0.0280846
17.36 -0.00788269 0.0266735 0.0278138
17.37 -0.00958689 0.0258218 0.027544
17.38 -0.0112131 0.0248655 0.0272769
17.39 -0.012755 0.0238101 0.0270113
17.4 -0.0142071 0.0226633 0.0267482
17.41 -0.0155644 0.0214308 0.0264864
17.42 -0.016821 0.0201223 0.0262269
17.43 -0.0179748 0.0187436 0.0259696
17.44 -0.0190201 0.0173031 0.0257131
17.45 -0.0199562 0.0158101 0.0254599
17.46 -0.0207791 0.0142709 0.0252077
17.47 -0.0214884 0.0126948 0.0249581
17.48 -0.0220819 0.0110899 0.0247103
17.49 -0.0225602 0.0094644 0.024465
17.5 -0.0229217 0.00782522 0.0242206
17.51 -0.0231681 0.00618279 0.0239789
17.52 -0.0233003 0.00454218 0.0237389
17.53 -0.0233185 0.00291333 0.0234998
17.54 -0.023227 0.00130274 0.0232635
17.55 -0.0230265 -0.000281659 0.0230282
17.56 -0.022721 -0.00183326 0.0227948
17.57 -0.0223137 -0.00334443 0.022563
17.58 -0.0218096 -0.00480942 0.0223336
17.59 -0.0212109 -0.00622197 0.0221047
17.6 -0.0205251 -0.00757562 0.0218786
17.61 -0.0197554 -0.00886699 0.0216541
17.62 -0.0189074 -0.0100886 0.0214306
17.63 -0.0179877 -0.0112386 0.02121
17.64 -0.0170012 -0.0123111 0.0209905
17.65 -0.0159542 -0.0133033 0.020773
17.66 -0.0148532 -0.0142115 0.0205569
17.67 -0.0137048 -0.0150342 0.0203433
17.68 -0.0125141 -0.0157674 0.0201299
17.69 -0.0112902 -0.0164107 0.0199194
17.7 -0.010037 -0.0169633 0.0197103
17.71 -0.00876334 -0.0174225 0.0195023
17.72 -0.00747449 -0.0177906 0.019297
17.73 -0.0061776 -0.0180661 0.0190932
17.74 -0.0048787 -0.0182504 0.0188912
17.75 -0.00358425 -0.0183441 0.018691
17.76 -0.0022999 -0.0183499 0.0184935
17.77 -0.00103153 -0.0182673 0.0182964
17.78 0.000214366 -0.0181011 0.0181023
17.79 0.00143443 -0.0178521 0.0179097
17.8 0.00262047 -0.0175237 0.0177185
17.81 0.00377012 -0.0171194 0.0175296
17.82 0.00487715 -0.0166423 0.0173422
17.83 0.00593761 -0.0160962 0.0171564
17.84 0.00694683 -0.0154852 0.016972
17.85 0.00790263 -0.0148142 0.0167902
17.86 0.00879949 -0.0140862 0.0166088
17.87 0.00963592 -0.0133081 0.0164304
17.88 0.0104094 -0.0124821 0.016253
17.89 0.0111161 -0.0116154 0.0160775
17.9 0.0117556 -0.0107114 0.0159037
17.91 0.0123254 -0.00977576 0.0157316
17.92 0.0128244 -0.00881323 0.0155608
17.93 0.013251 -0.00782952 0.0153912
17.94 0.0136063 -0.00682888 0.0152238
17.95 0.0138874 -0.00581705 0.0150564
17.96 0.014097 -0.00479999 0.0148918
17.97 0.014234 -0.00378058 0.0147275
17.98 0.0142999 -0.00276658 0.0145651
17.99 0.0142959 -0.00176086 0.0144039
18 0.0142233 -0.000768828 0.0142441
18.01 0.0140841 0.000205368 0.0140856
18.02 0.0138801 0.00115638 0.0139282
18.03 0.0136146 0.00208223 0.0137729
18.04 0.0132882 0.00297672 0.0136175
18.05 0.0129066 0.00383714 0.0134649
18.06 0.0124698 0.0046606 0.0133123
18.07 0.0119836 0.00544222 0.0131615
18.08 0.0114501 0.00618043 0.0130117
18.09 0.0108734 0.00687174 0.0128628
18.1 0.0102571 0.00751447 0.0127152
18.11 0.00960593 0.0081053 0.0125686
18.12 0.00892296 0.00864484 0.0124239
18.13 0.00821255 0.00912888 0.0122793
18.14 0.00748013 0.00955888 0.0121377
18.15 0.00672712 0.00993239 0.0119961
18.16 0.00596023 0.0102494 0.0118564
18.17 0.00518195 0.01051 0.011718
18.18 0.00439681 0.0107135 0.0115806
18.19 0.00360816 0.0108607 0.0114444
18.2 0.00282162 0.0109519 0.0113095
18.21 0.00203855 0.0109886 0.0111761
18.22 0.00126491 0.0109703 0.0110429
18.23 0.000503512 0.0109009 0.0109125
18.24 -0.000242758 0.0107792 0.0107819
18.25 -0.000969509 0.010609 0.0106532
18.26 -0.00167461 0.0103917 0.0105258
18.27 -0.00235461 0.0101295 0.0103996
18.28 -0.00300763 0.00982419 0.0102743
18.29 -0.00362968 0.00947966 0.0101508
18.3 -0.00422073 0.00909704 0.0100285
18.31 -0.00477592 0.00867922 0.00990647
18.32 -0.00529573 0.00823053 0.00978706
18.33 -0.00577693 0.00775142 0.00966734
18.34 -0.0062183 0.0072469 0.00954908
18.35 -0.00661909 0.00671914 0.00943182
18.36 -0.00697763 0.00617192 0.00931557
18.37 -0.00729345 0.00560724 0.00919976
18.38 -0.00756586 0.00503064 0.00908568
18.39 -0.00779548 0.00444283 0.00897264
18.4 -0.00798014 0.00384859 0.0088597
18.41 -0.00812302 0.00325086 0.00874938
18.42 -0.00822182 0.00265162 0.00863883
18.43 -0.00827845 0.00205524 0.00852976
18.44 -0.00829354 0.00146329 0.00842164
18.45 -0.00826811 0.000879751 0.00831478
18.46 -0.00820235 0.000305981 0.00820806
18.47 -0.00809909 -0.000253436 0.00810306
18.48 -0.00795896 -0.000798449 0.00799891
18.49 -0.00778283 -0.00132403 0.00789465
18.5 -0.00757488 -0.00183014 0.00779283
18.51 -0.00733448 -0.00231386 0.00769081
18.52 -0.0070656 -0.00277314 0.00759032
18.53 -0.00676943 -0.00320739 0.00749084
18.54 -0.0064492 -0.00361457 0.00739306
18.55 -0.00610539 -0.00399354 0.00729549
18.56 -0.00574267 -0.00434315 0.00720008
18.57 -0.00536111 -0.0046636 0.00710568
18.58 -0.00496411 -0.00495168 0.00701152
18.59 -0.00455415 -0.0052098 0.0069197
18.6 -0.00413249 -0.00543537 0.00682794
18.61 -0.00370291 -0.00562891 0.00673767
18.62 -0.00326651 -0.00579037 0.00664819
18.63 -0.0028267 -0.00592042 0.00656061
18.64 -0.00238455 -0.00601779 0.00647301
18.65 -0.00194392 -0.00608464 0.00638761
18.66 -0.00150448 -0.00612103 0.00630321
18.67 -0.00107067 -0.00612635 0.0062192
18.68 -0.000642575 -0.00610373 0.00613747
18.69 -0.000222383 -0.00605183 0.00605591
18.7 0.000187406 -0.00597303 0.00597596
18.71 0.00058601 -0.00586735 0.00589655
18.72 0.000971537 -0.00573728 0.00581896
18.73 0.00134219 -0.00558198 0.00574108
18.74 0.00169614 -0.00540505 0.00566493
18.75 0.00203394 -0.00520631 0.00558951
18.76 0.00235136 -0.00498763 0.00551411
18.77 0.00265026 -0.00475156 0.0054407
18.78 0.00292818 -0.00449805 0.00536718
18.79 0.00318466 -0.00423058 0.00529527
18.8 0.00341887 -0.00394928 0.00522355
18.81 0.00363117 -0.00365711 0.00515363
18.82 0.00381963 -0.00335427 0.00508337
18.83 0.00398468 -0.00304448 0.00501463
18.84 0.00412696 -0.0027269 0.00494649
18.85 0.00424393 -0.00240547 0.00487824
18.86 0.00433842 -0.0020809 0.00481166
18.87 0.00440834 -0.00175451 0.00474466
18.88 0.00445541 -0.00142924 0.00467904
18.89 0.0044788 -0.00110593 0.00461332
18.9 0.00448067 -0.000786272 0.00454913
18.91 0.0044597 -0.000471743 0.00448458
18.92 0.00441846 -0.000164855 0.00442153
18.93 0.00435688 0.000135761 0.004359
18.94 0.00427554 0.000425678 0.00429668
18.95 0.0041768 0.000706137 0.00423607
18.96 0.00405977 0.000975217 0.00417526
18.97 0.0039272 0.00123197 0.0041159
18.98 0.00377893 0.00147499 0.00405659
18.99 0.00361704 0.00170469 0.00399861
19 0.00344142 0.00191896 0.00394027
19.01 0.00325539 0.0021173 0.00388336
19.02 0.00305783 0.00230073 0.00382671
19.03 0.00285185 0.00246626 0.00377034
19.04 0.00263852 0.00261613 0.00371563
19.05 0.00241812 0.00274839 0.00366073
19.06 0.00219305 0.0028641 0.00360729
19.07 0.0019641 0.00296202 0.00355405
19.08 0.00173225 0.00304371 0.00350212
19.09 0.00149815 0.00310757 0.00344985
19.1 0.00126495 0.00315487 0.00339901
19.11 0.00103055 0.00318576 0.0033483
19.12 0.000799162 0.00319923 0.00329754
19.13 0.000570397 0.00319776 0.00324823
19.14 0.000345614 0.00317955 0.00319828
19.15 0.000126 0.00314688 0.0031494
19.16 -8.69159e-05 0.00309922 0.00310044
19.17 -0.000293138 0.00303847 0.00305258
19.18 -0.000491704 0.00296364 0.00300415
19.19 -0.000680447 0.00287784 0.00295719
19.2 -0.000861535 0.00277991 0.00291035
19.21 -0.00103116 0.00267137 0.00286348
19.22 -0.0011912 0.00255399 0.00281812
19.23 -0.0013396 0.00242698 0.00277214
19.24 -0.00147693 0.0022925 0.00272706
19.25 -0.00160162 0.00215108 0.00268185
19.26 -0.00171471 0.00200418 0.0026376
19.27 -0.00181498 0.00185128 0.00259256
19.28 -0.00190258 0.00169642 0.00254905
19.29 -0.0019785 0.00153733 0.00250557
19.3 -0.00204093 0.00137722 0.00246215
19.31 -0.00209243 0.00121647 0.00242034
19.32 -0.00213124 0.00105555 0.00237831
19.33 -0.00215892 0.000895311 0.0023372
19.34 -0.00217498 0.000737107 0.00229649
19.35 -0.00218093 0.000581083 0.00225702
19.36 -0.00217533 0.000427239 0.00221689
19.37 -0.00216072 0.000278429 0.00217859
19.38 -0.00213629 0.000132291 0.00214038
19.39 -0.00210226 -7.90019e-06 0.00210228
19.4 -0.00206078 -0.000143317 0.00206576
19.41 -0.0020108 -0.000272616 0.0020292
19.42 -0.00195373 -0.000396165 0.00199349
19.43 -0.00188995 -0.000512809 0.00195829
19.44 -0.00182093 -0.000623277 0.00192464
19.45 -0.00174494 -0.000727069 0.00189035
19.46 -0.00166576 -0.000823361 0.00185814
19.47 -0.00158122 -0.000913882 0.00182631
19.48 -0.00149279 -0.000995985 0.00179455
19.49 -0.0014014 -0.00107198 0.00176439
19.5 -0.00130668 -0.00114005 0.00173411
19.51 -0.00120937 -0.00120108 0.00170445
19.52 -0.00111007 -0.00125415 0.00167486
19.53 -0.00101003 -0.00130068 0.00164679
19.54 -0.000907585 -0.00133897 0.00161758
19.55 -0.000806614 -0.00137039 0.00159016
19.56 -0.000704364 -0.00139532 0.00156302
19.57 -0.000603423 -0.00141215 0.00153567
19.58 -0.000503227 -0.00142344 0.00150977
19.59 -0.000404453 -0.00142761 0.0014838
19.6 -0.000307048 -0.00142574 0.00145843
19.61 -0.000211801 -0.00141716 0.0014329
19.62 -0.000118982 -0.00140399 0.00140902
19.63 -2.81439e-05 -0.00138343 0.00138371
19.64 5.83694e-05 -0.00135863 0.00135989
19.65 0.000142791 -0.00132854 0.00133619
19.66 0.000222186 -0.00129307 0.00131202
19.67 0.000298234 -0.00125394 0.00128891
19.68 0.000369695 -0.00121063 0.00126582
19.69 0.000437083 -0.00116384 0.00124321
19.7 0.000499516 -0.00111358 0.00122048
19.71 0.000558286 -0.00106181 0.00119963
19.72 0.000612144 -0.00100597 0.00117758
19.73 0.000661226 -0.000949535 0.00115708
19.74 0.00070687 -0.000890489 0.00113694
19.75 0.000746654 -0.000829996 0.00111642
19.76 0.00078266 -0.000768355 0.00109678
19.77 0.000813773 -0.000705759 0.00107718
19.78 0.000840554 -0.0006425 0.00105799
19.79 0.000862059 -0.000578936 0.00103842
19.8 0.000880667 -0.00051606 0.00102073
19.81 0.0008938 -0.000452449 0.00100179
19.82 0.000903325 -0.000390888 0.000984271
19.83 0.000909628 -0.00032885 0.000967246
19.84 0.000911121 -0.00026858 0.000949883
19.85 0.000909752 -0.000209058 0.000933463
19.86 0.000904518 -0.000150831 0.000917008
19.87 0.000896208 -9.37801e-05 0.000901101
19.88 0.00088352 -3.87221e-05 0.000884368
19.89 0.000869278 1.47475e-05 0.000869403
19.9 0.000850303 6.65053e-05 0.0008529
19.91 0.00082941 0.000114728 0.000837307
19.92 0.000805884 0.000162018 0.000822009
19.93 0.000779475 0.000205383 0.000806079
19.94 0.000751419 0.000246655 0.000790866
19.95 0.000721258 0.000284883 0.000775482
19.96 0.000689829 0.000320856 0.000760798
19.97 0.000656317 0.000352969 0.00074521
19.98 0.000622963 0.000383397 0.000731489
19.99 0.00058715 0.000410527 0.000716434
20 0.000551965 0.000434038 0.000702179
20.01 0.000515519 0.000455968 0.000688234
20.02 0.000479096 0.00047375 0.000673775
20.03 0.000442797 0.000489287 0.000659902
20.04 0.000406802 0.000501799 0.00064598
20.05 0.000371336 0.000512499 0.000632887
20.06 0.000336752 0.000519565 0.000619153
20.07 0.000303545 0.000526129 0.000607413
20.08 0.000270413 0.000529916 0.000594924
20.09 0.000239859 0.000532071 0.000583637
20.1 0.000209069 0.000533578 0.000573075
20.11 0.000179963 0.00053308 0.000562638
20.12 0.000151685 0.000531916 0.000553121
20.13 0.000124444 0.000529487 0.000543914
20.14 9.7577e-05 0.000526751 0.000535712
20.15 7.25205e-05 0.000522147 0.000527159
20.16 4.79436e-05 0.00051832 0.000520532
20.17 2.37475e-05 0.000512703 0.000513252
20.18 1.80268e-06 0.000507367 0.00050737
20.19 -2.10139e-05 0.000501679 0.000502119
20.2 -4.23652e-05 0.000495396 0.000497204
20.21 -6.37671e-05 0.000489276 0.000493414
20.22 -8.4621e-05 0.000482605 0.000489968
20.23 -0.000106386 0.00047584 0.000487587
20.24 -0.000126811 0.000467967 0.000484844
20.25 -0.000148137 0.00046054 0.000483778
20.26 -0.000169439 0.000450833 0.000481622
20.27 -0.000189438 0.000441706 0.000480615
20.28 -0.000210552 0.000430903 0.000479593
20.29 -0.00023035 0.000419359 0.000478459
20.3 -0.00025039 0.000407149 0.000477981
20.31 -0.000269489 0.000394169 0.000477487
20.32 -0.000289373 0.000380049 0.000477676
20.33 -0.000307464 0.000365184 0.000477382
20.34 -0.000326434 0.000350052 0.000478639
20.35 -0.000344422 0.000332347 0.000478624
20.36 -0.000361518 0.000315344 0.000479726
20.37 -0.000378618 0.000295916 0.00048054
20.38 -0.000394125 0.000275833 0.000481059
20.39 -0.000409166 0.00025459 0.000481905
20.4 -0.00042269 0.000232883 0.000482598
20.41 -0.000435872 0.000209459 0.000483588
20.42 -0.000446866 0.000186077 0.00048406
20.43 -0.000458069 0.000162181 0.000485932
20.44 -0.000467042 0.00013645 0.000486567
20.45 -0.000475461 0.000111665 0.000488398
20.46 -0.000482764 8.49357e-05 0.000490178
20.47 -0.000488368 5.79862e-05 0.000491798
20.48 -0.000492918 2.99893e-05 0.000493829
20.49 -0.000495888 1.99471e-06 0.000495892
20.5 -0.000497293 -2.76946e-05 0.000498063
20.51 -0.000496378 -5.66986e-05 0.000499606
20.52 -0.000494932 -8.62557e-05 0.000502392
20.53 -0.000489968 -0.000116465 0.00050362
20.54 -0.000484361 -0.000145494 0.000505741
20.55 -0.000476406 -0.000175427 0.000507678
20.56 -0.000466359 -0.00020438 0.000509177
20.57 -0.000454535 -0.0002335 0.000511003
20.58 -0.000441134 -0.000261443 0.000512789
20.59 -0.000425374 -0.000289828 0.000514726
20.6 -0.000407419 -0.000316216 0.000515735
20.61 -0.000388781 -0.000342455 0.000518098
20.62 -0.000366279 -0.000367191 0.000518642
20.63 -0.000343628 -0.000390007 0.000519794
20.64 -0.000318463 -0.000412001 0.000520733
20.65 -0.000292016 -0.0004314 0.000520941
20.66 -0.000264081 -0.000449516 0.000521348
20.67 -0.00023582 -0.000465198 0.000521556
20.68 -0.000205955 -0.000479783 0.00052212
20.69 -0.000175531 -0.000491167 0.00052159
20.7 -0.000145505 -0.000502143 0.0005228
20.71 -0.000113292 -0.00051013 0.000522558
20.72 -8.21952e-05 -0.000516508 0.000523008
20.73 -4.97319e-05 -0.000521382 0.000523749
20.74 -1.74704e-05 -0.000523668 0.000523959
20.75 1.54221e-05 -0.000524252 0.000524479
20.76 4.7376e-05 -0.000522806 0.000524948
20.77 8.00893e-05 -0.000519821 0.000525954
20.78 0.000111885 -0.000513765 0.000525807
20.79 0.000142961 -0.000507738 0.000527481
20.8 0.000174466 -0.000498431 0.000528084
20.81 0.000204399 -0.000488261 0.000529318
20.82 0.000234834 -0.000476643 0.000531353
20.83 0.0002643 -0.000463111 0.000533222
20.84 0.000293908 -0.000447812 0.000535647
20.85 0.000322351 -0.000431136 0.00053832
20.86 0.000351158 -0.000412572 0.000541782
20.87 0.000378196 -0.000391072 0.000544031
20.88 0.000404799 -0.000369342 0.000547974
20.89 0.000430347 -0.000343938 0.000550902
20.9 0.000453838 -0.000317564 0.00055391
20.91 0.000476773 -0.000289157 0.000557605
20.92 0.000497444 -0.000259038 0.000560849
20.93 0.000516819 -0.000226881 0.000564426
20.94 0.000533901 -0.000193763 0.000567974
20.95 0.000550026 -0.000158834 0.000572501
20.96 0.000562487 -0.000121732 0.000575509
20.97 0.000573903 -8.46313e-05 0.000580109
20.98 0.000582089 -4.45858e-05 0.000583794
20.99 0.000587018 -4.63371e-06 0.000587037
21 0.000589776 3.68166e-05 0.000590924
21.01 0.000588735 7.83665e-05 0.000593928
21.02 0.000584744 0.000120646 0.000597061
21.03 0.000577218 0.000162026 0.000599527
21.04 0.000567581 0.000203523 0.000602967
21.05 0.000552993 0.000244338 0.000604568
21.06 0.000537239 0.000283462 0.000607434
21.07 0.000517471 0.000322755 0.000609874
21.08 0.000494759 0.00035954 0.000611601
21.09 0.000469742 0.000395802 0.000614261
21.1 0.000441644 0.000429734 0.000616215
21.11 0.00041081 0.000462291 0.000618449
21.12 0.000377415 0.000491782 0.000619913
21.13 0.000342565 0.000519777 0.00062251
21.14 0.000303851 0.000544315 0.000623381
21.15 0.0002651 0.000565997 0.000625005
21.16 0.000223545 0.000585436 0.000626664
21.17 0.000180889 0.000600653 0.0006273
21.18 0.000137259 0.000613749 0.00062891
21.19 9.27582e-05 0.000623159 0.000630024
21.2 4.71963e-05 0.000629764 0.00063153
21.21 1.29473e-06 0.000632321 0.000632323
21.22 -4.44846e-05 0.000632774 0.000634335
21.23 -9.16334e-05 0.000628377 0.000635023
21.24 -0.000137133 0.000621006 0.000635967
21.25 -0.000183366 0.000610417 0.000637364
21.26 -0.000228193 0.000595187 0.000637432
21.27 -0.000272125 0.000577289 0.000638212
21.28 -0.000314257 0.00055561 0.000638326
21.29 -0.000354995 0.000530954 0.000638696
21.3 -0.000393207 0.000502491 0.000638051
21.31 -0.000429162 0.000472778 0.000638513
21.32 -0.000463304 0.000438651 0.000638017
21.33 -0.000493626 0.000403088 0.000637297
21.34 -0.000522544 0.000365294 0.000637567
21.35 -0.000547381 0.000324607 0.000636393
21.36 -0.000569707 0.000282761 0.000636019
21.37 -0.00058819 0.000239053 0.000634912
21.38 -0.000603621 0.000194299 0.000634121
21.39 -0.000614565 0.00014787 0.000632104
21.4 -0.000622417 0.000102561 0.000630811
21.41 -0.000626527 5.5243e-05 0.000628958
21.42 -0.00062619 9.46632e-06 0.000626262
21.43 -0.000623935 -3.61576e-05 0.000624982
21.44 -0.000617084 -8.14052e-05 0.000622431
21.45 -0.000608042 -0.000125433 0.000620845
21.46 -0.000595555 -0.00016849 0.00061893
21.47 -0.000580807 -0.000210329 0.000617718
21.48 -0.000562118 -0.000251355 0.000615756
21.49 -0.000541901 -0.000289625 0.000614442
21.5 -0.000518415 -0.000327839 0.000613378
21.51 -0.000491874 -0.000362807 0.000611203
21.52 -0.000464353 -0.000396429 0.000610557
21.53 -0.00043344 -0.000427697 0.000608929
21.54 -0.00040139 -0.00045669 0.000608013
21.55 -0.00036735 -0.000483216 0.000606996
21.56 -0.000332371 -0.00050758 0.000606719
21.57 -0.000294668 -0.000529669 0.000606117
21.58 -0.000257072 -0.000548692 0.000605928
21.59 -0.000217214 -0.000566465 0.000606683
21.6 -0.000175807 -0.000580288 0.000606335
21.61 -0.000134284 -0.000592468 0.000607495
21.62 -9.07065e-05 -0.000601206 0.00060801
21.63 -4.68343e-05 -0.000607077 0.000608881
21.64 -2.18682e-06 -0.000609525 0.000609529
21.65 4.21235e-05 -0.000609047 0.000610502
21.66 8.77603e-05 -0.000604835 0.000611168
21.67 0.000131557 -0.000597153 0.000611473
21.68 0.000176009 -0.000587111 0.000612926
21.69 0.000219683 -0.000572249 0.000612968
21.7 0.000261819 -0.000555612 0.00061421
21.71 0.000303521 -0.000534858 0.000614978
21.72 0.000343411 -0.000511271 0.000615897
21.73 0.000381872 -0.000484156 0.000616631
21.74 0.000417713 -0.000454609 0.000617377
21.75 0.000452455 -0.000421168 0.00061814
21.76 0.000482937 -0.000385228 0.000617761
21.77 0.000511837 -0.000347483 0.000618645
21.78 0.000536917 -0.000305857 0.000617923
21.79 0.000558581 -0.000264071 0.000617856
21.8 0.000577133 -0.000219684 0.00061753
21.81 0.000591846 -0.000174522 0.000617041
21.82 0.000603146 -0.000127966 0.000616571
21.83 0.00061043 -8.16526e-05 0.000615866
21.84 0.000614922 -3.36397e-05 0.000615841
21.85 0.000614332 1.39438e-05 0.000614491
21.86 0.000611487 6.10241e-05 0.000614525
21.87 0.000603753 0.000109211 0.000613551
21.88 0.000592669 0.000155181 0.000612648
21.89 0.000577897 0.000200957 0.00061184
21.9 0.000559374 0.000244937 0.00061065
21.91 0.000537422 0.000287641 0.000609557
21.92 0.000512217 0.000327307 0.000607861
21.93 0.000484388 0.000366117 0.000607184
21.94 0.000452648 0.000401723 0.000605204
21.95 0.000419861 0.000434622 0.000604301
21.96 0.000383196 0.00046593 0.000603266
21.97 0.000344961 0.000493248 0.000601907
21.98 0.000304499 0.000518152 0.000601
21.99 0.00026197 0.000539388 0.000599639
22 0.000217575 0.000557503 0.000598455
22.01 0.000172164 0.000570772 0.000596172
22.02 0.000125821 0.0005814 0.000594859
22.03 7.79939e-05 0.000587042 0.0005922
22.04 3.17312e-05 0.000588891 0.000589745
22.05 -1.59399e-05 0.000587386 0.000587602
22.06 -6.20295e-05 0.0005813 0.0005846
22.07 -0.000107417 0.000572138 0.000582134
22.08 -0.000151574 0.000558983 0.000579169
22.09 -0.000194778 0.000542925 0.000576807
22.1 -0.000235673 0.000522517 0.000573207
22.11 -0.000274876 0.000500199 0.000570751
22.12 -0.000312731 0.000473542 0.000567488
22.13 -0.000346289 0.000444822 0.000563722
22.14 -0.000378886 0.000413575 0.000560892
22.15 -0.000407364 0.000379644 0.000556843
22.16 -0.000433012 0.00034446 0.00055331
22.17 -0.000455176 0.000307305 0.000549201
22.18 -0.000474739 0.000269438 0.00054587
22.19 -0.000490202 0.000229936 0.00054145
22.2 -0.000503019 0.000191061 0.000538082
22.21 -0.000513446 0.000150224 0.000534971
22.22 -0.000519348 0.000110384 0.00053095
22.23 -0.000523914 7.00018e-05 0.00052857
22.24 -0.0005245 2.94652e-05 0.000525327
22.25 -0.000522472 -1.02127e-05 0.000522572
22.26 -0.000517161 -4.97411e-05 0.000519548
22.27 -0.000509718 -8.83582e-05 0.00051732
22.28 -0.000498474 -0.000126492 0.000514273
22.29 -0.000485196 -0.000162395 0.000511652
22.3 -0.000469765 -0.000198675 0.00051005
22.31 -0.000450883 -0.000232046 0.000507091
22.32 -0.000431065 -0.000264603 0.000505799
22.33 -0.000408271 -0.000295818 0.000504176
22.34 -0.000383763 -0.000324884 0.000502816
22.35 -0.00035672 -0.000352393 0.000501428
22.36 -0.000328369 -0.00037807 0.000500762
22.37 -0.000297 -0.000401833 0.000499679
22.38 -0.000264491 -0.000422226 0.000498227
22.39 -0.00023022 -0.00044182 0.000498203
22.4 -0.00019381 -0.000456978 0.000496378
22.41 -0.000157213 -0.000469972 0.00049557
22.42 -0.000118877 -0.000480035 0.000494535
22.43 -8.05073e-05 -0.000486662 0.000493276
22.44 -4.11678e-05 -0.000490161 0.000491887
22.45 -2.4217e-06 -0.00049086 0.000490866
22.46 3.73989e-05 -0.000488531 0.00048996
22.47 7.59583e-05 -0.000481995 0.000487943
22.48 0.00011456 -0.000474126 0.00048777
22.49 0.000152591 -0.000461304 0.000485886
22.5 0.000188672 -0.000446205 0.000484455
22.51 0.00022423 -0.000427894 0.000483086
22.52 0.000257202 -0.000406501 0.000481036
22.53 0.000288663 -0.000382105 0.000478884
22.54 0.000317041 -0.000355728 0.000476506
22.55 0.000344085 -0.00032717 0.0004748
22.56 0.000367195 -0.000295827 0.000471535
22.57 0.000388658 -0.000264569 0.000470161
22.58 0.000407276 -0.000230227 0.000467844
22.59 0.000422345 -0.000195568 0.000465427
22.6 0.000435512 -0.000159612 0.000463839
22.61 0.000444883 -0.000122821 0.000461526
22.62 0.00045154 -8.49468e-05 0.000459461
22.63 0.0004544 -4.72731e-05 0.000456853
22.64 0.000455066 -9.35103e-06 0.000455162
22.65 0.000450949 2.88787e-05 0.000451873
22.66 0.000444901 6.50968e-05 0.000449638
22.67 0.000435529 0.000101758 0.000447259
22.68 0.000422546 0.000136353 0.000444002
22.69 0.000407762 0.000169934 0.000441755
22.7 0.000389712 0.000201743 0.000438835
22.71 0.000369356 0.000232348 0.000436359
22.72 0.000346219 0.000260486 0.000433267
22.73 0.000321904 0.000286924 0.000431216
22.74 0.00029382 0.000311417 0.000428148
22.75 0.000265136 0.000332346 0.000425148
22.76 0.000234457 0.000351705 0.00042269
22.77 0.000201742 0.000367086 0.00041887
22.78 0.00016883 0.000379931 0.000415754
22.79 0.000134802 0.000389189 0.000411874
22.8 0.000100485 0.000395827 0.000408383
22.81 6.57768e-05 0.000398704 0.000404094
22.82 3.25344e-05 0.000399162 0.000400485
22.83 -1.9281e-06 0.000396754 0.000396759
22.84 -3.42175e-05 0.000390851 0.000392346
22.85 -6.59961e-05 0.000383473 0.000389111
22.86 -9.70924e-05 0.000372279 0.000384732
22.87 -0.000126226 0.000359424 0.000380945
22.88 -0.000154001 0.000343632 0.000376562
22.89 -0.000179979 0.000326268 0.000372617
22.9 -0.000204369 0.000306192 0.00036813
22.91 -0.000225393 0.000285338 0.000363621
22.92 -0.000245924 0.000262823 0.000359937
22.93 -0.000262738 0.00023872 0.000354991
22.94 -0.000277816 0.000215092 0.000351349
22.95 -0.000290997 0.000189491 0.000347256
22.96 -0.000301715 0.000164349 0.000343573
22.97 -0.000310504 0.000138295 0.000339909
22.98 -0.000317427 0.000112398 0.000336739
22.99 -0.00032264 8.54397e-05 0.000333761
23 -0.000324799 5.94575e-05 0.000330196
23.01 -0.00032646 3.29795e-05 0.000328122
23.02 -0.000324746 6.3188e-06 0.000324807
23.03 -0.000321572 -1.86306e-05 0.000322111
23.04 -0.000316509 -4.43718e-05 0.000319604
23.05 -0.000309433 -6.85604e-05 0.000316937
23.06 -0.00030063 -9.2301e-05 0.00031448
23.07 -0.000290391 -0.000114878 0.000312289
23.08 -0.000278793 -0.000137503 0.000310858
23.09 -0.000264805 -0.000158039 0.00030838
23.1 -0.000250568 -0.000178203 0.000307475
23.11 -0.000233505 -0.000197611 0.000305899
23.12 -0.000215565 -0.000214368 0.00030401
23.13 -0.000195922 -0.000230852 0.000302784
23.14 -0.000174885 -0.00024489 0.000300926
23.15 -0.000152594 -0.000257212 0.00029907
23.16 -0.000129555 -0.000267116 0.000296876
23.17 -0.000105944 -0.00027599 0.000295626
23.18 -8.12238e-05 -0.000281466 0.000292951
23.19 -5.743e-05 -0.000285582 0.000291299
23.2 -3.21671e-05 -0.000288011 0.000289802
23.21 -7.86095e-06 -0.000287152 0.00028726
23.22 1.68143e-05 -0.000285307 0.000285802
23.23 4.10584e-05 -0.000280745 0.000283732
23.24 6.49458e-05 -0.000274277 0.000281861
23.25 8.78852e-05 -0.000265135 0.000279321
23.26 0.000109861 -0.000255146 0.000277793
23.27 0.000131058 -0.00024184 0.000275069
23.28 0.00014958 -0.000227555 0.000272315
23.29 0.000167943 -0.000212089 0.00027053
23.3 0.000183357 -0.000194282 0.000267143
23.31 0.000197679 -0.000176327 0.000264892
23.32 0.0002101 -0.000156963 0.000262258
23.33 0.000220867 -0.00013702 0.000259917
23.34 0.000229607 -0.000115848 0.000257177
23.35 0.000236787 -9.53147e-05 0.000255251
23.36 0.000242442 -7.29812e-05 0.000253189
23.37 0.000244971 -5.10468e-05 0.000250233
23.38 0.00024701 -2.92452e-05 0.000248735
23.39 0.00024564 -6.6944e-06 0.000245731
23.4 0.000242809 1.47632e-05 0.000243258
23.41 0.000238012 3.60171e-05 0.000240722
23.42 0.000231346 5.63711e-05 0.000238115
23.43 0.000222627 7.63181e-05 0.000235345
23.44 0.000212722 9.40872e-05 0.0002326
23.45 0.000201616 0.000111894 0.000230585
23.46 0.000188025 0.000127769 0.000227329
23.47 0.000174751 0.000142209 0.000225303
23.48 0.000158952 0.00015584 0.000222603
23.49 0.000142487 0.000167306 0.000219759
23.5 0.000125176 0.000177372 0.000217094
23.51 0.000107136 0.00018542 0.000214146
23.52 8.81097e-05 0.000192113 0.000211355
23.53 6.93339e-05 0.000195771 0.000207686
23.54 5.08398e-05 0.000198594 0.000204998
23.55 3.14463e-05 0.000198752 0.000201224
23.56 1.41822e-05 0.000197265 0.000197774
23.57 -3.70891e-06 0.000194579 0.000194615
23.58 -2.0553e-05 0.000189954 0.000191063
23.59 -3.65757e-05 0.000184326 0.000187919
23.6 -5.15531e-05 0.000177157 0.000184505
23.61 -6.62415e-05 0.000169424 0.000181914
23.62 -7.93167e-05 0.000159588 0.000178212
23.63 -9.09464e-05 0.000149938 0.000175365
23.64 -0.000102536 0.000138464 0.000172296
23.65 -0.000111133 0.000126653 0.000168497
23.66 -0.0001195 0.000114612 0.000165579
23.67 -0.000126249 0.000101854 0.000162213
23.68 -0.000131802 8.94299e-05 0.000159278
23.69 -0.000135944 7.66883e-05 0.000156083
23.7 -0.000139814 6.45946e-05 0.000154014
23.71 -0.000142212 5.1665e-05 0.000151306
23.72 -0.0001434 4.00423e-05 0.000148886
23.73 -0.000144954 2.74005e-05 0.000147521
23.74 -0.000144088 1.52579e-05 0.000144894
23.75 -0.000143203 3.47715e-06 0.000143245
23.76 -0.00014121 -8.66146e-06 0.000141475
23.77 -0.000138268 -1.99837e-05 0.000139705
23.78 -0.000134139 -3.11651e-05 0.000137712
23.79 -0.000129984 -4.14499e-05 0.000136433
23.8 -0.000124591 -5.20218e-05 0.000135016
23.81 -0.000118204 -6.0823e-05 0.000132934
23.82 -0.00011234 -7.02434e-05 0.000132493
23.83 -0.000104524 -7.87232e-05 0.000130853
23.84 -9.67604e-05 -8.63741e-05 0.000129704
23.85 -8.81875e-05 -9.41384e-05 0.000128993
23.86 -7.89508e-05 -0.000100697 0.000127957
23.87 -6.86547e-05 -0.000106617 0.00012681
23.88 -5.85777e-05 -0.000111271 0.000125748
23.89 -4.76284e-05 -0.000115642 0.000125066
23.9 -3.60768e-05 -0.000117534 0.000122946
23.91 -2.54755e-05 -0.00011943 0.000122117
23.92 -1.38148e-05 -0.000119779 0.000120573
23.93 -2.95765e-06 -0.000118668 0.000118705
23.94 7.83088e-06 -0.000117317 0.000117578
23.95 1.80982e-05 -0.000114653 0.000116073
23.96 2.85647e-05 -0.000111226 0.000114835
23.97 3.78344e-05 -0.000106677 0.000113187
23.98 4.70377e-05 -0.000102193 0.000112499
23.99 5.59687e-05 -9.54e-05 0.000110606
24 6.33204e-05 -8.89974e-05 0.000109225
24.01 7.08734e-05 -8.14649e-05 0.00010798
24.02 7.68926e-05 -7.28365e-05 0.000105913
24.03 8.23102e-05 -6.44649e-05 0.00010455
24.04 8.64073e-05 -5.54762e-05 0.000102683
24.05 9.01694e-05 -4.64037e-05 0.000101409
24.06 9.23036e-05 -3.70042e-05 9.94448e-05
24.07 9.39781e-05 -2.86596e-05 9.8251e-05
24.08 9.51031e-05 -1.88628e-05 9.69557e-05
24.09 9.46562e-05 -1.02334e-05 9.52077e-05
24.1 9.43515e-05 -1.45411e-06 9.43627e-05
24.11 9.25586e-05 7.87459e-06 9.2893e-05
24.12 9.03199e-05 1.6295e-05 9.1778e-05
24.13 8.68542e-05 2.46273e-05 9.02782e-05
24.14 8.30846e-05 3.25362e-05 8.92281e-05
24.15 7.79068e-05 4.00999e-05 8.76212e-05
24.16 7.24155e-05 4.59052e-05 8.57397e-05
24.17 6.65673e-05 5.23796e-05 8.47044e-05
24.18 5.95683e-05 5.71531e-05 8.25521e-05
24.19 5.31677e-05 6.1173e-05 8.1049e-05
24.2 4.58051e-05 6.52711e-05 7.97397e-05
24.21 3.86705e-05 6.80239e-05 7.82474e-05
24.22 3.10637e-05 7.01502e-05 7.67203e-05
24.23 2.37777e-05 7.16599e-05 7.55018e-05
24.24 1.58829e-05 7.26084e-05 7.43253e-05
24.25 8.41574e-06 7.1578e-05 7.2071e-05
24.26 1.27616e-06 7.10019e-05 7.10134e-05
24.27 -6.22507e-06 6.88087e-05 6.90897e-05
24.28 -1.22903e-05 6.56908e-05 6.68306e-05
24.29 -1.85528e-05 6.27103e-05 6.53972e-05
24.3 -2.37099e-05 5.88108e-05 6.34103e-05
24.31 -2.8497e-05 5.45365e-05 6.1533e-05
24.32 -3.22413e-05 5.01958e-05 5.96583e-05
24.33 -3.59831e-05 4.61079e-05 5.84869e-05
24.34 -3.8772e-05 4.07162e-05 5.62235e-05
24.35 -4.09515e-05 3.64632e-05 5.48324e-05
24.36 -4.33756e-05 3.14927e-05 5.36025e-05
24.37 -4.42563e-05 2.62375e-05 5.14492e-05
24.38 -4.5463e-05 2.16363e-05 5.03489e-05
24.39 -4.56747e-05 1.69019e-05 4.87017e-05
24.4 -4.5666e-05 1.22795e-05 4.72881e-05
24.41 -4.48171e-05 8.04139e-06 4.55328e-05
24.42 -4.42397e-05 4.70162e-06 4.44888e-05
24.43 -4.29931e-05 5.07419e-07 4.29961e-05
24.44 -4.14586e-05 -2.29476e-06 4.15221e-05
24.45 -4.07059e-05 -5.37308e-06 4.1059e-05
24.46 -3.87682e-05 -8.63606e-06 3.97185e-05
24.47 -3.76426e-05 -1.13071e-05 3.93042e-05
24.48 -3.60116e-05 -1.41023e-05 3.86744e-05
24.49 -3.43616e-05 -1.69604e-05 3.83194e-05
24.5 -3.21427e-05 -1.96771e-05 3.76874e-05
24.51 -3.02382e-05 -2.15847e-05 3.71517e-05
24.52 -2.77124e-05 -2.43454e-05 3.68874e-05
24.53 -2.47255e-05 -2.59043e-05 3.58103e-05
24.54 -2.26234e-05 -2.74941e-05 3.56054e-05
24.55 -1.92885e-05 -2.92305e-05 3.50209e-05
24.56 -1.67167e-05 -3.0344e-05 3.4644e-05
24.57 -1.39454e-05 -3.13819e-05 3.43409e-05
24.58 -1.11022e-05 -3.24207e-05 3.4269e-05
24.59 -7.87035e-06 -3.32837e-05 3.42016e-05
24.6 -5.05978e-06 -3.3219e-05 3.36021e-05
24.61 -1.73228e-06 -3.38057e-05 3.385e-05
24.62 2.0939e-06 -3.31642e-05 3.32302e-05
24.63 4.8156e-06 -3.22673e-05 3.26247e-05
24.64 8.61211e-06 -3.12748e-05 3.24389e-05
24.65 1.15446e-05 -2.95888e-05 3.17613e-05
24.66 1.41679e-05 -2.76305e-05 3.10512e-05
24.67 1.65109e-05 -2.56023e-05 3.04646e-05
24.68 1.88552e-05 -2.35808e-05 3.01922e-05
24.69 2.02968e-05 -2.07647e-05 2.90368e-05
24.7 2.18008e-05 -1.8794e-05 2.87834e-05
24.71 2.36791e-05 -1.60144e-05 2.8586e-05
24.72 2.41813e-05 -1.32811e-05 2.75884e-05
24.73 2.55612e-05 -1.06651e-05 2.76969e-05
24.74 2.61771e-05 -7.77974e-06 2.73087e-05
24.75 2.6342e-05 -4.86643e-06 2.67878e-05
24.76 2.61154e-05 -2.06396e-06 2.61969e-05
24.77 2.59308e-05 3.40299e-07 2.59331e-05
24.78 2.47815e-05 3.27897e-06 2.49975e-05
24.79 2.35243e-05 5.13503e-06 2.40783e-05
24.8 2.2858e-05 7.43525e-06 2.40369e-05
24.81 2.0842e-05 9.41221e-06 2.28688e-05
24.82 1.97753e-05 1.11043e-05 2.26796e-05
24.83 1.83373e-05 1.28499e-05 2.23914e-05
24.84 1.65849e-05 1.44447e-05 2.19934e-05
24.85 1.46624e-05 1.59528e-05 2.16674e-05
24.86 1.29702e-05 1.69192e-05 2.13186e-05
24.87 1.05517e-05 1.83283e-05 2.11486e-05
24.88 7.91369e-06 1.86533e-05 2.02626e-05
24.89 6.13119e-06 1.9208e-05 2.01628e-05
24.9 3.14394e-06 1.93308e-05 1.95848e-05
24.91 1.091e-06 1.90076e-05 1.90389e-05
24.92 -8.03569e-07 1.86329e-05 1.86502e-05
24.93 -2.8497e-06 1.79484e-05 1.81733e-05
24.94 -4.6964e-06 1.72133e-05 1.78425e-05
24.95 -5.94447e-06 1.59458e-05 1.70178e-05
24.96 -7.55567e-06 1.51548e-05 1.69339e-05
24.97 -9.30577e-06 1.3479e-05 1.63793e-05
24.98 -9.90726e-06 1.21239e-05 1.56571e-05
24.99 -1.14964e-05 1.05299e-05 1.55899e-05
25 -1.227e-05 8.64292e-06 1.50084e-05
25.01 -1.25075e-05 6.95172e-06 1.43095e-05
25.02 -1.27954e-05 5.10957e-06 1.37779e-05
25.03 -1.28044e-05 3.52642e-06 1.32811e-05
25.04 -1.19967e-05 1.71507e-06 1.21187e-05
25.05 -1.13887e-05 6.88962e-07 1.14095e-05
25.06 -1.10994e-05 -8.27101e-07 1.11302e-05
25.07 -9.72526e-06 -1.69342e-06 9.87159e-06
25.08 -9.42251e-06 -2.48228e-06 9.744e-06
25.09 -8.83631e-06 -3.34407e-06 9.44791e-06
25.1 -7.91037e-06 -3.80818e-06 8.7793e-06
25.11 -7.24948e-06 -4.39251e-06 8.47639e-06
25.12 -6.71531e-06 -4.65468e-06 8.17077e-06
25.13 -5.544e-06 -5.19521e-06 7.59777e-06
25.14 -4.55748e-06 -5.00356e-06 6.76802e-06
25.15 -4.20933e-06 -5.36324e-06 6.81783e-06
25.16 -2.89797e-06 -5.17682e-06 5.93276e-06
25.17 -2.62599e-06 -4.9751e-06 5.62561e-06
25.18 -2.45447e-06 -5.02667e-06 5.5939e-06
25.19 -2.04631e-06 -4.74707e-06 5.16934e-06
25.2 -1.95856e-06 -4.82674e-06 5.20897e-06
25.21 -2.143e-06 -4.72935e-06 5.19222e-06
25.22 -1.74708e-06 -5.10908e-06 5.39954e-06
25.23 -1.22409e-06 -4.934e-06 5.08357e-06
25.24 -1.3046e-06 -5.38976e-06 5.5454e-06
25.25 -2.62992e-07 -5.43221e-06 5.43857e-06
25.26 1.7877e-07 -5.32601e-06 5.32901e-06
25.27 4.27261e-07 -5.52377e-06 5.54027e-06
25.28 1.08565e-06 -5.17639e-06 5.28901e-06
25.29 1.48432e-06 -5.10136e-06 5.31292e-06
25.3 1.52961e-06 -4.73751e-06 4.97832e-06
25.31 2.02629e-06 -4.71696e-06 5.13377e-06
25.32 2.7446e-06 -4.13203e-06 4.9605e-06
25.33 2.75873e-06 -4.06426e-06 4.91211e-06
25.34 3.74776e-06 -3.67862e-06 5.25147e-06
25.35 4.385e-06 -3.00173e-06 5.314e-06
25.36 4.57357e-06 -2.76308e-06 5.34342e-06
25.37 5.123e-06 -1.94385e-06 5.47938e-06
25.38 5.41551e-06 -1.38699e-06 5.5903e-06
25.39 5.08454e-06 -6.54736e-07 5.12652e-06
25.4 4.9765e-06 -2.86704e-07 4.98475e-06
25.41 5.07336e-06 5.42917e-07 5.10233e-06
25.42 4.30499e-06 7.70561e-07 4.37341e-06
25.43 4.33575e-06 1.08103e-06 4.46849e-06
25.44 4.28208e-06 1.67583e-06 4.59833e-06
25.45 3.7565e-06 1.63817e-06 4.09815e-06
25.46 3.61643e-06 2.10602e-06 4.18496e-06
25.47 3.479e-06 2.32688e-06 4.18543e-06
25.48 2.74818e-06 2.70623e-06 3.85696e-06
25.49 2.14158e-06 2.74201e-06 3.47922e-06
25.5 1.90491e-06 3.27894e-06 3.79211e-06
25.51 8.30983e-07 3.29744e-06 3.40053e-06
25.52 4.05687e-07 3.27873e-06 3.30374e-06
25.53 1.81981e-07 3.65514e-06 3.65967e-06
25.54 -4.26204e-07 3.31205e-06 3.33936e-06
25.55 -6.44348e-07 3.424e-06 3.4841e-06
25.56 -6.0457e-07 3.30456e-06 3.35941e-06
25.57 -1.02021e-06 3.34021e-06 3.49254e-06
25.58 -1.4451e-06 3.02042e-06 3.34832e-06
25.59 -1.38778e-06 3.19967e-06 3.48766e-06
25.6 -2.1341e-06 3.00297e-06 3.68405e-06
25.61 -2.50817e-06 2.58993e-06 3.60536e-06
25.62 -2.51028e-06 2.70914e-06 3.69336e-06
25.63 -2.90515e-06 2.00649e-06 3.53071e-06
25.64 -2.94434e-06 1.68592e-06 3.39285e-06
25.65 -2.54949e-06 1.15849e-06 2.80036e-06
25.66 -2.45906e-06 7.24614e-07 2.5636e-06
25.67 -2.42129e-06 2.437e-08 2.42141e-06
25.68 -1.83689e-06 -1.9965e-07 1.8477e-06
25.69 -1.9408e-06 -5.24984e-07 2.01055e-06
25.7 -1.98062e-06 -1.12579e-06 2.27822e-06
25.71 -1.57335e-06 -9.45318e-07 1.8355e-06
25.72 -1.60236e-06 -1.46264e-06 2.16953e-06
25.73 -1.48307e-06 -1.62326e-06 2.19874e-06
25.74 -8.24864e-07 -1.79526e-06 1.97569e-06
25.75 -4.20727e-07 -1.90036e-06 1.94637e-06
25.76 -1.72238e-07 -2.21114e-06 2.21783e-06
25.77 6.51e-07 -2.06476e-06 2.16495e-06
25.78 8.61162e-07 -1.85304e-06 2.04337e-06
25.79 8.26026e-07 -2.03161e-06 2.19311e-06
25.8 1.18159e-06 -1.33155e-06 1.78022e-06
25.81 1.03521e-06 -1.26446e-06 1.63417e-06
25.82 7.10904e-07 -1.01488e-06 1.2391e-06
25.83 8.92402e-07 -7.58801e-07 1.17139e-06
25.84 8.72655e-07 -5.53581e-07 1.03343e-06
25.85 5.76969e-07 -6.95015e-07 9.03293e-07
25.86 9.05276e-07 -5.73806e-07 1.07181e-06
25.87 8.63006e-07 -3.56385e-07 9.33697e-07
25.88 4.65692e-07 -7.37977e-07 8.72628e-07
25.89 5.07326e-07 -2.69801e-07 5.74606e-07
25.9 2.17097e-07 -3.48999e-07 4.11013e-07
25.91 -3.88479e-07 -3.22576e-07 5.04947e-07
25.92 -4.88212e-07 -2.18423e-07 5.34846e-07
25.93 -5.96231e-07 -1.06735e-07 6.0571e-07
25.94 -9.85179e-07 -2.96404e-07 1.0288e-06
25.95 -7.07712e-07 -3.42701e-07 7.86321e-07
25.96 -4.47711e-07 -1.04596e-07 4.59767e-07
25.97 -5.61243e-07 -5.92616e-07 8.16203e-07
25.98 -1.8305e-07 -2.19165e-07 2.85553e-07
25.99 5.44121e-08 -2.41564e-07 2.47617e-07
26 -1.71885e-07 -2.16679e-07 2.76576e-07
