0 -2.35745e-05 1.81327e-05 2.97414e-05
0.01 -4.70829e-05 3.54333e-05 5.89264e-05
0.02 -7.04835e-05 5.33268e-05 8.83836e-05
0.03 -9.32645e-05 7.09086e-05 0.000117159
0.04 -0.000115565 8.78127e-05 0.000145143
0.05 -0.000137196 0.000104085 0.00017221
0.06 -0.000157589 0.000119521 0.000197787
0.07 -0.000177087 0.000134829 0.000222573
0.08 -0.000195388 0.000148446 0.000245383
0.09 -0.000212457 0.000161514 0.00026688
0.1 -0.000228061 0.000174399 0.000287101
0.11 -0.000242077 0.000185505 0.000304981
0.12 -0.000254495 0.000195639 0.000321002
0.13 -0.000264953 0.000204804 0.00033488
0.14 -0.000273381 0.000212617 0.000346328
0.15 -0.000280161 0.000219173 0.000355706
0.16 -0.00028481 0.000224127 0.000362422
0.17 -0.000287578 0.00022874 0.000367455
0.18 -0.000288466 0.000231758 0.000370033
0.19 -0.00028733 0.000232901 0.000369867
0.2 -0.000284235 0.000233556 0.000367883
0.21 -0.000278927 0.000232426 0.000363073
0.22 -0.00027188 0.000229688 0.000355914
0.23 -0.000262919 0.00022587 0.000346618
0.24 -0.000252011 0.000220962 0.000335162
0.25 -0.000239597 0.000215212 0.00032206
0.26 -0.000225577 0.000207709 0.00030664
0.27 -0.000209791 0.0001996 0.000289573
0.28 -0.000192503 0.000190878 0.000271094
0.29 -0.000173712 0.000180138 0.000250251
0.3 -0.000153754 0.00016915 0.000228587
0.31 -0.000132426 0.000157555 0.000205816
0.32 -0.000110295 0.000145141 0.000182293
0.33 -8.7583e-05 0.000132195 0.000158576
0.34 -6.40324e-05 0.000118601 0.000134782
0.35 -3.99136e-05 0.000105048 0.000112375
0.36 -1.55506e-05 9.03912e-05 9.17191e-05
0.37 9.15233e-06 7.50442e-05 7.56002e-05
0.38 3.39112e-05 6.03532e-05 6.92278e-05
0.39 5.85199e-05 4.48002e-05 7.36997e-05
0.4 8.25447e-05 2.91645e-05 8.75454e-05
0.41 0.000106162 1.39832e-05 0.000107079
0.42 0.000129365 -1.3795e-06 0.000129373
0.43 0.000151647 -1.64864e-05 0.000152541
0.44 0.000173242 -3.20678e-05 0.000176185
0.45 0.000194037 -4.67082e-05 0.00019958
0.46 0.00021364 -6.09748e-05 0.000222171
0.47 0.000231851 -7.55299e-05 0.000243843
0.48 0.000248735 -8.87402e-05 0.000264091
0.49 0.000264252 -0.000101391 0.000283036
0.5 0.000278105 -0.000114051 0.000300583
0.51 0.0002903 -0.000125855 0.000316407
0.52 0.000301105 -0.000137304 0.000330933
0.53 0.000309988 -0.000147715 0.000343384
0.54 0.000316779 -0.000158046 0.000354017
0.55 0.000321734 -0.000167433 0.000362693
0.56 0.000324711 -0.00017529 0.000369004
0.57 0.000325527 -0.000183269 0.000373571
0.58 0.000324329 -0.000190276 0.000376025
0.59 0.000321462 -0.000196109 0.000376559
0.6 0.000316663 -0.000201557 0.000375367
0.61 0.000309695 -0.000205987 0.000371943
0.62 0.0003009 -0.000209666 0.000366743
0.63 0.000290368 -0.000211832 0.000359425
0.64 0.000277666 -0.000213217 0.000350085
0.65 0.000263223 -0.000214297 0.000339426
0.66 0.000247345 -0.000213541 0.000326771
0.67 0.000229993 -0.000212429 0.000313086
0.68 0.000210831 -0.000210746 0.0002981
0.69 0.000190363 -0.000207696 0.000281737
0.7 0.000168567 -0.000203876 0.000264538
0.71 0.000145241 -0.000199033 0.000246392
0.72 0.000120526 -0.000193721 0.000228155
0.73 9.51645e-05 -0.000187445 0.000210219
0.74 6.89995e-05 -0.000180037 0.000192806
0.75 4.19092e-05 -0.000172942 0.000177947
0.76 1.44178e-05 -0.000164562 0.000165192
0.77 -1.33358e-05 -0.000155268 0.000155839
0.78 -4.17086e-05 -0.000145843 0.00015169
0.79 -7.03082e-05 -0.00013539 0.000152557
0.8 -9.86173e-05 -0.000124586 0.000158894
0.81 -0.000126471 -0.000112903 0.000169534
0.82 -0.000154136 -0.000101146 0.000184359
0.83 -0.00018102 -8.91904e-05 0.0002018
0.84 -0.000206856 -7.60183e-05 0.000220382
0.85 -0.000232194 -6.30003e-05 0.000240589
0.86 -0.00025679 -4.97792e-05 0.000261571
0.87 -0.000279879 -3.55703e-05 0.00028213
0.88 -0.000301722 -2.17191e-05 0.000302503
0.89 -0.000322233 -7.47259e-06 0.00032232
0.9 -0.000341051 6.5068e-06 0.000341113
0.91 -0.000357759 2.08567e-05 0.000358366
0.92 -0.000372837 3.54106e-05 0.000374514
0.93 -0.000386416 4.93592e-05 0.000389555
0.94 -0.000397539 6.40143e-05 0.00040266
0.95 -0.000406477 7.86339e-05 0.000414013
0.96 -0.000413559 9.25927e-05 0.000423797
0.97 -0.000417934 0.000106954 0.000431403
0.98 -0.000419656 0.000120908 0.000436726
0.99 -0.000418961 0.00013485 0.000440129
1 -0.00041622 0.000148484 0.000441912
1.01 -0.000410776 0.000161774 0.000441484
1.02 -0.000402691 0.000175378 0.000439223
1.03 -0.000392626 0.00018783 0.000435242
1.04 -0.000379945 0.000199997 0.000429368
1.05 -0.000364193 0.000211946 0.000421376
1.06 -0.000346419 0.000222766 0.000411863
1.07 -0.000326402 0.000233183 0.000401139
1.08 -0.000304097 0.000242857 0.000389172
1.09 -0.000279538 0.000251821 0.000376239
1.1 -0.000253311 0.000260148 0.000363102
1.11 -0.000225291 0.000267079 0.00034941
1.12 -0.000194683 0.000273798 0.000335956
1.13 -0.000162576 0.000279297 0.000323168
1.14 -0.000129351 0.000283606 0.000311711
1.15 -9.42244e-05 0.000287442 0.000302492
1.16 -5.81978e-05 0.000289932 0.000295715
1.17 -2.14567e-05 0.000291527 0.000292316
1.18 1.58946e-05 0.000291935 0.000292367
1.19 5.42833e-05 0.000291042 0.000296061
1.2 9.32046e-05 0.000289292 0.000303936
1.21 0.000131713 0.000285782 0.000314674
1.22 0.000170539 0.000281153 0.000328832
1.23 0.00020932 0.000275446 0.000345956
1.24 0.000246582 0.000267879 0.000364091
1.25 0.000283348 0.000259436 0.000384178
1.26 0.0003192 0.000249316 0.000405028
1.27 0.000353961 0.000237957 0.000426512
1.28 0.000387043 0.000225381 0.000447883
1.29 0.00041854 0.0002112 0.000468808
1.3 0.000448722 0.000196117 0.000489708
1.31 0.000476112 0.000179645 0.000508876
1.32 0.000500856 0.000161836 0.000526354
1.33 0.000523992 0.000143197 0.000543206
1.34 0.000543974 0.000123044 0.000557716
1.35 0.000561281 0.000102068 0.000570486
1.36 0.000575912 8.00439e-05 0.000581448
1.37 0.000587739 5.68392e-05 0.000590481
1.38 0.000596256 3.31015e-05 0.000597174
1.39 0.00060088 8.14495e-06 0.000600935
1.4 0.0006028 -1.74646e-05 0.000603053
1.41 0.000601395 -4.37586e-05 0.000602985
1.42 0.000595902 -7.07732e-05 0.00060009
1.43 0.000587907 -9.80538e-05 0.000596027
1.44 0.000576602 -0.000125854 0.000590177
1.45 0.000561743 -0.000153833 0.000582426
1.46 0.000543507 -0.000181673 0.000573066
1.47 0.00052205 -0.000209996 0.000562703
1.48 0.000497905 -0.000237814 0.000551783
1.49 0.000470079 -0.000265395 0.000539823
1.5 0.000439688 -0.00029251 0.000528098
1.51 0.000407386 -0.000319006 0.000517424
1.52 0.000371709 -0.000344722 0.000506953
1.53 0.000333789 -0.000369422 0.000497883
1.54 0.000293736 -0.000393352 0.000490924
1.55 0.000251421 -0.000416357 0.00048638
1.56 0.000207199 -0.000437689 0.000484255
1.57 0.000161088 -0.000457899 0.000485408
1.58 0.000114318 -0.000476624 0.000490142
1.59 6.62446e-05 -0.000493445 0.000497872
1.6 1.65952e-05 -0.000508413 0.000508683
1.61 -3.27978e-05 -0.000521637 0.000522668
1.62 -8.32832e-05 -0.000532916 0.000539385
1.63 -0.000134058 -0.000541758 0.000558098
1.64 -0.000184636 -0.000548191 0.000578449
1.65 -0.000234779 -0.000552454 0.000600272
1.66 -0.000284051 -0.000553689 0.0006223
1.67 -0.000332964 -0.000551991 0.000644639
1.68 -0.000380593 -0.000547775 0.000667015
1.69 -0.000426495 -0.000540792 0.000688733
1.7 -0.000471976 -0.000530582 0.000710126
1.71 -0.000515056 -0.000517571 0.00073018
1.72 -0.000556092 -0.000501782 0.000749015
1.73 -0.000595064 -0.00048275 0.000766256
1.74 -0.000631339 -0.00046032 0.000781335
1.75 -0.00066524 -0.000435209 0.000794954
1.76 -0.000695902 -0.000407297 0.000806331
1.77 -0.000724 -0.000376173 0.000815894
1.78 -0.000749346 -0.000342229 0.000823796
1.79 -0.000770638 -0.000306063 0.000829191
1.8 -0.000789097 -0.000266653 0.000832933
1.81 -0.000803972 -0.000224382 0.000834696
1.82 -0.000814938 -0.000179723 0.00083452
1.83 -0.000822665 -0.000132893 0.000833329
1.84 -0.000826369 -8.35223e-05 0.000830579
1.85 -0.000826852 -3.2224e-05 0.00082748
1.86 -0.00082328 2.03756e-05 0.000823532
1.87 -0.000815715 7.46331e-05 0.000819122
1.88 -0.000804801 0.000130911 0.000815378
1.89 -0.000789514 0.000187745 0.000811529
1.9 -0.000770528 0.000245408 0.000808665
1.91 -0.000747997 0.00030393 0.000807387
1.92 -0.000721369 0.000362488 0.000807323
1.93 -0.000691548 0.000420541 0.000809378
1.94 -0.000657743 0.00047818 0.000813192
1.95 -0.000620563 0.000535613 0.000819744
1.96 -0.000580151 0.000592023 0.000828894
1.97 -0.000536001 0.000646634 0.0008399
1.98 -0.000489159 0.000700578 0.000854451
1.99 -0.000439121 0.000752262 0.000871049
2 -0.000386277 0.000801267 0.000889516
2.01 -0.000331038 0.000847825 0.000910161
2.02 -0.000272889 0.000891753 0.000932572
2.03 -0.000212753 0.000932482 0.000956445
2.04 -0.00015047 0.000969537 0.000981144
2.05 -8.59675e-05 0.00100308 0.00100676
2.06 -2.01867e-05 0.00103314 0.00103334
2.07 4.73166e-05 0.00105769 0.00105875
2.08 0.000115866 0.001078 0.00108421
2.09 0.00018552 0.00109368 0.0011093
2.1 0.000256049 0.00110395 0.00113326
2.11 0.000326581 0.00110911 0.00115619
2.12 0.000397735 0.00110904 0.0011782
2.13 0.000468681 0.00110373 0.00119911
2.14 0.000538894 0.00109246 0.00121815
2.15 0.000608631 0.00107484 0.0012352
2.16 0.000677423 0.00105229 0.00125148
2.17 0.000744769 0.00102323 0.00126557
2.18 0.000810365 0.000988187 0.00127797
2.19 0.000873874 0.000947957 0.00128929
2.2 0.000935431 0.000901668 0.00129924
2.21 0.000993751 0.000849672 0.00130747
2.22 0.00104928 0.000791665 0.00131443
2.23 0.00110192 0.00072813 0.00132076
2.24 0.00115085 0.000659375 0.00132636
2.25 0.00119568 0.000584578 0.00133093
2.26 0.0012367 0.000505444 0.001336
2.27 0.00127325 0.000421737 0.00134128
2.28 0.0013049 0.00033301 0.00134672
2.29 0.00133139 0.000240591 0.00135295
2.3 0.0013533 0.000144029 0.00136094
2.31 0.00136959 4.4145e-05 0.00137031
2.32 0.00137994 -5.8865e-05 0.00138119
2.33 0.00138461 -0.000164668 0.00139437
2.34 0.00138345 -0.000271757 0.00140989
2.35 0.00137531 -0.000380973 0.0014271
2.36 0.00136079 -0.000491188 0.00144672
2.37 0.00134007 -0.000601681 0.00146895
2.38 0.00131273 -0.000712766 0.00149375
2.39 0.0012783 -0.000823131 0.0015204
2.4 0.00123747 -0.000932571 0.00154953
2.41 0.00119004 -0.0010404 0.0015807
2.42 0.00113553 -0.00114546 0.00161292
2.43 0.00107379 -0.00124832 0.00164661
2.44 0.00100624 -0.00134725 0.00168155
2.45 0.000931923 -0.0014424 0.00171727
2.46 0.000850973 -0.00153322 0.00175354
2.47 0.000764126 -0.0016185 0.00178981
2.48 0.000671412 -0.00169844 0.00182634
2.49 0.000572367 -0.00177173 0.00186189
2.5 0.000467481 -0.00183806 0.00189658
2.51 0.00035737 -0.00189751 0.00193087
2.52 0.000242658 -0.00194867 0.00196372
2.53 0.000122523 -0.00199184 0.0019956
2.54 -1.26286e-06 -0.00202632 0.00202632
2.55 -0.000128484 -0.00205153 0.00205555
2.56 -0.000259663 -0.00206751 0.00208375
2.57 -0.000393639 -0.00207309 0.00211014
2.58 -0.000529714 -0.00206906 0.00213579
2.59 -0.000667503 -0.0020546 0.00216031
2.6 -0.000806347 -0.00202916 0.0021835
2.61 -0.000945836 -0.00199335 0.00220637
2.62 -0.00108421 -0.00194675 0.00222831
2.63 -0.00122228 -0.0018889 0.00224987
2.64 -0.00135919 -0.00182027 0.00227174
2.65 -0.00149332 -0.00174068 0.00229346
2.66 -0.00162502 -0.00165077 0.00231641
2.67 -0.00175313 -0.00154967 0.00233986
2.68 -0.00187672 -0.00143839 0.00236454
2.69 -0.00199516 -0.0013174 0.00239086
2.7 -0.00210743 -0.00118621 0.00241833
2.71 -0.00221389 -0.00104546 0.00244832
2.72 -0.00231274 -0.000896273 0.00248034
2.73 -0.00240359 -0.000738573 0.00251451
2.74 -0.0024864 -0.000572864 0.00255154
2.75 -0.0025593 -0.000399753 0.00259033
2.76 -0.00262215 -0.000220546 0.00263141
2.77 -0.00267435 -3.50154e-05 0.00267458
2.78 -0.002715 0.000155949 0.00271948
2.79 -0.00274447 0.0003509 0.00276681
2.8 -0.00276108 0.000549019 0.00281514
2.81 -0.00276549 0.000750368 0.00286548
2.82 -0.00275674 0.000953115 0.00291685
2.83 -0.00273399 0.0011564 0.0029685
2.84 -0.00269775 0.00135973 0.00302105
2.85 -0.00264715 0.0015623 0.00307379
2.86 -0.00258235 0.00176217 0.0031263
2.87 -0.00250362 0.00195864 0.00317874
2.88 -0.00240995 0.00215095 0.00323024
2.89 -0.00230249 0.00233811 0.00328149
2.9 -0.00218043 0.00251813 0.00333095
2.91 -0.00204393 0.00269121 0.00337939
2.92 -0.00189374 0.0028563 0.00342706
2.93 -0.00172948 0.00301154 0.00347282
2.94 -0.00155249 0.00315623 0.00351739
2.95 -0.00136245 0.00328993 0.00356088
2.96 -0.00116008 0.00341109 0.00360296
2.97 -0.000946711 0.00351905 0.00364417
2.98 -0.000721997 0.00361278 0.00368422
2.99 -0.000487082 0.00369259 0.00372457
3 -0.000243413 0.00375655 0.00376443
3.01 8.75719e-06 0.00380397 0.00380398
3.02 0.000267839 0.0038351 0.00384445
3.03 0.000533468 0.00384844 0.00388524
3.04 0.000803563 0.00384352 0.00392662
3.05 0.00107754 0.00382049 0.00396954
3.06 0.00135468 0.00377871 0.0040142
3.07 0.0016327 0.00371841 0.00406107
3.08 0.00191046 0.00363852 0.00410958
3.09 0.00218742 0.00353965 0.004161
3.1 0.00246131 0.00342176 0.00421503
3.11 0.002731 0.00328396 0.00427115
3.12 0.00299488 0.00312754 0.00433023
3.13 0.00325226 0.00295254 0.00439257
3.14 0.00350077 0.00275901 0.0044573
3.15 0.00373887 0.00254807 0.00452458
3.16 0.00396588 0.00231919 0.00459422
3.17 0.00418024 0.00207393 0.00466643
3.18 0.00437963 0.00181218 0.00473974
3.19 0.00456374 0.00153475 0.00481489
3.2 0.00473111 0.00124327 0.00489174
3.21 0.00488008 0.000938073 0.00496942
3.22 0.00500904 0.000620645 0.00504734
3.23 0.00511778 0.000292182 0.00512612
3.24 0.00520484 -4.6894e-05 0.00520505
3.25 0.00526897 -0.000394078 0.00528368
3.26 0.00530923 -0.000749186 0.00536183
3.27 0.00532579 -0.00111028 0.00544029
3.28 0.00531675 -0.00147529 0.00551764
3.29 0.00528149 -0.00184336 0.00559394
3.3 0.00522013 -0.00221218 0.00566952
3.31 0.00513218 -0.00258082 0.00574455
3.32 0.00501671 -0.00294718 0.00581835
3.33 0.0048744 -0.00330935 0.00589165
3.34 0.00470503 -0.00366665 0.00596503
3.35 0.00450891 -0.00401614 0.00603818
3.36 0.00428539 -0.00435602 0.00611061
3.37 0.00403562 -0.00468544 0.00618382
3.38 0.00376026 -0.00500161 0.00625745
3.39 0.00345911 -0.00530337 0.00633176
3.4 0.00313375 -0.00558841 0.00640708
3.41 0.0027854 -0.00585579 0.0064845
3.42 0.00241438 -0.00610334 0.00656354
3.43 0.00202248 -0.0063287 0.00664401
3.44 0.0016103 -0.00653118 0.00672676
3.45 0.00117995 -0.00670934 0.00681231
3.46 0.000732737 -0.0068605 0.00689952
3.47 0.000269984 -0.00698444 0.00698965
3.48 -0.000205362 -0.00707958 0.00708256
3.49 -0.000692189 -0.00714475 0.0071782
3.5 -0.00118842 -0.0071782 0.00727591
3.51 -0.00169156 -0.00717969 0.00737627
3.52 -0.0022004 -0.00714859 0.00747958
3.53 -0.00271156 -0.00708347 0.00758473
3.54 -0.00322341 -0.00698371 0.00769172
3.55 -0.00373344 -0.00684999 0.00780135
3.56 -0.00423847 -0.00668087 0.00791194
3.57 -0.00473685 -0.00647629 0.00802372
3.58 -0.0052257 -0.00623653 0.00813648
3.59 -0.00570276 -0.00596224 0.00825044
3.6 -0.00616581 -0.00565278 0.00836487
3.61 -0.00661139 -0.00530922 0.00847929
3.62 -0.00703836 -0.00493224 0.0085945
3.63 -0.00744324 -0.00452289 0.00870967
3.64 -0.00782336 -0.00408119 0.0088239
3.65 -0.00817753 -0.00360928 0.00893861
3.66 -0.00850268 -0.00310864 0.00905313
3.67 -0.008797 -0.00258038 0.00916764
3.68 -0.00905812 -0.00202626 0.00928199
3.69 -0.00928421 -0.00144893 0.00939659
3.7 -0.00947362 -0.000849523 0.00951164
3.71 -0.00962338 -0.000230629 0.00962615
3.72 -0.00973275 0.000405842 0.00974121
3.73 -0.00980084 0.00105677 0.00985765
3.74 -0.00982483 0.00171974 0.00997421
3.75 -0.00980475 0.00239238 0.0100924
3.76 -0.00973927 0.00307108 0.010212
3.77 -0.0096278 0.00375333 0.0103335
3.78 -0.00946902 0.00443654 0.0104568
3.79 -0.00926293 0.00511687 0.0105823
3.8 -0.00900995 0.00579198 0.010711
3.81 -0.00870948 0.00645771 0.0108424
3.82 -0.00836123 0.00711096 0.0109762
3.83 -0.00796713 0.00774886 0.011114
3.84 -0.00752672 0.00836712 0.0112543
3.85 -0.00704087 0.00896339 0.0113981
3.86 -0.00651086 0.00953405 0.0115451
3.87 -0.00593854 0.0100758 0.0116957
3.88 -0.00532481 0.0105859 0.0118497
3.89 -0.00467146 0.01106 0.0120061
3.9 -0.00398075 0.0114962 0.0121659
3.91 -0.00325528 0.0118911 0.0123286
3.92 -0.00249637 0.0122411 0.012493
3.93 -0.00170754 0.0125449 0.0126605
3.94 -0.00089175 0.0127992 0.0128302
3.95 -5.18063e-05 0.0130017 0.0130018
3.96 0.000809534 0.0131501 0.013175
3.97 0.00168797 0.0132421 0.0133493
3.98 0.0025808 0.0132767 0.0135252
3.99 0.00348395 0.0132511 0.0137014
4 0.00439408 0.0131644 0.0138784
4.01 0.00530653 0.0130167 0.0140568
4.02 0.00621758 0.0128056 0.0142352
4.03 0.00712333 0.0125311 0.0144143
4.04 0.00801949 0.0121931 0.014594
4.05 0.00890158 0.0117915 0.0147742
4.06 0.00976616 0.0113263 0.0149554
4.07 0.0106079 0.0107979 0.0151368
4.08 0.0114234 0.0102082 0.01532
4.09 0.0122075 0.00955799 0.0155042
4.1 0.0129561 0.00884765 0.0156889
4.11 0.0136655 0.00808065 0.0158759
4.12 0.0143311 0.00725816 0.0160643
4.13 0.0149493 0.00638248 0.0162548
4.14 0.0155161 0.00545638 0.0164476
4.15 0.0160275 0.00448347 0.0166428
4.16 0.0164803 0.00346656 0.0168409
4.17 0.0168701 0.00240904 0.0170412
4.18 0.0171944 0.00131483 0.0172446
4.19 0.0174509 0.000188738 0.0174519
4.2 0.0176353 -0.00096609 0.0176617
4.21 0.0177465 -0.00214445 0.0178756
4.22 0.0177819 -0.00334135 0.0180931
4.23 0.0177391 -0.00455198 0.0183139
4.24 0.0176166 -0.0057717 0.018538
4.25 0.0174128 -0.00699456 0.0187651
4.26 0.0171274 -0.00821556 0.0189959
4.27 0.0167592 -0.00942889 0.0192296
4.28 0.0163075 -0.0106293 0.0194657
4.29 0.015774 -0.0118106 0.0197056
4.3 0.0151573 -0.0129672 0.0199473
4.31 0.0144587 -0.0140937 0.0201912
4.32 0.0136796 -0.0151843 0.0204376
4.33 0.0128215 -0.0162329 0.0206857
4.34 0.0118864 -0.0172346 0.0209361
4.35 0.0108763 -0.0181829 0.0211875
4.36 0.00979461 -0.019073 0.0214409
4.37 0.00864472 -0.0198993 0.0216959
4.38 0.00742843 -0.0206563 0.0219514
4.39 0.00615124 -0.0213399 0.0222087
4.4 0.00481685 -0.0219451 0.0224675
4.41 0.00342963 -0.022467 0.0227273
4.42 0.00199446 -0.022902 0.0229887
4.43 0.000517139 -0.0232456 0.0232513
4.44 -0.000997151 -0.0234948 0.023516
4.45 -0.00254265 -0.0236457 0.023782
4.46 -0.00411356 -0.0236958 0.0240502
4.47 -0.00570245 -0.0236437 0.0243217
4.48 -0.00730375 -0.0234859 0.0245953
4.49 -0.00891027 -0.0232213 0.0248721
4.5 -0.0105149 -0.0228491 0.0251524
4.51 -0.0121104 -0.0223679 0.0254359
4.52 -0.01369 -0.0217776 0.0257231
4.53 -0.015246 -0.0210782 0.026014
4.54 -0.0167711 -0.0202712 0.0263095
4.55 -0.0182576 -0.0193575 0.0266093
4.56 -0.0196984 -0.0183376 0.0269128
4.57 -0.0210862 -0.0172158 0.0272215
4.58 -0.0224133 -0.0159931 0.0275343
4.59 -0.0236728 -0.0146728 0.0278513
4.6 -0.0248578 -0.0132591 0.028173
4.61 -0.0259611 -0.0117563 0.0284989
4.62 -0.0269762 -0.010169 0.0288293
4.63 -0.0278962 -0.00850205 0.029163
4.64 -0.0287153 -0.00676107 0.0295005
4.65 -0.0294281 -0.00495296 0.029842
4.66 -0.030028 -0.0030824 0.0301858
4.67 -0.0305111 -0.00115746 0.030533
4.68 -0.0308725 0.000814613 0.0308832
4.69 -0.0311073 0.00282654 0.0312354
4.7 -0.0312121 0.00487051 0.0315898
4.71 -0.0311834 0.00693794 0.0319459
4.72 -0.0310192 0.00902075 0.0323043
4.73 -0.0307168 0.0111099 0.0326642
4.74 -0.0302742 0.0131972 0.0330256
4.75 -0.0296921 0.0152724 0.0333896
4.76 -0.0289682 0.017327 0.0337547
4.77 -0.0281028 0.0193515 0.0341211
4.78 -0.0270977 0.0213367 0.0344897
4.79 -0.0259535 0.0232727 0.0348598
4.8 -0.0246727 0.0251508 0.0352321
4.81 -0.0232577 0.0269609 0.0356063
4.82 -0.0217123 0.0286946 0.0359833
4.83 -0.0200409 0.0303421 0.0363632
4.84 -0.0182464 0.0318947 0.0367451
4.85 -0.0163358 0.0333441 0.0371307
4.86 -0.0143145 0.034682 0.03752
4.87 -0.0121885 0.0358997 0.0379124
4.88 -0.00996545 0.0369902 0.0383091
4.89 -0.00765326 0.0379457 0.0387098
4.9 -0.00525985 0.0387596 0.0391149
4.91 -0.002794 0.0394251 0.0395239
4.92 -0.000264254 0.0399365 0.0399373
4.93 0.00231842 0.0402895 0.0403561
4.94 0.00494527 0.0404778 0.0407787
4.95 0.00760516 0.0404979 0.0412058
4.96 0.0102872 0.0403467 0.0416375
4.97 0.0129804 0.0400206 0.042073
4.98 0.0156736 0.0395177 0.0425125
4.99 0.0183551 0.0388368 0.0429559
5 0.0210135 0.0379775 0.0434035
5.01 0.0236363 0.0369401 0.0438548
5.02 0.0262121 0.035724 0.0443089
5.03 0.0287287 0.034333 0.0447671
5.04 0.0311741 0.0327681 0.045228
5.05 0.0335363 0.0310322 0.0456912
5.06 0.0358042 0.0291304 0.0461576
5.07 0.0379658 0.0270673 0.0466266
5.08 0.0400101 0.0248483 0.0470982
5.09 0.0419255 0.0224799 0.047572
5.1 0.0437022 0.0199689 0.0480483
5.11 0.0453299 0.0173243 0.0485276
5.12 0.0467981 0.0145528 0.0490086
5.13 0.0480985 0.0116652 0.0494928
5.14 0.0492225 0.00867149 0.0499805
5.15 0.0501611 0.00558194 0.0504707
5.16 0.0509074 0.00240804 0.0509643
5.17 0.0514544 -0.000838136 0.0514613
5.18 0.0517967 -0.0041448 0.0519622
5.19 0.0519283 -0.0074983 0.0524669
5.2 0.0518446 -0.0108865 0.0529753
5.21 0.0515435 -0.0142944 0.0534889
5.22 0.0510206 -0.0177088 0.0540065
5.23 0.0502739 -0.0211149 0.054528
5.24 0.0493036 -0.0244985 0.0550547
5.25 0.048109 -0.0278449 0.055586
5.26 0.046691 -0.0311393 0.0561222
5.27 0.0450518 -0.0343666 0.0566633
5.28 0.0431943 -0.0375126 0.0572096
5.29 0.0411229 -0.0405618 0.0577612
5.3 0.0388405 -0.0434997 0.0583164
5.31 0.0363546 -0.0463123 0.0588769
5.32 0.0336715 -0.0489856 0.0594421
5.33 0.0307985 -0.051505 0.0600109
5.34 0.0277447 -0.0538578 0.060584
5.35 0.0245198 -0.0560311 0.0611613
5.36 0.0211336 -0.0580124 0.0617419
5.37 0.0175981 -0.0597897 0.0623257
5.38 0.0139241 -0.0613522 0.0629124
5.39 0.0101259 -0.0626906 0.0635031
5.4 0.00621627 -0.0637935 0.0640957
5.41 0.0022099 -0.0646531 0.0646909
5.42 -0.00187815 -0.0652621 0.0652891
5.43 -0.00603242 -0.0656124 0.0658891
5.44 -0.0102368 -0.0656984 0.0664911
5.45 -0.0144748 -0.0655156 0.0670955
5.46 -0.0187298 -0.0650599 0.0677023
5.47 -0.0229837 -0.0643289 0.0683115
5.48 -0.0272193 -0.0633196 0.0689221
5.49 -0.0314189 -0.062033 0.0695359
5.5 -0.0355643 -0.0604687 0.0701519
5.51 -0.0396371 -0.0586281 0.0707698
5.52 -0.0436202 -0.0565153 0.0713911
5.53 -0.047495 -0.054134 0.0720158
5.54 -0.0512438 -0.0514895 0.0726436
5.55 -0.0548485 -0.0485889 0.0732751
5.56 -0.0582927 -0.0454386 0.0739101
5.57 -0.0615593 -0.0420491 0.0745498
5.58 -0.0646311 -0.0384288 0.0751928
5.59 -0.0674929 -0.0345899 0.0758403
5.6 -0.07013 -0.0305445 0.076493
5.61 -0.0725263 -0.0263059 0.0771497
5.62 -0.0746688 -0.0218883 0.0778109
5.63 -0.0765447 -0.017307 0.0784769
5.64 -0.0781418 -0.0125775 0.0791475
5.65 -0.079449 -0.0077181 0.079823
5.66 -0.0804557 -0.00274527 0.0805025
5.67 -0.0811544 0.00232175 0.0811876
5.68 -0.0815357 0.00746351 0.0818766
5.69 -0.0815931 0.0126601 0.0825694
5.7 -0.0813219 0.0178918 0.0832668
5.71 -0.0807174 0.0231374 0.0839681
5.72 -0.0797767 0.0283755 0.0846729
5.73 -0.0784991 0.0335847 0.0853817
5.74 -0.0768832 0.0387438 0.0860936
5.75 -0.0749316 0.0438304 0.0868093
5.76 -0.0726453 0.0488224 0.0875269
5.77 -0.0700293 0.053699 0.0882478
5.78 -0.0670891 0.0584384 0.0889718
5.79 -0.0638313 0.0630184 0.0896981
5.8 -0.0602647 0.0674187 0.0904274
5.81 -0.056399 0.0716189 0.0911598
5.82 -0.0522447 0.0755984 0.0918946
5.83 -0.0478152 0.0793378 0.0926325
5.84 -0.0431228 0.0828183 0.0933726
5.85 -0.0381836 0.0860229 0.0941166
5.86 -0.0330138 0.0889331 0.0948631
5.87 -0.0276309 0.0915331 0.0956127
5.88 -0.0220529 0.0938085 0.0963658
5.89 -0.0163001 0.0957444 0.097122
5.9 -0.0103927 0.0973281 0.0978814
5.91 -0.00435235 0.0985489 0.098645
5.92 0.00179928 0.0993956 0.0994119
5.93 0.00803767 0.0998605 0.100183
5.94 0.0143395 0.0999346 0.100958
5.95 0.0206808 0.0996131 0.101737
5.96 0.0270362 0.0988911 0.10252
5.97 0.0333797 0.0977656 0.103307
5.98 0.0396867 0.0962356 0.104098
5.99 0.045931 0.0943016 0.104893
6 0.0520862 0.0919652 0.105691
6.01 0.0581265 0.0892308 0.106493
6.02 0.0640261 0.0861018 0.107298
6.03 0.0697598 0.0825868 0.108106
6.04 0.0753014 0.0786938 0.108917
6.05 0.0806266 0.0744329 0.109731
6.06 0.0857116 0.0698161 0.110548
6.07 0.0905315 0.0648574 0.111366
6.08 0.0950639 0.0595714 0.112187
6.09 0.0992871 0.0539743 0.11301
6.1 0.103179 0.0480838 0.113833
6.11 0.106722 0.0419206 0.11466
6.12 0.109894 0.0355043 0.115487
6.13 0.112679 0.0288569 0.116315
6.14 0.115061 0.0220025 0.117146
6.15 0.117024 0.0149653 0.117977
6.16 0.118555 0.0077698 0.118809
6.17 0.119643 0.000442908 0.119643
6.18 0.120276 -0.00698771 0.120479
6.19 0.120449 -0.0144946 0.121318
6.2 0.120151 -0.0220489 0.122157
6.21 0.11938 -0.0296216 0.123
6.22 0.118131 -0.0371822 0.123844
6.23 0.116403 -0.0447016 0.124692
6.24 0.114198 -0.0521496 0.125542
6.25 0.111518 -0.0594949 0.126396
6.26 0.108367 -0.0667078 0.127253
6.27 0.104751 -0.0737583 0.128114
6.28 0.100679 -0.0806159 0.128978
6.29 0.0961621 -0.0872521 0.129846
6.3 0.0912102 -0.0936367 0.130718
6.31 0.0858383 -0.0997428 0.131593
6.32 0.0800631 -0.105542 0.132473
6.33 0.0739018 -0.111007 0.133357
6.34 0.0673729 -0.116114 0.134244
6.35 0.0604986 -0.120836 0.135135
6.36 0.0533011 -0.125152 0.136029
6.37 0.0458045 -0.129039 0.136927
6.38 0.0380346 -0.132476 0.137828
6.39 0.0300184 -0.135445 0.138732
6.4 0.0217849 -0.137928 0.139638
6.41 0.0133625 -0.139909 0.140546
6.42 0.00478225 -0.141375 0.141456
6.43 -0.00392394 -0.142313 0.142367
6.44 -0.0127242 -0.142714 0.14328
6.45 -0.0215853 -0.14257 0.144195
6.46 -0.0304729 -0.141874 0.14511
6.47 -0.0393537 -0.140624 0.146027
6.48 -0.0481918 -0.138817 0.146944
6.49 -0.0569538 -0.136453 0.147862
6.5 -0.065604 -0.133536 0.148781
6.51 -0.0741074 -0.13007 0.1497
6.52 -0.0824294 -0.126063 0.15062
6.53 -0.0905358 -0.121524 0.151541
6.54 -0.0983924 -0.116465 0.152463
6.55 -0.105966 -0.110898 0.153386
6.56 -0.113225 -0.10484 0.154309
6.57 -0.120137 -0.0983087 0.155234
6.58 -0.126671 -0.091325 0.15616
6.59 -0.132798 -0.0839097 0.157086
6.6 -0.13849 -0.0760874 0.158015
6.61 -0.143719 -0.0678839 0.158945
6.62 -0.148462 -0.0593264 0.159876
6.63 -0.152693 -0.050444 0.160809
6.64 -0.156391 -0.0412682 0.161744
6.65 -0.159537 -0.0318301 0.162681
6.66 -0.162111 -0.0221649 0.163619
6.67 -0.164097 -0.0123054 0.164558
6.68 -0.165483 -0.00228865 0.165499
6.69 -0.166255 0.00784857 0.16644
6.7 -0.166404 0.0180689 0.167383
6.71 -0.165924 0.0283339 0.168326
6.72 -0.16481 0.0386041 0.169271
6.73 -0.163058 0.0488407 0.170216
6.74 -0.160669 0.0590035 0.171161
6.75 -0.157646 0.0690545 0.172107
6.76 -0.153993 0.0789518 0.173053
6.77 -0.149718 0.0886571 0.173999
6.78 -0.144832 0.0981315 0.174946
6.79 -0.139346 0.107336 0.175892
6.8 -0.133274 0.116232 0.176839
6.81 -0.126636 0.124783 0.177785
6.82 -0.119449 0.132955 0.178732
6.83 -0.111736 0.14071 0.179678
6.84 -0.103523 0.148016 0.180626
6.85 -0.0948325 0.154841 0.181573
6.86 -0.085696 0.161153 0.182522
6.87 -0.076143 0.166924 0.18347
6.88 -0.0662055 0.172126 0.18442
6.89 -0.0559176 0.176736 0.185371
6.9 -0.0453159 0.180728 0.186323
6.91 -0.0344369 0.184083 0.187277
6.92 -0.0233198 0.186782 0.188232
6.93 -0.0120032 0.188807 0.189188
6.94 -0.000530131 0.190146 0.190147
6.95 0.0110589 0.190786 0.191106
6.96 0.0227212 0.190719 0.192067
6.97 0.0344119 0.189938 0.193031
6.98 0.0460876 0.188441 0.193995
6.99 0.0577044 0.186226 0.194961
7 0.0692176 0.183294 0.195928
7.01 0.0805828 0.179651 0.196896
7.02 0.0917555 0.175304 0.197865
7.03 0.102692 0.170263 0.198834
7.04 0.11335 0.16454 0.199804
7.05 0.123684 0.158153 0.200773
7.06 0.133654 0.151117 0.201741
7.07 0.14322 0.143454 0.202709
7.08 0.152341 0.135188 0.203675
7.09 0.16098 0.126344 0.204639
7.1 0.169099 0.116951 0.205602
7.11 0.176665 0.107038 0.206562
7.12 0.183644 0.0966402 0.20752
7.13 0.190005 0.0857901 0.208475
7.14 0.195718 0.0745253 0.209427
7.15 0.200758 0.0628853 0.210376
7.16 0.205099 0.0509101 0.211323
7.17 0.20872 0.0386413 0.212266
7.18 0.211601 0.026123 0.213207
7.19 0.213725 0.0133993 0.214144
7.2 0.215079 0.00051643 0.21508
7.21 0.21565 -0.0124793 0.216011
7.22 0.215432 -0.0255402 0.216941
7.23 0.214418 -0.0386174 0.217868
7.24 0.212606 -0.0516631 0.218793
7.25 0.209996 -0.0646278 0.219716
7.26 0.206592 -0.0774632 0.220637
7.27 0.202401 -0.0901202 0.221557
7.28 0.197431 -0.102551 0.222477
7.29 0.191697 -0.114706 0.223394
7.3 0.185213 -0.12654 0.224313
7.31 0.177996 -0.138005 0.225229
7.32 0.17007 -0.149056 0.226145
7.33 0.161457 -0.15965 0.22706
7.34 0.152185 -0.169743 0.227975
7.35 0.142283 -0.179294 0.22889
7.36 0.131783 -0.188264 0.229805
7.37 0.12072 -0.196617 0.230719
7.38 0.109131 -0.204315 0.231634
7.39 0.0970534 -0.211326 0.232547
7.4 0.0845292 -0.217621 0.233461
7.41 0.0716022 -0.22317 0.234375
7.42 0.0583164 -0.227946 0.235287
7.43 0.0447186 -0.231928 0.2362
7.44 0.0308564 -0.235095 0.237112
7.45 0.0167795 -0.23743 0.238022
7.46 0.00253745 -0.238919 0.238933
7.47 -0.0118183 -0.23955 0.239841
7.48 -0.0262363 -0.239316 0.24075
7.49 -0.0406623 -0.238211 0.241657
7.5 -0.0550454 -0.236234 0.242562
7.51 -0.069332 -0.233386 0.243467
7.52 -0.0834685 -0.229672 0.244369
7.53 -0.0974027 -0.225101 0.245271
7.54 -0.111083 -0.219683 0.246171
7.55 -0.124456 -0.213433 0.247069
7.56 -0.137472 -0.206369 0.247965
7.57 -0.150081 -0.198511 0.248859
7.58 -0.162235 -0.189883 0.249751
7.59 -0.173885 -0.180512 0.25064
7.6 -0.184987 -0.170427 0.251527
7.61 -0.195498 -0.159662 0.252411
7.62 -0.205373 -0.148251 0.253292
7.63 -0.214575 -0.136233 0.254169
7.64 -0.223065 -0.123646 0.255042
7.65 -0.230809 -0.110535 0.255911
7.66 -0.237774 -0.096942 0.256776
7.67 -0.243929 -0.0829165 0.257637
7.68 -0.249249 -0.0685048 0.258491
7.69 -0.253708 -0.053758 0.259341
7.7 -0.257285 -0.0387281 0.260184
7.71 -0.259963 -0.0234674 0.26102
7.72 -0.261727 -0.00802953 0.26185
7.73 -0.262565 0.00752953 0.262672
7.74 -0.262469 0.0231549 0.263488
7.75 -0.261434 0.0387896 0.264296
7.76 -0.259459 0.0543784 0.265096
7.77 -0.256546 0.069864 0.265889
7.78 -0.2527 0.0851897 0.266673
7.79 -0.247931 0.1003 0.267451
7.8 -0.24225 0.115139 0.26822
7.81 -0.235675 0.129652 0.268984
7.82 -0.228222 0.143784 0.26974
7.83 -0.219916 0.157484 0.270489
7.84 -0.210781 0.170699 0.271232
7.85 -0.200847 0.183381 0.271971
7.86 -0.190144 0.195479 0.272703
7.87 -0.178708 0.20695 0.273432
7.88 -0.166577 0.217748 0.274157
7.89 -0.15379 0.227831 0.274879
7.9 -0.14039 0.23716 0.275597
7.91 -0.126422 0.245698 0.276315
7.92 -0.111934 0.253411 0.277032
7.93 -0.0969766 0.260268 0.277748
7.94 -0.081599 0.26624 0.278464
7.95 -0.0658553 0.271302 0.27918
7.96 -0.0498005 0.275431 0.279897
7.97 -0.0334897 0.278609 0.280615
7.98 -0.0169807 0.280821 0.281334
7.99 -0.000331038 0.282055 0.282055
8 0.0163997 0.282301 0.282777
8.01 0.0331527 0.281555 0.2835
8.02 0.049869 0.279816 0.284225
8.03 0.0664886 0.277085 0.284951
8.04 0.0829513 0.273369 0.285677
8.05 0.0991995 0.268677 0.286405
8.06 0.115173 0.263021 0.287132
8.07 0.130815 0.256418 0.287859
8.08 0.146068 0.248887 0.288584
8.09 0.160878 0.240453 0.289308
8.1 0.175189 0.23114 0.290029
8.11 0.18895 0.22098 0.290747
8.12 0.202109 0.210004 0.291461
8.13 0.214619 0.198249 0.292171
8.14 0.226431 0.185755 0.292875
8.15 0.237503 0.17256 0.293573
8.16 0.247793 0.158712 0.294264
8.17 0.257263 0.144255 0.294947
8.18 0.265874 0.12924 0.295621
8.19 0.273596 0.113717 0.296287
8.2 0.280396 0.0977393 0.296943
8.21 0.28625 0.0813618 0.297588
8.22 0.291132 0.0646415 0.298222
8.23 0.295022 0.0476345 0.298843
8.24 0.297905 0.0304014 0.299453
8.25 0.299767 0.0130018 0.300049
8.26 0.300597 -0.00450367 0.300631
8.27 0.300391 -0.0220543 0.301199
8.28 0.299145 -0.0395878 0.301753
8.29 0.296862 -0.0570438 0.302293
8.3 0.293545 -0.0743594 0.302817
8.31 0.289204 -0.0914749 0.303326
8.32 0.283852 -0.108329 0.303821
8.33 0.277503 -0.124862 0.3043
8.34 0.270178 -0.141015 0.304764
8.35 0.261899 -0.156731 0.305214
8.36 0.252693 -0.171954 0.30565
8.37 0.242589 -0.18663 0.306072
8.38 0.231621 -0.200705 0.306481
8.39 0.219823 -0.21413 0.306878
8.4 0.207236 -0.226857 0.307264
8.41 0.193901 -0.238838 0.307638
8.42 0.179862 -0.250033 0.308005
8.43 0.165167 -0.260399 0.308363
8.44 0.149865 -0.269898 0.308714
8.45 0.134007 -0.278496 0.30906
8.46 0.117649 -0.286162 0.309403
8.47 0.100843 -0.292867 0.309742
8.48 0.0836497 -0.298585 0.310081
8.49 0.0661253 -0.303295 0.31042
8.5 0.0483302 -0.306981 0.310762
8.51 0.0303264 -0.309625 0.311106
8.52 0.0121743 -0.311218 0.311456
8.53 -0.00606329 -0.311751 0.31181
8.54 -0.0243243 -0.311223 0.312173
8.55 -0.0425448 -0.309633 0.312543
8.56 -0.0606623 -0.306986 0.312922
8.57 -0.0786151 -0.303287 0.31331
8.58 -0.0963403 -0.29855 0.313709
8.59 -0.113776 -0.292788 0.314118
8.6 -0.130864 -0.28602 0.314536
8.61 -0.147544 -0.278269 0.314964
8.62 -0.163758 -0.269559 0.315402
8.63 -0.179449 -0.259919 0.315848
8.64 -0.194564 -0.249382 0.316301
8.65 -0.20905 -0.237982 0.316761
8.66 -0.222857 -0.225759 0.317226
8.67 -0.235936 -0.212751 0.317693
8.68 -0.248243 -0.199004 0.318162
8.69 -0.259733 -0.184566 0.318631
8.7 -0.270369 -0.169482 0.319098
8.71 -0.28011 -0.153805 0.319559
8.72 -0.288925 -0.137589 0.320013
8.73 -0.296782 -0.120887 0.320458
8.74 -0.303654 -0.103758 0.320891
8.75 -0.309515 -0.0862579 0.32131
8.76 -0.314347 -0.0684475 0.321712
8.77 -0.318131 -0.0503878 0.322096
8.78 -0.320853 -0.0321385 0.322458
8.79 -0.322504 -0.0137631 0.322798
8.8 -0.323078 0.00467679 0.323112
8.81 -0.322573 0.0231175 0.323401
8.82 -0.320989 0.0414967 0.32366
8.83 -0.318331 0.0597516 0.323891
8.84 -0.314609 0.0778208 0.324091
8.85 -0.309833 0.0956415 0.324259
8.86 -0.30402 0.113155 0.324395
8.87 -0.297189 0.1303 0.324499
8.88 -0.289363 0.147019 0.32457
8.89 -0.280568 0.163256 0.324609
8.9 -0.270833 0.178954 0.324616
8.91 -0.260192 0.194062 0.324592
8.92 -0.248679 0.208528 0.324538
8.93 -0.236333 0.222302 0.324456
8.94 -0.223196 0.23534 0.324348
8.95 -0.209313 0.247596 0.324216
8.96 -0.194729 0.259029 0.324061
8.97 -0.179494 0.269601 0.323887
8.98 -0.163658 0.279276 0.323696
8.99 -0.147274 0.288023 0.323491
9 -0.130398 0.295811 0.323277
9.01 -0.113087 0.302615 0.323055
9.02 -0.0953963 0.308413 0.32283
9.03 -0.0773878 0.313185 0.322605
9.04 -0.0591198 0.316916 0.322384
9.05 -0.0406532 0.319595 0.322171
9.06 -0.022051 0.321213 0.321969
9.07 -0.00337387 0.321765 0.321783
9.08 0.0153154 0.32125 0.321615
9.09 0.0339554 0.31967 0.321469
9.1 0.0524837 0.317033 0.321347
9.11 0.0708392 0.313347 0.321254
9.12 0.0889614 0.308625 0.321191
9.13 0.106791 0.302886 0.321161
9.14 0.124267 0.29615 0.321165
9.15 0.141334 0.288438 0.321204
9.16 0.157936 0.279779 0.321278
9.17 0.174018 0.270202 0.32139
9.18 0.189528 0.259741 0.321537
9.19 0.204415 0.248432 0.32172
9.2 0.21863 0.236313 0.321936
9.21 0.232128 0.223426 0.322184
9.22 0.244864 0.209816 0.322461
9.23 0.256799 0.195527 0.322764
9.24 0.267893 0.180611 0.32309
9.25 0.278112 0.165115 0.323433
9.26 0.287421 0.149094 0.32379
9.27 0.295793 0.1326 0.324155
9.28 0.303201 0.115691 0.324523
9.29 0.309622 0.0984217 0.324889
9.3 0.315037 0.0808513 0.325246
9.31 0.319429 0.0630376 0.325589
9.32 0.322786 0.0450415 0.325913
9.33 0.325097 0.0269221 0.326209
9.34 0.326357 0.00874012 0.326475
9.35 0.326564 -0.00944503 0.326701
9.36 0.32572 -0.0275723 0.326885
9.37 0.323827 -0.0455816 0.327019
9.38 0.320894 -0.0634142 0.3271
9.39 0.316933 -0.0810116 0.327123
9.4 0.311959 -0.098315 0.327085
9.41 0.305989 -0.115269 0.32698
9.42 0.299044 -0.131819 0.326808
9.43 0.291149 -0.14791 0.326566
9.44 0.282333 -0.163491 0.326253
9.45 0.272624 -0.17851 0.325867
9.46 0.262056 -0.192921 0.32541
9.47 0.250665 -0.206676 0.324882
9.48 0.238491 -0.219733 0.324284
9.49 0.225572 -0.232049 0.323619
9.5 0.211955 -0.243586 0.322892
9.51 0.197683 -0.254308 0.322104
9.52 0.182804 -0.264182 0.321263
9.53 0.167367 -0.273177 0.320371
9.54 0.151423 -0.281267 0.319437
9.55 0.135025 -0.288426 0.318467
9.56 0.118226 -0.294633 0.317468
9.57 0.101081 -0.299872 0.31645
9.58 0.0836461 -0.304127 0.315421
9.59 0.0659783 -0.307387 0.314388
9.6 0.0481334 -0.309643 0.313362
9.61 0.0301703 -0.310892 0.312353
9.62 0.012145 -0.311133 0.31137
9.63 -0.00588293 -0.310366 0.310422
9.64 -0.0238574 -0.308597 0.309518
9.65 -0.0417213 -0.305836 0.308668
9.66 -0.0594178 -0.302093 0.307881
9.67 -0.0768909 -0.297384 0.307164
9.68 -0.094087 -0.291728 0.306525
9.69 -0.110951 -0.285146 0.305972
9.7 -0.127432 -0.277662 0.305508
9.71 -0.143477 -0.269304 0.30514
9.72 -0.159038 -0.2601 0.304869
9.73 -0.174067 -0.250085 0.3047
9.74 -0.188519 -0.239294 0.304632
9.75 -0.202348 -0.227763 0.304665
9.76 -0.215515 -0.215534 0.304798
9.77 -0.227979 -0.202648 0.305026
9.78 -0.239703 -0.189149 0.305344
9.79 -0.250654 -0.175085 0.305748
9.8 -0.260798 -0.1605 0.306229
9.81 -0.270109 -0.145447 0.306779
9.82 -0.278557 -0.129975 0.307388
9.83 -0.28612 -0.114136 0.308045
9.84 -0.292779 -0.0979828 0.308739
9.85 -0.298513 -0.0815692 0.309457
9.86 -0.30331 -0.0649488 0.310185
9.87 -0.307157 -0.0481773 0.310912
9.88 -0.310045 -0.0313096 0.311622
9.89 -0.311969 -0.0144006 0.312302
9.9 -0.312926 0.00249443 0.312936
9.91 -0.312917 0.0193217 0.313513
9.92 -0.311945 0.0360262 0.314019
9.93 -0.310017 0.0525541 0.31444
9.94 -0.307142 0.0688527 0.314765
9.95 -0.303333 0.0848705 0.314982
9.96 -0.298604 0.100556 0.315081
9.97 -0.292975 0.11586 0.315052
9.98 -0.286465 0.130734 0.314887
9.99 -0.279098 0.145134 0.314579
10 -0.270901 0.159012 0.314122
10.01 -0.261901 0.172327 0.313511
10.02 -0.252129 0.185039 0.312744
10.03 -0.241619 0.197107 0.311819
10.04 -0.230405 0.208497 0.310737
10.05 -0.218525 0.219174 0.3095
10.06 -0.206018 0.229107 0.308112
10.07 -0.192924 0.238267 0.306579
10.08 -0.179288 0.246627 0.304908
10.09 -0.16515 0.254163 0.303107
10.1 -0.150558 0.260857 0.301188
10.11 -0.135558 0.266689 0.299164
10.12 -0.120198 0.271644 0.297049
10.13 -0.104524 0.27571 0.294858
10.14 -0.0885881 0.278877 0.29261
10.15 -0.0724373 0.28114 0.290322
10.16 -0.0561228 0.282495 0.288016
10.17 -0.0396937 0.282942 0.285713
10.18 -0.0232013 0.282484 0.283435
10.19 -0.00669566 0.281126 0.281206
10.2 0.00977391 0.278876 0.279047
10.21 0.0261576 0.275745 0.276983
10.22 0.0424064 0.271749 0.275038
10.23 0.0584721 0.266903 0.273233
10.24 0.0743069 0.261228 0.271591
10.25 0.0898645 0.254745 0.270131
10.26 0.1051 0.24748 0.268872
10.27 0.119967 0.239458 0.267828
10.28 0.134426 0.230709 0.267015
10.29 0.148434 0.221265 0.266441
10.3 0.161951 0.211161 0.266115
10.31 0.174939 0.20043 0.266038
10.32 0.187364 0.189112 0.266212
10.33 0.199188 0.177246 0.266631
10.34 0.210382 0.164872 0.267289
10.35 0.220914 0.152032 0.268173
10.36 0.230757 0.138771 0.26927
10.37 0.239885 0.125134 0.270561
10.38 0.248273 0.111167 0.272025
10.39 0.255901 0.0969158 0.273638
10.4 0.26275 0.0824276 0.275376
10.41 0.268803 0.0677516 0.27721
10.42 0.274047 0.0529352 0.279113
10.43 0.27847 0.038028 0.281055
10.44 0.282063 0.0230773 0.283006
10.45 0.28482 0.00813387 0.284936
10.46 0.286736 -0.00675601 0.286816
10.47 0.28781 -0.021544 0.288616
10.48 0.288044 -0.0361822 0.290307
10.49 0.28744 -0.050624 0.291864
10.5 0.286004 -0.064824 0.293258
10.51 0.283745 -0.0787366 0.294466
10.52 0.280672 -0.0923195 0.295465
10.53 0.2768 -0.105529 0.296234
10.54 0.272141 -0.118325 0.296752
10.55 0.266716 -0.130669 0.297005
10.56 0.260543 -0.142522 0.296977
10.57 0.253643 -0.153848 0.296654
10.58 0.246039 -0.164613 0.296028
10.59 0.237758 -0.174787 0.295092
10.6 0.228825 -0.184338 0.293839
10.61 0.219271 -0.19324 0.292269
10.62 0.209125 -0.201465 0.290381
10.63 0.19842 -0.208992 0.288181
10.64 0.187189 -0.215798 0.285672
10.65 0.175466 -0.221868 0.282867
10.66 0.163287 -0.227183 0.279777
10.67 0.15069 -0.231733 0.276419
10.68 0.137712 -0.235504 0.272813
10.69 0.124391 -0.238491 0.268981
10.7 0.110768 -0.240685 0.26495
10.71 0.0968814 -0.242087 0.260753
10.72 0.082774 -0.242694 0.256421
10.73 0.0684846 -0.24251 0.251994
10.74 0.054056 -0.241539 0.247514
10.75 0.0395291 -0.239788 0.243025
10.76 0.0249451 -0.237269 0.238576
10.77 0.0103447 -0.233992 0.23422
10.78 -0.00423024 -0.229973 0.230012
10.79 -0.0187402 -0.22523 0.226008
10.8 -0.0331429 -0.219781 0.222266
10.81 -0.0474008 -0.213648 0.218843
10.82 -0.0614737 -0.206856 0.215798
10.83 -0.0753235 -0.19943 0.213181
10.84 -0.0889132 -0.191399 0.211043
10.85 -0.102206 -0.182791 0.209425
10.86 -0.115167 -0.17364 0.208361
10.87 -0.127762 -0.163977 0.207874
10.88 -0.139956 -0.153838 0.207976
10.89 -0.15172 -0.143257 0.208666
10.9 -0.163023 -0.132275 0.209936
10.91 -0.173835 -0.120928 0.211759
10.92 -0.18413 -0.109256 0.214104
10.93 -0.193882 -0.0972994 0.216927
10.94 -0.203066 -0.0851004 0.220177
10.95 -0.211661 -0.0727005 0.223798
10.96 -0.219645 -0.0601418 0.22773
10.97 -0.227001 -0.0474668 0.231911
10.98 -0.233711 -0.0347201 0.236276
10.99 -0.239759 -0.0219436 0.240761
11 -0.245133 -0.0091795 0.245304
11.01 -0.24982 0.00352788 0.249845
11.02 -0.253811 0.0161375 0.254324
11.03 -0.257099 0.0286067 0.258686
11.04 -0.259678 0.040895 0.262879
11.05 -0.261545 0.0529613 0.266853
11.06 -0.262697 0.0647666 0.270563
11.07 -0.263132 0.0762721 0.273964
11.08 -0.262856 0.087442 0.277018
11.09 -0.261871 0.0982383 0.279691
11.1 -0.260181 0.108628 0.281947
11.11 -0.257796 0.118576 0.283759
11.12 -0.254723 0.128053 0.285099
11.13 -0.250975 0.137029 0.285946
11.14 -0.246562 0.145475 0.28628
11.15 -0.241501 0.153366 0.286084
11.16 -0.235805 0.16068 0.285346
11.17 -0.229495 0.167391 0.284056
11.18 -0.222586 0.173481 0.282206
11.19 -0.215101 0.178934 0.279796
11.2 -0.20706 0.183733 0.276824
11.21 -0.198487 0.187867 0.273297
11.22 -0.189407 0.191323 0.26922
11.23 -0.179844 0.194094 0.264606
11.24 -0.169826 0.196175 0.259471
11.25 -0.15938 0.197561 0.253835
11.26 -0.148533 0.19825 0.24772
11.27 -0.137317 0.198247 0.241159
11.28 -0.125761 0.197553 0.234186
11.29 -0.113897 0.196174 0.226841
11.3 -0.101755 0.194119 0.219172
11.31 -0.0893673 0.191399 0.211235
11.32 -0.0767676 0.188028 0.203095
11.33 -0.0639885 0.184019 0.194827
11.34 -0.0510632 0.179391 0.186517
11.35 -0.0380252 0.174163 0.178266
11.36 -0.0249092 0.168357 0.17019
11.37 -0.0117476 0.161995 0.16242
11.38 0.00142453 0.155103 0.15511
11.39 0.0145752 0.147709 0.148426
11.4 0.0276694 0.139841 0.142552
11.41 0.0406742 0.131528 0.137674
11.42 0.053557 0.122804 0.133974
11.43 0.0662864 0.113701 0.131612
11.44 0.0788285 0.104253 0.1307
11.45 0.0911537 0.0944952 0.131295
11.46 0.103231 0.0844657 0.133383
11.47 0.115029 0.0742003 0.136885
11.48 0.12652 0.0637385 0.141669
11.49 0.137675 0.0531173 0.147566
11.5 0.148466 0.0423764 0.154395
11.51 0.158867 0.0315555 0.161971
11.52 0.168853 0.0206948 0.170116
11.53 0.178398 0.00983209 0.178669
11.54 0.18748 -0.000991326 0.187483
11.55 0.196076 -0.011737 0.196427
11.56 0.204167 -0.0223659 0.205388
11.57 0.211729 -0.0328395 0.214261
11.58 0.218749 -0.0431203 0.222958
11.59 0.225206 -0.05317 0.231397
11.6 0.231085 -0.0629532 0.239507
11.61 0.236372 -0.0724353 0.247222
11.62 0.241056 -0.0815818 0.254487
11.63 0.245122 -0.09036 0.261246
11.64 0.248562 -0.0987393 0.267455
11.65 0.251367 -0.106688 0.273071
11.66 0.253529 -0.114182 0.278055
11.67 0.255044 -0.12119 0.282373
11.68 0.255907 -0.12769 0.285995
11.69 0.256116 -0.13366 0.288895
11.7 0.25567 -0.139079 0.291051
11.71 0.255388 -0.144372 0.293371
11.72 0.255269 -0.149539 0.295844
11.73 0.255311 -0.154577 0.298459
11.74 0.255513 -0.159487 0.301202
11.75 0.255876 -0.164265 0.304065
11.76 0.256397 -0.16891 0.307035
11.77 0.257076 -0.173422 0.310102
11.78 0.257911 -0.177797 0.313257
11.79 0.258901 -0.182033 0.31649
11.8 0.260045 -0.18613 0.319793
11.81 0.261341 -0.190085 0.323158
11.82 0.262788 -0.193896 0.326578
11.83 0.264385 -0.197562 0.330046
11.84 0.26613 -0.201079 0.333553
11.85 0.268021 -0.204448 0.337096
11.86 0.270057 -0.207663 0.340668
11.87 0.272236 -0.210725 0.344264
11.88 0.274556 -0.21363 0.347878
11.89 0.277016 -0.216377 0.351507
11.9 0.279614 -0.218963 0.355146
11.91 0.282347 -0.221386 0.358792
11.92 0.285213 -0.223644 0.36244
11.93 0.288209 -0.225735 0.366088
11.94 0.291335 -0.227656 0.369734
11.95 0.294586 -0.229406 0.373374
11.96 0.297962 -0.230983 0.377007
11.97 0.301458 -0.232383 0.380629
11.98 0.305073 -0.233606 0.384241
11.99 0.308804 -0.234648 0.387839
12 0.312647 -0.235509 0.391423
12.01 0.316599 -0.236185 0.394992
12.02 0.320659 -0.236677 0.398545
12.03 0.324822 -0.236979 0.40208
12.04 0.329083 -0.237092 0.405596
12.05 0.333442 -0.237013 0.409095
12.06 0.337892 -0.236742 0.412574
12.07 0.342431 -0.236275 0.416035
12.08 0.347055 -0.235613 0.419477
12.09 0.35176 -0.234753 0.4229
12.1 0.356542 -0.233694 0.426304
12.11 0.361396 -0.232435 0.42969
12.12 0.366317 -0.230974 0.433056
12.13 0.371303 -0.229312 0.436405
12.14 0.376347 -0.227446 0.439737
12.15 0.381446 -0.225375 0.443052
12.16 0.386594 -0.2231 0.44635
12.17 0.391786 -0.220619 0.449632
12.18 0.397017 -0.217933 0.452899
12.19 0.402282 -0.215041 0.456151
12.2 0.407575 -0.211941 0.459387
12.21 0.412892 -0.208637 0.462612
12.22 0.418227 -0.205126 0.465822
12.23 0.423573 -0.201409 0.46902
12.24 0.428925 -0.197487 0.472205
12.25 0.434278 -0.19336 0.475379
12.26 0.439625 -0.189029 0.478542
12.27 0.444961 -0.184496 0.481694
12.28 0.45028 -0.17976 0.484835
12.29 0.455574 -0.174823 0.487966
12.3 0.460839 -0.169687 0.491087
12.31 0.466066 -0.164353 0.494196
12.32 0.471251 -0.158823 0.497295
12.33 0.476387 -0.153098 0.500383
12.34 0.481467 -0.147182 0.503461
12.35 0.486485 -0.141074 0.506527
12.36 0.491433 -0.134779 0.50958
12.37 0.496305 -0.128299 0.51262
12.38 0.501095 -0.121637 0.515647
12.39 0.505796 -0.114794 0.518659
12.4 0.5104 -0.107775 0.521655
12.41 0.514902 -0.100583 0.524634
12.42 0.519293 -0.0932199 0.527594
12.43 0.523568 -0.0856901 0.530534
12.44 0.527718 -0.0779976 0.533451
12.45 0.531738 -0.0701459 0.536345
12.46 0.53562 -0.0621395 0.539213
12.47 0.539358 -0.053981 0.542053
12.48 0.542943 -0.0456763 0.544861
12.49 0.546371 -0.0372295 0.547638
12.5 0.549632 -0.0286453 0.550378
12.51 0.552721 -0.0199289 0.553081
12.52 0.555631 -0.0110844 0.555742
12.53 0.558355 -0.00211839 0.558359
12.54 0.560887 0.00696486 0.56093
12.55 0.563219 0.0161598 0.563451
12.56 0.565345 0.0254607 0.565918
12.57 0.567259 0.0348602 0.568329
12.58 0.568954 0.0443548 0.570681
12.59 0.570425 0.0539368 0.572969
12.6 0.571664 0.0636009 0.575191
12.61 0.572665 0.07334 0.577342
12.62 0.573424 0.0831476 0.579421
12.63 0.573934 0.093017 0.581422
12.64 0.574189 0.102942 0.583344
12.65 0.574184 0.112914 0.585181
12.66 0.573915 0.122928 0.586932
12.67 0.573374 0.132976 0.588592
12.68 0.572559 0.143051 0.590159
12.69 0.571464 0.153145 0.591628
12.7 0.570085 0.16325 0.592999
12.71 0.568418 0.173361 0.594267
12.72 0.566458 0.183469 0.595429
12.73 0.564201 0.193567 0.596483
12.74 0.561646 0.203646 0.597426
12.75 0.558786 0.2137 0.598255
12.76 0.55562 0.223719 0.598969
12.77 0.552146 0.233697 0.599566
12.78 0.548359 0.243626 0.600043
12.79 0.54426 0.253497 0.6004
12.8 0.539843 0.263304 0.600633
12.81 0.53511 0.273038 0.600743
12.82 0.530058 0.28269 0.600729
12.83 0.524686 0.292254 0.60059
12.84 0.518993 0.301722 0.600325
12.85 0.51298 0.311085 0.599935
12.86 0.506644 0.320337 0.59942
12.87 0.499988 0.329469 0.59878
12.88 0.49301 0.338474 0.598016
12.89 0.485712 0.347343 0.597129
12.9 0.478095 0.356069 0.596121
12.91 0.470161 0.364646 0.594994
12.92 0.461911 0.373065 0.59375
12.93 0.453347 0.381318 0.592391
12.94 0.444472 0.3894 0.590921
12.95 0.435289 0.397301 0.589342
12.96 0.425801 0.405016 0.58766
12.97 0.416011 0.412537 0.585877
12.98 0.405924 0.419857 0.583999
12.99 0.395544 0.426971 0.58203
13 0.384874 0.43387 0.579975
13.01 0.373921 0.440549 0.577841
13.02 0.362689 0.447 0.575633
13.03 0.351185 0.453219 0.573357
13.04 0.339414 0.459199 0.571022
13.05 0.327382 0.464934 0.568633
13.06 0.315097 0.470418 0.566197
13.07 0.302566 0.475647 0.563725
13.08 0.289796 0.480613 0.561222
13.09 0.276795 0.485314 0.558699
13.1 0.263571 0.489743 0.556163
13.11 0.250133 0.493896 0.553625
13.12 0.23649 0.497769 0.551091
13.13 0.22265 0.501358 0.548574
13.14 0.208623 0.504658 0.54608
13.15 0.194421 0.507666 0.543622
13.16 0.18005 0.51038 0.541208
13.17 0.165524 0.512795 0.538848
13.18 0.150851 0.514908 0.53655
13.19 0.136044 0.516717 0.534326
13.2 0.121112 0.518219 0.532184
13.21 0.106069 0.519413 0.530133
13.22 0.090924 0.520297 0.528182
13.23 0.0756915 0.520868 0.526339
13.24 0.0603817 0.521128 0.524614
13.25 0.0450071 0.521072 0.523012
13.26 0.0295817 0.520702 0.521542
13.27 0.014117 0.520017 0.520209
13.28 -0.00137414 0.519017 0.519019
13.29 -0.016879 0.517703 0.517978
13.3 -0.0323843 0.516073 0.517089
13.31 -0.0478769 0.51413 0.516354
13.32 -0.0633426 0.511875 0.515779
13.33 -0.0787696 0.509307 0.515363
13.34 -0.0941423 0.50643 0.515106
13.35 -0.109449 0.503246 0.51501
13.36 -0.124674 0.499756 0.515073
13.37 -0.139806 0.495963 0.515291
13.38 -0.15483 0.491869 0.515662
13.39 -0.169732 0.487478 0.516182
13.4 -0.184497 0.482794 0.516845
13.41 -0.199115 0.47782 0.517647
13.42 -0.21357 0.472558 0.518578
13.43 -0.227848 0.467016 0.519633
13.44 -0.241937 0.461195 0.520801
13.45 -0.255821 0.455102 0.522075
13.46 -0.269489 0.44874 0.523442
13.47 -0.282926 0.442116 0.524894
13.48 -0.296121 0.435234 0.526419
13.49 -0.309059 0.428102 0.528004
13.5 -0.321729 0.420723 0.529639
13.51 -0.334115 0.413106 0.531309
13.52 -0.346208 0.405257 0.533004
13.53 -0.357994 0.397182 0.534709
13.54 -0.369462 0.388889 0.536411
13.55 -0.3806 0.380385 0.538097
13.56 -0.391396 0.371676 0.539754
13.57 -0.40184 0.362772 0.541368
13.58 -0.411921 0.353679 0.542925
13.59 -0.421627 0.344405 0.544412
13.6 -0.430949 0.33496 0.545817
13.61 -0.439878 0.325352 0.547126
13.62 -0.448403 0.315588 0.548325
13.63 -0.456515 0.305677 0.549404
13.64 -0.464205 0.295629 0.550348
13.65 -0.471466 0.285454 0.551148
13.66 -0.47829 0.275159 0.551791
13.67 -0.484668 0.264754 0.552266
13.68 -0.490594 0.254248 0.552562
13.69 -0.496063 0.243651 0.552671
13.7 -0.501067 0.232973 0.552579
13.71 -0.5056 0.222223 0.552281
13.72 -0.509658 0.211409 0.551766
13.73 -0.513237 0.200544 0.551026
13.74 -0.516332 0.189635 0.550055
13.75 -0.518939 0.178693 0.548843
13.76 -0.521055 0.167726 0.547385
13.77 -0.522677 0.156747 0.545675
13.78 -0.523805 0.145763 0.543708
13.79 -0.524435 0.134785 0.541479
13.8 -0.524568 0.123821 0.538983
13.81 -0.524201 0.112883 0.536217
13.82 -0.523337 0.101979 0.53318
13.83 -0.521974 0.091119 0.529867
13.84 -0.520114 0.0803127 0.526278
13.85 -0.517759 0.0695691 0.522412
13.86 -0.514913 0.0588973 0.51827
13.87 -0.511575 0.0483058 0.513851
13.88 -0.507751 0.037805 0.509156
13.89 -0.503443 0.0274029 0.504188
13.9 -0.498656 0.0171097 0.49895
13.91 -0.493396 0.00693157 0.493445
13.92 -0.487667 -0.00312113 0.487677
13.93 -0.481476 -0.0130405 0.481652
13.94 -0.474828 -0.0228186 0.475376
13.95 -0.467732 -0.0324477 0.468856
13.96 -0.460194 -0.0419187 0.462099
13.97 -0.452223 -0.0512256 0.455115
13.98 -0.443827 -0.0603601 0.447912
13.99 -0.435016 -0.069316 0.440504
14 -0.425797 -0.0780866 0.432898
14.01 -0.416183 -0.0866636 0.42511
14.02 -0.406183 -0.0950421 0.417154
14.03 -0.395808 -0.103216 0.409044
14.04 -0.385069 -0.111179 0.400798
14.05 -0.373979 -0.118925 0.392433
14.06 -0.362549 -0.126451 0.383968
14.07 -0.350792 -0.133749 0.375425
14.08 -0.338721 -0.140816 0.366826
14.09 -0.326349 -0.147647 0.358195
14.1 -0.313692 -0.154239 0.34956
14.11 -0.300761 -0.160588 0.340948
14.12 -0.287572 -0.16669 0.33239
14.13 -0.274138 -0.172543 0.323918
14.14 -0.260476 -0.178143 0.315568
14.15 -0.2466 -0.183488 0.307376
14.16 -0.232527 -0.188578 0.299383
14.17 -0.218269 -0.193408 0.29163
14.18 -0.203845 -0.197978 0.284162
14.19 -0.18927 -0.202288 0.277026
14.2 -0.17456 -0.206335 0.270269
14.21 -0.159731 -0.210121 0.263941
14.22 -0.144801 -0.213644 0.258091
14.23 -0.129785 -0.216906 0.25277
14.24 -0.1147 -0.219907 0.248022
14.25 -0.0995624 -0.222648 0.243895
14.26 -0.0843889 -0.225128 0.240425
14.27 -0.0691977 -0.227352 0.23765
14.28 -0.054003 -0.229321 0.235594
14.29 -0.0388231 -0.231037 0.234276
14.3 -0.0236735 -0.232502 0.233704
14.31 -0.00849599 -0.232974 0.233129
14.32 0.00664548 -0.232458 0.232553
14.33 0.0216854 -0.230958 0.231974
14.34 0.0365613 -0.228486 0.231393
14.35 0.0512085 -0.225057 0.23081
14.36 0.0655673 -0.220691 0.230225
14.37 0.0795774 -0.215408 0.229637
14.38 0.0931798 -0.209238 0.229048
14.39 0.106318 -0.202209 0.228456
14.4 0.118939 -0.194357 0.227862
14.41 0.13099 -0.185719 0.227266
14.42 0.142424 -0.176336 0.226669
14.43 0.153193 -0.16625 0.226068
14.44 0.163254 -0.155509 0.225466
14.45 0.17257 -0.144163 0.224863
14.46 0.181102 -0.132261 0.224256
14.47 0.188818 -0.11986 0.223648
14.48 0.195689 -0.107013 0.223038
14.49 0.20169 -0.0937795 0.222426
14.5 0.206799 -0.0802161 0.221812
14.51 0.211 -0.066384 0.221196
14.52 0.214276 -0.0523439 0.220577
14.53 0.216621 -0.038158 0.219957
14.54 0.21803 -0.0238865 0.219335
14.55 0.2185 -0.00959263 0.21871
14.56 0.218035 0.00466368 0.218085
14.57 0.21664 0.0188194 0.217456
14.58 0.214329 0.0328151 0.216827
14.59 0.211115 0.0465915 0.216195
14.6 0.207018 0.0600903 0.215562
14.61 0.202058 0.0732541 0.214927
14.62 0.196264 0.0860298 0.214291
14.63 0.189663 0.0983636 0.213653
14.64 0.18229 0.110204 0.213013
14.65 0.174179 0.121504 0.212371
14.66 0.165371 0.132216 0.211728
14.67 0.155908 0.142299 0.211084
14.68 0.145833 0.151713 0.210438
14.69 0.135193 0.16042 0.20979
14.7 0.12404 0.168387 0.209141
14.71 0.112421 0.175584 0.208491
14.72 0.100392 0.181985 0.207839
14.73 0.0880062 0.187566 0.207186
14.74 0.0753187 0.192308 0.206532
14.75 0.0623876 0.196197 0.205877
14.76 0.049268 0.199219 0.205221
14.77 0.036019 0.201367 0.204563
14.78 0.0226987 0.202636 0.203904
14.79 0.00936567 0.203028 0.203244
14.8 -0.00392398 0.202545 0.202583
14.81 -0.0171118 0.201194 0.20192
14.82 -0.0301422 0.198987 0.201257
14.83 -0.0429583 0.195938 0.200592
14.84 -0.0555067 0.192067 0.199927
14.85 -0.0677353 0.187395 0.199261
14.86 -0.0795918 0.181946 0.198593
14.87 -0.0910282 0.17575 0.197925
14.88 -0.101997 0.168838 0.197256
14.89 -0.112455 0.161244 0.196585
14.9 -0.122358 0.153006 0.195914
14.91 -0.131667 0.144163 0.195242
14.92 -0.140346 0.134759 0.194568
14.93 -0.148362 0.124837 0.193895
14.94 -0.155682 0.114442 0.19322
14.95 -0.162281 0.103625 0.192544
14.96 -0.168133 0.0924343 0.191867
14.97 -0.173219 0.0809218 0.191189
14.98 -0.177521 0.0691392 0.19051
14.99 -0.181027 0.0571398 0.18983
15 -0.183724 0.044977 0.18915
15.01 -0.185609 0.0327063 0.188469
15.02 -0.186678 0.0203792 0.187787
15.03 -0.18693 0.00805237 0.187103
15.04 -0.186372 -0.00422122 0.186419
15.05 -0.18501 -0.0163885 0.185735
15.06 -0.182858 -0.0283974 0.18505
15.07 -0.179929 -0.0401966 0.184364
15.08 -0.176241 -0.0517361 0.183678
15.09 -0.171816 -0.0629661 0.18299
15.1 -0.166679 -0.0738403 0.182302
15.11 -0.160856 -0.0843148 0.181614
15.12 -0.154378 -0.0943448 0.180924
15.13 -0.147279 -0.103891 0.180234
15.14 -0.139593 -0.112914 0.179544
15.15 -0.131359 -0.12138 0.178853
15.16 -0.122617 -0.129253 0.178161
15.17 -0.113408 -0.136505 0.177469
15.18 -0.103778 -0.143108 0.176776
15.19 -0.0937703 -0.14904 0.176085
15.2 -0.0834305 -0.154277 0.175391
15.21 -0.072809 -0.158802 0.174698
15.22 -0.0619526 -0.162601 0.174004
15.23 -0.0509122 -0.165663 0.17331
15.24 -0.0397361 -0.167981 0.172616
15.25 -0.028475 -0.169548 0.171922
15.26 -0.0171785 -0.170364 0.171228
15.27 -0.00589778 -0.170431 0.170533
15.28 0.00531944 -0.169756 0.169839
15.29 0.016423 -0.168344 0.169143
15.3 0.0273657 -0.166211 0.168449
15.31 0.0381005 -0.163369 0.167753
15.32 0.048582 -0.159839 0.167059
15.33 0.058767 -0.155639 0.166364
15.34 0.0686117 -0.150794 0.165669
15.35 0.0780754 -0.14533 0.164974
15.36 0.0871202 -0.139277 0.16428
15.37 0.0957105 -0.132665 0.163586
15.38 0.10381 -0.125527 0.162892
15.39 0.111389 -0.1179 0.162198
15.4 0.118416 -0.109821 0.161503
15.41 0.124867 -0.10133 0.160809
15.42 0.130716 -0.0924663 0.160115
15.43 0.135943 -0.0832732 0.159421
15.44 0.14053 -0.0737937 0.158727
15.45 0.144463 -0.0640719 0.158034
15.46 0.147728 -0.0541519 0.15734
15.47 0.150316 -0.0440809 0.156647
15.48 0.152223 -0.0339029 0.155953
15.49 0.153446 -0.023666 0.15526
15.5 0.153985 -0.0134137 0.154568
15.51 0.153842 -0.00319177 0.153875
15.52 0.153025 0.00695364 0.153183
15.53 0.151542 0.0169783 0.15249
15.54 0.149407 0.0268396 0.151799
15.55 0.146633 0.0364947 0.151106
15.56 0.14324 0.0459025 0.150415
15.57 0.139246 0.0550243 0.149723
15.58 0.134676 0.0638202 0.149032
15.59 0.129554 0.0722562 0.148341
15.6 0.123908 0.080296 0.14765
15.61 0.117768 0.0879084 0.14696
15.62 0.111167 0.0950629 0.14627
15.63 0.104136 0.101733 0.145581
15.64 0.0967107 0.107892 0.144892
15.65 0.0889285 0.113519 0.144204
15.66 0.0808262 0.11859 0.143515
15.67 0.0724452 0.123092 0.142828
15.68 0.0638222 0.127008 0.142142
15.69 0.0549994 0.130325 0.141455
15.7 0.0460176 0.133036 0.14077
15.71 0.0369186 0.135132 0.140084
15.72 0.0277436 0.136611 0.1394
15.73 0.0185348 0.137472 0.138716
15.74 0.00933281 0.137717 0.138033
15.75 0.000179623 0.137349 0.13735
15.76 -0.00888542 0.13638 0.136669
15.77 -0.0178229 0.134815 0.135988
15.78 -0.0265929 0.132669 0.135308
15.79 -0.0351588 0.129957 0.134629
15.8 -0.0434836 0.126697 0.133951
15.81 -0.0515341 0.122908 0.133274
15.82 -0.0592761 0.118612 0.132599
15.83 -0.0666781 0.113833 0.131924
15.84 -0.0737089 0.108597 0.131249
15.85 -0.0803435 0.102933 0.130577
15.86 -0.0865537 0.0968692 0.129904
15.87 -0.0923171 0.0904375 0.129234
15.88 -0.0976121 0.0836693 0.128564
15.89 -0.102419 0.0765995 0.127895
15.9 -0.106722 0.0692612 0.127227
15.91 -0.110507 0.0616911 0.126561
15.92 -0.113761 0.0539248 0.125895
15.93 -0.116476 0.0460006 0.12523
15.94 -0.118646 0.0379529 0.124568
15.95 -0.120264 0.0298208 0.123906
15.96 -0.12133 0.0216407 0.123245
15.97 -0.121845 0.0134505 0.122585
15.98 -0.121812 0.00528764 0.121927
15.99 -0.121237 -0.00281331 0.121269
16 -0.120128 -0.0108158 0.120613
16.01 -0.118494 -0.0186845 0.119958
16.02 -0.11635 -0.026385 0.119304
16.03 -0.113709 -0.033886 0.118651
16.04 -0.11059 -0.0411534 0.117999
16.05 -0.107011 -0.0481592 0.117349
16.06 -0.102993 -0.054873 0.116699
16.07 -0.0985604 -0.0612689 0.116052
16.08 -0.0937345 -0.0673211 0.115405
16.09 -0.0885429 -0.0730058 0.114759
16.1 -0.083013 -0.0783005 0.114115
16.11 -0.0771742 -0.0831872 0.113472
16.12 -0.0710542 -0.0876476 0.112831
16.13 -0.0646853 -0.0916662 0.112191
16.14 -0.0580971 -0.0952293 0.111552
16.15 -0.0513239 -0.0983249 0.110914
16.16 -0.0443978 -0.100946 0.110279
16.17 -0.0373509 -0.103086 0.109644
16.18 -0.0302168 -0.104739 0.109011
16.19 -0.0230292 -0.105904 0.108379
16.2 -0.0158206 -0.106581 0.107749
16.21 -0.00862387 -0.106773 0.10712
16.22 -0.001472 -0.106484 0.106494
16.23 0.00560416 -0.10572 0.105868
16.24 0.0125719 -0.104491 0.105245
16.25 0.0194035 -0.102809 0.104624
16.26 0.026068 -0.100684 0.104004
16.27 0.0325378 -0.0981323 0.103386
16.28 0.0387845 -0.0951698 0.102769
16.29 0.0447839 -0.0918153 0.102155
16.3 0.050511 -0.0880878 0.101542
16.31 0.0559444 -0.0840091 0.100932
16.32 0.0610606 -0.0795998 0.100322
16.33 0.0658411 -0.0748866 0.0997149
16.34 0.0702691 -0.0698925 0.0991096
16.35 0.0743271 -0.0646442 0.0985058
16.36 0.0780026 -0.0591678 0.0979043
16.37 0.0812825 -0.0534918 0.0973047
16.38 0.0841571 -0.0476431 0.0967072
16.39 0.0866176 -0.041651 0.0961114
16.4 0.0886586 -0.0355434 0.095518
16.41 0.0902736 -0.0293506 0.0949251
16.42 0.0914634 -0.0231018 0.0943358
16.43 0.092226 -0.0168241 0.093748
16.44 0.0925629 -0.0105482 0.093162
16.45 0.0924773 -0.00430104 0.0925773
16.46 0.0919751 0.00188709 0.0919945
16.47 0.0910638 0.00798986 0.0914136
16.48 0.0897528 0.0139804 0.0908352
16.49 0.0880522 0.0198341 0.0902584
16.5 0.0859739 0.0255234 0.0896826
16.51 0.0835337 0.0310262 0.0891095
16.52 0.0807455 0.0363191 0.0885376
16.53 0.077628 0.0413802 0.0879683
16.54 0.0741976 0.0461903 0.0874004
16.55 0.0704755 0.0507295 0.0868348
16.56 0.0664814 0.054981 0.0862711
16.57 0.0622371 0.0589292 0.0857094
16.58 0.0577641 0.0625592 0.0851489
16.59 0.0530877 0.0658571 0.08459
16.6 0.0482309 0.0688148 0.0840339
16.61 0.0432181 0.071421 0.0834791
16.62 0.0380745 0.0736697 0.082927
16.63 0.0328242 0.0755532 0.0823754
16.64 0.0274948 0.0770687 0.0818263
16.65 0.0221111 0.0782138 0.0812791
16.66 0.0166979 0.0789891 0.0807347
16.67 0.0112798 0.0793944 0.0801917
16.68 0.0058834 0.0794333 0.0796508
16.69 0.000531104 0.0791101 0.0791119
16.7 -0.00475093 0.078431 0.0785747
16.71 -0.00994128 0.0774048 0.0780406
16.72 -0.0150162 0.0760387 0.0775072
16.73 -0.0199542 0.0743457 0.0769769
16.74 -0.0247343 0.0723366 0.0764485
16.75 -0.0293376 0.0700251 0.0759224
16.76 -0.0337438 0.0674249 0.0753973
16.77 -0.0379354 0.0645536 0.074875
16.78 -0.0418969 0.0614266 0.0743544
16.79 -0.0456124 0.0580636 0.0738368
16.8 -0.0490703 0.0544812 0.0733218
16.81 -0.0522548 0.0506987 0.0728075
16.82 -0.0551571 0.0467379 0.0722962
16.83 -0.0577668 0.0426188 0.0717869
16.84 -0.0600769 0.0383622 0.0712804
16.85 -0.0620801 0.0339892 0.0707757
16.86 -0.0637716 0.029522 0.0702735
16.87 -0.0651469 0.0249816 0.0697724
16.88 -0.0662052 0.0203919 0.0692745
16.89 -0.0669457 0.0157722 0.0687785
16.9 -0.0673679 0.0111464 0.0682838
16.91 -0.0674765 0.00653502 0.0677922
16.92 -0.0672739 0.00195947 0.0673025
16.93 -0.0667658 -0.00256039 0.0668149
16.94 -0.0659581 -0.0070037 0.0663289
16.95 -0.0648594 -0.0113509 0.0658452
16.96 -0.0634783 -0.0155828 0.0653629
16.97 -0.0618273 -0.0196823 0.0648845
16.98 -0.0599148 -0.0236333 0.0644075
16.99 -0.0577546 -0.0274171 0.0639319
17 -0.05536 -0.0310203 0.0634586
17.01 -0.0527462 -0.034427 0.0629871
17.02 -0.049928 -0.0376259 0.0625181
17.03 -0.0469212 -0.0406047 0.0620511
17.04 -0.0437423 -0.0433526 0.061586
17.05 -0.0404087 -0.0458587 0.0611219
17.06 -0.0369393 -0.0481172 0.0606612
17.07 -0.0333504 -0.0501194 0.0602013
17.08 -0.0296626 -0.0518603 0.0597441
17.09 -0.0258927 -0.0533361 0.0592888
17.1 -0.0220612 -0.0545431 0.0588358
17.11 -0.0181853 -0.0554807 0.058385
17.12 -0.0142842 -0.0561476 0.057936
17.13 -0.0103765 -0.0565447 0.0574889
17.14 -0.0064817 -0.0566743 0.0570437
17.15 -0.00261592 -0.0565419 0.0566023
17.16 0.00120286 -0.056149 0.0561619
17.17 0.00495708 -0.0555032 0.0557242
17.18 0.00863078 -0.0546096 0.0552875
17.19 0.012206 -0.0534781 0.0548534
17.2 0.0156698 -0.0521172 0.054422
17.21 0.0190075 -0.0505365 0.0539928
17.22 0.022205 -0.0487462 0.0535655
17.23 0.0252487 -0.0467586 0.05314
17.24 0.0281286 -0.0445862 0.0527176
17.25 0.0308318 -0.0422417 0.0522968
17.26 0.0333505 -0.0397395 0.0518796
17.27 0.0356747 -0.0370919 0.0514635
17.28 0.0377966 -0.0343159 0.0510506
17.29 0.0397103 -0.0314243 0.0506398
17.3 0.0414093 -0.0284331 0.0502312
17.31 0.042889 -0.0253578 0.0498245
17.32 0.0441458 -0.0222149 0.0494202
17.33 0.0451788 -0.019019 0.0490189
17.34 0.0459851 -0.0157868 0.0486194
17.35 0.0465658 -0.0125326 0.0482228
17.36 0.0469192 -0.0092727 0.0478267
17.37 0.04705 -0.00602421 0.0474341
17.38 0.0469603 -0.00279993 0.0470437
17.39 0.0466546 0.000385051 0.0466561
17.4 0.0461366 0.00351682 0.0462705
17.41 0.0454125 0.00658047 0.0458868
17.42 0.0444889 0.00956374 0.0455052
17.43 0.0433743 0.0124523 0.0451264
17.44 0.0420764 0.0152371 0.0447504
17.45 0.040603 0.0179041 0.0443752
17.46 0.0389659 0.0204438 0.0440033
17.47 0.0371734 0.022846 0.0436326
17.48 0.0352379 0.0251018 0.0432645
17.49 0.0331701 0.0272028 0.0428981
17.5 0.0309826 0.0291413 0.042534
17.51 0.0286869 0.0309115 0.0421718
17.52 0.0262972 0.0325078 0.0418127
17.53 0.0238235 0.0339259 0.0414551
17.54 0.0212809 0.03516 0.0410987
17.55 0.0186828 0.0362098 0.0407455
17.56 0.0160416 0.0370719 0.0403938
17.57 0.0133708 0.0377473 0.0400454
17.58 0.0106822 0.0382344 0.0396986
17.59 0.00798999 0.0385338 0.0393535
17.6 0.00530697 0.0386473 0.0390099
17.61 0.00264665 0.0385792 0.0386699
17.62 1.84884e-05 0.0383315 0.0383315
17.63 -0.00256327 0.0379085 0.037995
17.64 -0.00508893 0.0373157 0.0376611
17.65 -0.00754568 0.0365574 0.037328
17.66 -0.0099242 0.0356425 0.0369984
17.67 -0.0122149 0.0345765 0.0366706
17.68 -0.0144079 0.0333674 0.0363451
17.69 -0.0164948 0.0320231 0.0360216
17.7 -0.0184679 0.0305536 0.0357014
17.71 -0.02032 0.0289657 0.0353824
17.72 -0.0220435 0.0272708 0.0350658
17.73 -0.0236339 0.0254778 0.0347516
17.74 -0.025084 0.0235974 0.034439
17.75 -0.0263924 0.0216403 0.03413
17.76 -0.0275535 0.0196153 0.0338224
17.77 -0.0285641 0.0175343 0.0335165
17.78 -0.0294217 0.0154082 0.0332122
17.79 -0.0301268 0.0132489 0.0329113
17.8 -0.0306772 0.0110653 0.0326119
17.81 -0.0310744 0.00886937 0.0323154
17.82 -0.0313178 0.00666976 0.0320201
17.83 -0.0314083 0.00448 0.0317262
17.84 -0.0313508 0.00230843 0.0314357
17.85 -0.0311466 0.00016524 0.031147
17.86 -0.0307996 -0.00194038 0.0308607
17.87 -0.0303131 -0.00399877 0.0305757
17.88 -0.029693 -0.00600092 0.0302933
17.89 -0.028943 -0.00793771 0.0300118
17.9 -0.0280712 -0.00980194 0.0297334
17.91 -0.0270814 -0.0115861 0.0294558
17.92 -0.0259822 -0.0132814 0.02918
17.93 -0.0247804 -0.0148838 0.0289067
17.94 -0.0234831 -0.0163854 0.0286346
17.95 -0.0220986 -0.0177817 0.0283644
17.96 -0.0206349 -0.019067 0.0280954
17.97 -0.0191015 -0.0202381 0.0278289
17.98 -0.0175063 -0.0212907 0.0275639
17.99 -0.0158581 -0.0222241 0.0273018
18 -0.0141642 -0.0230333 0.0270399
18.01 -0.0124364 -0.023717 0.0267798
18.02 -0.0106818 -0.0242757 0.0265219
18.03 -0.00891073 -0.0247081 0.0262658
18.04 -0.00713045 -0.0250157 0.0260121
18.05 -0.00534971 -0.0251974 0.0257591
18.06 -0.00357818 -0.0252555 0.0255077
18.07 -0.00182499 -0.0251914 0.0252575
18.08 -9.67748e-05 -0.0250103 0.0250105
18.09 0.00159861 -0.0247125 0.0247642
18.1 0.00325273 -0.0243035 0.0245202
18.11 0.00485997 -0.023786 0.0242774
18.12 0.00641085 -0.0231656 0.0240363
18.13 0.00790158 -0.0224477 0.0237978
18.14 0.00932507 -0.0216366 0.0235605
18.15 0.0106762 -0.0207387 0.0233254
18.16 0.011949 -0.0197598 0.0230917
18.17 0.0131408 -0.0187063 0.0228606
18.18 0.0142453 -0.0175839 0.0226301
18.19 0.01526 -0.0164008 0.0224021
18.2 0.0161815 -0.0151621 0.022175
18.21 0.0170069 -0.0138775 0.0219504
18.22 0.0177359 -0.0125519 0.0217281
18.23 0.0183649 -0.0111926 0.0215068
18.24 0.0188933 -0.00980724 0.0212871
18.25 0.01932 -0.00840417 0.0210688
18.26 0.0196471 -0.00698923 0.0208533
18.27 0.0198735 -0.00556993 0.0206393
18.28 0.0200013 -0.00415216 0.0204277
18.29 0.0200292 -0.0027425 0.0202161
18.3 0.0199612 -0.00135048 0.0200068
18.31 0.0197997 2.02804e-05 0.0197997
18.32 0.0195469 0.00136267 0.0195944
18.33 0.0192058 0.00267191 0.0193907
18.34 0.0187788 0.00394073 0.0191879
18.35 0.0182705 0.00516466 0.0189864
18.36 0.0176854 0.00633714 0.0187865
18.37 0.0170285 0.00745595 0.0185893
18.38 0.0163021 0.0085155 0.0183922
18.39 0.015514 0.00951144 0.0181976
18.4 0.0146671 0.0104413 0.018004
18.41 0.0137682 0.0113006 0.017812
18.42 0.0128221 0.0120882 0.0176219
18.43 0.0118346 0.0128003 0.0174329
18.44 0.010811 0.0134362 0.0172456
18.45 0.00975796 0.0139936 0.0170599
18.46 0.00867985 0.0144729 0.0168762
18.47 0.00758236 0.0148709 0.0166923
18.48 0.00647352 0.0151891 0.0165111
18.49 0.00535673 0.015427 0.0163306
18.5 0.00423966 0.015586 0.0161523
18.51 0.00312541 0.0156671 0.0159758
18.52 0.00202065 0.01567 0.0157998
18.53 0.000930537 0.0155971 0.0156248
18.54 -0.000138421 0.0154514 0.015452
18.55 -0.00118417 0.0152358 0.0152817
18.56 -0.00220132 0.0149512 0.0151123
18.57 -0.00318583 0.0146019 0.0149454
18.58 -0.00413305 0.0141884 0.0147781
18.59 -0.00503815 0.0137175 0.0146134
18.6 -0.00590008 0.0131917 0.014451
18.61 -0.00671476 0.0126143 0.0142901
18.62 -0.00747968 0.0119882 0.0141302
18.63 -0.00819069 0.0113189 0.0139716
18.64 -0.00884683 0.01061 0.0138145
18.65 -0.00944522 0.00986672 0.0136589
18.66 -0.00998657 0.0090933 0.0135063
18.67 -0.0104669 0.00829205 0.0133535
18.68 -0.0108866 0.00747024 0.0132031
18.69 -0.0112447 0.00663043 0.013054
18.7 -0.0115408 0.0057782 0.0129065
18.71 -0.0117753 0.00491675 0.0127606
18.72 -0.0119481 0.00405156 0.0126163
18.73 -0.0120596 0.00318545 0.0124732
18.74 -0.0121106 0.00232409 0.0123315
18.75 -0.0121032 0.00147001 0.0121921
18.76 -0.0120358 0.000627983 0.0120521
18.77 -0.0119131 -0.000197252 0.0119147
18.78 -0.0117355 -0.00100349 0.0117783
18.79 -0.0115056 -0.00178633 0.0116435
18.8 -0.011225 -0.0025439 0.0115097
18.81 -0.0108962 -0.00327127 0.0113767
18.82 -0.0105217 -0.00396605 0.0112444
18.83 -0.0101061 -0.00462493 0.0111141
18.84 -0.00965166 -0.00524821 0.0109863
18.85 -0.00915924 -0.00583125 0.010858
18.86 -0.00863439 -0.00637295 0.0107316
18.87 -0.00807868 -0.00687029 0.010605
18.88 -0.00749821 -0.00732227 0.0104804
18.89 -0.00689448 -0.00772961 0.0103576
18.9 -0.00627084 -0.00809 0.0102358
18.91 -0.00562991 -0.00840193 0.0101138
18.92 -0.00497767 -0.00866456 0.00999258
18.93 -0.00431683 -0.00887955 0.00987327
18.94 -0.00365105 -0.00904546 0.00975451
18.95 -0.00298292 -0.00916522 0.00963841
18.96 -0.00231513 -0.00923559 0.00952134
18.97 -0.00165343 -0.00925902 0.00940549
18.98 -0.000999545 -0.00923701 0.00929094
18.99 -0.00035709 -0.00917118 0.00917812
19 0.000272515 -0.00906204 0.00906613
19.01 0.000885282 -0.00891144 0.00895531
19.02 0.0014794 -0.00872062 0.00884521
19.03 0.00205025 -0.00849153 0.00873553
19.04 0.00259835 -0.00822808 0.0086286
19.05 0.00311993 -0.00792957 0.00852127
19.06 0.00361328 -0.00760043 0.0084156
19.07 0.00407712 -0.0072417 0.00831055
19.08 0.00450905 -0.00685698 0.00820669
19.09 0.00490839 -0.00644789 0.00810355
19.1 0.00527374 -0.00601816 0.00800191
19.11 0.00560449 -0.00556929 0.0079011
19.12 0.00589871 -0.00510528 0.00780119
19.13 0.00615876 -0.00462784 0.00770372
19.14 0.00638084 -0.00413891 0.00760563
19.15 0.00656653 -0.00364266 0.00750921
19.16 0.00671517 -0.00314052 0.00741326
19.17 0.00682741 -0.00263666 0.00731884
19.18 0.00690386 -0.00213168 0.00722546
19.19 0.00694455 -0.00162872 0.00713298
19.2 0.00694904 -0.00112984 0.00704029
19.21 0.00691853 -0.000639984 0.00694807
19.22 0.00685643 -0.000158994 0.00685827
19.23 0.00676137 0.00031006 0.00676847
19.24 0.00663634 0.000766234 0.00668043
19.25 0.00648004 0.00120718 0.00659152
19.26 0.00629616 0.00162871 0.00650341
19.27 0.00608674 0.00203129 0.00641674
19.28 0.00585394 0.00241373 0.00633204
19.29 0.00559733 0.00277535 0.00624761
19.3 0.00531924 0.00311249 0.00616295
19.31 0.00502211 0.00342544 0.00607908
19.32 0.00470882 0.0037109 0.00599531
19.33 0.00438219 0.00397218 0.00591454
19.34 0.00404105 0.00420711 0.00583351
19.35 0.00368923 0.00441386 0.00575262
19.36 0.00332843 0.0045921 0.0056715
19.37 0.002963 0.00474231 0.00559186
19.38 0.00259348 0.00486565 0.00551368
19.39 0.00222176 0.00496229 0.00543696
19.4 0.00184775 0.00503192 0.00536044
19.41 0.00147669 0.00507249 0.00528306
19.42 0.00110978 0.00508836 0.00520798
19.43 0.0007481 0.0050789 0.0051337
19.44 0.000393166 0.00504613 0.00506142
19.45 4.48664e-05 0.00498885 0.00498905
19.46 -0.000292771 0.00490818 0.0049169
19.47 -0.000618299 0.00480559 0.0048452
19.48 -0.000930559 0.00468416 0.0047757
19.49 -0.00123103 0.00454382 0.00470763
19.5 -0.00151589 0.00438485 0.00463949
19.51 -0.00178599 0.00420919 0.00457242
19.52 -0.00203801 0.00401758 0.00450493
19.53 -0.00227252 0.00381427 0.00443994
19.54 -0.00249067 0.00359822 0.00437614
19.55 -0.00269081 0.00337122 0.00431342
19.56 -0.00287195 0.00313359 0.00425058
19.57 -0.00303338 0.00288865 0.00418876
19.58 -0.00317617 0.00263691 0.00412812
19.59 -0.00329923 0.00238085 0.00406858
19.6 -0.00340483 0.00211966 0.00401072
19.61 -0.00348935 0.00185493 0.00395175
19.62 -0.00355475 0.00159008 0.00389418
19.63 -0.00360102 0.00132463 0.00383693
19.64 -0.00362922 0.00106156 0.00378129
19.65 -0.00363933 0.00080002 0.00372623
19.66 -0.00363148 0.000542301 0.00367175
19.67 -0.00360581 0.000288983 0.00361737
19.68 -0.00356339 4.34666e-05 0.00356366
19.69 -0.0035063 -0.000196405 0.0035118
19.7 -0.00343306 -0.000427968 0.00345963
19.71 -0.00334625 -0.00065098 0.00340899
19.72 -0.0032444 -0.000864878 0.0033577
19.73 -0.00313057 -0.00106712 0.00330745
19.74 -0.00300482 -0.00125866 0.00325779
19.75 -0.00286861 -0.00143852 0.00320909
19.76 -0.00272165 -0.00160636 0.00316034
19.77 -0.00256627 -0.0017601 0.00311186
19.78 -0.00240275 -0.00190154 0.00306415
19.79 -0.00223283 -0.00202787 0.00301626
19.8 -0.00205818 -0.00214156 0.00297025
19.81 -0.00187763 -0.00224115 0.00292374
19.82 -0.00169466 -0.00232647 0.00287825
19.83 -0.00150871 -0.00239783 0.00283298
19.84 -0.00132192 -0.00245556 0.00278877
19.85 -0.00113419 -0.00249968 0.00274496
19.86 -0.000947611 -0.00253037 0.00270198
19.87 -0.000760956 -0.00254825 0.00265944
19.88 -0.000577614 -0.00255203 0.00261659
19.89 -0.000397256 -0.00254456 0.00257539
19.9 -0.00022011 -0.00252407 0.00253365
19.91 -4.85492e-05 -0.00249277 0.00249324
19.92 0.000118503 -0.00244996 0.00245282
19.93 0.000279036 -0.00239693 0.00241312
19.94 0.000433076 -0.00233392 0.00237376
19.95 0.00057938 -0.00226233 0.00233535
19.96 0.000719438 -0.00218201 0.00229756
19.97 0.000850155 -0.00209366 0.00225969
19.98 0.000973624 -0.00199889 0.0022234
19.99 0.00108816 -0.00189631 0.00218634
20 0.00119349 -0.00178931 0.00215083
20.01 0.0012903 -0.00167609 0.00211522
20.02 0.00137737 -0.00155883 0.00208017
20.03 0.00145492 -0.00143739 0.00204521
20.04 0.00152239 -0.00131349 0.0020107
20.05 0.00158074 -0.00118649 0.00197649
20.06 0.00162813 -0.00105874 0.0019421
20.07 0.00166717 -0.000929945 0.001909
20.08 0.00169539 -0.000800319 0.00187479
20.09 0.0017149 -0.000672657 0.0018421
20.1 0.00172497 -0.00054495 0.00180901
20.11 0.00172619 -0.00041997 0.00177654
20.12 0.00171876 -0.000297058 0.00174425
20.13 0.00170308 -0.000177623 0.00171232
20.14 0.00167938 -6.09218e-05 0.00168048
20.15 0.00164786 5.03694e-05 0.00164863
20.16 0.00160998 0.000158201 0.00161773
20.17 0.00156425 0.000260547 0.0015858
20.18 0.00151381 0.000356995 0.00155534
20.19 0.00145675 0.000448408 0.0015242
20.2 0.00139546 0.000532929 0.00149376
20.21 0.00132971 0.000611382 0.00146353
20.22 0.00126057 0.000683189 0.0014338
20.23 0.00118788 0.000748856 0.00140422
20.24 0.00111336 0.000806977 0.00137505
20.25 0.00103662 0.000859901 0.00134685
20.26 0.000957986 0.000905224 0.00131802
20.27 0.000879658 0.000944945 0.00129101
20.28 0.000799347 0.000978356 0.00126338
20.29 0.000720123 0.00100552 0.00123679
20.3 0.000640786 0.001027 0.00121051
20.31 0.000562478 0.00104266 0.0011847
20.32 0.000484906 0.00105294 0.00115923
20.33 0.000409807 0.00105764 0.00113426
20.34 0.000335585 0.00105828 0.00111022
20.35 0.000263939 0.00105314 0.00108572
20.36 0.000195133 0.00104519 0.00106325
20.37 0.000127658 0.00103231 0.00104017
20.38 6.40061e-05 0.0010165 0.00101851
20.39 2.2577e-06 0.000997298 0.000997301
20.4 -5.63549e-05 0.000975016 0.000976643
20.41 -0.000112586 0.000949916 0.000956565
20.42 -0.000165102 0.000922299 0.00093696
20.43 -0.00021595 0.000892369 0.000918127
20.44 -0.000262632 0.000859531 0.00089876
20.45 -0.000306795 0.000826085 0.000881215
20.46 -0.000348023 0.000789266 0.00086259
20.47 -0.000385403 0.000752407 0.000845371
20.48 -0.000420326 0.000713649 0.000828233
20.49 -0.000451641 0.000674179 0.000811478
20.5 -0.000480281 0.000633891 0.000795292
20.51 -0.000505418 0.000593464 0.000779518
20.52 -0.000528603 0.000552034 0.000764305
20.53 -0.000547746 0.000510628 0.000748843
20.54 -0.00056539 0.00046957 0.000734957
20.55 -0.000579401 0.000427225 0.000719879
20.56 -0.000591109 0.000386577 0.000706295
20.57 -0.000600224 0.000345147 0.000692384
20.58 -0.000606466 0.000304752 0.00067873
20.59 -0.000610426 0.000264908 0.000665429
20.6 -0.000611827 0.000226409 0.000652375
20.61 -0.00061126 0.00018809 0.000639544
20.62 -0.000608052 0.000151966 0.000626755
20.63 -0.000604176 0.000116511 0.000615308
20.64 -0.000597232 8.20494e-05 0.000602842
20.65 -0.000590169 4.97876e-05 0.000592266
20.66 -0.000581044 1.77145e-05 0.000581314
20.67 -0.000570806 -1.24227e-05 0.000570941
20.68 -0.000559618 -4.16684e-05 0.000561167
20.69 -0.000547266 -6.93357e-05 0.000551641
20.7 -0.000533705 -9.65058e-05 0.00054236
20.71 -0.000519266 -0.000121326 0.000533252
20.72 -0.000504455 -0.00014605 0.000525171
20.73 -0.000487612 -0.000168826 0.000516011
20.74 -0.000471784 -0.000190416 0.000508762
20.75 -0.000453978 -0.000211274 0.000500732
20.76 -0.000436372 -0.000230275 0.000493404
20.77 -0.000418262 -0.000248756 0.000486644
20.78 -0.000399725 -0.000265653 0.00047995
20.79 -0.000380409 -0.000282077 0.000473581
20.8 -0.000361211 -0.00029659 0.000467375
20.81 -0.000341295 -0.00031128 0.000461928
20.82 -0.000320372 -0.000323582 0.00045535
20.83 -0.000300402 -0.000335803 0.000450561
20.84 -0.000278514 -0.000346369 0.000444456
20.85 -0.000257571 -0.000355536 0.000439031
20.86 -0.000235941 -0.000363969 0.000433752
20.87 -0.000214564 -0.000370553 0.000428191
20.88 -0.000192845 -0.000376277 0.000422816
20.89 -0.000172158 -0.00038039 0.000417534
20.9 -0.000150838 -0.000384129 0.000412683
20.91 -0.000130247 -0.000385595 0.000406998
20.92 -0.000110383 -0.000387686 0.000403094
20.93 -8.99096e-05 -0.000387547 0.000397839
20.94 -7.09233e-05 -0.00038724 0.000393681
20.95 -5.15369e-05 -0.00038617 0.000389594
20.96 -3.31444e-05 -0.000383937 0.000385365
20.97 -1.48194e-05 -0.000381202 0.00038149
20.98 2.20536e-06 -0.000377882 0.000377889
20.99 1.96579e-05 -0.000373947 0.000374464
21 3.54798e-05 -0.000369072 0.000370773
21.01 5.14383e-05 -0.000365164 0.000368769
21.02 6.6837e-05 -0.000359449 0.00036561
21.03 8.14055e-05 -0.000354947 0.000364162
21.04 9.64609e-05 -0.000349861 0.000362915
21.05 0.000110718 -0.000344671 0.000362018
21.06 0.000125546 -0.000339483 0.000361954
21.07 0.000139945 -0.000334361 0.000362466
21.08 0.000155237 -0.000328348 0.000363196
21.09 0.000169659 -0.000322155 0.000364099
21.1 0.00018551 -0.000315947 0.000366383
21.11 0.000200495 -0.000307849 0.000367381
21.12 0.000216023 -0.000300605 0.000370175
21.13 0.000231995 -0.000291563 0.0003726
21.14 0.000247311 -0.000282252 0.000375272
21.15 0.000263492 -0.000271914 0.000378636
21.16 0.000279213 -0.000261005 0.000382209
21.17 0.000295369 -0.000248323 0.000385885
21.18 0.000310754 -0.000235152 0.000389698
21.19 0.000327196 -0.000220376 0.000394491
21.2 0.000341741 -0.000203649 0.000397819
21.21 0.000357001 -0.00018655 0.000402804
21.22 0.000371025 -0.000166697 0.000406752
21.23 0.000383715 -0.000146451 0.000410713
21.24 0.00039589 -0.000124223 0.000414922
21.25 0.000406276 -0.000101414 0.000418742
21.26 0.000415338 -7.68131e-05 0.000422381
21.27 0.000422651 -5.22204e-05 0.000425865
21.28 0.000429145 -2.59477e-05 0.000429929
21.29 0.000432521 6.23548e-07 0.000432522
21.3 0.000435863 2.76117e-05 0.000436737
21.31 0.000436223 5.592e-05 0.000439793
21.32 0.000435108 8.35749e-05 0.000443061
21.33 0.000432292 0.000112477 0.000446685
21.34 0.000427202 0.000140751 0.000449791
21.35 0.000419894 0.00016957 0.000452841
21.36 0.000410792 0.000197408 0.000455763
21.37 0.000399571 0.000225759 0.000458939
21.38 0.00038553 0.000252411 0.000460809
21.39 0.000370861 0.00027903 0.000464108
21.4 0.000352859 0.000304589 0.000466137
21.41 0.000334027 0.000328516 0.000468505
21.42 0.000313129 0.000352226 0.000471289
21.43 0.000290654 0.000373799 0.000473503
21.44 0.000266305 0.000394525 0.000475992
21.45 0.00024093 0.000413389 0.000478474
21.46 0.000213467 0.000431284 0.000481222
21.47 0.000184563 0.000446282 0.00048294
21.48 0.000154942 0.000460707 0.000486064
21.49 0.00012283 0.000472073 0.000487791
21.5 9.09008e-05 0.00048132 0.000489829
21.51 5.71263e-05 0.000488842 0.000492168
21.52 2.33e-05 0.000492955 0.000493505
21.53 -1.13855e-05 0.000495115 0.000495246
21.54 -4.57343e-05 0.000494472 0.000496583
21.55 -8.07482e-05 0.000491502 0.000498091
21.56 -0.000115009 0.000485122 0.000498568
21.57 -0.000148992 0.000477641 0.00050034
21.58 -0.000183001 0.000466073 0.000500713
21.59 -0.000215133 0.000452947 0.000501441
21.6 -0.000247622 0.000437312 0.000502552
21.61 -0.000277761 0.00041872 0.000502471
21.62 -0.000307276 0.000398306 0.000503057
21.63 -0.000334495 0.000375517 0.000502892
21.64 -0.000360432 0.000350669 0.000502872
21.65 -0.000383484 0.0003236 0.000501774
21.66 -0.000405058 0.000296047 0.000501713
21.67 -0.000424025 0.000265556 0.000500317
21.68 -0.000440242 0.000235483 0.000499265
21.69 -0.00045525 0.000203738 0.00049876
21.7 -0.000466675 0.000171436 0.000497168
21.71 -0.000476901 0.000138763 0.000496679
21.72 -0.000484252 0.0001057 0.000495654
21.73 -0.00048981 7.20928e-05 0.000495087
21.74 -0.00049243 3.8426e-05 0.000493927
21.75 -0.000493792 5.10794e-06 0.000493818
21.76 -0.000491867 -2.91867e-05 0.000492732
21.77 -0.000488194 -6.1801e-05 0.000492091
21.78 -0.000482708 -9.52341e-05 0.000492013
21.79 -0.000474099 -0.000127302 0.000490892
21.8 -0.000464559 -0.000158975 0.000491008
21.81 -0.000452466 -0.000189616 0.000490591
21.82 -0.000438802 -0.0002197 0.000490729
21.83 -0.000423027 -0.000248505 0.000490618
21.84 -0.000406317 -0.000276586 0.000491521
21.85 -0.000386553 -0.000304053 0.000491804
21.86 -0.000366188 -0.000329589 0.000492669
21.87 -0.000343557 -0.000355266 0.000494211
21.88 -0.000318684 -0.000378371 0.000494696
21.89 -0.000292947 -0.000400917 0.00049654
21.9 -0.000264772 -0.000421243 0.000497544
21.91 -0.000235254 -0.000440023 0.000498964
21.92 -0.000204125 -0.000456405 0.000499973
21.93 -0.000172201 -0.000471044 0.000501534
21.94 -0.000137899 -0.000483159 0.000502453
21.95 -0.000104122 -0.000492681 0.000503563
21.96 -6.83129e-05 -0.000500723 0.000505361
21.97 -3.2175e-05 -0.000504857 0.000505881
21.98 4.12079e-06 -0.000507855 0.000507872
21.99 4.13862e-05 -0.000507147 0.000508833
22 7.84654e-05 -0.000504144 0.000510214
22.01 0.000115617 -0.000497958 0.000511204
22.02 0.000152188 -0.000489286 0.000512408
22.03 0.000189044 -0.000476981 0.000513077
22.04 0.000223602 -0.000462218 0.000513462
22.05 0.000258538 -0.00044479 0.000514471
22.06 0.000290932 -0.000423633 0.000513913
22.07 0.000322005 -0.000401408 0.000514602
22.08 0.000351246 -0.000375514 0.000514184
22.09 0.000378169 -0.000348214 0.000514067
22.1 0.00040294 -0.000318635 0.000513701
22.11 0.000425322 -0.000287647 0.000513459
22.12 0.000445647 -0.000254267 0.000513081
22.13 0.000462527 -0.000220415 0.000512361
22.14 0.000478126 -0.000184675 0.000512551
22.15 0.000489603 -0.000147601 0.000511368
22.16 0.000499228 -0.000110704 0.000511355
22.17 0.000505428 -7.19457e-05 0.000510523
22.18 0.000508699 -3.36847e-05 0.000509813
22.19 0.000508945 4.99809e-06 0.000508969
22.2 0.000506186 4.33261e-05 0.000508036
22.21 0.000500425 8.18233e-05 0.00050707
22.22 0.0004915 0.0001186 0.000505606
22.23 0.000480557 0.000155698 0.00050515
22.24 0.000465689 0.000191232 0.000503424
22.25 0.000449566 0.000225252 0.000502841
22.26 0.000429835 0.000258866 0.000501767
22.27 0.000408153 0.000290045 0.000500714
22.28 0.000383921 0.000319956 0.000499767
22.29 0.000357317 0.000347673 0.00049855
22.3 0.000328408 0.00037359 0.000497415
22.31 0.000297592 0.000396092 0.000495429
22.32 0.00026518 0.000417304 0.000494432
22.33 0.000230456 0.000434541 0.00049187
22.34 0.000195944 0.000449269 0.000490139
22.35 0.00015902 0.000461386 0.000488021
22.36 0.000122585 0.000469708 0.000485441
22.37 8.54012e-05 0.000475674 0.000483279
22.38 4.8111e-05 0.000478248 0.000480662
22.39 1.08426e-05 0.000478236 0.000478359
22.4 -2.57882e-05 0.000474512 0.000475212
22.41 -6.2258e-05 0.000469111 0.000473225
22.42 -9.811e-05 0.000459416 0.000469775
22.43 -0.000131913 0.000448003 0.00046702
22.44 -0.000165942 0.000433526 0.0004642
22.45 -0.000196876 0.000416277 0.000460485
22.46 -0.000226809 0.000397266 0.000457453
22.47 -0.000254505 0.000375683 0.000453774
22.48 -0.000280151 0.000352675 0.000450404
22.49 -0.000303175 0.000327591 0.000446353
22.5 -0.000324687 0.000302051 0.000443459
22.51 -0.000343505 0.000274163 0.000439502
22.52 -0.000359845 0.000246663 0.00043627
22.53 -0.000375134 0.000217401 0.000433577
22.54 -0.000386785 0.000187863 0.000429994
22.55 -0.000397294 0.000157952 0.000427541
22.56 -0.000405128 0.000127203 0.000424629
22.57 -0.0004108 9.6563e-05 0.000421997
22.58 -0.000413867 6.55329e-05 0.000419023
22.59 -0.000415502 3.49782e-05 0.000416972
22.6 -0.000414053 3.88091e-06 0.000414072
22.61 -0.000410915 -2.568e-05 0.000411716
22.62 -0.000406235 -5.59966e-05 0.000410076
22.63 -0.000398519 -8.47414e-05 0.000407429
22.64 -0.000390078 -0.000113154 0.000406159
22.65 -0.000379103 -0.000141021 0.000404483
22.66 -0.000366593 -0.000167671 0.000403118
22.67 -0.000351957 -0.00019376 0.000401766
22.68 -0.000336201 -0.000218735 0.000401094
22.69 -0.000317542 -0.000242925 0.000399807
22.7 -0.000297964 -0.000265044 0.000398786
22.71 -0.000276437 -0.000286995 0.000398477
22.72 -0.000252636 -0.000305877 0.000396719
22.73 -0.000228375 -0.000323857 0.000396281
22.74 -0.000201801 -0.000339616 0.000395048
22.75 -0.000174682 -0.000352902 0.000393768
22.76 -0.000146118 -0.000364339 0.000392548
22.77 -0.000117404 -0.000373413 0.000391434
22.78 -8.70616e-05 -0.000380134 0.000389976
22.79 -5.74066e-05 -0.000384194 0.000388459
22.8 -2.67275e-05 -0.000386926 0.000387848
22.81 4.02542e-06 -0.000385691 0.000385712
22.82 3.40275e-05 -0.000383439 0.000384946
22.83 6.46677e-05 -0.00037794 0.000383432
22.84 9.38653e-05 -0.000369908 0.000381631
22.85 0.0001229 -0.000359697 0.000380113
22.86 0.000150263 -0.000347014 0.00037815
22.87 0.000177105 -0.000331805 0.000376113
22.88 0.000201412 -0.000314699 0.000373634
22.89 0.000225098 -0.000296219 0.000372041
22.9 0.000246363 -0.000274805 0.00036907
22.91 0.000265729 -0.000253497 0.00036725
22.92 0.000283755 -0.000229746 0.000365103
22.93 0.000298942 -0.0002052 0.000362592
22.94 0.000312835 -0.000179738 0.000360793
22.95 0.000324038 -0.000153302 0.000358472
22.96 0.000333578 -0.000125732 0.000356487
22.97 0.000340101 -9.80381e-05 0.00035395
22.98 0.000345246 -6.98698e-05 0.000352245
22.99 0.000347042 -4.08011e-05 0.000349432
23 0.000346996 -1.31838e-05 0.000347247
23.01 0.00034469 1.54167e-05 0.000345035
23.02 0.000339471 4.27478e-05 0.000342152
23.03 0.000332854 6.95161e-05 0.000340036
23.04 0.000323516 9.5434e-05 0.000337298
23.05 0.000312588 0.000120723 0.00033509
23.06 0.000299299 0.000144318 0.000332277
23.07 0.000284908 0.000167194 0.000330343
23.08 0.000267689 0.000188944 0.000327654
23.09 0.000249797 0.000208195 0.000325182
23.1 0.000229806 0.0002271 0.000323087
23.11 0.000208129 0.000242985 0.000319936
23.12 0.000185953 0.000257376 0.000317524
23.13 0.000161948 0.000269307 0.000314251
23.14 0.000137668 0.000279282 0.00031137
23.15 0.000112603 0.000286341 0.000307686
23.16 8.77788e-05 0.00029175 0.000304669
23.17 6.20058e-05 0.000294717 0.000301169
23.18 3.77181e-05 0.000294968 0.00029737
23.19 1.27711e-05 0.00029428 0.000294557
23.2 -1.13163e-05 0.000290267 0.000290487
23.21 -3.421e-05 0.000285291 0.000287335
23.22 -5.71022e-05 0.000277865 0.000283672
23.23 -7.84427e-05 0.000269033 0.000280236
23.24 -9.88559e-05 0.000258009 0.000276299
23.25 -0.000117828 0.000246084 0.000272838
23.26 -0.000136025 0.000232277 0.000269175
23.27 -0.00015144 0.000217277 0.000264846
23.28 -0.000166607 0.000201988 0.000261834
23.29 -0.000179279 0.000184829 0.000257493
23.3 -0.000190284 0.00016826 0.000254007
23.31 -0.000200354 0.000150431 0.000250542
23.32 -0.000208297 0.000132843 0.000247052
23.33 -0.000214999 0.000114672 0.000243668
23.34 -0.000220401 9.68771e-05 0.000240752
23.35 -0.000224741 7.84518e-05 0.00023804
23.36 -0.000226873 6.03853e-05 0.000234772
23.37 -0.000229078 4.25101e-05 0.000232989
23.38 -0.000228807 2.40452e-05 0.000230067
23.39 -0.000227621 6.82732e-06 0.000227723
23.4 -0.000225433 -1.10726e-05 0.000225705
23.41 -0.000221422 -2.78741e-05 0.00022317
23.42 -0.000216409 -4.45701e-05 0.000220951
23.43 -0.000210403 -6.03528e-05 0.000218888
23.44 -0.000203295 -7.60135e-05 0.000217041
23.45 -0.000194651 -9.04755e-05 0.000214651
23.46 -0.00018629 -0.000104579 0.000213637
23.47 -0.000175651 -0.000118219 0.000211729
23.48 -0.000164968 -0.000130301 0.000210221
23.49 -0.000153226 -0.000142641 0.000209343
23.5 -0.000140206 -0.000153102 0.0002076
23.51 -0.000126531 -0.00016312 0.000206442
23.52 -0.000112069 -0.000171656 0.000205
23.53 -9.67395e-05 -0.000179249 0.000203688
23.54 -8.0564e-05 -0.000184903 0.000201692
23.55 -6.49917e-05 -0.000189741 0.000200563
23.56 -4.779e-05 -0.000192881 0.000198713
23.57 -3.17854e-05 -0.000194155 0.00019674
23.58 -1.52526e-05 -0.000195035 0.000195631
23.59 1.14147e-06 -0.000193369 0.000193372
23.6 1.70807e-05 -0.00019117 0.000191932
23.61 3.27441e-05 -0.000187256 0.000190097
23.62 4.81137e-05 -0.000182235 0.00018848
23.63 6.3026e-05 -0.000175485 0.00018646
23.64 7.66143e-05 -0.00016823 0.000184854
23.65 9.05822e-05 -0.000159109 0.000183087
23.66 0.000102198 -0.00014897 0.000180656
23.67 0.000113659 -0.000138574 0.000179223
23.68 0.00012356 -0.000126197 0.000176615
23.69 0.000132126 -0.000114168 0.000174618
23.7 0.000139556 -0.000101161 0.000172364
23.71 0.00014582 -8.78864e-05 0.000170257
23.72 0.000150879 -7.41227e-05 0.000168103
23.73 0.000154518 -6.08267e-05 0.00016606
23.74 0.000157842 -4.65233e-05 0.000164555
23.75 0.000158839 -3.26844e-05 0.000162167
23.76 0.000159769 -1.91125e-05 0.000160908
23.77 0.000158824 -4.66485e-06 0.000158893
23.78 0.000156805 8.55018e-06 0.000157038
23.79 0.000153635 2.2053e-05 0.000155209
23.8 0.000149227 3.5017e-05 0.000153281
23.81 0.000143651 4.74546e-05 0.000151286
23.82 0.000136972 5.87197e-05 0.000149028
23.83 0.000129847 7.00896e-05 0.000147556
23.84 0.000121034 7.97582e-05 0.00014495
23.85 0.000112611 8.87102e-05 0.000143356
23.86 0.000102644 9.73443e-05 0.000141463
23.87 9.25829e-05 0.000104016 0.000139251
23.88 8.19173e-05 0.000110459 0.000137519
23.89 7.0734e-05 0.000115632 0.000135551
23.9 5.92147e-05 0.000119743 0.000133584
23.91 4.74143e-05 0.000122388 0.000131251
23.92 3.57074e-05 0.000124722 0.000129732
23.93 2.34164e-05 0.000124793 0.000126971
23.94 1.23092e-05 0.000124267 0.000124876
23.95 4.75617e-07 0.000122791 0.000122792
23.96 -1.00128e-05 0.000119359 0.000119778
23.97 -2.02591e-05 0.000115871 0.000117628
23.98 -2.98408e-05 0.000111061 0.000115
23.99 -3.85488e-05 0.000105663 0.000112475
24 -4.66135e-05 9.94625e-05 0.000109844
24.01 -5.38594e-05 9.35075e-05 0.00010791
24.02 -6.06489e-05 8.60396e-05 0.000105267
24.03 -6.59554e-05 7.91304e-05 0.000103013
24.04 -7.15234e-05 7.17532e-05 0.000101312
24.05 -7.52245e-05 6.35339e-05 9.84646e-05
24.06 -7.87364e-05 5.60705e-05 9.66609e-05
24.07 -8.12879e-05 4.78631e-05 9.43324e-05
24.08 -8.2799e-05 3.99143e-05 9.19175e-05
24.09 -8.37379e-05 3.19999e-05 8.96439e-05
24.1 -8.39954e-05 2.4833e-05 8.75894e-05
24.11 -8.3673e-05 1.70472e-05 8.53919e-05
24.12 -8.25364e-05 1.06572e-05 8.32216e-05
24.13 -8.18495e-05 4.10933e-06 8.19526e-05
24.14 -7.97347e-05 -2.38708e-06 7.97704e-05
24.15 -7.81836e-05 -7.86161e-06 7.85778e-05
24.16 -7.60094e-05 -1.38745e-05 7.72654e-05
24.17 -7.33096e-05 -1.93362e-05 7.58167e-05
24.18 -7.05795e-05 -2.4725e-05 7.47849e-05
24.19 -6.74347e-05 -2.96204e-05 7.36533e-05
24.2 -6.37962e-05 -3.49594e-05 7.27469e-05
24.21 -5.98484e-05 -3.89843e-05 7.14255e-05
24.22 -5.61551e-05 -4.33479e-05 7.09396e-05
24.23 -5.12496e-05 -4.72165e-05 6.96844e-05
24.24 -4.71602e-05 -5.01619e-05 6.88498e-05
24.25 -4.2356e-05 -5.34371e-05 6.81877e-05
24.26 -3.73431e-05 -5.58856e-05 6.72139e-05
24.27 -3.24566e-05 -5.82234e-05 6.66588e-05
24.28 -2.72257e-05 -5.99916e-05 6.58804e-05
24.29 -2.16138e-05 -6.19503e-05 6.56125e-05
24.3 -1.60443e-05 -6.25678e-05 6.45922e-05
24.31 -1.05684e-05 -6.35393e-05 6.44122e-05
24.32 -4.20866e-06 -6.35432e-05 6.36824e-05
24.33 9.97736e-07 -6.26955e-05 6.27034e-05
24.34 6.92119e-06 -6.18423e-05 6.22284e-05
24.35 1.24135e-05 -5.97807e-05 6.10559e-05
24.36 1.73749e-05 -5.76039e-05 6.01672e-05
24.37 2.22466e-05 -5.46805e-05 5.90328e-05
24.38 2.68582e-05 -5.18798e-05 5.84198e-05
24.39 3.07651e-05 -4.8038e-05 5.7045e-05
24.4 3.43724e-05 -4.47883e-05 5.64575e-05
24.41 3.81892e-05 -4.07181e-05 5.58245e-05
24.42 4.04988e-05 -3.64454e-05 5.44832e-05
24.43 4.3446e-05 -3.23893e-05 5.41906e-05
24.44 4.54453e-05 -2.74702e-05 5.31026e-05
24.45 4.68198e-05 -2.29279e-05 5.21323e-05
24.46 4.80064e-05 -1.78988e-05 5.12346e-05
24.47 4.86591e-05 -1.32304e-05 5.04257e-05
24.48 4.84643e-05 -8.09122e-06 4.91351e-05
24.49 4.81061e-05 -3.8086e-06 4.82566e-05
24.5 4.75885e-05 8.82653e-07 4.75967e-05
24.51 4.57634e-05 5.04132e-06 4.60402e-05
24.52 4.47832e-05 8.7297e-06 4.56261e-05
24.53 4.28159e-05 1.27486e-05 4.46736e-05
24.54 4.06216e-05 1.59289e-05 4.36331e-05
24.55 3.85535e-05 1.93932e-05 4.31563e-05
24.56 3.60594e-05 2.2353e-05 4.24256e-05
24.57 3.30453e-05 2.54496e-05 4.17094e-05
24.58 3.02221e-05 2.77997e-05 4.10634e-05
24.59 2.71211e-05 3.04036e-05 4.07423e-05
24.6 2.31445e-05 3.22e-05 3.96549e-05
24.61 2.00888e-05 3.3597e-05 3.91448e-05
24.62 1.60359e-05 3.49207e-05 3.84266e-05
24.63 1.21835e-05 3.51652e-05 3.7216e-05
24.64 8.63995e-06 3.55454e-05 3.65803e-05
24.65 4.93048e-06 3.51848e-05 3.55286e-05
24.66 1.18822e-06 3.47809e-05 3.48011e-05
24.67 -1.9367e-06 3.37573e-05 3.38128e-05
24.68 -5.15672e-06 3.29623e-05 3.33632e-05
24.69 -8.61267e-06 3.14278e-05 3.25865e-05
24.7 -1.08919e-05 2.98451e-05 3.17705e-05
24.71 -1.39758e-05 2.81318e-05 3.14121e-05
24.72 -1.62851e-05 2.55791e-05 3.03232e-05
24.73 -1.82075e-05 2.33893e-05 2.96407e-05
24.74 -2.00344e-05 2.04827e-05 2.86516e-05
24.75 -2.15114e-05 1.77497e-05 2.78889e-05
24.76 -2.21514e-05 1.47285e-05 2.6601e-05
24.77 -2.274e-05 1.21384e-05 2.57768e-05
24.78 -2.31411e-05 9.23752e-06 2.49167e-05
24.79 -2.23586e-05 6.89696e-06 2.33982e-05
24.8 -2.24278e-05 4.72608e-06 2.29203e-05
24.81 -2.1558e-05 2.34216e-06 2.16848e-05
24.82 -2.06836e-05 7.72393e-07 2.0698e-05
24.83 -1.99396e-05 -1.31575e-06 1.9983e-05
24.84 -1.90067e-05 -2.91516e-06 1.92289e-05
24.85 -1.77163e-05 -4.5496e-06 1.82911e-05
24.86 -1.67474e-05 -5.84576e-06 1.77384e-05
24.87 -1.57059e-05 -7.27321e-06 1.73082e-05
24.88 -1.39549e-05 -8.05697e-06 1.61137e-05
24.89 -1.32448e-05 -8.82772e-06 1.59171e-05
24.9 -1.16822e-05 -9.57856e-06 1.5107e-05
24.91 -1.0489e-05 -9.55874e-06 1.41911e-05
24.92 -9.58867e-06 -1.01313e-05 1.39494e-05
24.93 -8.58029e-06 -1.02011e-05 1.33298e-05
24.94 -7.56076e-06 -1.04105e-05 1.28664e-05
24.95 -6.97746e-06 -1.06598e-05 1.27404e-05
24.96 -6.23519e-06 -1.11085e-05 1.27388e-05
24.97 -5.07303e-06 -1.11718e-05 1.22697e-05
24.98 -4.77438e-06 -1.15498e-05 1.24977e-05
24.99 -3.47567e-06 -1.18418e-05 1.23414e-05
25 -2.58456e-06 -1.15569e-05 1.18424e-05
25.01 -1.72001e-06 -1.1879e-05 1.20029e-05
25.02 -5.82005e-07 -1.15477e-05 1.15624e-05
25.03 5.13742e-07 -1.1304e-05 1.13157e-05
25.04 1.29263e-06 -1.1108e-05 1.11829e-05
25.05 2.29554e-06 -1.08836e-05 1.11231e-05
25.06 3.45227e-06 -1.03496e-05 1.09102e-05
25.07 3.84716e-06 -1.02112e-05 1.09119e-05
25.08 5.17751e-06 -9.81435e-06 1.10963e-05
25.09 5.87478e-06 -9.0264e-06 1.07698e-05
25.1 6.66107e-06 -8.73874e-06 1.0988e-05
25.11 7.5982e-06 -7.66723e-06 1.07944e-05
25.12 8.36285e-06 -6.73437e-06 1.07373e-05
25.13 8.82062e-06 -5.75254e-06 1.05307e-05
25.14 9.37234e-06 -4.6111e-06 1.04452e-05
25.15 9.82058e-06 -3.28602e-06 1.03558e-05
25.16 9.4626e-06 -2.42179e-06 9.76759e-06
25.17 9.8612e-06 -1.28602e-06 9.94471e-06
25.18 9.34631e-06 -1.54464e-07 9.34759e-06
25.19 9.00708e-06 3.28459e-07 9.01307e-06
25.2 8.74093e-06 1.44032e-06 8.85881e-06
25.21 8.28134e-06 2.09391e-06 8.54195e-06
25.22 7.77416e-06 2.72756e-06 8.23876e-06
25.23 7.42643e-06 3.5424e-06 8.22803e-06
25.24 7.07303e-06 4.33526e-06 8.29592e-06
25.25 6.18871e-06 4.71666e-06 7.78119e-06
25.26 6.05625e-06 5.44706e-06 8.14547e-06
25.27 5.04544e-06 5.9409e-06 7.79427e-06
25.28 4.34505e-06 5.88568e-06 7.31579e-06
25.29 3.67483e-06 6.40531e-06 7.38461e-06
25.3 2.77124e-06 6.26934e-06 6.85452e-06
25.31 1.98625e-06 6.13644e-06 6.44989e-06
25.32 1.36335e-06 6.22013e-06 6.36779e-06
25.33 7.90987e-07 6.13516e-06 6.18594e-06
25.34 -3.86528e-08 5.85532e-06 5.85545e-06
25.35 -1.59981e-07 6.05227e-06 6.05438e-06
25.36 -1.04981e-06 5.92797e-06 6.02021e-06
25.37 -1.50679e-06 5.50026e-06 5.70292e-06
25.38 -2.02798e-06 5.63679e-06 5.99051e-06
25.39 -2.82173e-06 5.02871e-06 5.76629e-06
25.4 -3.41704e-06 4.4946e-06 5.64602e-06
25.41 -3.94056e-06 4.14683e-06 5.72051e-06
25.42 -4.40227e-06 3.44279e-06 5.58863e-06
25.43 -4.90481e-06 2.67496e-06 5.58682e-06
25.44 -4.70848e-06 2.36324e-06 5.26827e-06
25.45 -5.06419e-06 1.67057e-06 5.33262e-06
25.46 -4.76169e-06 9.98495e-07 4.86525e-06
25.47 -4.52786e-06 8.79657e-07 4.61252e-06
25.48 -4.45014e-06 1.02079e-07 4.45131e-06
25.49 -4.13279e-06 -3.87113e-07 4.15088e-06
25.5 -3.88413e-06 -7.21324e-07 3.95054e-06
25.51 -3.6287e-06 -1.41441e-06 3.89462e-06
25.52 -3.46782e-06 -1.99937e-06 4.00291e-06
25.53 -2.77034e-06 -2.16061e-06 3.51326e-06
25.54 -2.66529e-06 -2.71643e-06 3.80562e-06
25.55 -1.92126e-06 -2.98511e-06 3.54995e-06
25.56 -1.37456e-06 -2.75998e-06 3.08332e-06
25.57 -9.69282e-07 -3.07545e-06 3.22458e-06
25.58 -3.52608e-07 -2.85916e-06 2.88082e-06
25.59 -3.89195e-09 -2.55027e-06 2.55027e-06
25.6 2.83573e-07 -2.57546e-06 2.59102e-06
25.61 3.07657e-07 -2.39918e-06 2.41883e-06
25.62 6.37262e-07 -1.99628e-06 2.09553e-06
25.63 2.93364e-07 -2.09381e-06 2.11426e-06
25.64 4.80291e-07 -1.8451e-06 1.90658e-06
25.65 4.17789e-07 -1.35729e-06 1.42013e-06
25.66 2.67802e-07 -1.44528e-06 1.46988e-06
25.67 4.24571e-07 -9.51742e-07 1.04215e-06
25.68 3.2833e-07 -5.52691e-07 6.42859e-07
25.69 3.49754e-07 -5.11426e-07 6.19584e-07
25.7 2.10369e-07 -1.77623e-07 2.75327e-07
25.71 3.51973e-07 1.54726e-07 3.8448e-07
25.72 -3.93552e-08 -6.50427e-08 7.60223e-08
25.73 6.4486e-08 8.30653e-08 1.05158e-07
25.74 -5.64598e-08 1.94067e-07 2.02113e-07
25.75 -1.87852e-07 -2.43096e-07 3.0722e-07
25.76 5.25205e-08 -5.43005e-08 7.55443e-08
25.77 9.60414e-08 -5.98743e-08 1.13176e-07
25.78 3.88742e-07 -3.12081e-07 4.98513e-07
25.79 5.96394e-07 -8.66948e-08 6.02662e-07
25.8 1.03668e-06 4.56915e-08 1.03769e-06
25.81 1.02055e-06 -2.04014e-07 1.04075e-06
25.82 1.40667e-06 6.79734e-08 1.40832e-06
25.83 1.42596e-06 1.34578e-07 1.4323e-06
25.84 1.34661e-06 -1.89736e-07 1.35991e-06
25.85 1.48483e-06 8.82264e-08 1.48745e-06
25.86 1.27991e-06 3.75411e-08 1.28046e-06
25.87 1.32709e-06 -1.5707e-07 1.33635e-06
25.88 1.26325e-06 1.52341e-07 1.27241e-06
25.89 1.43262e-06 2.74813e-07 1.45874e-06
25.9 1.25828e-06 1.49623e-07 1.26715e-06
25.91 1.50391e-06 5.87574e-07 1.61462e-06
25.92 1.37648e-06 6.34775e-07 1.5158e-06
25.93 1.17722e-06 4.45777e-07 1.25879e-06
25.94 1.17095e-06 7.53371e-07 1.39237e-06
25.95 7.49133e-07 5.5394e-07 9.31692e-07
25.96 5.87181e-07 2.98779e-07 6.58825e-07
25.97 2.60569e-07 4.14833e-07 4.8988e-07
25.98 2.02527e-07 2.23914e-07 3.01918e-07
25.99 -1.12067e-07 -7.42628e-08 1.3444e-07
26 7.43678e-08 1.91938e-07 2.05841e-07
