0 -1.32689e-05 2.77273e-05 3.07387e-05
0.01 -2.66099e-05 5.52773e-05 6.13487e-05
0.02 -3.97204e-05 8.20153e-05 9.11275e-05
0.03 -5.19244e-05 0.00010882 0.000120573
0.04 -6.41979e-05 0.000134553 0.000149083
0.05 -7.62369e-05 0.000159307 0.000176609
0.06 -8.72417e-05 0.000183789 0.000203444
0.07 -9.78727e-05 0.000206741 0.000228738
0.08 -0.000108066 0.000228489 0.000252756
0.09 -0.000117218 0.000248828 0.000275055
0.1 -0.000125407 0.000267479 0.000295418
0.11 -0.000132752 0.0002847 0.00031413
0.12 -0.000139737 0.000299688 0.000330665
0.13 -0.000145215 0.000313395 0.000345403
0.14 -0.000149865 0.000325373 0.000358228
0.15 -0.00015402 0.000334818 0.000368545
0.16 -0.000156636 0.000342812 0.000376902
0.17 -0.000157932 0.000348429 0.000382551
0.18 -0.000158279 0.000351816 0.000385781
0.19 -0.000157478 0.000353208 0.000386723
0.2 -0.00015532 0.000352375 0.000385087
0.21 -0.000151833 0.000350028 0.00038154
0.22 -0.000147747 0.000345243 0.000375529
0.23 -0.000142379 0.000338589 0.000367307
0.24 -0.000135283 0.000330424 0.000357045
0.25 -0.000127712 0.000319638 0.000344207
0.26 -0.000118887 0.0003073 0.000329496
0.27 -0.00010882 0.000293288 0.000312826
0.28 -9.79441e-05 0.00027754 0.000294315
0.29 -8.65279e-05 0.000260498 0.000274492
0.3 -7.43681e-05 0.000241751 0.000252931
0.31 -6.10819e-05 0.000222125 0.00023037
0.32 -4.73594e-05 0.000201021 0.000206525
0.33 -3.33383e-05 0.000178391 0.000181479
0.34 -1.79649e-05 0.000155466 0.0001565
0.35 -2.53526e-06 0.000131304 0.000131328
0.36 1.29641e-05 0.000106616 0.000107401
0.37 2.88871e-05 8.17149e-05 8.66706e-05
0.38 4.50295e-05 5.63419e-05 7.21254e-05
0.39 6.1128e-05 3.10238e-05 6.855e-05
0.4 7.69185e-05 5.18372e-06 7.7093e-05
0.41 9.31362e-05 -2.037e-05 9.53377e-05
0.42 0.000109136 -4.55323e-05 0.000118253
0.43 0.000124036 -7.09053e-05 0.000142872
0.44 0.000138809 -9.51815e-05 0.000168308
0.45 0.000152984 -0.00011889 0.000193749
0.46 0.00016585 -0.000142029 0.000218354
0.47 0.000177991 -0.000164109 0.000242101
0.48 0.000189277 -0.000185562 0.000265064
0.49 0.000199775 -0.000205712 0.000286753
0.5 0.000208498 -0.000224972 0.00030673
0.51 0.000216142 -0.000243027 0.000325238
0.52 0.000222886 -0.000259139 0.000341806
0.53 0.000227494 -0.000274352 0.000356402
0.54 0.000230769 -0.000287795 0.00036889
0.55 0.000233083 -0.00029964 0.000379621
0.56 0.000233716 -0.000310255 0.000388435
0.57 0.000232831 -0.000319074 0.000394992
0.58 0.000230371 -0.000326507 0.000399597
0.59 0.000226759 -0.000332009 0.000402057
0.6 0.000221177 -0.000335753 0.000402056
0.61 0.000213557 -0.000338163 0.000399951
0.62 0.000205245 -0.000338388 0.000395768
0.63 0.000195014 -0.000337357 0.000389666
0.64 0.000183097 -0.000334842 0.000381633
0.65 0.000170152 -0.00033048 0.000371711
0.66 0.000155809 -0.000324825 0.000360261
0.67 0.000139884 -0.000317273 0.000346742
0.68 0.000122426 -0.000308385 0.000331798
0.69 0.000104058 -0.000297949 0.000315597
0.7 8.49586e-05 -0.000285855 0.000298213
0.71 6.41102e-05 -0.000272934 0.000280362
0.72 4.33028e-05 -0.000258408 0.000262011
0.73 2.19492e-05 -0.00024271 0.000243701
0.74 -5.23133e-07 -0.000225985 0.000225986
0.75 -2.33324e-05 -0.000207821 0.000209127
0.76 -4.6427e-05 -0.00018882 0.000194444
0.77 -6.97009e-05 -0.000168668 0.000182503
0.78 -9.33969e-05 -0.000147681 0.000174736
0.79 -0.000116895 -0.000126208 0.000172025
0.8 -0.000139429 -0.000103702 0.000173766
0.81 -0.000162452 -8.09539e-05 0.000181505
0.82 -0.000184986 -5.75516e-05 0.000193732
0.83 -0.000206427 -3.36015e-05 0.000209144
0.84 -0.000227708 -9.5791e-06 0.000227909
0.85 -0.000248063 1.49409e-05 0.000248512
0.86 -0.00026727 3.93194e-05 0.000270147
0.87 -0.000284785 6.36284e-05 0.000291806
0.88 -0.000301095 8.80289e-05 0.000313699
0.89 -0.00031633 0.000111887 0.000335535
0.9 -0.000329141 0.000135795 0.000356054
0.91 -0.000340683 0.000159179 0.000376036
0.92 -0.000350937 0.000182107 0.000395373
0.93 -0.000358556 0.000204559 0.000412804
0.94 -0.000364297 0.000226017 0.000428715
0.95 -0.000367899 0.00024676 0.00044299
0.96 -0.000369451 0.000266563 0.000455576
0.97 -0.000368558 0.00028508 0.000465946
0.98 -0.000365219 0.000302788 0.00047441
0.99 -0.000360614 0.000319093 0.000481521
1 -0.000353045 0.00033412 0.000486083
1.01 -0.000342953 0.000347727 0.000488396
1.02 -0.000331086 0.000359678 0.000488862
1.03 -0.000316416 0.000370292 0.000487068
1.04 -0.000299273 0.000378969 0.00048289
1.05 -0.000279983 0.000386179 0.000476995
1.06 -0.000258722 0.000391872 0.000469575
1.07 -0.000235644 0.000395617 0.000460479
1.08 -0.000209728 0.000397698 0.00044961
1.09 -0.000182748 0.000398051 0.000437998
1.1 -0.000153757 0.00039653 0.000425296
1.11 -0.000122391 0.000393149 0.000411759
1.12 -9.01061e-05 0.000387856 0.000398185
1.13 -5.65948e-05 0.000381034 0.000385214
1.14 -2.19093e-05 0.000372176 0.00037282
1.15 1.35819e-05 0.000361388 0.000361643
1.16 4.98376e-05 0.000349095 0.000352634
1.17 8.60443e-05 0.000334927 0.000345803
1.18 0.00012355 0.000318903 0.000342
1.19 0.000160872 0.000301337 0.00034159
1.2 0.000197501 0.000282335 0.000344557
1.21 0.000234453 0.000261748 0.000351397
1.22 0.000270412 0.000239595 0.000361288
1.23 0.000305387 0.000216393 0.000374282
1.24 0.000339457 0.00019205 0.000390018
1.25 0.000372451 0.000166254 0.000407872
1.26 0.000404531 0.000139711 0.000427978
1.27 0.000434318 0.000112402 0.000448627
1.28 0.000462751 8.4133e-05 0.000470337
1.29 0.000489397 5.50396e-05 0.000492482
1.3 0.000512893 2.56746e-05 0.000513535
1.31 0.000534427 -4.23801e-06 0.000534444
1.32 0.000553465 -3.47175e-05 0.000554553
1.33 0.000569679 -6.53547e-05 0.000573416
1.34 0.000583233 -9.58013e-05 0.000591049
1.35 0.000593506 -0.000126507 0.000606839
1.36 0.000601285 -0.000157228 0.000621502
1.37 0.000605107 -0.000187283 0.000633427
1.38 0.000605457 -0.000217041 0.000643184
1.39 0.000603092 -0.000246603 0.000651562
1.4 0.000596809 -0.000275271 0.000657233
1.41 0.000587339 -0.00030289 0.00066084
1.42 0.000574772 -0.000329863 0.000662701
1.43 0.000558597 -0.000355821 0.000662298
1.44 0.000539262 -0.000380401 0.000659931
1.45 0.00051589 -0.000403559 0.000654983
1.46 0.000489716 -0.000426001 0.000649075
1.47 0.000460213 -0.000446653 0.000641323
1.48 0.000427163 -0.000465492 0.000631784
1.49 0.000391833 -0.00048306 0.000621997
1.5 0.000353441 -0.000498993 0.000611485
1.51 0.000312147 -0.000512672 0.000600223
1.52 0.000268526 -0.000524743 0.000589459
1.53 0.000222108 -0.000535085 0.000579351
1.54 0.00017399 -0.000543548 0.000570716
1.55 0.000123506 -0.000549381 0.000563093
1.56 7.16862e-05 -0.000553482 0.000558105
1.57 1.89117e-05 -0.000555537 0.000555859
1.58 -3.54739e-05 -0.0005546 0.000555734
1.59 -9.0355e-05 -0.000551611 0.000558962
1.6 -0.000145848 -0.00054664 0.000565762
1.61 -0.000201972 -0.000539001 0.0005756
1.62 -0.00025777 -0.000528894 0.000588365
1.63 -0.000313638 -0.000516461 0.000604235
1.64 -0.000368438 -0.000501907 0.000622621
1.65 -0.000422413 -0.000484351 0.000642673
1.66 -0.000475385 -0.000464306 0.000664508
1.67 -0.00052649 -0.000442679 0.000687863
1.68 -0.000576234 -0.000418204 0.000711997
1.69 -0.000623894 -0.000391369 0.000736487
1.7 -0.00066904 -0.000362747 0.000761052
1.71 -0.000711855 -0.000331721 0.000785351
1.72 -0.000751188 -0.000298313 0.000808253
1.73 -0.000787686 -0.000262438 0.000830255
1.74 -0.000820676 -0.000225044 0.000850973
1.75 -0.000849954 -0.000185527 0.000869967
1.76 -0.000875759 -0.000143575 0.00088745
1.77 -0.000897433 -0.000100633 0.000903058
1.78 -0.000915062 -5.5917e-05 0.000916769
1.79 -0.0009283 -9.02263e-06 0.000928344
1.8 -0.000936781 3.89616e-05 0.000937591
1.81 -0.000941087 8.84155e-05 0.000945232
1.82 -0.000940447 0.000138699 0.000950619
1.83 -0.000935072 0.000190423 0.000954265
1.84 -0.000925312 0.000242314 0.000956513
1.85 -0.000910479 0.000294299 0.000956862
1.86 -0.000890902 0.000347358 0.000956224
1.87 -0.000866327 0.00040031 0.000954343
1.88 -0.000837115 0.000452771 0.000951715
1.89 -0.000803176 0.000505624 0.000949076
1.9 -0.000764322 0.000557525 0.000946056
1.91 -0.000721358 0.000608758 0.000943898
1.92 -0.000674048 0.000658347 0.000942211
1.93 -0.000622155 0.000707045 0.000941801
1.94 -0.000566409 0.00075442 0.000943382
1.95 -0.000506851 0.000799311 0.000946465
1.96 -0.000443511 0.000842761 0.000952338
1.97 -0.000376599 0.000884108 0.000960976
1.98 -0.000306761 0.000922039 0.00097173
1.99 -0.000234185 0.000957389 0.000985615
2 -0.000158623 0.000989131 0.00100177
2.01 -8.08544e-05 0.00101758 0.00102079
2.02 -1.43143e-06 0.00104195 0.00104195
2.03 7.99512e-05 0.0010622 0.0010652
2.04 0.000162836 0.00107886 0.00109108
2.05 0.000246266 0.0010903 0.00111777
2.06 0.000330294 0.00109689 0.00114554
2.07 0.000414862 0.00109888 0.00117459
2.08 0.000499193 0.00109502 0.00120344
2.09 0.000582633 0.00108622 0.00123262
2.1 0.000665424 0.00107177 0.00126154
2.11 0.000747121 0.00105211 0.0012904
2.12 0.000826718 0.00102695 0.00131836
2.13 0.000904057 0.00099557 0.0013448
2.14 0.00097944 0.000958844 0.00137065
2.15 0.00105174 0.000916035 0.00139473
2.16 0.00112039 0.000866969 0.00141666
2.17 0.00118587 0.000812744 0.00143765
2.18 0.00124733 0.000752373 0.00145667
2.19 0.00130421 0.000686836 0.00147401
2.2 0.0013561 0.000615698 0.00148933
2.21 0.00140349 0.000539041 0.00150344
2.22 0.00144544 0.000457557 0.00151613
2.23 0.00148126 0.000370663 0.00152694
2.24 0.00151154 0.00027936 0.00153714
2.25 0.00153592 0.000184051 0.00154691
2.26 0.00155298 8.45717e-05 0.00155528
2.27 0.0015636 -1.78326e-05 0.0015637
2.28 0.00156725 -0.000123723 0.00157213
2.29 0.00156389 -0.000232181 0.00158103
2.3 0.00155274 -0.000342741 0.00159012
2.31 0.0015344 -0.000455534 0.0016006
2.32 0.00150894 -0.000569215 0.00161273
2.33 0.0014752 -0.000683608 0.0016259
2.34 0.00143352 -0.000798171 0.00164075
2.35 0.00138488 -0.000912089 0.00165825
2.36 0.00132787 -0.00102536 0.00167768
2.37 0.0012634 -0.00113665 0.00169946
2.38 0.00119151 -0.00124611 0.00172409
2.39 0.00111252 -0.00135295 0.00175162
2.4 0.00102618 -0.00145584 0.00178115
2.41 0.000932293 -0.00155478 0.00181288
2.42 0.000832175 -0.00164901 0.00184709
2.43 0.000725261 -0.00173762 0.0018829
2.44 0.000611452 -0.00182024 0.0019202
2.45 0.000492583 -0.00189625 0.00195919
2.46 0.000367923 -0.00196549 0.00199963
2.47 0.000238181 -0.00202658 0.00204052
2.48 0.000103737 -0.0020793 0.00208188
2.49 -3.49461e-05 -0.00212359 0.00212388
2.5 -0.000177092 -0.00215823 0.00216549
2.51 -0.00032293 -0.00218288 0.00220664
2.52 -0.00047097 -0.00219773 0.00224762
2.53 -0.000620276 -0.00220208 0.00228777
2.54 -0.000771502 -0.0021953 0.00232692
2.55 -0.000922578 -0.00217724 0.00236464
2.56 -0.00107373 -0.00214807 0.00240148
2.57 -0.00122412 -0.00210709 0.00243686
2.58 -0.00137298 -0.00205383 0.00247049
2.59 -0.00151983 -0.00198915 0.00250332
2.6 -0.00166313 -0.0019127 0.00253464
2.61 -0.00180274 -0.00182397 0.00256451
2.62 -0.00193805 -0.00172339 0.00259348
2.63 -0.00206741 -0.00161177 0.00262145
2.64 -0.00219149 -0.0014883 0.00264909
2.65 -0.00230857 -0.00135365 0.00267617
2.66 -0.00241832 -0.00120842 0.00270343
2.67 -0.00251999 -0.00105333 0.00273128
2.68 -0.00261221 -0.000887926 0.002759
2.69 -0.00269506 -0.000713322 0.00278786
2.7 -0.00276736 -0.00053059 0.00281776
2.71 -0.00282843 -0.000339892 0.00284878
2.72 -0.00287849 -0.000141473 0.00288197
2.73 -0.00291599 6.248e-05 0.00291666
2.74 -0.0029413 0.000272003 0.00295385
2.75 -0.00295318 0.000486262 0.00299295
2.76 -0.00295125 0.00070415 0.00303409
2.77 -0.00293577 0.000924364 0.00307786
2.78 -0.00290558 0.00114617 0.00312347
2.79 -0.002861 0.00136894 0.00317164
2.8 -0.00280216 0.00159077 0.00322221
2.81 -0.00272832 0.00181033 0.0032743
2.82 -0.00263991 0.00202785 0.00332885
2.83 -0.00253628 0.00224087 0.00338441
2.84 -0.00241811 0.00244859 0.00344135
2.85 -0.00228516 0.00265026 0.0034994
2.86 -0.00213726 0.00284442 0.00355789
2.87 -0.00197576 0.00302991 0.00361718
2.88 -0.00180052 0.00320511 0.00367622
2.89 -0.00161148 0.00336955 0.00373507
2.9 -0.00140988 0.00352226 0.00379395
2.91 -0.00119593 0.00366103 0.00385142
2.92 -0.000970284 0.0037865 0.00390884
2.93 -0.000733358 0.00389684 0.00396525
2.94 -0.000486664 0.00399101 0.00402058
2.95 -0.000231205 0.00406839 0.00407495
2.96 3.29745e-05 0.00412781 0.00412794
2.97 0.000304094 0.00416893 0.00418001
2.98 0.000580917 0.0041908 0.00423088
2.99 0.000862996 0.00419269 0.00428059
3 0.0011492 0.00417522 0.00433049
3.01 0.00143748 0.00413642 0.00437908
3.02 0.00172701 0.00407695 0.00442766
3.03 0.00201667 0.00399618 0.00447621
3.04 0.00230506 0.00389368 0.00452482
3.05 0.00259002 0.00377007 0.00457401
3.06 0.00287112 0.00362483 0.00462415
3.07 0.00314682 0.00345861 0.00467595
3.08 0.00341508 0.00327198 0.00472955
3.09 0.00367433 0.0030643 0.00478442
3.1 0.00392418 0.00283714 0.00484237
3.11 0.00416201 0.00259008 0.00490213
3.12 0.00438659 0.00232431 0.00496433
3.13 0.0045968 0.00204075 0.00502943
3.14 0.00479141 0.00173972 0.00509747
3.15 0.0049684 0.00142328 0.00516825
3.16 0.00512663 0.00109194 0.00524163
3.17 0.00526527 0.000746455 0.00531792
3.18 0.00538306 0.000389025 0.0053971
3.19 0.00547787 2.01273e-05 0.00547791
3.2 0.00555006 -0.000358227 0.00556161
3.21 0.00559812 -0.000744796 0.00564744
3.22 0.00562065 -0.00113756 0.00573461
3.23 0.00561733 -0.00153445 0.00582314
3.24 0.00558737 -0.00193477 0.00591287
3.25 0.00553025 -0.00233604 0.00600339
3.26 0.00544524 -0.00273612 0.00609402
3.27 0.00533199 -0.00313428 0.00618497
3.28 0.00519123 -0.00352784 0.00627651
3.29 0.00502133 -0.00391477 0.00636704
3.3 0.00482316 -0.00429308 0.00645704
3.31 0.00459693 -0.00466122 0.00654666
3.32 0.00434241 -0.00501718 0.00663541
3.33 0.00406059 -0.00535835 0.00672312
3.34 0.0037519 -0.00568383 0.00681048
3.35 0.00341713 -0.00599166 0.00689759
3.36 0.00305761 -0.00627908 0.00698397
3.37 0.00267317 -0.0065447 0.00706958
3.38 0.00226631 -0.00678723 0.00715561
3.39 0.00183735 -0.00700427 0.00724124
3.4 0.00138805 -0.00719427 0.00732695
3.41 0.00092047 -0.00735601 0.00741338
3.42 0.000435707 -0.0074885 0.00750116
3.43 -6.36903e-05 -0.00758934 0.00758961
3.44 -0.000576088 -0.00765784 0.00767948
3.45 -0.00110005 -0.00769316 0.00777141
3.46 -0.00163228 -0.00769419 0.00786542
3.47 -0.00217162 -0.0076592 0.00796111
3.48 -0.00271499 -0.00758894 0.00805997
3.49 -0.00326002 -0.00748222 0.00816158
3.5 -0.00380426 -0.00733844 0.0082659
3.51 -0.00434456 -0.00715738 0.00837277
3.52 -0.00487934 -0.0069395 0.00848319
3.53 -0.00540539 -0.00668428 0.00859639
3.54 -0.00591955 -0.00639197 0.00871197
3.55 -0.00642041 -0.006063 0.00883072
3.56 -0.00690407 -0.00569873 0.00895219
3.57 -0.007368 -0.00529855 0.00907535
3.58 -0.00780957 -0.00486414 0.0092005
3.59 -0.00822629 -0.00439681 0.00932758
3.6 -0.00861586 -0.00389726 0.0094563
3.61 -0.00897497 -0.00336727 0.00958585
3.62 -0.00930214 -0.0028086 0.0097169
3.63 -0.0095951 -0.00222293 0.00984923
3.64 -0.00985031 -0.00161263 0.00998144
3.65 -0.0100666 -0.000978837 0.0101141
3.66 -0.010242 -0.000325089 0.0102472
3.67 -0.0103744 0.000346977 0.0103802
3.68 -0.010462 0.00103471 0.010513
3.69 -0.0105037 0.00173475 0.010646
3.7 -0.0104985 0.00244489 0.0107794
3.71 -0.0104443 0.00316185 0.0109124
3.72 -0.0103404 0.0038825 0.0110452
3.73 -0.0101868 0.00460458 0.0111791
3.74 -0.00998221 0.00532351 0.011313
3.75 -0.0097262 0.00603715 0.0114475
3.76 -0.00941974 0.00674142 0.0115835
3.77 -0.00906253 0.00743283 0.0117208
3.78 -0.00865472 0.00810827 0.0118595
3.79 -0.0081969 0.00876371 0.0119997
3.8 -0.00769069 0.00939655 0.0121426
3.81 -0.00713641 0.010003 0.0122877
3.82 -0.00653565 0.010579 0.012435
3.83 -0.00589004 0.0111224 0.0125857
3.84 -0.00520225 0.0116289 0.0127395
3.85 -0.00447304 0.0120952 0.0128958
3.86 -0.00370558 0.0125188 0.0130557
3.87 -0.00290249 0.0128964 0.013219
3.88 -0.00206628 0.0132257 0.0133861
3.89 -0.00119983 0.0135031 0.0135563
3.9 -0.000306957 0.013727 0.0137304
3.91 0.000609396 0.013895 0.0139084
3.92 0.00154508 0.0140036 0.0140886
3.93 0.00249728 0.014052 0.0142721
3.94 0.0034609 0.0140385 0.0144588
3.95 0.0044326 0.0139612 0.0146479
3.96 0.00540816 0.0138191 0.0148397
3.97 0.00638275 0.0136113 0.0150336
3.98 0.00735239 0.0133376 0.0152299
3.99 0.00831256 0.0129965 0.0154275
4 0.00925837 0.0125881 0.0156262
4.01 0.0101862 0.0121136 0.0158271
4.02 0.0110901 0.0115725 0.0160286
4.03 0.0119666 0.0109658 0.0162311
4.04 0.0128105 0.0102954 0.0164348
4.05 0.013617 0.00956239 0.0166392
4.06 0.0143823 0.0087681 0.0168443
4.07 0.0151013 0.00791475 0.0170497
4.08 0.0157704 0.00700529 0.0172563
4.09 0.0163853 0.00604195 0.0174638
4.1 0.016941 0.00502767 0.0176713
4.11 0.0174352 0.0039662 0.0178806
4.12 0.017863 0.00286155 0.0180907
4.13 0.018221 0.00171656 0.0183017
4.14 0.0185068 0.00053607 0.0185146
4.15 0.0187171 -0.000675382 0.0187293
4.16 0.0188495 -0.00191334 0.0189464
4.17 0.0189011 -0.00317306 0.0191656
4.18 0.0188702 -0.00444873 0.0193875
4.19 0.0187555 -0.0057356 0.0196129
4.2 0.018554 -0.00702753 0.0198403
4.21 0.0182659 -0.00831977 0.0200714
4.22 0.0178909 -0.00960558 0.0203064
4.23 0.0174276 -0.0108795 0.0205447
4.24 0.0168767 -0.0121356 0.0207869
4.25 0.0162383 -0.0133675 0.0210327
4.26 0.0155138 -0.0145693 0.0212824
4.27 0.0147033 -0.0157351 0.0215355
4.28 0.0138088 -0.0168582 0.0217918
4.29 0.0128332 -0.0179339 0.0220525
4.3 0.0117783 -0.0189547 0.0223161
4.31 0.0106467 -0.0199158 0.0225829
4.32 0.00944281 -0.0208112 0.0228533
4.33 0.00816944 -0.0216352 0.0231262
4.34 0.00683059 -0.0223828 0.0234019
4.35 0.00543064 -0.0230488 0.0236799
4.36 0.00397505 -0.0236284 0.0239605
4.37 0.0024685 -0.0241174 0.0242434
4.38 0.000916458 -0.0245102 0.0245273
4.39 -0.000674966 -0.0248046 0.0248138
4.4 -0.00229937 -0.0249961 0.0251017
4.41 -0.00395136 -0.0250814 0.0253907
4.42 -0.00562371 -0.0250585 0.0256818
4.43 -0.00730944 -0.0249249 0.0259746
4.44 -0.00900162 -0.0246787 0.0262691
4.45 -0.010693 -0.0243181 0.0265653
4.46 -0.0123757 -0.0238425 0.026863
4.47 -0.0140427 -0.023252 0.0271634
4.48 -0.0156856 -0.0225451 0.0274649
4.49 -0.0172977 -0.0217237 0.0277692
4.5 -0.0188704 -0.0207894 0.0280765
4.51 -0.0203961 -0.0197425 0.0283861
4.52 -0.0218674 -0.0185859 0.0286988
4.53 -0.0232764 -0.0173222 0.0290147
4.54 -0.0246157 -0.0159547 0.029334
4.55 -0.025878 -0.0144868 0.029657
4.56 -0.0270556 -0.0129229 0.0299835
4.57 -0.0281429 -0.0112686 0.030315
4.58 -0.0291316 -0.00952881 0.0306504
4.59 -0.0300158 -0.00770874 0.0309899
4.6 -0.03079 -0.00581601 0.0313345
4.61 -0.0314477 -0.00385624 0.0316832
4.62 -0.0319838 -0.00183689 0.0320365
4.63 -0.0323934 0.000234695 0.0323943
4.64 -0.0326721 0.00234972 0.0327565
4.65 -0.032816 0.00450054 0.0331232
4.66 -0.0328204 0.00667818 0.033493
4.67 -0.032684 0.00887402 0.0338673
4.68 -0.0324038 0.0110782 0.0342452
4.69 -0.0319771 0.0132825 0.034626
4.7 -0.0314041 0.0154765 0.0350106
4.71 -0.0306837 0.0176506 0.0353982
4.72 -0.0298158 0.0197948 0.0357885
4.73 -0.0288007 0.0218995 0.036181
4.74 -0.02764 0.0239542 0.0365755
4.75 -0.0263363 0.0259497 0.0369728
4.76 -0.0248911 0.0278754 0.0373711
4.77 -0.0233084 0.0297223 0.0377716
4.78 -0.021593 0.0314805 0.0381743
4.79 -0.0197481 0.0331403 0.0385781
4.8 -0.0177797 0.0346928 0.0389835
4.81 -0.0156937 0.0361294 0.0393906
4.82 -0.0134966 0.0374412 0.0397995
4.83 -0.0111955 0.0386204 0.0402104
4.84 -0.00879831 0.0396588 0.040623
4.85 -0.00631406 0.0405503 0.0410389
4.86 -0.00375134 0.0412869 0.041457
4.87 -0.00111892 0.0418626 0.0418776
4.88 0.00157222 0.0422727 0.042302
4.89 0.00431239 0.0425114 0.0427295
4.9 0.00709066 0.0425742 0.0431607
4.91 0.00989576 0.042458 0.0435959
4.92 0.0127158 0.0421594 0.0440353
4.93 0.0155393 0.0416765 0.0444792
4.94 0.0183539 0.0410065 0.0449266
4.95 0.0211481 0.0401502 0.0453793
4.96 0.0239088 0.0391074 0.0458369
4.97 0.0266241 0.0378777 0.0462986
4.98 0.0292811 0.0364643 0.0467657
4.99 0.0318676 0.0348691 0.0472377
5 0.0343706 0.0330951 0.0477139
5.01 0.0367782 0.0311464 0.0481947
5.02 0.0390779 0.0290281 0.0486797
5.03 0.0412588 0.0267465 0.0491697
5.04 0.0433078 0.0243075 0.0496631
5.05 0.0452148 0.0217184 0.0501604
5.06 0.0469688 0.0189886 0.050662
5.07 0.0485588 0.0161251 0.0511662
5.08 0.0499753 0.0131384 0.0516735
5.09 0.0512094 0.0100387 0.0521841
5.1 0.052252 0.00683704 0.0526974
5.11 0.0530955 0.00354483 0.0532137
5.12 0.0537319 0.000174607 0.0537321
5.13 0.0541559 -0.00326103 0.054254
5.14 0.0543609 -0.00674849 0.0547782
5.15 0.0543415 -0.010275 0.0553044
5.16 0.0540953 -0.0138257 0.0558341
5.17 0.0536181 -0.0173864 0.0563665
5.18 0.0529075 -0.0209421 0.0569014
5.19 0.0519629 -0.0244779 0.0574396
5.2 0.0507836 -0.0279784 0.0579807
5.21 0.0493708 -0.0314286 0.0585254
5.22 0.0477252 -0.0348126 0.0590729
5.23 0.0458506 -0.0381161 0.0596248
5.24 0.0437513 -0.0413231 0.0601812
5.25 0.0414305 -0.0444184 0.0607411
5.26 0.0388954 -0.0473872 0.0613058
5.27 0.0361523 -0.0502149 0.0618751
5.28 0.0332089 -0.0528867 0.0624487
5.29 0.0300741 -0.0553891 0.063027
5.3 0.0267578 -0.0577084 0.06361
5.31 0.023271 -0.0598325 0.0641986
5.32 0.0196251 -0.0617476 0.0647913
5.33 0.0158319 -0.0634429 0.0653885
5.34 0.0119059 -0.0649081 0.065991
5.35 0.0078598 -0.0661317 0.0665971
5.36 0.00370909 -0.0671051 0.0672075
5.37 -0.000530986 -0.0678204 0.0678224
5.38 -0.00484397 -0.0682695 0.0684411
5.39 -0.00921343 -0.0684462 0.0690635
5.4 -0.0136218 -0.0683447 0.0696889
5.41 -0.0180523 -0.0679614 0.0703182
5.42 -0.022486 -0.0672929 0.0709503
5.43 -0.0269055 -0.0663358 0.0715845
5.44 -0.0312919 -0.0650914 0.0722224
5.45 -0.0356265 -0.0635586 0.0728625
5.46 -0.0398901 -0.0617387 0.0735044
5.47 -0.0440646 -0.059635 0.0741486
5.48 -0.0481309 -0.0572511 0.0747949
5.49 -0.052071 -0.0545923 0.0754434
5.5 -0.0558657 -0.0516649 0.0760936
5.51 -0.0594982 -0.0484765 0.0767464
5.52 -0.0629506 -0.0450368 0.0774021
5.53 -0.0662047 -0.0413544 0.0780593
5.54 -0.069245 -0.0374414 0.0787193
5.55 -0.0720556 -0.0333099 0.0793824
5.56 -0.0746205 -0.0289732 0.0800479
5.57 -0.0769259 -0.0244461 0.0807168
5.58 -0.0789579 -0.0197441 0.0813891
5.59 -0.0807045 -0.0148836 0.0820654
5.6 -0.0821528 -0.00988245 0.0827451
5.61 -0.0832925 -0.00475786 0.0834283
5.62 -0.0841153 0.000470528 0.0841167
5.63 -0.0846113 0.00578324 0.0848087
5.64 -0.0847739 0.0111595 0.0855053
5.65 -0.0845978 0.0165788 0.086207
5.66 -0.0840776 0.0220192 0.0869131
5.67 -0.0832105 0.0274589 0.0876241
5.68 -0.0819944 0.0328755 0.0883396
5.69 -0.0804291 0.0382478 0.0890603
5.7 -0.078516 0.0435519 0.089786
5.71 -0.0762562 0.0487653 0.0905155
5.72 -0.0736551 0.053866 0.0912503
5.73 -0.0707169 0.0588312 0.0919891
5.74 -0.0674486 0.0636379 0.0927313
5.75 -0.0638585 0.0682653 0.0934776
5.76 -0.0599562 0.0726915 0.0942274
5.77 -0.0557528 0.0768959 0.0949808
5.78 -0.0512614 0.0808573 0.0957373
5.79 -0.0464945 0.0845569 0.0964967
5.8 -0.0414686 0.0879762 0.0972597
5.81 -0.0361991 0.0910955 0.0980243
5.82 -0.0307042 0.0938993 0.0987918
5.83 -0.025002 0.0963716 0.099562
5.84 -0.0191135 0.0984969 0.100334
5.85 -0.0130591 0.100262 0.101109
5.86 -0.00686102 0.101655 0.101886
5.87 -0.000541253 0.102664 0.102665
5.88 0.00587542 0.10328 0.103447
5.89 0.0123657 0.103494 0.104231
5.9 0.0189047 0.103302 0.105018
5.91 0.0254662 0.102696 0.105807
5.92 0.0320241 0.101675 0.106599
5.93 0.0385529 0.100235 0.107394
5.94 0.0450253 0.0983779 0.108192
5.95 0.0514149 0.0961041 0.108993
5.96 0.0576948 0.0934175 0.109798
5.97 0.0638391 0.0903225 0.110605
5.98 0.0698207 0.0868269 0.111417
5.99 0.0756128 0.0829381 0.112232
6 0.0811911 0.0786666 0.113051
6.01 0.0865296 0.0740238 0.113872
6.02 0.0916033 0.0690237 0.114697
6.03 0.0963893 0.0636811 0.115526
6.04 0.100864 0.0580125 0.116357
6.05 0.105006 0.0520363 0.117193
6.06 0.108794 0.0457727 0.118031
6.07 0.112208 0.0392413 0.118872
6.08 0.11523 0.0324653 0.119716
6.09 0.117841 0.0254684 0.120562
6.1 0.120027 0.0182753 0.12141
6.11 0.121773 0.0109112 0.122261
6.12 0.123067 0.00340442 0.123114
6.13 0.123897 -0.00421804 0.123969
6.14 0.124253 -0.0119276 0.124825
6.15 0.124129 -0.0196953 0.125682
6.16 0.123519 -0.0274907 0.126541
6.17 0.122418 -0.0352835 0.127401
6.18 0.120825 -0.0430439 0.128263
6.19 0.11874 -0.0507396 0.129127
6.2 0.116164 -0.0583396 0.129991
6.21 0.113102 -0.0658138 0.130857
6.22 0.109559 -0.0731305 0.131724
6.23 0.105543 -0.0802591 0.132593
6.24 0.101066 -0.0871695 0.133465
6.25 0.0961362 -0.0938314 0.134337
6.26 0.0907702 -0.100217 0.135213
6.27 0.0849826 -0.106295 0.13609
6.28 0.0787905 -0.11204 0.136971
6.29 0.0722135 -0.117425 0.137853
6.3 0.0652736 -0.122425 0.138739
6.31 0.0579926 -0.127016 0.139628
6.32 0.0503952 -0.131173 0.140521
6.33 0.0425073 -0.134877 0.141416
6.34 0.0343568 -0.138107 0.142316
6.35 0.0259716 -0.140844 0.143218
6.36 0.0173814 -0.143073 0.144125
6.37 0.00861869 -0.144779 0.145035
6.38 -0.000285062 -0.145948 0.145948
6.39 -0.00929729 -0.14657 0.146865
6.4 -0.0183831 -0.146636 0.147784
6.41 -0.0275087 -0.14614 0.148706
6.42 -0.0366391 -0.145076 0.149631
6.43 -0.0457387 -0.143442 0.150557
6.44 -0.0547723 -0.141238 0.151487
6.45 -0.0637028 -0.138467 0.152417
6.46 -0.0724958 -0.135131 0.153349
6.47 -0.0811148 -0.131238 0.154282
6.48 -0.0895246 -0.126796 0.155216
6.49 -0.0976907 -0.121817 0.15615
6.5 -0.105578 -0.116314 0.157085
6.51 -0.113154 -0.110302 0.15802
6.52 -0.120385 -0.103799 0.158956
6.53 -0.12724 -0.0968244 0.15989
6.54 -0.133688 -0.0893996 0.160825
6.55 -0.139699 -0.0815492 0.16176
6.56 -0.145247 -0.0732978 0.162694
6.57 -0.150305 -0.0646732 0.163628
6.58 -0.154847 -0.0557055 0.164562
6.59 -0.158852 -0.0464246 0.165497
6.6 -0.162297 -0.0368631 0.166431
6.61 -0.165164 -0.0270551 0.167365
6.62 -0.167437 -0.0170349 0.168301
6.63 -0.169099 -0.0068401 0.169237
6.64 -0.170138 0.00349345 0.170174
6.65 -0.170545 0.0139262 0.171112
6.66 -0.170309 0.0244197 0.172051
6.67 -0.169427 0.0349344 0.172991
6.68 -0.167894 0.04543 0.173932
6.69 -0.16571 0.0558665 0.174874
6.7 -0.162877 0.0662033 0.175818
6.71 -0.1594 0.0763988 0.176763
6.72 -0.155284 0.0864146 0.177709
6.73 -0.15054 0.0962086 0.178657
6.74 -0.145178 0.105742 0.179605
6.75 -0.139213 0.114976 0.180554
6.76 -0.132664 0.123873 0.181505
6.77 -0.125547 0.132394 0.182456
6.78 -0.117886 0.140504 0.183408
6.79 -0.109703 0.148168 0.18436
6.8 -0.101025 0.155353 0.185312
6.81 -0.091881 0.162025 0.186264
6.82 -0.0822991 0.168157 0.187216
6.83 -0.0723131 0.173719 0.188169
6.84 -0.0619567 0.178684 0.189121
6.85 -0.0512654 0.183028 0.190072
6.86 -0.0402768 0.186729 0.191024
6.87 -0.0290296 0.189768 0.191975
6.88 -0.0175641 0.192125 0.192926
6.89 -0.00592182 0.193787 0.193877
6.9 0.00585615 0.194741 0.194829
6.91 0.0177243 0.194976 0.19578
6.92 0.0296403 0.194486 0.196731
6.93 0.0415593 0.193265 0.197683
6.94 0.0534364 0.191312 0.198635
6.95 0.0652259 0.188628 0.199587
6.96 0.0768834 0.185217 0.20054
6.97 0.0883635 0.181084 0.201493
6.98 0.0996214 0.17624 0.202447
6.99 0.110612 0.170697 0.203402
7 0.121294 0.164468 0.204357
7.01 0.131622 0.157573 0.205313
7.02 0.141556 0.15003 0.206269
7.03 0.151054 0.141864 0.207226
7.04 0.160077 0.133099 0.208183
7.05 0.168588 0.123764 0.20914
7.06 0.17655 0.113888 0.210096
7.07 0.183928 0.103504 0.211051
7.08 0.190691 0.0926468 0.212006
7.09 0.196808 0.0813539 0.21296
7.1 0.202251 0.0696624 0.213912
7.11 0.206994 0.0576135 0.214862
7.12 0.211013 0.0452497 0.21581
7.13 0.214288 0.0326144 0.216756
7.14 0.216801 0.0197519 0.217699
7.15 0.218536 0.00670913 0.218639
7.16 0.219482 -0.00646696 0.219577
7.17 0.219627 -0.019728 0.220512
7.18 0.218965 -0.0330263 0.221442
7.19 0.217494 -0.0463118 0.22237
7.2 0.215211 -0.0595353 0.223294
7.21 0.212118 -0.0726477 0.224214
7.22 0.208223 -0.0855993 0.225131
7.23 0.203532 -0.0983405 0.226045
7.24 0.198058 -0.110823 0.226955
7.25 0.191815 -0.122998 0.227863
7.26 0.184819 -0.134819 0.228767
7.27 0.177094 -0.14624 0.22967
7.28 0.16866 -0.157214 0.23057
7.29 0.159545 -0.167699 0.231468
7.3 0.149777 -0.177653 0.232365
7.31 0.139388 -0.187034 0.233261
7.32 0.128411 -0.195804 0.234155
7.33 0.116883 -0.203926 0.235048
7.34 0.104844 -0.211367 0.235941
7.35 0.0923329 -0.218093 0.236833
7.36 0.0793933 -0.224075 0.237725
7.37 0.0660702 -0.229288 0.238617
7.38 0.05241 -0.233705 0.239509
7.39 0.0384601 -0.237304 0.240401
7.4 0.0242702 -0.240068 0.241292
7.41 0.00989095 -0.241982 0.242184
7.42 -0.00462611 -0.243031 0.243075
7.43 -0.0192286 -0.243207 0.243966
7.44 -0.0338635 -0.242503 0.244856
7.45 -0.0484779 -0.240917 0.245746
7.46 -0.0630171 -0.238447 0.246634
7.47 -0.0774292 -0.235099 0.247521
7.48 -0.0916596 -0.230878 0.248407
7.49 -0.105655 -0.225794 0.249291
7.5 -0.119363 -0.219861 0.250173
7.51 -0.132733 -0.213096 0.251053
7.52 -0.145712 -0.205517 0.251931
7.53 -0.158252 -0.197147 0.252805
7.54 -0.170304 -0.188012 0.253677
7.55 -0.181823 -0.178142 0.254547
7.56 -0.192761 -0.167567 0.255413
7.57 -0.203077 -0.156322 0.256275
7.58 -0.212729 -0.144444 0.257134
7.59 -0.221678 -0.131973 0.257988
7.6 -0.229888 -0.11895 0.258839
7.61 -0.237325 -0.105419 0.259685
7.62 -0.243958 -0.0914276 0.260528
7.63 -0.249759 -0.0770231 0.261366
7.64 -0.2547 -0.0622562 0.262198
7.65 -0.258761 -0.0471768 0.263027
7.66 -0.261922 -0.0318394 0.26385
7.67 -0.264166 -0.0162978 0.264668
7.68 -0.26548 -0.000606529 0.265481
7.69 -0.265856 0.0151779 0.266289
7.7 -0.265286 0.0309983 0.26709
7.71 -0.263767 0.0467987 0.267886
7.72 -0.2613 0.0625213 0.268676
7.73 -0.25789 0.0781104 0.269459
7.74 -0.253544 0.0935069 0.270237
7.75 -0.248272 0.108656 0.271007
7.76 -0.242089 0.123502 0.271771
7.77 -0.235013 0.137989 0.272529
7.78 -0.227064 0.152064 0.273279
7.79 -0.218268 0.165674 0.274023
7.8 -0.208651 0.178768 0.27476
7.81 -0.198245 0.191297 0.275491
7.82 -0.187082 0.203212 0.276216
7.83 -0.1752 0.21447 0.276933
7.84 -0.162637 0.225025 0.277646
7.85 -0.149435 0.234838 0.278352
7.86 -0.135639 0.24387 0.279053
7.87 -0.121294 0.252085 0.279748
7.88 -0.106451 0.25945 0.28044
7.89 -0.0911595 0.265936 0.281126
7.9 -0.0754722 0.271515 0.28181
7.91 -0.0594428 0.276165 0.28249
7.92 -0.0431281 0.279864 0.283168
7.93 -0.0265837 0.282595 0.283843
7.94 -0.00986809 0.284346 0.284517
7.95 0.0069595 0.285106 0.285191
7.96 0.0238402 0.284868 0.285864
7.97 0.0407141 0.283628 0.286536
7.98 0.0575214 0.281389 0.287208
7.99 0.0742024 0.278153 0.28788
8 0.0906968 0.273929 0.288554
8.01 0.106946 0.268728 0.289227
8.02 0.122892 0.262566 0.289902
8.03 0.138476 0.255459 0.290577
8.04 0.153642 0.24743 0.291251
8.05 0.168336 0.238504 0.291926
8.06 0.182503 0.22871 0.292601
8.07 0.196091 0.218078 0.293274
8.08 0.209051 0.206646 0.293947
8.09 0.221335 0.194448 0.294617
8.1 0.232897 0.181527 0.295284
8.11 0.243693 0.167925 0.295947
8.12 0.253684 0.153687 0.296607
8.13 0.262833 0.138863 0.297261
8.14 0.271103 0.123501 0.297908
8.15 0.278463 0.107656 0.298549
8.16 0.284885 0.0913795 0.299182
8.17 0.290343 0.0747292 0.299806
8.18 0.294816 0.0577619 0.300421
8.19 0.298284 0.0405361 0.301025
8.2 0.300733 0.0231108 0.30162
8.21 0.302151 0.00554834 0.302202
8.22 0.302531 -0.0120919 0.302773
8.23 0.301868 -0.0297479 0.30333
8.24 0.300162 -0.0473579 0.303875
8.25 0.297416 -0.0648599 0.304406
8.26 0.293637 -0.0821934 0.304923
8.27 0.288835 -0.0992964 0.305426
8.28 0.283025 -0.116109 0.305916
8.29 0.276225 -0.132572 0.306391
8.3 0.268455 -0.148627 0.306852
8.31 0.259742 -0.164218 0.3073
8.32 0.250112 -0.179288 0.307734
8.33 0.239597 -0.193784 0.308154
8.34 0.228232 -0.207655 0.308562
8.35 0.216054 -0.22085 0.308957
8.36 0.203105 -0.233323 0.30934
8.37 0.189426 -0.245028 0.309711
8.38 0.175063 -0.255924 0.310071
8.39 0.160067 -0.265971 0.310422
8.4 0.144486 -0.275132 0.310763
8.41 0.128373 -0.283374 0.311096
8.42 0.111784 -0.290667 0.311421
8.43 0.094774 -0.296984 0.31174
8.44 0.077401 -0.302301 0.312053
8.45 0.0597251 -0.306598 0.312361
8.46 0.0418056 -0.309859 0.312667
8.47 0.0237053 -0.312071 0.31297
8.48 0.00548442 -0.313223 0.313271
8.49 -0.0127937 -0.313312 0.313573
8.5 -0.0310666 -0.312334 0.313876
8.51 -0.0492719 -0.310292 0.31418
8.52 -0.0673467 -0.307191 0.314487
8.53 -0.0852291 -0.303041 0.314798
8.54 -0.102857 -0.297854 0.315114
8.55 -0.120171 -0.291647 0.315435
8.56 -0.13711 -0.28444 0.315762
8.57 -0.153617 -0.276258 0.316096
8.58 -0.169634 -0.267125 0.316436
8.59 -0.185108 -0.257075 0.316784
8.6 -0.199982 -0.246139 0.317139
8.61 -0.214208 -0.234354 0.317501
8.62 -0.227734 -0.221761 0.317869
8.63 -0.240515 -0.2084 0.318243
8.64 -0.252507 -0.194318 0.318621
8.65 -0.263668 -0.179563 0.319004
8.66 -0.273959 -0.164183 0.31939
8.67 -0.283346 -0.148231 0.319777
8.68 -0.291794 -0.131762 0.320164
8.69 -0.299275 -0.114831 0.320549
8.7 -0.305764 -0.0974944 0.320931
8.71 -0.311237 -0.0798123 0.321307
8.72 -0.315675 -0.0618452 0.321676
8.73 -0.319064 -0.0436536 0.322036
8.74 -0.321389 -0.0252987 0.322383
8.75 -0.322644 -0.00684354 0.322717
8.76 -0.322824 0.0116489 0.323034
8.77 -0.321928 0.0301174 0.323334
8.78 -0.319959 0.048498 0.323614
8.79 -0.316923 0.0667286 0.323871
8.8 -0.312829 0.0847473 0.324105
8.81 -0.307692 0.102494 0.324314
8.82 -0.301529 0.119907 0.324495
8.83 -0.29436 0.13693 0.32465
8.84 -0.28621 0.153502 0.324776
8.85 -0.277106 0.16957 0.324872
8.86 -0.26708 0.185078 0.324939
8.87 -0.256163 0.199975 0.324976
8.88 -0.244394 0.21421 0.324984
8.89 -0.231811 0.227736 0.324962
8.9 -0.218458 0.240507 0.324912
8.91 -0.204379 0.25248 0.324834
8.92 -0.189622 0.263616 0.32473
8.93 -0.174236 0.273877 0.324602
8.94 -0.158273 0.283229 0.324451
8.95 -0.141785 0.29164 0.324279
8.96 -0.12483 0.299085 0.32409
8.97 -0.107464 0.305537 0.323885
8.98 -0.0897438 0.310977 0.323667
8.99 -0.0717299 0.315384 0.323439
9 -0.0534822 0.318748 0.323203
9.01 -0.0350608 0.321055 0.322964
9.02 -0.0165286 0.3223 0.322723
9.03 0.00205452 0.322478 0.322485
9.04 0.020626 0.321592 0.322253
9.05 0.0391237 0.319643 0.322029
9.06 0.0574876 0.31664 0.321816
9.07 0.0756566 0.312593 0.321618
9.08 0.0935713 0.307517 0.321438
9.09 0.111172 0.30143 0.321278
9.1 0.128401 0.294354 0.32114
9.11 0.145203 0.286311 0.321027
9.12 0.161521 0.277333 0.32094
9.13 0.177303 0.267447 0.320881
9.14 0.192499 0.256689 0.320851
9.15 0.207058 0.245096 0.32085
9.16 0.220934 0.232707 0.32088
9.17 0.234081 0.219564 0.32094
9.18 0.246459 0.205712 0.321029
9.19 0.258027 0.191197 0.321146
9.2 0.26875 0.17607 0.32129
9.21 0.278592 0.16038 0.321458
9.22 0.287524 0.144182 0.32165
9.23 0.295518 0.127529 0.321861
9.24 0.302549 0.110477 0.322089
9.25 0.308596 0.0930843 0.322329
9.26 0.313641 0.0754074 0.322578
9.27 0.317669 0.0575063 0.322832
9.28 0.32067 0.0394399 0.323086
9.29 0.322634 0.0212685 0.323334
9.3 0.323559 0.00305239 0.323574
9.31 0.323443 -0.0151477 0.323797
9.32 0.322288 -0.0332731 0.324001
9.33 0.3201 -0.051263 0.324179
9.34 0.31689 -0.0690593 0.324327
9.35 0.312668 -0.0866029 0.32444
9.36 0.307452 -0.103837 0.324514
9.37 0.301261 -0.120705 0.324543
9.38 0.294116 -0.137153 0.324523
9.39 0.286042 -0.153127 0.32445
9.4 0.277069 -0.168576 0.324322
9.41 0.267227 -0.183451 0.324137
9.42 0.25655 -0.197703 0.323889
9.43 0.245074 -0.211287 0.32358
9.44 0.232839 -0.224161 0.323206
9.45 0.219886 -0.236284 0.322769
9.46 0.206257 -0.247618 0.322268
9.47 0.191999 -0.258128 0.321704
9.48 0.17716 -0.267781 0.32108
9.49 0.161788 -0.276549 0.320398
9.5 0.145935 -0.284403 0.319659
9.51 0.129651 -0.291322 0.31887
9.52 0.112992 -0.297285 0.318034
9.53 0.0960105 -0.302275 0.317157
9.54 0.0787624 -0.306279 0.316244
9.55 0.0613036 -0.309285 0.315302
9.56 0.0436906 -0.311287 0.314338
9.57 0.0259805 -0.312281 0.31336
9.58 0.00822854 -0.312266 0.312374
9.59 -0.00950742 -0.311246 0.311391
9.6 -0.0271703 -0.309226 0.310417
9.61 -0.0447057 -0.306216 0.309462
9.62 -0.0620567 -0.302228 0.308534
9.63 -0.0791698 -0.297279 0.307641
9.64 -0.0959908 -0.291387 0.306791
9.65 -0.112468 -0.284573 0.305992
9.66 -0.12855 -0.276863 0.305251
9.67 -0.144187 -0.268285 0.304576
9.68 -0.159331 -0.258867 0.303972
9.69 -0.173937 -0.248645 0.303444
9.7 -0.187959 -0.237653 0.302997
9.71 -0.201356 -0.225928 0.302635
9.72 -0.214088 -0.213512 0.302359
9.73 -0.226117 -0.200446 0.302171
9.74 -0.237408 -0.186776 0.302072
9.75 -0.247929 -0.172546 0.302061
9.76 -0.257647 -0.157805 0.302133
9.77 -0.266538 -0.142601 0.302288
9.78 -0.274576 -0.126987 0.302519
9.79 -0.281739 -0.111011 0.30282
9.8 -0.288008 -0.0947299 0.303187
9.81 -0.293367 -0.0781939 0.303609
9.82 -0.297803 -0.061459 0.304079
9.83 -0.301306 -0.044579 0.304586
9.84 -0.303869 -0.0276086 0.30512
9.85 -0.305488 -0.0106025 0.305672
9.86 -0.306161 0.00638278 0.306228
9.87 -0.305891 0.0232942 0.306777
9.88 -0.304684 0.040077 0.307308
9.89 -0.302544 0.0566774 0.307807
9.9 -0.299485 0.0730428 0.308264
9.91 -0.295519 0.0891217 0.308665
9.92 -0.290663 0.104863 0.309001
9.93 -0.284936 0.120218 0.309259
9.94 -0.278359 0.135137 0.309429
9.95 -0.270956 0.149576 0.3095
9.96 -0.262754 0.16349 0.309465
9.97 -0.253781 0.176834 0.309314
9.98 -0.24407 0.18957 0.309042
9.99 -0.233652 0.201657 0.30864
10 -0.222564 0.213061 0.308107
10.01 -0.210844 0.223747 0.307437
10.02 -0.198528 0.233682 0.306628
10.03 -0.185658 0.242839 0.305679
10.04 -0.172277 0.251191 0.304592
10.05 -0.158427 0.258714 0.303368
10.06 -0.144152 0.265388 0.302011
10.07 -0.1295 0.271193 0.300526
10.08 -0.114516 0.276116 0.298921
10.09 -0.0992468 0.280143 0.297203
10.1 -0.0837408 0.283265 0.295384
10.11 -0.0680464 0.285478 0.293475
10.12 -0.0522127 0.286775 0.29149
10.13 -0.0362882 0.287157 0.289441
10.14 -0.0203208 0.286628 0.287347
10.15 -0.00436042 0.28519 0.285224
10.16 0.0115459 0.282854 0.28309
10.17 0.027349 0.27963 0.280964
10.18 0.0430032 0.275532 0.278868
10.19 0.0584605 0.270577 0.276821
10.2 0.0736759 0.264784 0.274843
10.21 0.0886054 0.258174 0.272955
10.22 0.103206 0.250773 0.27118
10.23 0.117434 0.242607 0.269534
10.24 0.13125 0.233705 0.268038
10.25 0.144615 0.224099 0.266709
10.26 0.157489 0.213822 0.265561
10.27 0.169839 0.20291 0.264609
10.28 0.18163 0.1914 0.263862
10.29 0.19283 0.179331 0.26333
10.3 0.203409 0.166744 0.263018
10.31 0.213338 0.153682 0.262928
10.32 0.222592 0.140186 0.263058
10.33 0.231147 0.126304 0.263404
10.34 0.238982 0.11208 0.263959
10.35 0.246079 0.0975607 0.264713
10.36 0.252419 0.0827938 0.26565
10.37 0.25799 0.0678275 0.266757
10.38 0.262778 0.0527106 0.268013
10.39 0.266775 0.0374913 0.269396
10.4 0.269973 0.0222183 0.270886
10.41 0.272369 0.006941 0.272458
10.42 0.27396 -0.00829197 0.274085
10.43 0.274745 -0.0234328 0.275743
10.44 0.274729 -0.0384327 0.277404
10.45 0.273915 -0.0532458 0.279042
10.46 0.27231 -0.0678241 0.28063
10.47 0.269926 -0.0821236 0.282142
10.48 0.266773 -0.0960996 0.283555
10.49 0.262867 -0.109708 0.284842
10.5 0.258222 -0.122907 0.285981
10.51 0.252857 -0.135658 0.286949
10.52 0.246793 -0.14792 0.287728
10.53 0.240051 -0.159657 0.288296
10.54 0.232656 -0.170833 0.288639
10.55 0.224631 -0.181416 0.28874
10.56 0.216007 -0.191373 0.288587
10.57 0.20681 -0.200675 0.288168
10.58 0.197071 -0.209296 0.287475
10.59 0.186822 -0.217211 0.286501
10.6 0.176096 -0.224397 0.285243
10.61 0.164925 -0.230835 0.283699
10.62 0.153346 -0.236507 0.28187
10.63 0.141394 -0.241398 0.279759
10.64 0.129106 -0.245496 0.277374
10.65 0.116518 -0.24879 0.274723
10.66 0.103669 -0.251273 0.271819
10.67 0.090598 -0.252942 0.268678
10.68 0.0773427 -0.253794 0.265317
10.69 0.0639414 -0.253828 0.261758
10.7 0.0504338 -0.25305 0.258027
10.71 0.0368582 -0.251465 0.254151
10.72 0.0232535 -0.24908 0.250163
10.73 0.00965857 -0.245907 0.246097
10.74 -0.00388929 -0.24196 0.241992
10.75 -0.0173511 -0.237255 0.237888
10.76 -0.0306898 -0.231808 0.233831
10.77 -0.0438698 -0.225642 0.229867
10.78 -0.0568552 -0.218779 0.226046
10.79 -0.06961 -0.211243 0.222417
10.8 -0.0821015 -0.203062 0.219032
10.81 -0.0942957 -0.194265 0.215941
10.82 -0.106162 -0.184882 0.213194
10.83 -0.117668 -0.174947 0.210837
10.84 -0.128786 -0.164492 0.20891
10.85 -0.139488 -0.153553 0.20745
10.86 -0.149747 -0.14217 0.206486
10.87 -0.159537 -0.13038 0.206036
10.88 -0.168835 -0.118221 0.206111
10.89 -0.17762 -0.105736 0.206709
10.9 -0.18587 -0.0929653 0.207822
10.91 -0.193567 -0.0799527 0.209429
10.92 -0.200694 -0.0667392 0.211499
10.93 -0.207235 -0.0533705 0.213997
10.94 -0.213177 -0.0398897 0.216877
10.95 -0.218508 -0.0263404 0.22009
10.96 -0.223218 -0.0127669 0.223583
10.97 -0.2273 0.000785752 0.227301
10.98 -0.230745 0.0142749 0.231186
10.99 -0.233551 0.0276554 0.235182
11 -0.235712 0.0408855 0.239232
11.01 -0.237231 0.0539219 0.243282
11.02 -0.238105 0.0667228 0.247277
11.03 -0.238338 0.079248 0.251168
11.04 -0.237935 0.0914573 0.254907
11.05 -0.2369 0.103311 0.258447
11.06 -0.235241 0.114773 0.261746
11.07 -0.232968 0.125806 0.264766
11.08 -0.23009 0.136376 0.267469
11.09 -0.22662 0.14645 0.269822
11.1 -0.222571 0.155996 0.271795
11.11 -0.217958 0.164986 0.273361
11.12 -0.212798 0.173391 0.274495
11.13 -0.207107 0.181185 0.275175
11.14 -0.200906 0.188344 0.275385
11.15 -0.194212 0.194849 0.275108
11.16 -0.187049 0.200677 0.274333
11.17 -0.179437 0.205814 0.273052
11.18 -0.1714 0.210243 0.271256
11.19 -0.16296 0.213953 0.268946
11.2 -0.154145 0.216933 0.266121
11.21 -0.144976 0.219176 0.262785
11.22 -0.135481 0.220676 0.258946
11.23 -0.125687 0.221431 0.254615
11.24 -0.115621 0.22144 0.249808
11.25 -0.105309 0.220706 0.244543
11.26 -0.094781 0.219233 0.238844
11.27 -0.0840626 0.217029 0.23274
11.28 -0.0731843 0.214102 0.226265
11.29 -0.062173 0.210465 0.219456
11.3 -0.0510577 0.206132 0.212361
11.31 -0.0398672 0.201119 0.205033
11.32 -0.0286294 0.195445 0.197531
11.33 -0.0173725 0.18913 0.189926
11.34 -0.00612415 0.182199 0.182302
11.35 0.00508772 0.174674 0.174748
11.36 0.0162352 0.166586 0.167375
11.37 0.0272919 0.15796 0.1603
11.38 0.0382321 0.148828 0.15366
11.39 0.0490278 0.139223 0.147603
11.4 0.0596557 0.129177 0.142287
11.41 0.0700903 0.118726 0.137872
11.42 0.0803076 0.107907 0.134511
11.43 0.0902833 0.0967576 0.132337
11.44 0.0999962 0.0853156 0.131446
11.45 0.109423 0.0736204 0.131884
11.46 0.118545 0.0617133 0.133647
11.47 0.127341 0.0496356 0.136673
11.48 0.135792 0.0374274 0.140856
11.49 0.14388 0.0251326 0.146059
11.5 0.151588 0.0127927 0.152127
11.51 0.1589 0.000449856 0.158901
11.52 0.165801 -0.0118538 0.166224
11.53 0.172276 -0.0240751 0.173951
11.54 0.178315 -0.0361731 0.181947
11.55 0.183902 -0.0481049 0.19009
11.56 0.189029 -0.0598315 0.198272
11.57 0.193687 -0.0713114 0.206397
11.58 0.197865 -0.082506 0.214378
11.59 0.201557 -0.093377 0.222137
11.6 0.204758 -0.103887 0.229605
11.61 0.207462 -0.114001 0.23672
11.62 0.209664 -0.123683 0.243426
11.63 0.211362 -0.1329 0.249672
11.64 0.212554 -0.141622 0.255413
11.65 0.213241 -0.149817 0.260609
11.66 0.213421 -0.157459 0.26522
11.67 0.213098 -0.164521 0.269217
11.68 0.212272 -0.170978 0.272567
11.69 0.210948 -0.176809 0.275246
11.7 0.20913 -0.181994 0.277231
11.71 0.207494 -0.187097 0.279391
11.72 0.206038 -0.192118 0.281711
11.73 0.204763 -0.197055 0.284181
11.74 0.203669 -0.201906 0.286787
11.75 0.202754 -0.206671 0.28952
11.76 0.20202 -0.211346 0.292368
11.77 0.201465 -0.215932 0.295321
11.78 0.201089 -0.220425 0.298369
11.79 0.200891 -0.224825 0.301502
11.8 0.200873 -0.229129 0.304713
11.81 0.201031 -0.233336 0.307992
11.82 0.201367 -0.237441 0.311331
11.83 0.201879 -0.241446 0.314724
11.84 0.202567 -0.245347 0.318164
11.85 0.203429 -0.249142 0.321644
11.86 0.204466 -0.252828 0.325159
11.87 0.205675 -0.256404 0.328703
11.88 0.207057 -0.259868 0.332271
11.89 0.20861 -0.263215 0.335858
11.9 0.210333 -0.266446 0.33946
11.91 0.212224 -0.269557 0.343074
11.92 0.214283 -0.272546 0.346697
11.93 0.216508 -0.27541 0.350324
11.94 0.218897 -0.278148 0.353952
11.95 0.22145 -0.280755 0.35758
11.96 0.224163 -0.283231 0.361205
11.97 0.227037 -0.285573 0.364825
11.98 0.230067 -0.287778 0.368438
11.99 0.233253 -0.289844 0.372044
12 0.236593 -0.291769 0.37564
12.01 0.240084 -0.293549 0.379225
12.02 0.243723 -0.295184 0.382798
12.03 0.247509 -0.296671 0.38636
12.04 0.251439 -0.298006 0.389909
12.05 0.25551 -0.299189 0.393445
12.06 0.25972 -0.300215 0.396968
12.07 0.264066 -0.301085 0.400478
12.08 0.268544 -0.301794 0.403974
12.09 0.273152 -0.302341 0.407457
12.1 0.277884 -0.302723 0.410927
12.11 0.28274 -0.30294 0.414384
12.12 0.287715 -0.302987 0.417829
12.13 0.292804 -0.302864 0.421261
12.14 0.298005 -0.302569 0.424682
12.15 0.303312 -0.3021 0.428091
12.16 0.308722 -0.301454 0.431491
12.17 0.314231 -0.300631 0.434879
12.18 0.319833 -0.299628 0.438258
12.19 0.325525 -0.298445 0.441629
12.2 0.331302 -0.297078 0.444991
12.21 0.337158 -0.295527 0.448343
12.22 0.343088 -0.293792 0.451689
12.23 0.349087 -0.291869 0.455027
12.24 0.35515 -0.289759 0.458358
12.25 0.361271 -0.28746 0.461682
12.26 0.367444 -0.284971 0.464999
12.27 0.373664 -0.282292 0.468309
12.28 0.379924 -0.279422 0.471613
12.29 0.386218 -0.27636 0.47491
12.3 0.392541 -0.273106 0.4782
12.31 0.398885 -0.26966 0.481483
12.32 0.405245 -0.266021 0.484758
12.33 0.411614 -0.262189 0.488026
12.34 0.417984 -0.258166 0.491284
12.35 0.424349 -0.25395 0.494533
12.36 0.430703 -0.249542 0.497771
12.37 0.437038 -0.244942 0.500998
12.38 0.443347 -0.240152 0.504212
12.39 0.449624 -0.235171 0.507412
12.4 0.45586 -0.230001 0.510596
12.41 0.462048 -0.224644 0.513764
12.42 0.46818 -0.219099 0.516911
12.43 0.474251 -0.213369 0.520039
12.44 0.480251 -0.207455 0.523143
12.45 0.486173 -0.201359 0.526222
12.46 0.49201 -0.195082 0.529274
12.47 0.497754 -0.188626 0.532296
12.48 0.503397 -0.181994 0.535285
12.49 0.508931 -0.175188 0.538239
12.5 0.51435 -0.168209 0.541156
12.51 0.519644 -0.161062 0.544032
12.52 0.524808 -0.153747 0.546865
12.53 0.52983 -0.146268 0.54965
12.54 0.534706 -0.138629 0.552384
12.55 0.539426 -0.130832 0.555066
12.56 0.543985 -0.12288 0.557691
12.57 0.548372 -0.114777 0.560255
12.58 0.552581 -0.106527 0.562756
12.59 0.556605 -0.0981319 0.565189
12.6 0.560436 -0.089598 0.567553
12.61 0.564065 -0.0809274 0.569841
12.62 0.567486 -0.0721262 0.572052
12.63 0.570693 -0.0631972 0.574182
12.64 0.573678 -0.0541447 0.576227
12.65 0.576432 -0.0449735 0.578184
12.66 0.578949 -0.0356893 0.580048
12.67 0.581224 -0.0262958 0.581818
12.68 0.583247 -0.0167991 0.583489
12.69 0.585015 -0.00720345 0.585059
12.7 0.586518 0.00248447 0.586523
12.71 0.587753 0.0122603 0.587881
12.72 0.588712 0.0221187 0.589128
12.73 0.58939 0.0320525 0.59026
12.74 0.58978 0.0420567 0.591278
12.75 0.589879 0.052125 0.592177
12.76 0.58968 0.0622518 0.592956
12.77 0.589178 0.0724304 0.593614
12.78 0.588369 0.0826552 0.594147
12.79 0.587249 0.0929181 0.594555
12.8 0.585812 0.103215 0.594836
12.81 0.584055 0.113536 0.594989
12.82 0.581976 0.123877 0.595014
12.83 0.579569 0.13423 0.59491
12.84 0.576832 0.14459 0.594677
12.85 0.573762 0.154947 0.594316
12.86 0.570357 0.165295 0.593826
12.87 0.566614 0.175627 0.593208
12.88 0.562533 0.185937 0.592466
12.89 0.55811 0.196217 0.591598
12.9 0.553347 0.206458 0.590608
12.91 0.54824 0.216656 0.589498
12.92 0.542791 0.226802 0.588269
12.93 0.536997 0.236888 0.586926
12.94 0.530862 0.246907 0.585472
12.95 0.524384 0.256853 0.583911
12.96 0.517564 0.266717 0.582246
12.97 0.510404 0.276493 0.580483
12.98 0.502906 0.286172 0.578627
12.99 0.495071 0.295748 0.576682
13 0.486902 0.305213 0.574655
13.01 0.478402 0.314559 0.572552
13.02 0.469574 0.32378 0.57038
13.03 0.460422 0.332868 0.568146
13.04 0.450949 0.341817 0.565857
13.05 0.44116 0.350618 0.563521
13.06 0.431059 0.359265 0.561144
13.07 0.420652 0.36775 0.558739
13.08 0.409944 0.376068 0.55631
13.09 0.39894 0.38421 0.553869
13.1 0.387648 0.392171 0.551424
13.11 0.376072 0.399942 0.548985
13.12 0.364221 0.407518 0.54656
13.13 0.352101 0.414892 0.544161
13.14 0.339721 0.422057 0.541796
13.15 0.327089 0.429008 0.539476
13.16 0.314212 0.435738 0.537212
13.17 0.3011 0.44224 0.535011
13.18 0.287761 0.448509 0.532886
13.19 0.274205 0.45454 0.530843
13.2 0.260443 0.460326 0.528895
13.21 0.246483 0.465862 0.527049
13.22 0.232337 0.471143 0.525315
13.23 0.218015 0.476163 0.5237
13.24 0.203527 0.480919 0.522213
13.25 0.188885 0.485404 0.52086
13.26 0.174103 0.489615 0.519648
13.27 0.159189 0.493547 0.518584
13.28 0.144158 0.497195 0.517672
13.29 0.12902 0.500558 0.516918
13.3 0.113789 0.503628 0.516323
13.31 0.098478 0.506406 0.515892
13.32 0.0830996 0.508886 0.515626
13.33 0.0676665 0.511066 0.515527
13.34 0.0521927 0.512943 0.515592
13.35 0.0366916 0.514516 0.515823
13.36 0.0211756 0.515781 0.516216
13.37 0.00565961 0.516737 0.516768
13.38 -0.00984351 0.517382 0.517475
13.39 -0.0253181 0.517714 0.518333
13.4 -0.0407518 0.517733 0.519334
13.41 -0.0561301 0.517437 0.520473
13.42 -0.0714389 0.516826 0.52174
13.43 -0.0866632 0.5159 0.523128
13.44 -0.101791 0.514658 0.524628
13.45 -0.116805 0.5131 0.526227
13.46 -0.131694 0.511228 0.527918
13.47 -0.146442 0.509041 0.529687
13.48 -0.161036 0.506543 0.531525
13.49 -0.175462 0.503732 0.533416
13.5 -0.189707 0.500611 0.53535
13.51 -0.203755 0.497181 0.537312
13.52 -0.217593 0.493445 0.539291
13.53 -0.231209 0.489405 0.541272
13.54 -0.244588 0.485064 0.543241
13.55 -0.257719 0.480424 0.545184
13.56 -0.270586 0.475489 0.547089
13.57 -0.283178 0.470262 0.548941
13.58 -0.295482 0.464747 0.550726
13.59 -0.307484 0.458948 0.552431
13.6 -0.319175 0.452871 0.554044
13.61 -0.330541 0.446518 0.55555
13.62 -0.341571 0.439894 0.556936
13.63 -0.352254 0.433006 0.558191
13.64 -0.362578 0.425858 0.559301
13.65 -0.372533 0.418456 0.560256
13.66 -0.38211 0.410805 0.561042
13.67 -0.391296 0.402913 0.561651
13.68 -0.400084 0.394785 0.56207
13.69 -0.408465 0.386427 0.56229
13.7 -0.416428 0.377847 0.562299
13.71 -0.423966 0.369052 0.562091
13.72 -0.431071 0.360049 0.561656
13.73 -0.437735 0.350845 0.560985
13.74 -0.443953 0.341448 0.560072
13.75 -0.449715 0.331866 0.558909
13.76 -0.455018 0.322108 0.55749
13.77 -0.459855 0.312181 0.555809
13.78 -0.464222 0.302094 0.553861
13.79 -0.468112 0.291855 0.551642
13.8 -0.471525 0.281473 0.549147
13.81 -0.474454 0.270956 0.546373
13.82 -0.476897 0.260314 0.543318
13.83 -0.478853 0.249555 0.539979
13.84 -0.480317 0.23869 0.536356
13.85 -0.481291 0.227727 0.532448
13.86 -0.481772 0.216675 0.528254
13.87 -0.48176 0.205545 0.523776
13.88 -0.481257 0.194344 0.519016
13.89 -0.480262 0.183084 0.513976
13.9 -0.478776 0.171772 0.508657
13.91 -0.476803 0.160421 0.503066
13.92 -0.474343 0.149037 0.497206
13.93 -0.471403 0.137633 0.491084
13.94 -0.467982 0.126215 0.484704
13.95 -0.464087 0.114795 0.478074
13.96 -0.459722 0.103383 0.471203
13.97 -0.454892 0.091987 0.464099
13.98 -0.449603 0.080617 0.456773
13.99 -0.44386 0.0692832 0.449235
14 -0.437672 0.0579936 0.441498
14.01 -0.431045 0.0467594 0.433574
14.02 -0.423988 0.0355878 0.425479
14.03 -0.416507 0.0244897 0.417226
14.04 -0.408613 0.013474 0.408835
14.05 -0.400315 0.0025489 0.400323
14.06 -0.391622 -0.00827688 0.39171
14.07 -0.382545 -0.0189943 0.383016
14.08 -0.373094 -0.0295946 0.374266
14.09 -0.363281 -0.0400696 0.365484
14.1 -0.353117 -0.050411 0.356697
14.11 -0.342614 -0.0606114 0.347934
14.12 -0.331784 -0.0706611 0.339225
14.13 -0.320641 -0.0805548 0.330605
14.14 -0.309197 -0.0902834 0.322109
14.15 -0.297466 -0.0998399 0.313774
14.16 -0.285461 -0.109217 0.305641
14.17 -0.273199 -0.118408 0.297755
14.18 -0.260692 -0.127407 0.29016
14.19 -0.247955 -0.136208 0.282904
14.2 -0.235004 -0.144803 0.276034
14.21 -0.221854 -0.153188 0.269603
14.22 -0.208521 -0.161358 0.263661
14.23 -0.19502 -0.169305 0.258258
14.24 -0.181367 -0.177027 0.253442
14.25 -0.167579 -0.184519 0.249258
14.26 -0.153671 -0.191775 0.245749
14.27 -0.13966 -0.198792 0.242947
14.28 -0.125563 -0.205567 0.240881
14.29 -0.111397 -0.212094 0.239569
14.3 -0.0971777 -0.218373 0.23902
14.31 -0.0826106 -0.223701 0.238467
14.32 -0.0677606 -0.22806 0.237913
14.33 -0.0526907 -0.231434 0.237357
14.34 -0.0374671 -0.233815 0.236797
14.35 -0.0221543 -0.235195 0.236236
14.36 -0.00681901 -0.235574 0.235672
14.37 0.00847436 -0.234953 0.235106
14.38 0.0236595 -0.233342 0.234539
14.39 0.0386745 -0.23075 0.233969
14.4 0.0534539 -0.227192 0.233396
14.41 0.0679367 -0.222689 0.232822
14.42 0.0820615 -0.217263 0.232244
14.43 0.0957705 -0.210943 0.231666
14.44 0.109007 -0.203759 0.231085
14.45 0.121717 -0.195745 0.230502
14.46 0.133847 -0.18694 0.229916
14.47 0.14535 -0.177385 0.229329
14.48 0.156178 -0.167124 0.22874
14.49 0.166287 -0.156205 0.228148
14.5 0.175641 -0.144677 0.227555
14.51 0.1842 -0.132594 0.226959
14.52 0.191933 -0.120008 0.226363
14.53 0.19881 -0.106975 0.225763
14.54 0.204806 -0.0935556 0.225162
14.55 0.209899 -0.0798075 0.224559
14.56 0.214073 -0.0657913 0.223955
14.57 0.217312 -0.0515683 0.223347
14.58 0.21961 -0.0372015 0.222739
14.59 0.22096 -0.0227515 0.222128
14.6 0.22136 -0.00828268 0.221515
14.61 0.220815 0.00614464 0.2209
14.62 0.21933 0.0204669 0.220283
14.63 0.216919 0.0346236 0.219665
14.64 0.213595 0.048555 0.219045
14.65 0.209378 0.0622036 0.218423
14.66 0.20429 0.0755097 0.217798
14.67 0.198358 0.0884196 0.217173
14.68 0.191612 0.100879 0.216545
14.69 0.184086 0.112837 0.215916
14.7 0.175814 0.124245 0.215284
14.71 0.166838 0.135056 0.214651
14.72 0.157201 0.145228 0.214017
14.73 0.146946 0.15472 0.213381
14.74 0.136122 0.163494 0.212742
14.75 0.124779 0.171516 0.212102
14.76 0.112968 0.178757 0.211461
14.77 0.100743 0.185189 0.210817
14.78 0.0881594 0.19079 0.210173
14.79 0.0752728 0.195538 0.209526
14.8 0.0621421 0.19942 0.208878
14.81 0.0488241 0.202424 0.208229
14.82 0.0353781 0.204541 0.207578
14.83 0.0218625 0.205768 0.206926
14.84 0.00833702 0.206104 0.206273
14.85 -0.00514142 0.205554 0.205618
14.86 -0.0185136 0.204124 0.204962
14.87 -0.0317232 0.201827 0.204305
14.88 -0.0447124 0.198676 0.203645
14.89 -0.0574276 0.194693 0.202986
14.9 -0.0698158 0.189898 0.202325
14.91 -0.0818244 0.184317 0.201663
14.92 -0.0934039 0.177979 0.200999
14.93 -0.104507 0.170917 0.200335
14.94 -0.115088 0.163164 0.199669
14.95 -0.125105 0.154761 0.199003
14.96 -0.134518 0.145746 0.198336
14.97 -0.14329 0.136163 0.197667
14.98 -0.151387 0.126057 0.196999
14.99 -0.158778 0.115474 0.196329
15 -0.165436 0.104465 0.195658
15.01 -0.171335 0.093079 0.194986
15.02 -0.176457 0.0813685 0.194314
15.03 -0.180782 0.069386 0.19364
15.04 -0.184298 0.057185 0.192966
15.05 -0.186994 0.0448201 0.192291
15.06 -0.188865 0.0323475 0.191615
15.07 -0.189907 0.0198197 0.190939
15.08 -0.190121 0.00729394 0.190261
15.09 -0.189512 -0.00517632 0.189583
15.1 -0.188088 -0.0175368 0.188904
15.11 -0.185861 -0.0297355 0.188224
15.12 -0.182845 -0.0417191 0.187544
15.13 -0.179059 -0.0534377 0.186863
15.14 -0.174524 -0.0648406 0.18618
15.15 -0.169268 -0.0758816 0.185499
15.16 -0.163315 -0.0865153 0.184815
15.17 -0.156698 -0.0966967 0.184132
15.18 -0.149449 -0.106386 0.183447
15.19 -0.141605 -0.115542 0.182762
15.2 -0.133204 -0.124131 0.182076
15.21 -0.124287 -0.132117 0.18139
15.22 -0.114897 -0.13947 0.180702
15.23 -0.105078 -0.146164 0.180014
15.24 -0.0948752 -0.152173 0.179327
15.25 -0.0843362 -0.157475 0.178637
15.26 -0.0735115 -0.162053 0.177947
15.27 -0.062449 -0.165892 0.177257
15.28 -0.0511999 -0.16898 0.176567
15.29 -0.0398134 -0.17131 0.175876
15.3 -0.0283416 -0.172877 0.175185
15.31 -0.0168347 -0.173679 0.174493
15.32 -0.00534445 -0.173719 0.173801
15.33 0.00608058 -0.173002 0.173109
15.34 0.0173885 -0.171536 0.172415
15.35 0.0285321 -0.169336 0.171723
15.36 0.039463 -0.166414 0.171029
15.37 0.0501354 -0.162791 0.170336
15.38 0.0605042 -0.158485 0.169642
15.39 0.0705254 -0.153523 0.168948
15.4 0.0801577 -0.147931 0.168253
15.41 0.0893631 -0.14174 0.167559
15.42 0.098104 -0.13498 0.166865
15.43 0.106344 -0.127685 0.166171
15.44 0.114054 -0.119893 0.165477
15.45 0.121201 -0.11164 0.164782
15.46 0.12776 -0.102968 0.164089
15.47 0.133706 -0.0939175 0.163394
15.48 0.139017 -0.0845319 0.162701
15.49 0.143677 -0.074855 0.162007
15.5 0.147669 -0.064931 0.161314
15.51 0.150981 -0.0548059 0.16062
15.52 0.153603 -0.0445275 0.159927
15.53 0.15553 -0.0341406 0.159233
15.54 0.15676 -0.0236939 0.158541
15.55 0.157293 -0.0132316 0.157848
15.56 0.157131 -0.0028014 0.157156
15.57 0.156281 0.00755092 0.156464
15.58 0.154754 0.0177805 0.155772
15.59 0.15256 0.0278438 0.15508
15.6 0.149716 0.0376963 0.154389
15.61 0.14624 0.047297 0.153699
15.62 0.142152 0.0566062 0.153008
15.63 0.137476 0.0655843 0.152319
15.64 0.132236 0.0741951 0.151628
15.65 0.126461 0.0824018 0.150938
15.66 0.120182 0.0901731 0.150249
15.67 0.11343 0.0974778 0.14956
15.68 0.106239 0.104288 0.148872
15.69 0.0986464 0.110577 0.148183
15.7 0.0906879 0.116322 0.147496
15.71 0.0824021 0.1215 0.146808
15.72 0.0738298 0.126097 0.146121
15.73 0.06501 0.130095 0.145433
15.74 0.0559862 0.133481 0.144747
15.75 0.0467986 0.136248 0.144062
15.76 0.03749 0.138388 0.143376
15.77 0.0281025 0.139896 0.142691
15.78 0.0186803 0.140772 0.142006
15.79 0.00926414 0.141018 0.141322
15.8 -0.000103028 0.140639 0.140639
15.81 -0.00938144 0.139642 0.139956
15.82 -0.018529 0.138035 0.139273
15.83 -0.0275064 0.135834 0.138591
15.84 -0.0362758 0.133053 0.13791
15.85 -0.0447991 0.12971 0.137229
15.86 -0.0530411 0.125826 0.136548
15.87 -0.0609674 0.121423 0.135869
15.88 -0.0685462 0.116525 0.135191
15.89 -0.0757464 0.111159 0.134513
15.9 -0.0825406 0.105353 0.133837
15.91 -0.0888995 0.099138 0.13316
15.92 -0.0948022 0.0925463 0.132485
15.93 -0.100225 0.0856096 0.131811
15.94 -0.10515 0.0783628 0.131138
15.95 -0.109557 0.0708408 0.130466
15.96 -0.113434 0.0630811 0.129794
15.97 -0.116768 0.0551198 0.129124
15.98 -0.119549 0.0469954 0.128455
15.99 -0.121771 0.0387444 0.127786
16 -0.123429 0.0304076 0.127119
16.01 -0.124522 0.0220203 0.126454
16.02 -0.125049 0.0136219 0.125789
16.03 -0.125015 0.00525022 0.125125
16.04 -0.124424 -0.00305741 0.124462
16.05 -0.123288 -0.0112645 0.123801
16.06 -0.121614 -0.0193356 0.123141
16.07 -0.119417 -0.0272364 0.122483
16.08 -0.11671 -0.0349327 0.121825
16.09 -0.113512 -0.0423908 0.121169
16.1 -0.109842 -0.049582 0.120515
16.11 -0.105722 -0.0564747 0.119861
16.12 -0.101175 -0.0630422 0.119208
16.13 -0.0962246 -0.0692576 0.118557
16.14 -0.0908987 -0.0750976 0.117908
16.15 -0.0852244 -0.0805388 0.117259
16.16 -0.0792307 -0.0855616 0.116612
16.17 -0.0729485 -0.0901464 0.115965
16.18 -0.0664104 -0.0942793 0.115321
16.19 -0.0596457 -0.0979457 0.114678
16.2 -0.0526894 -0.101134 0.114036
16.21 -0.0455735 -0.103835 0.113396
16.22 -0.038333 -0.10604 0.112756
16.23 -0.0310015 -0.107747 0.112118
16.24 -0.0236131 -0.108953 0.111482
16.25 -0.0162011 -0.109657 0.110847
16.26 -0.00880066 -0.109861 0.110213
16.27 -0.00144393 -0.109572 0.109581
16.28 0.00583638 -0.108793 0.108949
16.29 0.0130069 -0.107536 0.10832
16.3 0.0200375 -0.105811 0.107691
16.31 0.0268967 -0.103631 0.107064
16.32 0.0335573 -0.101011 0.10644
16.33 0.0399902 -0.0979685 0.105816
16.34 0.046169 -0.0945203 0.105193
16.35 0.0520677 -0.0906883 0.104572
16.36 0.0576648 -0.086494 0.103954
16.37 0.0629365 -0.0819595 0.103336
16.38 0.0678645 -0.0771106 0.102721
16.39 0.0724287 -0.0719714 0.102107
16.4 0.0766132 -0.06657 0.101495
16.41 0.080404 -0.0609327 0.100884
16.42 0.0837873 -0.0550886 0.100275
16.43 0.0867529 -0.0490662 0.0996672
16.44 0.089293 -0.0428961 0.0990622
16.45 0.0914012 -0.036606 0.098459
16.46 0.0930714 -0.0302272 0.0978569
16.47 0.0943031 -0.0237888 0.0972573
16.48 0.0950938 -0.0173221 0.0966586
16.49 0.0954478 -0.0108564 0.0960632
16.5 0.0953672 -0.00441966 0.0954696
16.51 0.0948576 0.00195807 0.0948778
16.52 0.093926 0.00824906 0.0942876
16.53 0.0925829 0.0144254 0.0937
16.54 0.0908379 0.0204612 0.0931138
16.55 0.0887047 0.0263293 0.0925298
16.56 0.0861973 0.0320069 0.0919479
16.57 0.0833317 0.0374681 0.0913675
16.58 0.0801259 0.0426932 0.0907902
16.59 0.0765967 0.0476602 0.0902138
16.6 0.0727657 0.0523486 0.0896395
16.61 0.0686536 0.0567411 0.0890667
16.62 0.0642835 0.0608221 0.0884969
16.63 0.0596771 0.0645763 0.0879287
16.64 0.0548591 0.0679908 0.0873629
16.65 0.0498526 0.071054 0.0867984
16.66 0.0446854 0.0737553 0.0862359
16.67 0.039381 0.0760891 0.0856762
16.68 0.0339656 0.0780469 0.0851175
16.69 0.0284664 0.079626 0.0845614
16.7 0.0229083 0.0808229 0.0840067
16.71 0.0173181 0.0816379 0.0834546
16.72 0.0117214 0.0820707 0.0829035
16.73 0.00614462 0.0821251 0.0823546
16.74 0.000612638 0.0818046 0.0818068
16.75 -0.00484815 0.0811174 0.0812621
16.76 -0.0102168 0.0800703 0.0807195
16.77 -0.0154674 0.0786718 0.0801779
16.78 -0.0205781 0.0769341 0.0796387
16.79 -0.0255267 0.0748686 0.0791007
16.8 -0.0302934 0.0724904 0.0785656
16.81 -0.0348582 0.0698134 0.0780321
16.82 -0.0392035 0.0668542 0.077501
16.83 -0.0433109 0.0636292 0.0769709
16.84 -0.0471656 0.0601589 0.076444
16.85 -0.0507531 0.0564596 0.0759182
16.86 -0.0540593 0.0525535 0.0753941
16.87 -0.057074 0.0484609 0.0748726
16.88 -0.0597863 0.0442032 0.0743527
16.89 -0.0621893 0.0398019 0.0738356
16.9 -0.0642745 0.0352792 0.0733201
16.91 -0.0660371 0.0306573 0.0728064
16.92 -0.0674726 0.0259602 0.0722944
16.93 -0.0685813 0.0212102 0.0717863
16.94 -0.0693602 0.0164283 0.0712792
16.95 -0.0698113 0.0116387 0.0707748
16.96 -0.0699364 0.00686203 0.0702723
16.97 -0.0697392 0.00212192 0.0697715
16.98 -0.0692262 -0.00256192 0.0692736
16.99 -0.068403 -0.00716756 0.0687775
17 -0.0672779 -0.0116755 0.0682834
17.01 -0.0658606 -0.0160653 0.0677917
17.02 -0.0641622 -0.02032 0.067303
17.03 -0.0621923 -0.0244204 0.0668149
17.04 -0.0599661 -0.0283498 0.0663298
17.05 -0.057496 -0.0320926 0.0658463
17.06 -0.0547986 -0.0356335 0.0653654
17.07 -0.0518882 -0.0389614 0.0648874
17.08 -0.0487813 -0.0420615 0.064411
17.09 -0.0454947 -0.0449233 0.0639364
17.1 -0.0420475 -0.0475365 0.0634643
17.11 -0.0384572 -0.049894 0.062995
17.12 -0.0347421 -0.0519865 0.0625269
17.13 -0.0309219 -0.0538102 0.062062
17.14 -0.0270145 -0.0553583 0.0615981
17.15 -0.0230413 -0.0566288 0.0611369
17.16 -0.0190193 -0.0576198 0.0606776
17.17 -0.0149701 -0.0583297 0.06022
17.18 -0.010912 -0.0587596 0.0597642
17.19 -0.0068648 -0.0589127 0.0593114
17.2 -0.00284563 -0.0587917 0.0588605
17.21 0.00112568 -0.0584002 0.0584111
17.22 0.00503253 -0.0577452 0.0579641
17.23 0.00885588 -0.0568323 0.0575181
17.24 0.01258 -0.055672 0.0570757
17.25 0.0161905 -0.0542714 0.0566349
17.26 0.0196703 -0.0526412 0.0561963
17.27 0.0230058 -0.0507918 0.0557591
17.28 0.0261835 -0.0487364 0.0553246
17.29 0.0291909 -0.0464865 0.0548918
17.3 0.0320159 -0.0440566 0.054461
17.31 0.0346496 -0.0414599 0.0540325
17.32 0.0370802 -0.0387118 0.0536054
17.33 0.0393021 -0.0358278 0.0531817
17.34 0.0413065 -0.0328217 0.0527588
17.35 0.0430874 -0.0297117 0.0523384
17.36 0.0446399 -0.026513 0.0519197
17.37 0.0459616 -0.0232428 0.0515043
17.38 0.0470492 -0.0199164 0.0510909
17.39 0.0479013 -0.0165506 0.0506799
17.4 0.0485172 -0.0131608 0.0502706
17.41 0.0488974 -0.0097659 0.0498631
17.42 0.0490461 -0.00637952 0.0494592
17.43 0.0489636 -0.00301767 0.0490565
17.44 0.0486561 0.000303629 0.048657
17.45 0.0481266 0.00357019 0.0482588
17.46 0.0473828 0.00676696 0.0478636
17.47 0.0464306 0.00988037 0.0474702
17.48 0.0452784 0.0128969 0.0470793
17.49 0.043934 0.0158046 0.0466902
17.5 0.0424084 0.01859 0.046304
17.51 0.0407108 0.0212452 0.0459208
17.52 0.0388508 0.0237571 0.0455388
17.53 0.0368413 0.0261176 0.0451599
17.54 0.034693 0.0283169 0.0447822
17.55 0.0324198 0.0303486 0.0444081
17.56 0.0300331 0.0322057 0.0440363
17.57 0.0275457 0.0338824 0.0436667
17.58 0.0249703 0.0353726 0.0432983
17.59 0.022323 0.0366729 0.0429328
17.6 0.0196146 0.0377811 0.0425693
17.61 0.0168608 0.0386938 0.0422078
17.62 0.0140742 0.0394116 0.0418492
17.63 0.0112687 0.0399322 0.0414918
17.64 0.00845821 0.0402585 0.0411374
17.65 0.00565558 0.0403909 0.0407849
17.66 0.00287378 0.0403322 0.0404344
17.67 0.000126327 0.0400853 0.0400855
17.68 -0.00257431 0.0396567 0.0397401
17.69 -0.00521821 0.0390492 0.0393963
17.7 -0.00779181 0.0382696 0.0390548
17.71 -0.0102857 0.0373238 0.0387152
17.72 -0.0126871 0.0362189 0.0383767
17.73 -0.0149881 0.0349646 0.0380416
17.74 -0.0171792 0.0335679 0.0377084
17.75 -0.0192521 0.0320375 0.0373771
17.76 -0.0211979 0.0303831 0.0370471
17.77 -0.0230104 0.0286159 0.0367199
17.78 -0.024683 0.0267444 0.0363938
17.79 -0.0262102 0.0247815 0.0360707
17.8 -0.0275881 0.0227358 0.0357494
17.81 -0.028811 0.0206202 0.0354297
17.82 -0.0298783 0.0184453 0.0351133
17.83 -0.0307858 0.0162221 0.0347983
17.84 -0.0315325 0.013962 0.0344853
17.85 -0.0321172 0.0116769 0.034174
17.86 -0.0325415 0.00937837 0.0338659
17.87 -0.0328047 0.00707611 0.0335592
17.88 -0.03291 0.00478208 0.0332556
17.89 -0.0328574 0.00250554 0.0329528
17.9 -0.0326508 0.000260108 0.0326519
17.91 -0.0322955 -0.00194677 0.0323541
17.92 -0.0317943 -0.00410414 0.0320581
17.93 -0.0311527 -0.00620372 0.0317644
17.94 -0.0303756 -0.00823564 0.0314723
17.95 -0.0294701 -0.0101919 0.0311827
17.96 -0.0284417 -0.012064 0.0308945
17.97 -0.0272994 -0.0138458 0.0306099
17.98 -0.0260479 -0.0155298 0.030326
17.99 -0.0246977 -0.0171091 0.030045
18 -0.0232554 -0.0185803 0.0297664
18.01 -0.0217296 -0.0199361 0.0294894
18.02 -0.0201287 -0.0211731 0.0292142
18.03 -0.0184624 -0.0222867 0.0289406
18.04 -0.0167398 -0.0232747 0.0286694
18.05 -0.01497 -0.0241341 0.0284
18.06 -0.0131617 -0.0248648 0.0281334
18.07 -0.0113238 -0.0254623 0.0278668
18.08 -0.00946785 -0.0259283 0.0276029
18.09 -0.00760104 -0.026263 0.0273408
18.1 -0.00573405 -0.0264669 0.0270809
18.11 -0.00387386 -0.0265417 0.0268229
18.12 -0.00203035 -0.0264886 0.0265663
18.13 -0.00021206 -0.0263105 0.0263114
18.14 0.00157243 -0.0260106 0.0260581
18.15 0.00331656 -0.0255934 0.0258074
18.16 0.00501094 -0.0250609 0.0255569
18.17 0.00664904 -0.0244205 0.0253095
18.18 0.00822473 -0.023675 0.025063
18.19 0.00973005 -0.0228315 0.0248184
18.2 0.0111606 -0.0218946 0.024575
18.21 0.012509 -0.0208712 0.0243328
18.22 0.0137714 -0.0197687 0.0240926
18.23 0.0149434 -0.0185938 0.0238544
18.24 0.0160223 -0.0173526 0.0236184
18.25 0.0170018 -0.0160523 0.0233825
18.26 0.0178814 -0.0147018 0.0231492
18.27 0.0186574 -0.0133072 0.0229168
18.28 0.0193293 -0.0118783 0.0226873
18.29 0.019896 -0.0104195 0.0224592
18.3 0.0203554 -0.00894034 0.0222322
18.31 0.0207083 -0.00744804 0.0220069
18.32 0.0209547 -0.00595055 0.0217832
18.33 0.0210965 -0.00445418 0.0215616
18.34 0.0211336 -0.00296768 0.0213409
18.35 0.0210698 -0.00149662 0.0211229
18.36 0.0209055 -4.86519e-05 0.0209056
18.37 0.0206457 0.00136956 0.0206911
18.38 0.0202915 0.00275334 0.0204774
18.39 0.0198474 0.00409424 0.0202653
18.4 0.019318 0.00538805 0.0200553
18.41 0.0187076 0.00662951 0.0198475
18.42 0.0180201 0.00781479 0.0196416
18.43 0.0172601 0.0089374 0.0194368
18.44 0.016433 0.00999474 0.0192338
18.45 0.0155444 0.0109808 0.0190318
18.46 0.0146012 0.0118949 0.0188331
18.47 0.0136061 0.0127335 0.0186352
18.48 0.012567 0.013493 0.0184388
18.49 0.0114888 0.0141719 0.0182438
18.5 0.0103785 0.0147682 0.0180503
18.51 0.00924166 0.0152815 0.0178587
18.52 0.00808496 0.0157104 0.0176687
18.53 0.00691286 0.0160554 0.0174804
18.54 0.00573333 0.0163151 0.0172932
18.55 0.00455115 0.0164923 0.0171087
18.56 0.00337124 0.0165853 0.0169245
18.57 0.00220136 0.016597 0.0167424
18.58 0.00104536 0.0165284 0.0165614
18.59 -9.04423e-05 0.0163821 0.0163824
18.6 -0.00120239 0.0161604 0.0162051
18.61 -0.00228437 0.0158652 0.0160288
18.62 -0.00333264 0.0154991 0.0158534
18.63 -0.00434012 0.0150664 0.0156791
18.64 -0.00530581 0.0145717 0.0155076
18.65 -0.00622485 0.0140164 0.0153365
18.66 -0.00709375 0.0134065 0.0151676
18.67 -0.00790924 0.012744 0.0149988
18.68 -0.00866764 0.0120356 0.0148318
18.69 -0.00936814 0.0112851 0.0146668
18.7 -0.010008 0.0104972 0.0145035
18.71 -0.0105858 0.00967524 0.0143412
18.72 -0.0110989 0.00882596 0.0141803
18.73 -0.011548 0.00795264 0.0140214
18.74 -0.0119303 0.00706033 0.0138629
18.75 -0.0122474 0.00615479 0.013707
18.76 -0.0124975 0.00523903 0.0135512
18.77 -0.0126821 0.00431985 0.0133976
18.78 -0.0128019 0.0034 0.0132457
18.79 -0.0128572 0.00248467 0.013095
18.8 -0.0128486 0.00157765 0.0129451
18.81 -0.0127787 0.000685363 0.0127971
18.82 -0.0126496 -0.000190686 0.012651
18.83 -0.0124626 -0.00104547 0.0125063
18.84 -0.0122208 -0.00187674 0.0123641
18.85 -0.0119239 -0.00268005 0.0122214
18.86 -0.0115775 -0.00345117 0.012081
18.87 -0.0111837 -0.00418859 0.0119423
18.88 -0.0107454 -0.00488934 0.0118055
18.89 -0.0102646 -0.00555131 0.0116696
18.9 -0.00974586 -0.00617088 0.0115352
18.91 -0.00919119 -0.00674685 0.0114017
18.92 -0.00860566 -0.00727625 0.0112695
18.93 -0.00799239 -0.00775988 0.0111398
18.94 -0.00735342 -0.008194 0.0110097
18.95 -0.0066948 -0.0085791 0.0108822
18.96 -0.00601824 -0.00891412 0.0107555
18.97 -0.00532847 -0.00919834 0.0106302
18.98 -0.00462811 -0.00943154 0.0105059
18.99 -0.00392241 -0.0096137 0.0103831
19 -0.00321325 -0.00974511 0.0102612
19.01 -0.00250578 -0.00982648 0.0101409
19.02 -0.00180112 -0.00985924 0.0100224
19.03 -0.00110393 -0.00984112 0.00990284
19.04 -0.000418453 -0.00977654 0.00978549
19.05 0.000253188 -0.00966529 0.0096686
19.06 0.00090749 -0.0095104 0.00955359
19.07 0.00154311 -0.00931234 0.00943932
19.08 0.00215566 -0.0090732 0.00932577
19.09 0.0027429 -0.00879436 0.00921218
19.1 0.00330142 -0.0084804 0.00910036
19.11 0.00383185 -0.00813285 0.00899035
19.12 0.00432994 -0.00775293 0.0088801
19.13 0.00479567 -0.00734506 0.00877201
19.14 0.00522584 -0.00690989 0.00866349
19.15 0.00561979 -0.00645259 0.00855675
19.16 0.00597711 -0.00597439 0.00845099
19.17 0.00629621 -0.00547892 0.00834631
19.18 0.00657623 -0.00496807 0.00824187
19.19 0.00681711 -0.00444653 0.00813908
19.2 0.00701901 -0.00391512 0.00803708
19.21 0.00718003 -0.003378 0.00793497
19.22 0.00730277 -0.00283798 0.00783483
19.23 0.00738524 -0.00229773 0.00773443
19.24 0.00743054 -0.00176076 0.00763631
19.25 0.00743843 -0.00122777 0.00753908
19.26 0.00740927 -0.000702466 0.0074425
19.27 0.00734365 -0.000187218 0.00734604
19.28 0.00724469 0.000314616 0.00725151
19.29 0.00711302 0.00080285 0.00715819
19.3 0.00694987 0.00127434 0.00706574
19.31 0.00675713 0.00172896 0.00697482
19.32 0.00653437 0.00216217 0.0068828
19.33 0.00628676 0.00257313 0.00679296
19.34 0.00601462 0.00296128 0.00670409
19.35 0.00572041 0.00332489 0.00661649
19.36 0.00540481 0.0036629 0.00652908
19.37 0.00507148 0.00397361 0.00644279
19.38 0.00472143 0.00425646 0.00635683
19.39 0.00435839 0.00451033 0.00627205
19.4 0.00398325 0.00473699 0.00618913
19.41 0.00359796 0.00493269 0.00610547
19.42 0.00320606 0.00510011 0.00602412
19.43 0.00280794 0.00523766 0.00594287
19.44 0.00240712 0.00534576 0.00586272
19.45 0.00200446 0.00542427 0.00578278
19.46 0.00160358 0.00547396 0.00570401
19.47 0.00120517 0.00549497 0.00562558
19.48 0.000812363 0.00548855 0.00554835
19.49 0.000424698 0.00545551 0.00547202
19.5 4.67634e-05 0.00539428 0.00539449
19.51 -0.000320563 0.0053094 0.00531907
19.52 -0.000675772 0.00520009 0.00524381
19.53 -0.0010175 0.00506922 0.00517033
19.54 -0.00134556 0.00491626 0.00509707
19.55 -0.00165699 0.0047431 0.0050242
19.56 -0.00195058 0.00455086 0.00495127
19.57 -0.00222546 0.00434318 0.00488015
19.58 -0.00248302 0.00412003 0.00481041
19.59 -0.00271982 0.00388241 0.00474031
19.6 -0.00293733 0.00363272 0.00467168
19.61 -0.00313248 0.00337179 0.00460233
19.62 -0.00330649 0.00310348 0.00453481
19.63 -0.00345977 0.00282749 0.00446819
19.64 -0.00359149 0.00254612 0.00440245
19.65 -0.00370117 0.00226023 0.00433674
19.66 -0.00378955 0.00197283 0.00427233
19.67 -0.00385715 0.00168398 0.00420873
19.68 -0.00390327 0.0013966 0.0041456
19.69 -0.00393057 0.00111058 0.00408445
19.7 -0.00393682 0.000828101 0.00402297
19.71 -0.00392511 0.000550701 0.00396356
19.72 -0.00389478 0.000277969 0.00390468
19.73 -0.00384655 1.25267e-05 0.00384657
19.74 -0.00378075 -0.000245044 0.00378868
19.75 -0.00369964 -0.000493063 0.00373235
19.76 -0.00360329 -0.000732169 0.00367692
19.77 -0.00349254 -0.000960057 0.00362209
19.78 -0.00336835 -0.00117819 0.00356846
19.79 -0.00323044 -0.00138227 0.00351375
19.8 -0.00308302 -0.00157359 0.00346138
19.81 -0.00292508 -0.0017524 0.00340984
19.82 -0.00275841 -0.00191779 0.00335958
19.83 -0.00258226 -0.00206943 0.00330917
19.84 -0.0023994 -0.00220598 0.00325937
19.85 -0.00221043 -0.00232774 0.00321004
19.86 -0.00201782 -0.00243469 0.00316216
19.87 -0.00182017 -0.00252901 0.00311591
19.88 -0.00161894 -0.0026066 0.00306844
19.89 -0.00141618 -0.00266994 0.00302228
19.9 -0.00121227 -0.0027176 0.00297573
19.91 -0.00100985 -0.0027511 0.00293059
19.92 -0.000807609 -0.00277056 0.00288587
19.93 -0.000607654 -0.00277588 0.00284161
19.94 -0.000410469 -0.00276667 0.00279695
19.95 -0.000218637 -0.00274435 0.00275305
19.96 -3.05616e-05 -0.00271008 0.00271025
19.97 0.000150699 -0.00266276 0.00266702
19.98 0.000326269 -0.00260514 0.00262549
19.99 0.000494715 -0.00253558 0.0025834
20 0.000654775 -0.00245669 0.00254245
20.01 0.000807443 -0.00236783 0.00250171
20.02 0.000950788 -0.00227023 0.00246129
20.03 0.00108459 -0.00216424 0.0024208
20.04 0.00120833 -0.00205201 0.00238134
20.05 0.00132335 -0.00193306 0.00234264
20.06 0.00142685 -0.00180829 0.00230343
20.07 0.00152083 -0.00167882 0.00226525
20.08 0.00160272 -0.00154513 0.00222623
20.09 0.00167418 -0.00141028 0.00218901
20.1 0.00173617 -0.00127247 0.00215255
20.11 0.00178767 -0.00113315 0.00211655
20.12 0.00182811 -0.000992249 0.00208004
20.13 0.00185784 -0.000852431 0.00204406
20.14 0.0018782 -0.00071328 0.00200908
20.15 0.00188884 -0.000576393 0.00197482
20.16 0.00189159 -0.000439729 0.00194203
20.17 0.00188295 -0.000305319 0.00190754
20.18 0.00186579 -0.000175416 0.00187402
20.19 0.00184015 -4.89528e-05 0.0018408
20.2 0.00180747 7.25084e-05 0.00180892
20.21 0.001767 0.000190649 0.00177726
20.22 0.00171899 0.000303492 0.00174557
20.23 0.00166361 0.000410846 0.00171359
20.24 0.00160268 0.000510481 0.00168201
20.25 0.00153738 0.000605859 0.00165245
20.26 0.00146597 0.00069432 0.00162208
20.27 0.0013907 0.000776596 0.00159284
20.28 0.00131004 0.000852038 0.00156275
20.29 0.00122713 0.000919428 0.00153336
20.3 0.00114104 0.000980456 0.00150442
20.31 0.00105288 0.00103441 0.001476
20.32 0.000962025 0.00108126 0.00144728
20.33 0.000870661 0.00111985 0.00141849
20.34 0.000778234 0.0011525 0.00139065
20.35 0.000685924 0.00117656 0.00136191
20.36 0.000594701 0.00119478 0.00133461
20.37 0.000503526 0.0012057 0.00130662
20.38 0.000415284 0.00121015 0.00127943
20.39 0.000328067 0.00120887 0.0012526
20.4 0.000243396 0.00120162 0.00122602
20.41 0.000161105 0.00118835 0.00119922
20.42 8.29985e-05 0.0011699 0.00117284
20.43 7.32749e-06 0.00114762 0.00114764
20.44 -6.41381e-05 0.00112033 0.00112217
20.45 -0.000132723 0.00108988 0.00109793
20.46 -0.000197423 0.00105407 0.0010724
20.47 -0.000256139 0.00101588 0.00104767
20.48 -0.000311385 0.000975377 0.00102388
20.49 -0.000362409 0.000933164 0.00100107
20.5 -0.000409938 0.00088826 0.000978292
20.51 -0.000452339 0.000841459 0.000955335
20.52 -0.00049057 0.000793608 0.000932991
20.53 -0.000523378 0.000746059 0.000911333
20.54 -0.000554634 0.000699031 0.000892336
20.55 -0.000582237 0.000649838 0.000872519
20.56 -0.000605488 0.000601089 0.000853185
20.57 -0.000624955 0.000551702 0.000833632
20.58 -0.000640664 0.000504466 0.000815437
20.59 -0.000654627 0.000457489 0.000798644
20.6 -0.000665962 0.000410499 0.000782313
20.61 -0.000674098 0.000362741 0.000765499
20.62 -0.000677373 0.000317262 0.00074799
20.63 -0.000679778 0.000273572 0.000732762
20.64 -0.000679616 0.000230825 0.000717745
20.65 -0.000678549 0.000189379 0.000704481
20.66 -0.000674232 0.000147005 0.000690072
20.67 -0.000667 0.000107785 0.000675653
20.68 -0.000658436 7.02653e-05 0.000662174
20.69 -0.000649347 3.43719e-05 0.000650256
20.7 -0.000638917 -1.96863e-06 0.00063892
20.71 -0.00062566 -3.64855e-05 0.000626723
20.72 -0.000610844 -7.00776e-05 0.000614851
20.73 -0.000593846 -0.000100471 0.000602285
20.74 -0.00057794 -0.000129205 0.000592207
20.75 -0.000559875 -0.000158261 0.000581813
20.76 -0.000540519 -0.00018492 0.000571276
20.77 -0.000519306 -0.000209861 0.000560107
20.78 -0.000497996 -0.000231939 0.00054936
20.79 -0.000476802 -0.000252911 0.000539726
20.8 -0.000455458 -0.000272474 0.00053074
20.81 -0.000432757 -0.000292002 0.000522057
20.82 -0.000408863 -0.000308065 0.000511931
20.83 -0.00038629 -0.000322749 0.000503376
20.84 -0.000362886 -0.000336287 0.000494747
20.85 -0.000340595 -0.000348596 0.000487365
20.86 -0.000316737 -0.000360247 0.000479688
20.87 -0.000292859 -0.00036949 0.000471475
20.88 -0.000269476 -0.000377048 0.000463446
20.89 -0.000247355 -0.000383361 0.000456235
20.9 -0.000224763 -0.000389913 0.000450057
20.91 -0.000202448 -0.000394332 0.000443264
20.92 -0.000180456 -0.00039852 0.000437473
20.93 -0.000158307 -0.000400513 0.000430664
20.94 -0.000138444 -0.000402486 0.000425631
20.95 -0.00011743 -0.0004042 0.000420913
20.96 -9.6892e-05 -0.000404986 0.000416415
20.97 -7.60843e-05 -0.000404728 0.000411817
20.98 -5.62699e-05 -0.000403321 0.000407227
20.99 -3.61315e-05 -0.000401686 0.000403308
21 -1.71771e-05 -0.000399004 0.000399374
21.01 2.65172e-06 -0.000396585 0.000396594
21.02 2.22256e-05 -0.000391568 0.000392198
21.03 4.01874e-05 -0.000387032 0.000389112
21.04 5.87078e-05 -0.000381051 0.000385547
21.05 7.59418e-05 -0.000375051 0.000382662
21.06 9.35662e-05 -0.000368309 0.000380008
21.07 0.000110398 -0.000360632 0.000377151
21.08 0.000127238 -0.000352106 0.000374391
21.09 0.000142346 -0.000343277 0.000371621
21.1 0.00015843 -0.000334379 0.000370012
21.11 0.000173308 -0.000323745 0.000367214
21.12 0.000187771 -0.000313875 0.000365753
21.13 0.000201845 -0.000301834 0.000363105
21.14 0.000214411 -0.000290485 0.000361046
21.15 0.000226931 -0.00027853 0.000359272
21.16 0.000238548 -0.000266255 0.000357487
21.17 0.000249888 -0.000253421 0.000355901
21.18 0.000259848 -0.000240965 0.00035438
21.19 0.000270416 -0.000228083 0.00035376
21.2 0.000279506 -0.000215019 0.000352642
21.21 0.000289448 -0.000202741 0.00035339
21.22 0.000298656 -0.00018862 0.000353232
21.23 0.00030749 -0.000175521 0.000354059
21.24 0.000316428 -0.000161365 0.000355198
21.25 0.000324768 -0.000146968 0.000356474
21.26 0.000333149 -0.000131845 0.00035829
21.27 0.000340844 -0.000116612 0.00036024
21.28 0.000348601 -9.99569e-05 0.000362649
21.29 0.000354951 -8.34489e-05 0.000364629
21.3 0.000362237 -6.64295e-05 0.000368278
21.31 0.000367801 -4.78356e-05 0.000370899
21.32 0.00037367 -2.97274e-05 0.000374851
21.33 0.000378616 -9.74698e-06 0.000378741
21.34 0.000382565 1.04774e-05 0.000382708
21.35 0.000385935 3.19614e-05 0.000387256
21.36 0.000388041 5.39083e-05 0.000391767
21.37 0.000388869 7.76725e-05 0.00039655
21.38 0.000387792 0.000101095 0.000400753
21.39 0.000386056 0.000125937 0.000406078
21.4 0.000380991 0.000151034 0.000409836
21.41 0.000375707 0.000175846 0.000414822
21.42 0.000367385 0.000201568 0.000419048
21.43 0.000357445 0.000226283 0.00042305
21.44 0.000345657 0.000251259 0.000427328
21.45 0.000331868 0.00027519 0.000431122
21.46 0.000315893 0.00029927 0.000435145
21.47 0.00029823 0.000321508 0.00043853
21.48 0.000278869 0.000343991 0.000442829
21.49 0.000256554 0.000364246 0.000445528
21.5 0.000234095 0.000383612 0.000449398
21.51 0.000208383 0.000401498 0.000452354
21.52 0.000182008 0.000417002 0.000454992
21.53 0.000154017 0.000431199 0.000457879
21.54 0.000124852 0.000442688 0.000459957
21.55 9.43932e-05 0.00045247 0.000462211
21.56 6.38034e-05 0.000459378 0.000463787
21.57 3.21458e-05 0.000464998 0.000466107
21.58 -5.89157e-08 0.000467102 0.000467102
21.59 -3.14789e-05 0.000468176 0.000469233
21.6 -6.43516e-05 0.000466284 0.000470704
21.61 -9.59604e-05 0.000462178 0.000472035
21.62 -0.000128006 0.000456329 0.000473942
21.63 -0.000159494 0.00044755 0.000475121
21.64 -0.000190761 0.000436899 0.000476729
21.65 -0.000220723 0.000423702 0.000477747
21.66 -0.000250656 0.000408706 0.000479447
21.67 -0.000278973 0.000390585 0.000479982
21.68 -0.000305935 0.00037178 0.000481473
21.69 -0.000332241 0.000349623 0.000482307
21.7 -0.000355857 0.000326428 0.000482896
21.71 -0.00037874 0.000301493 0.000484089
21.72 -0.000399168 0.000274484 0.000484435
21.73 -0.000418176 0.000246456 0.000485398
21.74 -0.00043464 0.000216951 0.000485777
21.75 -0.000449908 0.000186154 0.000486898
21.76 -0.000462031 0.000153847 0.000486972
21.77 -0.000472606 0.000121627 0.000488006
21.78 -0.00048056 8.69448e-05 0.000488362
21.79 -0.000485502 5.31617e-05 0.000488404
21.8 -0.000488641 1.81374e-05 0.000488977
21.81 -0.000488093 -1.69036e-05 0.000488386
21.82 -0.000485665 -5.15835e-05 0.000488397
21.83 -0.000479879 -8.59058e-05 0.000487508
21.84 -0.000472264 -0.000119879 0.000487242
21.85 -0.000461263 -0.000152808 0.000485915
21.86 -0.000449098 -0.000184337 0.000485458
21.87 -0.000433747 -0.000215925 0.00048452
21.88 -0.000416829 -0.000244648 0.000483321
21.89 -0.000398184 -0.000273371 0.000482992
21.9 -0.000376833 -0.000299885 0.000481595
21.91 -0.000354647 -0.000324953 0.000481008
21.92 -0.000329998 -0.000348172 0.000479711
21.93 -0.000304331 -0.000369874 0.000478983
21.94 -0.000276746 -0.000389013 0.000477409
21.95 -0.00024895 -0.000406371 0.000476564
21.96 -0.000218947 -0.000421979 0.000475399
21.97 -0.000189411 -0.000434388 0.000473887
21.98 -0.000158783 -0.000446043 0.000473462
21.99 -0.00012743 -0.000454537 0.000472061
22 -9.6596e-05 -0.000461656 0.000471654
22.01 -6.46703e-05 -0.0004665 0.000470961
22.02 -3.29563e-05 -0.00046977 0.000470924
22.03 -8.09322e-07 -0.000470537 0.000470538
22.04 3.10312e-05 -0.000469942 0.000470966
22.05 6.39612e-05 -0.000467011 0.000471371
22.06 9.54159e-05 -0.000461665 0.000471422
22.07 0.000127849 -0.000455039 0.000472659
22.08 0.000159464 -0.000445038 0.000472745
22.09 0.000190138 -0.000433876 0.00047371
22.1 0.000220817 -0.000419802 0.000474335
22.11 0.000250168 -0.000404079 0.000475252
22.12 0.000278621 -0.000385732 0.000475835
22.13 0.000305911 -0.000366006 0.000477013
22.14 0.000332531 -0.000343547 0.000478123
22.15 0.00035649 -0.000319584 0.000478768
22.16 0.000380441 -0.000293788 0.000480673
22.17 0.000401409 -0.000265374 0.000481199
22.18 0.000420832 -0.000236298 0.000482635
22.19 0.000438271 -0.000204352 0.000483571
22.2 0.000452961 -0.000171745 0.000484428
22.21 0.000465115 -0.000137176 0.000484922
22.22 0.000474695 -0.000102114 0.000485554
22.23 0.000481498 -6.54405e-05 0.000485925
22.24 0.000484638 -2.91894e-05 0.000485516
22.25 0.000486209 8.02629e-06 0.000486276
22.26 0.000483293 4.51237e-05 0.000485395
22.27 0.000478572 8.12324e-05 0.000485417
22.28 0.000470467 0.000118033 0.000485048
22.29 0.000459563 0.000152946 0.000484346
22.3 0.000445848 0.000187692 0.000483745
22.31 0.000429658 0.000220841 0.000483091
22.32 0.000410582 0.000253147 0.000482349
22.33 0.000388866 0.000282911 0.000480891
22.34 0.000365541 0.000311945 0.000480552
22.35 0.000338745 0.000338055 0.00047857
22.36 0.000311321 0.000361841 0.000477336
22.37 0.000281163 0.000383964 0.0004759
22.38 0.000250058 0.000402346 0.000473721
22.39 0.000217525 0.000418951 0.000472056
22.4 0.000184211 0.000432505 0.0004701
22.41 0.000149843 0.00044361 0.000468234
22.42 0.000115163 0.000451493 0.000465949
22.43 8.02335e-05 0.00045782 0.000464798
22.44 4.4397e-05 0.000460234 0.000462371
22.45 9.68901e-06 0.000460667 0.000460769
22.46 -2.61464e-05 0.000458552 0.000459297
22.47 -6.0624e-05 0.000452848 0.000456888
22.48 -9.51057e-05 0.000445288 0.000455331
22.49 -0.000128469 0.000434532 0.000453125
22.5 -0.000161006 0.000421301 0.000451018
22.51 -0.00019189 0.000405331 0.000448458
22.52 -0.000221561 0.000387889 0.000446707
22.53 -0.000249581 0.000366986 0.000443812
22.54 -0.000275144 0.000345424 0.000441613
22.55 -0.000299952 0.000321422 0.00043964
22.56 -0.000321381 0.000295569 0.000436631
22.57 -0.000341777 0.000268796 0.000434814
22.58 -0.000359301 0.000240097 0.000432139
22.59 -0.000374806 0.000210327 0.000429787
22.6 -0.000387483 0.000179394 0.000426996
22.61 -0.000398093 0.00014811 0.000424752
22.62 -0.000405465 0.000115149 0.000421499
22.63 -0.000410212 8.33983e-05 0.000418603
22.64 -0.000412817 5.0396e-05 0.000415882
22.65 -0.000411445 1.83405e-05 0.000411854
22.66 -0.000408918 -1.31238e-05 0.000409128
22.67 -0.000402888 -4.4145e-05 0.0004053
22.68 -0.000395109 -7.40123e-05 0.000401981
22.69 -0.00038494 -0.000102905 0.000398457
22.7 -0.000373226 -0.00013044 0.000395363
22.71 -0.00035894 -0.000157361 0.000391919
22.72 -0.000343601 -0.000181756 0.000388712
22.73 -0.000326513 -0.00020605 0.000386092
22.74 -0.000307154 -0.000227625 0.000382305
22.75 -0.000287723 -0.000248112 0.000379927
22.76 -0.000265765 -0.00026677 0.00037656
22.77 -0.000243425 -0.000283429 0.000373614
22.78 -0.000219968 -0.000298378 0.000370696
22.79 -0.000195993 -0.000311387 0.000367934
22.8 -0.000170864 -0.000322808 0.000365239
22.81 -0.000146253 -0.000331769 0.000362575
22.82 -0.000120623 -0.000340069 0.000360828
22.83 -9.46719e-05 -0.000345358 0.000358099
22.84 -6.94196e-05 -0.000349988 0.000356807
22.85 -4.2758e-05 -0.000352306 0.000354891
22.86 -1.69253e-05 -0.000352924 0.00035333
22.87 9.32018e-06 -0.000351907 0.00035203
22.88 3.53696e-05 -0.000348887 0.000350675
22.89 6.16149e-05 -0.000344065 0.000349539
22.9 8.65853e-05 -0.000337107 0.000348049
22.91 0.000112082 -0.000328886 0.00034746
22.92 0.000136257 -0.000317673 0.000345662
22.93 0.000159317 -0.000305942 0.000344938
22.94 0.000182274 -0.000291346 0.000343666
22.95 0.000203104 -0.000275646 0.000342392
22.96 0.000223335 -0.000258271 0.000341442
22.97 0.000241981 -0.00023923 0.000340273
22.98 0.000259485 -0.000218752 0.000339389
22.99 0.00027463 -0.000196967 0.000337961
23 0.000289229 -0.000174017 0.000337543
23.01 0.00030076 -0.000149247 0.000335755
23.02 0.000310714 -0.000124724 0.000334812
23.03 0.000318721 -9.79537e-05 0.000333434
23.04 0.000323627 -7.17626e-05 0.000331488
23.05 0.000326891 -4.47499e-05 0.00032994
23.06 0.0003273 -1.77023e-05 0.000327778
23.07 0.000325704 9.03738e-06 0.000325829
23.08 0.000321305 3.52102e-05 0.000323228
23.09 0.000315742 6.09875e-05 0.000321578
23.1 0.000306906 8.60341e-05 0.000318737
23.11 0.000297125 0.000109384 0.00031662
23.12 0.000285093 0.000133027 0.000314602
23.13 0.000270975 0.000154029 0.000311693
23.14 0.000255765 0.000174601 0.000309679
23.15 0.000238356 0.00019346 0.000306986
23.16 0.000219933 0.000210523 0.000304452
23.17 0.000199828 0.000225809 0.00030153
23.18 0.000179328 0.000239525 0.000299217
23.19 0.000157025 0.000250895 0.000295982
23.2 0.000135224 0.000260092 0.000293144
23.21 0.000112203 0.000268219 0.000290742
23.22 8.92231e-05 0.000272965 0.000287177
23.23 6.64714e-05 0.000277021 0.000284885
23.24 4.31442e-05 0.0002787 0.00028202
23.25 2.05064e-05 0.000278537 0.000279291
23.26 -2.37917e-06 0.000276689 0.000276699
23.27 -2.44953e-05 0.000273336 0.000274431
23.28 -4.6806e-05 0.000267617 0.00027168
23.29 -6.75072e-05 0.000260455 0.000269062
23.3 -8.84232e-05 0.000251918 0.000266986
23.31 -0.000107543 0.00024057 0.000263513
23.32 -0.000125691 0.000229005 0.000261231
23.33 -0.000142853 0.000215086 0.000258204
23.34 -0.000157993 0.000200217 0.000255046
23.35 -0.000172178 0.000184281 0.0002522
23.36 -0.000184418 0.000167684 0.000249255
23.37 -0.000195511 0.000149716 0.000246251
23.38 -0.000204289 0.00013186 0.000243148
23.39 -0.000212481 0.000113326 0.000240813
23.4 -0.000217868 9.38061e-05 0.000237205
23.41 -0.000222348 7.52321e-05 0.000234731
23.42 -0.000224919 5.53584e-05 0.000231631
23.43 -0.000225362 3.62462e-05 0.000228258
23.44 -0.000224693 1.7131e-05 0.000225345
23.45 -0.000221907 -1.31732e-06 0.000221911
23.46 -0.000217844 -1.96962e-05 0.000218732
23.47 -0.000211954 -3.64414e-05 0.000215064
23.48 -0.000205544 -5.28807e-05 0.000212237
23.49 -0.00019682 -6.83382e-05 0.000208346
23.5 -0.000188284 -8.19354e-05 0.00020534
23.51 -0.000178201 -9.55924e-05 0.000202221
23.52 -0.000167353 -0.000107206 0.000198746
23.53 -0.000156446 -0.000118329 0.000196155
23.54 -0.000144359 -0.000128134 0.000193023
23.55 -0.00013213 -0.000137293 0.000190546
23.56 -0.000119364 -0.000144727 0.0001876
23.57 -0.000106601 -0.000151808 0.000185498
23.58 -9.27469e-05 -0.000157411 0.000182703
23.59 -7.99498e-05 -0.000161628 0.000180321
23.6 -6.60374e-05 -0.000165606 0.000178287
23.61 -5.25181e-05 -0.000167528 0.000175567
23.62 -3.94282e-05 -0.000169267 0.000173798
23.63 -2.57905e-05 -0.000169617 0.000171566
23.64 -1.27507e-05 -0.000169456 0.000169935
23.65 1.74644e-07 -0.000168008 0.000168008
23.66 1.29388e-05 -0.000166416 0.000166918
23.67 2.59819e-05 -0.000163404 0.000165457
23.68 3.77702e-05 -0.000159684 0.00016409
23.69 5.05734e-05 -0.000155454 0.000163474
23.7 6.22137e-05 -0.000149381 0.000161819
23.71 7.3462e-05 -0.000143251 0.000160989
23.72 8.46492e-05 -0.000135434 0.000159712
23.73 9.46417e-05 -0.00012719 0.000158538
23.74 0.000103962 -0.000117723 0.000157057
23.75 0.000112586 -0.000108083 0.00015607
23.76 0.000120374 -9.71871e-05 0.00015471
23.77 0.00012647 -8.62858e-05 0.000153101
23.78 0.000132856 -7.48528e-05 0.000152492
23.79 0.000137031 -6.25237e-05 0.000150621
23.8 0.000140741 -5.06905e-05 0.000149591
23.81 0.000143519 -3.76548e-05 0.000148376
23.82 0.000144738 -2.50761e-05 0.000146894
23.83 0.000144951 -1.19149e-05 0.000145439
23.84 0.000144117 7.3037e-07 0.000144119
23.85 0.000141865 1.37277e-05 0.000142528
23.86 0.000138048 2.56465e-05 0.00014041
23.87 0.000134151 3.74591e-05 0.000139283
23.88 0.000127878 4.86043e-05 0.000136804
23.89 0.000121692 5.83741e-05 0.000134968
23.9 0.000114456 6.82762e-05 0.000133274
23.91 0.000106287 7.64413e-05 0.00013092
23.92 9.78464e-05 8.44055e-05 0.000129222
23.93 8.89767e-05 9.11438e-05 0.000127374
23.94 7.94365e-05 9.73754e-05 0.000125667
23.95 6.95188e-05 0.000102202 0.000123604
23.96 5.9939e-05 0.00010666 0.000122348
23.97 4.89446e-05 0.000109767 0.000120185
23.98 3.89848e-05 0.000111641 0.000118252
23.99 2.83572e-05 0.000113254 0.00011675
24 1.78366e-05 0.000112836 0.000114237
24.01 7.82613e-06 0.000112292 0.000112564
24.02 -1.96462e-06 0.000110471 0.000110488
24.03 -1.15346e-05 0.000108041 0.000108655
24.04 -2.04791e-05 0.000104652 0.000106637
24.05 -2.86411e-05 0.000101133 0.00010511
24.06 -3.71935e-05 9.64331e-05 0.000103357
24.07 -4.40752e-05 9.13725e-05 0.000101447
24.08 -5.13723e-05 8.61889e-05 0.000100338
24.09 -5.77714e-05 7.95173e-05 9.82881e-05
24.1 -6.34834e-05 7.33065e-05 9.69741e-05
24.11 -6.87054e-05 6.60563e-05 9.53093e-05
24.12 -7.32569e-05 5.85502e-05 9.378e-05
24.13 -7.67874e-05 5.06579e-05 9.1992e-05
24.14 -7.94393e-05 4.29634e-05 9.03131e-05
24.15 -8.178e-05 3.45105e-05 8.87634e-05
24.16 -8.22398e-05 2.66821e-05 8.64599e-05
24.17 -8.29631e-05 1.89684e-05 8.5104e-05
24.18 -8.22323e-05 1.07828e-05 8.29362e-05
24.19 -8.10424e-05 3.84974e-06 8.11338e-05
24.2 -7.92945e-05 -3.55339e-06 7.93741e-05
24.21 -7.69984e-05 -1.03254e-05 7.76876e-05
24.22 -7.40072e-05 -1.67389e-05 7.58766e-05
24.23 -7.06545e-05 -2.25071e-05 7.41527e-05
24.24 -6.70942e-05 -2.84474e-05 7.28758e-05
24.25 -6.23234e-05 -3.30479e-05 7.05434e-05
24.26 -5.82361e-05 -3.74995e-05 6.92651e-05
24.27 -5.29125e-05 -4.16261e-05 6.73236e-05
24.28 -4.79298e-05 -4.42324e-05 6.5221e-05
24.29 -4.27238e-05 -4.7145e-05 6.36237e-05
24.3 -3.7535e-05 -4.89833e-05 6.17109e-05
24.31 -3.24126e-05 -5.03696e-05 5.98972e-05
24.32 -2.7564e-05 -5.12903e-05 5.82277e-05
24.33 -2.29779e-05 -5.2254e-05 5.7083e-05
24.34 -1.80898e-05 -5.21038e-05 5.51547e-05
24.35 -1.42205e-05 -5.23843e-05 5.42802e-05
24.36 -9.47995e-06 -5.23193e-05 5.31712e-05
24.37 -5.58447e-06 -5.13488e-05 5.16516e-05
24.38 -1.40649e-06 -5.10845e-05 5.11038e-05
24.39 2.62525e-06 -4.98373e-05 4.99064e-05
24.4 6.41634e-06 -4.85007e-05 4.89233e-05
24.41 1.00745e-05 -4.70287e-05 4.80957e-05
24.42 1.3422e-05 -4.54757e-05 4.74151e-05
24.43 1.67562e-05 -4.31675e-05 4.63055e-05
24.44 1.92949e-05 -4.15571e-05 4.58179e-05
24.45 2.24818e-05 -3.93746e-05 4.53408e-05
24.46 2.4679e-05 -3.67865e-05 4.42978e-05
24.47 2.73729e-05 -3.48981e-05 4.43526e-05
24.48 2.97874e-05 -3.19896e-05 4.37107e-05
24.49 3.20092e-05 -2.92317e-05 4.33484e-05
24.5 3.42609e-05 -2.63038e-05 4.31938e-05
24.51 3.61685e-05 -2.30928e-05 4.2912e-05
24.52 3.78878e-05 -1.9251e-05 4.24981e-05
24.53 3.89366e-05 -1.60446e-05 4.21128e-05
24.54 4.01746e-05 -1.1982e-05 4.19233e-05
24.55 4.01383e-05 -7.97825e-06 4.09235e-05
24.56 4.04648e-05 -4.57309e-06 4.07223e-05
24.57 3.99777e-05 -3.61468e-07 3.99794e-05
24.58 3.92121e-05 3.19833e-06 3.93423e-05
24.59 3.83499e-05 6.71817e-06 3.89339e-05
24.6 3.70274e-05 1.01973e-05 3.84058e-05
24.61 3.55124e-05 1.37425e-05 3.80787e-05
24.62 3.35834e-05 1.63915e-05 3.73701e-05
24.63 3.17001e-05 1.97012e-05 3.73233e-05
24.64 2.87933e-05 2.22727e-05 3.64023e-05
24.65 2.64357e-05 2.42909e-05 3.59011e-05
24.66 2.31355e-05 2.67119e-05 3.5338e-05
24.67 1.98992e-05 2.80222e-05 3.43689e-05
24.68 1.66811e-05 2.91936e-05 3.36232e-05
24.69 1.32038e-05 2.9999e-05 3.27762e-05
24.7 9.97612e-06 3.04852e-05 3.2076e-05
24.71 6.81602e-06 3.00866e-05 3.0849e-05
24.72 4.00686e-06 3.02363e-05 3.05006e-05
24.73 8.60495e-07 2.94487e-05 2.94613e-05
24.74 -1.35281e-06 2.85083e-05 2.85403e-05
24.75 -4.24612e-06 2.79515e-05 2.82722e-05
24.76 -6.56895e-06 2.64425e-05 2.72462e-05
24.77 -8.74297e-06 2.52622e-05 2.67324e-05
24.78 -1.11386e-05 2.38399e-05 2.63137e-05
24.79 -1.30139e-05 2.22179e-05 2.57487e-05
24.8 -1.48277e-05 2.01493e-05 2.50171e-05
24.81 -1.63455e-05 1.8617e-05 2.47744e-05
24.82 -1.77915e-05 1.622e-05 2.40754e-05
24.83 -1.83759e-05 1.40725e-05 2.31454e-05
24.84 -1.94713e-05 1.21973e-05 2.29762e-05
24.85 -1.9693e-05 9.63018e-06 2.19216e-05
24.86 -1.98839e-05 7.73922e-06 2.1337e-05
24.87 -2.02483e-05 5.64222e-06 2.10197e-05
24.88 -2.00038e-05 3.60292e-06 2.03257e-05
24.89 -1.98994e-05 1.48825e-06 1.9955e-05
24.9 -1.96517e-05 -8.41515e-08 1.96518e-05
24.91 -1.92049e-05 -2.32974e-06 1.93457e-05
24.92 -1.8237e-05 -4.00757e-06 1.86721e-05
24.93 -1.77238e-05 -5.56289e-06 1.85763e-05
24.94 -1.62189e-05 -7.52581e-06 1.78799e-05
24.95 -1.49005e-05 -8.64576e-06 1.72272e-05
24.96 -1.35835e-05 -9.97741e-06 1.68541e-05
24.97 -1.17027e-05 -1.09494e-05 1.60263e-05
24.98 -1.01976e-05 -1.17236e-05 1.55381e-05
24.99 -8.69977e-06 -1.19202e-05 1.47573e-05
25 -7.12513e-06 -1.25426e-05 1.44252e-05
25.01 -5.55462e-06 -1.23625e-05 1.35531e-05
25.02 -4.56007e-06 -1.22572e-05 1.30779e-05
25.03 -2.80667e-06 -1.23589e-05 1.26736e-05
25.04 -1.6948e-06 -1.17362e-05 1.1858e-05
25.05 -5.35285e-07 -1.15488e-05 1.15612e-05
25.06 9.53795e-07 -1.10054e-05 1.10466e-05
25.07 1.86008e-06 -1.04483e-05 1.06126e-05
25.08 2.79502e-06 -9.56709e-06 9.96702e-06
25.09 3.66649e-06 -9.12531e-06 9.83435e-06
25.1 4.21635e-06 -8.00109e-06 9.04406e-06
25.11 4.26038e-06 -7.25536e-06 8.41375e-06
25.12 4.85145e-06 -6.68978e-06 8.26376e-06
25.13 4.6105e-06 -5.67228e-06 7.30968e-06
25.14 4.62636e-06 -5.38248e-06 7.09749e-06
25.15 4.93331e-06 -4.80766e-06 6.88848e-06
25.16 4.73204e-06 -4.47941e-06 6.51593e-06
25.17 4.94177e-06 -4.04663e-06 6.3872e-06
25.18 5.19326e-06 -3.98232e-06 6.54437e-06
25.19 5.23095e-06 -3.36473e-06 6.21967e-06
25.2 5.20609e-06 -3.13329e-06 6.07626e-06
25.21 5.62761e-06 -2.82533e-06 6.29702e-06
25.22 5.26584e-06 -2.06692e-06 5.65696e-06
25.23 5.35085e-06 -1.89772e-06 5.67741e-06
25.24 5.5321e-06 -1.22187e-06 5.66543e-06
25.25 5.19992e-06 -8.39275e-07 5.26721e-06
25.26 5.43773e-06 -3.29917e-07 5.44773e-06
25.27 5.60392e-06 -6.16023e-08 5.60426e-06
25.28 5.55026e-06 5.92827e-07 5.58183e-06
25.29 5.69323e-06 8.99704e-07 5.76388e-06
25.3 5.99767e-06 1.40246e-06 6.15946e-06
25.31 5.546e-06 2.19607e-06 5.96497e-06
25.32 5.6102e-06 2.50433e-06 6.14378e-06
25.33 5.37884e-06 3.36787e-06 6.34622e-06
25.34 4.6182e-06 3.82582e-06 5.99705e-06
25.35 4.3402e-06 4.40792e-06 6.18604e-06
25.36 3.73671e-06 4.70994e-06 6.0122e-06
25.37 2.92847e-06 5.15333e-06 5.92729e-06
25.38 2.45406e-06 5.12328e-06 5.6807e-06
25.39 1.99999e-06 5.18211e-06 5.55466e-06
25.4 1.05913e-06 5.2402e-06 5.34617e-06
25.41 8.39292e-07 4.84519e-06 4.91734e-06
25.42 2.11175e-07 4.95683e-06 4.96132e-06
25.43 -6.35685e-07 4.60449e-06 4.64817e-06
25.44 -9.29363e-07 4.50678e-06 4.60161e-06
25.45 -1.63915e-06 4.20356e-06 4.51184e-06
25.46 -2.36746e-06 4.06669e-06 4.70562e-06
25.47 -2.67847e-06 3.5834e-06 4.47381e-06
25.48 -3.08387e-06 3.2676e-06 4.49305e-06
25.49 -3.67375e-06 2.88484e-06 4.67105e-06
25.5 -3.45467e-06 2.1498e-06 4.06895e-06
25.51 -3.68506e-06 1.90489e-06 4.14829e-06
25.52 -3.79867e-06 1.18594e-06 3.97949e-06
25.53 -3.37266e-06 8.73451e-07 3.48393e-06
25.54 -3.48484e-06 4.43307e-07 3.51292e-06
25.55 -3.46141e-06 2.72521e-07 3.47213e-06
25.56 -3.17301e-06 -5.83669e-08 3.17355e-06
25.57 -3.22161e-06 -1.64316e-07 3.22579e-06
25.58 -3.31892e-06 -2.96164e-07 3.33211e-06
25.59 -2.84822e-06 -7.09474e-07 2.93525e-06
25.6 -2.93362e-06 -6.83585e-07 3.01221e-06
25.61 -2.72707e-06 -1.19929e-06 2.97913e-06
25.62 -2.12875e-06 -1.32127e-06 2.50546e-06
25.63 -2.09866e-06 -1.65199e-06 2.67085e-06
25.64 -1.74008e-06 -1.78973e-06 2.4962e-06
25.65 -1.23501e-06 -1.97101e-06 2.32597e-06
25.66 -1.21036e-06 -1.9634e-06 2.30649e-06
25.67 -1.0356e-06 -1.88641e-06 2.15198e-06
25.68 -5.52789e-07 -1.96811e-06 2.04427e-06
25.69 -6.89663e-07 -1.65692e-06 1.79472e-06
25.7 -3.54283e-07 -1.83116e-06 1.86511e-06
25.71 1.46199e-07 -1.61889e-06 1.62548e-06
25.72 1.70213e-07 -1.69313e-06 1.70166e-06
25.73 6.87759e-07 -1.60578e-06 1.74686e-06
25.74 1.20899e-06 -1.5641e-06 1.97688e-06
25.75 1.26703e-06 -1.43019e-06 1.91071e-06
25.76 1.61191e-06 -1.20015e-06 2.00963e-06
25.77 1.98101e-06 -1.06624e-06 2.24973e-06
25.78 1.68699e-06 -5.83085e-07 1.78492e-06
25.79 1.89131e-06 -5.03293e-07 1.95713e-06
25.8 1.93355e-06 -5.97558e-08 1.93447e-06
25.81 1.55743e-06 6.37756e-09 1.55745e-06
25.82 1.70843e-06 1.58735e-07 1.71579e-06
25.83 1.69035e-06 1.42729e-07 1.69636e-06
25.84 1.34346e-06 9.51214e-08 1.34683e-06
25.85 1.43155e-06 6.43262e-08 1.43299e-06
25.86 1.37152e-06 -9.67806e-08 1.37493e-06
25.87 8.1842e-07 4.5869e-08 8.19705e-07
25.88 8.5204e-07 -1.55423e-07 8.66099e-07
25.89 5.35522e-07 7.26573e-08 5.40428e-07
25.9 -2.09094e-08 -1.07085e-08 2.3492e-08
25.91 -8.20783e-09 9.97442e-08 1.00081e-07
25.92 -2.68532e-07 7.61533e-08 2.79121e-07
25.93 -6.10289e-07 3.15013e-08 6.11101e-07
25.94 -3.89261e-07 -1.09533e-08 3.89415e-07
25.95 -4.03046e-07 -2.39376e-07 4.68771e-07
25.96 -5.79489e-07 -1.63038e-07 6.01988e-07
25.97 -1.41598e-07 -4.46256e-07 4.68182e-07
25.98 -1.77679e-07 -2.52771e-07 3.0897e-07
25.99 -2.66291e-07 -3.14282e-07 4.11927e-07
26 9.424e-08 -1.37069e-07 1.6634e-07
