0 1.73528e-05 2.63739e-05 3.15706e-05
0.01 3.45e-05 5.26096e-05 6.29128e-05
0.02 5.13833e-05 7.84108e-05 9.3747e-05
0.03 6.84647e-05 0.000104473 0.000124908
0.04 8.47346e-05 0.000129476 0.000154738
0.05 0.000100411 0.000153488 0.000183415
0.06 0.0001159 0.000177239 0.00021177
0.07 0.000130504 0.000199354 0.000238272
0.08 0.000144314 0.000220455 0.00026349
0.09 0.000157637 0.000240443 0.00028751
0.1 0.000170276 0.000259213 0.000310138
0.11 0.000182098 0.000276572 0.000331137
0.12 0.000192783 0.000291969 0.000349873
0.13 0.000203027 0.000306176 0.000367374
0.14 0.00021208 0.000318393 0.00038256
0.15 0.000219773 0.000328174 0.000394967
0.16 0.000226908 0.00033681 0.000406113
0.17 0.000232849 0.000343185 0.000414723
0.18 0.000237533 0.000347563 0.000420977
0.19 0.000241245 0.000350114 0.000425181
0.2 0.000243841 0.000350565 0.000427029
0.21 0.000245304 0.000349097 0.000426664
0.22 0.000245181 0.000344902 0.000423168
0.23 0.000244272 0.000339052 0.000417882
0.24 0.00024232 0.000331239 0.000410413
0.25 0.000238748 0.000320837 0.000399921
0.26 0.000234632 0.000309052 0.000388028
0.27 0.000229521 0.000295401 0.000374088
0.28 0.000223226 0.000279547 0.000357737
0.29 0.000216011 0.000262077 0.000339624
0.3 0.000208 0.000242619 0.000319575
0.31 0.00019923 0.000221844 0.000298174
0.32 0.000189311 0.000198968 0.00027464
0.33 0.000178863 0.000174954 0.000250202
0.34 0.000168144 0.000150145 0.000225424
0.35 0.000156196 0.000123546 0.00019915
0.36 0.00014392 9.62207e-05 0.000173123
0.37 0.000131294 6.811e-05 0.000147909
0.38 0.000117881 3.88092e-05 0.000124105
0.39 0.000104006 8.98339e-06 0.000104394
0.4 8.97663e-05 -2.14501e-05 9.22935e-05
0.41 7.55471e-05 -5.17071e-05 9.15478e-05
0.42 6.07083e-05 -8.23149e-05 0.00010228
0.43 4.56926e-05 -0.000112881 0.000121779
0.44 3.10499e-05 -0.000142529 0.000145872
0.45 1.58297e-05 -0.0001724 0.000173125
0.46 5.10019e-07 -0.000201622 0.000201623
0.47 -1.441e-05 -0.000229798 0.000230249
0.48 -2.94601e-05 -0.000257193 0.000258875
0.49 -4.43222e-05 -0.000283222 0.000286669
0.5 -5.91013e-05 -0.000307919 0.00031354
0.51 -7.31896e-05 -0.000330689 0.000338692
0.52 -8.73168e-05 -0.000351827 0.000362501
0.53 -0.000101433 -0.000371603 0.000385198
0.54 -0.000114652 -0.000388742 0.000405296
0.55 -0.000127855 -0.000404228 0.000423966
0.56 -0.000140949 -0.000417534 0.000440683
0.57 -0.000153177 -0.000428042 0.000454624
0.58 -0.000165093 -0.000436158 0.000466358
0.59 -0.000176527 -0.000441511 0.000475494
0.6 -0.000187662 -0.000444456 0.00048245
0.61 -0.000197876 -0.000444517 0.00048657
0.62 -0.000207511 -0.000441876 0.000488175
0.63 -0.000217084 -0.000437035 0.00048798
0.64 -0.000225255 -0.000428981 0.000484525
0.65 -0.000232737 -0.000418137 0.000478545
0.66 -0.000239851 -0.000404895 0.000470604
0.67 -0.000245689 -0.000388472 0.000459645
0.68 -0.000250713 -0.000369699 0.000446692
0.69 -0.000254859 -0.000348266 0.000431558
0.7 -0.000258429 -0.000324791 0.00041506
0.71 -0.000260855 -0.000298962 0.000396767
0.72 -0.000262079 -0.000270758 0.000376823
0.73 -0.000263141 -0.000240931 0.000356779
0.74 -0.000262802 -0.000208915 0.000335724
0.75 -0.000261276 -0.000174921 0.000314424
0.76 -0.000259405 -0.000139862 0.000294707
0.77 -0.000256318 -0.000103229 0.000276324
0.78 -0.000252215 -6.57562e-05 0.000260646
0.79 -0.000247057 -2.73479e-05 0.000248566
0.8 -0.000241174 1.16042e-05 0.000241453
0.81 -0.000234198 5.09746e-05 0.000239681
0.82 -0.000225614 9.10611e-05 0.000243298
0.83 -0.000216652 0.000130822 0.000253086
0.84 -0.00020656 0.000170441 0.0002678
0.85 -0.000194846 0.000209781 0.000286309
0.86 -0.00018276 0.000247985 0.000308055
0.87 -0.000169506 0.000285308 0.000331863
0.88 -0.000155297 0.000321454 0.000357001
0.89 -0.000139974 0.000356274 0.000382784
0.9 -0.000124065 0.000389684 0.000408957
0.91 -0.000107543 0.00042107 0.000434587
0.92 -8.9549e-05 0.00045085 0.000459657
0.93 -7.13506e-05 0.000478073 0.000483368
0.94 -5.27098e-05 0.000502757 0.000505512
0.95 -3.26624e-05 0.000525048 0.000526063
0.96 -1.24693e-05 0.000544434 0.000544577
0.97 8.27931e-06 0.000561148 0.000561209
0.98 2.96055e-05 0.000575013 0.000575774
0.99 5.15858e-05 0.000585866 0.000588132
1 7.38784e-05 0.000593733 0.000598311
1.01 9.59966e-05 0.000598092 0.000605747
1.02 0.00011911 0.000599273 0.000610995
1.03 0.000142203 0.000597115 0.000613814
1.04 0.000164687 0.000591451 0.000613952
1.05 0.000187973 0.00058281 0.000612373
1.06 0.000210749 0.000570773 0.000608439
1.07 0.000233159 0.000555687 0.00060262
1.08 0.000255155 0.000537337 0.00059484
1.09 0.000276846 0.000515742 0.000585349
1.1 0.000298106 0.000491048 0.000574452
1.11 0.000317982 0.000463291 0.000561917
1.12 0.000337587 0.000432598 0.000548732
1.13 0.000356515 0.000399423 0.000535389
1.14 0.000373473 0.000363606 0.00052124
1.15 0.00038994 0.000325668 0.000508049
1.16 0.0004051 0.000285378 0.000495526
1.17 0.00041872 0.000243086 0.000484167
1.18 0.000430913 0.000198925 0.000474613
1.19 0.00044163 0.000152935 0.000467361
1.2 0.000451133 0.000105632 0.000463335
1.21 0.00045826 5.72354e-05 0.000461821
1.22 0.000463732 7.94288e-06 0.0004638
1.23 0.000467967 -4.19697e-05 0.000469846
1.24 0.000469299 -9.23071e-05 0.000478291
1.25 0.000469051 -0.000142938 0.000490347
1.26 0.000466931 -0.000193708 0.000505517
1.27 0.000462516 -0.000244364 0.000523101
1.28 0.000455924 -0.000294348 0.000542686
1.29 0.000446979 -0.000343724 0.000563858
1.3 0.000436301 -0.000391986 0.000586525
1.31 0.000422843 -0.00043884 0.000609407
1.32 0.000406947 -0.00048418 0.000632484
1.33 0.000389729 -0.000528047 0.000656295
1.34 0.000369646 -0.000569835 0.000679227
1.35 0.000347532 -0.000609472 0.000701594
1.36 0.000323659 -0.000646727 0.000723195
1.37 0.00029751 -0.000681342 0.000743465
1.38 0.000269345 -0.000712731 0.000761927
1.39 0.000238898 -0.000741059 0.000778615
1.4 0.000207093 -0.000766315 0.000793804
1.41 0.000173341 -0.000788036 0.000806876
1.42 0.000137311 -0.000806125 0.000817736
1.43 0.000100622 -0.000820916 0.00082706
1.44 6.18666e-05 -0.000831763 0.000834061
1.45 2.15171e-05 -0.000838446 0.000838723
1.46 -1.9937e-05 -0.000841241 0.000841477
1.47 -6.26861e-05 -0.00083996 0.000842296
1.48 -0.00010642 -0.000834464 0.000841223
1.49 -0.000151234 -0.000824646 0.000838399
1.5 -0.000196384 -0.000811066 0.000834503
1.51 -0.000241652 -0.000793259 0.00082925
1.52 -0.000288029 -0.000770843 0.000822897
1.53 -0.000333691 -0.000744618 0.000815969
1.54 -0.00037947 -0.00071417 0.000808725
1.55 -0.000425231 -0.000679311 0.000801426
1.56 -0.000470162 -0.000640645 0.000794656
1.57 -0.000514351 -0.000598289 0.000788991
1.58 -0.00055733 -0.000552309 0.000784642
1.59 -0.000599272 -0.000502552 0.000782103
1.6 -0.000639732 -0.000449689 0.00078197
1.61 -0.000678056 -0.000393911 0.000784173
1.62 -0.000715318 -0.000334479 0.000789655
1.63 -0.000750103 -0.000272701 0.000798135
1.64 -0.000782386 -0.000208633 0.000809726
1.65 -0.000812392 -0.000142049 0.000824717
1.66 -0.000839181 -7.36119e-05 0.000842403
1.67 -0.000862932 -3.72722e-06 0.00086294
1.68 -0.000883136 6.75254e-05 0.000885713
1.69 -0.00089998 0.000140195 0.000910834
1.7 -0.000913329 0.000213798 0.000938019
1.71 -0.000922313 0.00028727 0.000966015
1.72 -0.000927606 0.000361715 0.000995636
1.73 -0.000928498 0.000435795 0.00102568
1.74 -0.000924508 0.000508946 0.00105534
1.75 -0.000916211 0.000581582 0.00108521
1.76 -0.000902931 0.000653115 0.00111438
1.77 -0.000885088 0.000723038 0.00114288
1.78 -0.000862375 0.000790897 0.00117013
1.79 -0.000834739 0.000856781 0.00119619
1.8 -0.000802458 0.000920439 0.00122112
1.81 -0.000764767 0.000980287 0.00124331
1.82 -0.000722217 0.00103746 0.00126409
1.83 -0.000674687 0.00109125 0.00128298
1.84 -0.000622105 0.00114061 0.00129923
1.85 -0.000565008 0.00118606 0.00131377
1.86 -0.000503238 0.00122725 0.00132642
1.87 -0.000437057 0.00126369 0.00133713
1.88 -0.000366718 0.00129497 0.00134589
1.89 -0.0002919 0.00132092 0.00135279
1.9 -0.00021339 0.0013422 0.00135906
1.91 -0.00013098 0.00135689 0.0013632
1.92 -4.52875e-05 0.00136605 0.0013668
1.93 4.33899e-05 0.00136971 0.0013704
1.94 0.000134686 0.00136664 0.00137326
1.95 0.000228138 0.00135738 0.00137641
1.96 0.000323566 0.00134185 0.00138031
1.97 0.000420673 0.00131984 0.00138526
1.98 0.000518683 0.0012912 0.00139148
1.99 0.000617595 0.00125556 0.00139923
2 0.000716664 0.00121423 0.00140995
2.01 0.000815164 0.00116569 0.00142243
2.02 0.000912718 0.00111044 0.00143741
2.03 0.00100884 0.00104946 0.00145573
2.04 0.00110304 0.000981724 0.00147665
2.05 0.00119457 0.000907794 0.00150036
2.06 0.00128332 0.000828128 0.00152732
2.07 0.0013686 0.000742739 0.00155715
2.08 0.00144954 0.00065208 0.00158945
2.09 0.00152552 0.000555569 0.00162354
2.1 0.00159647 0.00045488 0.00166001
2.11 0.00166121 0.000349346 0.00169755
2.12 0.00171942 0.000238985 0.00173595
2.13 0.00177096 0.000125435 0.0017754
2.14 0.00181531 8.13944e-06 0.00181532
2.15 0.00185154 -0.000112315 0.00185495
2.16 0.00187956 -0.000235259 0.00189422
2.17 0.00189896 -0.000360481 0.00193287
2.18 0.00190917 -0.00048708 0.00197033
2.19 0.00190944 -0.000615472 0.00200618
2.2 0.00190049 -0.000744009 0.00204094
2.21 0.00188162 -0.000872323 0.00207399
2.22 0.00185226 -0.00100054 0.00210522
2.23 0.00181289 -0.00112698 0.00213463
2.24 0.00176332 -0.00125155 0.00216233
2.25 0.00170288 -0.00137387 0.002188
2.26 0.00163186 -0.00149286 0.0022117
2.27 0.00155048 -0.00160848 0.0022341
2.28 0.00145905 -0.00171918 0.00225486
2.29 0.0013569 -0.00182536 0.00227445
2.3 0.00124529 -0.00192566 0.00229323
2.31 0.0011245 -0.00201941 0.00231139
2.32 0.000993842 -0.00210671 0.00232937
2.33 0.000854506 -0.0021865 0.00234755
2.34 0.000707093 -0.00225827 0.00236638
2.35 0.00055152 -0.00232183 0.00238644
2.36 0.000388715 -0.00237601 0.0024076
2.37 0.000219253 -0.00242095 0.00243086
2.38 4.45316e-05 -0.00245535 0.00245575
2.39 -0.000135986 -0.00247924 0.00248296
2.4 -0.000320899 -0.00249228 0.00251286
2.41 -0.000508764 -0.00249372 0.00254509
2.42 -0.000700004 -0.00248375 0.00258051
2.43 -0.000893216 -0.00246177 0.0026188
2.44 -0.00108684 -0.00242755 0.00265974
2.45 -0.00128068 -0.00238107 0.00270363
2.46 -0.00147335 -0.00232164 0.00274969
2.47 -0.00166434 -0.00224973 0.00279845
2.48 -0.00185161 -0.00216523 0.00284898
2.49 -0.00203519 -0.00206793 0.00290144
2.5 -0.00221411 -0.00195846 0.00295598
2.51 -0.00238609 -0.00183663 0.00301109
2.52 -0.0025512 -0.00170285 0.0030673
2.53 -0.00270846 -0.00155695 0.00312407
2.54 -0.00285597 -0.00139955 0.00318046
2.55 -0.00299361 -0.00123111 0.00323687
2.56 -0.00311997 -0.00105184 0.00329251
2.57 -0.00323482 -0.000862423 0.00334781
2.58 -0.00333635 -0.000664002 0.00340179
2.59 -0.0034241 -0.000456573 0.0034544
2.6 -0.00349808 -0.000240969 0.00350637
2.61 -0.00355623 -1.81345e-05 0.00355628
2.62 -0.00359855 0.000211178 0.00360474
2.63 -0.00362498 0.000446432 0.00365237
2.64 -0.00363394 0.000686251 0.00369817
2.65 -0.00362576 0.000929362 0.00374297
2.66 -0.00359934 0.001175 0.00378628
2.67 -0.0035552 0.0014223 0.00382915
2.68 -0.00349239 0.00166947 0.0038709
2.69 -0.00341067 0.00191577 0.00391189
2.7 -0.00331089 0.00216051 0.00395346
2.71 -0.00319229 0.00240178 0.00399491
2.72 -0.00305485 0.00263818 0.00403635
2.73 -0.00289965 0.00286914 0.00407921
2.74 -0.0027259 0.0030928 0.00412261
2.75 -0.0025349 0.00330789 0.00416748
2.76 -0.00232639 0.00351317 0.0042136
2.77 -0.00210157 0.00370813 0.00426225
2.78 -0.00186111 0.00389087 0.00431307
2.79 -0.00160522 0.00405991 0.00436573
2.8 -0.00133545 0.00421505 0.00442155
2.81 -0.0010524 0.00435446 0.00447983
2.82 -0.000756757 0.00447643 0.00453995
2.83 -0.0004503 0.00458103 0.00460311
2.84 -0.000133461 0.00466669 0.0046686
2.85 0.00019182 0.00473274 0.00473663
2.86 0.000524458 0.00477786 0.00480656
2.87 0.000863334 0.00480208 0.00487907
2.88 0.00120637 0.00480437 0.00495351
2.89 0.00155276 0.00478325 0.00502897
2.9 0.0019006 0.00473923 0.00510613
2.91 0.00224841 0.00467196 0.00518483
2.92 0.00259448 0.00457993 0.00526375
2.93 0.00293681 0.00446431 0.00534368
2.94 0.00327407 0.00432439 0.005424
2.95 0.00360423 0.00416038 0.00550448
2.96 0.00392533 0.00397192 0.00558429
2.97 0.00423645 0.00375953 0.00566406
2.98 0.00453533 0.0035241 0.00574356
2.99 0.00482035 0.0032649 0.00582197
3 0.0050899 0.00298327 0.00589974
3.01 0.00534242 0.00268058 0.00597721
3.02 0.005576 0.00235626 0.00605341
3.03 0.00578904 0.00201235 0.00612883
3.04 0.00598053 0.00164946 0.00620383
3.05 0.00614909 0.0012691 0.00627868
3.06 0.00629274 0.000872276 0.00635291
3.07 0.00641093 0.000460358 0.00642743
3.08 0.0065024 3.566e-05 0.0065025
3.09 0.00656541 -0.000400889 0.00657764
3.1 0.0065991 -0.000847771 0.00665333
3.11 0.00660319 -0.00130193 0.00673032
3.12 0.00657634 -0.00176292 0.00680854
3.13 0.006518 -0.00222767 0.00688817
3.14 0.00642802 -0.00269467 0.00696999
3.15 0.00630625 -0.00316148 0.00705434
3.16 0.0061517 -0.00362582 0.00714073
3.17 0.00596447 -0.00408597 0.0072298
3.18 0.00574525 -0.00453905 0.00732194
3.19 0.00549364 -0.00498288 0.00741682
3.2 0.00520971 -0.00541568 0.00751469
3.21 0.00489532 -0.00583411 0.00761584
3.22 0.00455025 -0.00623673 0.00772021
3.23 0.00417548 -0.00662058 0.00782731
3.24 0.00377189 -0.00698355 0.00793708
3.25 0.00334105 -0.0073238 0.00804989
3.26 0.00288374 -0.00763841 0.00816464
3.27 0.00240108 -0.00792594 0.00828165
3.28 0.00189558 -0.0081841 0.00840075
3.29 0.00136896 -0.00841067 0.00852135
3.3 0.000821906 -0.00860407 0.00864323
3.31 0.000258034 -0.00876222 0.00876602
3.32 -0.00032144 -0.00888389 0.0088897
3.33 -0.000914288 -0.00896738 0.00901387
3.34 -0.00151812 -0.00901107 0.00913806
3.35 -0.00213026 -0.00901467 0.00926295
3.36 -0.00274783 -0.00897617 0.00938734
3.37 -0.0033689 -0.00889487 0.00951147
3.38 -0.00399015 -0.00877027 0.0096353
3.39 -0.00460816 -0.00860181 0.0097584
3.4 -0.00522166 -0.00838884 0.00988121
3.41 -0.00582643 -0.00813157 0.0100035
3.42 -0.00641993 -0.00783032 0.0101257
3.43 -0.00699931 -0.00748524 0.0102479
3.44 -0.00756135 -0.00709625 0.0103697
3.45 -0.00810332 -0.0066649 0.0104921
3.46 -0.00862175 -0.00619179 0.0106147
3.47 -0.00911415 -0.0056776 0.0107379
3.48 -0.00957803 -0.00512422 0.0108626
3.49 -0.0100093 -0.0045338 0.0109883
3.5 -0.0104068 -0.00390727 0.0111161
3.51 -0.0107667 -0.00324705 0.0112457
3.52 -0.011087 -0.00255556 0.0113777
3.53 -0.0113651 -0.00183509 0.0115123
3.54 -0.0115985 -0.0010876 0.0116494
3.55 -0.0117855 -0.000316488 0.0117898
3.56 -0.0119239 0.000475006 0.0119334
3.57 -0.0120116 0.00128422 0.01208
3.58 -0.0120476 0.00210807 0.0122306
3.59 -0.0120296 0.00294181 0.0123841
3.6 -0.0119572 0.00378324 0.0125414
3.61 -0.0118289 0.00462841 0.0127021
3.62 -0.0116439 0.00547322 0.0128661
3.63 -0.0114023 0.00631379 0.0130336
3.64 -0.0111028 0.00714641 0.0132039
3.65 -0.0107459 0.00796695 0.0133771
3.66 -0.010332 0.00877083 0.0135528
3.67 -0.00986093 0.00955405 0.0137302
3.68 -0.00933372 0.0103137 0.0139101
3.69 -0.00875147 0.0110441 0.0140912
3.7 -0.00811542 0.0117424 0.0142739
3.71 -0.00742703 0.0124046 0.014458
3.72 -0.00668784 0.0130263 0.0146428
3.73 -0.00590081 0.0136039 0.0148285
3.74 -0.00506718 0.0141336 0.0150145
3.75 -0.00418989 0.0146123 0.0152012
3.76 -0.00327235 0.0150365 0.0153885
3.77 -0.00231747 0.0154024 0.0155758
3.78 -0.00132818 0.0157084 0.0157645
3.79 -0.000308877 0.0159504 0.0159534
3.8 0.000736838 0.0161261 0.016143
3.81 0.00180521 0.0162336 0.0163336
3.82 0.00289223 0.0162699 0.016525
3.83 0.00399262 0.0162341 0.0167179
3.84 0.00510228 0.0161242 0.0169122
3.85 0.00621663 0.0159389 0.0171084
3.86 0.00733029 0.0156782 0.0173072
3.87 0.00843775 0.0153401 0.0175076
3.88 0.00953526 0.0149257 0.0177115
3.89 0.0106167 0.0144342 0.0179182
3.9 0.0116769 0.0138664 0.0181281
3.91 0.0127108 0.0132234 0.0183419
3.92 0.0137133 0.0125058 0.0185593
3.93 0.0146784 0.0117156 0.0187806
3.94 0.0156011 0.0108547 0.0190058
3.95 0.0164763 0.00992467 0.0192346
3.96 0.0172995 0.00892907 0.019468
3.97 0.0180645 0.00787015 0.0197044
3.98 0.0187679 0.00675146 0.0199453
3.99 0.0194046 0.00557657 0.02019
4 0.0199696 0.00434954 0.0204378
4.01 0.0204593 0.00307496 0.0206891
4.02 0.0208695 0.00175651 0.0209433
4.03 0.0211965 0.000399871 0.0212002
4.04 0.0214369 -0.000989658 0.0214597
4.05 0.0215874 -0.00240735 0.0217212
4.06 0.0216463 -0.00384714 0.0219855
4.07 0.0216099 -0.00530255 0.0222509
4.08 0.0214768 -0.00676825 0.022518
4.09 0.0212455 -0.00823782 0.0227866
4.1 0.020914 -0.00970484 0.023056
4.11 0.0204822 -0.0111622 0.0233263
4.12 0.0199495 -0.0126042 0.0235976
4.13 0.019316 -0.0140236 0.0238699
4.14 0.0185828 -0.0154132 0.024143
4.15 0.0177498 -0.0167664 0.0244166
4.16 0.0168197 -0.0180774 0.024692
4.17 0.0157936 -0.019338 0.0249679
4.18 0.014674 -0.0205425 0.0252452
4.19 0.0134644 -0.0216844 0.0255246
4.2 0.0121675 -0.0227571 0.0258056
4.21 0.0107879 -0.0237537 0.0260886
4.22 0.00932945 -0.0246689 0.0263741
4.23 0.00779665 -0.0254967 0.0266621
4.24 0.00619558 -0.0262315 0.0269532
4.25 0.00453083 -0.0268675 0.0272468
4.26 0.00280877 -0.0274013 0.0275448
4.27 0.00103602 -0.027827 0.0278463
4.28 -0.000780923 -0.0281405 0.0281513
4.29 -0.00263477 -0.0283386 0.0284608
4.3 -0.00451865 -0.0284174 0.0287744
4.31 -0.0064241 -0.0283739 0.029092
4.32 -0.00834348 -0.0282061 0.0294143
4.33 -0.0102693 -0.0279118 0.029741
4.34 -0.0121921 -0.0274902 0.0300726
4.35 -0.0141036 -0.0269393 0.0304078
4.36 -0.0159957 -0.0262597 0.0307479
4.37 -0.0178591 -0.0254513 0.031092
4.38 -0.0196849 -0.0245142 0.0314395
4.39 -0.0214646 -0.0234506 0.0317909
4.4 -0.0231898 -0.0222621 0.0321461
4.41 -0.0248509 -0.0209513 0.0325042
4.42 -0.0264396 -0.0195217 0.0328656
4.43 -0.0279478 -0.0179763 0.0332299
4.44 -0.0293671 -0.0163202 0.0335973
4.45 -0.0306887 -0.0145577 0.0339665
4.46 -0.0319061 -0.0126942 0.0343386
4.47 -0.0330113 -0.0107361 0.0347132
4.48 -0.0339968 -0.0086896 0.0350898
4.49 -0.034856 -0.00656235 0.0354684
4.5 -0.035583 -0.00436126 0.0358493
4.51 -0.0361712 -0.00209456 0.0362318
4.52 -0.0366156 0.000228743 0.0366163
4.53 -0.0369112 0.00260089 0.0370027
4.54 -0.0370545 0.005012 0.037392
4.55 -0.0370406 0.00745204 0.0377828
4.56 -0.0368671 0.00991187 0.0381763
4.57 -0.0365317 0.0123806 0.0385726
4.58 -0.0360319 0.0148482 0.0389714
4.59 -0.0353669 0.0173033 0.0393728
4.6 -0.0345367 0.0197359 0.039778
4.61 -0.0335411 0.0221349 0.0401866
4.62 -0.032382 0.0244883 0.0405989
4.63 -0.0310601 0.0267859 0.0410148
4.64 -0.0295789 0.029017 0.0414355
4.65 -0.027941 0.0311695 0.0418598
4.66 -0.0261501 0.0332334 0.0422881
4.67 -0.0242117 0.035198 0.0427213
4.68 -0.0221308 0.0370529 0.0431589
4.69 -0.0199138 0.0387874 0.0436007
4.7 -0.0175679 0.0403923 0.0440474
4.71 -0.0150997 0.0418582 0.0444984
4.72 -0.0125188 0.0431757 0.044954
4.73 -0.00983292 0.044336 0.0454132
4.74 -0.00705175 0.0453322 0.0458774
4.75 -0.00418593 0.0461559 0.0463453
4.76 -0.00124559 0.0468003 0.0468168
4.77 0.00175773 0.0472594 0.0472921
4.78 0.00481266 0.0475278 0.0477708
4.79 0.00790694 0.0475998 0.048252
4.8 0.0110279 0.0474722 0.0487363
4.81 0.0141639 0.0471414 0.0492233
4.82 0.0173007 0.0466054 0.049713
4.83 0.0204252 0.0458617 0.0502044
4.84 0.0235246 0.0449104 0.0506986
4.85 0.0265844 0.0437513 0.0511948
4.86 0.0295912 0.0423849 0.0516925
4.87 0.0325312 0.0408136 0.0521923
4.88 0.0353914 0.0390405 0.0526945
4.89 0.0381574 0.0370688 0.0531985
4.9 0.0408158 0.0349042 0.053705
4.91 0.0433541 0.0325511 0.0542139
4.92 0.045759 0.030017 0.0547258
4.93 0.0480171 0.0273089 0.0552396
4.94 0.0501175 0.0244345 0.0557567
4.95 0.0520481 0.0214038 0.0562772
4.96 0.0537973 0.0182262 0.0568009
4.97 0.0553546 0.0149129 0.0573283
4.98 0.0567107 0.0114754 0.0578601
4.99 0.0578554 0.00792556 0.0583958
5 0.0587805 0.00427719 0.0589359
5.01 0.059478 0.000542745 0.0594805
5.02 0.0599418 -0.00326329 0.0600306
5.03 0.0601647 -0.00712525 0.0605852
5.04 0.0601421 -0.0110291 0.061145
5.05 0.0598698 -0.0149583 0.0617101
5.06 0.0593442 -0.018897 0.0622803
5.07 0.0585628 -0.0228287 0.062855
5.08 0.0575252 -0.026737 0.0634352
5.09 0.0562304 -0.0306056 0.0640201
5.1 0.0546803 -0.0344166 0.0646099
5.11 0.0528759 -0.0381537 0.065204
5.12 0.0508211 -0.0418005 0.0658032
5.13 0.0485198 -0.0453387 0.0664061
5.14 0.0459771 -0.0487527 0.0670128
5.15 0.0431996 -0.0520261 0.0676234
5.16 0.0401952 -0.0551429 0.0682378
5.17 0.0369719 -0.0580869 0.068855
5.18 0.0335405 -0.0608435 0.0694759
5.19 0.0299103 -0.0633981 0.0700995
5.2 0.0260941 -0.0657362 0.0707259
5.21 0.0221041 -0.0678441 0.0713542
5.22 0.0179531 -0.0697106 0.0719853
5.23 0.0136569 -0.0713228 0.0726186
5.24 0.00923001 -0.07267 0.0732539
5.25 0.00468877 -0.0737426 0.0738915
5.26 5.01325e-05 -0.0745318 0.0745318
5.27 -0.00466845 -0.0750288 0.0751739
5.28 -0.0094485 -0.0752277 0.0758187
5.29 -0.0142723 -0.0751224 0.0764661
5.3 -0.0191201 -0.0747089 0.0771168
5.31 -0.0239716 -0.0739833 0.07777
5.32 -0.0288085 -0.0729441 0.0784268
5.33 -0.033609 -0.0715905 0.0790871
5.34 -0.0383534 -0.0699227 0.0797506
5.35 -0.0430211 -0.0679425 0.0804177
5.36 -0.0475924 -0.0656538 0.0810892
5.37 -0.0520463 -0.0630603 0.0817644
5.38 -0.0563627 -0.0601687 0.0824441
5.39 -0.0605221 -0.0569855 0.0831281
5.4 -0.0645051 -0.0535196 0.0838168
5.41 -0.0682914 -0.0497809 0.0845095
5.42 -0.0718637 -0.0457796 0.0852066
5.43 -0.0752036 -0.0415288 0.0859082
5.44 -0.0782937 -0.0370419 0.0866141
5.45 -0.0811173 -0.0323334 0.0873239
5.46 -0.0836594 -0.0274196 0.0880383
5.47 -0.0859046 -0.0223166 0.088756
5.48 -0.0878394 -0.0170434 0.0894776
5.49 -0.0894508 -0.0116178 0.0902021
5.5 -0.090728 -0.00605924 0.0909301
5.51 -0.09166 -0.000389792 0.0916608
5.52 -0.092238 0.00537053 0.0923942
5.53 -0.0924544 0.0111994 0.0931302
5.54 -0.092303 0.0170737 0.0938688
5.55 -0.091778 0.0229706 0.0946089
5.56 -0.0908772 0.0288668 0.0953518
5.57 -0.0895976 0.0347387 0.0960963
5.58 -0.0879397 0.0405616 0.0968434
5.59 -0.085904 0.0463113 0.0975922
5.6 -0.0834932 0.0519647 0.0983435
5.61 -0.080712 0.0574956 0.0990968
5.62 -0.0775656 0.062881 0.0998522
5.63 -0.0740615 0.0680973 0.10061
5.64 -0.0702091 0.0731209 0.101371
5.65 -0.0660185 0.0779284 0.102134
5.66 -0.0615023 0.0824981 0.1029
5.67 -0.0566732 0.0868078 0.10367
5.68 -0.0515469 0.0908367 0.104443
5.69 -0.0461399 0.094564 0.10522
5.7 -0.0404686 0.0979714 0.106001
5.71 -0.0345536 0.10104 0.106785
5.72 -0.0284149 0.103754 0.107574
5.73 -0.0220737 0.106096 0.108368
5.74 -0.0155529 0.108052 0.109166
5.75 -0.00887633 0.109609 0.109968
5.76 -0.0020684 0.110756 0.110775
5.77 0.00484584 0.111481 0.111586
5.78 0.0118403 0.111776 0.112401
5.79 0.0188869 0.111635 0.113221
5.8 0.0259598 0.111051 0.114045
5.81 0.0330302 0.110021 0.114872
5.82 0.0400696 0.108543 0.115703
5.83 0.0470499 0.106617 0.116537
5.84 0.053943 0.104244 0.117374
5.85 0.0607197 0.101428 0.118214
5.86 0.0673517 0.0981753 0.119057
5.87 0.0738105 0.0944912 0.119902
5.88 0.0800688 0.090385 0.12075
5.89 0.0860979 0.0858685 0.121599
5.9 0.0918718 0.0809526 0.122449
5.91 0.0973641 0.0756522 0.123301
5.92 0.10255 0.0699838 0.124154
5.93 0.107403 0.0639644 0.125008
5.94 0.111903 0.0576135 0.125863
5.95 0.116025 0.0509519 0.126719
5.96 0.119749 0.0440021 0.127577
5.97 0.123054 0.0367879 0.128436
5.98 0.125924 0.0293331 0.129295
5.99 0.12834 0.0216661 0.130156
6 0.130289 0.0138133 0.131019
6.01 0.131755 0.00580326 0.131883
6.02 0.132729 -0.00233377 0.132749
6.03 0.133198 -0.0105674 0.133617
6.04 0.133157 -0.0188672 0.134487
6.05 0.132597 -0.0272009 0.135358
6.06 0.131516 -0.0355365 0.136232
6.07 0.129911 -0.0438404 0.137109
6.08 0.127782 -0.052081 0.137988
6.09 0.125132 -0.0602239 0.13887
6.1 0.121964 -0.0682364 0.139755
6.11 0.118284 -0.0760856 0.140642
6.12 0.114101 -0.0837392 0.141532
6.13 0.109426 -0.0911641 0.142425
6.14 0.10427 -0.0983294 0.143321
6.15 0.0986485 -0.105203 0.144219
6.16 0.0925773 -0.111756 0.14512
6.17 0.0860761 -0.117957 0.146024
6.18 0.0791632 -0.12378 0.146929
6.19 0.071862 -0.129196 0.147837
6.2 0.0641967 -0.13418 0.148747
6.21 0.0561923 -0.138708 0.149658
6.22 0.0478761 -0.142757 0.150571
6.23 0.0392774 -0.146305 0.151485
6.24 0.0304257 -0.149333 0.152401
6.25 0.0213528 -0.151823 0.153318
6.26 0.0120907 -0.15376 0.154235
6.27 0.0026744 -0.155131 0.155154
6.28 -0.00686231 -0.155922 0.156073
6.29 -0.0164834 -0.156126 0.156993
6.3 -0.0261526 -0.155734 0.157915
6.31 -0.0358329 -0.154742 0.158836
6.32 -0.0454877 -0.153146 0.159759
6.33 -0.0550788 -0.150947 0.160682
6.34 -0.0645693 -0.148147 0.161607
6.35 -0.0739206 -0.14475 0.162532
6.36 -0.0830958 -0.140761 0.163459
6.37 -0.0920574 -0.136193 0.164387
6.38 -0.100769 -0.131054 0.165316
6.39 -0.109193 -0.125358 0.166246
6.4 -0.117296 -0.119124 0.167179
6.41 -0.125043 -0.112368 0.168114
6.42 -0.1324 -0.10511 0.16905
6.43 -0.139334 -0.0973756 0.169988
6.44 -0.145815 -0.0891872 0.170928
6.45 -0.151814 -0.0805727 0.17187
6.46 -0.157301 -0.0715597 0.172813
6.47 -0.162252 -0.0621799 0.173759
6.48 -0.166642 -0.0524651 0.174706
6.49 -0.170447 -0.0424492 0.175654
6.5 -0.173649 -0.0321675 0.176603
6.51 -0.176228 -0.021657 0.177554
6.52 -0.178169 -0.010955 0.178505
6.53 -0.179457 -0.000101052 0.179457
6.54 -0.180081 0.0108655 0.180409
6.55 -0.180034 0.0219034 0.181362
6.56 -0.179307 0.0329712 0.182313
6.57 -0.177898 0.0440271 0.183265
6.58 -0.175805 0.0550291 0.184216
6.59 -0.173028 0.0659343 0.185165
6.6 -0.169574 0.0767009 0.186113
6.61 -0.165447 0.0872866 0.187061
6.62 -0.160658 0.0976495 0.188007
6.63 -0.155219 0.107748 0.188951
6.64 -0.149144 0.117541 0.189894
6.65 -0.14245 0.12699 0.190836
6.66 -0.135156 0.136054 0.191776
6.67 -0.127286 0.144696 0.192714
6.68 -0.118864 0.152881 0.193652
6.69 -0.109916 0.160572 0.194589
6.7 -0.100472 0.167736 0.195525
6.71 -0.0905626 0.174341 0.19646
6.72 -0.0802214 0.180358 0.197394
6.73 -0.0694841 0.185758 0.198329
6.74 -0.0583869 0.190516 0.199262
6.75 -0.0469687 0.194608 0.200196
6.76 -0.0352703 0.198014 0.20113
6.77 -0.0233334 0.200713 0.202065
6.78 -0.0112001 0.202691 0.203
6.79 0.00108478 0.203933 0.203936
6.8 0.0134766 0.204429 0.204873
6.81 0.0259298 0.20417 0.20581
6.82 0.038398 0.203152 0.206749
6.83 0.0508344 0.201371 0.207688
6.84 0.0631914 0.198828 0.208628
6.85 0.0754231 0.195526 0.209569
6.86 0.087482 0.191471 0.21051
6.87 0.0993209 0.186673 0.211451
6.88 0.110895 0.181142 0.212392
6.89 0.122158 0.174895 0.213333
6.9 0.133065 0.167948 0.214273
6.91 0.143574 0.160322 0.215213
6.92 0.15364 0.15204 0.216152
6.93 0.163225 0.143128 0.21709
6.94 0.172287 0.133613 0.218026
6.95 0.180789 0.123527 0.21896
6.96 0.188696 0.112903 0.219894
6.97 0.195972 0.101776 0.220825
6.98 0.202587 0.0901847 0.221753
6.99 0.20851 0.0781668 0.22268
7 0.213715 0.0657651 0.223604
7.01 0.218176 0.053022 0.224527
7.02 0.221872 0.0399826 0.225446
7.03 0.224784 0.0266925 0.226364
7.04 0.226895 0.0132003 0.227279
7.05 0.228191 -0.000446096 0.228192
7.06 0.228662 -0.0141979 0.229102
7.07 0.2283 -0.0280039 0.230011
7.08 0.2271 -0.0418136 0.230917
7.09 0.225061 -0.0555769 0.231822
7.1 0.222185 -0.0692411 0.232724
7.11 0.218478 -0.0827563 0.233626
7.12 0.213945 -0.0960702 0.234525
7.13 0.208598 -0.109134 0.235422
7.14 0.202453 -0.121896 0.236317
7.15 0.195525 -0.134308 0.23721
7.16 0.187835 -0.146321 0.238101
7.17 0.179407 -0.15789 0.23899
7.18 0.170267 -0.168967 0.239876
7.19 0.160442 -0.17951 0.240761
7.2 0.149966 -0.189476 0.241642
7.21 0.138871 -0.198824 0.242521
7.22 0.127196 -0.207517 0.243397
7.23 0.114979 -0.215517 0.24427
7.24 0.10226 -0.222792 0.245139
7.25 0.0890854 -0.229309 0.246006
7.26 0.0754981 -0.235041 0.246869
7.27 0.0615455 -0.239961 0.247728
7.28 0.0472774 -0.244046 0.248583
7.29 0.0327424 -0.247277 0.249435
7.3 0.0179935 -0.249636 0.250283
7.31 0.00308185 -0.251109 0.251128
7.32 -0.0119381 -0.251686 0.251969
7.33 -0.0270127 -0.25136 0.252807
7.34 -0.0420877 -0.250125 0.253641
7.35 -0.057108 -0.247982 0.254473
7.36 -0.0720182 -0.244933 0.255301
7.37 -0.0867642 -0.240983 0.256127
7.38 -0.10129 -0.236144 0.25695
7.39 -0.115544 -0.230425 0.257772
7.4 -0.129471 -0.223844 0.25859
7.41 -0.143019 -0.21642 0.259407
7.42 -0.156138 -0.208175 0.260222
7.43 -0.168776 -0.199134 0.261036
7.44 -0.180886 -0.189326 0.261847
7.45 -0.192422 -0.178782 0.262658
7.46 -0.203337 -0.167538 0.263467
7.47 -0.21359 -0.155628 0.264274
7.48 -0.22314 -0.143095 0.265081
7.49 -0.231949 -0.129978 0.265885
7.5 -0.239982 -0.116324 0.266688
7.51 -0.247204 -0.102178 0.267489
7.52 -0.253586 -0.0875891 0.268287
7.53 -0.259102 -0.0726075 0.269083
7.54 -0.263725 -0.0572854 0.269875
7.55 -0.267436 -0.0416756 0.270664
7.56 -0.270217 -0.0258338 0.271449
7.57 -0.272053 -0.00981523 0.27223
7.58 -0.272933 0.00632267 0.273007
7.59 -0.27285 0.0225236 0.273778
7.6 -0.271799 0.038729 0.274544
7.61 -0.269779 0.0548806 0.275304
7.62 -0.266793 0.070921 0.276058
7.63 -0.262848 0.0867921 0.276806
7.64 -0.257953 0.102435 0.277548
7.65 -0.252122 0.117794 0.278282
7.66 -0.245371 0.132814 0.27901
7.67 -0.237721 0.147437 0.27973
7.68 -0.229195 0.161611 0.280443
7.69 -0.219819 0.175284 0.281149
7.7 -0.209623 0.188404 0.281847
7.71 -0.198642 0.200922 0.282539
7.72 -0.18691 0.212791 0.283223
7.73 -0.174465 0.223967 0.2839
7.74 -0.161351 0.234407 0.284571
7.75 -0.14761 0.24407 0.285235
7.76 -0.133289 0.25292 0.285893
7.77 -0.118437 0.260922 0.286544
7.78 -0.103104 0.268044 0.28719
7.79 -0.0873441 0.274258 0.28783
7.8 -0.0712095 0.279537 0.288465
7.81 -0.0547576 0.283861 0.289094
7.82 -0.0380451 0.28721 0.289719
7.83 -0.0211296 0.289568 0.290338
7.84 -0.00407077 0.290925 0.290953
7.85 0.0130708 0.291271 0.291564
7.86 0.0302362 0.290602 0.292171
7.87 0.047364 0.288916 0.292773
7.88 0.0643942 0.286217 0.293371
7.89 0.0812659 0.28251 0.293966
7.9 0.0979196 0.277804 0.294557
7.91 0.114296 0.272115 0.295144
7.92 0.130336 0.265458 0.295728
7.93 0.145981 0.257853 0.296308
7.94 0.161178 0.249324 0.296885
7.95 0.175869 0.239899 0.297458
7.96 0.190003 0.229607 0.298028
7.97 0.203529 0.218483 0.298595
7.98 0.216396 0.206563 0.299158
7.99 0.228559 0.193886 0.299718
8 0.239972 0.180495 0.300275
8.01 0.250594 0.166434 0.300828
8.02 0.260385 0.151751 0.301378
8.03 0.269309 0.136496 0.301925
8.04 0.277333 0.12072 0.302469
8.05 0.284427 0.104478 0.303009
8.06 0.290563 0.0878249 0.303546
8.07 0.295717 0.0708177 0.304078
8.08 0.299869 0.0535145 0.304606
8.09 0.303003 0.0359751 0.305131
8.1 0.305105 0.0182603 0.305651
8.11 0.306165 0.000431547 0.306166
8.12 0.306179 -0.01745 0.306676
8.13 0.305143 -0.0353211 0.30718
8.14 0.303057 -0.0531207 0.307678
8.15 0.299929 -0.0707858 0.308169
8.16 0.295766 -0.088256 0.308653
8.17 0.290581 -0.105469 0.30913
8.18 0.28439 -0.122365 0.309597
8.19 0.277211 -0.138885 0.310057
8.2 0.269069 -0.154971 0.310506
8.21 0.259989 -0.170565 0.310945
8.22 0.250001 -0.185615 0.311373
8.23 0.239138 -0.200066 0.31179
8.24 0.227435 -0.213867 0.312195
8.25 0.214934 -0.226969 0.312589
8.26 0.201673 -0.239327 0.312969
8.27 0.187699 -0.250897 0.313337
8.28 0.173058 -0.261637 0.313692
8.29 0.157799 -0.271508 0.314034
8.3 0.141974 -0.280477 0.314363
8.31 0.125637 -0.288511 0.314679
8.32 0.108843 -0.295579 0.314982
8.33 0.0916492 -0.301659 0.315274
8.34 0.0741135 -0.306725 0.315552
8.35 0.0562963 -0.310762 0.31582
8.36 0.0382574 -0.313752 0.316076
8.37 0.0200583 -0.315685 0.316322
8.38 0.00176213 -0.316553 0.316558
8.39 -0.0165694 -0.316353 0.316786
8.4 -0.034874 -0.315082 0.317006
8.41 -0.0530885 -0.312746 0.31722
8.42 -0.0711507 -0.30935 0.317427
8.43 -0.0889997 -0.304906 0.317629
8.44 -0.106573 -0.299427 0.317828
8.45 -0.123813 -0.292933 0.318024
8.46 -0.140657 -0.285444 0.318218
8.47 -0.157051 -0.276984 0.31841
8.48 -0.172937 -0.267582 0.318602
8.49 -0.188261 -0.25727 0.318795
8.5 -0.202971 -0.246081 0.318988
8.51 -0.217017 -0.234054 0.319183
8.52 -0.230351 -0.221229 0.31938
8.53 -0.242926 -0.207649 0.31958
8.54 -0.254701 -0.19336 0.319782
8.55 -0.265635 -0.17841 0.319987
8.56 -0.275691 -0.162849 0.320196
8.57 -0.284835 -0.146729 0.320406
8.58 -0.293035 -0.130106 0.32062
8.59 -0.300265 -0.113036 0.320836
8.6 -0.306497 -0.0955753 0.321053
8.61 -0.311713 -0.0777829 0.321272
8.62 -0.315895 -0.0597199 0.321491
8.63 -0.319029 -0.0414458 0.32171
8.64 -0.321103 -0.0230235 0.321927
8.65 -0.322112 -0.00451418 0.322143
8.66 -0.322052 0.0140196 0.322357
8.67 -0.320923 0.0325152 0.322566
8.68 -0.31873 0.0509105 0.32277
8.69 -0.315481 0.0691448 0.322969
8.7 -0.311186 0.087155 0.323161
8.71 -0.305861 0.104882 0.323343
8.72 -0.299524 0.122265 0.323517
8.73 -0.292196 0.139248 0.32368
8.74 -0.283904 0.155772 0.32383
8.75 -0.274674 0.171782 0.323967
8.76 -0.264539 0.187227 0.32409
8.77 -0.253532 0.202053 0.324198
8.78 -0.241693 0.216211 0.324288
8.79 -0.22906 0.229656 0.324361
8.8 -0.215676 0.242341 0.324415
8.81 -0.201587 0.254225 0.32445
8.82 -0.186841 0.265269 0.324464
8.83 -0.171485 0.275437 0.324458
8.84 -0.155574 0.284695 0.32443
8.85 -0.13916 0.293014 0.32438
8.86 -0.122298 0.300365 0.324309
8.87 -0.105045 0.306726 0.324215
8.88 -0.0874577 0.312076 0.324099
8.89 -0.0695946 0.316398 0.323961
8.9 -0.051516 0.319679 0.323803
8.91 -0.0332819 0.321909 0.323625
8.92 -0.0149527 0.323082 0.323427
8.93 0.00341076 0.323194 0.323212
8.94 0.0217485 0.322247 0.32298
8.95 0.0399989 0.320245 0.322733
8.96 0.0581029 0.317196 0.322474
8.97 0.0760009 0.313111 0.322202
8.98 0.0936339 0.308005 0.321923
8.99 0.110944 0.301896 0.321636
9 0.127876 0.294806 0.321345
9.01 0.144373 0.286759 0.321052
9.02 0.160383 0.277783 0.320759
9.03 0.175854 0.26791 0.320469
9.04 0.190737 0.257172 0.320185
9.05 0.204983 0.245608 0.319908
9.06 0.218547 0.233256 0.319642
9.07 0.231385 0.220158 0.319388
9.08 0.243459 0.206358 0.319149
9.09 0.254729 0.191903 0.318925
9.1 0.26516 0.176841 0.31872
9.11 0.274719 0.161223 0.318533
9.12 0.283378 0.145102 0.318367
9.13 0.291111 0.12853 0.318222
9.14 0.297892 0.111564 0.318098
9.15 0.303704 0.0942583 0.317995
9.16 0.30853 0.0766711 0.317914
9.17 0.312355 0.0588609 0.317852
9.18 0.315169 0.0408853 0.31781
9.19 0.316967 0.0228044 0.317787
9.2 0.317745 0.00467644 0.317779
9.21 0.317501 -0.0134383 0.317786
9.22 0.316241 -0.0314821 0.317804
9.23 0.313971 -0.0493958 0.317833
9.24 0.310701 -0.0671209 0.317868
9.25 0.306443 -0.0846003 0.317906
9.26 0.301215 -0.101779 0.317945
9.27 0.295036 -0.1186 0.317981
9.28 0.287928 -0.135011 0.31801
9.29 0.279917 -0.150959 0.318029
9.3 0.271032 -0.166393 0.318033
9.31 0.261304 -0.181266 0.318021
9.32 0.250767 -0.195529 0.317987
9.33 0.239456 -0.20914 0.317929
9.34 0.227412 -0.222053 0.317843
9.35 0.214676 -0.234231 0.317726
9.36 0.201288 -0.245636 0.317575
9.37 0.187297 -0.256233 0.317389
9.38 0.172748 -0.265989 0.317162
9.39 0.15769 -0.274875 0.316895
9.4 0.142173 -0.282865 0.316584
9.41 0.126248 -0.289936 0.316229
9.42 0.109968 -0.296066 0.315829
9.43 0.0933851 -0.30124 0.315383
9.44 0.0765547 -0.305443 0.31489
9.45 0.059532 -0.308665 0.314353
9.46 0.042371 -0.310896 0.31377
9.47 0.0251273 -0.312134 0.313144
9.48 0.00785683 -0.312376 0.312475
9.49 -0.00938611 -0.311626 0.311767
9.5 -0.0265453 -0.309888 0.311023
9.51 -0.0435676 -0.30717 0.310244
9.52 -0.0603983 -0.303484 0.309436
9.53 -0.0769849 -0.298845 0.308602
9.54 -0.0932757 -0.293269 0.307745
9.55 -0.109221 -0.286779 0.306874
9.56 -0.124769 -0.279397 0.30599
9.57 -0.139875 -0.271148 0.305101
9.58 -0.154491 -0.262064 0.304212
9.59 -0.168573 -0.252173 0.303329
9.6 -0.182079 -0.241512 0.302458
9.61 -0.194968 -0.230115 0.301604
9.62 -0.207202 -0.218022 0.300776
9.63 -0.218746 -0.205273 0.299978
9.64 -0.229565 -0.191911 0.299215
9.65 -0.239629 -0.17798 0.298494
9.66 -0.24891 -0.163526 0.29782
9.67 -0.25738 -0.148596 0.297196
9.68 -0.265019 -0.13324 0.296628
9.69 -0.271804 -0.117507 0.296117
9.7 -0.277719 -0.10145 0.295669
9.71 -0.28275 -0.0851184 0.295284
9.72 -0.286883 -0.0685662 0.294963
9.73 -0.290111 -0.0518458 0.294707
9.74 -0.292428 -0.035012 0.294516
9.75 -0.29383 -0.0181164 0.294388
9.76 -0.294318 -0.00121373 0.29432
9.77 -0.293894 0.0156427 0.29431
9.78 -0.292565 0.0323998 0.294353
9.79 -0.290337 0.0490053 0.294444
9.8 -0.287224 0.0654077 0.294577
9.81 -0.283239 0.0815555 0.294746
9.82 -0.278398 0.0973992 0.294944
9.83 -0.272722 0.112891 0.295163
9.84 -0.266232 0.127981 0.295396
9.85 -0.258953 0.142626 0.295633
9.86 -0.250911 0.15678 0.295865
9.87 -0.242135 0.1704 0.296083
9.88 -0.232656 0.183447 0.29628
9.89 -0.222509 0.19588 0.296444
9.9 -0.211726 0.207665 0.296568
9.91 -0.200347 0.218765 0.296643
9.92 -0.188409 0.229149 0.29666
9.93 -0.175951 0.238787 0.296611
9.94 -0.163016 0.247652 0.296489
9.95 -0.149647 0.255718 0.296287
9.96 -0.135886 0.262965 0.295999
9.97 -0.12178 0.269371 0.29562
9.98 -0.107373 0.274921 0.295145
9.99 -0.0927125 0.2796 0.29457
10 -0.0778443 0.283396 0.293893
10.01 -0.0628156 0.286303 0.293113
10.02 -0.047674 0.288313 0.292228
10.03 -0.0324676 0.289424 0.29124
10.04 -0.0172428 0.289637 0.290149
10.05 -0.00204729 0.288952 0.28896
10.06 0.0130731 0.287377 0.287674
10.07 0.0280708 0.284919 0.286299
10.08 0.0429021 0.281589 0.284839
10.09 0.0575215 0.277402 0.283303
10.1 0.0718851 0.272372 0.281699
10.11 0.0859501 0.26652 0.280036
10.12 0.0996764 0.259865 0.278326
10.13 0.113022 0.252432 0.276579
10.14 0.125951 0.244247 0.274809
10.15 0.138424 0.235338 0.273029
10.16 0.150407 0.225733 0.271252
10.17 0.161866 0.215468 0.269494
10.18 0.172768 0.204575 0.267768
10.19 0.183086 0.193089 0.26609
10.2 0.19279 0.18105 0.264475
10.21 0.201856 0.168495 0.262938
10.22 0.210259 0.155465 0.261492
10.23 0.21798 0.142002 0.260154
10.24 0.224999 0.12815 0.258934
10.25 0.231299 0.113952 0.257846
10.26 0.236865 0.0994529 0.256897
10.27 0.241688 0.0846983 0.2561
10.28 0.245757 0.0697348 0.255459
10.29 0.249064 0.0546091 0.25498
10.3 0.251605 0.0393678 0.254666
10.31 0.253379 0.0240586 0.254518
10.32 0.254384 0.00872863 0.254533
10.33 0.254624 -0.0065758 0.254708
10.34 0.254103 -0.0218071 0.255037
10.35 0.25283 -0.0369201 0.255511
10.36 0.250812 -0.051867 0.256119
10.37 0.248063 -0.0666043 0.256849
10.38 0.244595 -0.0810871 0.257686
10.39 0.240426 -0.0952717 0.258614
10.4 0.235571 -0.109116 0.259615
10.41 0.230052 -0.122579 0.260672
10.42 0.223891 -0.135621 0.261764
10.43 0.217111 -0.148204 0.262872
10.44 0.209737 -0.16029 0.263975
10.45 0.201796 -0.171846 0.265052
10.46 0.193317 -0.182836 0.266083
10.47 0.184328 -0.19323 0.267048
10.48 0.174862 -0.202999 0.267928
10.49 0.164951 -0.212115 0.268703
10.5 0.154629 -0.220552 0.269357
10.51 0.143928 -0.228286 0.26987
10.52 0.132886 -0.235299 0.27023
10.53 0.121538 -0.241569 0.27042
10.54 0.10992 -0.247081 0.270428
10.55 0.0980697 -0.25182 0.270243
10.56 0.0860247 -0.255776 0.269855
10.57 0.073823 -0.258938 0.269256
10.58 0.061502 -0.2613 0.26844
10.59 0.0490993 -0.262857 0.267403
10.6 0.0366536 -0.263608 0.266144
10.61 0.024202 -0.263552 0.26466
10.62 0.011782 -0.262693 0.262957
10.63 -0.000569239 -0.261036 0.261037
10.64 -0.0128162 -0.25859 0.258907
10.65 -0.024922 -0.255362 0.256576
10.66 -0.0368529 -0.251367 0.254054
10.67 -0.0485747 -0.24662 0.251358
10.68 -0.0600537 -0.241136 0.248501
10.69 -0.0712577 -0.234934 0.245503
10.7 -0.0821569 -0.228037 0.242386
10.71 -0.0927204 -0.220467 0.239171
10.72 -0.102921 -0.212248 0.235886
10.73 -0.112731 -0.203409 0.232558
10.74 -0.122126 -0.193976 0.229219
10.75 -0.131081 -0.183982 0.225902
10.76 -0.139574 -0.173458 0.22264
10.77 -0.147585 -0.162437 0.21947
10.78 -0.155094 -0.150953 0.216428
10.79 -0.162084 -0.139044 0.213552
10.8 -0.168541 -0.126746 0.21088
10.81 -0.174449 -0.114098 0.208449
10.82 -0.179797 -0.101139 0.206291
10.83 -0.184576 -0.0879092 0.204442
10.84 -0.188777 -0.0744481 0.202926
10.85 -0.192393 -0.060798 0.201771
10.86 -0.195421 -0.0470006 0.200994
10.87 -0.197858 -0.0330977 0.200608
10.88 -0.199704 -0.0191312 0.200618
10.89 -0.200959 -0.00514482 0.201025
10.9 -0.201626 0.00882049 0.201819
10.91 -0.20171 0.0227217 0.202986
10.92 -0.201217 0.0365179 0.204504
10.93 -0.200157 0.050167 0.206348
10.94 -0.198538 0.063628 0.208485
10.95 -0.196372 0.076861 0.210878
10.96 -0.193671 0.0898266 0.213488
10.97 -0.19045 0.102486 0.216275
10.98 -0.186725 0.114801 0.219193
10.99 -0.182513 0.126738 0.222201
11 -0.177831 0.138258 0.225254
11.01 -0.172702 0.14933 0.22831
11.02 -0.167143 0.159919 0.231324
11.03 -0.161178 0.169996 0.234259
11.04 -0.154829 0.179531 0.237073
11.05 -0.14812 0.188496 0.23973
11.06 -0.141075 0.196866 0.242195
11.07 -0.133718 0.204616 0.244435
11.08 -0.126077 0.211723 0.246419
11.09 -0.118176 0.218169 0.248119
11.1 -0.110043 0.223933 0.24951
11.11 -0.101704 0.229001 0.250569
11.12 -0.0931865 0.233357 0.251275
11.13 -0.0845173 0.236991 0.251611
11.14 -0.0757242 0.239893 0.251561
11.15 -0.0668352 0.242055 0.251113
11.16 -0.0578769 0.243472 0.250257
11.17 -0.0488756 0.24414 0.248985
11.18 -0.0398594 0.24406 0.247293
11.19 -0.0308535 0.243232 0.245181
11.2 -0.0218853 0.24166 0.242649
11.21 -0.0129786 0.239349 0.239701
11.22 -0.00415945 0.23631 0.236346
11.23 0.00454834 0.23255 0.232594
11.24 0.0131218 0.228083 0.22846
11.25 0.0215383 0.222923 0.223961
11.26 0.0297758 0.217088 0.21912
11.27 0.0378136 0.210594 0.213962
11.28 0.0456315 0.203464 0.208518
11.29 0.053211 0.195719 0.202823
11.3 0.0605346 0.187384 0.196919
11.31 0.0675845 0.178484 0.190851
11.32 0.0743469 0.169047 0.184674
11.33 0.0808065 0.159103 0.178448
11.34 0.0869499 0.148683 0.17224
11.35 0.0927653 0.137817 0.166129
11.36 0.098243 0.126539 0.160199
11.37 0.103372 0.114884 0.154545
11.38 0.108146 0.102888 0.149271
11.39 0.112557 0.0905878 0.144483
11.4 0.116601 0.0780198 0.140296
11.41 0.120272 0.0652242 0.136819
11.42 0.123567 0.0522383 0.134155
11.43 0.126485 0.0391023 0.132391
11.44 0.129026 0.0258563 0.131591
11.45 0.131189 0.0125413 0.131787
11.46 0.132978 -0.000803564 0.13298
11.47 0.134394 -0.0141361 0.135135
11.48 0.135442 -0.0274169 0.138189
11.49 0.136128 -0.0406043 0.142054
11.5 0.136455 -0.0536598 0.146627
11.51 0.136434 -0.0665424 0.151797
11.52 0.136072 -0.079213 0.157449
11.53 0.135377 -0.0916331 0.163473
11.54 0.134359 -0.103765 0.169763
11.55 0.13303 -0.11557 0.17622
11.56 0.1314 -0.127015 0.182753
11.57 0.129481 -0.138062 0.189279
11.58 0.127286 -0.148679 0.195722
11.59 0.124829 -0.158833 0.202015
11.6 0.122122 -0.168491 0.208093
11.61 0.119179 -0.177625 0.213902
11.62 0.116014 -0.186207 0.219391
11.63 0.112643 -0.194209 0.224512
11.64 0.10908 -0.201607 0.229225
11.65 0.10534 -0.208379 0.233492
11.66 0.101438 -0.214502 0.237278
11.67 0.0973894 -0.219957 0.240553
11.68 0.0932083 -0.224727 0.24329
11.69 0.0889094 -0.228798 0.245466
11.7 0.084509 -0.232155 0.247058
11.71 0.0802907 -0.235531 0.24884
11.72 0.0762554 -0.238925 0.250799
11.73 0.0724036 -0.242337 0.252922
11.74 0.0687363 -0.245766 0.255198
11.75 0.0652528 -0.249213 0.257614
11.76 0.0619546 -0.252676 0.26016
11.77 0.0588415 -0.256155 0.262826
11.78 0.0559156 -0.259649 0.265601
11.79 0.0531759 -0.263156 0.268475
11.8 0.0506241 -0.266678 0.271441
11.81 0.0482608 -0.270212 0.274488
11.82 0.0460862 -0.273757 0.277609
11.83 0.0441009 -0.277312 0.280796
11.84 0.0423061 -0.280876 0.284045
11.85 0.0407016 -0.284449 0.287346
11.86 0.0392893 -0.288028 0.290695
11.87 0.0380686 -0.291611 0.294085
11.88 0.0370397 -0.295199 0.297513
11.89 0.0362046 -0.298788 0.300973
11.9 0.0355622 -0.302378 0.304462
11.91 0.0351138 -0.305966 0.307974
11.92 0.0348594 -0.309552 0.311509
11.93 0.0348003 -0.313132 0.31506
11.94 0.0349354 -0.316707 0.318628
11.95 0.0352657 -0.320271 0.322207
11.96 0.0357906 -0.323825 0.325797
11.97 0.0365115 -0.327366 0.329396
11.98 0.0374267 -0.330891 0.333001
11.99 0.0385374 -0.334399 0.336612
12 0.0398432 -0.337886 0.340228
12.01 0.0413436 -0.341351 0.343846
12.02 0.0430379 -0.34479 0.347465
12.03 0.0449258 -0.348201 0.351087
12.04 0.0470061 -0.351581 0.35471
12.05 0.0492794 -0.354929 0.358333
12.06 0.0517436 -0.358239 0.361956
12.07 0.0543976 -0.361511 0.36558
12.08 0.0572416 -0.36474 0.369204
12.09 0.0602729 -0.367923 0.372828
12.1 0.0634907 -0.371059 0.376451
12.11 0.0668932 -0.374143 0.380076
12.12 0.0704797 -0.377172 0.383701
12.13 0.0742474 -0.380144 0.387327
12.14 0.0781948 -0.383054 0.390954
12.15 0.0823192 -0.3859 0.394582
12.16 0.0866196 -0.388677 0.398212
12.17 0.0910918 -0.391382 0.401843
12.18 0.0957345 -0.394013 0.405477
12.19 0.100545 -0.396566 0.409113
12.2 0.10552 -0.399036 0.412752
12.21 0.110656 -0.40142 0.416392
12.22 0.115951 -0.403715 0.420036
12.23 0.121401 -0.405917 0.423682
12.24 0.127003 -0.408022 0.427331
12.25 0.132752 -0.410027 0.430982
12.26 0.138646 -0.411929 0.434636
12.27 0.144681 -0.413723 0.438291
12.28 0.150852 -0.415405 0.441947
12.29 0.157155 -0.416971 0.445604
12.3 0.163586 -0.418419 0.44926
12.31 0.17014 -0.419743 0.452915
12.32 0.176813 -0.420942 0.456568
12.33 0.183599 -0.422009 0.460218
12.34 0.190494 -0.422943 0.463863
12.35 0.197494 -0.423739 0.467502
12.36 0.204591 -0.424392 0.471133
12.37 0.211782 -0.4249 0.474754
12.38 0.21906 -0.425259 0.478365
12.39 0.22642 -0.425466 0.481962
12.4 0.233857 -0.425515 0.485543
12.41 0.241364 -0.425404 0.489107
12.42 0.248935 -0.425129 0.492649
12.43 0.256565 -0.424686 0.496169
12.44 0.264246 -0.424072 0.499663
12.45 0.271972 -0.423283 0.503128
12.46 0.279738 -0.422316 0.506561
12.47 0.287536 -0.421167 0.509959
12.48 0.295359 -0.419832 0.513319
12.49 0.3032 -0.41831 0.516636
12.5 0.311052 -0.416596 0.519909
12.51 0.318909 -0.414688 0.523134
12.52 0.326764 -0.412581 0.526306
12.53 0.334607 -0.410275 0.529422
12.54 0.342435 -0.407766 0.53248
12.55 0.350237 -0.405049 0.535473
12.56 0.358007 -0.402125 0.538399
12.57 0.365737 -0.398989 0.541254
12.58 0.37342 -0.39564 0.544034
12.59 0.381048 -0.392075 0.546736
12.6 0.388613 -0.388292 0.549355
12.61 0.396108 -0.38429 0.551888
12.62 0.403525 -0.380067 0.554331
12.63 0.410855 -0.375619 0.55668
12.64 0.418092 -0.370949 0.558931
12.65 0.425228 -0.366052 0.561082
12.66 0.432255 -0.360929 0.563128
12.67 0.439165 -0.355577 0.565068
12.68 0.445951 -0.349998 0.566896
12.69 0.452606 -0.344189 0.568611
12.7 0.45912 -0.338151 0.570209
12.71 0.465488 -0.331884 0.571687
12.72 0.471701 -0.325387 0.573043
12.73 0.477754 -0.318661 0.574277
12.74 0.483637 -0.311705 0.575382
12.75 0.489344 -0.304521 0.57636
12.76 0.494867 -0.29711 0.577207
12.77 0.500201 -0.289472 0.577923
12.78 0.505337 -0.281609 0.578506
12.79 0.510269 -0.273523 0.578956
12.8 0.514991 -0.265215 0.579271
12.81 0.519496 -0.256687 0.579452
12.82 0.523779 -0.247941 0.579499
12.83 0.52783 -0.23898 0.57941
12.84 0.531647 -0.229806 0.579189
12.85 0.535223 -0.220422 0.578834
12.86 0.538551 -0.210831 0.578349
12.87 0.541627 -0.201037 0.577733
12.88 0.544446 -0.191043 0.576991
12.89 0.547001 -0.180852 0.576123
12.9 0.549288 -0.170469 0.575132
12.91 0.551301 -0.159899 0.574022
12.92 0.553038 -0.149147 0.572796
12.93 0.554493 -0.138215 0.571459
12.94 0.555662 -0.127111 0.570015
12.95 0.556542 -0.115838 0.568469
12.96 0.557128 -0.104404 0.566826
12.97 0.557418 -0.0928132 0.565092
12.98 0.557408 -0.0810723 0.563273
12.99 0.557095 -0.0691876 0.561375
13 0.556478 -0.057166 0.559407
13.01 0.555554 -0.0450128 0.557374
13.02 0.554319 -0.0327367 0.555285
13.03 0.552774 -0.0203441 0.553149
13.04 0.550916 -0.00784307 0.550972
13.05 0.548745 0.00475872 0.548765
13.06 0.546258 0.0174538 0.546537
13.07 0.543457 0.0302326 0.544297
13.08 0.540341 0.0430882 0.542056
13.09 0.536909 0.0560116 0.539823
13.1 0.533162 0.0689937 0.537607
13.11 0.529101 0.0820246 0.535421
13.12 0.524727 0.0950973 0.533274
13.13 0.520041 0.1082 0.531178
13.14 0.515046 0.121326 0.529143
13.15 0.509742 0.134463 0.527179
13.16 0.504133 0.147603 0.525297
13.17 0.498221 0.160735 0.523507
13.18 0.492008 0.173849 0.521819
13.19 0.485499 0.186934 0.520244
13.2 0.478697 0.199982 0.518791
13.21 0.471605 0.21298 0.517467
13.22 0.464229 0.22592 0.516283
13.23 0.456571 0.238789 0.515245
13.24 0.448639 0.251577 0.514362
13.25 0.440436 0.264275 0.513639
13.26 0.431968 0.276869 0.513082
13.27 0.423242 0.289351 0.512696
13.28 0.414262 0.30171 0.512486
13.29 0.405035 0.313934 0.512453
13.3 0.395569 0.326012 0.5126
13.31 0.385869 0.337935 0.512927
13.32 0.375943 0.349689 0.513435
13.33 0.365798 0.361267 0.514122
13.34 0.355442 0.372655 0.514986
13.35 0.344884 0.383844 0.516025
13.36 0.33413 0.394824 0.517232
13.37 0.32319 0.405583 0.518603
13.38 0.312071 0.41611 0.520131
13.39 0.300785 0.426397 0.52181
13.4 0.289337 0.436431 0.52363
13.41 0.27774 0.446204 0.525583
13.42 0.266001 0.455706 0.527659
13.43 0.25413 0.464926 0.529848
13.44 0.242138 0.473856 0.532137
13.45 0.230034 0.482484 0.534515
13.46 0.217829 0.490802 0.536969
13.47 0.205532 0.498802 0.539487
13.48 0.193155 0.506474 0.542056
13.49 0.180707 0.513808 0.54466
13.5 0.1682 0.520799 0.547287
13.51 0.155644 0.527436 0.549921
13.52 0.143051 0.533712 0.55255
13.53 0.13043 0.539619 0.555158
13.54 0.117796 0.54515 0.557732
13.55 0.105156 0.550299 0.560256
13.56 0.0925236 0.555059 0.562717
13.57 0.079909 0.559422 0.5651
13.58 0.0673243 0.563384 0.567392
13.59 0.0547799 0.566938 0.569579
13.6 0.0422882 0.57008 0.571646
13.61 0.029859 0.572804 0.573582
13.62 0.0175047 0.575106 0.575373
13.63 0.00523621 0.576983 0.577007
13.64 -0.00693655 0.578429 0.578471
13.65 -0.0190007 0.579442 0.579753
13.66 -0.0309459 0.580019 0.580843
13.67 -0.0427616 0.580157 0.581731
13.68 -0.0544371 0.579854 0.582404
13.69 -0.0659612 0.57911 0.582854
13.7 -0.0773243 0.577921 0.583071
13.71 -0.088515 0.576289 0.583047
13.72 -0.0995247 0.574212 0.582773
13.73 -0.110341 0.57169 0.582241
13.74 -0.120957 0.568725 0.581446
13.75 -0.131361 0.565318 0.580379
13.76 -0.141546 0.561468 0.579035
13.77 -0.1515 0.557179 0.577408
13.78 -0.161216 0.552452 0.575495
13.79 -0.170685 0.547291 0.573289
13.8 -0.179898 0.541699 0.57079
13.81 -0.188848 0.535679 0.567993
13.82 -0.197525 0.529237 0.564896
13.83 -0.205925 0.522375 0.561499
13.84 -0.214037 0.5151 0.557799
13.85 -0.221857 0.507415 0.553797
13.86 -0.229376 0.499329 0.549494
13.87 -0.23659 0.490847 0.544891
13.88 -0.243492 0.481976 0.53999
13.89 -0.250076 0.472722 0.534793
13.9 -0.256337 0.463093 0.529305
13.91 -0.262271 0.453099 0.523531
13.92 -0.267871 0.442745 0.517473
13.93 -0.273135 0.432042 0.511139
13.94 -0.278058 0.420999 0.504536
13.95 -0.282638 0.409626 0.497672
13.96 -0.28687 0.397931 0.490554
13.97 -0.290753 0.385926 0.483194
13.98 -0.294283 0.373621 0.4756
13.99 -0.297459 0.361029 0.467786
14 -0.30028 0.348158 0.459763
14.01 -0.302743 0.335022 0.451545
14.02 -0.30485 0.321633 0.443149
14.03 -0.3066 0.308002 0.43459
14.04 -0.307992 0.294142 0.425885
14.05 -0.309027 0.280066 0.417055
14.06 -0.309707 0.265787 0.408119
14.07 -0.310032 0.251319 0.399101
14.08 -0.310006 0.236675 0.390024
14.09 -0.309628 0.221868 0.380914
14.1 -0.308904 0.206914 0.3718
14.11 -0.307836 0.191824 0.362711
14.12 -0.306426 0.176616 0.35368
14.13 -0.304679 0.161302 0.344742
14.14 -0.3026 0.145897 0.335935
14.15 -0.300193 0.130415 0.327298
14.16 -0.297464 0.114872 0.318873
14.17 -0.294417 0.0992817 0.310706
14.18 -0.29106 0.0836601 0.302844
14.19 -0.287398 0.0680202 0.295338
14.2 -0.283436 0.0523782 0.288235
14.21 -0.279185 0.0367489 0.281593
14.22 -0.274649 0.0211465 0.275462
14.23 -0.269837 0.00558556 0.269895
14.24 -0.264757 -0.00991892 0.264943
14.25 -0.259416 -0.0253519 0.260652
14.26 -0.253824 -0.0406993 0.257066
14.27 -0.24799 -0.0559462 0.254223
14.28 -0.241922 -0.0710793 0.252148
14.29 -0.235631 -0.0860827 0.250863
14.3 -0.229126 -0.100945 0.250377
14.31 -0.221683 -0.115327 0.249888
14.32 -0.213338 -0.129171 0.249396
14.33 -0.204128 -0.14242 0.248901
14.34 -0.194097 -0.15502 0.248405
14.35 -0.183288 -0.166921 0.247905
14.36 -0.171751 -0.178073 0.247404
14.37 -0.159536 -0.188433 0.246899
14.38 -0.1467 -0.19796 0.246392
14.39 -0.133296 -0.206617 0.245883
14.4 -0.119384 -0.214368 0.24537
14.41 -0.105026 -0.221186 0.244855
14.42 -0.0902846 -0.227045 0.244337
14.43 -0.0752227 -0.231923 0.243817
14.44 -0.0599052 -0.235804 0.243295
14.45 -0.0443988 -0.238675 0.242769
14.46 -0.0287705 -0.240527 0.242241
14.47 -0.0130862 -0.241357 0.241711
14.48 0.00258711 -0.241164 0.241178
14.49 0.0181816 -0.239955 0.240643
14.5 0.0336333 -0.237737 0.240105
14.51 0.0488757 -0.234526 0.239565
14.52 0.0638457 -0.230337 0.239022
14.53 0.0784797 -0.225193 0.238476
14.54 0.0927172 -0.219119 0.237928
14.55 0.106499 -0.212147 0.237378
14.56 0.119769 -0.204307 0.236825
14.57 0.132471 -0.195639 0.236269
14.58 0.144555 -0.186182 0.235711
14.59 0.155971 -0.17598 0.235151
14.6 0.166674 -0.16508 0.234588
14.61 0.176621 -0.15353 0.234022
14.62 0.185772 -0.141385 0.233454
14.63 0.194093 -0.128698 0.232885
14.64 0.201551 -0.115526 0.232313
14.65 0.208119 -0.101925 0.231738
14.66 0.213772 -0.0879589 0.231161
14.67 0.218491 -0.0736863 0.230582
14.68 0.222259 -0.0591707 0.23
14.69 0.225064 -0.0444753 0.229417
14.7 0.2269 -0.0296637 0.228831
14.71 0.227763 -0.0148001 0.228243
14.72 0.227653 5.27653e-05 0.227653
14.73 0.226576 0.01483 0.227061
14.74 0.224541 0.0294692 0.226466
14.75 0.221561 0.0439077 0.22587
14.76 0.217654 0.0580861 0.225272
14.77 0.212841 0.0719428 0.224671
14.78 0.207147 0.0854223 0.224069
14.79 0.200601 0.0984667 0.223465
14.8 0.193236 0.111024 0.22286
14.81 0.185085 0.123041 0.222252
14.82 0.17619 0.13447 0.221642
14.83 0.166592 0.145264 0.22103
14.84 0.156335 0.155382 0.220418
14.85 0.145466 0.164782 0.219803
14.86 0.134036 0.173427 0.219187
14.87 0.122097 0.181286 0.218569
14.88 0.109702 0.188327 0.217949
14.89 0.0969073 0.194525 0.217327
14.9 0.0837703 0.199857 0.216703
14.91 0.0703494 0.204306 0.216079
14.92 0.0567031 0.207857 0.215453
14.93 0.042891 0.210499 0.214825
14.94 0.0289749 0.212226 0.214195
14.95 0.0150143 0.213035 0.213564
14.96 0.00106961 0.212928 0.212931
14.97 -0.0127985 0.211911 0.212297
14.98 -0.0265319 0.209992 0.211662
14.99 -0.0400707 0.207185 0.211025
15 -0.053359 0.203508 0.210387
15.01 -0.06634 0.198979 0.209747
15.02 -0.0789596 0.193624 0.209105
15.03 -0.0911641 0.187471 0.208462
15.04 -0.102906 0.180551 0.207818
15.05 -0.114134 0.172898 0.207172
15.06 -0.124804 0.164549 0.206524
15.07 -0.134873 0.155544 0.205875
15.08 -0.144301 0.145927 0.205225
15.09 -0.15305 0.135742 0.204573
15.1 -0.161087 0.125037 0.20392
15.11 -0.168381 0.113861 0.203265
15.12 -0.174906 0.102267 0.20261
15.13 -0.180638 0.0903046 0.201953
15.14 -0.185555 0.0780305 0.201294
15.15 -0.189642 0.0654984 0.200635
15.16 -0.192886 0.0527652 0.199973
15.17 -0.19528 0.0398869 0.199312
15.18 -0.196815 0.02692 0.198648
15.19 -0.197493 0.0139224 0.197983
15.2 -0.197316 0.000949542 0.197318
15.21 -0.196288 -0.0119419 0.196651
15.22 -0.19442 -0.0246965 0.195982
15.23 -0.191727 -0.0372588 0.195313
15.24 -0.188224 -0.0495765 0.194643
15.25 -0.183932 -0.0615967 0.193972
15.26 -0.178876 -0.0732707 0.193301
15.27 -0.173081 -0.0845478 0.192627
15.28 -0.166578 -0.0953832 0.191954
15.29 -0.1594 -0.105732 0.191279
15.3 -0.151583 -0.115553 0.190604
15.31 -0.143164 -0.124805 0.189927
15.32 -0.134186 -0.133454 0.18925
15.33 -0.124689 -0.141465 0.188573
15.34 -0.11472 -0.148808 0.187895
15.35 -0.104324 -0.155454 0.187215
15.36 -0.0935516 -0.16138 0.186535
15.37 -0.0824502 -0.166566 0.185856
15.38 -0.071071 -0.170993 0.185174
15.39 -0.0594661 -0.174647 0.184493
15.4 -0.0476875 -0.177517 0.183811
15.41 -0.0357871 -0.179598 0.183129
15.42 -0.0238186 -0.180885 0.182446
15.43 -0.0118341 -0.181377 0.181763
15.44 0.000113481 -0.181079 0.181079
15.45 0.0119716 -0.179998 0.180395
15.46 0.0236914 -0.178143 0.179711
15.47 0.0352201 -0.175528 0.179026
15.48 0.0465102 -0.17217 0.178341
15.49 0.0575133 -0.168089 0.177656
15.5 0.068184 -0.163308 0.17697
15.51 0.0784763 -0.157853 0.176284
15.52 0.0883497 -0.151753 0.175598
15.53 0.0977626 -0.145039 0.174911
15.54 0.106679 -0.137746 0.174225
15.55 0.115061 -0.129907 0.173537
15.56 0.122877 -0.121565 0.172849
15.57 0.130097 -0.112758 0.172161
15.58 0.136693 -0.103527 0.171473
15.59 0.142642 -0.093918 0.170785
15.6 0.147922 -0.0839753 0.170096
15.61 0.152515 -0.0737441 0.169408
15.62 0.156406 -0.0632728 0.168719
15.63 0.159582 -0.052608 0.16803
15.64 0.162035 -0.0417992 0.16734
15.65 0.163762 -0.0308956 0.166651
15.66 0.164758 -0.0199444 0.165961
15.67 0.165026 -0.00899515 0.165271
15.68 0.16457 0.00190422 0.164581
15.69 0.163397 0.0127053 0.16389
15.7 0.161519 0.023362 0.163199
15.71 0.158949 0.0338278 0.162509
15.72 0.155704 0.0440586 0.161818
15.73 0.151805 0.0540098 0.161127
15.74 0.147274 0.0636421 0.160437
15.75 0.142135 0.0729138 0.159746
15.76 0.136416 0.0817874 0.159055
15.77 0.130148 0.0902266 0.158365
15.78 0.123363 0.098198 0.157675
15.79 0.116094 0.10567 0.156984
15.8 0.108379 0.112614 0.156295
15.81 0.100254 0.119004 0.155604
15.82 0.0917603 0.124815 0.154915
15.83 0.0829364 0.130028 0.154226
15.84 0.0738258 0.134622 0.153536
15.85 0.0644711 0.138585 0.152847
15.86 0.0549158 0.141903 0.152158
15.87 0.0452039 0.144568 0.151471
15.88 0.0353791 0.146574 0.150783
15.89 0.0254866 0.147916 0.150096
15.9 0.0155711 0.148595 0.149409
15.91 0.00567635 0.148615 0.148723
15.92 -0.00415483 0.147979 0.148037
15.93 -0.0138769 0.146697 0.147352
15.94 -0.0234508 0.144781 0.146668
15.95 -0.0328332 0.142244 0.145984
15.96 -0.0419854 0.139103 0.145301
15.97 -0.0508675 0.135376 0.144618
15.98 -0.059443 0.131088 0.143936
15.99 -0.0676761 0.12626 0.143254
16 -0.0755346 0.12092 0.142574
16.01 -0.0829853 0.115096 0.141893
16.02 -0.0899993 0.108818 0.141214
16.03 -0.0965502 0.102118 0.140535
16.04 -0.102612 0.0950299 0.139856
16.05 -0.108162 0.0875887 0.139179
16.06 -0.11318 0.0798312 0.138502
16.07 -0.11765 0.0717949 0.137826
16.08 -0.121557 0.0635176 0.137151
16.09 -0.124887 0.055038 0.136477
16.1 -0.127631 0.0463972 0.135802
16.11 -0.129783 0.0376349 0.13513
16.12 -0.131338 0.0287903 0.134457
16.13 -0.132296 0.0199056 0.133785
16.14 -0.132657 0.0110193 0.133114
16.15 -0.132426 0.00217243 0.132444
16.16 -0.13161 -0.00659696 0.131775
16.17 -0.130216 -0.0152495 0.131106
16.18 -0.128258 -0.0237477 0.130438
16.19 -0.125749 -0.0320541 0.12977
16.2 -0.122708 -0.0401353 0.129105
16.21 -0.11915 -0.0479558 0.128439
16.22 -0.1151 -0.0554839 0.127775
16.23 -0.110577 -0.0626879 0.127111
16.24 -0.10561 -0.0695391 0.126448
16.25 -0.100223 -0.0760106 0.125786
16.26 -0.0944452 -0.082076 0.125125
16.27 -0.0883065 -0.087713 0.124465
16.28 -0.081839 -0.0929008 0.123807
16.29 -0.0750729 -0.0976205 0.123149
16.3 -0.0680434 -0.101854 0.122492
16.31 -0.0607846 -0.10559 0.121836
16.32 -0.0533315 -0.108814 0.121181
16.33 -0.04572 -0.111519 0.120528
16.34 -0.0379849 -0.113698 0.119875
16.35 -0.0301636 -0.115345 0.119224
16.36 -0.0222913 -0.11646 0.118574
16.37 -0.0144041 -0.117043 0.117926
16.38 -0.00653745 -0.117095 0.117278
16.39 0.00127205 -0.116625 0.116632
16.4 0.00899185 -0.115638 0.115987
16.41 0.0165864 -0.114145 0.115344
16.42 0.0240248 -0.112159 0.114703
16.43 0.0312734 -0.109691 0.114062
16.44 0.0383017 -0.106761 0.113423
16.45 0.0450812 -0.103384 0.112786
16.46 0.0515835 -0.0995829 0.11215
16.47 0.0577819 -0.0953773 0.111515
16.48 0.0636524 -0.0907924 0.110882
16.49 0.0691725 -0.0858513 0.110251
16.5 0.0743197 -0.0805815 0.109621
16.51 0.0790765 -0.0750091 0.108993
16.52 0.0834236 -0.069164 0.108366
16.53 0.0873481 -0.0630755 0.107741
16.54 0.0908361 -0.0567724 0.107118
16.55 0.0938766 -0.0502866 0.106497
16.56 0.0964602 -0.0436491 0.105876
16.57 0.0985817 -0.0368918 0.105258
16.58 0.100235 -0.030046 0.104641
16.59 0.101419 -0.023145 0.104026
16.6 0.102133 -0.0162191 0.103412
16.61 0.102379 -0.00930234 0.102801
16.62 0.102162 -0.00242308 0.102191
16.63 0.101487 0.00438635 0.101582
16.64 0.100363 0.0110956 0.100974
16.65 0.0987999 0.0176754 0.100369
16.66 0.0968109 0.0240982 0.0997651
16.67 0.0944085 0.0303357 0.0991626
16.68 0.0916098 0.0363624 0.0985626
16.69 0.0884303 0.0421531 0.0979633
16.7 0.0848913 0.0476839 0.0973668
16.71 0.0810103 0.0529337 0.0967711
16.72 0.0768107 0.0578799 0.0961768
16.73 0.0723156 0.0625052 0.0955848
16.74 0.0675484 0.0667917 0.0949943
16.75 0.0625338 0.0707248 0.0944059
16.76 0.0572978 0.0742892 0.0938186
16.77 0.0518671 0.0774742 0.0932334
16.78 0.0462688 0.0802687 0.0926492
16.79 0.0405313 0.0826666 0.0920682
16.8 0.0346804 0.0846597 0.0914877
16.81 0.0287468 0.0862449 0.0909096
16.82 0.0227566 0.0874205 0.0903339
16.83 0.0167382 0.0881851 0.0897595
16.84 0.0107194 0.0885407 0.0891872
16.85 0.00472863 0.0884902 0.0886165
16.86 -0.00120809 0.0880398 0.0880481
16.87 -0.00706365 0.087196 0.0874816
16.88 -0.0128135 0.0859683 0.0869179
16.89 -0.0184316 0.0843647 0.0863546
16.9 -0.0238938 0.0824001 0.0857944
16.91 -0.029178 0.0800862 0.0852359
16.92 -0.0342612 0.0774384 0.0846791
16.93 -0.0391236 0.0744734 0.0841245
16.94 -0.0437447 0.0712089 0.0835721
16.95 -0.0481079 0.0676631 0.0830221
16.96 -0.0521955 0.0638563 0.0824742
16.97 -0.055993 0.0598083 0.0819283
16.98 -0.0594848 0.0555414 0.0813836
16.99 -0.0626617 0.051079 0.0808427
17 -0.0655114 0.0464418 0.0803031
17.01 -0.0680255 0.0416549 0.0797659
17.02 -0.0701971 0.036741 0.0792308
17.03 -0.0720199 0.0317253 0.0786979
17.04 -0.0734906 0.0266308 0.0781669
17.05 -0.0746067 0.0214833 0.0776382
17.06 -0.0753674 0.0163061 0.0771111
17.07 -0.0757739 0.011125 0.0765862
17.08 -0.0758306 0.00596148 0.0760646
17.09 -0.0755388 0.000840402 0.0755435
17.1 -0.0749066 -0.0042152 0.0750251
17.11 -0.0739402 -0.00918325 0.0745083
17.12 -0.0726497 -0.0140412 0.0739942
17.13 -0.0710443 -0.0187696 0.0734819
17.14 -0.0691363 -0.0233474 0.0729721
17.15 -0.0669375 -0.0277557 0.0724638
17.16 -0.0644632 -0.0319762 0.0719582
17.17 -0.061727 -0.0359934 0.0714545
17.18 -0.0587453 -0.0397886 0.0709517
17.19 -0.0555363 -0.0433495 0.0704518
17.2 -0.0521168 -0.0466617 0.0699534
17.21 -0.0485065 -0.049714 0.0694576
17.22 -0.044723 -0.0524954 0.0689632
17.23 -0.0407879 -0.0549963 0.0684708
17.24 -0.0367208 -0.0572088 0.0679799
17.25 -0.0325432 -0.0591277 0.0674918
17.26 -0.0282744 -0.0607475 0.0670052
17.27 -0.0239376 -0.0620642 0.0665205
17.28 -0.0195522 -0.0630778 0.0660386
17.29 -0.0151397 -0.0637859 0.065558
17.3 -0.010721 -0.064191 0.0650801
17.31 -0.0063162 -0.0642938 0.0646033
17.32 -0.0019471 -0.0640996 0.0641292
17.33 0.00236766 -0.063613 0.063657
17.34 0.00660914 -0.062841 0.0631876
17.35 0.0107585 -0.0617897 0.0627193
17.36 0.0147964 -0.0604694 0.0622533
17.37 0.0187078 -0.0588894 0.0617895
17.38 0.0224741 -0.0570612 0.0613275
17.39 0.0260817 -0.0549971 0.0608682
17.4 0.0295149 -0.0527093 0.0604103
17.41 0.0327611 -0.0502135 0.0599557
17.42 0.0358078 -0.0475225 0.0595028
17.43 0.0386441 -0.0446522 0.0590524
17.44 0.0412583 -0.0416183 0.0586032
17.45 0.043643 -0.038439 0.0581573
17.46 0.0457905 -0.035129 0.0577133
17.47 0.0476938 -0.0317076 0.0572718
17.48 0.0493483 -0.0281901 0.0568325
17.49 0.0507484 -0.024596 0.0563947
17.5 0.0518935 -0.0209431 0.0559602
17.51 0.0527801 -0.0172484 0.055527
17.52 0.053409 -0.0135305 0.0550962
17.53 0.0537803 -0.00980751 0.0546673
17.54 0.0538979 -0.00609617 0.0542415
17.55 0.0537629 -0.00241304 0.0538171
17.56 0.0533813 0.00122365 0.0533953
17.57 0.0527571 0.00479911 0.052975
17.58 0.0518982 0.00829535 0.0525569
17.59 0.0508127 0.0116996 0.0521422
17.6 0.0495073 0.0149962 0.0517287
17.61 0.0479927 0.0181717 0.0513177
17.62 0.0462788 0.0212124 0.0509087
17.63 0.0443767 0.0241073 0.0505021
17.64 0.0422976 0.0268439 0.0500967
17.65 0.0400554 0.0294121 0.0496941
17.66 0.0376614 0.0318025 0.0492928
17.67 0.0351314 0.0340065 0.0488943
17.68 0.0324774 0.0360179 0.0484982
17.69 0.0297142 0.0378278 0.0481027
17.7 0.0268575 0.0394325 0.04771
17.71 0.0239222 0.0408268 0.0473192
17.72 0.0209227 0.0420088 0.0469307
17.73 0.0178744 0.042975 0.046544
17.74 0.0147926 0.0437256 0.04616
17.75 0.0116917 0.0442589 0.0457772
17.76 0.00858793 0.0445779 0.0453976
17.77 0.00549385 0.0446829 0.0450193
17.78 0.00242651 0.0445768 0.0446428
17.79 -0.000601776 0.0442651 0.0442692
17.8 -0.00357662 0.0437517 0.0438976
17.81 -0.00648607 0.0430421 0.0435281
17.82 -0.00931593 0.0421427 0.0431601
17.83 -0.0120549 0.0410616 0.0427945
17.84 -0.0146907 0.0398061 0.0424304
17.85 -0.0172139 0.0383871 0.04207
17.86 -0.019614 0.0368111 0.0417105
17.87 -0.021881 0.0350907 0.0413538
17.88 -0.0240082 0.0332353 0.0409997
17.89 -0.0259862 0.031256 0.0406475
17.9 -0.0278093 0.0291637 0.0402974
17.91 -0.0294706 0.0269713 0.0399495
17.92 -0.030966 0.0246902 0.0396043
17.93 -0.0322907 0.0223328 0.0392612
17.94 -0.0334427 0.019911 0.0389212
17.95 -0.0344166 0.0174368 0.0385817
17.96 -0.0352132 0.0149249 0.0382455
17.97 -0.0358311 0.0123855 0.0379113
17.98 -0.03627 0.00983289 0.0375792
17.99 -0.0365316 0.0072777 0.0372495
18 -0.0366173 0.00473344 0.036922
18.01 -0.0365299 0.00221087 0.0365967
18.02 -0.0362726 -0.000277943 0.0362736
18.03 -0.0358497 -0.00272263 0.035953
18.04 -0.035265 -0.00511076 0.0356334
18.05 -0.0345267 -0.00743315 0.0353177
18.06 -0.0336383 -0.0096808 0.0350036
18.07 -0.0326078 -0.0118428 0.0346918
18.08 -0.0314414 -0.013912 0.0343817
18.09 -0.0301479 -0.0158781 0.0340736
18.1 -0.0287354 -0.0177352 0.0337677
18.11 -0.0272127 -0.0194758 0.033464
18.12 -0.0255885 -0.0210941 0.0331622
18.13 -0.0238727 -0.022583 0.0328618
18.14 -0.0220755 -0.0239403 0.0325647
18.15 -0.0202051 -0.0251594 0.0322682
18.16 -0.0182739 -0.0262377 0.0319742
18.17 -0.0162904 -0.0271726 0.0316817
18.18 -0.0142671 -0.0279622 0.0313916
18.19 -0.0122123 -0.0286059 0.0311037
18.2 -0.0101368 -0.0291027 0.0308176
18.21 -0.00805082 -0.0294524 0.0305329
18.22 -0.00596578 -0.0296559 0.03025
18.23 -0.00388984 -0.0297165 0.02997
18.24 -0.00183401 -0.029634 0.0296907
18.25 0.000192592 -0.0294137 0.0294143
18.26 0.00218129 -0.0290572 0.0291389
18.27 0.00412212 -0.0285703 0.0288661
18.28 0.00600823 -0.0279564 0.0285947
18.29 0.00783019 -0.0272212 0.028325
18.3 0.00958056 -0.0263704 0.0280568
18.31 0.0112523 -0.0254114 0.0277912
18.32 0.0128407 -0.0243497 0.027528
18.33 0.0143371 -0.023192 0.0272658
18.34 0.0157381 -0.0219465 0.0270062
18.35 0.017037 -0.0206196 0.0267475
18.36 0.0182308 -0.0192214 0.026492
18.37 0.0193158 -0.0177572 0.0262377
18.38 0.0202881 -0.0162369 0.0259855
18.39 0.0211455 -0.0146683 0.025735
18.4 0.0218864 -0.01306 0.0254869
18.41 0.0225093 -0.0114194 0.0252403
18.42 0.0230119 -0.00975668 0.0249948
18.43 0.0233964 -0.00807916 0.024752
18.44 0.0236612 -0.00639596 0.0245104
18.45 0.0238097 -0.0047149 0.024272
18.46 0.0238408 -0.00304255 0.0240342
18.47 0.0237577 -0.00138914 0.0237983
18.48 0.0235631 0.000238966 0.0235643
18.49 0.0232602 0.00183428 0.0233324
18.5 0.0228521 0.00339038 0.0231022
18.51 0.0223429 0.00489913 0.0228738
18.52 0.0217372 0.00635631 0.0226474
18.53 0.021039 0.00775363 0.0224222
18.54 0.0202543 0.00908751 0.0221995
18.55 0.0193865 0.0103511 0.0219769
18.56 0.0184443 0.0115396 0.0217568
18.57 0.0174321 0.0126498 0.0215382
18.58 0.0163563 0.0136776 0.0213215
18.59 0.0152228 0.0146192 0.0211058
18.6 0.0140393 0.0154712 0.0208916
18.61 0.0128116 0.0162321 0.020679
18.62 0.0115481 0.016899 0.0204679
18.63 0.0102539 0.0174725 0.0202591
18.64 0.00893634 0.017949 0.0200506
18.65 0.0076034 0.0183304 0.0198448
18.66 0.00626002 0.0186154 0.0196398
18.67 0.00491405 0.018805 0.0194365
18.68 0.00357189 0.0188995 0.0192341
18.69 0.00224088 0.0189011 0.0190334
18.7 0.000925922 0.0188115 0.0188343
18.71 -0.000365398 0.0186334 0.018637
18.72 -0.00162958 0.0183686 0.0184407
18.73 -0.00285792 0.0180196 0.0182448
18.74 -0.00404662 0.0175922 0.0180516
18.75 -0.00519078 0.0170881 0.0178591
18.76 -0.00628554 0.0165128 0.0176687
18.77 -0.00732669 0.0158697 0.0174793
18.78 -0.00831006 0.0151641 0.0172918
18.79 -0.00923266 0.0144001 0.0171057
18.8 -0.0100905 0.0135836 0.0169214
18.81 -0.0108817 0.0127181 0.016738
18.82 -0.011602 0.0118109 0.016556
18.83 -0.0122523 0.0108668 0.016377
18.84 -0.0128288 0.00988966 0.0161983
18.85 -0.0133314 0.00888655 0.0160218
18.86 -0.0137581 0.00786175 0.0158459
18.87 -0.014109 0.00682225 0.0156719
18.88 -0.0143847 0.0057724 0.0154997
18.89 -0.0145853 0.00471815 0.0153294
18.9 -0.0147108 0.00366319 0.01516
18.91 -0.0147626 0.00261525 0.0149925
18.92 -0.014743 0.00157669 0.014827
18.93 -0.0146515 0.000553628 0.014662
18.94 -0.0144925 -0.000449289 0.0144995
18.95 -0.0142665 -0.00142801 0.0143378
18.96 -0.0139776 -0.00237797 0.0141784
18.97 -0.0136276 -0.00329635 0.0140206
18.98 -0.0132194 -0.00417844 0.0138641
18.99 -0.0127555 -0.00502081 0.013708
19 -0.0122415 -0.00581916 0.0135542
19.01 -0.0116794 -0.00657294 0.013402
19.02 -0.0110732 -0.00727723 0.0132504
19.03 -0.0104274 -0.00793148 0.0131011
19.04 -0.00974466 -0.00853177 0.0129518
19.05 -0.00903109 -0.00907765 0.0128049
19.06 -0.00828933 -0.00956734 0.0126589
19.07 -0.00752449 -0.00999941 0.0125142
19.08 -0.00674032 -0.010373 0.0123706
19.09 -0.00594253 -0.0106885 0.0122294
19.1 -0.00513242 -0.0109454 0.0120889
19.11 -0.00431656 -0.0111425 0.0119494
19.12 -0.003498 -0.0112816 0.0118114
19.13 -0.00268169 -0.0113615 0.0116737
19.14 -0.00187144 -0.0113859 0.0115387
19.15 -0.00107 -0.0113539 0.0114042
19.16 -0.000282124 -0.0112673 0.0112709
19.17 0.000488727 -0.0111275 0.0111382
19.18 0.00123862 -0.0109377 0.0110076
19.19 0.00196564 -0.0106982 0.0108773
19.2 0.00266488 -0.010413 0.0107486
19.21 0.00333556 -0.010084 0.0106214
19.22 0.00397325 -0.00971356 0.0104948
19.23 0.0045777 -0.00930587 0.0103708
19.24 0.00514545 -0.00886123 0.0102468
19.25 0.00567419 -0.0083847 0.0101242
19.26 0.00616286 -0.00787895 0.0100029
19.27 0.00661037 -0.00734787 0.00988373
19.28 0.00701549 -0.00679259 0.00976505
19.29 0.00737661 -0.00621831 0.00964789
19.3 0.00769345 -0.00562666 0.00953145
19.31 0.00796426 -0.00502265 0.00941575
19.32 0.00819153 -0.00440893 0.00930268
19.33 0.00837235 -0.00378785 0.00918934
19.34 0.00850876 -0.00316421 0.00907807
19.35 0.00860072 -0.00253984 0.0089679
19.36 0.0086491 -0.0019184 0.0088593
19.37 0.00865371 -0.00130189 0.00875109
19.38 0.00861665 -0.000694827 0.00864462
19.39 0.00853827 -9.8442e-05 0.00853884
19.4 0.00842085 0.000483155 0.0084347
19.41 0.00826612 0.00105009 0.00833255
19.42 0.00807307 0.00159782 0.00822967
19.43 0.00784623 0.00212441 0.00812874
19.44 0.00758611 0.00262783 0.00802836
19.45 0.00729579 0.0031062 0.0079295
19.46 0.00697617 0.00355803 0.00783112
19.47 0.00663075 0.00398132 0.0077342
19.48 0.00626024 0.00437465 0.00763729
19.49 0.00586906 0.00473652 0.00754191
19.5 0.00545785 0.0050672 0.00744746
19.51 0.00502974 0.00536306 0.0073526
19.52 0.00458847 0.00562624 0.00726008
19.53 0.00413511 0.00585487 0.00716789
19.54 0.00367279 0.00604943 0.00707707
19.55 0.00320302 0.00620878 0.00698629
19.56 0.00272984 0.00633313 0.00689642
19.57 0.00225494 0.00642232 0.00680668
19.58 0.0017819 0.00647824 0.00671884
19.59 0.00131068 0.0065006 0.00663142
19.6 0.000845948 0.00648881 0.00654372
19.61 0.000388799 0.00644617 0.00645789
19.62 -5.80838e-05 0.00637134 0.00637161
19.63 -0.000492617 0.00626751 0.00628684
19.64 -0.000913357 0.0061346 0.00620222
19.65 -0.00131754 0.00597517 0.0061187
19.66 -0.00170451 0.00579004 0.00603572
19.67 -0.00207262 0.00558199 0.00595435
19.68 -0.00242105 0.00535057 0.00587282
19.69 -0.00274631 0.00509898 0.00579153
19.7 -0.00305008 0.00482988 0.00571234
19.71 -0.00332949 0.00454366 0.00563297
19.72 -0.00358571 0.00424358 0.00555565
19.73 -0.00381675 0.0039295 0.00547801
19.74 -0.00402171 0.00360535 0.00540118
19.75 -0.00420092 0.00327226 0.00532498
19.76 -0.00435466 0.0029331 0.00525034
19.77 -0.00448216 0.00258807 0.0051757
19.78 -0.00458349 0.00224117 0.00510208
19.79 -0.00466044 0.00189254 0.00503005
19.8 -0.00471097 0.00154479 0.00495778
19.81 -0.00473814 0.00119926 0.00488755
19.82 -0.00473997 0.000857496 0.00481691
19.83 -0.004719 0.000522379 0.00474782
19.84 -0.00467582 0.000193803 0.00467984
19.85 -0.00461143 -0.000126597 0.00461317
19.86 -0.00452491 -0.00043776 0.00454603
19.87 -0.00441892 -0.000736792 0.00447992
19.88 -0.00429423 -0.00102423 0.00441468
19.89 -0.0041518 -0.00129714 0.00434971
19.9 -0.00399394 -0.0015571 0.00428673
19.91 -0.00381963 -0.00180104 0.00422295
19.92 -0.00363251 -0.00202866 0.0041606
19.93 -0.00343267 -0.00223984 0.00409879
19.94 -0.00322212 -0.00243358 0.00403787
19.95 -0.00300132 -0.00260916 0.00397689
19.96 -0.00277348 -0.00276658 0.00391742
19.97 -0.00253823 -0.00290628 0.00385863
19.98 -0.00229788 -0.00302686 0.00380028
19.99 -0.0020528 -0.00313017 0.00374325
20 -0.00180476 -0.00321291 0.0036851
20.01 -0.00155661 -0.00327803 0.00362885
20.02 -0.00130786 -0.00332515 0.00357311
20.03 -0.00106056 -0.00335453 0.00351819
20.04 -0.000814995 -0.00336584 0.00346311
20.05 -0.000573954 -0.00336022 0.00340888
20.06 -0.000337357 -0.0033379 0.0033549
20.07 -0.000107673 -0.00329997 0.00330173
20.08 0.000116312 -0.00324788 0.00324996
20.09 0.000331467 -0.00318017 0.0031974
20.1 0.0005382 -0.00310081 0.00314717
20.11 0.000736174 -0.0030081 0.00309687
20.12 0.000923624 -0.00290402 0.00304736
20.13 0.0011007 -0.00278871 0.00299808
20.14 0.00126599 -0.00266447 0.00294994
20.15 0.00142028 -0.00253127 0.0029025
20.16 0.00156272 -0.00239069 0.00285613
20.17 0.00169406 -0.00224235 0.00281034
20.18 0.0018109 -0.00208774 0.0027637
20.19 0.00191636 -0.00192946 0.00271942
20.2 0.00200874 -0.00176652 0.002675
20.21 0.00208883 -0.00160125 0.00263196
20.22 0.0021565 -0.00143295 0.00258918
20.23 0.00221137 -0.00126406 0.00254716
20.24 0.002254 -0.00109435 0.00250561
20.25 0.00228493 -0.000925586 0.00246528
20.26 0.00230421 -0.000757 0.00242537
20.27 0.00231111 -0.000591435 0.00238558
20.28 0.0023088 -0.000427876 0.00234811
20.29 0.00229452 -0.000267119 0.00231001
20.3 0.00227041 -0.000110293 0.00227309
20.31 0.00223549 4.25613e-05 0.0022359
20.32 0.00219128 0.000189211 0.00219944
20.33 0.00213832 0.00033077 0.00216375
20.34 0.00207735 0.000466475 0.00212908
20.35 0.00200731 0.000596357 0.00209402
20.36 0.00192969 0.000717749 0.00205885
20.37 0.00184608 0.000832782 0.00202522
20.38 0.00175553 0.000939087 0.00199093
20.39 0.00166049 0.00103812 0.00195829
20.4 0.00155941 0.00112897 0.00192518
20.41 0.00145475 0.00121069 0.00189263
20.42 0.00134599 0.00128443 0.0018605
20.43 0.00123437 0.00134921 0.00182867
20.44 0.00111962 0.00140488 0.00179645
20.45 0.00100423 0.00145089 0.00176452
20.46 0.000887648 0.00148948 0.00173392
20.47 0.000770432 0.00151802 0.00170233
20.48 0.000653613 0.00153896 0.00167201
20.49 0.000537076 0.00154995 0.00164037
20.5 0.000423921 0.00155266 0.00160949
20.51 0.000312376 0.00154825 0.00157945
20.52 0.000203878 0.00153632 0.00154979
20.53 9.78226e-05 0.00151681 0.00151996
20.54 -3.63124e-06 0.00149031 0.00149031
20.55 -0.000101638 0.00145797 0.00146151
20.56 -0.000194304 0.00141895 0.00143219
20.57 -0.000283065 0.00137585 0.00140467
20.58 -0.000366595 0.00132626 0.001376
20.59 -0.000444153 0.00127328 0.00134852
20.6 -0.000517427 0.00121589 0.00132141
20.61 -0.000584293 0.00115477 0.00129418
20.62 -0.000645497 0.00109014 0.00126691
20.63 -0.000700078 0.00102372 0.00124021
20.64 -0.000749615 0.000955426 0.0012144
20.65 -0.000792811 0.00088564 0.00118866
20.66 -0.000831725 0.000814644 0.00116422
20.67 -0.000863199 0.000742033 0.0011383
20.68 -0.000889442 0.000670837 0.00111406
20.69 -0.000911024 0.000599126 0.00109037
20.7 -0.000927176 0.000528316 0.00106713
20.71 -0.000938653 0.000457374 0.00104415
20.72 -0.000944808 0.000387952 0.00102136
20.73 -0.000946333 0.000319518 0.000998818
20.74 -0.000943067 0.000253379 0.000976512
20.75 -0.000936493 0.000188414 0.000955258
20.76 -0.000924264 0.000126085 0.000932825
20.77 -0.000909831 6.67007e-05 0.000912273
20.78 -0.000891393 8.84125e-06 0.000891437
20.79 -0.000869514 -4.53698e-05 0.000870697
20.8 -0.000844561 -9.72809e-05 0.000850145
20.81 -0.000817021 -0.000144951 0.00082978
20.82 -0.000787705 -0.000189898 0.000810272
20.83 -0.000756664 -0.000231646 0.000791328
20.84 -0.000723692 -0.000271386 0.000772904
20.85 -0.000687974 -0.000306377 0.00075311
20.86 -0.000652719 -0.000338336 0.000735196
20.87 -0.000615721 -0.0003672 0.000716902
20.88 -0.000578962 -0.000392464 0.000699446
20.89 -0.00054098 -0.000415633 0.000682209
20.9 -0.000503016 -0.00043439 0.000664621
20.91 -0.000465245 -0.000450592 0.000647677
20.92 -0.000428187 -0.000463605 0.000631089
20.93 -0.000391427 -0.00047452 0.00061513
20.94 -0.000355629 -0.000481566 0.000598647
20.95 -0.000321679 -0.000487884 0.000584387
20.96 -0.000287728 -0.000491438 0.000569472
20.97 -0.000255825 -0.000493321 0.000555709
20.98 -0.000223994 -0.000493587 0.000542035
20.99 -0.000194853 -0.000491434 0.000528653
21 -0.000166687 -0.000489205 0.000516823
21.01 -0.000139625 -0.000485969 0.000505629
21.02 -0.000112794 -0.000481619 0.000494651
21.03 -8.78696e-05 -0.000475221 0.000483276
21.04 -6.41538e-05 -0.00046928 0.000473645
21.05 -4.17585e-05 -0.000461801 0.000463685
21.06 -2.0512e-05 -0.000455228 0.00045569
21.07 1.0545e-06 -0.000447386 0.000447387
21.08 2.02672e-05 -0.000438962 0.00043943
21.09 3.95648e-05 -0.000430724 0.000432538
21.1 5.77555e-05 -0.00042216 0.000426092
21.11 7.58225e-05 -0.000413156 0.000420056
21.12 9.27422e-05 -0.000403873 0.000414384
21.13 0.000110172 -0.000394828 0.000409911
21.14 0.000126579 -0.000384507 0.000404806
21.15 0.000143324 -0.000374513 0.000401001
21.16 0.000159374 -0.000362481 0.00039597
21.17 0.000173543 -0.000351157 0.000391699
21.18 0.000188621 -0.000339382 0.000388275
21.19 0.000202746 -0.000327014 0.000384765
21.2 0.000216612 -0.000313435 0.000381001
21.21 0.000228888 -0.000299439 0.0003769
21.22 0.00024083 -0.000285411 0.000373442
21.23 0.00025145 -0.000271278 0.00036989
21.24 0.000263073 -0.000257025 0.00036779
21.25 0.000273 -0.000240918 0.000364103
21.26 0.000281802 -0.000225838 0.000361131
21.27 0.000290533 -0.0002095 0.000358189
21.28 0.000297631 -0.000193714 0.000355118
21.29 0.000304509 -0.000177152 0.000352291
21.3 0.000309969 -0.000160756 0.000349175
21.31 0.000315026 -0.0001442 0.000346461
21.32 0.000318655 -0.000127868 0.000343353
21.33 0.000322519 -0.000111192 0.000341149
21.34 0.000323948 -9.4664e-05 0.000337496
21.35 0.000325898 -7.9785e-05 0.000335522
21.36 0.000327619 -6.37043e-05 0.000333755
21.37 0.000328704 -4.8637e-05 0.000332283
21.38 0.000329337 -3.23218e-05 0.000330919
21.39 0.000328656 -1.70433e-05 0.000329098
21.4 0.000328069 -2.04036e-06 0.000328075
21.41 0.000327301 1.27304e-05 0.000327548
21.42 0.000326659 2.88356e-05 0.000327929
21.43 0.000323837 4.44067e-05 0.000326867
21.44 0.000321543 5.96837e-05 0.000327035
21.45 0.000317875 7.53267e-05 0.000326678
21.46 0.000314583 8.98671e-05 0.000327167
21.47 0.000310362 0.000105906 0.000327934
21.48 0.000305329 0.000120897 0.000328393
21.49 0.00029989 0.000136194 0.000329368
21.5 0.00029379 0.000151381 0.000330497
21.51 0.000286805 0.000167188 0.000331978
21.52 0.000278663 0.000181707 0.000332672
21.53 0.00027076 0.000197049 0.000334872
21.54 0.000261044 0.000212173 0.000336395
21.55 0.000251319 0.000227091 0.00033872
21.56 0.000239029 0.000242373 0.000340411
21.57 0.000226508 0.000255547 0.000341482
21.58 0.000213535 0.00026879 0.000343286
21.59 0.000199839 0.000281725 0.000345405
21.6 0.000184676 0.000294611 0.000347709
21.61 0.000168419 0.000305593 0.00034893
21.62 0.000151722 0.000316413 0.000350908
21.63 0.000134374 0.000325442 0.000352092
21.64 0.00011751 0.000334855 0.000354875
21.65 9.80316e-05 0.00034366 0.000357368
21.66 7.90524e-05 0.000350611 0.000359413
21.67 5.88581e-05 0.000357207 0.000362024
21.68 3.83733e-05 0.00036236 0.000364386
21.69 1.71214e-05 0.000366817 0.000367216
21.7 -4.49509e-06 0.000369458 0.000369486
21.71 -2.68099e-05 0.000371671 0.000372636
21.72 -4.93055e-05 0.000371627 0.000374884
21.73 -7.20576e-05 0.000371471 0.000378396
21.74 -9.62484e-05 0.000368661 0.000381018
21.75 -0.000118535 0.000364582 0.000383367
21.76 -0.000141983 0.00035978 0.000386783
21.77 -0.000165027 0.000353529 0.000390149
21.78 -0.000188948 0.000345968 0.000394202
21.79 -0.000212502 0.000335763 0.000397359
21.8 -0.000235709 0.000324245 0.000400866
21.81 -0.000257658 0.000310816 0.000403726
21.82 -0.000280198 0.000297028 0.000408333
21.83 -0.000302768 0.000279677 0.000412174
21.84 -0.000323258 0.000261042 0.000415498
21.85 -0.000343493 0.000239956 0.000419006
21.86 -0.000361198 0.00021775 0.000421757
21.87 -0.00037845 0.000194257 0.000425395
21.88 -0.000393958 0.000168608 0.000428523
21.89 -0.000407811 0.000141596 0.000431694
21.9 -0.000418948 0.000113228 0.00043398
21.91 -0.000429139 8.41204e-05 0.000437306
21.92 -0.000436389 5.29667e-05 0.000439592
21.93 -0.000441251 2.22641e-05 0.000441812
21.94 -0.000444317 -1.02165e-05 0.000444434
21.95 -0.000444194 -4.21488e-05 0.000446189
21.96 -0.000442379 -7.50704e-05 0.000448703
21.97 -0.00043682 -0.000108307 0.000450047
21.98 -0.000428417 -0.000140487 0.000450864
21.99 -0.000417153 -0.000171491 0.000451027
22 -0.000404731 -0.000201822 0.00045226
22.01 -0.000388764 -0.000231768 0.000452608
22.02 -0.00037075 -0.000259673 0.000452643
22.03 -0.000349958 -0.000286747 0.000452431
22.04 -0.000327464 -0.000310061 0.000450966
22.05 -0.000304519 -0.000332937 0.000451197
22.06 -0.000279064 -0.000354082 0.000450834
22.07 -0.000252238 -0.000373044 0.000450317
22.08 -0.00022353 -0.000389496 0.00044908
22.09 -0.000194724 -0.000403704 0.000448213
22.1 -0.000164387 -0.00041559 0.000446921
22.11 -0.000134264 -0.000425361 0.000446048
22.12 -0.000102378 -0.000433423 0.00044535
22.13 -7.09424e-05 -0.000437512 0.000443226
22.14 -3.94834e-05 -0.000440899 0.000442664
22.15 -7.53057e-06 -0.000440888 0.000440952
22.16 2.34127e-05 -0.000438838 0.000439462
22.17 5.43243e-05 -0.000434489 0.000437872
22.18 8.39365e-05 -0.000428543 0.000436685
22.19 0.000113846 -0.000420422 0.000435564
22.2 0.000142608 -0.000410588 0.000434649
22.21 0.000171483 -0.000398271 0.000433621
22.22 0.000197618 -0.000383529 0.000431448
22.23 0.000223596 -0.000368938 0.000431406
22.24 0.000248775 -0.000351474 0.000430608
22.25 0.000272814 -0.000332669 0.000430228
22.26 0.000295633 -0.000311198 0.000429235
22.27 0.000315621 -0.000288625 0.000427692
22.28 0.000334348 -0.000264901 0.000426569
22.29 0.000351588 -0.00024071 0.000426093
22.3 0.000367847 -0.000214113 0.000425624
22.31 0.000380623 -0.000186454 0.000423838
22.32 0.000392332 -0.000158712 0.000423218
22.33 0.000401073 -0.000129822 0.00042156
22.34 0.000408664 -0.000101418 0.000421061
22.35 0.000414436 -7.14603e-05 0.000420551
22.36 0.000417293 -4.16142e-05 0.000419363
22.37 0.000418339 -1.13891e-05 0.000418494
22.38 0.000417192 1.82781e-05 0.000417592
22.39 0.000413863 4.87087e-05 0.000416719
22.4 0.000407675 7.79135e-05 0.000415053
22.41 0.000400536 0.000106811 0.000414533
22.42 0.000390113 0.000135199 0.000412877
22.43 0.000378843 0.000162332 0.000412157
22.44 0.000364712 0.000189345 0.000410934
22.45 0.000348454 0.000213733 0.000408782
22.46 0.000331513 0.000237148 0.000407603
22.47 0.00031334 0.000259072 0.000406571
22.48 0.00029337 0.000280839 0.000406124
22.49 0.000271408 0.000300233 0.000404725
22.5 0.000248647 0.00031828 0.000403891
22.51 0.000224157 0.000333845 0.000402118
22.52 0.000200584 0.000348391 0.000402008
22.53 0.000174335 0.000362306 0.000402068
22.54 0.000147078 0.000373105 0.000401048
22.55 0.000119229 0.000382259 0.000400422
22.56 9.12302e-05 0.000388471 0.00039904
22.57 6.30324e-05 0.000393802 0.000398815
22.58 3.43786e-05 0.00039686 0.000398346
22.59 5.05765e-06 0.000398447 0.000398479
22.6 -2.47108e-05 0.000396601 0.000397371
22.61 -5.28342e-05 0.000393629 0.000397159
22.62 -8.22494e-05 0.000388644 0.000397252
22.63 -0.000110466 0.000381196 0.00039688
22.64 -0.000138884 0.00037237 0.000397426
22.65 -0.000166512 0.000360355 0.000396966
22.66 -0.000193476 0.000346923 0.000397226
22.67 -0.000219295 0.000330723 0.000396822
22.68 -0.000244192 0.000312645 0.000396707
22.69 -0.000267175 0.000291793 0.000395633
22.7 -0.000288094 0.000270513 0.00039519
22.71 -0.000308602 0.000246546 0.000394994
22.72 -0.000326025 0.000220944 0.000393838
22.73 -0.000341801 0.000193998 0.000393018
22.74 -0.000354232 0.000165447 0.000390964
22.75 -0.000364834 0.000137349 0.000389831
22.76 -0.000373433 0.000107929 0.000388717
22.77 -0.000380092 7.73878e-05 0.00038789
22.78 -0.000382992 4.5799e-05 0.00038572
22.79 -0.000383039 1.54927e-05 0.000383352
22.8 -0.000381159 -1.52768e-05 0.000381465
22.81 -0.000376589 -4.47823e-05 0.000379243
22.82 -0.000370508 -7.48577e-05 0.000377994
22.83 -0.000360143 -0.00010451 0.000375
22.84 -0.000347776 -0.000131552 0.000371825
22.85 -0.000333222 -0.000157326 0.000368494
22.86 -0.000317616 -0.000181546 0.00036584
22.87 -0.000299632 -0.000204713 0.000362887
22.88 -0.000280023 -0.000225659 0.000359632
22.89 -0.000258622 -0.000245204 0.000356385
22.9 -0.000236283 -0.000261191 0.000352208
22.91 -0.000213991 -0.000276626 0.000349734
22.92 -0.000189593 -0.00028987 0.000346367
22.93 -0.000165495 -0.000300696 0.000343229
22.94 -0.000139998 -0.000309949 0.0003401
22.95 -0.000114777 -0.000316697 0.000336855
22.96 -8.88975e-05 -0.000321545 0.000333607
22.97 -6.33699e-05 -0.000324114 0.00033025
22.98 -3.76141e-05 -0.000325072 0.000327241
22.99 -1.27946e-05 -0.00032315 0.000323403
23 1.17066e-05 -0.000321014 0.000321227
23.01 3.6571e-05 -0.000315753 0.000317863
23.02 5.93771e-05 -0.000308823 0.000314479
23.03 8.20633e-05 -0.000300515 0.000311518
23.04 0.000102778 -0.000290856 0.000308481
23.05 0.000123592 -0.000280332 0.000306367
23.06 0.000143599 -0.000267978 0.000304028
23.07 0.000162664 -0.000253739 0.000301402
23.08 0.000179197 -0.000237843 0.000297794
23.09 0.000194998 -0.000222617 0.000295943
23.1 0.000210095 -0.000205257 0.000293718
23.11 0.000223565 -0.000187236 0.000291614
23.12 0.000236007 -0.000167263 0.000289268
23.13 0.000244843 -0.00014686 0.00028551
23.14 0.000252766 -0.000126952 0.000282856
23.15 0.000259514 -0.000106842 0.000280646
23.16 0.000265183 -8.56601e-05 0.000278675
23.17 0.00026815 -6.37867e-05 0.000275632
23.18 0.000269636 -4.28487e-05 0.00027302
23.19 0.000269024 -2.17953e-05 0.000269906
23.2 0.00026776 -2.18696e-06 0.000267769
23.21 0.000265786 1.87221e-05 0.000266445
23.22 0.000260655 3.90444e-05 0.000263563
23.23 0.00025455 5.85485e-05 0.000261197
23.24 0.00024663 7.68528e-05 0.000258326
23.25 0.000237995 9.44385e-05 0.000256047
23.26 0.000227922 0.000111453 0.000253713
23.27 0.000216961 0.000127453 0.000251627
23.28 0.000203861 0.000142587 0.000248777
23.29 0.000190892 0.000155408 0.000246154
23.3 0.000177233 0.000168377 0.000244463
23.31 0.000162179 0.000179271 0.000241744
23.32 0.000147523 0.000189638 0.000240262
23.33 0.000131455 0.000198563 0.000238133
23.34 0.000115353 0.000206429 0.000236472
23.35 9.84666e-05 0.00021317 0.000234813
23.36 8.14276e-05 0.000218492 0.000233172
23.37 6.34545e-05 0.000222483 0.000231355
23.38 4.6608e-05 0.000224877 0.000229656
23.39 2.86835e-05 0.000227218 0.000229021
23.4 1.03814e-05 0.000226859 0.000227097
23.41 -7.13669e-06 0.000225778 0.00022589
23.42 -2.48867e-05 0.000222405 0.000223794
23.43 -4.11919e-05 0.00021845 0.0002223
23.44 -5.78204e-05 0.000213807 0.000221488
23.45 -7.44996e-05 0.000207634 0.000220595
23.46 -9.1086e-05 0.000199442 0.000219257
23.47 -0.000105379 0.000189848 0.000217134
23.48 -0.000119679 0.000180167 0.000216294
23.49 -0.000133073 0.000169019 0.000215118
23.5 -0.000146303 0.000157496 0.000214963
23.51 -0.000158857 0.000142827 0.000213624
23.52 -0.000168433 0.000127712 0.000211376
23.53 -0.000176769 0.000112466 0.000209513
23.54 -0.000184219 9.69621e-05 0.000208178
23.55 -0.000191087 8.03102e-05 0.000207277
23.56 -0.000195442 6.24898e-05 0.000205189
23.57 -0.000198104 4.44423e-05 0.000203028
23.58 -0.0001979 2.71173e-05 0.000199749
23.59 -0.000197643 1.13561e-05 0.000197969
23.6 -0.000196658 -6.0062e-06 0.00019675
23.61 -0.000193241 -2.28364e-05 0.000194586
23.62 -0.000187914 -3.94718e-05 0.000192015
23.63 -0.000180733 -5.43868e-05 0.000188739
23.64 -0.000173368 -6.79763e-05 0.000186218
23.65 -0.000165145 -8.13899e-05 0.000184112
23.66 -0.000155915 -9.49407e-05 0.000182547
23.67 -0.000143735 -0.000106843 0.000179096
23.68 -0.000131724 -0.000116171 0.000175633
23.69 -0.000119431 -0.000124843 0.00017277
23.7 -0.000107214 -0.000131665 0.000169796
23.71 -9.45098e-05 -0.000138867 0.000167977
23.72 -8.03141e-05 -0.000143961 0.000164848
23.73 -6.66148e-05 -0.000146863 0.000161265
23.74 -5.35453e-05 -0.00014857 0.000157925
23.75 -4.14519e-05 -0.000150173 0.000155789
23.76 -2.81992e-05 -0.000150907 0.000153519
23.77 -1.54765e-05 -0.000150467 0.000151261
23.78 -2.2949e-06 -0.000148724 0.000148741
23.79 9.17946e-06 -0.00014487 0.00014516
23.8 1.99665e-05 -0.000142075 0.000143471
23.81 3.11768e-05 -0.000137902 0.000141382
23.82 4.18168e-05 -0.000132748 0.000139179
23.83 5.20104e-05 -0.000126313 0.000136602
23.84 6.04627e-05 -0.000119269 0.000133719
23.85 6.8479e-05 -0.000111935 0.000131221
23.86 7.55614e-05 -0.000105001 0.000129363
23.87 8.32651e-05 -9.71599e-05 0.000127958
23.88 8.91063e-05 -8.79655e-05 0.000125211
23.89 9.42633e-05 -7.97232e-05 0.000123456
23.9 9.8619e-05 -7.0547e-05 0.000121254
23.91 0.000102288 -6.19981e-05 0.00011961
23.92 0.000106025 -5.27867e-05 0.000118438
23.93 0.000108266 -4.29173e-05 0.000116462
23.94 0.000109594 -3.29527e-05 0.000114441
23.95 0.000109684 -2.39124e-05 0.000112261
23.96 0.000109917 -1.4592e-05 0.000110881
23.97 0.000108719 -5.28205e-06 0.000108847
23.98 0.000107374 3.35262e-06 0.000107427
23.99 0.000104537 1.25247e-05 0.000105284
24 0.000101095 2.00066e-05 0.000103055
24.01 9.78074e-05 2.74203e-05 0.000101578
24.02 9.36273e-05 3.46363e-05 9.98286e-05
24.03 8.92083e-05 4.15827e-05 9.84238e-05
24.04 8.3884e-05 4.76243e-05 9.64603e-05
24.05 7.85384e-05 5.35842e-05 9.50765e-05
24.06 7.24633e-05 5.85117e-05 9.31373e-05
24.07 6.70046e-05 6.30024e-05 9.19724e-05
24.08 6.02926e-05 6.77251e-05 9.06746e-05
24.09 5.37107e-05 7.06852e-05 8.87763e-05
24.1 4.71518e-05 7.3654e-05 8.7454e-05
24.11 4.02014e-05 7.56358e-05 8.56559e-05
24.12 3.3913e-05 7.72475e-05 8.43639e-05
24.13 2.71716e-05 7.82528e-05 8.28359e-05
24.14 2.06468e-05 7.9183e-05 8.18306e-05
24.15 1.40087e-05 7.89442e-05 8.01775e-05
24.16 8.23089e-06 7.87107e-05 7.91399e-05
24.17 1.65484e-06 7.84791e-05 7.84965e-05
24.18 -4.05949e-06 7.71191e-05 7.72259e-05
24.19 -1.01676e-05 7.628e-05 7.69547e-05
24.2 -1.63716e-05 7.41827e-05 7.59678e-05
24.21 -2.17445e-05 7.19715e-05 7.51846e-05
24.22 -2.75535e-05 6.92055e-05 7.44889e-05
24.23 -3.29098e-05 6.62483e-05 7.39722e-05
24.24 -3.81266e-05 6.22527e-05 7.30002e-05
24.25 -4.26909e-05 5.8361e-05 7.23085e-05
24.26 -4.7506e-05 5.39224e-05 7.18641e-05
24.27 -5.09065e-05 4.88601e-05 7.05604e-05
24.28 -5.47146e-05 4.43647e-05 7.04409e-05
24.29 -5.78604e-05 3.86912e-05 6.96049e-05
24.3 -6.00888e-05 3.33807e-05 6.87382e-05
24.31 -6.24865e-05 2.75781e-05 6.83016e-05
24.32 -6.38857e-05 2.17714e-05 6.74935e-05
24.33 -6.49095e-05 1.54805e-05 6.67299e-05
24.34 -6.53801e-05 9.51655e-06 6.6069e-05
24.35 -6.54566e-05 3.02221e-06 6.55263e-05
24.36 -6.41032e-05 -3.32143e-06 6.41892e-05
24.37 -6.30276e-05 -9.05226e-06 6.36743e-05
24.38 -6.06545e-05 -1.52578e-05 6.25441e-05
24.39 -5.76735e-05 -2.03362e-05 6.11539e-05
24.4 -5.46763e-05 -2.54763e-05 6.03203e-05
24.41 -5.06e-05 -2.98499e-05 5.87484e-05
24.42 -4.64834e-05 -3.39019e-05 5.7533e-05
24.43 -4.21912e-05 -3.70978e-05 5.61813e-05
24.44 -3.76719e-05 -4.02606e-05 5.5137e-05
24.45 -3.26752e-05 -4.25929e-05 5.36826e-05
24.46 -2.84081e-05 -4.43958e-05 5.27069e-05
24.47 -2.31779e-05 -4.61479e-05 5.16414e-05
24.48 -1.84222e-05 -4.66527e-05 5.01583e-05
24.49 -1.3859e-05 -4.73296e-05 4.9317e-05
24.5 -8.78503e-06 -4.6967e-05 4.77815e-05
24.51 -4.35813e-06 -4.6382e-05 4.65863e-05
24.52 -5.44827e-08 -4.50419e-05 4.50419e-05
24.53 4.08656e-06 -4.36475e-05 4.38384e-05
24.54 7.90023e-06 -4.15693e-05 4.23134e-05
24.55 1.08113e-05 -3.94692e-05 4.09231e-05
24.56 1.4296e-05 -3.7337e-05 3.99803e-05
24.57 1.65493e-05 -3.45672e-05 3.83245e-05
24.58 1.88074e-05 -3.24713e-05 3.75247e-05
24.59 2.11329e-05 -2.9582e-05 3.63552e-05
24.6 2.2614e-05 -2.71602e-05 3.53422e-05
24.61 2.42675e-05 -2.43616e-05 3.4386e-05
24.62 2.57257e-05 -2.17217e-05 3.36696e-05
24.63 2.67963e-05 -1.8774e-05 3.27186e-05
24.64 2.74452e-05 -1.60618e-05 3.17997e-05
24.65 2.85155e-05 -1.32388e-05 3.14388e-05
24.66 2.8318e-05 -1.02663e-05 3.01215e-05
24.67 2.85566e-05 -7.94416e-06 2.9641e-05
24.68 2.84507e-05 -4.97732e-06 2.88828e-05
24.69 2.76473e-05 -2.86283e-06 2.77951e-05
24.7 2.72389e-05 -4.05818e-07 2.72419e-05
24.71 2.64672e-05 1.73031e-06 2.65237e-05
24.72 2.54289e-05 3.87735e-06 2.57228e-05
24.73 2.44185e-05 5.76954e-06 2.50908e-05
24.74 2.35918e-05 7.77952e-06 2.48414e-05
24.75 2.18544e-05 9.60984e-06 2.38739e-05
24.76 2.0869e-05 1.10622e-05 2.36196e-05
24.77 1.92472e-05 1.29552e-05 2.32011e-05
24.78 1.73392e-05 1.3888e-05 2.22154e-05
24.79 1.58422e-05 1.52389e-05 2.19818e-05
24.8 1.38299e-05 1.60083e-05 2.1155e-05
24.81 1.18205e-05 1.66111e-05 2.03876e-05
24.82 1.00815e-05 1.69885e-05 1.97546e-05
24.83 8.36082e-06 1.72882e-05 1.92037e-05
24.84 6.32215e-06 1.72604e-05 1.83818e-05
24.85 5.23686e-06 1.71472e-05 1.79291e-05
24.86 3.50375e-06 1.72434e-05 1.75958e-05
24.87 2.13332e-06 1.6627e-05 1.67633e-05
24.88 1.09128e-06 1.66674e-05 1.67031e-05
24.89 -3.80299e-07 1.60766e-05 1.60811e-05
24.9 -1.5936e-06 1.56306e-05 1.57116e-05
24.91 -2.67274e-06 1.51043e-05 1.53389e-05
24.92 -3.90658e-06 1.44632e-05 1.49815e-05
24.93 -5.20903e-06 1.36384e-05 1.45994e-05
24.94 -5.76376e-06 1.29129e-05 1.41408e-05
24.95 -7.0508e-06 1.21928e-05 1.40847e-05
24.96 -7.56561e-06 1.10681e-05 1.34068e-05
24.97 -8.02919e-06 1.06777e-05 1.33597e-05
24.98 -8.76466e-06 9.5781e-06 1.2983e-05
24.99 -9.06206e-06 8.96541e-06 1.27475e-05
25 -9.49011e-06 8.25463e-06 1.25778e-05
25.01 -1.00844e-05 7.3923e-06 1.25036e-05
25.02 -1.06584e-05 6.55417e-06 1.25123e-05
25.03 -1.08908e-05 5.73637e-06 1.23091e-05
25.04 -1.18378e-05 4.67766e-06 1.27284e-05
25.05 -1.18947e-05 3.44223e-06 1.23827e-05
25.06 -1.22295e-05 2.6319e-06 1.25095e-05
25.07 -1.25043e-05 9.96758e-07 1.25439e-05
25.08 -1.21688e-05 3.29303e-08 1.21688e-05
25.09 -1.19831e-05 -1.2206e-06 1.20451e-05
25.1 -1.16181e-05 -2.53058e-06 1.18905e-05
25.11 -1.10284e-05 -3.56743e-06 1.15911e-05
25.12 -1.03012e-05 -4.62512e-06 1.12919e-05
25.13 -9.99984e-06 -5.77237e-06 1.15463e-05
25.14 -8.89765e-06 -6.73463e-06 1.1159e-05
25.15 -8.36003e-06 -7.43897e-06 1.11905e-05
25.16 -7.52741e-06 -8.66076e-06 1.14748e-05
25.17 -6.31532e-06 -8.99757e-06 1.09927e-05
25.18 -5.38887e-06 -9.71389e-06 1.11085e-05
25.19 -4.13753e-06 -1.01981e-05 1.10055e-05
25.2 -2.76745e-06 -1.02013e-05 1.057e-05
25.21 -1.47685e-06 -1.0277e-05 1.03825e-05
25.22 -4.14691e-07 -1.01391e-05 1.01476e-05
25.23 1.09655e-06 -9.62789e-06 9.69013e-06
25.24 1.76749e-06 -9.06556e-06 9.23625e-06
25.25 2.73979e-06 -8.67662e-06 9.09891e-06
25.26 3.53558e-06 -7.56312e-06 8.34872e-06
25.27 3.88765e-06 -7.07954e-06 8.07674e-06
25.28 4.47252e-06 -6.25277e-06 7.68769e-06
25.29 4.8912e-06 -5.26336e-06 7.18518e-06
25.3 5.18067e-06 -4.62934e-06 6.94768e-06
25.31 5.39356e-06 -3.78367e-06 6.58838e-06
25.32 5.89259e-06 -2.85389e-06 6.54731e-06
25.33 5.6585e-06 -2.16036e-06 6.05688e-06
25.34 5.93752e-06 -1.50601e-06 6.12554e-06
25.35 5.81665e-06 -5.0252e-07 5.83831e-06
25.36 5.44867e-06 -2.47876e-07 5.4543e-06
25.37 5.31558e-06 4.75897e-07 5.33684e-06
25.38 4.85746e-06 9.83102e-07 4.95595e-06
25.39 4.42815e-06 1.10383e-06 4.56365e-06
25.4 4.00503e-06 1.52759e-06 4.28647e-06
25.41 3.82675e-06 1.76914e-06 4.21591e-06
25.42 3.20855e-06 1.78443e-06 3.67138e-06
25.43 3.2753e-06 1.98065e-06 3.82761e-06
25.44 2.91111e-06 2.28469e-06 3.70059e-06
25.45 2.60585e-06 2.04761e-06 3.31409e-06
25.46 2.53054e-06 2.48024e-06 3.54333e-06
25.47 2.05941e-06 2.49447e-06 3.23474e-06
25.48 1.74168e-06 2.39501e-06 2.96134e-06
25.49 1.33602e-06 2.70692e-06 3.01867e-06
25.5 1.00762e-06 2.62056e-06 2.8076e-06
25.51 4.01027e-07 2.51775e-06 2.54949e-06
25.52 3.69173e-07 2.64219e-06 2.66786e-06
25.53 -1.06363e-07 2.58834e-06 2.59052e-06
25.54 -2.39076e-07 2.25913e-06 2.27175e-06
25.55 -2.02704e-07 2.52508e-06 2.53321e-06
25.56 -4.58343e-07 2.20676e-06 2.25386e-06
25.57 -4.15902e-07 2.0462e-06 2.08804e-06
25.58 -5.53296e-07 2.21315e-06 2.28126e-06
25.59 -6.92089e-07 1.8529e-06 1.97793e-06
25.6 -1.01862e-06 1.75342e-06 2.02782e-06
25.61 -9.96933e-07 1.75582e-06 2.01911e-06
25.62 -1.44288e-06 1.4234e-06 2.02682e-06
25.63 -1.42642e-06 1.13512e-06 1.82296e-06
25.64 -1.4182e-06 1.19291e-06 1.85319e-06
25.65 -1.52719e-06 6.56471e-07 1.66231e-06
25.66 -1.21326e-06 5.17591e-07 1.31905e-06
25.67 -1.0957e-06 5.11274e-07 1.20911e-06
25.68 -8.74834e-07 5.71331e-08 8.76698e-07
25.69 -7.72246e-07 1.22028e-07 7.81828e-07
25.7 -5.01426e-07 1.2825e-07 5.17568e-07
25.71 -7.35968e-07 -1.00132e-07 7.42749e-07
25.72 -5.7576e-07 1.00781e-09 5.7576e-07
25.73 -6.96297e-07 1.47879e-07 7.11827e-07
25.74 -8.65267e-07 -1.48966e-07 8.77996e-07
25.75 -6.91831e-07 6.42528e-08 6.94808e-07
25.76 -7.85402e-07 7.86684e-08 7.89332e-07
25.77 -6.29651e-07 -2.11573e-07 6.64247e-07
25.78 -5.5742e-07 9.08625e-09 5.57494e-07
25.79 -3.15876e-07 -1.13059e-07 3.355e-07
25.8 -4.65314e-07 -3.232e-07 5.66547e-07
25.81 -2.22899e-07 -2.04457e-07 3.02468e-07
25.82 -3.85769e-07 -3.20453e-07 5.01506e-07
25.83 -5.59161e-07 -6.45221e-07 8.53798e-07
25.84 -5.22316e-07 -4.9851e-07 7.22029e-07
25.85 -8.32286e-07 -7.92487e-07 1.14923e-06
25.86 -8.05633e-07 -1.13591e-06 1.3926e-06
25.87 -8.67785e-07 -1.03733e-06 1.35244e-06
25.88 -7.1838e-07 -1.4558e-06 1.6234e-06
25.89 -7.60176e-07 -1.66765e-06 1.83274e-06
25.9 -4.00702e-07 -1.603e-06 1.65232e-06
25.91 -4.15625e-07 -1.86403e-06 1.9098e-06
25.92 -3.1996e-07 -1.95644e-06 1.98243e-06
25.93 -1.38758e-07 -1.67743e-06 1.68316e-06
25.94 -3.31579e-07 -1.83755e-06 1.86723e-06
25.95 -2.28747e-07 -1.70204e-06 1.71734e-06
25.96 -3.48027e-07 -1.25801e-06 1.30527e-06
25.97 -3.21097e-07 -1.34686e-06 1.3846e-06
25.98 -4.15433e-07 -9.49263e-07 1.03619e-06
25.99 -1.65559e-07 -5.18228e-07 5.44032e-07
26 -2.27962e-07 -4.45158e-07 5.00132e-07
