0 2.40604e-05 2.15409e-05 3.22941e-05
0.01 4.80793e-05 4.24637e-05 6.41466e-05
0.02 7.13761e-05 6.33726e-05 9.54497e-05
0.03 9.47907e-05 8.4076e-05 0.000126705
0.04 0.000117321 0.000103985 0.000156771
0.05 0.000139185 0.000123228 0.000185897
0.06 0.000160897 0.00014223 0.000214749
0.07 0.000181365 0.000160394 0.000242115
0.08 0.000201132 0.000177261 0.000268096
0.09 0.0002199 0.000193419 0.00029286
0.1 0.000237301 0.000208639 0.000315978
0.11 0.000253844 0.000222149 0.000337323
0.12 0.000268587 0.00023453 0.000356572
0.13 0.000282675 0.000245913 0.000374671
0.14 0.000295266 0.00025572 0.000390608
0.15 0.00030626 0.000263881 0.000404263
0.16 0.000316347 0.000270809 0.000416429
0.17 0.000324482 0.000276245 0.000426145
0.18 0.000331063 0.000279512 0.000433278
0.19 0.00033611 0.000281238 0.000438252
0.2 0.000339297 0.000281599 0.000440931
0.21 0.000341226 0.000279806 0.000441278
0.22 0.000341154 0.000276282 0.000438997
0.23 0.000339807 0.000271421 0.0004349
0.24 0.000336976 0.000264674 0.000428491
0.25 0.00033189 0.000255908 0.000419094
0.26 0.000325812 0.000245518 0.000407961
0.27 0.000317769 0.000233703 0.000394454
0.28 0.000308239 0.00021978 0.000378569
0.29 0.000297494 0.000204294 0.000360887
0.3 0.000285268 0.000187797 0.000341534
0.31 0.000272134 0.000169604 0.000320659
0.32 0.000257385 0.000149823 0.000297815
0.33 0.000241557 0.000129161 0.00027392
0.34 0.000224883 0.000107242 0.000249145
0.35 0.00020638 8.39572e-05 0.000222804
0.36 0.0001874 5.97357e-05 0.00019669
0.37 0.000167416 3.51604e-05 0.000171069
0.38 0.000146423 9.66721e-06 0.000146742
0.39 0.000124956 -1.64945e-05 0.00012604
0.4 0.000102538 -4.24965e-05 0.000110996
0.41 7.98518e-05 -6.88692e-05 0.000105448
0.42 5.62425e-05 -9.56673e-05 0.000110975
0.43 3.21992e-05 -0.000122113 0.000126287
0.44 8.35954e-06 -0.000148153 0.000148388
0.45 -1.61775e-05 -0.000173933 0.000174684
0.46 -4.03871e-05 -0.000199133 0.000203187
0.47 -6.41811e-05 -0.000223054 0.000232105
0.48 -8.81146e-05 -0.000246071 0.000261371
0.49 -0.000111356 -0.000268391 0.000290575
0.5 -0.000134542 -0.000288984 0.000318768
0.51 -0.000156828 -0.000308178 0.000345788
0.52 -0.000178768 -0.000326139 0.00037192
0.53 -0.000200108 -0.000342152 0.000396373
0.54 -0.000219983 -0.000356023 0.000418503
0.55 -0.000239375 -0.000367928 0.000438943
0.56 -0.000257712 -0.000377939 0.000457442
0.57 -0.000274569 -0.000385402 0.000473205
0.58 -0.000290781 -0.000390518 0.000486886
0.59 -0.000305514 -0.000393848 0.000498453
0.6 -0.000319213 -0.000394399 0.000507393
0.61 -0.000331211 -0.000392248 0.00051338
0.62 -0.000341732 -0.000387916 0.000516972
0.63 -0.000351081 -0.000380809 0.00051795
0.64 -0.000358113 -0.000370988 0.000515632
0.65 -0.000363973 -0.000358571 0.00051093
0.66 -0.000368406 -0.000344061 0.000504085
0.67 -0.000370819 -0.000326941 0.000494365
0.68 -0.000371876 -0.000307183 0.000482342
0.69 -0.000371163 -0.000285614 0.000468335
0.7 -0.000368839 -0.00026165 0.00045222
0.71 -0.000364656 -0.00023512 0.000433885
0.72 -0.000358654 -0.000207045 0.000414126
0.73 -0.000351722 -0.000177063 0.000393776
0.74 -0.000342607 -0.000145455 0.000372205
0.75 -0.000332191 -0.000112293 0.000350658
0.76 -0.00032076 -7.82059e-05 0.000330156
0.77 -0.000307351 -4.30098e-05 0.000310346
0.78 -0.000292714 -6.41873e-06 0.000292785
0.79 -0.000276593 3.05177e-05 0.000278271
0.8 -0.000259341 6.79245e-05 0.000268089
0.81 -0.0002407 0.000106042 0.000263023
0.82 -0.000220684 0.000143817 0.00026341
0.83 -0.00020023 0.000181346 0.000270145
0.84 -0.000178324 0.00021847 0.000282008
0.85 -0.000155228 0.00025511 0.000298625
0.86 -0.00013183 0.000290847 0.000319329
0.87 -0.000107119 0.000325315 0.000342497
0.88 -8.17711e-05 0.000359077 0.00036827
0.89 -5.58106e-05 0.000390977 0.00039494
0.9 -2.95762e-05 0.000420875 0.000421913
0.91 -2.91039e-06 0.000449148 0.000449158
0.92 2.43373e-05 0.000474994 0.000475617
0.93 5.12032e-05 0.000498447 0.00050107
0.94 7.82907e-05 0.000519473 0.00052534
0.95 0.000105917 0.00053797 0.000548298
0.96 0.000132682 0.000553809 0.000569481
0.97 0.000159567 0.00056624 0.000588293
0.98 0.000186121 0.000576065 0.000605386
0.99 0.000212215 0.00058253 0.00061998
1 0.000237584 0.000585323 0.000631704
1.01 0.000262349 0.000585305 0.000641412
1.02 0.000286928 0.000581792 0.000648698
1.03 0.000310259 0.000575076 0.000653432
1.04 0.000332687 0.000565042 0.000655708
1.05 0.000354778 0.000551699 0.000655926
1.06 0.000375237 0.000535201 0.000653639
1.07 0.000394459 0.000514931 0.000648653
1.08 0.000412639 0.000491637 0.000641855
1.09 0.000429416 0.000465427 0.000633262
1.1 0.000444596 0.000435687 0.000622486
1.11 0.000458111 0.000403682 0.000610594
1.12 0.000470567 0.000368739 0.000597831
1.13 0.000481011 0.000331254 0.000584038
1.14 0.000489328 0.000291308 0.000569475
1.15 0.000496546 0.000248834 0.000555406
1.16 0.000501577 0.000204582 0.000541695
1.17 0.000504562 0.000158133 0.000528761
1.18 0.000505881 0.000110195 0.000517744
1.19 0.000505448 6.13446e-05 0.000509157
1.2 0.000502849 1.0916e-05 0.000502967
1.21 0.000498013 -3.99635e-05 0.000499614
1.22 0.00049159 -9.16553e-05 0.000500061
1.23 0.000482981 -0.000143919 0.000503968
1.24 0.000471697 -0.00019613 0.000510848
1.25 0.000458924 -0.00024863 0.000521946
1.26 0.000443927 -0.000300247 0.000535929
1.27 0.000426464 -0.000351362 0.000552564
1.28 0.000406977 -0.000401565 0.000571738
1.29 0.000385624 -0.00045022 0.000592793
1.3 0.000361972 -0.000497868 0.000615546
1.31 0.000336018 -0.00054371 0.000639163
1.32 0.000308419 -0.000587639 0.000663657
1.33 0.000279089 -0.00062969 0.000688767
1.34 0.000247269 -0.000668738 0.000712989
1.35 0.00021415 -0.000705556 0.000737339
1.36 0.000179535 -0.000738998 0.000760494
1.37 0.000142973 -0.000769299 0.000782472
1.38 0.000104903 -0.000796549 0.000803427
1.39 6.58702e-05 -0.000819984 0.000822625
1.4 2.54711e-05 -0.000840144 0.00084053
1.41 -1.63367e-05 -0.000856283 0.000856439
1.42 -5.89051e-05 -0.000868304 0.0008703
1.43 -0.000101987 -0.000876521 0.000882435
1.44 -0.000146347 -0.000879833 0.000891922
1.45 -0.000191102 -0.000879197 0.000899726
1.46 -0.000235848 -0.000874171 0.000905428
1.47 -0.000281041 -0.000864477 0.000909013
1.48 -0.000326499 -0.000850796 0.000911293
1.49 -0.000371315 -0.000832215 0.000911294
1.5 -0.000415823 -0.000809445 0.000910006
1.51 -0.000460084 -0.000781849 0.000907175
1.52 -0.000503527 -0.000749487 0.000902923
1.53 -0.000545639 -0.00071319 0.000897977
1.54 -0.000586953 -0.000672011 0.000892252
1.55 -0.00062697 -0.000626831 0.000886571
1.56 -0.00066501 -0.000577886 0.000881017
1.57 -0.000701223 -0.000524587 0.000875731
1.58 -0.000735928 -0.000467772 0.00087201
1.59 -0.000768016 -0.000407 0.000869193
1.6 -0.000797667 -0.000342986 0.000868281
1.61 -0.000825036 -0.000275786 0.000869909
1.62 -0.000849582 -0.000205309 0.000874037
1.63 -0.000870788 -0.000133128 0.000880906
1.64 -0.000888909 -5.82003e-05 0.000890812
1.65 -0.000903869 1.8629e-05 0.000904061
1.66 -0.000915047 9.67192e-05 0.000920145
1.67 -0.000922332 0.000176484 0.000939065
1.68 -0.000926304 0.000257175 0.000961342
1.69 -0.000926039 0.000338527 0.000985976
1.7 -0.000921355 0.000419943 0.00101254
1.71 -0.000912658 0.000500962 0.00104111
1.72 -0.000899448 0.000581996 0.00107132
1.73 -0.000881564 0.000661237 0.00110199
1.74 -0.000858999 0.00073954 0.00113349
1.75 -0.000832102 0.000816477 0.00116577
1.76 -0.000800549 0.000890907 0.00119775
1.77 -0.000763958 0.000962958 0.00122919
1.78 -0.000723124 0.0010322 0.0012603
1.79 -0.00067752 0.00109799 0.0012902
1.8 -0.000626914 0.00115992 0.0013185
1.81 -0.000572017 0.00121735 0.00134505
1.82 -0.000512586 0.00127106 0.00137053
1.83 -0.000448877 0.00131926 0.00139353
1.84 -0.000380936 0.00136229 0.00141455
1.85 -0.000309047 0.0014004 0.00143409
1.86 -0.000233611 0.00143223 0.00145116
1.87 -0.000153934 0.00145788 0.00146598
1.88 -7.11988e-05 0.00147727 0.00147899
1.89 1.47256e-05 0.00149014 0.00149022
1.9 0.000103771 0.00149614 0.00149974
1.91 0.000195001 0.00149488 0.00150755
1.92 0.00028841 0.00148726 0.00151497
1.93 0.000383486 0.00147206 0.00152119
1.94 0.000479822 0.00144912 0.00152649
1.95 0.000577407 0.00141927 0.00153223
1.96 0.000675042 0.0013817 0.00153778
1.97 0.000773202 0.00133621 0.0015438
1.98 0.000870698 0.00128345 0.00155092
1.99 0.000966922 0.00122334 0.00155932
2 0.00106193 0.00115589 0.00156964
2.01 0.00115441 0.00108073 0.00158134
2.02 0.00124457 0.00099916 0.00159602
2.03 0.00133163 0.000910574 0.00161319
2.04 0.00141487 0.00081491 0.00163277
2.05 0.00149443 0.000713359 0.00165596
2.06 0.00156882 0.000606061 0.00168182
2.07 0.00163799 0.000492793 0.00171051
2.08 0.00170136 0.000374534 0.0017421
2.09 0.00175795 0.000251799 0.00177589
2.1 0.00180815 0.000124821 0.00181245
2.11 0.00185051 -6.39956e-06 0.00185052
2.12 0.00188552 -0.000140403 0.00189074
2.13 0.00191239 -0.000276975 0.00193234
2.14 0.00193018 -0.000416078 0.00197452
2.15 0.00193926 -0.000556541 0.00201754
2.16 0.00193877 -0.000697451 0.00206041
2.17 0.00192828 -0.000839006 0.0021029
2.18 0.00190815 -0.000980186 0.00214518
2.19 0.00187752 -0.00112 0.00218621
2.2 0.00183719 -0.00125793 0.00222658
2.21 0.00178589 -0.00139376 0.00226539
2.22 0.00172426 -0.00152611 0.00230262
2.23 0.00165238 -0.00165431 0.00233818
2.24 0.0015692 -0.00177812 0.00237152
2.25 0.00147583 -0.0018968 0.00240331
2.26 0.00137224 -0.00200895 0.00243288
2.27 0.0012583 -0.00211464 0.00246069
2.28 0.00113482 -0.00221316 0.00248715
2.29 0.00100165 -0.00230337 0.00251173
2.3 0.000859884 -0.00238484 0.00253512
2.31 0.000708987 -0.00245741 0.00255764
2.32 0.000549734 -0.00252007 0.00257933
2.33 0.000383518 -0.0025724 0.00260083
2.34 0.000209688 -0.00261385 0.00262225
2.35 2.97245e-05 -0.00264446 0.00264463
2.36 -0.000155252 -0.00266295 0.00266747
2.37 -0.000345195 -0.00266931 0.00269154
2.38 -0.000538837 -0.00266359 0.00271755
2.39 -0.000735791 -0.00264492 0.00274535
2.4 -0.000934393 -0.00261327 0.0027753
2.41 -0.00113456 -0.00256875 0.00280815
2.42 -0.00133524 -0.00251082 0.00284378
2.43 -0.00153433 -0.00243967 0.00288204
2.44 -0.0017318 -0.00235479 0.00292303
2.45 -0.00192666 -0.00225677 0.00296733
2.46 -0.00211691 -0.00214546 0.00301402
2.47 -0.00230243 -0.00202072 0.00306342
2.48 -0.00248187 -0.00188367 0.00311575
2.49 -0.00265449 -0.00173385 0.00317057
2.5 -0.00281828 -0.001572 0.00322705
2.51 -0.0029729 -0.00139853 0.00328543
2.52 -0.00311751 -0.00121356 0.00334538
2.53 -0.00325006 -0.00101821 0.00340583
2.54 -0.00337017 -0.000812637 0.00346676
2.55 -0.00347758 -0.000597697 0.00352857
2.56 -0.00357031 -0.000374649 0.00358992
2.57 -0.00364805 -0.00014345 0.00365087
2.58 -0.00370999 9.41787e-05 0.00371119
2.59 -0.00375564 0.000338124 0.00377083
2.6 -0.00378353 0.000587048 0.0038288
2.61 -0.00379359 0.000839861 0.00388544
2.62 -0.00378576 0.00109609 0.00394124
2.63 -0.00375893 0.00135374 0.00399526
2.64 -0.00371268 0.00161195 0.00404751
2.65 -0.00364771 0.00186994 0.00409908
2.66 -0.00356293 0.00212563 0.00414883
2.67 -0.00345828 0.00237868 0.00419736
2.68 -0.00333399 0.00262726 0.00424476
2.69 -0.00319042 0.00287054 0.00429171
2.7 -0.00302712 0.00310706 0.00433789
2.71 -0.0028447 0.00333491 0.00438337
2.72 -0.0026439 0.00355396 0.00442954
2.73 -0.00242501 0.00376182 0.00447571
2.74 -0.00218807 0.00395739 0.00452201
2.75 -0.0019347 0.00414037 0.00457009
2.76 -0.00166535 0.00430862 0.00461926
2.77 -0.00138064 0.00446156 0.0046703
2.78 -0.00108187 0.00459769 0.00472326
2.79 -0.000770496 0.00471625 0.00477878
2.8 -0.00044707 0.004816 0.00483671
2.81 -0.000113192 0.00489525 0.00489656
2.82 0.000229891 0.00495428 0.00495961
2.83 0.000580501 0.00499185 0.00502549
2.84 0.000937624 0.0050064 0.00509344
2.85 0.00129949 0.0049988 0.00516494
2.86 0.00166408 0.0049674 0.00523872
2.87 0.00203039 0.00491194 0.00531504
2.88 0.00239646 0.00483169 0.00539336
2.89 0.00276031 0.00472686 0.0054738
2.9 0.00312065 0.00459721 0.00555633
2.91 0.00347523 0.00444198 0.00563989
2.92 0.00382245 0.00426223 0.00572518
2.93 0.00416036 0.00405829 0.00581191
2.94 0.00448686 0.00382908 0.00589862
2.95 0.00480081 0.00357633 0.00598648
2.96 0.00509961 0.00330002 0.00607422
2.97 0.00538212 0.00300076 0.00616213
2.98 0.00564637 0.00267909 0.00624972
2.99 0.00589047 0.00233656 0.00633697
3 0.00611315 0.00197422 0.00642403
3.01 0.00631229 0.00159259 0.00651009
3.02 0.00648666 0.00119333 0.00659551
3.03 0.00663523 0.00077848 0.00668074
3.04 0.00675577 0.000348126 0.00676473
3.05 0.00684811 -9.52692e-05 0.00684877
3.06 0.00691049 -0.000549879 0.00693233
3.07 0.006942 -0.00101404 0.00701567
3.08 0.00694179 -0.00148613 0.00709909
3.09 0.00690869 -0.00196362 0.00718232
3.1 0.00684283 -0.00244443 0.00726634
3.11 0.00674286 -0.00292689 0.0073507
3.12 0.00660872 -0.00340891 0.00743612
3.13 0.00644105 -0.00388734 0.0075232
3.14 0.00623843 -0.00436081 0.00761148
3.15 0.00600179 -0.00482675 0.00770188
3.16 0.00573122 -0.00528243 0.00779429
3.17 0.00542693 -0.0057255 0.00788879
3.18 0.00508964 -0.00615415 0.00798611
3.19 0.00471983 -0.00656546 0.00808592
3.2 0.00431935 -0.00695727 0.00818905
3.21 0.00388867 -0.00732722 0.00829517
3.22 0.00342861 -0.00767326 0.00840442
3.23 0.00294214 -0.00799269 0.008517
3.24 0.00242922 -0.0082834 0.00863225
3.25 0.00189211 -0.00854364 0.00875065
3.26 0.00133291 -0.0087711 0.00887181
3.27 0.000753659 -0.00896375 0.00899538
3.28 0.000156443 -0.0091203 0.00912164
3.29 -0.000456575 -0.00923858 0.00924985
3.3 -0.00108233 -0.00931728 0.00937994
3.31 -0.0017185 -0.00935503 0.00951157
3.32 -0.00236364 -0.00935034 0.00964446
3.33 -0.00301321 -0.0093028 0.00977862
3.34 -0.00366549 -0.00921077 0.00991333
3.35 -0.00431753 -0.00907412 0.0100489
3.36 -0.00496584 -0.00889218 0.0101848
3.37 -0.0056072 -0.0086644 0.0103205
3.38 -0.0062389 -0.008391 0.0104562
3.39 -0.00685797 -0.0080717 0.0105917
3.4 -0.00746093 -0.00770706 0.0107268
3.41 -0.00804445 -0.00729794 0.0108615
3.42 -0.00860664 -0.00684409 0.0109962
3.43 -0.00914302 -0.00634778 0.0111305
3.44 -0.00965086 -0.00580933 0.0112644
3.45 -0.0101276 -0.00523021 0.0113984
3.46 -0.01057 -0.00461241 0.0115326
3.47 -0.0109751 -0.00395758 0.0116669
3.48 -0.0113406 -0.00326817 0.0118021
3.49 -0.0116639 -0.00254608 0.0119385
3.5 -0.0119425 -0.00179411 0.0120765
3.51 -0.0121734 -0.00101561 0.0122157
3.52 -0.0123555 -0.000211981 0.0123573
3.53 -0.012486 0.000612461 0.012501
3.54 -0.012563 0.00145463 0.012647
3.55 -0.0125853 0.00231172 0.0127958
3.56 -0.0125516 0.00317952 0.0129481
3.57 -0.0124602 0.00405447 0.0131032
3.58 -0.0123105 0.00493245 0.0132619
3.59 -0.0121016 0.00581003 0.0134241
3.6 -0.0118332 0.00668331 0.0135901
3.61 -0.0115047 0.00754698 0.0137592
3.62 -0.0111164 0.00839867 0.0139324
3.63 -0.0106688 0.00923313 0.0141093
3.64 -0.0101622 0.0100458 0.0142894
3.65 -0.00959747 0.0108329 0.0144728
3.66 -0.00897614 0.0115902 0.0146596
3.67 -0.00829915 0.0123132 0.0148489
3.68 -0.00756847 0.0129979 0.0150409
3.69 -0.00678606 0.0136404 0.0152352
3.7 -0.00595389 0.0142373 0.0154321
3.71 -0.00507531 0.0147833 0.0156303
3.72 -0.00415222 0.015276 0.0158303
3.73 -0.00318821 0.0157116 0.0160318
3.74 -0.00218672 0.0160859 0.0162339
3.75 -0.00115091 0.0163965 0.0164369
3.76 -8.48978e-05 0.0166408 0.016641
3.77 0.00100729 0.0168156 0.0168457
3.78 0.00212135 0.0169186 0.0170511
3.79 0.00325253 0.0169476 0.0172569
3.8 0.00439722 0.0169013 0.0174639
3.81 0.005549 0.016777 0.0176708
3.82 0.00670423 0.016574 0.0178786
3.83 0.00785764 0.0162917 0.0180876
3.84 0.00900336 0.0159292 0.0182975
3.85 0.0101365 0.0154862 0.0185087
3.86 0.0112518 0.0149635 0.0187219
3.87 0.0123437 0.014361 0.0189369
3.88 0.0134068 0.0136798 0.0191541
3.89 0.0144354 0.0129208 0.0193734
3.9 0.0154253 0.0120862 0.0195963
3.91 0.0163697 0.0111777 0.0198219
3.92 0.0172637 0.0101977 0.0200507
3.93 0.018103 0.00914936 0.0202837
3.94 0.0188813 0.00803591 0.0205203
3.95 0.0195942 0.00686039 0.0207604
3.96 0.0202371 0.00562716 0.0210049
3.97 0.0208056 0.00434013 0.0212534
3.98 0.0212954 0.00300394 0.0215062
3.99 0.0217017 0.00162364 0.0217624
4 0.0220224 0.000204103 0.0220233
4.01 0.0222525 -0.00124875 0.0222876
4.02 0.0223892 -0.00272927 0.0225549
4.03 0.0224304 -0.00423191 0.0228261
4.04 0.0223734 -0.00574992 0.0231005
4.05 0.0222159 -0.00727717 0.0233774
4.06 0.0219571 -0.00880707 0.0236575
4.07 0.0215953 -0.0103327 0.02394
4.08 0.0211302 -0.0118475 0.0242249
4.09 0.0205604 -0.0133435 0.0245108
4.1 0.0198873 -0.0148152 0.024799
4.11 0.0191109 -0.0162544 0.0250885
4.12 0.0182321 -0.017654 0.0253786
4.13 0.0172532 -0.0190078 0.0256704
4.14 0.0161763 -0.0203082 0.0259633
4.15 0.0150033 -0.021548 0.0262567
4.16 0.0137377 -0.022721 0.0265513
4.17 0.0123829 -0.0238203 0.0268466
4.18 0.010943 -0.0248401 0.0271437
4.19 0.00942226 -0.0257727 0.0274411
4.2 0.00782594 -0.0266139 0.0277407
4.21 0.00615969 -0.0273574 0.0280423
4.22 0.00442907 -0.0279969 0.0283451
4.23 0.00264033 -0.0285285 0.0286504
4.24 0.000800308 -0.0289474 0.0289585
4.25 -0.00108426 -0.0292488 0.0292689
4.26 -0.00300603 -0.0294296 0.0295827
4.27 -0.00495715 -0.0294858 0.0298996
4.28 -0.00692988 -0.0294156 0.0302209
4.29 -0.00891552 -0.0292151 0.0305451
4.3 -0.010906 -0.0288833 0.0308737
4.31 -0.0128927 -0.0284193 0.031207
4.32 -0.0148663 -0.0278213 0.0315441
4.33 -0.0168184 -0.0270897 0.0318859
4.34 -0.01874 -0.0262255 0.032233
4.35 -0.0206215 -0.0252288 0.0325843
4.36 -0.0224541 -0.0241017 0.0329405
4.37 -0.0242284 -0.0228459 0.0333009
4.38 -0.0259359 -0.021465 0.0336663
4.39 -0.0275671 -0.0199613 0.0340352
4.4 -0.0291134 -0.0183393 0.0344082
4.41 -0.0305672 -0.0166041 0.0347858
4.42 -0.0319189 -0.0147605 0.0351666
4.43 -0.0331609 -0.0128141 0.0355507
4.44 -0.0342863 -0.0107718 0.0359386
4.45 -0.0352866 -0.00863985 0.0363289
4.46 -0.0361557 -0.00642587 0.0367223
4.47 -0.0368865 -0.00413759 0.0371178
4.48 -0.0374741 -0.00178373 0.0375166
4.49 -0.037912 0.000626849 0.0379172
4.5 -0.0381953 0.003085 0.0383197
4.51 -0.0383206 0.0055809 0.0387248
4.52 -0.0382833 0.00810456 0.0391317
4.53 -0.03808 0.0106459 0.0395401
4.54 -0.0377096 0.0131943 0.0399513
4.55 -0.0371692 0.0157388 0.0403641
4.56 -0.0364586 0.0182686 0.0407795
4.57 -0.0355764 0.0207719 0.0411965
4.58 -0.0345243 0.0232381 0.0416166
4.59 -0.0333029 0.0256554 0.042039
4.6 -0.0319135 0.0280124 0.0424637
4.61 -0.03036 0.0302984 0.042892
4.62 -0.0286456 0.032502 0.0433238
4.63 -0.0267739 0.0346115 0.0437584
4.64 -0.0247509 0.036617 0.0441975
4.65 -0.0225817 0.038507 0.0446399
4.66 -0.0202731 0.0402717 0.0450867
4.67 -0.0178318 0.0419003 0.0455369
4.68 -0.0152664 0.0433842 0.0459918
4.69 -0.0125854 0.044714 0.0464514
4.7 -0.00979783 0.0458803 0.0469148
4.71 -0.00691387 0.0468759 0.0473831
4.72 -0.00394433 0.0476933 0.0478562
4.73 -0.000899504 0.0483245 0.0483329
4.74 0.00220847 0.0487646 0.0488146
4.75 0.00536783 0.0490073 0.0493004
4.76 0.00856576 0.0490484 0.0497907
4.77 0.0117894 0.0488832 0.0502847
4.78 0.0150254 0.048509 0.0507828
4.79 0.0182602 0.047924 0.051285
4.8 0.0214799 0.0471254 0.0517898
4.81 0.0246709 0.0461132 0.052298
4.82 0.027819 0.0448886 0.0528099
4.83 0.03091 0.0434512 0.0533239
4.84 0.0339299 0.0418043 0.0538409
4.85 0.0368644 0.0399505 0.0543602
4.86 0.0396997 0.0378943 0.0548821
4.87 0.0424215 0.0356398 0.0554056
4.88 0.0450168 0.0331933 0.0559312
4.89 0.0474726 0.0305622 0.0564596
4.9 0.0497754 0.0277535 0.0569899
4.91 0.051913 0.024776 0.0575222
4.92 0.0538741 0.02164 0.0580578
4.93 0.0556461 0.0183547 0.058595
4.94 0.0572188 0.0149319 0.059135
4.95 0.0585818 0.0113832 0.0596775
4.96 0.0597264 0.00772144 0.0602234
4.97 0.060643 0.00396015 0.0607722
4.98 0.0613241 0.000113015 0.0613242
4.99 0.0617636 -0.00380486 0.0618806
5 0.0619545 -0.00777847 0.0624409
5.01 0.0618911 -0.0117924 0.0630045
5.02 0.0615712 -0.0158304 0.0635737
5.03 0.06099 -0.019876 0.0641469
5.04 0.0601462 -0.0239124 0.0647253
5.05 0.0590384 -0.0279222 0.0653084
5.06 0.0576674 -0.0318887 0.065897
5.07 0.056034 -0.0357938 0.0664906
5.08 0.0541399 -0.0396204 0.0670888
5.09 0.0519896 -0.0433518 0.0676927
5.1 0.0495875 -0.0469702 0.0683017
5.11 0.0469382 -0.0504584 0.0689148
5.12 0.0440501 -0.0538006 0.0695336
5.13 0.0409302 -0.0569795 0.0701566
5.14 0.0375879 -0.0599793 0.070784
5.15 0.0340331 -0.0627844 0.0714152
5.16 0.0302771 -0.0653803 0.0720506
5.17 0.0263324 -0.0677527 0.0726899
5.18 0.0222116 -0.0698874 0.0733321
5.19 0.0179293 -0.0717725 0.073978
5.2 0.0135009 -0.0733961 0.0746275
5.21 0.00894129 -0.0747458 0.0752787
5.22 0.00426795 -0.0758131 0.0759331
5.23 -0.000502237 -0.0765881 0.0765898
5.24 -0.00535101 -0.0770632 0.0772487
5.25 -0.0102596 -0.0772311 0.0779096
5.26 -0.0152089 -0.0770869 0.0785729
5.27 -0.0201791 -0.0766261 0.0792386
5.28 -0.02515 -0.0758449 0.079906
5.29 -0.0301015 -0.0747415 0.0805754
5.3 -0.0350132 -0.0733166 0.081248
5.31 -0.0398638 -0.0715688 0.081922
5.32 -0.0446329 -0.069502 0.0825992
5.33 -0.0492996 -0.0671191 0.0832792
5.34 -0.0538431 -0.0644249 0.0839622
5.35 -0.0582424 -0.0614255 0.0846479
5.36 -0.062478 -0.0581285 0.0853371
5.37 -0.0665298 -0.0545431 0.08603
5.38 -0.0703783 -0.0506791 0.0867264
5.39 -0.0740045 -0.0465479 0.0874264
5.4 -0.0773914 -0.0421632 0.0881315
5.41 -0.0805197 -0.0375379 0.0888398
5.42 -0.0833737 -0.0326879 0.0895526
5.43 -0.0859374 -0.0276294 0.0902697
5.44 -0.0881961 -0.0223797 0.0909912
5.45 -0.0901355 -0.0169578 0.0917168
5.46 -0.0917433 -0.0113826 0.0924467
5.47 -0.0930084 -0.00567484 0.0931814
5.48 -0.0939201 0.000143949 0.0939202
5.49 -0.0944684 0.00605227 0.094662
5.5 -0.0946476 0.0120274 0.0954087
5.51 -0.0944496 0.018046 0.0961581
5.52 -0.0938703 0.0240843 0.0969108
5.53 -0.0929067 0.0301184 0.0976666
5.54 -0.0915568 0.0361238 0.0984255
5.55 -0.0898203 0.0420753 0.0991868
5.56 -0.0876985 0.0479485 0.0999504
5.57 -0.0851945 0.053719 0.100717
5.58 -0.082313 0.0593615 0.101485
5.59 -0.0790591 0.0648514 0.102255
5.6 -0.0754421 0.0701654 0.103028
5.61 -0.0714704 0.0752788 0.103802
5.62 -0.0671551 0.0801679 0.104579
5.63 -0.0625088 0.0848103 0.105357
5.64 -0.0575451 0.0891841 0.106138
5.65 -0.0522799 0.0932675 0.106921
5.66 -0.0467298 0.0970403 0.107706
5.67 -0.0409128 0.100483 0.108493
5.68 -0.0348493 0.103579 0.109284
5.69 -0.0285595 0.106308 0.110077
5.7 -0.0220657 0.108656 0.110874
5.71 -0.015391 0.110608 0.111674
5.72 -0.00855957 0.112151 0.112477
5.73 -0.00159694 0.113273 0.113284
5.74 0.00547149 0.113964 0.114096
5.75 0.0126182 0.114216 0.114911
5.76 0.0198157 0.114022 0.115731
5.77 0.0270365 0.113375 0.116554
5.78 0.0342521 0.112274 0.117383
5.79 0.0414329 0.110716 0.118214
5.8 0.0485509 0.108701 0.11905
5.81 0.0555765 0.106231 0.119891
5.82 0.0624804 0.10331 0.120734
5.83 0.0692332 0.0999445 0.121582
5.84 0.075807 0.0961409 0.122433
5.85 0.0821728 0.091909 0.123287
5.86 0.0883026 0.0872601 0.124144
5.87 0.0941691 0.0822065 0.125003
5.88 0.0997468 0.076764 0.125866
5.89 0.105008 0.0709485 0.12673
5.9 0.109929 0.0647783 0.127596
5.91 0.114486 0.0582734 0.128463
5.92 0.118656 0.0514548 0.129332
5.93 0.122417 0.044346 0.130202
5.94 0.125751 0.0369708 0.131073
5.95 0.128638 0.0293549 0.131944
5.96 0.131061 0.0215259 0.132817
5.97 0.133006 0.0135115 0.13369
5.98 0.134459 0.00534045 0.134565
5.99 0.135407 -0.00295626 0.135439
6 0.135841 -0.011348 0.136314
6.01 0.135754 -0.0198033 0.137191
6.02 0.135139 -0.0282896 0.138068
6.03 0.133992 -0.0367733 0.138947
6.04 0.132312 -0.0452218 0.139827
6.05 0.130098 -0.0536016 0.140708
6.06 0.127354 -0.061879 0.141592
6.07 0.124083 -0.0700198 0.142476
6.08 0.120292 -0.0779921 0.143363
6.09 0.11599 -0.0857615 0.144253
6.1 0.111188 -0.0932953 0.145144
6.11 0.105899 -0.100562 0.146038
6.12 0.100137 -0.107529 0.146935
6.13 0.0939193 -0.114167 0.147834
6.14 0.0872658 -0.120445 0.148736
6.15 0.0801965 -0.126336 0.14964
6.16 0.0727348 -0.131812 0.150548
6.17 0.0649056 -0.136846 0.151458
6.18 0.056734 -0.141415 0.152371
6.19 0.0482489 -0.145494 0.153286
6.2 0.0394794 -0.149063 0.154202
6.21 0.0304565 -0.152102 0.155122
6.22 0.0212116 -0.154594 0.156042
6.23 0.0117791 -0.156522 0.156965
6.24 0.00219314 -0.157874 0.157889
6.25 -0.00751103 -0.158636 0.158814
6.26 -0.0172978 -0.158801 0.159741
6.27 -0.0271287 -0.158361 0.160668
6.28 -0.0369679 -0.157311 0.161596
6.29 -0.0467771 -0.155649 0.162526
6.3 -0.0565175 -0.153373 0.163455
6.31 -0.066151 -0.150488 0.164386
6.32 -0.0756399 -0.146997 0.165317
6.33 -0.0849455 -0.142907 0.166248
6.34 -0.0940308 -0.138229 0.16718
6.35 -0.102858 -0.132973 0.168111
6.36 -0.111391 -0.127153 0.169044
6.37 -0.119594 -0.120787 0.169977
6.38 -0.127431 -0.113894 0.170911
6.39 -0.13487 -0.106493 0.171845
6.4 -0.141878 -0.0986093 0.17278
6.41 -0.148422 -0.0902677 0.173717
6.42 -0.154475 -0.0814949 0.174654
6.43 -0.160007 -0.0723209 0.175592
6.44 -0.164993 -0.0627768 0.176532
6.45 -0.169407 -0.0528959 0.177473
6.46 -0.173228 -0.0427113 0.178416
6.47 -0.176434 -0.0322605 0.179359
6.48 -0.179008 -0.0215801 0.180304
6.49 -0.180934 -0.0107084 0.18125
6.5 -0.182197 0.000314673 0.182197
6.51 -0.182787 0.011448 0.183146
6.52 -0.182696 0.022651 0.184095
6.53 -0.181916 0.0338808 0.185044
6.54 -0.180445 0.045096 0.185995
6.55 -0.178282 0.0562525 0.186946
6.56 -0.175427 0.0673087 0.187896
6.57 -0.171886 0.0782209 0.188847
6.58 -0.167665 0.0889459 0.189797
6.59 -0.162775 0.099442 0.190747
6.6 -0.157227 0.109667 0.191695
6.61 -0.151037 0.119579 0.192643
6.62 -0.144222 0.129138 0.193589
6.63 -0.136803 0.138306 0.194534
6.64 -0.128801 0.147043 0.195477
6.65 -0.120242 0.155313 0.196419
6.66 -0.111153 0.16308 0.197358
6.67 -0.101564 0.170312 0.198296
6.68 -0.0915075 0.176974 0.199233
6.69 -0.0810159 0.183039 0.200167
6.7 -0.0701252 0.188477 0.2011
6.71 -0.0588738 0.193263 0.202032
6.72 -0.0473003 0.197374 0.202963
6.73 -0.0354463 0.200787 0.203892
6.74 -0.0233528 0.203485 0.204821
6.75 -0.0110643 0.205451 0.205749
6.76 0.00137516 0.206672 0.206676
6.77 0.0139204 0.207136 0.207603
6.78 0.0265246 0.206837 0.208531
6.79 0.0391412 0.205769 0.209458
6.8 0.051723 0.203928 0.210386
6.81 0.0642222 0.201318 0.211313
6.82 0.0765923 0.19794 0.212242
6.83 0.0887848 0.193802 0.213171
6.84 0.100754 0.188911 0.2141
6.85 0.112452 0.183283 0.21503
6.86 0.123833 0.176931 0.215961
6.87 0.134853 0.169872 0.216892
6.88 0.145468 0.162129 0.217823
6.89 0.155634 0.153725 0.218754
6.9 0.16531 0.144685 0.219685
6.91 0.174457 0.13504 0.220615
6.92 0.183037 0.124818 0.221545
6.93 0.191013 0.114056 0.222474
6.94 0.19835 0.102789 0.223401
6.95 0.205018 0.0910531 0.224328
6.96 0.210986 0.0788906 0.225253
6.97 0.216226 0.0663424 0.226175
6.98 0.220715 0.0534526 0.227095
6.99 0.22443 0.0402664 0.228014
7 0.227351 0.0268306 0.228929
7.01 0.229463 0.0131935 0.229842
7.02 0.230751 -0.000596905 0.230752
7.03 0.231206 -0.0144902 0.231659
7.04 0.230818 -0.0284353 0.232563
7.05 0.229584 -0.0423825 0.233463
7.06 0.227503 -0.0562791 0.234361
7.07 0.224577 -0.0700739 0.235256
7.08 0.22081 -0.0837149 0.236147
7.09 0.216212 -0.0971518 0.237036
7.1 0.210792 -0.110333 0.237922
7.11 0.204567 -0.123208 0.238805
7.12 0.197553 -0.135729 0.239686
7.13 0.189771 -0.147846 0.240565
7.14 0.181245 -0.159512 0.241441
7.15 0.172001 -0.170682 0.242315
7.16 0.162068 -0.18131 0.243186
7.17 0.151479 -0.191356 0.244055
7.18 0.140268 -0.200777 0.244921
7.19 0.128472 -0.209536 0.245786
7.2 0.116132 -0.217597 0.246648
7.21 0.103288 -0.224925 0.247507
7.22 0.0899858 -0.231489 0.248364
7.23 0.076269 -0.237261 0.249218
7.24 0.0621871 -0.242214 0.25007
7.25 0.0477882 -0.246325 0.250918
7.26 0.0331233 -0.249575 0.251764
7.27 0.0182445 -0.251947 0.252606
7.28 0.00320505 -0.253425 0.253445
7.29 -0.0119419 -0.254 0.254281
7.3 -0.0271416 -0.253665 0.255113
7.31 -0.0423392 -0.252415 0.255941
7.32 -0.0574789 -0.25025 0.256766
7.33 -0.0725069 -0.247171 0.257587
7.34 -0.0873664 -0.243187 0.258404
7.35 -0.102003 -0.238305 0.259218
7.36 -0.116363 -0.232539 0.260028
7.37 -0.130392 -0.225904 0.260834
7.38 -0.144038 -0.21842 0.261638
7.39 -0.15725 -0.21011 0.262438
7.4 -0.169977 -0.200999 0.263235
7.41 -0.182171 -0.191116 0.26403
7.42 -0.193785 -0.180493 0.264822
7.43 -0.204774 -0.169164 0.26561
7.44 -0.215095 -0.157167 0.266397
7.45 -0.224708 -0.144541 0.267181
7.46 -0.233574 -0.13133 0.267963
7.47 -0.241658 -0.117577 0.268743
7.48 -0.248927 -0.10333 0.269521
7.49 -0.25535 -0.0886371 0.270297
7.5 -0.260901 -0.0735501 0.27107
7.51 -0.265555 -0.0581203 0.271841
7.52 -0.269292 -0.0424027 0.27261
7.53 -0.272093 -0.0264514 0.273375
7.54 -0.273944 -0.0103233 0.274138
7.55 -0.274834 0.00592464 0.274898
7.56 -0.274756 0.0222343 0.275654
7.57 -0.273705 0.0385484 0.276406
7.58 -0.271681 0.0548075 0.277154
7.59 -0.268686 0.0709543 0.277897
7.6 -0.264728 0.0869294 0.278635
7.61 -0.259815 0.102676 0.279367
7.62 -0.253963 0.118136 0.280095
7.63 -0.247186 0.133253 0.280815
7.64 -0.239505 0.147972 0.281529
7.65 -0.230945 0.162239 0.282236
7.66 -0.221532 0.176001 0.282937
7.67 -0.211296 0.189207 0.283629
7.68 -0.200271 0.201808 0.284315
7.69 -0.188491 0.213757 0.284993
7.7 -0.175998 0.225008 0.285664
7.71 -0.16283 0.235518 0.286326
7.72 -0.149033 0.24525 0.286981
7.73 -0.134654 0.254163 0.287629
7.74 -0.119741 0.262223 0.288269
7.75 -0.104345 0.2694 0.288902
7.76 -0.0885193 0.275665 0.289528
7.77 -0.0723178 0.280991 0.290148
7.78 -0.0557971 0.285357 0.290761
7.79 -0.0390137 0.288744 0.291368
7.8 -0.0220265 0.291138 0.29197
7.81 -0.00489546 0.292524 0.292565
7.82 0.0123208 0.292898 0.293157
7.83 0.0295606 0.292252 0.293743
7.84 0.0467635 0.290585 0.294324
7.85 0.0638691 0.287901 0.294901
7.86 0.080817 0.284206 0.295474
7.87 0.0975466 0.27951 0.296042
7.88 0.113998 0.273826 0.296608
7.89 0.130114 0.26717 0.297169
7.9 0.145836 0.259564 0.297727
7.91 0.161107 0.251031 0.298282
7.92 0.175873 0.241599 0.298833
7.93 0.190081 0.231297 0.299382
7.94 0.203679 0.220161 0.299927
7.95 0.216618 0.208225 0.300468
7.96 0.228851 0.195531 0.301007
7.97 0.240333 0.182119 0.301541
7.98 0.251022 0.168036 0.302073
7.99 0.260878 0.153328 0.3026
8 0.269866 0.138045 0.303124
8.01 0.277952 0.122239 0.303644
8.02 0.285105 0.105965 0.30416
8.03 0.291299 0.089276 0.304672
8.04 0.296509 0.0722313 0.30518
8.05 0.300714 0.0548887 0.305683
8.06 0.3039 0.0373076 0.306181
8.07 0.306051 0.0195488 0.306675
8.08 0.307159 0.0016736 0.307163
8.09 0.307217 -0.0162554 0.307647
8.1 0.306223 -0.0341778 0.308125
8.11 0.304179 -0.0520298 0.308597
8.12 0.30109 -0.0697501 0.309063
8.13 0.296963 -0.0872771 0.309523
8.14 0.291812 -0.10455 0.309975
8.15 0.285652 -0.121507 0.310421
8.16 0.278504 -0.138091 0.31086
8.17 0.27039 -0.154242 0.31129
8.18 0.261336 -0.169905 0.311712
8.19 0.251373 -0.185024 0.312126
8.2 0.240532 -0.199547 0.312529
8.21 0.228851 -0.213421 0.312924
8.22 0.216369 -0.2266 0.313309
8.23 0.203126 -0.239034 0.313684
8.24 0.189167 -0.250682 0.314047
8.25 0.17454 -0.261501 0.314399
8.26 0.159293 -0.271453 0.314739
8.27 0.143479 -0.280503 0.315068
8.28 0.12715 -0.288618 0.315384
8.29 0.110362 -0.295771 0.31569
8.3 0.0931728 -0.301933 0.315982
8.31 0.0756397 -0.307084 0.316262
8.32 0.0578224 -0.311205 0.316531
8.33 0.0397819 -0.31428 0.316787
8.34 0.0215791 -0.316297 0.317032
8.35 0.0032766 -0.31725 0.317267
8.36 -0.0150638 -0.317133 0.31749
8.37 -0.0333787 -0.315946 0.317704
8.38 -0.0516064 -0.313691 0.317908
8.39 -0.0696851 -0.310377 0.318104
8.4 -0.0875525 -0.306013 0.318291
8.41 -0.105148 -0.300613 0.318472
8.42 -0.122412 -0.294195 0.318646
8.43 -0.139285 -0.286781 0.318816
8.44 -0.155709 -0.278394 0.31898
8.45 -0.17163 -0.269063 0.319142
8.46 -0.186991 -0.258819 0.319301
8.47 -0.201743 -0.247697 0.319459
8.48 -0.215833 -0.235733 0.319615
8.49 -0.229214 -0.222969 0.319772
8.5 -0.241841 -0.209446 0.31993
8.51 -0.253671 -0.195212 0.320088
8.52 -0.264663 -0.180312 0.320248
8.53 -0.27478 -0.164798 0.32041
8.54 -0.283988 -0.148722 0.320574
8.55 -0.292257 -0.132139 0.320741
8.56 -0.299556 -0.115104 0.320909
8.57 -0.305865 -0.0976738 0.321081
8.58 -0.311158 -0.0799096 0.321255
8.59 -0.31542 -0.0618689 0.321431
8.6 -0.318637 -0.0436133 0.321608
8.61 -0.320797 -0.0252048 0.321786
8.62 -0.321894 -0.0067046 0.321964
8.63 -0.321924 0.011825 0.322142
8.64 -0.320888 0.0303211 0.322317
8.65 -0.318789 0.0487224 0.322491
8.66 -0.315634 0.0669664 0.32266
8.67 -0.311435 0.0849935 0.322825
8.68 -0.306207 0.102742 0.322984
8.69 -0.299967 0.120153 0.323137
8.7 -0.292737 0.137169 0.323281
8.71 -0.284543 0.153732 0.323416
8.72 -0.27541 0.169788 0.323541
8.73 -0.265371 0.185284 0.323654
8.74 -0.254461 0.200167 0.323755
8.75 -0.242716 0.214389 0.323842
8.76 -0.230177 0.227903 0.323915
8.77 -0.216884 0.240663 0.323972
8.78 -0.202885 0.25263 0.324012
8.79 -0.188226 0.263762 0.324036
8.8 -0.172955 0.274023 0.32404
8.81 -0.157125 0.283382 0.324027
8.82 -0.14079 0.291806 0.323995
8.83 -0.124003 0.299269 0.323943
8.84 -0.106822 0.305747 0.323871
8.85 -0.089302 0.31122 0.323779
8.86 -0.0715041 0.31567 0.323668
8.87 -0.0534861 0.319084 0.323536
8.88 -0.0353084 0.321452 0.323385
8.89 -0.0170311 0.322766 0.323215
8.9 0.00128464 0.323024 0.323027
8.91 0.019579 0.322227 0.322821
8.92 0.0377913 0.320377 0.322599
8.93 0.055862 0.317483 0.32236
8.94 0.0737312 0.313555 0.322107
8.95 0.0913411 0.308607 0.321841
8.96 0.108634 0.302658 0.321564
8.97 0.125553 0.295729 0.321277
8.98 0.142044 0.287842 0.320982
8.99 0.158053 0.279027 0.320682
9 0.173529 0.269313 0.320378
9.01 0.188422 0.258733 0.320072
9.02 0.202685 0.247325 0.319767
9.03 0.216271 0.235125 0.319464
9.04 0.229139 0.222177 0.319166
9.05 0.241246 0.208523 0.318875
9.06 0.252556 0.194208 0.318593
9.07 0.263033 0.179283 0.318322
9.08 0.272644 0.163796 0.318063
9.09 0.281362 0.147799 0.317819
9.1 0.289158 0.131345 0.317591
9.11 0.29601 0.11449 0.31738
9.12 0.301898 0.0972879 0.317187
9.13 0.306804 0.0797964 0.317012
9.14 0.310717 0.0620728 0.316857
9.15 0.313624 0.0441765 0.31672
9.16 0.31552 0.0261643 0.316603
9.17 0.3164 0.00809667 0.316504
9.18 0.316265 -0.00996787 0.316422
9.19 0.315117 -0.0279712 0.316356
9.2 0.312963 -0.0458549 0.316304
9.21 0.309812 -0.0635606 0.316265
9.22 0.305679 -0.0810324 0.316237
9.23 0.300577 -0.0982126 0.316216
9.24 0.294528 -0.115048 0.316201
9.25 0.287554 -0.131483 0.316188
9.26 0.279678 -0.147467 0.316174
9.27 0.270929 -0.162949 0.316157
9.28 0.26134 -0.17788 0.316132
9.29 0.250942 -0.192212 0.316097
9.3 0.239771 -0.205903 0.316048
9.31 0.227867 -0.218908 0.315981
9.32 0.215268 -0.231189 0.315894
9.33 0.20202 -0.242706 0.315782
9.34 0.188164 -0.253425 0.315643
9.35 0.17375 -0.263316 0.315474
9.36 0.158824 -0.272346 0.315273
9.37 0.143436 -0.280489 0.315037
9.38 0.127637 -0.287724 0.314763
9.39 0.111479 -0.294027 0.314451
9.4 0.095015 -0.299382 0.314098
9.41 0.0782993 -0.303776 0.313704
9.42 0.0613852 -0.307195 0.313268
9.43 0.0443289 -0.309632 0.31279
9.44 0.0271849 -0.311082 0.312268
9.45 0.0100076 -0.311544 0.311705
9.46 -0.00714704 -0.311019 0.311101
9.47 -0.0242248 -0.309511 0.310457
9.48 -0.0411719 -0.307028 0.309776
9.49 -0.0579345 -0.303581 0.30906
9.5 -0.0744595 -0.299185 0.308311
9.51 -0.0906957 -0.293856 0.307533
9.52 -0.106592 -0.287612 0.306729
9.53 -0.122101 -0.280479 0.305904
9.54 -0.137172 -0.27248 0.30506
9.55 -0.151761 -0.263645 0.304203
9.56 -0.165823 -0.254003 0.303339
9.57 -0.179315 -0.243588 0.302471
9.58 -0.192198 -0.232435 0.301605
9.59 -0.204433 -0.220581 0.300747
9.6 -0.215983 -0.208068 0.299901
9.61 -0.226816 -0.194936 0.299074
9.62 -0.2369 -0.181228 0.29827
9.63 -0.246207 -0.16699 0.297496
9.64 -0.254711 -0.15227 0.296756
9.65 -0.262388 -0.137113 0.296053
9.66 -0.269218 -0.121571 0.295394
9.67 -0.275183 -0.105693 0.294783
9.68 -0.280269 -0.0895308 0.294222
9.69 -0.284464 -0.0731349 0.293715
9.7 -0.287757 -0.0565594 0.293263
9.71 -0.290145 -0.0398553 0.29287
9.72 -0.291622 -0.0230772 0.292534
9.73 -0.292189 -0.0062765 0.292256
9.74 -0.291849 0.0104934 0.292037
9.75 -0.290606 0.0271799 0.291875
9.76 -0.28847 0.043731 0.291766
9.77 -0.285452 0.0600959 0.291709
9.78 -0.281565 0.076223 0.2917
9.79 -0.276825 0.0920637 0.291733
9.8 -0.271253 0.107569 0.291803
9.81 -0.264869 0.122692 0.291906
9.82 -0.257699 0.137386 0.292034
9.83 -0.249767 0.151607 0.292179
9.84 -0.241103 0.165314 0.292335
9.85 -0.231739 0.178464 0.292493
9.86 -0.221706 0.191018 0.292645
9.87 -0.211039 0.202941 0.292784
9.88 -0.199776 0.214197 0.2929
9.89 -0.187953 0.224754 0.292986
9.9 -0.175613 0.234581 0.293033
9.91 -0.162794 0.243651 0.293032
9.92 -0.14954 0.25194 0.292978
9.93 -0.135895 0.259422 0.292861
9.94 -0.121903 0.26608 0.292675
9.95 -0.107609 0.271894 0.292414
9.96 -0.0930596 0.276852 0.292074
9.97 -0.0783014 0.280939 0.291647
9.98 -0.0633809 0.284148 0.291131
9.99 -0.0483454 0.286471 0.290522
10 -0.033242 0.287906 0.289819
10.01 -0.0181182 0.28845 0.289019
10.02 -0.00301982 0.288106 0.288122
10.03 0.012005 0.28688 0.287131
10.04 0.0269111 0.284776 0.286045
10.05 0.0416529 0.281806 0.284868
10.06 0.0561862 0.277983 0.283604
10.07 0.0704666 0.273321 0.282258
10.08 0.0844528 0.267838 0.280837
10.09 0.0981019 0.261554 0.279346
10.1 0.111376 0.254491 0.277796
10.11 0.124234 0.246675 0.276193
10.12 0.13664 0.238132 0.274549
10.13 0.148559 0.228891 0.272875
10.14 0.159957 0.218983 0.271182
10.15 0.170802 0.208442 0.269483
10.16 0.181065 0.197301 0.267792
10.17 0.190717 0.185599 0.26612
10.18 0.199734 0.173371 0.264483
10.19 0.20809 0.160659 0.262893
10.2 0.215766 0.147502 0.261365
10.21 0.222742 0.133942 0.259913
10.22 0.229001 0.120023 0.258548
10.23 0.234529 0.105787 0.257283
10.24 0.239313 0.0912806 0.256131
10.25 0.243345 0.0765482 0.255101
10.26 0.246616 0.0616348 0.254201
10.27 0.249123 0.046587 0.253442
10.28 0.250863 0.0314503 0.252826
10.29 0.251836 0.0162723 0.252361
10.3 0.252044 0.00109837 0.252047
10.31 0.251493 -0.0140262 0.251884
10.32 0.250189 -0.029054 0.251871
10.33 0.248143 -0.0439414 0.252003
10.34 0.245364 -0.0586435 0.252275
10.35 0.241869 -0.0731164 0.252679
10.36 0.237672 -0.0873168 0.253203
10.37 0.232791 -0.101203 0.253839
10.38 0.227247 -0.114735 0.254569
10.39 0.221062 -0.127873 0.255382
10.4 0.21426 -0.140577 0.25626
10.41 0.206864 -0.152814 0.257186
10.42 0.198904 -0.164545 0.258144
10.43 0.190408 -0.175739 0.259113
10.44 0.181406 -0.186363 0.260076
10.45 0.171929 -0.196388 0.261014
10.46 0.16201 -0.205786 0.261907
10.47 0.151683 -0.21453 0.262737
10.48 0.140983 -0.222596 0.263487
10.49 0.129944 -0.229964 0.264138
10.5 0.118604 -0.236614 0.264675
10.51 0.106999 -0.242526 0.26508
10.52 0.0951675 -0.247687 0.265341
10.53 0.083146 -0.252085 0.265443
10.54 0.0709736 -0.255708 0.265375
10.55 0.0586879 -0.258549 0.265126
10.56 0.0463282 -0.260602 0.264688
10.57 0.0339313 -0.261863 0.264053
10.58 0.0215369 -0.262332 0.263215
10.59 0.00918114 -0.26201 0.262171
10.6 -0.00309871 -0.260901 0.26092
10.61 -0.0152652 -0.259011 0.25946
10.62 -0.0272826 -0.256348 0.257796
10.63 -0.0391166 -0.252923 0.25593
10.64 -0.0507317 -0.24875 0.25387
10.65 -0.0620953 -0.243842 0.251624
10.66 -0.0731751 -0.238218 0.249203
10.67 -0.0839405 -0.231895 0.24662
10.68 -0.0943616 -0.224898 0.243892
10.69 -0.104409 -0.217247 0.241034
10.7 -0.114057 -0.208969 0.238069
10.71 -0.123279 -0.20009 0.235018
10.72 -0.132052 -0.190638 0.231906
10.73 -0.140352 -0.180644 0.22876
10.74 -0.148161 -0.170139 0.225608
10.75 -0.155457 -0.159156 0.222481
10.76 -0.162226 -0.147731 0.219412
10.77 -0.168449 -0.135897 0.216433
10.78 -0.174116 -0.123691 0.213579
10.79 -0.179213 -0.111152 0.210884
10.8 -0.183732 -0.0983163 0.208383
10.81 -0.187664 -0.0852244 0.206109
10.82 -0.191004 -0.0719155 0.204094
10.83 -0.193747 -0.0584302 0.202366
10.84 -0.195891 -0.0448086 0.200951
10.85 -0.197436 -0.031092 0.199869
10.86 -0.198385 -0.0173205 0.199139
10.87 -0.198739 -0.00353655 0.198771
10.88 -0.198505 0.0102205 0.198768
10.89 -0.197691 0.023909 0.199132
10.9 -0.196304 0.0374886 0.199851
10.91 -0.194355 0.0509195 0.200915
10.92 -0.191857 0.0641633 0.202302
10.93 -0.188823 0.0771801 0.203988
10.94 -0.18527 0.0899327 0.205943
10.95 -0.181213 0.102383 0.208136
10.96 -0.176671 0.114497 0.210528
10.97 -0.171664 0.126238 0.213084
10.98 -0.166213 0.137572 0.215761
10.99 -0.160339 0.148468 0.218521
11 -0.154065 0.158893 0.221322
11.01 -0.147417 0.168819 0.224125
11.02 -0.140418 0.178218 0.22689
11.03 -0.133095 0.187062 0.229579
11.04 -0.125473 0.195326 0.232155
11.05 -0.117581 0.202989 0.234584
11.06 -0.109445 0.210027 0.236832
11.07 -0.101093 0.216423 0.23887
11.08 -0.0925552 0.222158 0.240667
11.09 -0.0838585 0.227218 0.242199
11.1 -0.0750323 0.231587 0.243439
11.11 -0.0661054 0.235256 0.244367
11.12 -0.0571062 0.238214 0.244963
11.13 -0.0480632 0.240454 0.245211
11.14 -0.039005 0.241971 0.245095
11.15 -0.029959 0.242763 0.244605
11.16 -0.0209541 0.242827 0.243729
11.17 -0.0120153 0.242164 0.242462
11.18 -0.00317027 0.240779 0.2408
11.19 0.00555607 0.238677 0.238742
11.2 0.014138 0.235865 0.236288
11.21 0.0225524 0.232352 0.233444
11.22 0.0307752 0.228151 0.230217
11.23 0.0387845 0.223274 0.226618
11.24 0.0465584 0.217738 0.22266
11.25 0.0540785 0.211558 0.21836
11.26 0.0613242 0.204756 0.213742
11.27 0.0682778 0.197351 0.208829
11.28 0.0749238 0.189368 0.203651
11.29 0.081246 0.180829 0.198242
11.3 0.0872303 0.171761 0.192642
11.31 0.092865 0.162191 0.186895
11.32 0.0981382 0.152148 0.181053
11.33 0.10304 0.141663 0.175173
11.34 0.107563 0.130767 0.169322
11.35 0.111698 0.119492 0.163569
11.36 0.115441 0.107874 0.157998
11.37 0.118787 0.0959451 0.152695
11.38 0.121733 0.083742 0.147756
11.39 0.124278 0.0713005 0.143279
11.4 0.126422 0.0586585 0.139368
11.41 0.128166 0.0458527 0.136121
11.42 0.129512 0.0329213 0.13363
11.43 0.130463 0.0199024 0.131973
11.44 0.131028 0.0068341 0.131206
11.45 0.131208 -0.00624389 0.131357
11.46 0.131015 -0.0192946 0.132428
11.47 0.130456 -0.0322779 0.13439
11.48 0.129541 -0.0451564 0.137186
11.49 0.128281 -0.0578914 0.140738
11.5 0.126687 -0.0704463 0.144956
11.51 0.124772 -0.0827836 0.149737
11.52 0.12255 -0.0948674 0.154978
11.53 0.120035 -0.106661 0.160577
11.54 0.117242 -0.118131 0.166435
11.55 0.114188 -0.129243 0.172461
11.56 0.110887 -0.139964 0.178566
11.57 0.107358 -0.150263 0.184674
11.58 0.103616 -0.160109 0.190713
11.59 0.0996814 -0.169473 0.196615
11.6 0.0955702 -0.178328 0.202323
11.61 0.0913012 -0.186647 0.207781
11.62 0.086892 -0.194405 0.21294
11.63 0.0823622 -0.201579 0.217756
11.64 0.0777279 -0.208148 0.222187
11.65 0.0730088 -0.214093 0.226199
11.66 0.0682228 -0.219395 0.229757
11.67 0.0633874 -0.224038 0.232832
11.68 0.0585195 -0.228008 0.235398
11.69 0.053637 -0.231293 0.23743
11.7 0.0487557 -0.233882 0.23891
11.71 0.0440481 -0.236517 0.240584
11.72 0.0395143 -0.239196 0.242438
11.73 0.0351553 -0.241922 0.244463
11.74 0.0309722 -0.244691 0.246644
11.75 0.0269644 -0.247506 0.24897
11.76 0.0231337 -0.250364 0.251431
11.77 0.01948 -0.253267 0.254015
11.78 0.0160045 -0.256212 0.256712
11.79 0.0127078 -0.259202 0.259513
11.8 0.00959065 -0.262233 0.262409
11.81 0.00665366 -0.265307 0.26539
11.82 0.00389874 -0.268421 0.26845
11.83 0.00132406 -0.271576 0.271579
11.84 -0.00106731 -0.27477 0.274773
11.85 -0.00327557 -0.278003 0.278022
11.86 -0.00529984 -0.281273 0.281323
11.87 -0.00713958 -0.28458 0.28467
11.88 -0.00879336 -0.287922 0.288057
11.89 -0.010261 -0.291299 0.291479
11.9 -0.0115419 -0.294708 0.294934
11.91 -0.0126356 -0.298148 0.298415
11.92 -0.0135413 -0.301619 0.301923
11.93 -0.0142579 -0.305117 0.30545
11.94 -0.0147861 -0.308642 0.308996
11.95 -0.0151241 -0.312193 0.312559
11.96 -0.0152725 -0.315766 0.316135
11.97 -0.0152304 -0.31936 0.319723
11.98 -0.0149982 -0.322974 0.323322
11.99 -0.0145753 -0.326605 0.32693
12 -0.0139616 -0.330251 0.330546
12.01 -0.013156 -0.33391 0.334169
12.02 -0.0121608 -0.337579 0.337798
12.03 -0.0109737 -0.341257 0.341433
12.04 -0.00959604 -0.344939 0.345073
12.05 -0.00802815 -0.348625 0.348717
12.06 -0.00627019 -0.35231 0.352366
12.07 -0.00432224 -0.355993 0.356019
12.08 -0.00218499 -0.35967 0.359677
12.09 0.000140672 -0.363338 0.363338
12.1 0.00265369 -0.366994 0.367004
12.11 0.00535349 -0.370636 0.370675
12.12 0.00823903 -0.374259 0.374349
12.13 0.0113083 -0.37786 0.378029
12.14 0.0145614 -0.381436 0.381714
12.15 0.017996 -0.384984 0.385404
12.16 0.0216112 -0.388499 0.389099
12.17 0.0254046 -0.391978 0.3928
12.18 0.0293746 -0.395417 0.396506
12.19 0.0335192 -0.398812 0.400219
12.2 0.0378371 -0.40216 0.403936
12.21 0.042324 -0.405457 0.40766
12.22 0.0469801 -0.408698 0.411389
12.23 0.0518012 -0.411878 0.415123
12.24 0.0567848 -0.414995 0.418862
12.25 0.061928 -0.418043 0.422605
12.26 0.067228 -0.421019 0.426353
12.27 0.0726818 -0.423918 0.430104
12.28 0.0782859 -0.426736 0.433858
12.29 0.0840367 -0.429468 0.437613
12.3 0.0899313 -0.432112 0.441371
12.31 0.0959657 -0.434659 0.445127
12.32 0.102135 -0.437108 0.448882
12.33 0.108437 -0.439453 0.452634
12.34 0.114867 -0.44169 0.456382
12.35 0.12142 -0.443814 0.460124
12.36 0.128093 -0.445821 0.463858
12.37 0.13488 -0.447705 0.467582
12.38 0.141777 -0.449463 0.471294
12.39 0.14878 -0.451089 0.474992
12.4 0.155882 -0.452579 0.478672
12.41 0.163081 -0.453929 0.482335
12.42 0.170369 -0.455133 0.485975
12.43 0.177742 -0.456187 0.48959
12.44 0.185195 -0.457085 0.493178
12.45 0.192722 -0.457825 0.496735
12.46 0.200317 -0.458401 0.500259
12.47 0.207975 -0.458809 0.503745
12.48 0.215689 -0.459044 0.507191
12.49 0.223455 -0.459101 0.510594
12.5 0.231266 -0.458976 0.513948
12.51 0.239115 -0.458665 0.517252
12.52 0.246997 -0.458163 0.520501
12.53 0.254904 -0.457466 0.52369
12.54 0.262832 -0.456571 0.526818
12.55 0.270773 -0.455471 0.529879
12.56 0.27872 -0.454165 0.53287
12.57 0.286668 -0.452647 0.535787
12.58 0.294609 -0.450915 0.538626
12.59 0.302535 -0.448963 0.541383
12.6 0.310442 -0.44679 0.544055
12.61 0.318321 -0.44439 0.546636
12.62 0.326166 -0.441763 0.549125
12.63 0.333969 -0.438902 0.551517
12.64 0.341725 -0.435807 0.553808
12.65 0.349425 -0.432473 0.555995
12.66 0.357062 -0.428898 0.558074
12.67 0.364629 -0.42508 0.560042
12.68 0.37212 -0.421017 0.561897
12.69 0.379527 -0.416705 0.563635
12.7 0.386842 -0.412144 0.565252
12.71 0.39406 -0.407332 0.566747
12.72 0.401172 -0.402266 0.568117
12.73 0.408172 -0.396946 0.56936
12.74 0.415052 -0.39137 0.570473
12.75 0.421806 -0.385539 0.571455
12.76 0.428428 -0.37945 0.572305
12.77 0.434909 -0.373104 0.573021
12.78 0.441243 -0.3665 0.573601
12.79 0.447425 -0.359638 0.574046
12.8 0.453446 -0.352519 0.574354
12.81 0.4593 -0.345144 0.574526
12.82 0.464982 -0.337511 0.574562
12.83 0.470483 -0.329625 0.574463
12.84 0.4758 -0.321485 0.574229
12.85 0.480925 -0.313092 0.57386
12.86 0.485852 -0.304449 0.57336
12.87 0.490576 -0.295559 0.57273
12.88 0.49509 -0.286422 0.571972
12.89 0.49939 -0.277043 0.571089
12.9 0.50347 -0.267424 0.570085
12.91 0.507324 -0.257568 0.568963
12.92 0.510948 -0.247478 0.567726
12.93 0.514336 -0.237158 0.56638
12.94 0.517484 -0.226614 0.564928
12.95 0.520388 -0.215848 0.563377
12.96 0.523042 -0.204865 0.561732
12.97 0.525443 -0.19367 0.559998
12.98 0.527586 -0.18227 0.558184
12.99 0.529468 -0.170667 0.556295
13 0.531085 -0.15887 0.554338
13.01 0.532433 -0.146884 0.552322
13.02 0.533509 -0.134715 0.550255
13.03 0.534312 -0.12237 0.548146
13.04 0.534837 -0.109856 0.546003
13.05 0.535082 -0.09718 0.543835
13.06 0.535044 -0.0843499 0.541652
13.07 0.534723 -0.0713723 0.539465
13.08 0.534114 -0.0582566 0.537282
13.09 0.533219 -0.0450108 0.535115
13.1 0.532034 -0.0316425 0.532974
13.11 0.53056 -0.0181617 0.530871
13.12 0.528794 -0.00457604 0.528814
13.13 0.526736 0.00910347 0.526815
13.14 0.524388 0.0228681 0.524886
13.15 0.521747 0.036708 0.523036
13.16 0.518814 0.0506133 0.521277
13.17 0.515591 0.0645728 0.519619
13.18 0.512078 0.0785779 0.518072
13.19 0.508275 0.0926165 0.516644
13.2 0.504186 0.106679 0.515348
13.21 0.499809 0.120753 0.514189
13.22 0.49515 0.134828 0.513179
13.23 0.490209 0.148894 0.512322
13.24 0.484988 0.162938 0.511627
13.25 0.479492 0.176949 0.5111
13.26 0.473722 0.190917 0.510746
13.27 0.467682 0.204827 0.510569
13.28 0.461376 0.21867 0.510572
13.29 0.454807 0.232433 0.510758
13.3 0.44798 0.246103 0.511129
13.31 0.4409 0.25967 0.511685
13.32 0.43357 0.273121 0.512424
13.33 0.425997 0.286444 0.513345
13.34 0.418185 0.299627 0.514446
13.35 0.410139 0.312658 0.515722
13.36 0.401866 0.325524 0.517167
13.37 0.393372 0.338214 0.518778
13.38 0.384661 0.350717 0.520545
13.39 0.375743 0.36302 0.522461
13.4 0.366621 0.37511 0.524517
13.41 0.357304 0.386977 0.526704
13.42 0.347799 0.398609 0.529011
13.43 0.338112 0.409993 0.531427
13.44 0.328252 0.42112 0.533939
13.45 0.318226 0.431977 0.536537
13.46 0.308042 0.442553 0.539206
13.47 0.297707 0.452837 0.541933
13.48 0.28723 0.462819 0.544704
13.49 0.276621 0.472487 0.547506
13.5 0.265886 0.481833 0.550326
13.51 0.255035 0.490844 0.553147
13.52 0.244077 0.499512 0.555955
13.53 0.23302 0.507828 0.558737
13.54 0.221874 0.51578 0.561478
13.55 0.210647 0.52336 0.564161
13.56 0.199349 0.53056 0.566775
13.57 0.18799 0.53737 0.569304
13.58 0.17658 0.543783 0.571734
13.59 0.165125 0.54979 0.574052
13.6 0.15364 0.555384 0.576244
13.61 0.14213 0.560559 0.578297
13.62 0.130608 0.565305 0.580197
13.63 0.119083 0.569619 0.581933
13.64 0.107564 0.573492 0.583493
13.65 0.0960617 0.576922 0.584864
13.66 0.0845857 0.5799 0.586036
13.67 0.0731457 0.582423 0.586999
13.68 0.061752 0.584486 0.587739
13.69 0.0504144 0.586087 0.588251
13.7 0.0391421 0.58722 0.588523
13.71 0.0279461 0.587883 0.588547
13.72 0.0168349 0.588074 0.588314
13.73 0.00581866 0.58779 0.587819
13.74 -0.00509368 0.587029 0.587051
13.75 -0.0158915 0.585791 0.586007
13.76 -0.0265666 0.584075 0.584679
13.77 -0.0371084 0.581882 0.583064
13.78 -0.04751 0.579211 0.581156
13.79 -0.0577601 0.576062 0.578951
13.8 -0.0678514 0.572439 0.576447
13.81 -0.0777757 0.568342 0.573639
13.82 -0.0875235 0.563774 0.570527
13.83 -0.0970866 0.558737 0.567109
13.84 -0.106458 0.553236 0.563385
13.85 -0.115629 0.547273 0.559355
13.86 -0.124592 0.540854 0.555019
13.87 -0.133341 0.533981 0.550378
13.88 -0.141867 0.526663 0.545436
13.89 -0.150164 0.518903 0.540194
13.9 -0.158225 0.510709 0.534657
13.91 -0.166043 0.502086 0.52883
13.92 -0.173613 0.493043 0.522717
13.93 -0.18093 0.483587 0.516325
13.94 -0.187986 0.473726 0.509661
13.95 -0.194777 0.463468 0.502733
13.96 -0.201297 0.452823 0.495549
13.97 -0.207544 0.4418 0.488121
13.98 -0.21351 0.430408 0.480456
13.99 -0.219193 0.41866 0.472569
14 -0.22459 0.406564 0.464473
14.01 -0.229696 0.394131 0.45618
14.02 -0.234508 0.381374 0.447705
14.03 -0.239023 0.368304 0.439067
14.04 -0.243239 0.354934 0.430283
14.05 -0.247154 0.341276 0.421372
14.06 -0.250765 0.327342 0.412354
14.07 -0.254072 0.313147 0.403254
14.08 -0.257074 0.298704 0.394095
14.09 -0.259769 0.284025 0.384903
14.1 -0.262156 0.269127 0.375707
14.11 -0.264237 0.254023 0.366536
14.12 -0.266012 0.238728 0.357426
14.13 -0.26748 0.223256 0.348409
14.14 -0.268644 0.207622 0.339524
14.15 -0.269505 0.191842 0.330811
14.16 -0.270064 0.175932 0.322314
14.17 -0.270323 0.159906 0.314077
14.18 -0.270284 0.143781 0.306148
14.19 -0.269952 0.127573 0.298578
14.2 -0.269328 0.111297 0.291418
14.21 -0.268418 0.0949689 0.284723
14.22 -0.267223 0.0786059 0.278544
14.23 -0.265749 0.0622232 0.272936
14.24 -0.264 0.0458378 0.26795
14.25 -0.261982 0.0294647 0.263633
14.26 -0.259698 0.0131212 0.260029
14.27 -0.257157 -0.0031772 0.257176
14.28 -0.254362 -0.0194155 0.255102
14.29 -0.251319 -0.0355763 0.253825
14.3 -0.248037 -0.0516449 0.253356
14.31 -0.243726 -0.0674393 0.252885
14.32 -0.23841 -0.0828947 0.25241
14.33 -0.232114 -0.0979467 0.251933
14.34 -0.224867 -0.112533 0.251454
14.35 -0.216704 -0.126593 0.250971
14.36 -0.207662 -0.140071 0.250487
14.37 -0.197781 -0.15291 0.249998
14.38 -0.187109 -0.165059 0.249508
14.39 -0.17569 -0.176469 0.249014
14.4 -0.163578 -0.187094 0.248519
14.41 -0.150824 -0.196892 0.248021
14.42 -0.137486 -0.205825 0.247521
14.43 -0.123623 -0.213857 0.247017
14.44 -0.109294 -0.220959 0.246512
14.45 -0.0945605 -0.227104 0.246004
14.46 -0.0794892 -0.232267 0.245492
14.47 -0.0641437 -0.236433 0.24498
14.48 -0.0485896 -0.239586 0.244464
14.49 -0.0328943 -0.241718 0.243946
14.5 -0.0171244 -0.242822 0.243425
14.51 -0.00134758 -0.242898 0.242901
14.52 0.0143691 -0.241949 0.242376
14.53 0.0299595 -0.239985 0.241847
14.54 0.0453578 -0.237015 0.241316
14.55 0.0604984 -0.233059 0.240783
14.56 0.0753202 -0.228136 0.240248
14.57 0.0897592 -0.22227 0.239709
14.58 0.103757 -0.215491 0.239169
14.59 0.117254 -0.20783 0.238625
14.6 0.130198 -0.199326 0.23808
14.61 0.142533 -0.190016 0.237532
14.62 0.15421 -0.179943 0.236982
14.63 0.165182 -0.169155 0.236429
14.64 0.175406 -0.1577 0.235874
14.65 0.184841 -0.145628 0.235316
14.66 0.193448 -0.132996 0.234756
14.67 0.201197 -0.119859 0.234193
14.68 0.208057 -0.106275 0.233628
14.69 0.214003 -0.0923034 0.233061
14.7 0.219014 -0.078007 0.232491
14.71 0.223071 -0.0634476 0.231919
14.72 0.226163 -0.0486891 0.231344
14.73 0.22828 -0.0337946 0.230768
14.74 0.229417 -0.0188295 0.230188
14.75 0.229575 -0.00385776 0.229607
14.76 0.228757 0.0110572 0.229024
14.77 0.226971 0.0258511 0.228439
14.78 0.224229 0.0404622 0.227851
14.79 0.220548 0.0548272 0.227261
14.8 0.215947 0.0688867 0.226669
14.81 0.210452 0.0825818 0.226075
14.82 0.204088 0.0958556 0.225478
14.83 0.196889 0.108652 0.224879
14.84 0.18889 0.120921 0.22428
14.85 0.180127 0.132611 0.223677
14.86 0.170643 0.143674 0.223073
14.87 0.160482 0.154067 0.222466
14.88 0.149692 0.163748 0.221858
14.89 0.138321 0.172679 0.221248
14.9 0.126421 0.180826 0.220637
14.91 0.114046 0.188158 0.220023
14.92 0.101253 0.194648 0.219408
14.93 0.0880961 0.200271 0.218791
14.94 0.0746365 0.205009 0.218172
14.95 0.060932 0.208845 0.217552
14.96 0.0470439 0.211767 0.21693
14.97 0.0330322 0.21377 0.216307
14.98 0.0189576 0.214847 0.215682
14.99 0.00488166 0.214999 0.215055
15 -0.00913481 0.214232 0.214426
15.01 -0.0230325 0.212552 0.213796
15.02 -0.036752 0.209972 0.213164
15.03 -0.0502341 0.20651 0.212532
15.04 -0.0634239 0.202183 0.211897
15.05 -0.0762647 0.197016 0.211262
15.06 -0.0887044 0.191035 0.210625
15.07 -0.10069 0.18427 0.209986
15.08 -0.112173 0.176757 0.209346
15.09 -0.123107 0.16853 0.208705
15.1 -0.133447 0.159629 0.208062
15.11 -0.143153 0.150098 0.207417
15.12 -0.152186 0.13998 0.206773
15.13 -0.16051 0.129322 0.206125
15.14 -0.168095 0.118174 0.205477
15.15 -0.17491 0.106586 0.204827
15.16 -0.180931 0.0946134 0.204176
15.17 -0.186138 0.0823077 0.203524
15.18 -0.190512 0.0697252 0.20287
15.19 -0.194038 0.0569215 0.202215
15.2 -0.196708 0.0439543 0.201559
15.21 -0.198514 0.0308797 0.200902
15.22 -0.199454 0.017756 0.200242
15.23 -0.199529 0.00463998 0.199583
15.24 -0.198743 -0.00841121 0.198921
15.25 -0.197107 -0.0213412 0.198259
15.26 -0.194632 -0.0340961 0.197596
15.27 -0.191333 -0.0466194 0.196931
15.28 -0.187231 -0.0588592 0.196265
15.29 -0.182349 -0.0707639 0.195598
15.3 -0.176711 -0.0822842 0.19493
15.31 -0.170349 -0.0933711 0.19426
15.32 -0.163294 -0.103981 0.19359
15.33 -0.155582 -0.11407 0.192919
15.34 -0.14725 -0.123597 0.192247
15.35 -0.138338 -0.132525 0.191573
15.36 -0.12889 -0.140818 0.190899
15.37 -0.11895 -0.148445 0.190224
15.38 -0.108565 -0.155378 0.189548
15.39 -0.0977821 -0.161589 0.188872
15.4 -0.0866523 -0.167058 0.188194
15.41 -0.0752248 -0.171766 0.187517
15.42 -0.0635534 -0.175697 0.186838
15.43 -0.0516888 -0.178839 0.186159
15.44 -0.0396858 -0.181183 0.185478
15.45 -0.0275971 -0.182726 0.184798
15.46 -0.0154751 -0.183465 0.184117
15.47 -0.0033739 -0.183404 0.183435
15.48 0.00865363 -0.182548 0.182753
15.49 0.0205557 -0.180906 0.18207
15.5 0.0322817 -0.178491 0.181386
15.51 0.0437802 -0.175319 0.180703
15.52 0.0550043 -0.17141 0.180019
15.53 0.0659053 -0.166786 0.179335
15.54 0.0764398 -0.161472 0.178651
15.55 0.0865626 -0.155495 0.177965
15.56 0.096233 -0.148887 0.17728
15.57 0.105412 -0.141683 0.176595
15.58 0.114063 -0.133917 0.175909
15.59 0.122151 -0.125627 0.175223
15.6 0.129647 -0.116854 0.174537
15.61 0.13652 -0.107639 0.17385
15.62 0.142746 -0.0980278 0.173164
15.63 0.148302 -0.0880623 0.172477
15.64 0.153167 -0.0777916 0.171789
15.65 0.157327 -0.0672621 0.171102
15.66 0.160768 -0.056522 0.170415
15.67 0.163481 -0.0456195 0.169727
15.68 0.165459 -0.0346045 0.169039
15.69 0.1667 -0.023526 0.168352
15.7 0.167202 -0.0124334 0.167663
15.71 0.16697 -0.00137521 0.166976
15.72 0.16601 0.00959995 0.166287
15.73 0.164332 0.0204436 0.165599
15.74 0.16195 0.031111 0.164911
15.75 0.158878 0.0415548 0.164222
15.76 0.155135 0.0517313 0.163533
15.77 0.150745 0.0615971 0.162844
15.78 0.145731 0.0711118 0.162155
15.79 0.14012 0.0802354 0.161466
15.8 0.133942 0.088932 0.160777
15.81 0.127229 0.0971648 0.160088
15.82 0.120015 0.104903 0.159399
15.83 0.112334 0.112116 0.15871
15.84 0.104227 0.118774 0.158021
15.85 0.095731 0.124855 0.157331
15.86 0.0868884 0.130336 0.156643
15.87 0.0777401 0.135197 0.155954
15.88 0.0683296 0.139422 0.155266
15.89 0.0587 0.142998 0.154578
15.9 0.0488974 0.145914 0.153889
15.91 0.0389649 0.148164 0.153202
15.92 0.0289485 0.149741 0.152513
15.93 0.0188943 0.150646 0.151826
15.94 0.00884539 0.15088 0.151139
15.95 -0.00115269 0.150448 0.150452
15.96 -0.0110565 0.149357 0.149765
15.97 -0.020822 0.147618 0.149079
15.98 -0.0304079 0.145245 0.148394
15.99 -0.0397722 0.142253 0.147709
16 -0.0488774 0.138662 0.147024
16.01 -0.0576826 0.134492 0.14634
16.02 -0.0661538 0.129768 0.145657
16.03 -0.0742552 0.124514 0.144974
16.04 -0.0819543 0.11876 0.144293
16.05 -0.0892199 0.112534 0.143611
16.06 -0.0960242 0.10587 0.14293
16.07 -0.102341 0.0987998 0.14225
16.08 -0.108147 0.0913601 0.141571
16.09 -0.11342 0.0835853 0.140892
16.1 -0.118141 0.0755157 0.140214
16.11 -0.122296 0.0671877 0.139537
16.12 -0.12587 0.0586418 0.13886
16.13 -0.128853 0.0499184 0.138184
16.14 -0.131236 0.0410576 0.137509
16.15 -0.133017 0.0321003 0.136835
16.16 -0.13419 0.0230868 0.136162
16.17 -0.134758 0.0140583 0.135489
16.18 -0.134722 0.00505545 0.134817
16.19 -0.13409 -0.00388153 0.134147
16.2 -0.132869 -0.0127148 0.133476
16.21 -0.131071 -0.021404 0.132807
16.22 -0.128709 -0.0299132 0.132139
16.23 -0.125798 -0.0382048 0.131471
16.24 -0.122357 -0.0462448 0.130805
16.25 -0.118407 -0.0539986 0.130138
16.26 -0.113969 -0.0614343 0.129473
16.27 -0.10907 -0.0685215 0.128808
16.28 -0.103736 -0.0752334 0.128145
16.29 -0.097993 -0.0815416 0.127482
16.3 -0.0918734 -0.0874225 0.12682
16.31 -0.0854067 -0.0928545 0.12616
16.32 -0.0786264 -0.0978163 0.1255
16.33 -0.0715654 -0.102292 0.124841
16.34 -0.0642589 -0.106264 0.124183
16.35 -0.0567419 -0.109723 0.123526
16.36 -0.0490503 -0.112655 0.12287
16.37 -0.0412195 -0.115055 0.122216
16.38 -0.0332877 -0.116914 0.121561
16.39 -0.0252914 -0.118233 0.120908
16.4 -0.0172664 -0.11901 0.120256
16.41 -0.00925049 -0.119247 0.119605
16.42 -0.00127802 -0.118949 0.118956
16.43 0.00661358 -0.118122 0.118307
16.44 0.0143913 -0.116776 0.11766
16.45 0.0220204 -0.114923 0.117014
16.46 0.0294683 -0.112576 0.116369
16.47 0.0367022 -0.10975 0.115725
16.48 0.0436943 -0.106466 0.115083
16.49 0.0504136 -0.10274 0.114442
16.5 0.0568336 -0.0985959 0.113803
16.51 0.0629283 -0.0940551 0.113165
16.52 0.0686732 -0.0891445 0.112529
16.53 0.0740471 -0.0838883 0.111894
16.54 0.0790289 -0.078315 0.11126
16.55 0.0836006 -0.0724531 0.110628
16.56 0.0877463 -0.0663327 0.109997
16.57 0.0914526 -0.0599828 0.109369
16.58 0.0947056 -0.0534358 0.108741
16.59 0.0974974 -0.0467236 0.108115
16.6 0.0998193 -0.0398777 0.10749
16.61 0.101668 -0.0329319 0.106868
16.62 0.103038 -0.0259164 0.106247
16.63 0.103929 -0.0188657 0.105628
16.64 0.104344 -0.0118113 0.10501
16.65 0.104285 -0.00478499 0.104395
16.66 0.103757 0.00218213 0.10378
16.67 0.102769 0.00905727 0.103168
16.68 0.101331 0.0158126 0.102557
16.69 0.0994529 0.0224173 0.101948
16.7 0.09715 0.0288445 0.101342
16.71 0.0944349 0.035066 0.100735
16.72 0.0913275 0.0410557 0.100131
16.73 0.0878449 0.0467896 0.0995289
16.74 0.0840077 0.0522447 0.0989283
16.75 0.079837 0.057399 0.0983289
16.76 0.075357 0.0622326 0.0977322
16.77 0.0705896 0.0667282 0.0971368
16.78 0.0655614 0.0708679 0.0965431
16.79 0.0602974 0.0746383 0.0959513
16.8 0.0548247 0.0780246 0.0953603
16.81 0.0491716 0.0810184 0.0947725
16.82 0.0433643 0.0836092 0.0941858
16.83 0.0374317 0.0857904 0.0936008
16.84 0.0314026 0.0875562 0.0930173
16.85 0.0253058 0.0889048 0.0924362
16.86 0.0191689 0.0898334 0.0918558
16.87 0.0130223 0.0903441 0.0912778
16.88 0.00689243 0.0904389 0.0907012
16.89 0.000808992 0.0901226 0.0901263
16.9 -0.00520299 0.089403 0.0895543
16.91 -0.0111156 0.0882858 0.0889828
16.92 -0.016903 0.0867826 0.0884134
16.93 -0.0225402 0.084905 0.087846
16.94 -0.028004 0.0826665 0.087281
16.95 -0.0332711 0.0800807 0.0867173
16.96 -0.03832 0.0771654 0.0861564
16.97 -0.0431305 0.0739363 0.0855969
16.98 -0.047683 0.0704137 0.0850397
16.99 -0.0519614 0.0666158 0.0844847
17 -0.0559468 0.0625641 0.0839304
17.01 -0.059627 0.0582812 0.0833791
17.02 -0.0629883 0.053789 0.0828298
17.03 -0.0660197 0.0491105 0.0822827
17.04 -0.0687107 0.0442694 0.081737
17.05 -0.0710543 0.0392908 0.0811941
17.06 -0.0730429 0.0341985 0.0806524
17.07 -0.0746737 0.0290184 0.0801138
17.08 -0.0759427 0.0237735 0.0795768
17.09 -0.0768485 0.0184912 0.0790419
17.1 -0.0773934 0.0131939 0.07851
17.11 -0.0775779 0.00790688 0.0779798
17.12 -0.0774061 0.00265399 0.0774516
17.13 -0.0768834 -0.00254032 0.0769253
17.14 -0.0760175 -0.00765355 0.0764018
17.15 -0.0748159 -0.0126628 0.07588
17.16 -0.0732898 -0.0175475 0.0753612
17.17 -0.0714483 -0.0222859 0.0748433
17.18 -0.0693063 -0.0268575 0.0743283
17.19 -0.066876 -0.0312455 0.0738152
17.2 -0.064173 -0.0354299 0.0733038
17.21 -0.0612133 -0.0393952 0.0727946
17.22 -0.0580146 -0.0431258 0.0722878
17.23 -0.0545942 -0.0466083 0.0717835
17.24 -0.0509708 -0.0498292 0.0712809
17.25 -0.0471635 -0.0527779 0.0707807
17.26 -0.0431926 -0.0554426 0.0702815
17.27 -0.0390799 -0.0578171 0.0697858
17.28 -0.0348438 -0.0598931 0.0692912
17.29 -0.0305079 -0.061665 0.068799
17.3 -0.0260921 -0.0631291 0.0683087
17.31 -0.0216187 -0.0642827 0.0678206
17.32 -0.0171086 -0.0651247 0.0673345
17.33 -0.0125839 -0.0656547 0.0668498
17.34 -0.00806532 -0.0658754 0.0663673
17.35 -0.00357514 -0.0657894 0.0658865
17.36 0.000868035 -0.0654031 0.0654089
17.37 0.00524392 -0.0647197 0.0649318
17.38 0.00953167 -0.0637489 0.0644575
17.39 0.0137143 -0.0624978 0.0639848
17.4 0.0177725 -0.0609771 0.0635143
17.41 0.0216902 -0.0591973 0.0630459
17.42 0.0254502 -0.0571704 0.0625793
17.43 0.0290383 -0.0549097 0.0621152
17.44 0.0324393 -0.052429 0.0616531
17.45 0.0356417 -0.0497423 0.0611933
17.46 0.0386307 -0.0468648 0.0607342
17.47 0.0413973 -0.0438149 0.0602783
17.48 0.0439314 -0.0406068 0.0598238
17.49 0.046225 -0.0372599 0.0593721
17.5 0.0482706 -0.0337901 0.0589221
17.51 0.0500619 -0.0302165 0.0584741
17.52 0.051595 -0.0265568 0.0580285
17.53 0.0528663 -0.0228302 0.0575852
17.54 0.0538737 -0.0190533 0.0571437
17.55 0.054616 -0.0152469 0.0567043
17.56 0.0550957 -0.0114276 0.0562683
17.57 0.055312 -0.00761302 0.0558335
17.58 0.0552698 -0.0038216 0.0554018
17.59 0.0549713 -7.02254e-05 0.0549714
17.6 0.054423 0.00362325 0.0545435
17.61 0.0536312 0.00724345 0.0541181
17.62 0.052603 0.0107741 0.0536951
17.63 0.051346 0.0142006 0.0532735
17.64 0.0498711 0.017507 0.0528547
17.65 0.0481874 0.0206822 0.0524383
17.66 0.0463054 0.0237107 0.052023
17.67 0.0442386 0.0265822 0.0516108
17.68 0.0419981 0.0292845 0.0511999
17.69 0.0395987 0.0318087 0.0507922
17.7 0.0370526 0.0341458 0.0503868
17.71 0.0343741 0.0362868 0.0499832
17.72 0.0315778 0.0382249 0.0495812
17.73 0.0286799 0.0399545 0.0491823
17.74 0.0256934 0.0414709 0.0487851
17.75 0.0226356 0.042769 0.0483896
17.76 0.019521 0.0438481 0.0479971
17.77 0.0163653 0.0447044 0.0476057
17.78 0.0131841 0.0453394 0.0472174
17.79 0.00999213 0.0457519 0.0468303
17.8 0.00680606 0.0459437 0.0464451
17.81 0.00364007 0.0459179 0.046062
17.82 0.000509147 0.045679 0.0456818
17.83 -0.00257393 0.0452297 0.0453029
17.84 -0.00559335 0.0445767 0.0449262
17.85 -0.00853783 0.0437261 0.0445518
17.86 -0.0113927 0.0426845 0.0441788
17.87 -0.0141479 0.0414615 0.0438089
17.88 -0.0167906 0.0400638 0.04344
17.89 -0.0193103 0.0385027 0.0430738
17.9 -0.0216981 0.0367874 0.0427098
17.91 -0.0239445 0.0349288 0.0423481
17.92 -0.0260405 0.0329366 0.0419873
17.93 -0.027979 0.030825 0.0416293
17.94 -0.0297537 0.028604 0.0412731
17.95 -0.0313583 0.0262875 0.0409192
17.96 -0.03279 0.0238866 0.0405679
17.97 -0.0340422 0.0214149 0.0402178
17.98 -0.0351141 0.0188856 0.0398707
17.99 -0.0360031 0.0163108 0.0395255
18 -0.036708 0.013704 0.0391825
18.01 -0.0372279 0.0110779 0.0388411
18.02 -0.0375655 0.00844579 0.0385032
18.03 -0.0377206 0.00581889 0.0381668
18.04 -0.0376967 0.00321065 0.0378332
18.05 -0.037496 0.000631385 0.0375014
18.06 -0.0371223 -0.00190448 0.0371711
18.07 -0.036582 -0.00438783 0.0368443
18.08 -0.0358789 -0.00680736 0.036519
18.09 -0.0350199 -0.00915246 0.0361962
18.1 -0.0340111 -0.0114134 0.0358751
18.11 -0.0328611 -0.0135814 0.0355571
18.12 -0.0315759 -0.0156472 0.0352402
18.13 -0.0301657 -0.0176032 0.0349262
18.14 -0.0286378 -0.019442 0.0346138
18.15 -0.0270035 -0.0211559 0.0343039
18.16 -0.025271 -0.0227418 0.0339972
18.17 -0.0234497 -0.0241918 0.0336917
18.18 -0.0215506 -0.0255024 0.0333886
18.19 -0.0195836 -0.0266692 0.0330872
18.2 -0.0175597 -0.0276903 0.0327886
18.21 -0.0154888 -0.0285619 0.0324913
18.22 -0.0133821 -0.029284 0.0321968
18.23 -0.0112493 -0.0298544 0.0319035
18.24 -0.00910286 -0.0302739 0.0316129
18.25 -0.00695037 -0.0305433 0.0313241
18.26 -0.00480492 -0.0306621 0.0310363
18.27 -0.00267579 -0.0306345 0.0307511
18.28 -0.000572774 -0.0304623 0.0304676
18.29 0.00149493 -0.0301498 0.0301869
18.3 0.00351785 -0.0296995 0.0299071
18.31 0.00548746 -0.0291173 0.0296298
18.32 0.00739437 -0.0284071 0.0293537
18.33 0.00923121 -0.0275764 0.0290805
18.34 0.0109913 -0.0266292 0.0288084
18.35 0.0126654 -0.0255737 0.0285382
18.36 0.0142494 -0.0244166 0.0282704
18.37 0.015736 -0.0231646 0.0280039
18.38 0.0171205 -0.0218259 0.0277395
18.39 0.0183968 -0.020408 0.027476
18.4 0.019562 -0.0189201 0.0272147
18.41 0.0206116 -0.0173706 0.0269551
18.42 0.0215445 -0.0157679 0.0266982
18.43 0.0223566 -0.0141194 0.0264419
18.44 0.0230467 -0.0124365 0.0261881
18.45 0.0236145 -0.0107256 0.0259361
18.46 0.0240585 -0.00899681 0.0256857
18.47 0.0243801 -0.00725812 0.0254375
18.48 0.0245788 -0.00551839 0.0251907
18.49 0.0246576 -0.00378572 0.0249465
18.5 0.0246171 -0.00206844 0.0247038
18.51 0.0244604 -0.00037347 0.0244632
18.52 0.0241888 0.00129013 0.0242232
18.53 0.0238084 0.00291437 0.0239861
18.54 0.0233214 0.00449443 0.0237506
18.55 0.022733 0.00602141 0.0235169
18.56 0.0220474 0.00749086 0.0232852
18.57 0.0212695 0.00889504 0.0230545
18.58 0.0204058 0.0102298 0.0228264
18.59 0.0194613 0.0114891 0.0225996
18.6 0.0184423 0.0126694 0.0223748
18.61 0.0173552 0.0137649 0.0221512
18.62 0.0162076 0.0147739 0.0219307
18.63 0.0150036 0.0156928 0.0217111
18.64 0.0137525 0.0165178 0.0214934
18.65 0.0124593 0.0172476 0.0212771
18.66 0.0111328 0.0178793 0.021062
18.67 0.00977935 0.0184138 0.0208496
18.68 0.00840568 0.0188488 0.0206381
18.69 0.00701862 0.0191847 0.0204283
18.7 0.00562638 0.0194211 0.0202196
18.71 0.00423484 0.0195601 0.0200133
18.72 0.00285048 0.0196011 0.0198073
18.73 0.00148171 0.0195476 0.0196037
18.74 0.000132793 0.0194006 0.019401
18.75 -0.00118821 0.0191635 0.0192003
18.76 -0.0024776 0.0188393 0.0190015
18.77 -0.00372823 0.0184299 0.0188032
18.78 -0.00493515 0.01794 0.0186065
18.79 -0.00609241 0.0173741 0.0184113
18.8 -0.00719728 0.0167362 0.0182181
18.81 -0.00824386 0.01603 0.0180256
18.82 -0.00922886 0.0152619 0.0178353
18.83 -0.0101485 0.0144349 0.0176453
18.84 -0.0109992 0.0135566 0.0174575
18.85 -0.0117792 0.0126304 0.0172707
18.86 -0.0124844 0.0116629 0.0170846
18.87 -0.0131146 0.0106601 0.0169006
18.88 -0.0136677 0.00962762 0.0167182
18.89 -0.0141434 0.00856998 0.0165372
18.9 -0.0145394 0.00749385 0.016357
18.91 -0.0148571 0.00640531 0.016179
18.92 -0.0150951 0.00530905 0.0160015
18.93 -0.0152561 0.00421222 0.0158269
18.94 -0.0153395 0.00311748 0.0156531
18.95 -0.0153464 0.00203259 0.0154805
18.96 -0.0152798 0.000961219 0.01531
18.97 -0.0151403 -9.10263e-05 0.0151405
18.98 -0.0149305 -0.0011202 0.0149725
18.99 -0.014653 -0.00212019 0.0148056
19 -0.0143116 -0.003088 0.014641
19.01 -0.013908 -0.00401926 0.0144771
19.02 -0.0134476 -0.00491062 0.0143161
19.03 -0.0129307 -0.00575881 0.0141551
19.04 -0.0123638 -0.00655887 0.0139958
19.05 -0.0117503 -0.00731035 0.0138387
19.06 -0.0110938 -0.00800931 0.0136829
19.07 -0.0103984 -0.00865473 0.0135289
19.08 -0.00966861 -0.00924343 0.0133762
19.09 -0.00890838 -0.00977505 0.0132254
19.1 -0.00812188 -0.010247 0.0130754
19.11 -0.0073143 -0.0106597 0.0129278
19.12 -0.00648835 -0.0110104 0.0127799
19.13 -0.00565133 -0.0113004 0.0126347
19.14 -0.0048048 -0.0115299 0.012491
19.15 -0.0039542 -0.0116978 0.012348
19.16 -0.00310321 -0.0118053 0.0122063
19.17 -0.00225732 -0.0118527 0.0120658
19.18 -0.00141954 -0.011842 0.0119268
19.19 -0.000594396 -0.0117741 0.0117891
19.2 0.000215354 -0.0116514 0.0116533
19.21 0.00100531 -0.0114735 0.0115174
19.22 0.00177184 -0.0112456 0.0113843
19.23 0.00251311 -0.0109674 0.0112516
19.24 0.00322422 -0.0106422 0.0111199
19.25 0.00390361 -0.0102729 0.0109895
19.26 0.00454758 -0.00986243 0.0108604
19.27 0.00515523 -0.0094136 0.0107328
19.28 0.00572343 -0.00892929 0.0106061
19.29 0.00625074 -0.00841246 0.0104805
19.3 0.00673374 -0.00786642 0.0103549
19.31 0.00717341 -0.00729656 0.0102322
19.32 0.00756752 -0.00670335 0.0101095
19.33 0.00791514 -0.00609252 0.00998841
19.34 0.00821648 -0.00546602 0.00986853
19.35 0.00846993 -0.0048284 0.00974952
19.36 0.00867675 -0.00418219 0.00963206
19.37 0.00883594 -0.00353135 0.00951548
19.38 0.00894841 -0.00287888 0.0094001
19.39 0.00901413 -0.0022288 0.00928559
19.4 0.00903617 -0.00158338 0.00917385
19.41 0.0090121 -0.000944845 0.00906149
19.42 0.00894528 -0.000318109 0.00895093
19.43 0.00883611 0.000295616 0.00884105
19.44 0.00868668 0.000891771 0.00873234
19.45 0.00849927 0.00147011 0.00862547
19.46 0.00827466 0.0020268 0.00851927
19.47 0.00801522 0.00256026 0.0084142
19.48 0.00772322 0.00306756 0.00831011
19.49 0.00740146 0.0035485 0.00820813
19.5 0.00705014 0.00399956 0.00810561
19.51 0.00667468 0.00442022 0.0080056
19.52 0.00627511 0.00480938 0.00790615
19.53 0.00585552 0.00516539 0.00780823
19.54 0.00541685 0.00548869 0.00771155
19.55 0.00496224 0.00577621 0.00761501
19.56 0.00449459 0.00602843 0.00751953
19.57 0.00401709 0.0062449 0.00742535
19.58 0.00353119 0.00642636 0.00733263
19.59 0.0030396 0.00657049 0.00723951
19.6 0.00254574 0.00667983 0.00714849
19.61 0.00205094 0.00675252 0.00705711
19.62 0.0015593 0.00679053 0.00696726
19.63 0.00107131 0.0067942 0.00687815
19.64 0.000591275 0.00676358 0.00678937
19.65 0.000120238 0.00670099 0.00670207
19.66 -0.000339449 0.00660715 0.00661586
19.67 -0.000786659 0.00648273 0.00653029
19.68 -0.00121774 0.00632831 0.00644441
19.69 -0.00163187 0.00614746 0.00636036
19.7 -0.00202676 0.00593968 0.00627595
19.71 -0.00240145 0.00570894 0.00619347
19.72 -0.00275526 0.00545463 0.006111
19.73 -0.00308457 0.00517972 0.0060286
19.74 -0.00339036 0.00488644 0.00594743
19.75 -0.00367048 0.0045766 0.00586666
19.76 -0.00392484 0.00425199 0.00578652
19.77 -0.00415174 0.00391521 0.00570664
19.78 -0.00435264 0.00356869 0.00562859
19.79 -0.00452538 0.00321328 0.00555016
19.8 -0.00467175 0.00285233 0.00547366
19.81 -0.00478994 0.00248585 0.00539657
19.82 -0.00488018 0.00211882 0.0053203
19.83 -0.00494484 0.00175113 0.00524575
19.84 -0.00498261 0.0013853 0.0051716
19.85 -0.00499472 0.00102232 0.00509827
19.86 -0.00498092 0.000665054 0.00502512
19.87 -0.00494326 0.00031467 0.00495327
19.88 -0.00488115 -2.67188e-05 0.00488122
19.89 -0.00479792 -0.000358207 0.00481127
19.9 -0.00469188 -0.000678425 0.00474068
19.91 -0.00456671 -0.000984741 0.00467167
19.92 -0.0044228 -0.00127864 0.00460392
19.93 -0.00426074 -0.00155675 0.00453623
19.94 -0.00408245 -0.00181936 0.0044695
19.95 -0.0038895 -0.0020644 0.0044034
19.96 -0.00368372 -0.00229256 0.00433885
19.97 -0.00346572 -0.00250249 0.00427477
19.98 -0.00323735 -0.0026951 0.00421236
19.99 -0.00299852 -0.00286754 0.00414897
20 -0.00275346 -0.00302078 0.00408737
20.01 -0.00250134 -0.00315534 0.00402652
20.02 -0.00224486 -0.00326949 0.00396597
20.03 -0.0019847 -0.00336486 0.00390657
20.04 -0.00172294 -0.00344028 0.0038476
20.05 -0.00146041 -0.00349693 0.00378963
20.06 -0.00119861 -0.00353421 0.00373193
20.07 -0.000938646 -0.0035534 0.00367528
20.08 -0.000682441 -0.00355309 0.00361803
20.09 -0.000431484 -0.00353696 0.00356318
20.1 -0.000184739 -0.0035037 0.00350857
20.11 5.45768e-05 -0.00345382 0.00345425
20.12 0.000287105 -0.00338859 0.00340073
20.13 0.000509874 -0.00330819 0.00334725
20.14 0.000723514 -0.00321467 0.00329508
20.15 0.000926854 -0.00310804 0.0032433
20.16 0.00111965 -0.00298955 0.00319234
20.17 0.00129987 -0.00285924 0.00314085
20.18 0.00146843 -0.00272033 0.00309136
20.19 0.00162442 -0.00257108 0.00304124
20.2 0.00176625 -0.00241482 0.00299182
20.21 0.00189565 -0.00225166 0.00294337
20.22 0.00201035 -0.00208342 0.0028952
20.23 0.00211278 -0.00191077 0.00284866
20.24 0.00220111 -0.00173397 0.00280206
20.25 0.00227573 -0.00155461 0.00275604
20.26 0.00233585 -0.00137402 0.00271001
20.27 0.00238416 -0.00119358 0.00266624
20.28 0.00241866 -0.00101231 0.00262196
20.29 0.00244069 -0.00083308 0.00257895
20.3 0.00245035 -0.000654626 0.00253628
20.31 0.00244701 -0.000480276 0.00249369
20.32 0.00243315 -0.000308796 0.00245267
20.33 0.00240725 -0.000141883 0.00241142
20.34 0.00237104 1.98076e-05 0.00237113
20.35 0.00232477 0.00017552 0.00233138
20.36 0.00227011 0.000325785 0.00229337
20.37 0.00220513 0.000469563 0.00225457
20.38 0.00213278 0.000605818 0.00221716
20.39 0.00205227 0.000735087 0.00217995
20.4 0.00196555 0.000855453 0.00214364
20.41 0.00187285 0.000969694 0.00210899
20.42 0.00177347 0.00107502 0.00207385
20.43 0.00166903 0.00117188 0.00203936
20.44 0.00156016 0.00125964 0.00200519
20.45 0.00144773 0.00133914 0.00197211
20.46 0.00133138 0.00140894 0.00193847
20.47 0.00121333 0.00147027 0.00190627
20.48 0.00109242 0.00152228 0.0018737
20.49 0.000971312 0.00156495 0.00184188
20.5 0.000848486 0.0015998 0.00181088
20.51 0.000725972 0.00162413 0.001779
20.52 0.000604548 0.00164042 0.00174827
20.53 0.000484494 0.00164828 0.00171802
20.54 0.000365829 0.00164857 0.00168867
20.55 0.000248895 0.00163986 0.00165864
20.56 0.000135022 0.00162385 0.00162946
20.57 2.43007e-05 0.00159927 0.00159945
20.58 -8.15149e-05 0.00156846 0.00157058
20.59 -0.000184796 0.00153112 0.00154223
20.6 -0.000282134 0.00148637 0.00151291
20.61 -0.000375006 0.00143658 0.00148472
20.62 -0.00046203 0.00138081 0.00145606
20.63 -0.000543418 0.00132054 0.00142798
20.64 -0.000618439 0.00125526 0.00139934
20.65 -0.000687168 0.00118717 0.0013717
20.66 -0.000749339 0.00111525 0.00134361
20.67 -0.000805413 0.00104198 0.00131697
20.68 -0.000856081 0.00096514 0.0012901
20.69 -0.000898317 0.000886984 0.00126242
20.7 -0.00093538 0.000808365 0.00123628
20.71 -0.000965392 0.00072922 0.00120985
20.72 -0.000990164 0.000650293 0.00118461
20.73 -0.0010086 0.000570954 0.00115899
20.74 -0.00102118 0.000492797 0.00113387
20.75 -0.00102741 0.000415646 0.00110831
20.76 -0.00102921 0.000340952 0.00108422
20.77 -0.00102561 0.000266961 0.00105978
20.78 -0.00101662 0.000196645 0.00103546
20.79 -0.00100457 0.000128075 0.00101271
20.8 -0.000987439 6.26057e-05 0.000989422
20.81 -0.000967261 -2.60352e-07 0.000967261
20.82 -0.00094282 -6.00776e-05 0.000944732
20.83 -0.000915626 -0.00011598 0.000922942
20.84 -0.000885682 -0.000168597 0.000901586
20.85 -0.000854279 -0.000218372 0.000881748
20.86 -0.000819148 -0.000265465 0.000861089
20.87 -0.000782263 -0.000307749 0.000840621
20.88 -0.000743961 -0.000347478 0.000821108
20.89 -0.000704019 -0.000382417 0.000801178
20.9 -0.000663722 -0.000414936 0.000782751
20.91 -0.000621713 -0.000443587 0.000763739
20.92 -0.00057964 -0.000468428 0.000745257
20.93 -0.000537074 -0.00048991 0.000726953
20.94 -0.000494971 -0.000508438 0.000709581
20.95 -0.000452037 -0.000523221 0.000691446
20.96 -0.000410961 -0.000534622 0.000674321
20.97 -0.000369899 -0.000544315 0.000658106
20.98 -0.000329888 -0.000550261 0.00064157
20.99 -0.000290288 -0.000554992 0.000626325
21 -0.000251339 -0.000555612 0.000609816
21.01 -0.000214752 -0.000554176 0.000594331
21.02 -0.000179241 -0.0005509 0.000579326
21.03 -0.000145309 -0.000546184 0.000565183
21.04 -0.000112069 -0.000538744 0.000550277
21.05 -8.15729e-05 -0.000529964 0.000536205
21.06 -5.19965e-05 -0.000519737 0.000522332
21.07 -2.55247e-05 -0.00050804 0.000508681
21.08 4.09824e-07 -0.000496674 0.000496674
21.09 2.39617e-05 -0.000483194 0.000483788
21.1 4.57274e-05 -0.000470477 0.000472694
21.11 6.66461e-05 -0.000456989 0.000461823
21.12 8.59196e-05 -0.000443362 0.00045161
21.13 0.00010387 -0.000428742 0.000441145
21.14 0.000119976 -0.000415126 0.000432115
21.15 0.000135705 -0.000401097 0.000423432
21.16 0.000149916 -0.000387585 0.000415568
21.17 0.000164787 -0.000373646 0.000408371
21.18 0.000176821 -0.000358951 0.000400139
21.19 0.000188655 -0.000345839 0.000393949
21.2 0.000200008 -0.000332453 0.00038798
21.21 0.000210922 -0.000319651 0.000382969
21.22 0.000221534 -0.000306218 0.000377951
21.23 0.000231627 -0.000293452 0.000373852
21.24 0.000241305 -0.000280053 0.000369672
21.25 0.000250723 -0.000267412 0.000366567
21.26 0.00026062 -0.000253588 0.000363634
21.27 0.000268744 -0.000240131 0.000360398
21.28 0.000278259 -0.000226553 0.000358823
21.29 0.000286712 -0.000211728 0.000356416
21.3 0.000294615 -0.000196798 0.000354299
21.31 0.000301479 -0.000181073 0.000351677
21.32 0.00030783 -0.000166042 0.000349756
21.33 0.00031362 -0.000150261 0.000347759
21.34 0.000319363 -0.000134394 0.000346489
21.35 0.000323799 -0.000116939 0.000344268
21.36 0.000326428 -0.00010086 0.000341654
21.37 0.000329784 -8.41066e-05 0.00034034
21.38 0.000331404 -6.74856e-05 0.000338206
21.39 0.000333163 -5.07832e-05 0.000337012
21.4 0.000333354 -3.34001e-05 0.000335023
21.41 0.000332997 -1.69089e-05 0.000333426
21.42 0.000331477 -2.3004e-08 0.000331477
21.43 0.000329632 1.64227e-05 0.00033004
21.44 0.000326092 3.30332e-05 0.00032776
21.45 0.000322354 4.79263e-05 0.000325897
21.46 0.000318586 6.41868e-05 0.000324988
21.47 0.000313103 7.91272e-05 0.000322947
21.48 0.000307706 9.42322e-05 0.000321811
21.49 0.000300808 0.000108404 0.000319745
21.5 0.000294867 0.000121532 0.000318931
21.51 0.000288268 0.000135336 0.000318456
21.52 0.000281502 0.000149128 0.000318563
21.53 0.000273053 0.00016252 0.000317759
21.54 0.000265159 0.000174831 0.000317609
21.55 0.000256491 0.000188093 0.000318068
21.56 0.0002475 0.000199958 0.000318182
21.57 0.000238075 0.000213135 0.00031954
21.58 0.000227189 0.000225025 0.000319767
21.59 0.00021684 0.000236769 0.000321059
21.6 0.00020496 0.000248582 0.000322183
21.61 0.000192931 0.000259733 0.000323549
21.62 0.000179946 0.000270108 0.00032456
21.63 0.000167355 0.00028053 0.000326657
21.64 0.000153055 0.000291168 0.000328945
21.65 0.000138432 0.000300595 0.000330939
21.66 0.00012216 0.000310273 0.000333455
21.67 0.000105609 0.0003177 0.000334794
21.68 8.92367e-05 0.000325682 0.000337686
21.69 7.08321e-05 0.000332998 0.000340448
21.7 5.19693e-05 0.000339169 0.000343127
21.71 3.19944e-05 0.000343533 0.000345019
21.72 1.23233e-05 0.000347035 0.000347254
21.73 -8.18512e-06 0.000349215 0.000349311
21.74 -2.82905e-05 0.000350382 0.000351522
21.75 -5.00136e-05 0.00035066 0.000354209
21.76 -7.07696e-05 0.000348544 0.000355656
21.77 -9.19464e-05 0.000346561 0.000358551
21.78 -0.000113837 0.000342303 0.000360736
21.79 -0.000134855 0.000337139 0.00036311
21.8 -0.000156212 0.000330277 0.000365356
21.81 -0.000177064 0.00032289 0.000368252
21.82 -0.000198406 0.000313604 0.000371096
21.83 -0.000219082 0.000302933 0.000373853
21.84 -0.000240011 0.000290077 0.000376497
21.85 -0.000258309 0.000275817 0.000377887
21.86 -0.000277326 0.000261565 0.000381216
21.87 -0.000295609 0.000244779 0.000383799
21.88 -0.000312886 0.000227324 0.000386747
21.89 -0.000329308 0.000207455 0.000389206
21.9 -0.000343941 0.000187431 0.000391696
21.91 -0.000357843 0.000165986 0.000394465
21.92 -0.000370752 0.000143845 0.000397679
21.93 -0.000382794 0.000119555 0.00040103
21.94 -0.000392094 9.47798e-05 0.000403387
21.95 -0.000401418 6.88176e-05 0.000407274
21.96 -0.000407749 4.11964e-05 0.000409825
21.97 -0.000412665 1.36131e-05 0.00041289
21.98 -0.000415368 -1.56244e-05 0.000415662
21.99 -0.000415994 -4.41752e-05 0.000418333
22 -0.000414839 -7.40221e-05 0.000421391
22.01 -0.00041122 -0.00010401 0.00042417
22.02 -0.000404596 -0.000134327 0.000426312
22.03 -0.000395313 -0.000162911 0.000427566
22.04 -0.000385211 -0.000191787 0.000430313
22.05 -0.000371793 -0.000220028 0.000432021
22.06 -0.000356887 -0.00024763 0.000434384
22.07 -0.000338464 -0.000274741 0.000435936
22.08 -0.000318341 -0.000298957 0.000436711
22.09 -0.000296544 -0.000322624 0.000438206
22.1 -0.000272883 -0.000344528 0.000439505
22.11 -0.000246801 -0.000364852 0.000440486
22.12 -0.000219138 -0.000382331 0.000440679
22.13 -0.000190247 -0.000398351 0.000441449
22.14 -0.000159479 -0.000410884 0.000440749
22.15 -0.000128709 -0.000421554 0.000440765
22.16 -9.61457e-05 -0.000429399 0.000440031
22.17 -6.45076e-05 -0.000433983 0.000438751
22.18 -3.20463e-05 -0.000437325 0.000438498
22.19 4.3842e-07 -0.000437426 0.000437426
22.2 3.30355e-05 -0.000434837 0.00043609
22.21 6.43204e-05 -0.000429281 0.000434073
22.22 9.48188e-05 -0.000422443 0.000432954
22.23 0.000124784 -0.000412726 0.000431178
22.24 0.000153952 -0.00040202 0.000430489
22.25 0.000183003 -0.000387644 0.00042867
22.26 0.000208864 -0.000371317 0.000426029
22.27 0.000234286 -0.000354177 0.000424655
22.28 0.0002576 -0.000334983 0.000422577
22.29 0.000280091 -0.000314534 0.000421169
22.3 0.000300356 -0.000292228 0.00041906
22.31 0.000318929 -0.0002691 0.00041729
22.32 0.000335256 -0.000244468 0.000414923
22.33 0.000350282 -0.000220182 0.000413736
22.34 0.000363626 -0.000193615 0.000411959
22.35 0.000374298 -0.000167576 0.000410099
22.36 0.00038474 -0.000140672 0.000409651
22.37 0.00039225 -0.000112767 0.000408138
22.38 0.000398573 -8.44731e-05 0.000407426
22.39 0.00040204 -5.57809e-05 0.000405891
22.4 0.000403867 -2.74928e-05 0.000404802
22.41 0.000403779 1.03129e-06 0.00040378
22.42 0.000402462 2.94239e-05 0.000403536
22.43 0.000397922 5.90026e-05 0.000402272
22.44 0.000390971 8.64128e-05 0.000400407
22.45 0.000383029 0.00011374 0.00039956
22.46 0.000372616 0.000139921 0.000398021
22.47 0.000361675 0.000165936 0.000397924
22.48 0.000347696 0.000191357 0.000396875
22.49 0.000332076 0.000215213 0.000395716
22.5 0.000314924 0.000237706 0.000394564
22.51 0.00029686 0.000259036 0.000393986
22.52 0.000276284 0.000279631 0.000393098
22.53 0.000254906 0.000297734 0.000391947
22.54 0.000231966 0.000315281 0.000391421
22.55 0.000207354 0.000330005 0.000389742
22.56 0.000182602 0.000343676 0.000389174
22.57 0.000155855 0.000354739 0.000387467
22.58 0.000129466 0.000363602 0.000385963
22.59 0.000102665 0.000370844 0.000384792
22.6 7.55264e-05 0.000376425 0.000383927
22.61 4.70615e-05 0.000379857 0.000382762
22.62 1.96842e-05 0.000380412 0.000380921
22.63 -8.02829e-06 0.000379754 0.000379839
22.64 -3.49207e-05 0.000376565 0.000378181
22.65 -6.16841e-05 0.000373222 0.000378285
22.66 -8.95211e-05 0.000366523 0.000377297
22.67 -0.000115686 0.00035788 0.000376113
22.68 -0.00014115 0.000347319 0.000374905
22.69 -0.000165416 0.0003354 0.000373973
22.7 -0.000189619 0.000321834 0.000373541
22.71 -0.000212103 0.000306283 0.000372555
22.72 -0.000234343 0.00028897 0.000372049
22.73 -0.00025391 0.000269611 0.000370352
22.74 -0.000272672 0.000250271 0.000370116
22.75 -0.000290275 0.000228108 0.000369178
22.76 -0.000305528 0.000205852 0.000368405
22.77 -0.000319798 0.000182057 0.000367989
22.78 -0.00033211 0.000157361 0.000367504
22.79 -0.000343026 0.000131428 0.000367342
22.8 -0.000351168 0.000104567 0.000366406
22.81 -0.000357785 7.69464e-05 0.000365965
22.82 -0.000361305 4.92571e-05 0.000364647
22.83 -0.000364155 2.15154e-05 0.00036479
22.84 -0.000364021 -8.18391e-06 0.000364113
22.85 -0.000360854 -3.65752e-05 0.000362703
22.86 -0.000355392 -6.51568e-05 0.000361315
22.87 -0.000347509 -9.22286e-05 0.000359539
22.88 -0.000338314 -0.000118839 0.000358579
22.89 -0.00032644 -0.00014509 0.000357231
22.9 -0.000312288 -0.000170476 0.000355789
22.91 -0.000295242 -0.000193443 0.00035297
22.92 -0.000277836 -0.000214908 0.000351253
22.93 -0.000257989 -0.000235471 0.000349292
22.94 -0.000237073 -0.00025351 0.00034709
22.95 -0.000214203 -0.000270793 0.000345271
22.96 -0.000189887 -0.000284717 0.00034223
22.97 -0.000165234 -0.00029679 0.000339686
22.98 -0.000139357 -0.000306625 0.000336807
22.99 -0.000113239 -0.000314092 0.000333881
23 -8.66298e-05 -0.000318547 0.000330117
23.01 -6.08642e-05 -0.000321553 0.000327263
23.02 -3.41291e-05 -0.000322122 0.000323925
23.03 -8.70105e-06 -0.000319995 0.000320113
23.04 1.68699e-05 -0.000316487 0.000316936
23.05 4.07408e-05 -0.000309905 0.000312572
23.06 6.35114e-05 -0.000303068 0.000309651
23.07 8.63303e-05 -0.000294385 0.000306782
23.08 0.000108019 -0.000283817 0.000303677
23.09 0.000128505 -0.00027083 0.000299771
23.1 0.000146738 -0.000257431 0.000296316
23.11 0.00016431 -0.000242596 0.000293003
23.12 0.000180066 -0.000227158 0.000289869
23.13 0.000195873 -0.000210508 0.000287541
23.14 0.000208568 -0.000191668 0.000283262
23.15 0.000219703 -0.000173668 0.000280054
23.16 0.000229571 -0.00015489 0.000276937
23.17 0.000237949 -0.000136174 0.000274159
23.18 0.000245342 -0.000116444 0.000271573
23.19 0.000250748 -9.68999e-05 0.000268819
23.2 0.000254734 -7.66099e-05 0.000266005
23.21 0.000256973 -5.72145e-05 0.000263265
23.22 0.000258908 -3.72595e-05 0.000261575
23.23 0.000257994 -1.7026e-05 0.000258555
23.24 0.000256715 2.12306e-06 0.000256724
23.25 0.00025366 2.19486e-05 0.000254608
23.26 0.000248945 4.08728e-05 0.000252278
23.27 0.000242922 5.97242e-05 0.000250156
23.28 0.000235048 7.71236e-05 0.000247378
23.29 0.000226269 9.39911e-05 0.000245014
23.3 0.000216691 0.000109505 0.000242789
23.31 0.000206183 0.000125339 0.000241291
23.32 0.000193118 0.000139653 0.000238322
23.33 0.000180367 0.000152105 0.000235941
23.34 0.000166395 0.000163841 0.000233519
23.35 0.000152504 0.00017416 0.000231494
23.36 0.000137762 0.000184559 0.000230305
23.37 0.000121351 0.000192957 0.000227944
23.38 0.000104653 0.00019976 0.000225514
23.39 8.83953e-05 0.000204537 0.000222821
23.4 7.20093e-05 0.000209243 0.000221287
23.41 5.46677e-05 0.000212177 0.000219106
23.42 3.78686e-05 0.000213919 0.000217245
23.43 2.00648e-05 0.00021383 0.000214769
23.44 4.07144e-06 0.000211963 0.000212002
23.45 -1.18634e-05 0.00021011 0.000210444
23.46 -2.78146e-05 0.000206464 0.000208329
23.47 -4.31828e-05 0.000202153 0.000206714
23.48 -5.78434e-05 0.0001962 0.000204549
23.49 -7.21924e-05 0.000189928 0.000203185
23.5 -8.59252e-05 0.00018199 0.000201255
23.51 -9.85867e-05 0.000173804 0.000199818
23.52 -0.000111523 0.000164114 0.000198421
23.53 -0.000122354 0.000153845 0.000196567
23.54 -0.000133653 0.00014326 0.000195925
23.55 -0.000143784 0.000130704 0.000194313
23.56 -0.000152458 0.000118015 0.000192797
23.57 -0.000159705 0.000104402 0.000190802
23.58 -0.000166263 9.12283e-05 0.000189647
23.59 -0.000171879 7.70886e-05 0.000188375
23.6 -0.000176552 6.27038e-05 0.000187357
23.61 -0.000180024 4.69237e-05 0.000186039
23.62 -0.000180771 3.21389e-05 0.000183605
23.63 -0.000181983 1.77114e-05 0.000182843
23.64 -0.000181817 2.50624e-06 0.000181834
23.65 -0.000180652 -1.25298e-05 0.000181086
23.66 -0.00017747 -2.83728e-05 0.000179724
23.67 -0.000172636 -4.27709e-05 0.000177855
23.68 -0.000166626 -5.64679e-05 0.000175934
23.69 -0.000160276 -6.95063e-05 0.000174699
23.7 -0.000152515 -8.3045e-05 0.000173658
23.71 -0.000142485 -9.48337e-05 0.000171159
23.72 -0.000132338 -0.000105726 0.000169385
23.73 -0.000120716 -0.000115138 0.00016682
23.74 -0.000109491 -0.000123125 0.000164766
23.75 -9.72555e-05 -0.00013112 0.000163252
23.76 -8.43028e-05 -0.000137105 0.00016095
23.77 -7.08482e-05 -0.000141909 0.000158612
23.78 -5.76783e-05 -0.000145279 0.00015631
23.79 -4.40612e-05 -0.000147779 0.000154208
23.8 -3.03355e-05 -0.000148292 0.000151363
23.81 -1.73165e-05 -0.000148345 0.000149352
23.82 -3.76598e-06 -0.000146499 0.000146547
23.83 8.38649e-06 -0.000143674 0.000143918
23.84 2.08962e-05 -0.000140214 0.000141763
23.85 3.22042e-05 -0.00013461 0.000138409
23.86 4.24834e-05 -0.000128731 0.00013556
23.87 5.15439e-05 -0.000122332 0.000132748
23.88 6.04884e-05 -0.000115658 0.000130521
23.89 6.86889e-05 -0.00010779 0.000127816
23.9 7.57562e-05 -9.98559e-05 0.00012534
23.91 8.19527e-05 -9.069e-05 0.000122233
23.92 8.63978e-05 -8.26915e-05 0.000119593
23.93 9.17669e-05 -7.47066e-05 0.000118331
23.94 9.59705e-05 -6.53528e-05 0.000116109
23.95 9.9386e-05 -5.60878e-05 0.00011412
23.96 0.000101036 -4.6589e-05 0.00011126
23.97 0.000102192 -3.79883e-05 0.000109025
23.98 0.000103055 -2.95502e-05 0.000107208
23.99 0.000103751 -2.10563e-05 0.000105866
24 0.000103294 -1.13022e-05 0.00010391
24.01 0.000101041 -3.28642e-06 0.000101094
24.02 9.93051e-05 4.30346e-06 9.93983e-05
24.03 9.68173e-05 1.16552e-05 9.75163e-05
24.04 9.48621e-05 1.86738e-05 9.66826e-05
24.05 9.14656e-05 2.64007e-05 9.51995e-05
24.06 8.73284e-05 3.3108e-05 9.33937e-05
24.07 8.28376e-05 3.89117e-05 9.15215e-05
24.08 7.86304e-05 4.43457e-05 9.02734e-05
24.09 7.38599e-05 5.04217e-05 8.94295e-05
24.1 6.81845e-05 5.52077e-05 8.77326e-05
24.11 6.23746e-05 6.01186e-05 8.66304e-05
24.12 5.56495e-05 6.37256e-05 8.46039e-05
24.13 4.99314e-05 6.65798e-05 8.32227e-05
24.14 4.33266e-05 6.96672e-05 8.2041e-05
24.15 3.68602e-05 7.16161e-05 8.05453e-05
24.16 3.03179e-05 7.29712e-05 7.90188e-05
24.17 2.39694e-05 7.3846e-05 7.76387e-05
24.18 1.75409e-05 7.44257e-05 7.64648e-05
24.19 1.13229e-05 7.38411e-05 7.47042e-05
24.2 5.35353e-06 7.3692e-05 7.38862e-05
24.21 -7.63693e-07 7.23465e-05 7.23506e-05
24.22 -5.98193e-06 7.11315e-05 7.13826e-05
24.23 -1.22406e-05 6.97041e-05 7.07707e-05
24.24 -1.75971e-05 6.69389e-05 6.92133e-05
24.25 -2.25452e-05 6.39552e-05 6.78126e-05
24.26 -2.68428e-05 6.08929e-05 6.65469e-05
24.27 -3.10423e-05 5.787e-05 6.56702e-05
24.28 -3.51761e-05 5.41208e-05 6.45478e-05
24.29 -3.91331e-05 5.03331e-05 6.37559e-05
24.3 -4.20727e-05 4.5247e-05 6.17851e-05
24.31 -4.38916e-05 4.15288e-05 6.04244e-05
24.32 -4.68348e-05 3.79651e-05 6.02896e-05
24.33 -4.91655e-05 3.37004e-05 5.96068e-05
24.34 -5.17122e-05 2.90585e-05 5.93174e-05
24.35 -5.29496e-05 2.39527e-05 5.81153e-05
24.36 -5.3509e-05 1.95611e-05 5.69724e-05
24.37 -5.43877e-05 1.54592e-05 5.65421e-05
24.38 -5.57795e-05 1.11533e-05 5.68836e-05
24.39 -5.61165e-05 5.12656e-06 5.63502e-05
24.4 -5.51187e-05 1.74537e-07 5.5119e-05
24.41 -5.40516e-05 -4.50028e-06 5.42387e-05
24.42 -5.24301e-05 -8.43609e-06 5.31045e-05
24.43 -5.20519e-05 -1.25383e-05 5.35408e-05
24.44 -5.03594e-05 -1.76766e-05 5.33716e-05
24.45 -4.7442e-05 -2.21905e-05 5.23751e-05
24.46 -4.42454e-05 -2.56356e-05 5.11355e-05
24.47 -4.1582e-05 -2.83421e-05 5.03223e-05
24.48 -3.88374e-05 -3.20409e-05 5.03485e-05
24.49 -3.55438e-05 -3.53865e-05 5.01554e-05
24.5 -3.11305e-05 -3.89515e-05 4.98631e-05
24.51 -2.58081e-05 -4.06815e-05 4.81772e-05
24.52 -2.2104e-05 -4.17197e-05 4.72136e-05
24.53 -1.79005e-05 -4.32677e-05 4.68244e-05
24.54 -1.33865e-05 -4.45184e-05 4.64875e-05
24.55 -8.2979e-06 -4.50361e-05 4.57942e-05
24.56 -3.24236e-06 -4.40758e-05 4.41949e-05
24.57 9.0189e-07 -4.27431e-05 4.27526e-05
24.58 4.09925e-06 -4.11678e-05 4.13714e-05
24.59 7.92299e-06 -4.05088e-05 4.12763e-05
24.6 1.22594e-05 -3.84513e-05 4.03584e-05
24.61 1.53895e-05 -3.5814e-05 3.89805e-05
24.62 1.84192e-05 -3.29427e-05 3.77424e-05
24.63 2.02233e-05 -3.02339e-05 3.6374e-05
24.64 2.23486e-05 -2.80507e-05 3.58651e-05
24.65 2.48483e-05 -2.50872e-05 3.53101e-05
24.66 2.65759e-05 -2.15798e-05 3.4234e-05
24.67 2.70851e-05 -1.77502e-05 3.23832e-05
24.68 2.75467e-05 -1.50481e-05 3.1389e-05
24.69 2.78288e-05 -1.19711e-05 3.02944e-05
24.7 2.79031e-05 -9.30957e-06 2.94152e-05
24.71 2.82335e-05 -6.04618e-06 2.88737e-05
24.72 2.69246e-05 -3.08407e-06 2.71006e-05
24.73 2.59435e-05 -1.13823e-06 2.59685e-05
24.74 2.52275e-05 7.64543e-07 2.52391e-05
24.75 2.44591e-05 2.52793e-06 2.45894e-05
24.76 2.34278e-05 4.73522e-06 2.39016e-05
24.77 2.22934e-05 6.35897e-06 2.31825e-05
24.78 2.05805e-05 8.04461e-06 2.20969e-05
24.79 1.93554e-05 8.86828e-06 2.12904e-05
24.8 1.86582e-05 1.04525e-05 2.13866e-05
24.81 1.67747e-05 1.18927e-05 2.05627e-05
24.82 1.53989e-05 1.29455e-05 2.01175e-05
24.83 1.36139e-05 1.38585e-05 1.94267e-05
24.84 1.19885e-05 1.41227e-05 1.8525e-05
24.85 1.07348e-05 1.47755e-05 1.82634e-05
24.86 9.38245e-06 1.5172e-05 1.78387e-05
24.87 7.44458e-06 1.56683e-05 1.7347e-05
24.88 6.06849e-06 1.5388e-05 1.65414e-05
24.89 4.91649e-06 1.56074e-05 1.63635e-05
24.9 3.28393e-06 1.55216e-05 1.58652e-05
24.91 2.41181e-06 1.56449e-05 1.58297e-05
24.92 7.17339e-07 1.57536e-05 1.57699e-05
24.93 -7.47219e-07 1.51712e-05 1.51896e-05
24.94 -1.78384e-06 1.48657e-05 1.49724e-05
24.95 -2.92805e-06 1.41955e-05 1.44943e-05
24.96 -4.28768e-06 1.36687e-05 1.43255e-05
24.97 -5.14296e-06 1.26323e-05 1.36391e-05
24.98 -6.1743e-06 1.17816e-05 1.33014e-05
24.99 -7.08157e-06 1.04367e-05 1.26125e-05
25 -7.15101e-06 9.57814e-06 1.19531e-05
25.01 -8.02026e-06 8.74869e-06 1.18686e-05
25.02 -8.36775e-06 7.64525e-06 1.13344e-05
25.03 -8.57676e-06 6.97257e-06 1.10534e-05
25.04 -8.9259e-06 5.90141e-06 1.07004e-05
25.05 -9.14811e-06 5.20035e-06 1.05229e-05
25.06 -9.07675e-06 4.29291e-06 1.00407e-05
25.07 -9.50226e-06 3.51996e-06 1.01333e-05
25.08 -9.56993e-06 2.33906e-06 9.85163e-06
25.09 -9.22629e-06 1.6146e-06 9.3665e-06
25.1 -9.54194e-06 6.91319e-07 9.56695e-06
25.11 -9.092e-06 -1.38146e-07 9.09305e-06
25.12 -8.9639e-06 -5.73977e-07 8.98226e-06
25.13 -8.84834e-06 -1.44681e-06 8.96584e-06
25.14 -8.47315e-06 -1.78402e-06 8.65892e-06
25.15 -8.03155e-06 -2.30258e-06 8.3551e-06
25.16 -8.0401e-06 -2.68738e-06 8.47733e-06
25.17 -7.57445e-06 -3.32683e-06 8.27285e-06
25.18 -7.15635e-06 -3.7093e-06 8.06054e-06
25.19 -7.13164e-06 -4.53568e-06 8.45179e-06
25.2 -6.2485e-06 -5.10912e-06 8.07136e-06
25.21 -5.98977e-06 -5.56903e-06 8.17872e-06
25.22 -5.41103e-06 -6.42753e-06 8.40193e-06
25.23 -4.58463e-06 -6.64161e-06 8.0703e-06
25.24 -3.83422e-06 -7.15492e-06 8.11752e-06
25.25 -3.18065e-06 -7.35146e-06 8.01002e-06
25.26 -2.08064e-06 -7.49839e-06 7.78171e-06
25.27 -1.33042e-06 -7.43924e-06 7.55727e-06
25.28 -6.90205e-07 -7.61728e-06 7.64849e-06
25.29 5.36963e-07 -7.39161e-06 7.41109e-06
25.3 9.58601e-07 -7.2659e-06 7.32886e-06
25.31 1.84046e-06 -7.30969e-06 7.53783e-06
25.32 2.64952e-06 -6.76476e-06 7.26511e-06
25.33 3.22555e-06 -6.67938e-06 7.41743e-06
25.34 3.85872e-06 -6.12064e-06 7.23546e-06
25.35 4.67301e-06 -5.47733e-06 7.19988e-06
25.36 4.98161e-06 -4.73724e-06 6.87444e-06
25.37 5.38976e-06 -4.00061e-06 6.71225e-06
25.38 5.9667e-06 -2.92664e-06 6.6458e-06
25.39 5.72729e-06 -2.11931e-06 6.10683e-06
25.4 6.00255e-06 -1.32134e-06 6.14626e-06
25.41 5.84165e-06 -2.50211e-07 5.847e-06
25.42 5.4619e-06 1.40591e-07 5.46371e-06
25.43 5.1913e-06 9.18444e-07 5.27192e-06
25.44 4.89381e-06 1.39267e-06 5.08811e-06
25.45 4.2357e-06 1.71425e-06 4.56945e-06
25.46 3.93518e-06 2.07702e-06 4.44967e-06
25.47 3.60054e-06 2.48756e-06 4.37628e-06
25.48 2.84372e-06 2.59869e-06 3.85226e-06
25.49 2.78344e-06 2.90039e-06 4.01993e-06
25.5 2.17353e-06 3.22223e-06 3.88678e-06
25.51 1.71044e-06 3.03549e-06 3.48423e-06
25.52 1.38155e-06 3.31591e-06 3.59221e-06
25.53 9.48811e-07 3.09943e-06 3.24141e-06
25.54 3.82985e-07 2.86012e-06 2.88565e-06
25.55 2.16969e-07 2.71719e-06 2.72584e-06
25.56 -1.39112e-07 2.4404e-06 2.44436e-06
25.57 -5.61449e-07 2.05536e-06 2.13067e-06
25.58 -3.37541e-07 1.99787e-06 2.02619e-06
25.59 -7.41077e-07 1.84733e-06 1.99043e-06
25.6 -6.38027e-07 1.5881e-06 1.71147e-06
25.61 -5.69667e-07 1.87731e-06 1.96184e-06
25.62 -6.66011e-07 1.63634e-06 1.76669e-06
25.63 -7.12819e-07 1.65858e-06 1.80527e-06
25.64 -5.92056e-07 1.69387e-06 1.79436e-06
25.65 -7.91618e-07 1.43601e-06 1.63976e-06
25.66 -9.03949e-07 1.23058e-06 1.52691e-06
25.67 -6.841e-07 1.1524e-06 1.34015e-06
25.68 -1.07592e-06 8.10896e-07 1.34728e-06
25.69 -8.11239e-07 5.70843e-07 9.91952e-07
25.7 -7.96784e-07 6.69038e-07 1.04042e-06
25.71 -8.39588e-07 2.49752e-07 8.75947e-07
25.72 -6.71473e-07 3.40654e-07 7.52942e-07
25.73 -5.22694e-07 2.94969e-07 6.0018e-07
25.74 -6.36917e-07 1.68512e-08 6.3714e-07
25.75 -5.48231e-07 -1.55426e-08 5.48451e-07
25.76 -4.36546e-07 -1.91881e-07 4.76855e-07
25.77 -8.13827e-07 -5.79165e-07 9.98872e-07
25.78 -5.70517e-07 -7.67789e-07 9.56551e-07
25.79 -7.89112e-07 -8.83842e-07 1.18485e-06
25.8 -8.89814e-07 -1.32957e-06 1.59985e-06
25.81 -7.87414e-07 -1.14524e-06 1.38982e-06
25.82 -8.04407e-07 -1.21e-06 1.45299e-06
25.83 -8.95324e-07 -1.26192e-06 1.54727e-06
25.84 -7.14525e-07 -9.20969e-07 1.16565e-06
25.85 -6.85496e-07 -8.76433e-07 1.11267e-06
25.86 -9.12041e-07 -8.08676e-07 1.21892e-06
25.87 -6.0131e-07 -5.62385e-07 8.23317e-07
25.88 -9.04831e-07 -5.04515e-07 1.03598e-06
25.89 -9.06523e-07 -6.12144e-07 1.09385e-06
25.9 -8.62175e-07 -2.86934e-07 9.08667e-07
25.91 -9.75802e-07 -4.105e-07 1.05863e-06
25.92 -9.96702e-07 -3.44941e-07 1.0547e-06
25.93 -7.93644e-07 -1.25569e-08 7.93743e-07
25.94 -7.82758e-07 -7.50082e-08 7.86343e-07
25.95 -7.56023e-07 1.40919e-07 7.69044e-07
25.96 -3.09508e-07 3.66002e-07 4.79326e-07
25.97 -5.07997e-07 3.10683e-07 5.9547e-07
25.98 -1.95034e-07 2.97097e-07 3.55394e-07
25.99 -8.56508e-08 4.15938e-07 4.24665e-07
26 -1.24241e-07 4.75442e-08 1.33027e-07
