0 3.58444e-05 -4.37892e-06 3.61109e-05
0.01 7.16135e-05 -8.64132e-06 7.21329e-05
0.02 0.000107241 -1.27025e-05 0.00010799
0.03 0.000141874 -1.72376e-05 0.000142918
0.04 0.000176254 -2.13789e-05 0.000177546
0.05 0.000209793 -2.56495e-05 0.000211355
0.06 0.000241697 -3.05559e-05 0.000243621
0.07 0.000272862 -3.5275e-05 0.000275133
0.08 0.000302501 -4.01617e-05 0.000305156
0.09 0.000330511 -4.54009e-05 0.000333614
0.1 0.000356902 -5.06164e-05 0.000360473
0.11 0.000381512 -5.59555e-05 0.000385594
0.12 0.000404385 -6.12346e-05 0.000408995
0.13 0.000424641 -6.72405e-05 0.000429931
0.14 0.000443041 -7.30614e-05 0.000449025
0.15 0.000459283 -7.90409e-05 0.000466035
0.16 0.000472517 -8.56494e-05 0.000480217
0.17 0.000483815 -9.20026e-05 0.000492485
0.18 0.000492565 -9.82817e-05 0.000502274
0.19 0.000498608 -0.000104765 0.000509496
0.2 0.00050214 -0.000111108 0.000514286
0.21 0.000503006 -0.000117342 0.000516512
0.22 0.000501424 -0.000123371 0.000516378
0.23 0.000496626 -0.000129699 0.000513283
0.24 0.000489428 -0.000135658 0.00050788
0.25 0.000479823 -0.000141104 0.00050014
0.26 0.000466954 -0.000146827 0.000489494
0.27 0.000451944 -0.000151768 0.000476746
0.28 0.000434473 -0.000156299 0.000461731
0.29 0.000414212 -0.000160605 0.000444259
0.3 0.000391705 -0.000164557 0.000424867
0.31 0.000366763 -0.000168049 0.00040343
0.32 0.000339869 -0.000171031 0.000380477
0.33 0.000310421 -0.000173823 0.000355774
0.34 0.000279235 -0.000175906 0.000330023
0.35 0.000246658 -0.000176981 0.000303583
0.36 0.000211773 -0.000177884 0.000276569
0.37 0.00017582 -0.000177757 0.00025002
0.38 0.000138666 -0.000176797 0.00022469
0.39 0.000100034 -0.000175392 0.000201914
0.4 6.05994e-05 -0.000173151 0.000183449
0.41 2.03581e-05 -0.000170166 0.00017138
0.42 -2.01244e-05 -0.000166148 0.000167362
0.43 -6.12824e-05 -0.000161544 0.000172777
0.44 -0.000102366 -0.000155929 0.000186528
0.45 -0.000142819 -0.000149139 0.000206494
0.46 -0.000183583 -0.000142027 0.000232108
0.47 -0.000223477 -0.000134047 0.000260596
0.48 -0.000262309 -0.000125154 0.000290637
0.49 -0.000300548 -0.000115952 0.00032214
0.5 -0.000337309 -0.000105867 0.000353532
0.51 -0.000372646 -9.51077e-05 0.000384591
0.52 -0.000406 -8.33584e-05 0.000414469
0.53 -0.000437799 -7.12081e-05 0.000443552
0.54 -0.000467516 -5.83014e-05 0.000471138
0.55 -0.000494406 -4.45789e-05 0.000496412
0.56 -0.000519605 -3.06741e-05 0.00052051
0.57 -0.000541996 -1.62888e-05 0.00054224
0.58 -0.00056128 -1.05369e-06 0.000561281
0.59 -0.00057813 1.43507e-05 0.000578308
0.6 -0.000591758 3.03737e-05 0.000592537
0.61 -0.000602317 4.68455e-05 0.000604136
0.62 -0.00060943 6.37724e-05 0.000612758
0.63 -0.000613623 8.07336e-05 0.000618911
0.64 -0.000614613 9.77339e-05 0.000622335
0.65 -0.000611653 0.000115095 0.000622388
0.66 -0.000606023 0.000132064 0.000620246
0.67 -0.00059696 0.000149049 0.000615286
0.68 -0.00058404 0.000166172 0.000607219
0.69 -0.00056836 0.00018301 0.000597097
0.7 -0.000549256 0.000199575 0.00058439
0.71 -0.000527006 0.000215892 0.000569513
0.72 -0.00050152 0.000231742 0.000552473
0.73 -0.000473273 0.00024697 0.000533837
0.74 -0.000442383 0.000261467 0.000513875
0.75 -0.000408052 0.000275641 0.000492427
0.76 -0.000371747 0.000288906 0.000470811
0.77 -0.000333035 0.00030148 0.000449225
0.78 -0.000291453 0.000313502 0.000428052
0.79 -0.000248396 0.000324464 0.000408629
0.8 -0.000203349 0.000334403 0.000391377
0.81 -0.000156684 0.00034325 0.00037732
0.82 -0.000108496 0.000350915 0.000367304
0.83 -5.93256e-05 0.000357267 0.000362159
0.84 -9.49972e-06 0.000362293 0.000362417
0.85 4.1685e-05 0.000366227 0.000368591
0.86 9.2765e-05 0.000368702 0.000380193
0.87 0.000143782 0.00036963 0.00039661
0.88 0.000195436 0.000369268 0.000417797
0.89 0.000246118 0.000367044 0.000441922
0.9 0.000296294 0.000363182 0.000468713
0.91 0.000345658 0.000357586 0.00049734
0.92 0.000394015 0.000350418 0.000527296
0.93 0.000440882 0.000341516 0.000557683
0.94 0.00048582 0.000331004 0.000587864
0.95 0.000529559 0.000318859 0.000618145
0.96 0.0005708 0.000305 0.000647176
0.97 0.000609287 0.000289143 0.000674414
0.98 0.000646079 0.000271656 0.000700867
0.99 0.000679509 0.000252223 0.000724809
1 0.000710012 0.000231038 0.000746656
1.01 0.000737485 0.000208175 0.000766304
1.02 0.000761719 0.000183727 0.000783563
1.03 0.00078242 0.00015761 0.000798137
1.04 0.000799137 0.000129866 0.00080962
1.05 0.000812798 0.000100481 0.000818985
1.06 0.000822355 6.95074e-05 0.000825287
1.07 0.000827516 3.70045e-05 0.000828343
1.08 0.000829551 3.13119e-06 0.000829557
1.09 0.00082709 -3.18215e-05 0.000827702
1.1 0.000820423 -6.78674e-05 0.000823226
1.11 0.000809901 -0.000104696 0.00081664
1.12 0.000795243 -0.000142334 0.00080788
1.13 0.000776548 -0.000180594 0.00079727
1.14 0.000753411 -0.00021943 0.000784715
1.15 0.000726921 -0.000258675 0.000771575
1.16 0.000696392 -0.00029813 0.000757525
1.17 0.000661479 -0.00033743 0.000742572
1.18 0.000623745 -0.000376628 0.000728634
1.19 0.000582084 -0.000415234 0.000715011
1.2 0.000536838 -0.000453236 0.000702579
1.21 0.000488693 -0.000490501 0.000692396
1.22 0.000437495 -0.000526816 0.000684789
1.23 0.000383549 -0.000562066 0.000680462
1.24 0.000326673 -0.000595849 0.000679523
1.25 0.000267887 -0.000628157 0.000682895
1.26 0.000206964 -0.000658503 0.000690261
1.27 0.000143369 -0.000686521 0.000701331
1.28 7.89524e-05 -0.00071235 0.000716712
1.29 1.2767e-05 -0.000735512 0.000735622
1.3 -5.47991e-05 -0.000755842 0.000757826
1.31 -0.000122942 -0.000773366 0.000783077
1.32 -0.000191642 -0.000787729 0.000810705
1.33 -0.000260646 -0.000798773 0.000840223
1.34 -0.000329926 -0.000806065 0.000870972
1.35 -0.000398659 -0.000809763 0.000902576
1.36 -0.000466596 -0.000809496 0.000934342
1.37 -0.000534521 -0.000804914 0.000966229
1.38 -0.000600408 -0.000796546 0.000997485
1.39 -0.000665002 -0.000783967 0.00102802
1.4 -0.000728044 -0.000766965 0.00105749
1.41 -0.000788691 -0.000745856 0.00108551
1.42 -0.00084691 -0.000720235 0.00111175
1.43 -0.000902488 -0.000690169 0.00113614
1.44 -0.000955345 -0.000655341 0.00115851
1.45 -0.00100477 -0.000616211 0.00117868
1.46 -0.00105037 -0.000572768 0.00119639
1.47 -0.00109285 -0.000524506 0.0012122
1.48 -0.00113061 -0.0004725 0.00122537
1.49 -0.00116397 -0.000416251 0.00123616
1.5 -0.0011932 -0.000355708 0.00124509
1.51 -0.00121732 -0.000291418 0.00125171
1.52 -0.00123655 -0.000223364 0.00125656
1.53 -0.00125058 -0.000151768 0.00125975
1.54 -0.00125946 -7.6781e-05 0.0012618
1.55 -0.0012626 9.70684e-07 0.0012626
1.56 -0.00125976 8.10038e-05 0.00126236
1.57 -0.0012516 0.000163915 0.00126229
1.58 -0.00123712 0.000248225 0.00126178
1.59 -0.00121654 0.000334088 0.00126158
1.6 -0.00119036 0.000421601 0.00126282
1.61 -0.00115786 0.000509572 0.00126503
1.62 -0.00111929 0.000597904 0.00126897
1.63 -0.00107464 0.000686097 0.00127498
1.64 -0.00102397 0.000773806 0.00128347
1.65 -0.000967253 0.000860336 0.00129451
1.66 -0.000904333 0.000944914 0.00130793
1.67 -0.000836179 0.00102825 0.00132533
1.68 -0.000762219 0.00110861 0.00134536
1.69 -0.000682836 0.00118585 0.0013684
1.7 -0.000598651 0.00126014 0.00139511
1.71 -0.000509433 0.00133008 0.0014243
1.72 -0.000415465 0.00139539 0.00145592
1.73 -0.000317222 0.00145573 0.00148989
1.74 -0.000214877 0.00151064 0.00152584
1.75 -0.000109008 0.00155961 0.00156341
1.76 4.22223e-07 0.00160168 0.00160168
1.77 0.000112224 0.00163781 0.00164165
1.78 0.00022658 0.00166632 0.00168166
1.79 0.000342922 0.00168696 0.00172146
1.8 0.00046064 0.00170029 0.00176159
1.81 0.000579395 0.0017051 0.00180085
1.82 0.000698764 0.00170125 0.00183917
1.83 0.000817926 0.00168887 0.00187651
1.84 0.000936455 0.00166765 0.00191259
1.85 0.00105349 0.00163756 0.00194717
1.86 0.00116873 0.00159771 0.00197955
1.87 0.00128132 0.00154947 0.00201063
1.88 0.00139081 0.00149166 0.00203946
1.89 0.0014968 0.00142411 0.00206603
1.9 0.00159853 0.00134807 0.00209107
1.91 0.0016955 0.00126269 0.00211403
1.92 0.00178704 0.00116824 0.00213502
1.93 0.00187254 0.00106531 0.00215436
1.94 0.00195141 0.000953981 0.00217211
1.95 0.00202315 0.000834694 0.00218857
1.96 0.00208718 0.000707082 0.0022037
1.97 0.00214335 0.000572816 0.00221857
1.98 0.00219088 0.000431598 0.00223298
1.99 0.00222941 0.000283446 0.00224736
2 0.00225855 0.000130288 0.00226231
2.01 0.00227773 -2.81864e-05 0.0022779
2.02 0.00228648 -0.000191407 0.00229448
2.03 0.00228464 -0.000358118 0.00231254
2.04 0.00227193 -0.000527929 0.00233246
2.05 0.0022482 -0.000699775 0.00235459
2.06 0.00221308 -0.000873635 0.00237928
2.07 0.0021669 -0.00104749 0.0024068
2.08 0.00210924 -0.00122105 0.00243718
2.09 0.00203977 -0.00139406 0.00247064
2.1 0.0019591 -0.0015644 0.00250708
2.11 0.0018669 -0.00173177 0.00254644
2.12 0.0017633 -0.00189564 0.00258895
2.13 0.0016488 -0.00205427 0.00263412
2.14 0.00152362 -0.00220725 0.00268205
2.15 0.00138812 -0.00235316 0.00273208
2.16 0.00124222 -0.00249194 0.0027844
2.17 0.00108695 -0.00262164 0.00283804
2.18 0.000922404 -0.00274177 0.00289277
2.19 0.000748613 -0.00285206 0.00294868
2.2 0.000567011 -0.00295078 0.00300477
2.21 0.000377901 -0.00303733 0.00306075
2.22 0.000181665 -0.00311154 0.00311683
2.23 -2.04046e-05 -0.00317181 0.00317187
2.24 -0.000227805 -0.00321809 0.00322614
2.25 -0.000439569 -0.00324924 0.00327884
2.26 -0.000655476 -0.00326549 0.00333062
2.27 -0.000873849 -0.00326568 0.00338057
2.28 -0.0010939 -0.00324948 0.00342866
2.29 -0.00131538 -0.00321717 0.00347568
2.3 -0.00153614 -0.00316773 0.00352054
2.31 -0.00175543 -0.00310107 0.00356345
2.32 -0.00197279 -0.0030175 0.00360517
2.33 -0.00218638 -0.00291649 0.00364502
2.34 -0.00239559 -0.00279841 0.00368374
2.35 -0.00259903 -0.00266329 0.0037213
2.36 -0.00279632 -0.00251154 0.00375862
2.37 -0.00298553 -0.00234341 0.00379538
2.38 -0.00316552 -0.00215892 0.00383164
2.39 -0.00333623 -0.00195915 0.00386894
2.4 -0.00349543 -0.00174418 0.00390643
2.41 -0.00364226 -0.00151477 0.00394469
2.42 -0.00377668 -0.00127198 0.00398513
2.43 -0.00389673 -0.00101646 0.00402713
2.44 -0.00400196 -0.000749331 0.00407151
2.45 -0.00409114 -0.000471511 0.00411822
2.46 -0.00416402 -0.000184074 0.00416808
2.47 -0.00421913 0.00011179 0.00422061
2.48 -0.00425547 0.000415018 0.00427566
2.49 -0.00427361 0.000724263 0.00433455
2.5 -0.00427192 0.00103802 0.00439622
2.51 -0.00424971 0.00135494 0.00446049
2.52 -0.00420783 0.00167351 0.00452841
2.53 -0.00414469 0.00199223 0.00459863
2.54 -0.00406059 0.00230956 0.00467145
2.55 -0.00395495 0.002624 0.00474627
2.56 -0.00382836 0.00293416 0.00482345
2.57 -0.00368033 0.00323818 0.00490211
2.58 -0.00351068 0.00353439 0.00498164
2.59 -0.00332068 0.00382148 0.00506267
2.6 -0.00311006 0.00409737 0.00514402
2.61 -0.00287861 0.00436048 0.00522496
2.62 -0.00262831 0.00460958 0.00530625
2.63 -0.0023585 0.00484296 0.00538672
2.64 -0.00207054 0.00505912 0.00546643
2.65 -0.00176487 0.00525668 0.00554504
2.66 -0.00144298 0.00543445 0.00562276
2.67 -0.00110566 0.00559078 0.00569906
2.68 -0.000753597 0.00572416 0.00577355
2.69 -0.000388941 0.00583405 0.005847
2.7 -1.26676e-05 0.00591893 0.00591895
2.71 0.000374462 0.00597749 0.00598921
2.72 0.000769678 0.00600978 0.00605886
2.73 0.00117225 0.00601431 0.00612748
2.74 0.00158017 0.00599056 0.00619546
2.75 0.00199168 0.00593778 0.0062629
2.76 0.00240492 0.00585584 0.00633044
2.77 0.00281783 0.00574408 0.00639801
2.78 0.00322912 0.00560191 0.00646596
2.79 0.00363604 0.00543025 0.00653517
2.8 0.00403679 0.00522882 0.00660578
2.81 0.00442981 0.00499721 0.00667797
2.82 0.00481226 0.0047371 0.00675263
2.83 0.00518253 0.00444812 0.00682967
2.84 0.00553855 0.00413098 0.00690946
2.85 0.00587816 0.00378649 0.00699216
2.86 0.00619952 0.00341591 0.00707832
2.87 0.00650037 0.00302025 0.00716775
2.88 0.00677905 0.0026002 0.00726062
2.89 0.00703344 0.00215816 0.0073571
2.9 0.00726153 0.00169551 0.00745684
2.91 0.00746193 0.00121266 0.00755982
2.92 0.00763263 0.000712993 0.00766586
2.93 0.0077723 0.000197401 0.00777481
2.94 0.0078794 -0.000332073 0.00788639
2.95 0.00795253 -0.000873213 0.00800033
2.96 0.00799056 -0.00142354 0.00811638
2.97 0.00799221 -0.00198073 0.008234
2.98 0.00795642 -0.00254297 0.00835292
2.99 0.0078827 -0.00310713 0.00847297
3 0.00777021 -0.00367038 0.00859348
3.01 0.00761849 -0.00423171 0.00871486
3.02 0.00742748 -0.00478671 0.00883629
3.03 0.007197 -0.00533359 0.0089579
3.04 0.00692696 -0.00586957 0.00907935
3.05 0.00661757 -0.00639179 0.00920039
3.06 0.00626945 -0.00689737 0.00932093
3.07 0.00588308 -0.00738359 0.00944076
3.08 0.00545904 -0.00784823 0.00956012
3.09 0.00499887 -0.00828837 0.00967914
3.1 0.0045038 -0.00870082 0.00979737
3.11 0.00397459 -0.00908457 0.00991599
3.12 0.00341362 -0.00943569 0.0100342
3.13 0.00282234 -0.00975234 0.0101525
3.14 0.00220247 -0.0100325 0.0102714
3.15 0.00155627 -0.0102736 0.0103908
3.16 0.000886354 -0.0104738 0.0105113
3.17 0.000195163 -0.0106311 0.0106329
3.18 -0.000514939 -0.0107441 0.0107564
3.19 -0.00124066 -0.0108111 0.010882
3.2 -0.00197865 -0.01083 0.0110092
3.21 -0.00272718 -0.0108006 0.0111396
3.22 -0.00348178 -0.0107211 0.0112723
3.23 -0.00423953 -0.0105908 0.0114078
3.24 -0.00499735 -0.0104094 0.0115468
3.25 -0.00575145 -0.010176 0.0116889
3.26 -0.00649802 -0.00989086 0.0118344
3.27 -0.00723338 -0.0095537 0.0119831
3.28 -0.00795438 -0.0091649 0.0121354
3.29 -0.00865706 -0.0087252 0.0122912
3.3 -0.009337 -0.00823488 0.0124496
3.31 -0.00999224 -0.00769548 0.0126121
3.32 -0.0106178 -0.00710802 0.0127774
3.33 -0.01121 -0.00647404 0.0129452
3.34 -0.0117661 -0.00579536 0.0131159
3.35 -0.012282 -0.00507376 0.0132888
3.36 -0.0127544 -0.00431167 0.0134635
3.37 -0.01318 -0.00351148 0.0136398
3.38 -0.0135562 -0.00267568 0.0138177
3.39 -0.0138801 -0.00180758 0.0139973
3.4 -0.0141479 -0.000910266 0.0141772
3.41 -0.0143587 1.32191e-05 0.0143588
3.42 -0.014509 0.000959027 0.0145407
3.43 -0.0145966 0.00192348 0.0147227
3.44 -0.0146201 0.00290285 0.0149055
3.45 -0.0145776 0.00389307 0.0150885
3.46 -0.0144678 0.00488964 0.0152717
3.47 -0.0142895 0.00588821 0.0154552
3.48 -0.0140421 0.00688459 0.015639
3.49 -0.0137254 0.007874 0.0158236
3.5 -0.0133378 0.0088514 0.0160077
3.51 -0.0128811 0.00981311 0.0161932
3.52 -0.0123547 0.0107538 0.0163794
3.53 -0.0117593 0.0116686 0.0165662
3.54 -0.0110967 0.0125532 0.0167547
3.55 -0.0103679 0.0134028 0.0169448
3.56 -0.00957471 0.0142124 0.0171367
3.57 -0.00871939 0.0149775 0.0173307
3.58 -0.00780419 0.0156938 0.0175272
3.59 -0.00683232 0.0163573 0.0177269
3.6 -0.00580609 0.0169627 0.0179289
3.61 -0.00472954 0.0175074 0.018135
3.62 -0.00360638 0.0179868 0.0183447
3.63 -0.00244016 0.0183966 0.0185577
3.64 -0.00123582 0.0187342 0.0187749
3.65 2.58516e-06 0.0189961 0.0189961
3.66 0.00126997 0.0191792 0.0192212
3.67 0.00256131 0.0192809 0.0194503
3.68 0.00387162 0.0192991 0.0196836
3.69 0.00519495 0.0192323 0.0199215
3.7 0.00652588 0.0190773 0.0201626
3.71 0.00785864 0.0188343 0.020408
3.72 0.009187 0.0185018 0.0206571
3.73 0.0105051 0.0180784 0.020909
3.74 0.0118066 0.017565 0.0211643
3.75 0.0130855 0.0169617 0.0214227
3.76 0.0143353 0.0162687 0.0216834
3.77 0.0155497 0.0154875 0.0219466
3.78 0.0167226 0.0146192 0.0222119
3.79 0.0178478 0.0136666 0.0224793
3.8 0.0189188 0.0126303 0.0227475
3.81 0.0199303 0.0115144 0.0230174
3.82 0.0208762 0.0103219 0.0232886
3.83 0.0217505 0.00905555 0.0235603
3.84 0.0225481 0.00772018 0.0238331
3.85 0.0232638 0.00632018 0.024107
3.86 0.0238922 0.00485976 0.0243815
3.87 0.0244289 0.0033447 0.0246568
3.88 0.0248695 0.00177975 0.0249331
3.89 0.0252104 0.000171705 0.025211
3.9 0.0254469 -0.00147433 0.0254895
3.91 0.0255767 -0.00315121 0.0257701
3.92 0.0255969 -0.00485196 0.0260527
3.93 0.0255041 -0.00657014 0.0263368
3.94 0.0252969 -0.00829802 0.0266231
3.95 0.024974 -0.0100282 0.0269122
3.96 0.0245338 -0.0117535 0.0272039
3.97 0.0239762 -0.0134656 0.0274987
3.98 0.0233009 -0.0151573 0.027797
3.99 0.0225091 -0.01682 0.0280994
4 0.0216007 -0.018446 0.028405
4.01 0.0205779 -0.0200275 0.028715
4.02 0.0194432 -0.021556 0.0290293
4.03 0.0181981 -0.023024 0.0293476
4.04 0.0168466 -0.0244236 0.0296702
4.05 0.0153928 -0.0257472 0.0299976
4.06 0.0138401 -0.0269873 0.0303293
4.07 0.0121939 -0.0281365 0.0306652
4.08 0.010459 -0.0291879 0.0310052
4.09 0.00864197 -0.0301349 0.0313496
4.1 0.00674785 -0.0309705 0.0316971
4.11 0.00478385 -0.0316894 0.0320484
4.12 0.0027578 -0.0322858 0.0324033
4.13 0.000676201 -0.0327541 0.0327611
4.14 -0.00145236 -0.0330899 0.0331218
4.15 -0.00361909 -0.0332892 0.0334853
4.16 -0.00581627 -0.0333477 0.0338512
4.17 -0.00803414 -0.0332625 0.034219
4.18 -0.0102643 -0.0330309 0.0345889
4.19 -0.0124963 -0.0326514 0.034961
4.2 -0.0147213 -0.0321216 0.0353343
4.21 -0.0169293 -0.0314414 0.0357094
4.22 -0.0191096 -0.0306109 0.0360861
4.23 -0.0212529 -0.0296299 0.0364639
4.24 -0.023349 -0.0284998 0.0368431
4.25 -0.0253875 -0.0272232 0.037224
4.26 -0.0273592 -0.0258017 0.0376066
4.27 -0.0292535 -0.0242393 0.0379909
4.28 -0.0310613 -0.0225395 0.0383775
4.29 -0.0327725 -0.0207079 0.0387667
4.3 -0.0343779 -0.0187485 0.039158
4.31 -0.0358687 -0.0166679 0.0395523
4.32 -0.037236 -0.0144733 0.0399499
4.33 -0.0384714 -0.012171 0.0403508
4.34 -0.0395673 -0.00976901 0.0407554
4.35 -0.040516 -0.00727696 0.0411643
4.36 -0.0413108 -0.00470254 0.0415776
4.37 -0.0419449 -0.00205611 0.0419953
4.38 -0.0424126 0.000652924 0.0424177
4.39 -0.042709 0.00341337 0.0428452
4.4 -0.0428287 0.00621496 0.0432773
4.41 -0.0427685 0.00904652 0.0437148
4.42 -0.0425251 0.0118954 0.0441575
4.43 -0.0420958 0.0147504 0.0446053
4.44 -0.0414786 0.0175994 0.0450579
4.45 -0.0406734 0.0204291 0.0455157
4.46 -0.0396793 0.0232281 0.0459782
4.47 -0.0384971 0.025983 0.046445
4.48 -0.0371281 0.0286817 0.0469163
4.49 -0.0355754 0.0313111 0.0473919
4.5 -0.0338411 0.0338585 0.0478709
4.51 -0.0319296 0.0363121 0.0483535
4.52 -0.0298461 0.0386586 0.0488393
4.53 -0.0275956 0.0408865 0.0493277
4.54 -0.0251842 0.0429843 0.0498186
4.55 -0.0226205 0.04494 0.050312
4.56 -0.0199114 0.0467435 0.0508077
4.57 -0.0170662 0.0483837 0.0513053
4.58 -0.0140941 0.0498508 0.0518049
4.59 -0.0110061 0.0511355 0.0523065
4.6 -0.00781243 0.0522284 0.0528095
4.61 -0.00452457 0.053122 0.0533144
4.62 -0.00115559 0.0538088 0.0538212
4.63 0.00228216 0.054282 0.0543299
4.64 0.00577607 0.0545358 0.0548409
4.65 0.00931068 0.0545654 0.0553541
4.66 0.0128732 0.0543666 0.0558699
4.67 0.0164485 0.0539357 0.0563881
4.68 0.020022 0.0532706 0.0569091
4.69 0.0235783 0.0523705 0.0574335
4.7 0.0271021 0.0512341 0.0579608
4.71 0.0305784 0.0498626 0.058492
4.72 0.033991 0.0482579 0.0590272
4.73 0.0373243 0.0464225 0.0595663
4.74 0.0405638 0.0443595 0.0601098
4.75 0.0436929 0.0420747 0.0606577
4.76 0.0466977 0.0395731 0.0612103
4.77 0.0495626 0.0368617 0.0617676
4.78 0.0522734 0.033948 0.0623296
4.79 0.0548161 0.0308416 0.0628968
4.8 0.0571765 0.0275513 0.0634683
4.81 0.0593421 0.0240879 0.0640446
4.82 0.0613 0.0204634 0.0646254
4.83 0.0630385 0.0166901 0.0652106
4.84 0.064547 0.0127803 0.0658
4.85 0.0658147 0.00874953 0.0663937
4.86 0.0668327 0.00461165 0.0669916
4.87 0.0675922 0.000382274 0.0675932
4.88 0.0680853 -0.00392248 0.0681982
4.89 0.0683062 -0.00828571 0.0688069
4.9 0.0682485 -0.0126903 0.0694183
4.91 0.0679082 -0.0171193 0.0700328
4.92 0.0672821 -0.0215538 0.0706502
4.93 0.0663679 -0.0259754 0.0712701
4.94 0.0651644 -0.0303667 0.0718926
4.95 0.0636723 -0.0347076 0.0725174
4.96 0.0618926 -0.0389801 0.0731447
4.97 0.0598279 -0.0431653 0.0737742
4.98 0.0574819 -0.0472445 0.0744057
4.99 0.0548605 -0.0511991 0.0750402
5 0.0519694 -0.0550106 0.0756768
5.01 0.0488162 -0.0586612 0.0763162
5.02 0.0454104 -0.0621331 0.0769586
5.03 0.0417617 -0.0654086 0.0776036
5.04 0.0378805 -0.0684721 0.0782519
5.05 0.0337803 -0.0713068 0.0789035
5.06 0.0294739 -0.0738978 0.0795587
5.07 0.0249758 -0.0762306 0.0802178
5.08 0.0203013 -0.0782912 0.0808805
5.09 0.0154677 -0.0800675 0.0815478
5.1 0.0104918 -0.0815468 0.082219
5.11 0.00539159 -0.0827188 0.0828943
5.12 0.000186378 -0.0835743 0.0835745
5.13 -0.00510343 -0.0841044 0.0842591
5.14 -0.0104592 -0.0843023 0.0849486
5.15 -0.0158581 -0.0841619 0.0856429
5.16 -0.0212795 -0.0836787 0.086342
5.17 -0.0267016 -0.0828493 0.0870459
5.18 -0.032102 -0.0816713 0.0877539
5.19 -0.0374584 -0.0801452 0.0884668
5.2 -0.0427481 -0.078271 0.0891838
5.21 -0.0479486 -0.0760513 0.0899047
5.22 -0.0530375 -0.0734903 0.09063
5.23 -0.0579914 -0.0705934 0.0913588
5.24 -0.0627895 -0.0673663 0.0920909
5.25 -0.0674088 -0.0638183 0.0928263
5.26 -0.0718282 -0.0599585 0.0935645
5.27 -0.0760272 -0.0557979 0.0943055
5.28 -0.0799847 -0.0513486 0.0950486
5.29 -0.0836819 -0.0466252 0.0957945
5.3 -0.0870993 -0.0416425 0.0965422
5.31 -0.0902192 -0.0364165 0.0972916
5.32 -0.0930248 -0.0309652 0.0980431
5.33 -0.0954997 -0.0253079 0.0987962
5.34 -0.0976296 -0.0194629 0.0995507
5.35 -0.0994009 -0.0134525 0.100307
5.36 -0.100801 -0.00729822 0.101065
5.37 -0.10182 -0.00102253 0.101825
5.38 -0.102446 0.00535085 0.102586
5.39 -0.102674 0.0117974 0.103349
5.4 -0.102495 0.0182923 0.104114
5.41 -0.101905 0.0248103 0.104881
5.42 -0.1009 0.0313259 0.105651
5.43 -0.0994796 0.0378116 0.106423
5.44 -0.0976426 0.0442425 0.107198
5.45 -0.0953914 0.0505909 0.107977
5.46 -0.092729 0.0568303 0.108758
5.47 -0.0896605 0.0629346 0.109543
5.48 -0.086192 0.0688771 0.110332
5.49 -0.0823331 0.074632 0.111125
5.5 -0.0780933 0.0801735 0.111921
5.51 -0.0734845 0.0854762 0.112722
5.52 -0.0685201 0.0905164 0.113526
5.53 -0.0632161 0.0952694 0.114335
5.54 -0.0575875 0.099713 0.115148
5.55 -0.0516535 0.103825 0.115964
5.56 -0.0454335 0.107585 0.116785
5.57 -0.0389485 0.110973 0.11761
5.58 -0.0322205 0.11397 0.118437
5.59 -0.0252738 0.11656 0.119269
5.6 -0.0181328 0.118727 0.120104
5.61 -0.0108236 0.120456 0.120942
5.62 -0.00337231 0.121735 0.121782
5.63 0.00419198 0.122554 0.122625
5.64 0.0118422 0.122901 0.12347
5.65 0.0195485 0.122771 0.124318
5.66 0.0272806 0.122158 0.125167
5.67 0.0350091 0.121058 0.126019
5.68 0.0427028 0.119469 0.126871
5.69 0.0503311 0.117391 0.127725
5.7 0.0578631 0.114826 0.128581
5.71 0.0652676 0.111778 0.129438
5.72 0.0725144 0.108253 0.130296
5.73 0.0795723 0.10426 0.131156
5.74 0.0864114 0.0998073 0.132017
5.75 0.0930024 0.0949081 0.13288
5.76 0.0993156 0.0895759 0.133744
5.77 0.105324 0.0838262 0.13461
5.78 0.110998 0.0776762 0.135478
5.79 0.116314 0.0711461 0.136348
5.8 0.121246 0.0642565 0.13722
5.81 0.125768 0.0570304 0.138094
5.82 0.12986 0.0494916 0.138971
5.83 0.1335 0.0416671 0.139851
5.84 0.136667 0.033583 0.140733
5.85 0.139345 0.0252683 0.141618
5.86 0.141517 0.0167533 0.142505
5.87 0.143169 0.00806862 0.143396
5.88 0.144288 -0.000753659 0.14429
5.89 0.144863 -0.00968015 0.145186
5.9 0.144887 -0.0186778 0.146086
5.91 0.144352 -0.0277114 0.146987
5.92 0.143253 -0.0367473 0.147891
5.93 0.141591 -0.0457493 0.148798
5.94 0.139363 -0.0546821 0.149707
5.95 0.136572 -0.0635106 0.150617
5.96 0.133223 -0.0721984 0.151529
5.97 0.129323 -0.0807108 0.152443
5.98 0.12488 -0.0890124 0.153357
5.99 0.119906 -0.0970685 0.154272
6 0.114414 -0.104846 0.155188
6.01 0.10842 -0.11231 0.156104
6.02 0.10194 -0.119429 0.15702
6.03 0.0949966 -0.126173 0.157936
6.04 0.0876097 -0.132509 0.158852
6.05 0.0798032 -0.13841 0.159768
6.06 0.0716034 -0.143848 0.160684
6.07 0.0630373 -0.148797 0.161599
6.08 0.054134 -0.153233 0.162514
6.09 0.0449249 -0.157133 0.163429
6.1 0.0354415 -0.160477 0.164344
6.11 0.0257184 -0.163245 0.165258
6.12 0.0157896 -0.165421 0.166173
6.13 0.0056916 -0.166991 0.167088
6.14 -0.00453815 -0.167943 0.168004
6.15 -0.0148625 -0.168266 0.168921
6.16 -0.0252418 -0.167953 0.169839
6.17 -0.0356372 -0.166999 0.170759
6.18 -0.0460085 -0.1654 0.171679
6.19 -0.0563157 -0.163156 0.172602
6.2 -0.0665191 -0.160271 0.173527
6.21 -0.0765778 -0.156747 0.174453
6.22 -0.0864519 -0.152593 0.175381
6.23 -0.0961024 -0.147819 0.176312
6.24 -0.105489 -0.142436 0.177245
6.25 -0.114574 -0.136458 0.17818
6.26 -0.123319 -0.129904 0.179116
6.27 -0.131689 -0.122792 0.180055
6.28 -0.139646 -0.115144 0.180995
6.29 -0.147156 -0.106985 0.181936
6.3 -0.154188 -0.0983403 0.182879
6.31 -0.160709 -0.089239 0.183823
6.32 -0.166689 -0.0797107 0.184768
6.33 -0.172102 -0.069788 0.185713
6.34 -0.17692 -0.0595052 0.186659
6.35 -0.181119 -0.0488972 0.187604
6.36 -0.184679 -0.038002 0.188549
6.37 -0.187581 -0.0268581 0.189494
6.38 -0.189805 -0.0155054 0.190437
6.39 -0.191339 -0.00398562 0.19138
6.4 -0.192169 0.0076601 0.192322
6.41 -0.192288 0.019388 0.193263
6.42 -0.191686 0.0311545 0.194202
6.43 -0.190362 0.0429164 0.19514
6.44 -0.188313 0.0546278 0.196077
6.45 -0.185541 0.0662449 0.197012
6.46 -0.182049 0.0777226 0.197946
6.47 -0.177846 0.0890167 0.19888
6.48 -0.17294 0.100082 0.199811
6.49 -0.167343 0.110876 0.200742
6.5 -0.161072 0.121356 0.201672
6.51 -0.154144 0.131479 0.202601
6.52 -0.14658 0.141203 0.203529
6.53 -0.138403 0.15049 0.204457
6.54 -0.129639 0.159301 0.205385
6.55 -0.120314 0.167597 0.206311
6.56 -0.110461 0.175345 0.207238
6.57 -0.100112 0.18251 0.208164
6.58 -0.0893012 0.189061 0.20909
6.59 -0.0780664 0.194968 0.210016
6.6 -0.0664454 0.200203 0.210942
6.61 -0.0544792 0.204743 0.211867
6.62 -0.0422104 0.208563 0.212792
6.63 -0.0296811 0.211644 0.213716
6.64 -0.0169373 0.21397 0.214639
6.65 -0.00402451 0.215524 0.215562
6.66 0.00901016 0.216295 0.216483
6.67 0.0221193 0.216275 0.217403
6.68 0.0352541 0.215457 0.218322
6.69 0.0483658 0.213838 0.219239
6.7 0.0614058 0.211417 0.220154
6.71 0.0743253 0.208199 0.221068
6.72 0.0870738 0.204188 0.221979
6.73 0.0996044 0.199395 0.222889
6.74 0.111868 0.19383 0.223796
6.75 0.123817 0.18751 0.224701
6.76 0.135405 0.180451 0.225603
6.77 0.146586 0.172674 0.226504
6.78 0.157316 0.164204 0.227401
6.79 0.167552 0.155066 0.228297
6.8 0.177253 0.14529 0.22919
6.81 0.186379 0.134907 0.230081
6.82 0.194891 0.123953 0.23097
6.83 0.202755 0.112462 0.231856
6.84 0.209937 0.100474 0.232741
6.85 0.216406 0.0880295 0.233625
6.86 0.222132 0.0751718 0.234507
6.87 0.227091 0.0619451 0.235388
6.88 0.231257 0.0483963 0.236267
6.89 0.234612 0.0345731 0.237146
6.9 0.237136 0.0205245 0.238023
6.91 0.238816 0.00630024 0.238899
6.92 0.239639 -0.0080471 0.239774
6.93 0.239597 -0.0224669 0.240648
6.94 0.238685 -0.0369062 0.241522
6.95 0.2369 -0.0513117 0.242394
6.96 0.234244 -0.0656302 0.243264
6.97 0.23072 -0.0798094 0.244134
6.98 0.226336 -0.0937956 0.245001
6.99 0.221103 -0.107537 0.245867
7 0.215035 -0.120981 0.246731
7.01 0.208147 -0.134077 0.247592
7.02 0.200464 -0.146774 0.248452
7.03 0.192004 -0.159024 0.249308
7.04 0.182797 -0.17078 0.250161
7.05 0.17287 -0.181996 0.251011
7.06 0.162255 -0.192626 0.251856
7.07 0.150988 -0.202631 0.252698
7.08 0.139105 -0.211967 0.253536
7.09 0.126647 -0.2206 0.254369
7.1 0.113655 -0.228492 0.255198
7.11 0.100173 -0.23561 0.256021
7.12 0.0862479 -0.241926 0.256841
7.13 0.0719278 -0.247411 0.257655
7.14 0.0572621 -0.252041 0.258464
7.15 0.0423025 -0.255794 0.259268
7.16 0.0271021 -0.258652 0.260068
7.17 0.0117135 -0.2606 0.260863
7.18 -0.00380734 -0.261626 0.261654
7.19 -0.0194057 -0.261721 0.26244
7.2 -0.0350251 -0.260881 0.263222
7.21 -0.0506096 -0.259103 0.263999
7.22 -0.0661024 -0.256389 0.264773
7.23 -0.0814469 -0.252745 0.265544
7.24 -0.0965871 -0.248178 0.26631
7.25 -0.111468 -0.2427 0.267074
7.26 -0.126033 -0.236328 0.267835
7.27 -0.14023 -0.229079 0.268592
7.28 -0.154004 -0.220976 0.269346
7.29 -0.167305 -0.212043 0.270098
7.3 -0.180083 -0.202309 0.270848
7.31 -0.192287 -0.191804 0.271594
7.32 -0.203873 -0.180564 0.272337
7.33 -0.214796 -0.168625 0.273078
7.34 -0.225013 -0.156026 0.273816
7.35 -0.234485 -0.142811 0.27455
7.36 -0.243174 -0.129023 0.275282
7.37 -0.251045 -0.114709 0.27601
7.38 -0.258067 -0.0999179 0.276735
7.39 -0.26421 -0.0847013 0.277455
7.4 -0.269451 -0.0691113 0.278173
7.41 -0.273763 -0.0532022 0.278885
7.42 -0.277131 -0.0370288 0.279594
7.43 -0.279537 -0.0206485 0.280299
7.44 -0.280968 -0.00411874 0.280998
7.45 -0.281416 0.0125027 0.281694
7.46 -0.280875 0.0291564 0.282384
7.47 -0.279343 0.0457836 0.28307
7.48 -0.276821 0.0623249 0.28375
7.49 -0.273314 0.0787213 0.284425
7.5 -0.268832 0.0949144 0.285096
7.51 -0.263387 0.110844 0.285761
7.52 -0.256994 0.126456 0.286421
7.53 -0.249672 0.141691 0.287076
7.54 -0.241445 0.156494 0.287725
7.55 -0.232337 0.170812 0.28837
7.56 -0.222378 0.184593 0.28901
7.57 -0.211601 0.197785 0.289644
7.58 -0.200041 0.210339 0.290274
7.59 -0.187736 0.22221 0.290898
7.6 -0.174726 0.233353 0.291518
7.61 -0.161057 0.243725 0.292132
7.62 -0.146772 0.253288 0.292741
7.63 -0.131922 0.262007 0.293344
7.64 -0.116557 0.269846 0.293943
7.65 -0.100729 0.276775 0.294535
7.66 -0.0844929 0.282768 0.295122
7.67 -0.0679041 0.287801 0.295703
7.68 -0.0510198 0.291852 0.296278
7.69 -0.0338991 0.294904 0.296846
7.7 -0.0166003 0.296944 0.297408
7.71 0.000814502 0.297962 0.297964
7.72 0.0182861 0.297952 0.298512
7.73 0.0357529 0.296909 0.299054
7.74 0.0531532 0.294835 0.299588
7.75 0.0704264 0.291735 0.300115
7.76 0.0875123 0.287616 0.300635
7.77 0.10435 0.28249 0.301147
7.78 0.12088 0.276372 0.301651
7.79 0.137044 0.269282 0.302148
7.8 0.152785 0.26124 0.302638
7.81 0.168046 0.252275 0.30312
7.82 0.182774 0.242413 0.303596
7.83 0.196916 0.231687 0.304064
7.84 0.210421 0.220134 0.304526
7.85 0.223242 0.20779 0.304982
7.86 0.235332 0.194698 0.305431
7.87 0.246647 0.180901 0.305876
7.88 0.257147 0.166445 0.306314
7.89 0.266793 0.15138 0.306748
7.9 0.275551 0.135755 0.307177
7.91 0.283388 0.119626 0.307602
7.92 0.290275 0.103046 0.308023
7.93 0.296187 0.0860718 0.308439
7.94 0.301101 0.0687618 0.308853
7.95 0.305 0.0511755 0.309263
7.96 0.307866 0.0333721 0.309669
7.97 0.30969 0.015414 0.310073
7.98 0.310462 -0.00263786 0.310473
7.99 0.310178 -0.0207207 0.31087
8 0.308838 -0.0387726 0.311262
8.01 0.306445 -0.0567309 0.311652
8.02 0.303006 -0.0745336 0.312038
8.03 0.298529 -0.0921193 0.312419
8.04 0.29303 -0.109428 0.312796
8.05 0.286527 -0.126398 0.313168
8.06 0.279038 -0.142972 0.313534
8.07 0.270591 -0.159093 0.313895
8.08 0.261211 -0.174703 0.314249
8.09 0.250931 -0.18975 0.314597
8.1 0.239784 -0.20418 0.314938
8.11 0.227807 -0.217945 0.315271
8.12 0.215041 -0.230996 0.315597
8.13 0.201529 -0.243286 0.315915
8.14 0.187315 -0.254775 0.316224
8.15 0.172448 -0.265423 0.316524
8.16 0.156978 -0.27519 0.316815
8.17 0.140958 -0.284044 0.317096
8.18 0.12444 -0.291954 0.317368
8.19 0.107482 -0.298892 0.31763
8.2 0.0901405 -0.304833 0.317881
8.21 0.0724743 -0.309758 0.318123
8.22 0.0545438 -0.313648 0.318356
8.23 0.0364097 -0.31649 0.318577
8.24 0.0181333 -0.318273 0.318789
8.25 -0.000223633 -0.318991 0.318991
8.26 -0.018598 -0.318641 0.319183
8.27 -0.0369285 -0.317224 0.319366
8.28 -0.0551519 -0.314744 0.319539
8.29 -0.0732073 -0.311209 0.319703
8.3 -0.0910322 -0.30663 0.319858
8.31 -0.108568 -0.301024 0.320003
8.32 -0.125754 -0.294408 0.32014
8.33 -0.142531 -0.286804 0.320268
8.34 -0.158845 -0.278239 0.320388
8.35 -0.17464 -0.268741 0.320501
8.36 -0.189861 -0.258342 0.320605
8.37 -0.204459 -0.247077 0.320703
8.38 -0.218383 -0.234983 0.320793
8.39 -0.231587 -0.222102 0.320877
8.4 -0.244026 -0.208477 0.320954
8.41 -0.255659 -0.194154 0.321026
8.42 -0.266447 -0.17918 0.321092
8.43 -0.276354 -0.163608 0.321153
8.44 -0.285346 -0.147488 0.321209
8.45 -0.293395 -0.130874 0.321261
8.46 -0.300472 -0.113824 0.321309
8.47 -0.306555 -0.0963928 0.321353
8.48 -0.311625 -0.0786403 0.321394
8.49 -0.315664 -0.0606249 0.321433
8.5 -0.318661 -0.0424082 0.32147
8.51 -0.320604 -0.0240505 0.321505
8.52 -0.321489 -0.0056128 0.321538
8.53 -0.321314 0.0128428 0.321571
8.54 -0.32008 0.0312546 0.321602
8.55 -0.317791 0.0495625 0.321633
8.56 -0.314458 0.0677041 0.321664
8.57 -0.31009 0.0856201 0.321694
8.58 -0.304705 0.103251 0.321723
8.59 -0.29832 0.120538 0.321751
8.6 -0.290958 0.137424 0.32178
8.61 -0.282645 0.153854 0.321806
8.62 -0.273409 0.169773 0.321831
8.63 -0.263282 0.185129 0.321855
8.64 -0.2523 0.199873 0.321876
8.65 -0.240497 0.213955 0.321893
8.66 -0.227916 0.227329 0.321908
8.67 -0.214599 0.239953 0.321917
8.68 -0.200591 0.251786 0.321921
8.69 -0.185939 0.262788 0.321918
8.7 -0.170693 0.272926 0.321908
8.71 -0.154904 0.282167 0.32189
8.72 -0.138624 0.29048 0.321862
8.73 -0.121908 0.29784 0.321823
8.74 -0.104812 0.304225 0.321774
8.75 -0.0873928 0.309613 0.321711
8.76 -0.0697082 0.313991 0.321636
8.77 -0.0518168 0.317344 0.321547
8.78 -0.0337779 0.319663 0.321443
8.79 -0.0156513 0.320942 0.321324
8.8 0.00250414 0.321179 0.321188
8.81 0.0206281 0.320373 0.321037
8.82 0.0386612 0.318531 0.320869
8.83 0.0565449 0.315659 0.320684
8.84 0.0742208 0.31177 0.320483
8.85 0.0916306 0.306876 0.320264
8.86 0.108719 0.300998 0.32003
8.87 0.125431 0.294154 0.31978
8.88 0.141711 0.28637 0.319515
8.89 0.157509 0.277673 0.319235
8.9 0.172773 0.268093 0.318942
8.91 0.187455 0.257663 0.318637
8.92 0.201507 0.246419 0.31832
8.93 0.214886 0.234399 0.317992
8.94 0.227551 0.221644 0.317656
8.95 0.23946 0.208197 0.317312
8.96 0.250578 0.194103 0.316962
8.97 0.260869 0.17941 0.316608
8.98 0.270303 0.164165 0.31625
8.99 0.27885 0.148422 0.31589
9 0.286486 0.13223 0.31553
9.01 0.293188 0.115644 0.315171
9.02 0.298936 0.098718 0.314814
9.03 0.303714 0.0815082 0.314461
9.04 0.30751 0.0640695 0.314113
9.05 0.310313 0.046461 0.313772
9.06 0.312118 0.0287379 0.313438
9.07 0.312921 0.0109586 0.313113
9.08 0.312723 -0.00682 0.312797
9.09 0.311526 -0.0245403 0.312491
9.1 0.309338 -0.0421458 0.312196
9.11 0.306168 -0.0595803 0.311911
9.12 0.30203 -0.076788 0.311639
9.13 0.29694 -0.0937139 0.311377
9.14 0.290916 -0.110306 0.311126
9.15 0.283982 -0.12651 0.310887
9.16 0.276162 -0.142278 0.310658
9.17 0.267484 -0.157558 0.310439
9.18 0.257979 -0.172304 0.310229
9.19 0.24768 -0.186471 0.310027
9.2 0.236623 -0.200015 0.309833
9.21 0.224845 -0.212894 0.309643
9.22 0.212386 -0.225069 0.309458
9.23 0.199291 -0.236505 0.309275
9.24 0.1856 -0.247165 0.309092
9.25 0.171362 -0.257021 0.308909
9.26 0.156623 -0.266041 0.308721
9.27 0.141433 -0.274201 0.308528
9.28 0.125841 -0.281477 0.308327
9.29 0.109898 -0.28785 0.308115
9.3 0.0936574 -0.293301 0.307891
9.31 0.0771715 -0.297816 0.307652
9.32 0.0604936 -0.301385 0.307396
9.33 0.0436784 -0.304 0.307121
9.34 0.0267796 -0.305653 0.306824
9.35 0.00985117 -0.306346 0.306504
9.36 -0.00705257 -0.306077 0.306159
9.37 -0.0238782 -0.304852 0.305786
9.38 -0.0405721 -0.302678 0.305385
9.39 -0.0570825 -0.299564 0.304954
9.4 -0.0733569 -0.295524 0.304493
9.41 -0.0893446 -0.290574 0.304
9.42 -0.104996 -0.284732 0.303474
9.43 -0.120264 -0.278021 0.302917
9.44 -0.1351 -0.270463 0.302328
9.45 -0.14946 -0.262087 0.301708
9.46 -0.163301 -0.252921 0.301059
9.47 -0.17658 -0.242997 0.30038
9.48 -0.189257 -0.23235 0.299675
9.49 -0.201296 -0.221015 0.298944
9.5 -0.212662 -0.209029 0.298191
9.51 -0.22332 -0.196434 0.297419
9.52 -0.23324 -0.183271 0.296629
9.53 -0.242396 -0.169582 0.295827
9.54 -0.250759 -0.155414 0.295015
9.55 -0.258309 -0.140811 0.294196
9.56 -0.265025 -0.125822 0.293376
9.57 -0.270888 -0.110495 0.292557
9.58 -0.275886 -0.0948776 0.291745
9.59 -0.280006 -0.0790206 0.290942
9.6 -0.283238 -0.0629744 0.290155
9.61 -0.285578 -0.0467895 0.289386
9.62 -0.287021 -0.0305172 0.288638
9.63 -0.287566 -0.014207 0.287917
9.64 -0.287217 0.00208858 0.287225
9.65 -0.285979 0.0183204 0.286565
9.66 -0.283859 0.034438 0.285941
9.67 -0.280869 0.0503919 0.285354
9.68 -0.277022 0.0661337 0.284807
9.69 -0.272333 0.0816153 0.2843
9.7 -0.266822 0.0967902 0.283835
9.71 -0.260509 0.111614 0.283413
9.72 -0.253419 0.12604 0.283033
9.73 -0.245577 0.140028 0.282693
9.74 -0.237011 0.153536 0.282396
9.75 -0.227752 0.166523 0.282136
9.76 -0.217831 0.178954 0.281913
9.77 -0.207284 0.190791 0.281723
9.78 -0.196145 0.202003 0.281563
9.79 -0.184453 0.212555 0.28143
9.8 -0.172247 0.22242 0.281318
9.81 -0.159567 0.231571 0.281224
9.82 -0.146456 0.239982 0.281142
9.83 -0.132956 0.247631 0.281067
9.84 -0.119111 0.254499 0.280993
9.85 -0.104967 0.260567 0.280915
9.86 -0.090568 0.265822 0.280827
9.87 -0.0759615 0.27025 0.280723
9.88 -0.0611927 0.273843 0.280597
9.89 -0.0463099 0.276594 0.280444
9.9 -0.0313592 0.278496 0.280256
9.91 -0.0163871 0.27955 0.28003
9.92 -0.00144037 0.279756 0.279759
9.93 0.0134336 0.279116 0.279439
9.94 0.0281907 0.277638 0.279065
9.95 0.0427844 0.275329 0.278633
9.96 0.0571707 0.2722 0.278139
9.97 0.0713059 0.268265 0.27758
9.98 0.0851481 0.26354 0.276954
9.99 0.0986555 0.258042 0.276258
10 0.111788 0.251792 0.275492
10.01 0.124508 0.244812 0.274655
10.02 0.136777 0.237128 0.273747
10.03 0.148559 0.228765 0.27277
10.04 0.159822 0.219751 0.271724
10.05 0.170533 0.210118 0.270612
10.06 0.180662 0.199897 0.269439
10.07 0.190181 0.189121 0.268208
10.08 0.199064 0.177826 0.266924
10.09 0.207287 0.166048 0.265594
10.1 0.21483 0.153825 0.264223
10.11 0.221671 0.141196 0.26282
10.12 0.227794 0.128199 0.261391
10.13 0.233186 0.114877 0.259947
10.14 0.237832 0.10127 0.258495
10.15 0.241724 0.0874201 0.257046
10.16 0.244853 0.0733711 0.255609
10.17 0.247215 0.0591651 0.254196
10.18 0.248806 0.0448455 0.252816
10.19 0.249628 0.0304554 0.251479
10.2 0.249681 0.0160376 0.250195
10.21 0.248971 0.00163611 0.248976
10.22 0.247503 -0.0127069 0.247829
10.23 0.245288 -0.0269493 0.246764
10.24 0.242336 -0.0410482 0.245788
10.25 0.238662 -0.0549636 0.244909
10.26 0.234281 -0.0686543 0.244133
10.27 0.229212 -0.0820818 0.243465
10.28 0.223473 -0.0952063 0.242909
10.29 0.217088 -0.107991 0.242465
10.3 0.21008 -0.1204 0.242136
10.31 0.202474 -0.132399 0.24192
10.32 0.194298 -0.143952 0.241814
10.33 0.18558 -0.155031 0.241815
10.34 0.176351 -0.165603 0.241917
10.35 0.166643 -0.17564 0.242114
10.36 0.156489 -0.185115 0.242397
10.37 0.145923 -0.194003 0.242756
10.38 0.13498 -0.202281 0.243182
10.39 0.123697 -0.209929 0.243662
10.4 0.11211 -0.216925 0.244183
10.41 0.100258 -0.223255 0.244733
10.42 0.0881795 -0.228902 0.245299
10.43 0.0759117 -0.233853 0.245865
10.44 0.0634956 -0.238097 0.246418
10.45 0.0509697 -0.241626 0.246944
10.46 0.0383738 -0.244433 0.247427
10.47 0.0257469 -0.246514 0.247854
10.48 0.0131289 -0.247866 0.248213
10.49 0.000558502 -0.248489 0.24849
10.5 -0.011925 -0.248385 0.248671
10.51 -0.0242846 -0.247559 0.248747
10.52 -0.0364817 -0.246017 0.248707
10.53 -0.0484802 -0.243766 0.24854
10.54 -0.0602443 -0.240817 0.248239
10.55 -0.0717385 -0.237183 0.247795
10.56 -0.0829294 -0.232878 0.247204
10.57 -0.0937834 -0.227917 0.246458
10.58 -0.10427 -0.22232 0.245557
10.59 -0.114359 -0.216103 0.244497
10.6 -0.12402 -0.209291 0.243277
10.61 -0.133228 -0.201904 0.241899
10.62 -0.141958 -0.193968 0.240366
10.63 -0.150184 -0.185509 0.238681
10.64 -0.157885 -0.176553 0.236851
10.65 -0.16504 -0.167129 0.234884
10.66 -0.171632 -0.157266 0.232788
10.67 -0.177643 -0.146996 0.230575
10.68 -0.183059 -0.136349 0.228258
10.69 -0.187867 -0.125359 0.225852
10.7 -0.192058 -0.114059 0.223373
10.71 -0.19562 -0.102483 0.220839
10.72 -0.19855 -0.0906649 0.218271
10.73 -0.200841 -0.0786412 0.215688
10.74 -0.202491 -0.0664459 0.213115
10.75 -0.203501 -0.0541155 0.210574
10.76 -0.203872 -0.0416854 0.20809
10.77 -0.203607 -0.0291925 0.205689
10.78 -0.202712 -0.0166721 0.203396
10.79 -0.201194 -0.00416006 0.201237
10.8 -0.199064 0.00830821 0.199237
10.81 -0.196333 0.0206966 0.19742
10.82 -0.193013 0.0329718 0.195809
10.83 -0.189121 0.0450982 0.194424
10.84 -0.184673 0.0570426 0.193282
10.85 -0.179687 0.0687719 0.192398
10.86 -0.174184 0.0802541 0.191783
10.87 -0.168184 0.091458 0.191443
10.88 -0.161712 0.102353 0.191382
10.89 -0.154791 0.112911 0.191596
10.9 -0.147446 0.123102 0.19208
10.91 -0.139707 0.132901 0.192823
10.92 -0.131598 0.142281 0.193809
10.93 -0.12315 0.151219 0.195021
10.94 -0.114392 0.159691 0.196435
10.95 -0.105355 0.167676 0.198028
10.96 -0.0960705 0.175153 0.19977
10.97 -0.0865698 0.182105 0.201635
10.98 -0.0768852 0.188515 0.203591
10.99 -0.06705 0.194367 0.205607
11 -0.0570958 0.199646 0.20765
11.01 -0.0470563 0.204344 0.209692
11.02 -0.0369651 0.208447 0.211699
11.03 -0.0268539 0.211949 0.213644
11.04 -0.0167566 0.214842 0.215495
11.05 -0.00670508 0.217122 0.217225
11.06 0.00326781 0.218784 0.218808
11.07 0.0131314 0.219828 0.22022
11.08 0.0228543 0.220253 0.221436
11.09 0.0324058 0.220063 0.222436
11.1 0.0417562 0.219259 0.2232
11.11 0.050878 0.217848 0.22371
11.12 0.0597414 0.215837 0.223952
11.13 0.0683215 0.213233 0.223911
11.14 0.076592 0.210047 0.223576
11.15 0.0845289 0.206291 0.222937
11.16 0.0921089 0.201978 0.221989
11.17 0.0993105 0.197122 0.220725
11.18 0.106113 0.19174 0.219144
11.19 0.112498 0.185848 0.217245
11.2 0.118448 0.179467 0.215031
11.21 0.123947 0.172614 0.212505
11.22 0.128982 0.165312 0.209677
11.23 0.133539 0.157582 0.206554
11.24 0.137609 0.149448 0.203152
11.25 0.141181 0.140933 0.199485
11.26 0.144249 0.132063 0.195572
11.27 0.146807 0.122863 0.191436
11.28 0.148852 0.11336 0.187102
11.29 0.150381 0.10358 0.182601
11.3 0.151395 0.093552 0.177967
11.31 0.151893 0.0833037 0.173237
11.32 0.151882 0.0728636 0.168456
11.33 0.151365 0.0622609 0.16367
11.34 0.150348 0.0515246 0.158932
11.35 0.148841 0.0406844 0.154301
11.36 0.146854 0.0297691 0.149841
11.37 0.144397 0.018809 0.145617
11.38 0.141485 0.00783372 0.141701
11.39 0.13813 -0.00312783 0.138166
11.4 0.134351 -0.0140469 0.135084
11.41 0.130164 -0.0248929 0.132523
11.42 0.125587 -0.0356396 0.130546
11.43 0.120642 -0.0462574 0.129206
11.44 0.115347 -0.0567192 0.128538
11.45 0.109728 -0.0669974 0.128564
11.46 0.103804 -0.0770662 0.129285
11.47 0.0976018 -0.0868992 0.130681
11.48 0.0911454 -0.0964719 0.132719
11.49 0.0844598 -0.105759 0.135346
11.5 0.0775709 -0.114739 0.1385
11.51 0.0705072 -0.123388 0.142112
11.52 0.0632932 -0.131684 0.146105
11.53 0.0559578 -0.139608 0.150405
11.54 0.0485277 -0.147138 0.154934
11.55 0.0410311 -0.154259 0.159623
11.56 0.033495 -0.160951 0.164399
11.57 0.0259476 -0.1672 0.169201
11.58 0.018416 -0.172989 0.173967
11.59 0.010928 -0.178307 0.178641
11.6 0.00350914 -0.183138 0.183172
11.61 -0.00381328 -0.187475 0.187514
11.62 -0.0110139 -0.191305 0.191622
11.63 -0.0180677 -0.194622 0.195459
11.64 -0.02495 -0.197416 0.198987
11.65 -0.0316377 -0.199684 0.202175
11.66 -0.0381077 -0.20142 0.204993
11.67 -0.0443386 -0.202621 0.207415
11.68 -0.0503105 -0.203285 0.209418
11.69 -0.0560034 -0.203413 0.210981
11.7 -0.0613985 -0.203003 0.212085
11.71 -0.066677 -0.20271 0.213395
11.72 -0.0718371 -0.202534 0.214897
11.73 -0.0768799 -0.202475 0.216579
11.74 -0.0818051 -0.202535 0.218431
11.75 -0.0866132 -0.202713 0.220441
11.76 -0.0913035 -0.203012 0.222598
11.77 -0.0958763 -0.203431 0.224892
11.78 -0.100331 -0.203972 0.227312
11.79 -0.104668 -0.204634 0.229849
11.8 -0.108885 -0.20542 0.232494
11.81 -0.112984 -0.206328 0.235237
11.82 -0.116963 -0.20736 0.238072
11.83 -0.120822 -0.208515 0.240991
11.84 -0.124561 -0.209795 0.243986
11.85 -0.128178 -0.211199 0.247052
11.86 -0.131674 -0.212728 0.250182
11.87 -0.135047 -0.214381 0.253372
11.88 -0.138297 -0.21616 0.256615
11.89 -0.141423 -0.218062 0.259906
11.9 -0.144425 -0.220089 0.263244
11.91 -0.1473 -0.222239 0.266622
11.92 -0.15005 -0.224513 0.270039
11.93 -0.152671 -0.226911 0.27349
11.94 -0.155165 -0.22943 0.276974
11.95 -0.15753 -0.232071 0.280487
11.96 -0.159765 -0.234833 0.284027
11.97 -0.161869 -0.237714 0.287593
11.98 -0.163842 -0.240715 0.291183
11.99 -0.165682 -0.243833 0.294796
12 -0.167389 -0.247066 0.29843
12.01 -0.168961 -0.250414 0.302085
12.02 -0.170399 -0.253875 0.305759
12.03 -0.1717 -0.257448 0.309452
12.04 -0.172865 -0.26113 0.313163
12.05 -0.173893 -0.26492 0.316893
12.06 -0.174782 -0.268815 0.32064
12.07 -0.175531 -0.272813 0.324404
12.08 -0.176141 -0.276912 0.328186
12.09 -0.17661 -0.28111 0.331985
12.1 -0.176937 -0.285402 0.335799
12.11 -0.177123 -0.289788 0.339632
12.12 -0.177166 -0.294263 0.34348
12.13 -0.177066 -0.298826 0.347346
12.14 -0.176821 -0.303472 0.351228
12.15 -0.176432 -0.308198 0.355126
12.16 -0.175898 -0.313001 0.35904
12.17 -0.175219 -0.317878 0.362971
12.18 -0.174393 -0.322824 0.366917
12.19 -0.173421 -0.327836 0.370879
12.2 -0.172303 -0.33291 0.374856
12.21 -0.171036 -0.338041 0.378847
12.22 -0.169623 -0.343226 0.382852
12.23 -0.168061 -0.34846 0.38687
12.24 -0.166351 -0.353738 0.3909
12.25 -0.164492 -0.359055 0.394941
12.26 -0.162486 -0.364407 0.398991
12.27 -0.160331 -0.369789 0.40305
12.28 -0.158027 -0.375196 0.407117
12.29 -0.155573 -0.380622 0.411189
12.3 -0.152973 -0.386062 0.415265
12.31 -0.150222 -0.391512 0.419342
12.32 -0.147324 -0.396963 0.42342
12.33 -0.144278 -0.402413 0.427495
12.34 -0.141083 -0.407854 0.431566
12.35 -0.137741 -0.413281 0.435631
12.36 -0.134252 -0.418688 0.439686
12.37 -0.130615 -0.424068 0.443728
12.38 -0.126833 -0.429415 0.447754
12.39 -0.122905 -0.434724 0.451764
12.4 -0.118832 -0.439986 0.45575
12.41 -0.114615 -0.445196 0.459713
12.42 -0.110254 -0.450348 0.463648
12.43 -0.105751 -0.455435 0.467551
12.44 -0.101106 -0.460449 0.471419
12.45 -0.0963212 -0.465385 0.475248
12.46 -0.0913973 -0.470235 0.479035
12.47 -0.0863354 -0.474993 0.482775
12.48 -0.0811368 -0.479651 0.486465
12.49 -0.075804 -0.484203 0.490101
12.5 -0.0703364 -0.488642 0.493679
12.51 -0.0647373 -0.492961 0.497194
12.52 -0.0590076 -0.497154 0.500643
12.53 -0.0531497 -0.501211 0.504021
12.54 -0.047165 -0.505129 0.507326
12.55 -0.0410558 -0.508898 0.510551
12.56 -0.0348241 -0.512512 0.513694
12.57 -0.0284724 -0.515965 0.51675
12.58 -0.0220019 -0.51925 0.519716
12.59 -0.0154162 -0.522359 0.522587
12.6 -0.00871736 -0.525287 0.52536
12.61 -0.00190758 -0.528027 0.52803
12.62 0.00500971 -0.530572 0.530595
12.63 0.012033 -0.532915 0.533051
12.64 0.019158 -0.535051 0.535394
12.65 0.0263831 -0.536974 0.537622
12.66 0.033705 -0.538677 0.53973
12.67 0.04112 -0.540153 0.541716
12.68 0.0486248 -0.541398 0.543578
12.69 0.0562176 -0.542406 0.545312
12.7 0.063893 -0.543171 0.546916
12.71 0.0716491 -0.543688 0.548388
12.72 0.0794815 -0.54395 0.549726
12.73 0.0873873 -0.543955 0.550929
12.74 0.0953618 -0.543695 0.551994
12.75 0.103401 -0.543167 0.552921
12.76 0.111502 -0.542366 0.553709
12.77 0.119661 -0.541289 0.554357
12.78 0.127872 -0.539929 0.554864
12.79 0.136133 -0.538285 0.555233
12.8 0.144438 -0.536352 0.55546
12.81 0.152783 -0.534126 0.555548
12.82 0.161165 -0.531604 0.555497
12.83 0.169577 -0.528784 0.55531
12.84 0.178016 -0.525663 0.554987
12.85 0.186476 -0.522237 0.554532
12.86 0.194953 -0.518506 0.553945
12.87 0.203442 -0.514466 0.553231
12.88 0.211938 -0.510116 0.552392
12.89 0.220434 -0.505456 0.551431
12.9 0.228927 -0.500483 0.550355
12.91 0.237411 -0.495197 0.549167
12.92 0.245881 -0.489599 0.547873
12.93 0.25433 -0.483686 0.546476
12.94 0.262754 -0.477461 0.544985
12.95 0.271147 -0.470923 0.543405
12.96 0.279503 -0.464073 0.541743
12.97 0.287816 -0.456912 0.540006
12.98 0.296081 -0.449442 0.538203
12.99 0.304292 -0.441665 0.536341
13 0.312443 -0.433582 0.534429
13.01 0.320528 -0.425196 0.532476
13.02 0.32854 -0.416511 0.530491
13.03 0.336475 -0.407529 0.528484
13.04 0.344326 -0.398254 0.526466
13.05 0.352085 -0.38869 0.524447
13.06 0.359749 -0.378842 0.522438
13.07 0.367311 -0.368713 0.520449
13.08 0.374764 -0.358309 0.518492
13.09 0.382103 -0.347636 0.516579
13.1 0.389321 -0.336697 0.514719
13.11 0.396413 -0.325501 0.512927
13.12 0.403372 -0.314052 0.511212
13.13 0.410192 -0.302359 0.509587
13.14 0.416869 -0.290426 0.508062
13.15 0.423394 -0.278262 0.506648
13.16 0.429762 -0.265875 0.505356
13.17 0.435968 -0.253272 0.504197
13.18 0.442006 -0.240461 0.503181
13.19 0.447869 -0.227451 0.502315
13.2 0.453553 -0.214251 0.501612
13.21 0.459051 -0.20087 0.501076
13.22 0.464359 -0.187317 0.500716
13.23 0.469469 -0.173602 0.500539
13.24 0.474378 -0.159735 0.500549
13.25 0.479079 -0.145725 0.500752
13.26 0.483568 -0.131584 0.50115
13.27 0.487838 -0.117321 0.501747
13.28 0.491886 -0.102948 0.502544
13.29 0.495707 -0.0884754 0.50354
13.3 0.499294 -0.073915 0.504736
13.31 0.502645 -0.0592773 0.506128
13.32 0.505753 -0.0445756 0.507714
13.33 0.508615 -0.0298202 0.509489
13.34 0.511227 -0.0150239 0.511447
13.35 0.513584 -0.000199248 0.513584
13.36 0.515682 0.014642 0.51589
13.37 0.517518 0.0294881 0.518357
13.38 0.519087 0.0443248 0.520976
13.39 0.520387 0.0591404 0.523737
13.4 0.521414 0.073922 0.526628
13.41 0.522166 0.0886562 0.529639
13.42 0.522638 0.103331 0.532755
13.43 0.522829 0.117932 0.535965
13.44 0.522737 0.132448 0.539255
13.45 0.522358 0.146865 0.542611
13.46 0.52169 0.161169 0.546018
13.47 0.520733 0.175347 0.549463
13.48 0.519485 0.189388 0.55293
13.49 0.517943 0.203276 0.556405
13.5 0.516108 0.217001 0.559872
13.51 0.513978 0.230547 0.563317
13.52 0.511554 0.243904 0.566724
13.53 0.508833 0.257057 0.570078
13.54 0.505817 0.269994 0.573366
13.55 0.502507 0.282703 0.576571
13.56 0.498902 0.295172 0.57968
13.57 0.495002 0.307388 0.582678
13.58 0.49081 0.319339 0.585553
13.59 0.486327 0.331014 0.588289
13.6 0.481553 0.3424 0.590873
13.61 0.476491 0.353487 0.593293
13.62 0.471143 0.364262 0.595536
13.63 0.465512 0.374717 0.597591
13.64 0.4596 0.384839 0.599444
13.65 0.45341 0.394619 0.601086
13.66 0.446945 0.404045 0.602505
13.67 0.440208 0.41311 0.603691
13.68 0.433204 0.421802 0.604635
13.69 0.425937 0.430114 0.605327
13.7 0.418411 0.438036 0.605759
13.71 0.410631 0.445561 0.605922
13.72 0.4026 0.452679 0.605809
13.73 0.394324 0.459384 0.605413
13.74 0.385809 0.465668 0.604727
13.75 0.37706 0.471524 0.603746
13.76 0.368082 0.476946 0.602463
13.77 0.358883 0.481928 0.600876
13.78 0.349467 0.486464 0.598978
13.79 0.339842 0.490549 0.596768
13.8 0.330014 0.494179 0.594241
13.81 0.319991 0.497348 0.591396
13.82 0.30978 0.500054 0.588233
13.83 0.299387 0.502293 0.584748
13.84 0.288821 0.504061 0.580943
13.85 0.278089 0.505358 0.576819
13.86 0.2672 0.50618 0.572376
13.87 0.256161 0.506526 0.567616
13.88 0.244981 0.506397 0.562542
13.89 0.233669 0.505789 0.557157
13.9 0.222233 0.504705 0.551466
13.91 0.210682 0.503145 0.545473
13.92 0.199025 0.501108 0.539185
13.93 0.187272 0.498599 0.532609
13.94 0.175431 0.495618 0.52575
13.95 0.163512 0.492167 0.518618
13.96 0.151526 0.488251 0.511223
13.97 0.13948 0.483872 0.503574
13.98 0.127386 0.479035 0.495683
13.99 0.115252 0.473746 0.487563
14 0.103089 0.468007 0.479226
14.01 0.0909074 0.461827 0.470689
14.02 0.0787151 0.45521 0.461965
14.03 0.0665243 0.448163 0.453073
14.04 0.0543436 0.440694 0.444032
14.05 0.0421837 0.43281 0.434861
14.06 0.0300539 0.424519 0.425581
14.07 0.0179651 0.41583 0.416218
14.08 0.005926 0.406752 0.406795
14.09 -0.00605219 0.397294 0.39734
14.1 -0.017961 0.387467 0.387883
14.11 -0.0297887 0.377279 0.378453
14.12 -0.0415272 0.366744 0.369088
14.13 -0.0531667 0.355871 0.35982
14.14 -0.0646972 0.344672 0.350691
14.15 -0.0761095 0.333159 0.341742
14.16 -0.0873952 0.321344 0.333017
14.17 -0.0985442 0.30924 0.324562
14.18 -0.109548 0.296861 0.316428
14.19 -0.120398 0.284218 0.308667
14.2 -0.131084 0.271326 0.301332
14.21 -0.141601 0.258199 0.294479
14.22 -0.151937 0.24485 0.288161
14.23 -0.162087 0.231295 0.282435
14.24 -0.172041 0.217547 0.277354
14.25 -0.181793 0.203622 0.272966
14.26 -0.191333 0.189535 0.269317
14.27 -0.200657 0.1753 0.266446
14.28 -0.209757 0.160934 0.264382
14.29 -0.218626 0.146452 0.263146
14.3 -0.227257 0.131869 0.262746
14.31 -0.234918 0.116781 0.262344
14.32 -0.241579 0.101249 0.261939
14.33 -0.247214 0.0853427 0.261531
14.34 -0.251804 0.0691277 0.26112
14.35 -0.25533 0.0526738 0.260707
14.36 -0.257782 0.0360491 0.26029
14.37 -0.259152 0.0193253 0.259871
14.38 -0.259436 0.00257186 0.259449
14.39 -0.258637 -0.0141397 0.259023
14.4 -0.256762 -0.0307405 0.258596
14.41 -0.25382 -0.0471602 0.258164
14.42 -0.249828 -0.0633302 0.25773
14.43 -0.244806 -0.0791841 0.257293
14.44 -0.238776 -0.0946556 0.256854
14.45 -0.231768 -0.109681 0.25641
14.46 -0.223814 -0.124197 0.255965
14.47 -0.214951 -0.138146 0.255516
14.48 -0.205218 -0.15147 0.255064
14.49 -0.194659 -0.164115 0.25461
14.5 -0.183322 -0.176029 0.254152
14.51 -0.171256 -0.187166 0.253692
14.52 -0.158514 -0.197479 0.253229
14.53 -0.145153 -0.206928 0.252763
14.54 -0.131231 -0.215477 0.252293
14.55 -0.116808 -0.223092 0.251822
14.56 -0.101947 -0.229743 0.251347
14.57 -0.0867129 -0.235406 0.250869
14.58 -0.07117 -0.240061 0.250388
14.59 -0.0553867 -0.24369 0.249905
14.6 -0.0394282 -0.246283 0.249419
14.61 -0.023365 -0.247831 0.24893
14.62 -0.00726458 -0.248332 0.248438
14.63 0.00880509 -0.247787 0.247943
14.64 0.024776 -0.246203 0.247446
14.65 0.0405803 -0.243589 0.246946
14.66 0.0561525 -0.239961 0.246444
14.67 0.0714272 -0.235338 0.245939
14.68 0.0863406 -0.229743 0.245431
14.69 0.100831 -0.223202 0.24492
14.7 0.114838 -0.215748 0.244407
14.71 0.128305 -0.207415 0.243892
14.72 0.141176 -0.198243 0.243374
14.73 0.153399 -0.188272 0.242853
14.74 0.164924 -0.17755 0.24233
14.75 0.175707 -0.166123 0.241805
14.76 0.185702 -0.154043 0.241277
14.77 0.194871 -0.141365 0.240746
14.78 0.203178 -0.128144 0.240213
14.79 0.210593 -0.114439 0.239679
14.8 0.217086 -0.100309 0.239141
14.81 0.222633 -0.0858181 0.238601
14.82 0.227216 -0.0710273 0.238059
14.83 0.230818 -0.0560016 0.237515
14.84 0.233428 -0.0408055 0.236968
14.85 0.235039 -0.0255054 0.236419
14.86 0.235649 -0.0101657 0.235868
14.87 0.235259 0.00514747 0.235315
14.88 0.233875 0.02037 0.23476
14.89 0.231505 0.0354356 0.234202
14.9 0.228168 0.0502822 0.233642
14.91 0.223878 0.0648471 0.23308
14.92 0.218659 0.0790685 0.232516
14.93 0.212538 0.092888 0.231949
14.94 0.205545 0.106248 0.231381
14.95 0.197712 0.119094 0.23081
14.96 0.189078 0.131373 0.230238
14.97 0.179683 0.143035 0.229663
14.98 0.16957 0.154033 0.229085
14.99 0.158787 0.164323 0.228507
15 0.147381 0.173864 0.227925
15.01 0.135406 0.182619 0.227342
15.02 0.122914 0.190554 0.226757
15.03 0.109962 0.197639 0.226169
15.04 0.0966068 0.203846 0.225579
15.05 0.0829085 0.209155 0.224988
15.06 0.0689269 0.213545 0.224394
15.07 0.054724 0.217004 0.223798
15.08 0.0403604 0.21952 0.2232
15.09 0.0259011 0.221087 0.222599
15.1 0.0114059 0.221704 0.221998
15.11 -0.0030612 0.221372 0.221393
15.12 -0.0174383 0.220097 0.220787
15.13 -0.0316639 0.21789 0.220179
15.14 -0.0456781 0.214765 0.219569
15.15 -0.0594212 0.21074 0.218957
15.16 -0.0728361 0.205836 0.218343
15.17 -0.0858663 0.20008 0.217727
15.18 -0.0984579 0.193502 0.21711
15.19 -0.110559 0.186131 0.216491
15.2 -0.12212 0.178007 0.215869
15.21 -0.133094 0.169166 0.215247
15.22 -0.143436 0.159652 0.214622
15.23 -0.153106 0.149508 0.213996
15.24 -0.162065 0.138783 0.213368
15.25 -0.170279 0.127525 0.212738
15.26 -0.177716 0.115785 0.212106
15.27 -0.184349 0.103618 0.211474
15.28 -0.190152 0.0910775 0.210838
15.29 -0.195107 0.0782216 0.210203
15.3 -0.199196 0.0651053 0.209566
15.31 -0.202407 0.0517881 0.208927
15.32 -0.20473 0.0383278 0.208287
15.33 -0.206161 0.0247843 0.207645
15.34 -0.206699 0.0112154 0.207003
15.35 -0.206345 -0.00231897 0.206358
15.36 -0.205108 -0.0157613 0.205713
15.37 -0.202997 -0.0290528 0.205066
15.38 -0.200029 -0.0421387 0.204419
15.39 -0.196217 -0.0549623 0.203769
15.4 -0.191586 -0.0674696 0.203119
15.41 -0.18616 -0.079609 0.202468
15.42 -0.179968 -0.0913292 0.201815
15.43 -0.173039 -0.102583 0.201161
15.44 -0.165411 -0.113323 0.200506
15.45 -0.157119 -0.123507 0.199851
15.46 -0.148203 -0.133094 0.199194
15.47 -0.138706 -0.142047 0.198536
15.48 -0.128673 -0.150328 0.197877
15.49 -0.11815 -0.157909 0.197217
15.5 -0.107186 -0.164759 0.196556
15.51 -0.0958326 -0.170853 0.195895
15.52 -0.0841398 -0.17617 0.195232
15.53 -0.0721617 -0.180692 0.194568
15.54 -0.0599512 -0.184403 0.193904
15.55 -0.0475633 -0.187293 0.193238
15.56 -0.035053 -0.189354 0.192571
15.57 -0.0224768 -0.190583 0.191904
15.58 -0.00988752 -0.19098 0.191236
15.59 0.0026577 -0.190547 0.190566
15.6 0.0151056 -0.189294 0.189896
15.61 0.0274026 -0.18723 0.189225
15.62 0.0394957 -0.18437 0.188553
15.63 0.0513338 -0.180731 0.18788
15.64 0.0628666 -0.176335 0.187207
15.65 0.0740456 -0.171206 0.186532
15.66 0.0848252 -0.165372 0.185858
15.67 0.0951608 -0.158861 0.185182
15.68 0.105009 -0.151708 0.184505
15.69 0.114332 -0.143948 0.183829
15.7 0.123092 -0.135619 0.18315
15.71 0.131254 -0.126761 0.182472
15.72 0.138785 -0.117418 0.181792
15.73 0.14566 -0.107633 0.181112
15.74 0.151851 -0.0974516 0.180431
15.75 0.157336 -0.0869221 0.17975
15.76 0.162097 -0.0760926 0.179068
15.77 0.166117 -0.0650138 0.178386
15.78 0.169384 -0.0537339 0.177703
15.79 0.17189 -0.0423063 0.17702
15.8 0.173629 -0.0307804 0.176336
15.81 0.174599 -0.0192084 0.175652
15.82 0.174801 -0.00764034 0.174968
15.83 0.17424 0.00387217 0.174283
15.84 0.172925 0.0152796 0.173598
15.85 0.170866 0.0265317 0.172913
15.86 0.168078 0.0375816 0.172228
15.87 0.164578 0.0483809 0.171542
15.88 0.160388 0.0588844 0.170856
15.89 0.155532 0.0690489 0.17017
15.9 0.150035 0.0788315 0.169484
15.91 0.143926 0.0881929 0.168798
15.92 0.137237 0.0970937 0.168111
15.93 0.130003 0.1055 0.167425
15.94 0.122259 0.113377 0.166738
15.95 0.114043 0.120696 0.166052
15.96 0.105395 0.127427 0.165366
15.97 0.0963564 0.133548 0.164681
15.98 0.0869693 0.139034 0.163994
15.99 0.077279 0.143867 0.163309
16 0.0673295 0.14803 0.162623
16.01 0.0571681 0.151511 0.161937
16.02 0.0468395 0.154299 0.161252
16.03 0.036392 0.156389 0.160567
16.04 0.0258718 0.157775 0.159882
16.05 0.0153268 0.158458 0.159197
16.06 0.00480224 0.15844 0.158513
16.07 -0.00565343 0.157727 0.157828
16.08 -0.0159959 0.156328 0.157144
16.09 -0.02618 0.154254 0.15646
16.1 -0.036162 0.151521 0.155776
16.11 -0.0459001 0.148145 0.155092
16.12 -0.0553518 0.144147 0.154409
16.13 -0.0644788 0.13955 0.153726
16.14 -0.073243 0.13438 0.153044
16.15 -0.0816084 0.128662 0.152361
16.16 -0.0895405 0.122429 0.151679
16.17 -0.0970101 0.115712 0.150997
16.18 -0.103985 0.108544 0.150315
16.19 -0.110441 0.100961 0.149634
16.2 -0.116352 0.0930007 0.148953
16.21 -0.121697 0.0847021 0.148272
16.22 -0.126457 0.0761037 0.147592
16.23 -0.130617 0.0672475 0.146911
16.24 -0.134161 0.0581749 0.146231
16.25 -0.137082 0.0489285 0.145552
16.26 -0.13937 0.0395493 0.144873
16.27 -0.141021 0.0300827 0.144194
16.28 -0.142035 0.0205697 0.143516
16.29 -0.14241 0.0110544 0.142838
16.3 -0.142153 0.00157852 0.142162
16.31 -0.141268 -0.00781598 0.141484
16.32 -0.139768 -0.0170877 0.140809
16.33 -0.137663 -0.0261964 0.140133
16.34 -0.134968 -0.0351038 0.139459
16.35 -0.131701 -0.0437707 0.138784
16.36 -0.127882 -0.0521605 0.13811
16.37 -0.123532 -0.0602397 0.137437
16.38 -0.118677 -0.0679736 0.136765
16.39 -0.113342 -0.0753323 0.136093
16.4 -0.107556 -0.0822848 0.135422
16.41 -0.10135 -0.0888054 0.134752
16.42 -0.0947537 -0.0948679 0.134083
16.43 -0.0878017 -0.10045 0.133414
16.44 -0.0805287 -0.105531 0.132746
16.45 -0.0729702 -0.110093 0.13208
16.46 -0.0651614 -0.114122 0.131414
16.47 -0.0571416 -0.117603 0.13075
16.48 -0.0489467 -0.120527 0.130086
16.49 -0.0406169 -0.122885 0.129424
16.5 -0.0321894 -0.124674 0.128762
16.51 -0.0237041 -0.125889 0.128101
16.52 -0.015199 -0.126532 0.127442
16.53 -0.00671296 -0.126606 0.126783
16.54 0.00171745 -0.126115 0.126126
16.55 0.0100536 -0.125066 0.125469
16.56 0.0182594 -0.123472 0.124815
16.57 0.0262996 -0.121343 0.12416
16.58 0.034139 -0.118695 0.123507
16.59 0.0417457 -0.115546 0.122856
16.6 0.049086 -0.111913 0.122205
16.61 0.0561317 -0.10782 0.121556
16.62 0.062853 -0.103287 0.120908
16.63 0.069223 -0.0983406 0.120261
16.64 0.0752158 -0.0930071 0.119615
16.65 0.0808101 -0.0873143 0.118971
16.66 0.0859827 -0.0812908 0.118327
16.67 0.0907164 -0.0749686 0.117685
16.68 0.0949929 -0.0683777 0.117043
16.69 0.0987985 -0.0615524 0.116404
16.7 0.102121 -0.0545239 0.115765
16.71 0.104949 -0.0473277 0.115127
16.72 0.107276 -0.0399976 0.11449
16.73 0.109098 -0.0325687 0.113855
16.74 0.11041 -0.0250743 0.113221
16.75 0.111212 -0.0175502 0.112588
16.76 0.111507 -0.01003 0.111957
16.77 0.111297 -0.00254819 0.111327
16.78 0.110591 0.00486201 0.110698
16.79 0.109395 0.0121682 0.11007
16.8 0.107722 0.0193368 0.109444
16.81 0.105583 0.0263387 0.108819
16.82 0.102994 0.0331434 0.108196
16.83 0.0999708 0.0397221 0.107573
16.84 0.0965323 0.0460468 0.106952
16.85 0.0926986 0.0520929 0.106333
16.86 0.0884915 0.0578344 0.105715
16.87 0.0839347 0.0632504 0.105098
16.88 0.0790521 0.0683183 0.104483
16.89 0.0738713 0.0730204 0.10387
16.9 0.0684166 0.0773393 0.103258
16.91 0.0627177 0.0812591 0.102648
16.92 0.0568025 0.0847664 0.102039
16.93 0.0507013 0.087851 0.101432
16.94 0.0444425 0.0905033 0.100827
16.95 0.038058 0.0927158 0.100223
16.96 0.0315764 0.0944846 0.0996214
16.97 0.0250302 0.0958054 0.0990212
16.98 0.0184482 0.0966792 0.0984236
16.99 0.0118613 0.0971047 0.0978264
17 0.00530057 0.0970872 0.0972318
17.01 -0.00120545 0.0966312 0.0966387
17.02 -0.00762786 0.0957446 0.0960479
17.03 -0.0139382 0.0944354 0.0954585
17.04 -0.0201086 0.0927157 0.0948713
17.05 -0.0261139 0.0905974 0.0942858
17.06 -0.0319269 0.0880955 0.0937024
17.07 -0.0375254 0.0852252 0.0931209
17.08 -0.0428843 0.0820043 0.0925406
17.09 -0.0479838 0.078453 0.0919636
17.1 -0.0528034 0.0745892 0.0913879
17.11 -0.0573244 0.0704355 0.0908143
17.12 -0.0615292 0.0660139 0.0902423
17.13 -0.0654032 0.0613483 0.0896727
17.14 -0.0689323 0.0564619 0.0891045
17.15 -0.0721044 0.0513813 0.0885386
17.16 -0.0749096 0.0461302 0.0879741
17.17 -0.0773392 0.0407369 0.0874119
17.18 -0.079388 0.0352258 0.0868522
17.19 -0.0810489 0.0296241 0.0862932
17.2 -0.0823209 0.0239594 0.0857367
17.21 -0.0832022 0.0182579 0.0851819
17.22 -0.0836942 0.012546 0.0846293
17.23 -0.0837988 0.00685012 0.0840783
17.24 -0.0835213 0.00119658 0.0835299
17.25 -0.0828666 -0.00439019 0.0829828
17.26 -0.0818438 -0.00988422 0.0824385
17.27 -0.0804605 -0.0152632 0.0818954
17.28 -0.0787282 -0.0205013 0.0813537
17.29 -0.0766604 -0.0255781 0.0808149
17.3 -0.0742695 -0.0304717 0.0802775
17.31 -0.0715711 -0.0351624 0.0797422
17.32 -0.0685814 -0.0396303 0.0792084
17.33 -0.0653185 -0.0438586 0.0786771
17.34 -0.0617999 -0.0478302 0.078147
17.35 -0.0580466 -0.0515306 0.0776197
17.36 -0.054077 -0.0549456 0.0770931
17.37 -0.0499151 -0.0580635 0.0765695
17.38 -0.0455801 -0.0608752 0.0760483
17.39 -0.041095 -0.0633697 0.0755283
17.4 -0.0364824 -0.0655412 0.0750108
17.41 -0.0317657 -0.0673829 0.0744951
17.42 -0.0269674 -0.0688916 0.0739818
17.43 -0.0221111 -0.0700639 0.07347
17.44 -0.0172201 -0.0708999 0.0729611
17.45 -0.0123171 -0.0713987 0.0724533
17.46 -0.00742548 -0.0715649 0.0719491
17.47 -0.00256603 -0.0713997 0.0714458
17.48 0.0022368 -0.0709092 0.0709445
17.49 0.00696333 -0.0701007 0.0704457
17.5 0.0115917 -0.0689818 0.0699489
17.51 0.0161027 -0.067562 0.0694544
17.52 0.0204765 -0.0658519 0.068962
17.53 0.0246953 -0.0638639 0.0684723
17.54 0.028741 -0.0616101 0.0679842
17.55 0.0325987 -0.0591057 0.0674994
17.56 0.0362514 -0.0563638 0.0670152
17.57 0.0396854 -0.0534029 0.0665342
17.58 0.0428894 -0.050238 0.0660557
17.59 0.0458499 -0.046887 0.065579
17.6 0.0485578 -0.0433676 0.0651046
17.61 0.0510032 -0.0396991 0.0646323
17.62 0.0531789 -0.0359 0.0641624
17.63 0.0550781 -0.03199 0.0636942
17.64 0.0566964 -0.0279886 0.0632285
17.65 0.0580289 -0.0239163 0.0627641
17.66 0.0590758 -0.0197929 0.0623034
17.67 0.0598343 -0.0156369 0.0618438
17.68 0.0603053 -0.01147 0.0613864
17.69 0.060491 -0.00731023 0.0609311
17.7 0.0603943 -0.00317819 0.0604779
17.71 0.0600201 0.000908415 0.0600269
17.72 0.0593735 0.00493036 0.0595779
17.73 0.0584621 0.0088705 0.0591313
17.74 0.0572934 0.0127106 0.0586864
17.75 0.0558773 0.0164363 0.0582445
17.76 0.0542218 0.0200294 0.057803
17.77 0.0523408 0.0234758 0.0573643
17.78 0.0502445 0.0267622 0.0569273
17.79 0.0479472 0.0298744 0.0564926
17.8 0.0454614 0.0328016 0.0560596
17.81 0.0428025 0.0355316 0.0556286
17.82 0.039985 0.0380554 0.0551998
17.83 0.0370249 0.0403635 0.0547727
17.84 0.0339373 0.0424493 0.0543478
17.85 0.03074 0.0443041 0.053924
17.86 0.0274494 0.0459257 0.0535037
17.87 0.0240812 0.0473082 0.0530846
17.88 0.0206538 0.0484494 0.052668
17.89 0.0171826 0.0493471 0.052253
17.9 0.0136864 0.0500011 0.0518404
17.91 0.0101806 0.0504121 0.0514298
17.92 0.00668258 0.0505816 0.0510211
17.93 0.00320825 0.0505127 0.0506144
17.94 -0.000225058 0.0502095 0.05021
17.95 -0.00360438 0.0496776 0.0498082
17.96 -0.00691269 0.0489214 0.0494073
17.97 -0.0101357 0.0479497 0.0490093
17.98 -0.0132603 0.0467693 0.0486127
17.99 -0.0162723 0.0453904 0.048219
18 -0.0191606 0.0438214 0.0478272
18.01 -0.0219126 0.0420734 0.0474377
18.02 -0.0245181 0.0401574 0.0470505
18.03 -0.0269668 0.0380852 0.0466658
18.04 -0.0292508 0.0358678 0.046283
18.05 -0.0313596 0.0335193 0.0459017
18.06 -0.0332885 0.0310529 0.0455237
18.07 -0.03503 0.028481 0.0451472
18.08 -0.0365797 0.0258188 0.0447737
18.09 -0.0379326 0.0230784 0.0444015
18.1 -0.0390857 0.0202759 0.0440319
18.11 -0.0400372 0.0174243 0.0436644
18.12 -0.0407853 0.0145385 0.0432991
18.13 -0.0413298 0.0116319 0.0429354
18.14 -0.0416717 0.00872054 0.0425744
18.15 -0.0418136 0.00581552 0.0422161
18.16 -0.0417564 0.00293201 0.0418592
18.17 -0.0415051 8.28151e-05 0.0415052
18.18 -0.0410623 -0.0027192 0.0411522
18.19 -0.0404354 -0.00546095 0.0408025
18.2 -0.0396287 -0.00813152 0.0404544
18.21 -0.0386498 -0.0107186 0.0401085
18.22 -0.0375055 -0.0132117 0.0397645
18.23 -0.0362053 -0.0156002 0.0394232
18.24 -0.0347557 -0.0178759 0.0390834
18.25 -0.0331676 -0.0200274 0.0387451
18.26 -0.0314507 -0.0220485 0.0384094
18.27 -0.0296148 -0.0239304 0.0380749
18.28 -0.027672 -0.025668 0.0377437
18.29 -0.0256313 -0.0272543 0.0374133
18.3 -0.0235059 -0.0286845 0.0370854
18.31 -0.0213064 -0.0299549 0.0367595
18.32 -0.019045 -0.0310621 0.0364358
18.33 -0.0167324 -0.032003 0.0361132
18.34 -0.0143828 -0.0327763 0.0357932
18.35 -0.012006 -0.0333821 0.0354755
18.36 -0.00961457 -0.0338193 0.0351594
18.37 -0.00721975 -0.03409 0.0348461
18.38 -0.00483299 -0.0341936 0.0345335
18.39 -0.00246651 -0.0341348 0.0342238
18.4 -0.000130049 -0.0339156 0.0339159
18.41 0.00216508 -0.0335401 0.0336099
18.42 0.00440877 -0.0330125 0.0333056
18.43 0.00659085 -0.0323393 0.0330041
18.44 0.00870358 -0.0315248 0.0327043
18.45 0.0107362 -0.0305761 0.0324062
18.46 0.0126819 -0.0295002 0.0321106
18.47 0.0145314 -0.0283039 0.0318162
18.48 0.0162794 -0.0269969 0.0315254
18.49 0.0179187 -0.0255851 0.0312358
18.5 0.0194432 -0.0240786 0.0309486
18.51 0.0208482 -0.0224857 0.0306635
18.52 0.0221294 -0.0208159 0.0303811
18.53 0.0232822 -0.019077 0.0300997
18.54 0.0243034 -0.0172808 0.0298209
18.55 0.0251914 -0.0154352 0.0295441
18.56 0.0259433 -0.013551 0.0292692
18.57 0.02656 -0.0116369 0.0289974
18.58 0.0270379 -0.0097025 0.0287261
18.59 0.0273797 -0.00775847 0.0284577
18.6 0.0275851 -0.00581343 0.028191
18.61 0.0276561 -0.00387689 0.0279265
18.62 0.0275939 -0.0019578 0.0276633
18.63 0.027403 -6.58031e-05 0.0274031
18.64 0.0270852 0.00179228 0.0271444
18.65 0.0266449 0.00360667 0.0268879
18.66 0.0260862 0.00537124 0.0266335
18.67 0.025413 0.00707597 0.0263797
18.68 0.0246329 0.00871578 0.0261293
18.69 0.0237493 0.0102833 0.02588
18.7 0.0227694 0.0117725 0.0256327
18.71 0.0216991 0.0131773 0.0253868
18.72 0.0205462 0.0144929 0.0251434
18.73 0.0193159 0.0157144 0.0249008
18.74 0.0180175 0.0168374 0.0246602
18.75 0.0166571 0.0178586 0.0244211
18.76 0.0152439 0.018774 0.0241835
18.77 0.0137849 0.0195838 0.0239489
18.78 0.0122874 0.0202831 0.0237146
18.79 0.0107604 0.0208722 0.0234826
18.8 0.00921119 0.0213497 0.023252
18.81 0.00764807 0.0217159 0.0230234
18.82 0.00607824 0.0219704 0.0227956
18.83 0.00451057 0.0221149 0.0225702
18.84 0.00295134 0.0221502 0.022346
18.85 0.00140924 0.0220787 0.0221236
18.86 -0.000110628 0.0219029 0.0219031
18.87 -0.00159879 0.0216237 0.0216828
18.88 -0.00304976 0.0212473 0.0214651
18.89 -0.00445711 0.0207758 0.0212486
18.9 -0.00581487 0.0202141 0.0210339
18.91 -0.00711735 0.019566 0.0208203
18.92 -0.00835938 0.0188376 0.0206091
18.93 -0.00953622 0.0180324 0.0203987
18.94 -0.0106433 0.0171576 0.0201907
18.95 -0.0116772 0.016217 0.0199837
18.96 -0.0126324 0.0152181 0.019778
18.97 -0.013509 0.0141669 0.0195753
18.98 -0.0143021 0.0130682 0.0193734
18.99 -0.0150104 0.0119292 0.0191733
19 -0.0156314 0.0107558 0.0189744
19.01 -0.0161648 0.00955503 0.0187776
19.02 -0.0166087 0.00833241 0.0185816
19.03 -0.0169639 0.00709539 0.018388
19.04 -0.0172293 0.00584912 0.0181951
19.05 -0.0174064 0.00460176 0.0180044
19.06 -0.0174967 0.00335657 0.0178158
19.07 -0.0174992 0.00212184 0.0176274
19.08 -0.0174179 0.00090254 0.0174413
19.09 -0.0172539 -0.000295275 0.0172564
19.1 -0.0170105 -0.0014666 0.0170736
19.11 -0.0166895 -0.00260649 0.0168918
19.12 -0.0162951 -0.00370979 0.0167121
19.13 -0.0158295 -0.00477193 0.0165332
19.14 -0.0152981 -0.00578846 0.0163566
19.15 -0.0147027 -0.00675645 0.0161808
19.16 -0.0140488 -0.00766937 0.0160059
19.17 -0.0133413 -0.00852683 0.0158334
19.18 -0.0125837 -0.00932406 0.0156617
19.19 -0.0117814 -0.0100594 0.0154917
19.2 -0.0109384 -0.0107297 0.0153224
19.21 -0.010061 -0.0113331 0.0151547
19.22 -0.00915329 -0.0118681 0.0149878
19.23 -0.00822135 -0.0123342 0.014823
19.24 -0.00726889 -0.0127296 0.0146587
19.25 -0.00630332 -0.0130539 0.0144961
19.26 -0.00532734 -0.0133089 0.0143355
19.27 -0.00434714 -0.0134923 0.0141753
19.28 -0.0033673 -0.0136063 0.0140167
19.29 -0.00239292 -0.0136507 0.0138588
19.3 -0.00142919 -0.0136281 0.0137028
19.31 -0.000479604 -0.0135392 0.0135477
19.32 0.000450996 -0.0133868 0.0133943
19.33 0.00135835 -0.0131714 0.0132412
19.34 0.00223779 -0.0128976 0.0130902
19.35 0.00308757 -0.0125665 0.0129403
19.36 0.00390116 -0.0121813 0.0127907
19.37 0.00467774 -0.0117461 0.0126433
19.38 0.00541287 -0.0112635 0.0124967
19.39 0.00610511 -0.010738 0.0123522
19.4 0.00675173 -0.0101715 0.0122084
19.41 0.00735033 -0.009569 0.0120662
19.42 0.00789862 -0.00893371 0.0119247
19.43 0.00839642 -0.00827077 0.0117858
19.44 0.00884177 -0.00758187 0.0116474
19.45 0.00923289 -0.00687348 0.0115105
19.46 0.00957126 -0.00614764 0.0113755
19.47 0.00985428 -0.00540927 0.0112413
19.48 0.0100835 -0.00466165 0.0111089
19.49 0.0102574 -0.00390868 0.0109769
19.5 0.0103776 -0.00315533 0.0108467
19.51 0.0104446 -0.0024044 0.0107177
19.52 0.0104601 -0.00165947 0.010591
19.53 0.0104235 -0.000923633 0.0104644
19.54 0.0103379 -0.000201843 0.0103399
19.55 0.0102042 0.000505181 0.0102167
19.56 0.0100238 0.00119184 0.0100944
19.57 0.00979948 0.0018573 0.00997393
19.58 0.00953234 0.00249739 0.00985406
19.59 0.00922627 0.00311021 0.00973639
19.6 0.00888204 0.00369413 0.00961962
19.61 0.00850283 0.00424634 0.00950418
19.62 0.00809044 0.00476416 0.00938895
19.63 0.00764959 0.00524643 0.00927585
19.64 0.0071811 0.00569225 0.00916351
19.65 0.00668939 0.00609861 0.00905213
19.66 0.00617646 0.00646657 0.00894233
19.67 0.00564579 0.00679305 0.00883292
19.68 0.00510068 0.00707935 0.00872549
19.69 0.00454276 0.00732371 0.0086182
19.7 0.00397687 0.00752604 0.00851216
19.71 0.00340526 0.00768636 0.00840689
19.72 0.00283126 0.00780619 0.00830377
19.73 0.00225633 0.00788433 0.00820084
19.74 0.00168531 0.00792177 0.00809906
19.75 0.0011189 0.00791962 0.00799827
19.76 0.000562091 0.00787791 0.00789793
19.77 1.54938e-05 0.00779926 0.00779928
19.78 -0.000517483 0.00768305 0.00770046
19.79 -0.00103395 0.00753261 0.00760324
19.8 -0.00153284 0.00734857 0.00750674
19.81 -0.00201195 0.00713331 0.00741162
19.82 -0.00246871 0.00688707 0.00731617
19.83 -0.00290103 0.00661407 0.00722232
19.84 -0.00330858 0.00631493 0.00712917
19.85 -0.00368832 0.00599306 0.00703708
19.86 -0.00404155 0.00564965 0.00694641
19.87 -0.00436455 0.00528689 0.00685569
19.88 -0.00465826 0.00490833 0.00676691
19.89 -0.00492154 0.00451452 0.0066785
19.9 -0.00515371 0.00410898 0.00659124
19.91 -0.00535373 0.00369347 0.00650416
19.92 -0.00552291 0.00327151 0.00641914
19.93 -0.00566046 0.00284351 0.00633453
19.94 -0.00576634 0.00241342 0.00625103
19.95 -0.00584131 0.00198146 0.00616823
19.96 -0.00588426 0.00155224 0.00608555
19.97 -0.0058983 0.00112664 0.00600493
19.98 -0.00588209 0.000706166 0.00592433
19.99 -0.00583767 0.000294061 0.00584507
20 -0.00576536 -0.000108811 0.00576639
20.01 -0.00566738 -0.000500473 0.00568944
20.02 -0.00554317 -0.00087978 0.00561255
20.03 -0.00539516 -0.00124401 0.00553673
20.04 -0.00522406 -0.00159305 0.00546156
20.05 -0.00503199 -0.00192356 0.00538711
20.06 -0.0048206 -0.00223733 0.00531449
20.07 -0.00458962 -0.00253107 0.00524127
20.08 -0.00434277 -0.00280404 0.00516936
20.09 -0.00408018 -0.00305587 0.00509766
20.1 -0.00380484 -0.00328551 0.00502707
20.11 -0.00351724 -0.00349206 0.00495636
20.12 -0.00322073 -0.00367531 0.00488682
20.13 -0.0029158 -0.00383524 0.00481778
20.14 -0.00260553 -0.00397109 0.00474956
20.15 -0.00228973 -0.00408418 0.00468224
20.16 -0.00197156 -0.00417174 0.00461416
20.17 -0.00165331 -0.00423667 0.00454783
20.18 -0.00133514 -0.0042781 0.0044816
20.19 -0.00101996 -0.00429711 0.0044165
20.2 -0.000708159 -0.00429329 0.0043513
20.21 -0.000402363 -0.00426832 0.00428724
20.22 -0.000103084 -0.00422196 0.00422322
20.23 0.000187189 -0.00415575 0.00415996
20.24 0.00046875 -0.00407006 0.00409696
20.25 0.000737556 -0.00396586 0.00403387
20.26 0.000995244 -0.00384608 0.00397277
20.27 0.00124004 -0.00370951 0.00391128
20.28 0.00147059 -0.00355895 0.00385082
20.29 0.00168651 -0.00339437 0.00379026
20.3 0.00188673 -0.00321878 0.00373099
20.31 0.00207115 -0.00303216 0.00367201
20.32 0.00223931 -0.00283693 0.00361423
20.33 0.00239111 -0.00263304 0.00355673
20.34 0.0025251 -0.00242353 0.00349994
20.35 0.00264383 -0.00220831 0.00344478
20.36 0.00274415 -0.00198836 0.0033888
20.37 0.00282777 -0.0017666 0.00333424
20.38 0.00289435 -0.00154279 0.00327986
20.39 0.00294478 -0.0013197 0.00322697
20.4 0.00297898 -0.00109657 0.00317439
20.41 0.00299736 -0.000875753 0.00312267
20.42 0.00299996 -0.000657693 0.00307121
20.43 0.00298783 -0.000444711 0.00302074
20.44 0.00296215 -0.000235513 0.0029715
20.45 0.00292158 -3.30905e-05 0.00292177
20.46 0.00286956 0.000162625 0.00287416
20.47 0.00280471 0.000351661 0.00282667
20.48 0.0027291 0.000532316 0.00278053
20.49 0.00264194 0.000705274 0.00273445
20.5 0.00254509 0.000868285 0.00268912
20.51 0.00243908 0.00102175 0.00264445
20.52 0.00232537 0.00116513 0.00260093
20.53 0.00220359 0.00129914 0.00255805
20.54 0.00207489 0.00142095 0.00251482
20.55 0.00194105 0.00153295 0.00247338
20.56 0.00180118 0.0016331 0.00243131
20.57 0.00165812 0.00172191 0.00239047
20.58 0.00151085 0.00179929 0.00234949
20.59 0.00136241 0.0018649 0.00230955
20.6 0.001212 0.00191975 0.00227032
20.61 0.00106087 0.0019636 0.00223185
20.62 0.000908969 0.00199611 0.00219333
20.63 0.000758912 0.00201691 0.00215496
20.64 0.000609923 0.00202851 0.00211822
20.65 0.000463163 0.00202862 0.00208083
20.66 0.000319511 0.00201981 0.00204492
20.67 0.000178558 0.00200063 0.00200858
20.68 4.27357e-05 0.00197278 0.00197324
20.69 -8.94984e-05 0.00193603 0.0019381
20.7 -0.000216064 0.00189092 0.00190322
20.71 -0.000336762 0.00183773 0.00186833
20.72 -0.000450512 0.00177817 0.00183435
20.73 -0.000559151 0.00171254 0.00180152
20.74 -0.000660041 0.00164012 0.00176795
20.75 -0.00075455 0.00156328 0.00173586
20.76 -0.000841405 0.00148077 0.00170313
20.77 -0.000920572 0.00139559 0.00167186
20.78 -0.000993266 0.00130608 0.00164086
20.79 -0.00105775 0.00121414 0.00161027
20.8 -0.00111502 0.00111979 0.00158026
20.81 -0.001165 0.00102405 0.0015511
20.82 -0.00120808 0.00092627 0.00152231
20.83 -0.00124236 0.000827876 0.00149293
20.84 -0.00127045 0.000729755 0.00146512
20.85 -0.00129049 0.000631651 0.00143678
20.86 -0.00130461 0.000535224 0.00141013
20.87 -0.0013119 0.000438396 0.00138321
20.88 -0.00131207 0.000344393 0.00135651
20.89 -0.00130652 0.000251968 0.0013306
20.9 -0.00129506 0.000162154 0.00130517
20.91 -0.00127793 7.46395e-05 0.00128011
20.92 -0.00125507 -9.17524e-06 0.0012551
20.93 -0.0012283 -9.03187e-05 0.00123161
20.94 -0.00119568 -0.000167878 0.00120741
20.95 -0.00115954 -0.00024197 0.00118451
20.96 -0.00111774 -0.000312544 0.00116062
20.97 -0.00107283 -0.000377335 0.00113725
20.98 -0.00102464 -0.000438951 0.00111471
20.99 -0.00097324 -0.000495596 0.00109216
21 -0.000918783 -0.000547795 0.00106969
21.01 -0.000862056 -0.000594551 0.0010472
21.02 -0.000803624 -0.000637045 0.00102549
21.03 -0.000743123 -0.000673582 0.00100297
21.04 -0.000682198 -0.000705934 0.000981701
21.05 -0.000619655 -0.000732457 0.000959408
21.06 -0.00055832 -0.000754236 0.000938399
21.07 -0.000495666 -0.000772248 0.000917634
21.08 -0.000433635 -0.000784493 0.000896364
21.09 -0.000372063 -0.000792199 0.00087522
21.1 -0.000312196 -0.000795159 0.000854251
21.11 -0.00025356 -0.000794411 0.000833896
21.12 -0.000196692 -0.000788928 0.000813078
21.13 -0.000141642 -0.000780492 0.00079324
21.14 -8.8886e-05 -0.000767083 0.000772215
21.15 -3.93622e-05 -0.000751583 0.000752613
21.16 8.76326e-06 -0.000732475 0.000732527
21.17 5.24649e-05 -0.000710341 0.000712275
21.18 9.37038e-05 -0.00068658 0.000692945
21.19 0.000131472 -0.000661054 0.000674001
21.2 0.000166806 -0.000634106 0.000655679
21.21 0.00019879 -0.000605291 0.000637098
21.22 0.000227864 -0.000575926 0.000619365
21.23 0.000253115 -0.000545243 0.00060113
21.24 0.000276104 -0.000515608 0.00058488
21.25 0.000296759 -0.000484278 0.000567971
21.26 0.000313576 -0.000453792 0.000551595
21.27 0.000329164 -0.00042331 0.000536228
21.28 0.000341473 -0.000393058 0.000520671
21.29 0.000351948 -0.000363309 0.000505827
21.3 0.00035962 -0.000334169 0.000490913
21.31 0.000365666 -0.000306597 0.000477194
21.32 0.000369727 -0.000279784 0.000463657
21.33 0.000373394 -0.00025426 0.000451742
21.34 0.000374564 -0.000228503 0.000438762
21.35 0.00037442 -0.000205392 0.000427055
21.36 0.000374118 -0.000182364 0.000416198
21.37 0.000372095 -0.000161009 0.000405437
21.38 0.000370177 -0.000140151 0.00039582
21.39 0.000366941 -0.000120323 0.000386165
21.4 0.000363653 -0.000101475 0.000377546
21.41 0.000359343 -8.31152e-05 0.00036883
21.42 0.000354948 -6.55219e-05 0.000360945
21.43 0.000348741 -4.9044e-05 0.000352173
21.44 0.000343697 -3.42277e-05 0.000345398
21.45 0.000338 -1.87743e-05 0.000338521
21.46 0.000331754 -5.07784e-06 0.000331793
21.47 0.000325532 8.90153e-06 0.000325654
21.48 0.000318684 2.11732e-05 0.000319387
21.49 0.00031257 3.31812e-05 0.000314326
21.5 0.000306053 4.4785e-05 0.000309312
21.51 0.00029985 5.60682e-05 0.000305047
21.52 0.000293038 6.64167e-05 0.00030047
21.53 0.000287416 7.70863e-05 0.000297574
21.54 0.000280171 8.75969e-05 0.000293546
21.55 0.000273635 9.67417e-05 0.000290233
21.56 0.000266847 0.000106445 0.000287294
21.57 0.000260521 0.00011485 0.000284714
21.58 0.000254354 0.00012437 0.000283132
21.59 0.000247433 0.000133297 0.000281054
21.6 0.000240851 0.000141941 0.000279565
21.61 0.000234291 0.000150122 0.00027826
21.62 0.00022826 0.000159357 0.000278383
21.63 0.00022109 0.000167857 0.000277591
21.64 0.000214946 0.00017678 0.000278304
21.65 0.000207403 0.000186369 0.000278835
21.66 0.000200149 0.000195288 0.000279637
21.67 0.000191559 0.000205291 0.000280783
21.68 0.000182487 0.000213907 0.000281172
21.69 0.000173597 0.000223047 0.000282641
21.7 0.000163686 0.000232204 0.000284098
21.71 0.000152877 0.000241727 0.000286013
21.72 0.000140969 0.000249668 0.000286717
21.73 0.000129194 0.000258025 0.000288562
21.74 0.000115948 0.00026543 0.00028965
21.75 0.000103167 0.000272395 0.000291277
21.76 8.84036e-05 0.000279287 0.000292945
21.77 7.39854e-05 0.000284466 0.00029393
21.78 5.86276e-05 0.000290053 0.000295918
21.79 4.21387e-05 0.000294028 0.000297033
21.8 2.54069e-05 0.00029707 0.000298155
21.81 8.72024e-06 0.000298366 0.000298494
21.82 -8.16821e-06 0.000299875 0.000299986
21.83 -2.56729e-05 0.000299379 0.000300478
21.84 -4.28481e-05 0.000298317 0.000301379
21.85 -6.08663e-05 0.000295291 0.000301499
21.86 -7.69009e-05 0.000291137 0.000301122
21.87 -9.38228e-05 0.000286778 0.000301736
21.88 -0.000109977 0.000280648 0.000301427
21.89 -0.000125668 0.000274151 0.000301581
21.9 -0.000140823 0.000266521 0.000301438
21.91 -0.000156087 0.000258736 0.000302172
21.92 -0.000170472 0.000249107 0.000301852
21.93 -0.000184352 0.000239535 0.000302263
21.94 -0.000197606 0.000228518 0.000302107
21.95 -0.000209662 0.000218078 0.000302516
21.96 -0.000222916 0.000206318 0.000303741
21.97 -0.000234232 0.000193365 0.000303734
21.98 -0.000245219 0.000180256 0.000304343
21.99 -0.000255205 0.000166395 0.000304658
22 -0.000265005 0.000152545 0.000305774
22.01 -0.000273668 0.000137688 0.000306353
22.02 -0.000282344 0.000122944 0.00030795
22.03 -0.000289895 0.000107125 0.000309055
22.04 -0.000297154 9.17036e-05 0.000310983
22.05 -0.000304219 7.42967e-05 0.00031316
22.06 -0.000309063 5.7331e-05 0.000314336
22.07 -0.000314473 3.99135e-05 0.000316996
22.08 -0.000318678 2.15226e-05 0.000319404
22.09 -0.00032248 2.49994e-06 0.00032249
22.1 -0.000324374 -1.77518e-05 0.00032486
22.11 -0.000325412 -3.79807e-05 0.000327621
22.12 -0.00032455 -5.86404e-05 0.000329805
22.13 -0.000323245 -7.92184e-05 0.00033281
22.14 -0.000320022 -0.000101158 0.000335629
22.15 -0.000314901 -0.000121655 0.000337584
22.16 -0.000309386 -0.000143302 0.000340963
22.17 -0.000301152 -0.000164512 0.000343157
22.18 -0.000291972 -0.000185374 0.000345848
22.19 -0.000280448 -0.000205888 0.000347909
22.2 -0.000268277 -0.000225425 0.000350413
22.21 -0.00025416 -0.000244793 0.000352875
22.22 -0.000238838 -0.000263739 0.000355812
22.23 -0.000220699 -0.00028174 0.00035789
22.24 -0.000201787 -0.000297213 0.00035924
22.25 -0.000181719 -0.000312799 0.000361752
22.26 -0.000159845 -0.000325744 0.000362849
22.27 -0.000137484 -0.000337852 0.000364754
22.28 -0.000113333 -0.000347874 0.00036587
22.29 -8.9235e-05 -0.000356101 0.000367112
22.3 -6.37301e-05 -0.000362675 0.000368232
22.31 -3.80972e-05 -0.000367372 0.000369342
22.32 -1.17375e-05 -0.000369599 0.000369785
22.33 1.35813e-05 -0.000370224 0.000370473
22.34 4.00797e-05 -0.000370121 0.000372285
22.35 6.64817e-05 -0.000366727 0.000372704
22.36 9.28072e-05 -0.000362312 0.000374009
22.37 0.000118875 -0.000354803 0.000374188
22.38 0.000143601 -0.000346139 0.000374744
22.39 0.000168683 -0.000335588 0.000375597
22.4 0.0001926 -0.000323149 0.000376191
22.41 0.000215827 -0.000308423 0.000376439
22.42 0.000237468 -0.000292651 0.000376876
22.43 0.00025889 -0.000274983 0.000377677
22.44 0.000277842 -0.000255076 0.000377174
22.45 0.0002959 -0.000234859 0.000377777
22.46 0.000311955 -0.000212471 0.000377439
22.47 0.000326698 -0.000190057 0.00037796
22.48 0.000340601 -0.00016539 0.000378633
22.49 0.000351622 -0.000139706 0.000378359
22.5 0.000360865 -0.000113088 0.00037817
22.51 0.00036805 -8.65154e-05 0.000378082
22.52 0.000373816 -5.86545e-05 0.00037839
22.53 0.000376552 -3.03813e-05 0.000377776
22.54 0.000377986 -2.16412e-06 0.000377992
22.55 0.000375959 2.68003e-05 0.000376913
22.56 0.000372423 5.45107e-05 0.000376391
22.57 0.000366328 8.30624e-05 0.000375627
22.58 0.00035726 0.000109809 0.000373755
22.59 0.000347055 0.000135969 0.000372739
22.6 0.000334749 0.000161023 0.000371464
22.61 0.000320443 0.000185738 0.000370382
22.62 0.000303641 0.000208459 0.000368311
22.63 0.000285905 0.000229621 0.000366698
22.64 0.000265856 0.000249066 0.000364299
22.65 0.000245929 0.000266686 0.000362771
22.66 0.000223455 0.00028358 0.000361039
22.67 0.000200011 0.000297234 0.000358263
22.68 0.000176117 0.000309741 0.00035631
22.69 0.000151044 0.000319642 0.000353533
22.7 0.000125557 0.000327783 0.000351008
22.71 9.99422e-05 0.000333139 0.000347807
22.72 7.471e-05 0.000337008 0.000345189
22.73 4.90886e-05 0.000338659 0.000342198
22.74 2.45281e-05 0.000338897 0.000339784
22.75 -1.16119e-06 0.000336872 0.000336874
22.76 -2.46907e-05 0.000332308 0.000333224
22.77 -4.77107e-05 0.000327416 0.000330874
22.78 -7.02941e-05 0.000320498 0.000328116
22.79 -9.22823e-05 0.00031276 0.00032609
22.8 -0.000113473 0.00030293 0.000323485
22.81 -0.000133738 0.000292186 0.000321339
22.82 -0.000153041 0.000279849 0.000318962
22.83 -0.000171048 0.000266966 0.000317062
22.84 -0.000188796 0.000252128 0.00031498
22.85 -0.0002039 0.000236863 0.000312537
22.86 -0.000219248 0.000221123 0.000311392
22.87 -0.000232973 0.000203515 0.000309346
22.88 -0.000245413 0.000185729 0.000307771
22.89 -0.000256176 0.000166692 0.000305634
22.9 -0.000265788 0.000148019 0.000304226
22.91 -0.000274495 0.000128595 0.000303125
22.92 -0.000282196 0.000108715 0.000302413
22.93 -0.00028858 8.73456e-05 0.000301509
22.94 -0.000292514 6.67264e-05 0.000300028
22.95 -0.000296394 4.52913e-05 0.000299835
22.96 -0.000297657 2.33992e-05 0.000298576
22.97 -0.000298038 1.98442e-06 0.000298045
22.98 -0.000296374 -2.02987e-05 0.000297068
22.99 -0.000293371 -4.16871e-05 0.000296318
23 -0.000288661 -6.35572e-05 0.000295575
23.01 -0.000282033 -8.48213e-05 0.000294512
23.02 -0.000273575 -0.000105554 0.000293232
23.03 -0.000263794 -0.000124405 0.000291657
23.04 -0.000253578 -0.000143897 0.000291562
23.05 -0.000240652 -0.000162066 0.000290136
23.06 -0.000227098 -0.000179234 0.000289306
23.07 -0.000211295 -0.000195447 0.000287829
23.08 -0.000195207 -0.000209473 0.00028633
23.09 -0.000177842 -0.000223199 0.000285387
23.1 -0.000159323 -0.000235177 0.000284063
23.11 -0.000139803 -0.000245637 0.000282634
23.12 -0.000119868 -0.000254087 0.000280942
23.13 -9.91848e-05 -0.000261902 0.000280054
23.14 -7.75804e-05 -0.000266558 0.000277618
23.15 -5.66825e-05 -0.00027011 0.000275993
23.16 -3.51265e-05 -0.00027164 0.000273902
23.17 -1.46894e-05 -0.000271592 0.000271989
23.18 6.73338e-06 -0.000270693 0.000270777
23.19 2.7649e-05 -0.000267163 0.00026859
23.2 4.78645e-05 -0.000262091 0.000266426
23.21 6.70363e-05 -0.000255734 0.000264374
23.22 8.60709e-05 -0.000248695 0.000263168
23.23 0.000104394 -0.000239279 0.00026106
23.24 0.000121873 -0.000229501 0.000259854
23.25 0.000138742 -0.000217379 0.000257881
23.26 0.000153747 -0.000204636 0.000255957
23.27 0.000168774 -0.000190737 0.000254687
23.28 0.000181507 -0.000175149 0.000252234
23.29 0.000193223 -0.000159372 0.000250469
23.3 0.000203682 -0.000142797 0.000248751
23.31 0.000213187 -0.000125418 0.000247343
23.32 0.000220678 -0.000106684 0.000245112
23.33 0.000226603 -8.84889e-05 0.000243268
23.34 0.000230771 -6.93334e-05 0.000240962
23.35 0.000233592 -5.11758e-05 0.000239132
23.36 0.000235933 -3.18906e-05 0.000238078
23.37 0.000235265 -1.23541e-05 0.000235589
23.38 0.000233755 6.48726e-06 0.000233845
23.39 0.000230241 2.53435e-05 0.000231632
23.4 0.000225431 4.36092e-05 0.00022961
23.41 0.000218786 6.15896e-05 0.000227289
23.42 0.000210969 7.82172e-05 0.000225002
23.43 0.000201408 9.46869e-05 0.000222555
23.44 0.000190967 0.000109292 0.00022003
23.45 0.000179163 0.000123849 0.000217803
23.46 0.000165293 0.000136003 0.000214052
23.47 0.000152163 0.000146609 0.0002113
23.48 0.000137743 0.000156382 0.000208395
23.49 0.000123186 0.000164822 0.000205769
23.5 0.000107629 0.000172131 0.00020301
23.51 9.19085e-05 0.000177404 0.000199798
23.52 7.59745e-05 0.000181504 0.000196764
23.53 6.08509e-05 0.000183918 0.000193723
23.54 4.50213e-05 0.000185988 0.00019136
23.55 2.92991e-05 0.000185549 0.000187848
23.56 1.47527e-05 0.000184535 0.000185123
23.57 -4.79479e-07 0.000182047 0.000182048
23.58 -1.4332e-05 0.000178252 0.000178827
23.59 -2.79549e-05 0.000173393 0.000175632
23.6 -4.02831e-05 0.000167383 0.000172162
23.61 -5.18931e-05 0.000161176 0.000169324
23.62 -6.25957e-05 0.000154337 0.000166547
23.63 -7.35658e-05 0.000146936 0.000164323
23.64 -8.26885e-05 0.000137988 0.000160867
23.65 -9.07419e-05 0.000129804 0.000158376
23.66 -9.87849e-05 0.000120828 0.00015607
23.67 -0.000105504 0.000112015 0.000153878
23.68 -0.00011249 0.000102424 0.000152134
23.69 -0.000117976 9.2272e-05 0.000149774
23.7 -0.000122822 8.23112e-05 0.000147853
23.71 -0.000126847 7.20456e-05 0.000145879
23.72 -0.000130605 6.16322e-05 0.000144417
23.73 -0.000132592 5.10152e-05 0.000142067
23.74 -0.00013469 4.11965e-05 0.00014085
23.75 -0.000136195 3.03954e-05 0.000139545
23.76 -0.000136384 2.01985e-05 0.000137872
23.77 -0.000136387 9.38985e-06 0.00013671
23.78 -0.000134676 -6.42048e-07 0.000134677
23.79 -0.000133292 -1.02063e-05 0.000133682
23.8 -0.000131301 -2.03237e-05 0.000132865
23.81 -0.000128609 -3.04631e-05 0.000132167
23.82 -0.000124204 -4.02891e-05 0.000130575
23.83 -0.000119905 -4.92763e-05 0.000129636
23.84 -0.000114472 -5.83528e-05 0.000128487
23.85 -0.000108505 -6.63137e-05 0.000127164
23.86 -0.000102158 -7.47419e-05 0.00012658
23.87 -9.42691e-05 -8.15718e-05 0.000124662
23.88 -8.6835e-05 -8.80599e-05 0.000123672
23.89 -7.82491e-05 -9.41188e-05 0.000122398
23.9 -6.93983e-05 -9.8912e-05 0.000120829
23.91 -6.01579e-05 -0.000102795 0.000119104
23.92 -5.16231e-05 -0.000106017 0.000117918
23.93 -4.21578e-05 -0.000108916 0.00011679
23.94 -3.2789e-05 -0.000110743 0.000115495
23.95 -2.30089e-05 -0.000112154 0.00011449
23.96 -1.32806e-05 -0.000111361 0.00011215
23.97 -4.74089e-06 -0.000110937 0.000111038
23.98 4.66447e-06 -0.000109776 0.000109876
23.99 1.36751e-05 -0.000107612 0.000108478
24 2.25802e-05 -0.00010468 0.000107088
24.01 3.05673e-05 -0.000100898 0.000105427
24.02 3.85281e-05 -9.64809e-05 0.000103889
24.03 4.54263e-05 -9.16691e-05 0.000102307
24.04 5.22989e-05 -8.65611e-05 0.000101134
24.05 5.81152e-05 -8.03645e-05 9.91758e-05
24.06 6.33185e-05 -7.50796e-05 9.8215e-05
24.07 6.88657e-05 -6.8366e-05 9.7038e-05
24.08 7.30932e-05 -6.14434e-05 9.54878e-05
24.09 7.68295e-05 -5.45046e-05 9.41994e-05
24.1 7.96399e-05 -4.75192e-05 9.27394e-05
24.11 8.25931e-05 -4.04495e-05 9.19662e-05
24.12 8.48353e-05 -3.30004e-05 9.10278e-05
24.13 8.67244e-05 -2.49263e-05 9.02355e-05
24.14 8.6865e-05 -1.68377e-05 8.84819e-05
24.15 8.66451e-05 -9.93653e-06 8.7213e-05
24.16 8.61463e-05 -1.88839e-06 8.6167e-05
24.17 8.45732e-05 5.3183e-06 8.47402e-05
24.18 8.28072e-05 1.26176e-05 8.3763e-05
24.19 7.98307e-05 1.94902e-05 8.21755e-05
24.2 7.67217e-05 2.58273e-05 8.09523e-05
24.21 7.27761e-05 3.20427e-05 7.95179e-05
24.22 6.87197e-05 3.79652e-05 7.85096e-05
24.23 6.39372e-05 4.29113e-05 7.70022e-05
24.24 5.9509e-05 4.71883e-05 7.59477e-05
24.25 5.41591e-05 5.22699e-05 7.52685e-05
24.26 4.80107e-05 5.57639e-05 7.35843e-05
24.27 4.1969e-05 5.91386e-05 7.25174e-05
24.28 3.55542e-05 6.10528e-05 7.06509e-05
24.29 2.97717e-05 6.24257e-05 6.91616e-05
24.3 2.31291e-05 6.38393e-05 6.79e-05
24.31 1.65324e-05 6.45295e-05 6.66136e-05
24.32 1.00595e-05 6.39233e-05 6.471e-05
24.33 4.63229e-06 6.26508e-05 6.28218e-05
24.34 -1.0469e-06 6.12833e-05 6.12922e-05
24.35 -6.2932e-06 5.88109e-05 5.91467e-05
24.36 -1.11441e-05 5.71411e-05 5.82177e-05
24.37 -1.559e-05 5.41937e-05 5.63915e-05
24.38 -1.91501e-05 5.11978e-05 5.46621e-05
24.39 -2.33295e-05 4.79246e-05 5.33013e-05
24.4 -2.67671e-05 4.41421e-05 5.16237e-05
24.41 -2.95152e-05 4.04869e-05 5.01032e-05
24.42 -3.14047e-05 3.72902e-05 4.87525e-05
24.43 -3.36058e-05 3.36473e-05 4.75552e-05
24.44 -3.53563e-05 2.92712e-05 4.59007e-05
24.45 -3.69448e-05 2.56707e-05 4.49878e-05
24.46 -3.73174e-05 2.15975e-05 4.31165e-05
24.47 -3.70177e-05 1.87925e-05 4.15147e-05
24.48 -3.74418e-05 1.54768e-05 4.05144e-05
24.49 -3.74474e-05 1.17746e-05 3.92549e-05
24.5 -3.74853e-05 8.66543e-06 3.84739e-05
24.51 -3.68481e-05 6.21505e-06 3.73685e-05
24.52 -3.61047e-05 3.56004e-06 3.62797e-05
24.53 -3.51692e-05 7.42966e-07 3.51771e-05
24.54 -3.48887e-05 -1.77432e-06 3.49338e-05
24.55 -3.40449e-05 -4.50401e-06 3.43415e-05
24.56 -3.32026e-05 -6.00746e-06 3.37417e-05
24.57 -3.20511e-05 -8.69355e-06 3.32092e-05
24.58 -3.00451e-05 -1.13674e-05 3.21236e-05
24.59 -2.87941e-05 -1.34108e-05 3.1764e-05
24.6 -2.7458e-05 -1.4947e-05 3.12626e-05
24.61 -2.61139e-05 -1.65532e-05 3.09184e-05
24.62 -2.4083e-05 -1.84285e-05 3.03249e-05
24.63 -2.20011e-05 -2.04276e-05 3.00222e-05
24.64 -1.97696e-05 -2.20368e-05 2.9605e-05
24.65 -1.84987e-05 -2.22985e-05 2.89729e-05
24.66 -1.66262e-05 -2.36336e-05 2.88959e-05
24.67 -1.39687e-05 -2.46295e-05 2.8315e-05
24.68 -1.17474e-05 -2.58046e-05 2.83527e-05
24.69 -9.22611e-06 -2.65596e-05 2.81164e-05
24.7 -7.19105e-06 -2.66685e-05 2.7621e-05
24.71 -4.55589e-06 -2.65805e-05 2.69681e-05
24.72 -1.73823e-06 -2.6578e-05 2.66348e-05
24.73 8.96589e-07 -2.64523e-05 2.64675e-05
24.74 2.60386e-06 -2.57273e-05 2.58587e-05
24.75 5.0497e-06 -2.52951e-05 2.57943e-05
24.76 7.4284e-06 -2.35274e-05 2.46723e-05
24.77 9.2676e-06 -2.22018e-05 2.40584e-05
24.78 1.09902e-05 -2.09383e-05 2.36473e-05
24.79 1.1853e-05 -1.97289e-05 2.30157e-05
24.8 1.35042e-05 -1.8392e-05 2.28173e-05
24.81 1.52053e-05 -1.65572e-05 2.24798e-05
24.82 1.63429e-05 -1.45529e-05 2.18833e-05
24.83 1.67353e-05 -1.29093e-05 2.11358e-05
24.84 1.7678e-05 -1.17222e-05 2.12114e-05
24.85 1.81932e-05 -9.59663e-06 2.05691e-05
24.86 1.88356e-05 -7.87905e-06 2.04171e-05
24.87 1.91456e-05 -5.70215e-06 1.99767e-05
24.88 1.85592e-05 -3.87551e-06 1.89595e-05
24.89 1.8612e-05 -2.23432e-06 1.87456e-05
24.9 1.81972e-05 -4.6262e-07 1.82031e-05
24.91 1.75344e-05 1.10437e-06 1.75692e-05
24.92 1.69247e-05 2.4016e-06 1.70943e-05
24.93 1.67234e-05 3.8132e-06 1.71526e-05
24.94 1.58915e-05 5.5619e-06 1.68367e-05
24.95 1.53126e-05 6.47197e-06 1.66242e-05
24.96 1.41722e-05 7.63323e-06 1.60971e-05
24.97 1.30557e-05 8.40979e-06 1.55299e-05
24.98 1.28242e-05 9.76403e-06 1.61182e-05
24.99 1.16032e-05 1.12566e-05 1.61662e-05
25 1.0058e-05 1.2028e-05 1.56792e-05
25.01 8.34289e-06 1.2342e-05 1.48973e-05
25.02 6.92848e-06 1.28657e-05 1.46126e-05
25.03 5.57724e-06 1.36853e-05 1.47781e-05
25.04 4.65065e-06 1.38786e-05 1.46371e-05
25.05 2.739e-06 1.38938e-05 1.41613e-05
25.06 1.05153e-06 1.31187e-05 1.31608e-05
25.07 -6.07716e-08 1.30437e-05 1.30439e-05
25.08 -1.56485e-06 1.28752e-05 1.29699e-05
25.09 -2.3131e-06 1.21246e-05 1.23433e-05
25.1 -3.47947e-06 1.11971e-05 1.17252e-05
25.11 -4.85887e-06 1.04563e-05 1.15301e-05
25.12 -6.1785e-06 9.98385e-06 1.1741e-05
25.13 -6.89283e-06 9.06483e-06 1.13878e-05
25.14 -7.73295e-06 7.8931e-06 1.10499e-05
25.15 -7.82206e-06 6.3051e-06 1.00468e-05
25.16 -8.31267e-06 5.64666e-06 1.00491e-05
25.17 -9.23082e-06 4.72512e-06 1.03699e-05
25.18 -8.96762e-06 3.41402e-06 9.59551e-06
25.19 -8.77088e-06 1.97008e-06 8.98941e-06
25.2 -8.17396e-06 8.18076e-07 8.2148e-06
25.21 -7.81857e-06 3.15501e-07 7.82493e-06
25.22 -7.68533e-06 -2.46054e-07 7.68927e-06
25.23 -7.52789e-06 -9.86585e-07 7.59226e-06
25.24 -6.47962e-06 -1.8728e-06 6.74484e-06
25.25 -5.9904e-06 -2.01092e-06 6.31891e-06
25.26 -5.55564e-06 -2.33161e-06 6.02508e-06
25.27 -4.70418e-06 -2.55152e-06 5.3516e-06
25.28 -4.53147e-06 -2.87307e-06 5.36552e-06
25.29 -3.78637e-06 -3.07382e-06 4.87699e-06
25.3 -3.2448e-06 -3.02949e-06 4.43921e-06
25.31 -2.71927e-06 -3.25126e-06 4.23853e-06
25.32 -2.06191e-06 -3.45641e-06 4.0247e-06
25.33 -1.43135e-06 -3.34887e-06 3.64194e-06
25.34 -1.75598e-06 -2.79606e-06 3.30173e-06
25.35 -1.50486e-06 -2.73653e-06 3.12301e-06
25.36 -9.33475e-07 -2.76058e-06 2.91413e-06
25.37 -8.42539e-07 -2.97118e-06 3.08833e-06
25.38 -5.06308e-07 -2.66515e-06 2.71281e-06
25.39 -1.06322e-06 -2.16647e-06 2.41331e-06
25.4 -1.14244e-06 -2.28811e-06 2.55746e-06
25.41 -5.27832e-07 -2.74848e-06 2.7987e-06
25.42 -2.90597e-08 -3.12171e-06 3.12185e-06
25.43 -3.08546e-07 -2.97765e-06 2.99359e-06
25.44 -1.42109e-07 -2.80247e-06 2.80607e-06
25.45 8.89682e-09 -2.64806e-06 2.64807e-06
25.46 4.02133e-07 -2.99366e-06 3.02055e-06
25.47 1.09092e-06 -2.98269e-06 3.17593e-06
25.48 6.79125e-07 -2.74781e-06 2.83049e-06
25.49 9.05774e-07 -2.48972e-06 2.64936e-06
25.5 1.35996e-06 -2.14727e-06 2.54171e-06
25.51 1.58159e-06 -2.09484e-06 2.62484e-06
25.52 1.55026e-06 -2.08965e-06 2.60191e-06
25.53 1.89356e-06 -2.16767e-06 2.87825e-06
25.54 2.03532e-06 -1.97871e-06 2.83862e-06
25.55 2.52077e-06 -1.73094e-06 3.05785e-06
25.56 2.74049e-06 -1.22232e-06 3.00072e-06
25.57 2.10489e-06 -1.09152e-06 2.37108e-06
25.58 2.53929e-06 -1.07567e-06 2.75773e-06
25.59 2.71339e-06 -7.59951e-07 2.8178e-06
25.6 2.56403e-06 -2.48889e-07 2.57609e-06
25.61 2.13394e-06 4.44387e-07 2.17972e-06
25.62 1.77844e-06 6.59891e-07 1.89692e-06
25.63 1.61802e-06 5.60836e-07 1.71246e-06
25.64 1.99569e-06 4.58282e-07 2.04764e-06
25.65 1.70074e-06 7.39783e-07 1.85467e-06
25.66 9.47221e-07 9.92733e-07 1.37213e-06
25.67 1.26438e-06 1.16253e-06 1.71759e-06
25.68 1.18482e-06 1.03375e-06 1.5724e-06
25.69 1.23267e-06 8.37789e-07 1.49042e-06
25.7 9.30297e-07 1.04972e-06 1.40263e-06
25.71 4.82368e-07 1.38066e-06 1.4625e-06
25.72 4.89039e-07 1.74989e-06 1.81694e-06
25.73 8.23736e-07 1.84303e-06 2.01874e-06
25.74 3.34038e-07 1.6503e-06 1.68377e-06
25.75 -9.35636e-08 1.40834e-06 1.41145e-06
25.76 2.25935e-07 1.52701e-06 1.54363e-06
25.77 9.36843e-08 1.63977e-06 1.64245e-06
25.78 3.33909e-07 1.6107e-06 1.64494e-06
25.79 -9.25259e-08 1.31105e-06 1.31431e-06
25.8 -4.84048e-07 8.39733e-07 9.69254e-07
25.81 -2.12944e-07 8.1251e-07 8.39951e-07
25.82 -5.71714e-08 1.0594e-06 1.06095e-06
25.83 -6.86542e-07 1.21066e-06 1.39178e-06
25.84 -1.03465e-06 1.06942e-06 1.488e-06
25.85 -1.06272e-06 7.91135e-07 1.32486e-06
25.86 -1.2536e-06 5.15302e-07 1.35538e-06
25.87 -9.81841e-07 5.84288e-07 1.14254e-06
25.88 -1.64098e-06 6.23828e-07 1.75555e-06
25.89 -1.84944e-06 3.85396e-07 1.88917e-06
25.9 -1.47253e-06 8.0042e-08 1.47471e-06
25.91 -1.4164e-06 -3.29166e-07 1.45415e-06
25.92 -1.73562e-06 -4.7041e-07 1.79824e-06
25.93 -1.74527e-06 -2.69134e-07 1.7659e-06
25.94 -1.64714e-06 -6.42137e-08 1.64839e-06
25.95 -1.38717e-06 -7.29317e-08 1.38908e-06
25.96 -9.32293e-07 -2.08366e-07 9.55294e-07
25.97 -1.48705e-06 -3.46615e-07 1.52691e-06
25.98 -1.10698e-06 -1.30839e-07 1.11468e-06
25.99 -4.3744e-07 2.6108e-07 5.09428e-07
26 -1.38042e-07 2.70601e-07 3.03777e-07
