0 1.97734e-05 -4.21052e-05 4.65171e-05
0.01 3.95845e-05 -8.36013e-05 9.24992e-05
0.02 5.89147e-05 -0.000125274 0.000138436
0.03 7.74591e-05 -0.000166142 0.000183312
0.04 9.56959e-05 -0.000206284 0.0002274
0.05 0.000113199 -0.000245476 0.000270319
0.06 0.000129424 -0.000283471 0.000311619
0.07 0.000145084 -0.000320309 0.000351635
0.08 0.000159608 -0.000355215 0.000389426
0.09 0.000172663 -0.000388881 0.000425489
0.1 0.000184386 -0.00042079 0.000459415
0.11 0.000194855 -0.000450288 0.00049064
0.12 0.000203613 -0.000478342 0.000519874
0.13 0.000210621 -0.000503788 0.000546044
0.14 0.000216386 -0.000526886 0.000569589
0.15 0.000220453 -0.000547518 0.000590233
0.16 0.000222471 -0.000565489 0.000607677
0.17 0.000223151 -0.00058096 0.000622343
0.18 0.000221941 -0.000593322 0.000633473
0.19 0.000218614 -0.000603348 0.000641733
0.2 0.000213564 -0.000610571 0.000646843
0.21 0.000206842 -0.000614508 0.000648386
0.22 0.000198188 -0.000616182 0.000647271
0.23 0.000187716 -0.000614626 0.000642653
0.24 0.000176011 -0.000610099 0.000634981
0.25 0.000162569 -0.000602942 0.000624474
0.26 0.000147341 -0.000592748 0.000610786
0.27 0.000130999 -0.000580109 0.000594716
0.28 0.000113237 -0.000564346 0.000575595
0.29 9.38605e-05 -0.000546406 0.000554409
0.3 7.36708e-05 -0.000525783 0.000530919
0.31 5.25636e-05 -0.000502261 0.000505004
0.32 3.05179e-05 -0.000476825 0.0004778
0.33 7.6729e-06 -0.000448732 0.000448797
0.34 -1.53276e-05 -0.000418338 0.000418618
0.35 -3.90677e-05 -0.00038618 0.000388151
0.36 -6.33497e-05 -0.000351859 0.000357516
0.37 -8.7464e-05 -0.00031605 0.000327929
0.38 -0.000111738 -0.000278304 0.000299898
0.39 -0.000136157 -0.000239405 0.000275415
0.4 -0.000159939 -0.000199118 0.000255399
0.41 -0.0001832 -0.000157277 0.00024145
0.42 -0.000206089 -0.000115019 0.000236013
0.43 -0.0002282 -7.16108e-05 0.000239172
0.44 -0.000249166 -2.76041e-05 0.00025069
0.45 -0.000269407 1.64943e-05 0.000269912
0.46 -0.000288662 6.10897e-05 0.000295056
0.47 -0.000306181 0.000105494 0.000323846
0.48 -0.000322436 0.000150037 0.000355635
0.49 -0.000337287 0.000194085 0.000389142
0.5 -0.000350051 0.00023768 0.000423116
0.51 -0.000360965 0.000280987 0.000457438
0.52 -0.000370289 0.000322803 0.000491239
0.53 -0.000377441 0.000363938 0.000524321
0.54 -0.000382384 0.000403724 0.000556067
0.55 -0.000385456 0.000441735 0.000586265
0.56 -0.000386433 0.000478414 0.000614989
0.57 -0.000384684 0.000513081 0.000641275
0.58 -0.000380908 0.000546005 0.000665742
0.59 -0.000374952 0.000576674 0.000687853
0.6 -0.000366315 0.000605017 0.000707271
0.61 -0.000355458 0.000631282 0.000724477
0.62 -0.000342656 0.000654353 0.000738641
0.63 -0.000327395 0.000675096 0.000750295
0.64 -0.00030974 0.000693015 0.000759084
0.65 -0.000290263 0.000707684 0.000764898
0.66 -0.000268487 0.000719858 0.000768297
0.67 -0.000244314 0.000728665 0.000768533
0.68 -0.000218292 0.00073466 0.000766405
0.69 -0.000190561 0.0007373 0.000761528
0.7 -0.000160559 0.000736653 0.000753948
0.71 -0.00012908 0.000732986 0.000744265
0.72 -9.62666e-05 0.000725509 0.000731868
0.73 -6.17679e-05 0.000715022 0.000717685
0.74 -2.57688e-05 0.00070132 0.000701793
0.75 1.09816e-05 0.000683995 0.000684083
0.76 4.90002e-05 0.000663965 0.000665771
0.77 8.8034e-05 0.000640361 0.000646384
0.78 0.000127456 0.000613818 0.000626911
0.79 0.000167144 0.000584068 0.000607514
0.8 0.0002075 0.000551117 0.000588886
0.81 0.000247686 0.000515561 0.000571972
0.82 0.000287564 0.000476772 0.00055678
0.83 0.000327529 0.000435658 0.000545044
0.84 0.000367128 0.000392101 0.000537147
0.85 0.00040567 0.000345922 0.000533132
0.86 0.000443675 0.000297995 0.00053446
0.87 0.000480723 0.000247643 0.00054076
0.88 0.000516149 0.000195602 0.000551969
0.89 0.000550085 0.000141859 0.000568082
0.9 0.000582635 8.6466e-05 0.000589016
0.91 0.000613095 3.02138e-05 0.000613839
0.92 0.000641185 -2.7375e-05 0.000641769
0.93 0.000667448 -8.54548e-05 0.000672896
0.94 0.000691031 -0.000144022 0.00070588
0.95 0.000711497 -0.000203219 0.00073995
0.96 0.000729308 -0.000262151 0.000774992
0.97 0.000743997 -0.000321365 0.000810436
0.98 0.000754962 -0.000380061 0.00084523
0.99 0.000762548 -0.000438095 0.000879436
1 0.000766735 -0.0004955 0.000912909
1.01 0.000766941 -0.000551294 0.000944523
1.02 0.000763017 -0.00060603 0.000974406
1.03 0.000755546 -0.0006589 0.0010025
1.04 0.000743765 -0.000709825 0.00102812
1.05 0.000727358 -0.000758916 0.00105119
1.06 0.000707174 -0.000805284 0.00107172
1.07 0.000682524 -0.000849398 0.00108964
1.08 0.000653299 -0.000890378 0.00110434
1.09 0.000619883 -0.000928185 0.00111615
1.1 0.000582408 -0.000962865 0.0011253
1.11 0.000540411 -0.000993536 0.001131
1.12 0.000494124 -0.00102079 0.00113409
1.13 0.000444092 -0.00104408 0.0011346
1.14 0.000389988 -0.00106319 0.00113246
1.15 0.00033157 -0.0010784 0.00112822
1.16 0.000270217 -0.00108894 0.00112196
1.17 0.000205098 -0.00109524 0.00111428
1.18 0.000136704 -0.00109662 0.00110511
1.19 6.55409e-05 -0.00109312 0.00109508
1.2 -8.10602e-06 -0.00108507 0.0010851
1.21 -8.43393e-05 -0.00107157 0.00107488
1.22 -0.000162631 -0.00105346 0.00106594
1.23 -0.000242256 -0.00103033 0.00105843
1.24 -0.0003233 -0.00100198 0.00105285
1.25 -0.000405617 -0.000968784 0.00105027
1.26 -0.000487717 -0.000930258 0.00105036
1.27 -0.00057022 -0.000886839 0.00105434
1.28 -0.00065247 -0.000838154 0.00106218
1.29 -0.000733563 -0.000784581 0.0010741
1.3 -0.000813443 -0.000726561 0.00109068
1.31 -0.000891693 -0.0006635 0.00111146
1.32 -0.000967774 -0.000596353 0.00113676
1.33 -0.00104082 -0.000525028 0.00116575
1.34 -0.00111089 -0.000449315 0.00119832
1.35 -0.00117761 -0.000369935 0.00123435
1.36 -0.00123958 -0.000286764 0.00127232
1.37 -0.0012974 -0.000200319 0.00131278
1.38 -0.00135035 -0.000110631 0.00135487
1.39 -0.00139746 -1.83388e-05 0.00139758
1.4 -0.00143894 7.6045e-05 0.00144095
1.41 -0.00147415 0.000172898 0.00148426
1.42 -0.00150279 0.000271103 0.00152704
1.43 -0.00152411 0.000370546 0.00156851
1.44 -0.0015383 0.000471346 0.00160889
1.45 -0.00154512 0.000572425 0.00164774
1.46 -0.00154341 0.0006736 0.001684
1.47 -0.00153406 0.000774361 0.00171842
1.48 -0.00151642 0.00087431 0.00175041
1.49 -0.00148992 0.000972703 0.00177933
1.5 -0.00145513 0.00106902 0.0018056
1.51 -0.00141165 0.00116348 0.00182933
1.52 -0.00135952 0.00125476 0.00185006
1.53 -0.00129868 0.00134274 0.00186803
1.54 -0.00122929 0.0014273 0.0018837
1.55 -0.00115188 0.00150737 0.0018971
1.56 -0.00106548 0.00158248 0.00190775
1.57 -0.000971635 0.00165252 0.001917
1.58 -0.000869861 0.00171677 0.00192457
1.59 -0.000760307 0.00177476 0.00193076
1.6 -0.000643945 0.00182608 0.00193629
1.61 -0.000520742 0.00187095 0.00194207
1.62 -0.000391303 0.00190811 0.00194782
1.63 -0.000256118 0.0019376 0.00195445
1.64 -0.000115631 0.00195937 0.00196278
1.65 2.90959e-05 0.0019725 0.00197271
1.66 0.000178434 0.00197667 0.00198471
1.67 0.000330605 0.00197217 0.00199969
1.68 0.000485438 0.00195836 0.00201763
1.69 0.000642463 0.00193497 0.00203884
1.7 0.000800116 0.00190211 0.00206354
1.71 0.000958313 0.00185993 0.0020923
1.72 0.0011159 0.00180754 0.00212425
1.73 0.00127212 0.00174533 0.00215974
1.74 0.00142637 0.00167357 0.00219895
1.75 0.00157729 0.00159169 0.00224083
1.76 0.00172486 0.00149989 0.00228578
1.77 0.00186734 0.00139899 0.00233326
1.78 0.00200424 0.00128871 0.0023828
1.79 0.00213499 0.00116913 0.00243414
1.8 0.00225803 0.00104116 0.0024865
1.81 0.00237328 0.00090493 0.00253995
1.82 0.00247953 0.00076035 0.00259349
1.83 0.00257612 0.000608251 0.00264695
1.84 0.00266259 0.000449415 0.00270025
1.85 0.0027376 0.000283793 0.00275227
1.86 0.00280123 0.000112125 0.00280347
1.87 0.0028522 -6.42564e-05 0.00285292
1.88 0.0028901 -0.000245368 0.00290049
1.89 0.00291477 -0.000430594 0.00294641
1.9 0.00292514 -0.000618568 0.00298983
1.91 0.00292157 -0.000808854 0.00303147
1.92 0.00290319 -0.00100105 0.00307093
1.93 0.00286989 -0.00119365 0.00310823
1.94 0.0028218 -0.00138584 0.00314374
1.95 0.00275792 -0.00157689 0.00317691
1.96 0.00267906 -0.00176605 0.00320878
1.97 0.00258469 -0.00195141 0.00323861
1.98 0.00247493 -0.00213305 0.00326729
1.99 0.00235034 -0.0023098 0.00329534
2 0.00221068 -0.00248015 0.00332239
2.01 0.00205685 -0.00264355 0.00334948
2.02 0.00188867 -0.00279933 0.00337688
2.03 0.00170683 -0.00294572 0.00340449
2.04 0.00151216 -0.00308228 0.00343324
2.05 0.00130448 -0.00320793 0.00346301
2.06 0.00108528 -0.00332218 0.00349496
2.07 0.000855158 -0.00342326 0.00352846
2.08 0.000614656 -0.00351132 0.00356471
2.09 0.00036528 -0.00358543 0.00360399
2.1 0.000107544 -0.00364414 0.00364573
2.11 -0.000157076 -0.00368748 0.00369083
2.12 -0.00042806 -0.00371478 0.00373936
2.13 -0.000703897 -0.00372483 0.00379076
2.14 -0.00098318 -0.00371773 0.00384553
2.15 -0.00126544 -0.00369274 0.00390355
2.16 -0.00154851 -0.00364986 0.00396476
2.17 -0.00183116 -0.0035881 0.00402835
2.18 -0.00211251 -0.00350791 0.00409489
2.19 -0.00239064 -0.00340918 0.00416385
2.2 -0.0026643 -0.003291 0.00423429
2.21 -0.00293213 -0.00315434 0.00430665
2.22 -0.00319298 -0.00299908 0.00438059
2.23 -0.00344498 -0.00282497 0.00445515
2.24 -0.00368665 -0.00263303 0.00453037
2.25 -0.00391721 -0.00242326 0.00460616
2.26 -0.00413443 -0.00219652 0.00468169
2.27 -0.00433703 -0.00195296 0.00475646
2.28 -0.00452436 -0.00169364 0.00483097
2.29 -0.00469455 -0.00141959 0.00490449
2.3 -0.00484644 -0.00113084 0.00497662
2.31 -0.00497917 -0.000829312 0.00504776
2.32 -0.00509166 -0.000515747 0.00511771
2.33 -0.00518234 -0.000190912 0.00518585
2.34 -0.00525047 0.000143229 0.00525242
2.35 -0.00529554 0.000486081 0.0053178
2.36 -0.00531619 0.000835657 0.00538147
2.37 -0.00531173 0.00119102 0.00544361
2.38 -0.00528248 0.00155038 0.00550529
2.39 -0.00522714 0.00191187 0.00556581
2.4 -0.00514551 0.00227454 0.00562582
2.41 -0.00503757 0.00263602 0.00568557
2.42 -0.00490323 0.00299478 0.00574547
2.43 -0.00474167 0.00334946 0.00580537
2.44 -0.0045538 0.0036975 0.00586588
2.45 -0.00433966 0.00403797 0.00592772
2.46 -0.00409953 0.00436825 0.00599064
2.47 -0.00383369 0.00468698 0.00605516
2.48 -0.00354368 0.0049924 0.00612223
2.49 -0.00322941 0.00528215 0.00619114
2.5 -0.00289179 0.00555529 0.00626289
2.51 -0.00253234 0.00580952 0.00633745
2.52 -0.00215198 0.0060434 0.00641511
2.53 -0.00175141 0.0062555 0.00649606
2.54 -0.00133302 0.00644374 0.00658018
2.55 -0.000897931 0.00660737 0.0066681
2.56 -0.000447766 0.00674417 0.00675902
2.57 1.57783e-05 0.00685315 0.00685317
2.58 0.000490312 0.00693343 0.00695074
2.59 0.000974461 0.00698305 0.00705071
2.6 0.00146639 0.0070018 0.0071537
2.61 0.00196325 0.00698844 0.00725897
2.62 0.00246324 0.00694217 0.00736623
2.63 0.0029646 0.00686247 0.00747545
2.64 0.00346393 0.00674853 0.0075856
2.65 0.00395955 0.00660054 0.00769709
2.66 0.00444903 0.00641753 0.00780887
2.67 0.00492987 0.00619987 0.00792099
2.68 0.0053995 0.0059481 0.00803334
2.69 0.00585567 0.00566162 0.00814511
2.7 0.00629629 0.00534157 0.00825685
2.71 0.00671809 0.00498852 0.00836768
2.72 0.00711913 0.00460291 0.00847755
2.73 0.00749744 0.00418576 0.00858674
2.74 0.00784965 0.00373825 0.00869434
2.75 0.00817444 0.00326185 0.0088012
2.76 0.00846934 0.00275753 0.00890694
2.77 0.0087323 0.00222727 0.00901187
2.78 0.00896135 0.00167341 0.00911625
2.79 0.00915456 0.0010968 0.00922003
2.8 0.00931055 0.000500358 0.00932398
2.81 0.00942712 -0.000113752 0.0094278
2.82 0.00950299 -0.000743465 0.00953203
2.83 0.00953745 -0.00138635 0.00963769
2.84 0.00952823 -0.00203914 0.00974398
2.85 0.00947546 -0.00269942 0.00985248
2.86 0.0093777 -0.00336436 0.00996294
2.87 0.00923453 -0.00403079 0.0100759
2.88 0.00904559 -0.00469518 0.0101915
2.89 0.00881028 -0.00535552 0.0103103
2.9 0.00852913 -0.00600785 0.0104327
2.91 0.00820182 -0.00664897 0.0105583
2.92 0.00782883 -0.00727598 0.0106879
2.93 0.00741126 -0.00788571 0.0108218
2.94 0.00694911 -0.00847395 0.0109589
2.95 0.00644424 -0.00903828 0.0111004
2.96 0.00589739 -0.00957525 0.0112456
2.97 0.00531015 -0.0100815 0.0113945
2.98 0.00468464 -0.0105539 0.0115469
2.99 0.00402199 -0.01099 0.0117029
3 0.00332524 -0.0113865 0.0118621
3.01 0.00259628 -0.0117402 0.0120238
3.02 0.00183751 -0.012049 0.0121883
3.03 0.00105226 -0.0123102 0.0123551
3.04 0.00024281 -0.0125207 0.012523
3.05 -0.000587176 -0.0126791 0.0126927
3.06 -0.00143488 -0.0127833 0.0128635
3.07 -0.00229663 -0.012831 0.0130349
3.08 -0.0031685 -0.0128211 0.0132068
3.09 -0.0040477 -0.0127523 0.0133793
3.1 -0.00492946 -0.0126232 0.0135516
3.11 -0.0058102 -0.0124328 0.0137234
3.12 -0.00668637 -0.0121807 0.0138952
3.13 -0.00755326 -0.0118667 0.0140667
3.14 -0.00840703 -0.01149 0.0142372
3.15 -0.00924348 -0.0110519 0.0144079
3.16 -0.0100585 -0.0105525 0.0145783
3.17 -0.0108476 -0.00999236 0.0147485
3.18 -0.0116064 -0.00937306 0.0149185
3.19 -0.0123317 -0.00869578 0.0150893
3.2 -0.0130184 -0.00796229 0.0152603
3.21 -0.0136628 -0.0071744 0.0154319
3.22 -0.0142616 -0.00633456 0.0156051
3.23 -0.0148103 -0.00544586 0.0157798
3.24 -0.0153053 -0.0045102 0.015956
3.25 -0.0157435 -0.00353198 0.0161348
3.26 -0.0161213 -0.00251403 0.0163162
3.27 -0.0164356 -0.00146003 0.0165003
3.28 -0.0166834 -0.000374354 0.0166876
3.29 -0.0168628 0.00073922 0.016879
3.3 -0.0169704 0.00187588 0.0170737
3.31 -0.0170046 0.00303112 0.0172726
3.32 -0.0169637 0.00420019 0.017476
3.33 -0.0168459 0.0053774 0.0176833
3.34 -0.0166493 0.00655851 0.0178945
3.35 -0.0163741 0.00773738 0.0181101
3.36 -0.0160189 0.008909 0.0183296
3.37 -0.0155835 0.010068 0.0185529
3.38 -0.0150684 0.0112084 0.0187799
3.39 -0.0144742 0.0123252 0.0190109
3.4 -0.0138011 0.0134121 0.0192446
3.41 -0.0130506 0.0144638 0.0194813
3.42 -0.0122245 0.0154751 0.019721
3.43 -0.0113245 0.0164397 0.0199627
3.44 -0.0103524 0.0173529 0.0202064
3.45 -0.00931224 0.0182091 0.0204521
3.46 -0.00820621 0.0190031 0.0206993
3.47 -0.00703778 0.0197302 0.0209478
3.48 -0.00581128 0.020385 0.0211971
3.49 -0.00453061 0.0209638 0.0214478
3.5 -0.00319995 0.0214613 0.0216986
3.51 -0.00182434 0.0218741 0.02195
3.52 -0.000408938 0.0221987 0.0222025
3.53 0.00104075 0.0224308 0.022455
3.54 0.0025196 0.0225681 0.0227083
3.55 0.00402056 0.0226077 0.0229625
3.56 0.0055381 0.0225471 0.0232173
3.57 0.00706602 0.0223845 0.0234733
3.58 0.00859703 0.0221184 0.0237305
3.59 0.010125 0.0217482 0.0239896
3.6 0.011643 0.0212724 0.0242503
3.61 0.0131437 0.0206916 0.0245132
3.62 0.0146203 0.0200062 0.024779
3.63 0.0160653 0.0192162 0.0250471
3.64 0.0174721 0.0183234 0.0253184
3.65 0.0188329 0.01733 0.0255931
3.66 0.0201411 0.0162374 0.0258711
3.67 0.0213899 0.0150488 0.0261533
3.68 0.0225719 0.0137674 0.0264392
3.69 0.023681 0.0123974 0.0267299
3.7 0.0247104 0.010942 0.0270246
3.71 0.0256536 0.00940685 0.0273239
3.72 0.026505 0.00779668 0.0276279
3.73 0.027258 0.00611683 0.0279359
3.74 0.0279081 0.00437319 0.0282486
3.75 0.0284496 0.00257311 0.0285658
3.76 0.0288779 0.00072223 0.028887
3.77 0.0291892 -0.00117169 0.0292127
3.78 0.0293787 -0.00310098 0.029542
3.79 0.0294439 -0.00505804 0.0298752
3.8 0.0293811 -0.00703527 0.0302117
3.81 0.0291882 -0.00902363 0.0305512
3.82 0.0288635 -0.0110151 0.0308939
3.83 0.028405 -0.0130008 0.0312388
3.84 0.0278127 -0.0149722 0.0315866
3.85 0.0270862 -0.0169194 0.0319363
3.86 0.0262254 -0.0188342 0.0322878
3.87 0.025232 -0.0207074 0.0326412
3.88 0.0241071 -0.0225294 0.0329958
3.89 0.0228533 -0.0242919 0.0333522
3.9 0.0214729 -0.0259858 0.0337097
3.91 0.0199698 -0.0276019 0.0340684
3.92 0.0183484 -0.0291321 0.0344288
3.93 0.0166123 -0.0305674 0.0347899
3.94 0.0147678 -0.0319001 0.0351526
3.95 0.0128206 -0.0331217 0.0355164
3.96 0.0107764 -0.0342251 0.0358815
3.97 0.0086428 -0.0352033 0.0362487
3.98 0.00642731 -0.0360488 0.0366173
3.99 0.00413783 -0.0367563 0.0369885
4 0.00178257 -0.0373194 0.037362
4.01 -0.000628826 -0.0377327 0.0377379
4.02 -0.0030873 -0.0379919 0.0381172
4.03 -0.00558345 -0.0380922 0.0384992
4.04 -0.0081067 -0.0380306 0.038885
4.05 -0.0106462 -0.037804 0.0392744
4.06 -0.0131924 -0.0374099 0.0396679
4.07 -0.0157332 -0.0368476 0.0400659
4.08 -0.0182576 -0.0361154 0.040468
4.09 -0.0207547 -0.0352136 0.0408749
4.1 -0.0232132 -0.0341426 0.0412865
4.11 -0.025621 -0.0329038 0.0417024
4.12 -0.0279674 -0.0314994 0.0421235
4.13 -0.0302408 -0.0299318 0.042549
4.14 -0.03243 -0.0282053 0.0429796
4.15 -0.0345233 -0.0263242 0.0434146
4.16 -0.0365109 -0.0242931 0.0438543
4.17 -0.0383812 -0.0221189 0.0442986
4.18 -0.040124 -0.0198072 0.0447467
4.19 -0.0417299 -0.017366 0.0451991
4.2 -0.0431891 -0.0148029 0.0456555
4.21 -0.0444921 -0.012127 0.0461152
4.22 -0.045631 -0.0093475 0.0465786
4.23 -0.0465973 -0.00647405 0.0470448
4.24 -0.0473837 -0.00351787 0.0475141
4.25 -0.0479831 -0.000489975 0.0479856
4.26 -0.0483898 0.00259899 0.0484595
4.27 -0.0485984 0.00573564 0.0489357
4.28 -0.048604 0.00890828 0.0494137
4.29 -0.0484035 0.012104 0.049894
4.3 -0.0479936 0.0153095 0.0503762
4.31 -0.0473718 0.0185109 0.05086
4.32 -0.0465376 0.0216949 0.0513461
4.33 -0.0454898 0.0248478 0.0518338
4.34 -0.0442298 0.0279551 0.0523236
4.35 -0.0427585 0.0310028 0.0528154
4.36 -0.0410785 0.0339778 0.0533098
4.37 -0.0391939 0.0368649 0.0538069
4.38 -0.0371081 0.0396508 0.0543065
4.39 -0.034827 0.0423222 0.0548095
4.4 -0.0323565 0.0448653 0.0553158
4.41 -0.0297037 0.0472668 0.0558253
4.42 -0.0268769 0.0495148 0.056339
4.43 -0.0238844 0.0515966 0.0568566
4.44 -0.0207368 0.0535005 0.0573787
4.45 -0.0174444 0.0552151 0.0579052
4.46 -0.0140182 0.0567305 0.0584368
4.47 -0.0104715 0.0580361 0.0589732
4.48 -0.00681608 0.0591227 0.0595143
4.49 -0.00306596 0.0599825 0.0600608
4.5 0.000764668 0.0606076 0.0606124
4.51 0.00466097 0.0609908 0.0611686
4.52 0.0086078 0.0611273 0.0617304
4.53 0.0125893 0.0610114 0.0622967
4.54 0.016589 0.0606395 0.0628677
4.55 0.0205904 0.0600086 0.0634429
4.56 0.0245775 0.059117 0.0640225
4.57 0.0285319 0.0579641 0.0646057
4.58 0.0324376 0.0565498 0.0651926
4.59 0.0362771 0.0548762 0.0657832
4.6 0.040033 0.0529458 0.066377
4.61 0.0436881 0.0507618 0.0669732
4.62 0.0472259 0.0483298 0.0675726
4.63 0.0506291 0.0456549 0.0681739
4.64 0.0538814 0.0427449 0.0687774
4.65 0.0569667 0.0396077 0.0693828
4.66 0.05987 0.0362524 0.0699904
4.67 0.0625751 0.0326902 0.0705995
4.68 0.0650683 0.0289315 0.0712103
4.69 0.0673357 0.0249893 0.0718231
4.7 0.0693638 0.0208769 0.0724374
4.71 0.0711402 0.0166082 0.0730531
4.72 0.0726543 0.0121987 0.0736713
4.73 0.0738947 0.00766409 0.0742911
4.74 0.0748523 0.00302153 0.0749133
4.75 0.0755186 -0.00171159 0.075538
4.76 0.0758863 -0.00651758 0.0761657
4.77 0.0759488 -0.0113764 0.0767961
4.78 0.0757011 -0.0162702 0.0774298
4.79 0.0751397 -0.0211787 0.0780674
4.8 0.0742616 -0.0260817 0.0787086
4.81 0.0730654 -0.0309591 0.0793537
4.82 0.0715517 -0.0357905 0.0800038
4.83 0.069721 -0.0405549 0.080658
4.84 0.0675763 -0.0452314 0.0813169
4.85 0.0651216 -0.0497997 0.0819807
4.86 0.0623619 -0.0542396 0.0826495
4.87 0.0593042 -0.0585296 0.0833229
4.88 0.0559561 -0.0626512 0.0840015
4.89 0.0523273 -0.0665844 0.0846855
4.9 0.0484285 -0.0703096 0.0853743
4.91 0.044271 -0.0738087 0.0860677
4.92 0.0398687 -0.0770643 0.0867665
4.93 0.0352351 -0.0800584 0.0874692
4.94 0.0303861 -0.0827752 0.0881762
4.95 0.0253382 -0.0851993 0.0888873
4.96 0.0201088 -0.0873168 0.0896024
4.97 0.0147173 -0.0891134 0.0903205
4.98 0.00918231 -0.0905779 0.0910421
4.99 0.00352485 -0.091699 0.0917668
5 -0.00223378 -0.0924668 0.0924938
5.01 -0.00807227 -0.0928729 0.093223
5.02 -0.0139678 -0.092911 0.0939551
5.03 -0.0198971 -0.0925744 0.0946885
5.04 -0.0258368 -0.0918599 0.0954242
5.05 -0.0317628 -0.0907646 0.0961617
5.06 -0.0376512 -0.0892874 0.0969012
5.07 -0.0434765 -0.0874286 0.0976421
5.08 -0.0492156 -0.0851905 0.098385
5.09 -0.0548434 -0.0825768 0.0991298
5.1 -0.0603352 -0.0795925 0.0998764
5.11 -0.0656676 -0.0762442 0.100625
5.12 -0.0708167 -0.072541 0.101377
5.13 -0.0757585 -0.0684922 0.10213
5.14 -0.0804706 -0.0641096 0.102886
5.15 -0.0849307 -0.0594063 0.103645
5.16 -0.0891174 -0.0543964 0.104407
5.17 -0.0930094 -0.0490966 0.105172
5.18 -0.096588 -0.0435235 0.105941
5.19 -0.099834 -0.0376963 0.106714
5.2 -0.102729 -0.0316351 0.10749
5.21 -0.105258 -0.0253606 0.10827
5.22 -0.107406 -0.0188957 0.109055
5.23 -0.109156 -0.0122636 0.109843
5.24 -0.110499 -0.0054884 0.110635
5.25 -0.111423 0.00140423 0.111432
5.26 -0.111918 0.00838868 0.112232
5.27 -0.111977 0.0154372 0.113036
5.28 -0.111594 0.0225235 0.113844
5.29 -0.110764 0.029619 0.114656
5.3 -0.109484 0.0366953 0.11547
5.31 -0.107754 0.0437246 0.116288
5.32 -0.105575 0.0506778 0.117108
5.33 -0.102949 0.0575259 0.117931
5.34 -0.0998809 0.0642407 0.118756
5.35 -0.0963775 0.0707933 0.119584
5.36 -0.0924466 0.0771558 0.120413
5.37 -0.0880988 0.0832994 0.121244
5.38 -0.0833455 0.0891984 0.122077
5.39 -0.0782006 0.0948251 0.122911
5.4 -0.0726796 0.100154 0.123746
5.41 -0.0667991 0.10516 0.124582
5.42 -0.0605787 0.10982 0.12542
5.43 -0.0540381 0.11411 0.126258
5.44 -0.0471992 0.118009 0.127098
5.45 -0.0400858 0.121496 0.127938
5.46 -0.0327219 0.124554 0.12878
5.47 -0.0251343 0.127163 0.129623
5.48 -0.0173492 0.129308 0.130467
5.49 -0.00939583 0.130976 0.131313
5.5 -0.00130347 0.132154 0.132161
5.51 0.00689834 0.132831 0.13301
5.52 0.0151779 0.132999 0.133863
5.53 0.0235035 0.13265 0.134717
5.54 0.0318436 0.131781 0.135573
5.55 0.0401648 0.130387 0.136433
5.56 0.0484346 0.128468 0.137295
5.57 0.0566192 0.126026 0.13816
5.58 0.0646863 0.123064 0.139029
5.59 0.072602 0.119588 0.139901
5.6 0.0803334 0.115604 0.140776
5.61 0.0878489 0.111124 0.141654
5.62 0.095116 0.106158 0.142536
5.63 0.102103 0.10072 0.143421
5.64 0.10878 0.0948268 0.144309
5.65 0.115116 0.088496 0.145201
5.66 0.121084 0.0817468 0.146095
5.67 0.126655 0.0746015 0.146992
5.68 0.131803 0.0670828 0.147892
5.69 0.136503 0.0592163 0.148794
5.7 0.140732 0.0510289 0.149698
5.71 0.144469 0.042548 0.150604
5.72 0.147692 0.0338044 0.151512
5.73 0.150384 0.024829 0.15242
5.74 0.152529 0.0156533 0.15333
5.75 0.154111 0.0063119 0.154241
5.76 0.155119 -0.00316166 0.155151
5.77 0.155542 -0.0127313 0.156063
5.78 0.155373 -0.0223619 0.156974
5.79 0.154606 -0.0320157 0.157886
5.8 0.153237 -0.0416559 0.158798
5.81 0.151265 -0.0512454 0.159709
5.82 0.148691 -0.0607462 0.160621
5.83 0.145519 -0.0701201 0.161532
5.84 0.141755 -0.0793311 0.162444
5.85 0.137408 -0.0883402 0.163355
5.86 0.132487 -0.0971116 0.164266
5.87 0.127006 -0.105608 0.165178
5.88 0.12098 -0.113795 0.166089
5.89 0.114428 -0.121637 0.167001
5.9 0.107369 -0.129101 0.167914
5.91 0.0998239 -0.136153 0.168827
5.92 0.0918185 -0.142764 0.169741
5.93 0.0833786 -0.148901 0.170656
5.94 0.0745315 -0.154539 0.171573
5.95 0.0653086 -0.159649 0.172491
5.96 0.0557405 -0.164207 0.17341
5.97 0.0458612 -0.16819 0.174331
5.98 0.0357049 -0.171577 0.175253
5.99 0.0253086 -0.174349 0.176176
6 0.0147095 -0.176489 0.177101
6.01 0.00394582 -0.177984 0.178028
6.02 -0.006942 -0.178821 0.178956
6.03 -0.0179135 -0.17899 0.179884
6.04 -0.0289287 -0.178485 0.180814
6.05 -0.0399443 -0.177301 0.181745
6.06 -0.0509193 -0.175436 0.182676
6.07 -0.0618111 -0.172891 0.183608
6.08 -0.0725776 -0.169669 0.18454
6.09 -0.083176 -0.165776 0.185472
6.1 -0.0935648 -0.16122 0.186404
6.11 -0.103703 -0.156013 0.187335
6.12 -0.113548 -0.150169 0.188266
6.13 -0.123061 -0.143704 0.189196
6.14 -0.132204 -0.136636 0.190124
6.15 -0.140936 -0.128988 0.191052
6.16 -0.149223 -0.120783 0.191979
6.17 -0.157028 -0.112047 0.192905
6.18 -0.164318 -0.102808 0.193829
6.19 -0.171059 -0.0930973 0.194752
6.2 -0.177224 -0.0829473 0.195674
6.21 -0.182782 -0.0723921 0.196596
6.22 -0.187708 -0.0614688 0.197516
6.23 -0.191977 -0.0502154 0.198436
6.24 -0.195568 -0.0386705 0.199355
6.25 -0.198462 -0.0268772 0.200274
6.26 -0.200642 -0.0148762 0.201193
6.27 -0.202093 -0.00271177 0.202111
6.28 -0.202804 0.00957191 0.20303
6.29 -0.202767 0.021929 0.203949
6.3 -0.201974 0.0343144 0.204868
6.31 -0.200423 0.0466812 0.205788
6.32 -0.198115 0.0589827 0.206708
6.33 -0.19505 0.0711719 0.207629
6.34 -0.191234 0.0832031 0.20855
6.35 -0.186677 0.0950284 0.209473
6.36 -0.181388 0.106603 0.210394
6.37 -0.175383 0.117881 0.211317
6.38 -0.168677 0.128817 0.21224
6.39 -0.161291 0.139368 0.213162
6.4 -0.153246 0.149492 0.214085
6.41 -0.144568 0.159147 0.215006
6.42 -0.135285 0.168293 0.215927
6.43 -0.125426 0.176892 0.216847
6.44 -0.115024 0.184908 0.217765
6.45 -0.104113 0.192307 0.218682
6.46 -0.0927301 0.199056 0.219596
6.47 -0.0809142 0.205126 0.220508
6.48 -0.0687064 0.210488 0.221418
6.49 -0.0561492 0.215118 0.222325
6.5 -0.0432862 0.218992 0.223229
6.51 -0.0301633 0.222091 0.22413
6.52 -0.0168275 0.224399 0.225029
6.53 -0.00332679 0.225899 0.225924
6.54 0.0102906 0.226582 0.226815
6.55 0.0239738 0.226439 0.227704
6.56 0.0376734 0.225463 0.228589
6.57 0.0513388 0.223655 0.229471
6.58 0.0649188 0.221013 0.23035
6.59 0.0783628 0.217543 0.231226
6.6 0.0916203 0.213251 0.232099
6.61 0.104641 0.208147 0.23297
6.62 0.117375 0.202247 0.233838
6.63 0.129773 0.195564 0.234705
6.64 0.141787 0.18812 0.235569
6.65 0.153371 0.179936 0.236432
6.66 0.164479 0.171038 0.237292
6.67 0.175068 0.161454 0.238152
6.68 0.185093 0.151215 0.23901
6.69 0.194516 0.140355 0.239867
6.7 0.203297 0.128909 0.240723
6.71 0.2114 0.116917 0.241577
6.72 0.218791 0.104417 0.242431
6.73 0.225439 0.0914542 0.243283
6.74 0.231313 0.0780716 0.244133
6.75 0.236389 0.0643173 0.244983
6.76 0.240642 0.0502382 0.24583
6.77 0.244052 0.0358843 0.246676
6.78 0.246602 0.0213068 0.24752
6.79 0.248276 0.00655751 0.248362
6.8 0.249063 -0.00831096 0.249201
6.81 0.248955 -0.0232446 0.250038
6.82 0.247948 -0.0381893 0.250871
6.83 0.246039 -0.0530908 0.251702
6.84 0.243231 -0.0678943 0.252529
6.85 0.239529 -0.0825456 0.253354
6.86 0.234941 -0.0969898 0.254174
6.87 0.229478 -0.111174 0.25499
6.88 0.223156 -0.125045 0.255803
6.89 0.215993 -0.138551 0.256611
6.9 0.20801 -0.15164 0.257416
6.91 0.199232 -0.164263 0.258216
6.92 0.189687 -0.176371 0.259013
6.93 0.179405 -0.187918 0.259806
6.94 0.168419 -0.198859 0.260595
6.95 0.156766 -0.209152 0.261381
6.96 0.144484 -0.218755 0.262163
6.97 0.131614 -0.22763 0.262941
6.98 0.118202 -0.235743 0.263716
6.99 0.104291 -0.243058 0.264488
7 0.0899294 -0.249547 0.265256
7.01 0.0751678 -0.255181 0.266022
7.02 0.060057 -0.259936 0.266784
7.03 0.0446498 -0.263791 0.267543
7.04 0.0290004 -0.266726 0.268298
7.05 0.0131638 -0.268729 0.269052
7.06 -0.00280318 -0.269786 0.269801
7.07 -0.0188444 -0.26989 0.270547
7.08 -0.0349021 -0.269035 0.27129
7.09 -0.0509185 -0.267221 0.272029
7.1 -0.0668361 -0.264449 0.272764
7.11 -0.0825974 -0.260725 0.273496
7.12 -0.0981447 -0.256059 0.274223
7.13 -0.113422 -0.250462 0.274946
7.14 -0.128372 -0.24395 0.275665
7.15 -0.142941 -0.236544 0.276379
7.16 -0.157074 -0.228265 0.277087
7.17 -0.17072 -0.21914 0.277791
7.18 -0.183828 -0.209197 0.278489
7.19 -0.196348 -0.198468 0.279182
7.2 -0.208234 -0.186989 0.279869
7.21 -0.219441 -0.174798 0.28055
7.22 -0.229924 -0.161935 0.281226
7.23 -0.239646 -0.148443 0.281896
7.24 -0.248567 -0.134368 0.28256
7.25 -0.256654 -0.119757 0.283219
7.26 -0.263873 -0.104661 0.283872
7.27 -0.270197 -0.0891312 0.284519
7.28 -0.2756 -0.0732212 0.285161
7.29 -0.280059 -0.0569864 0.285798
7.3 -0.283554 -0.0404828 0.286429
7.31 -0.28607 -0.0237677 0.287055
7.32 -0.287594 -0.00690026 0.287677
7.33 -0.288118 0.010061 0.288294
7.34 -0.287637 0.0270557 0.288906
7.35 -0.286148 0.0440248 0.289515
7.36 -0.283654 0.0609067 0.29012
7.37 -0.280161 0.0776427 0.29072
7.38 -0.275676 0.0941731 0.291317
7.39 -0.270213 0.110438 0.291911
7.4 -0.263789 0.12638 0.2925
7.41 -0.256422 0.141942 0.293086
7.42 -0.248135 0.157067 0.293669
7.43 -0.238956 0.171701 0.294247
7.44 -0.228914 0.185791 0.294822
7.45 -0.218041 0.199286 0.295392
7.46 -0.206373 0.212136 0.295959
7.47 -0.193949 0.224295 0.296521
7.48 -0.18081 0.235718 0.297078
7.49 -0.167001 0.246363 0.29763
7.5 -0.152567 0.25619 0.298178
7.51 -0.137559 0.265162 0.29872
7.52 -0.122026 0.273247 0.299256
7.53 -0.106022 0.280412 0.299786
7.54 -0.0896018 0.286632 0.30031
7.55 -0.0728207 0.291881 0.300828
7.56 -0.055738 0.296139 0.301339
7.57 -0.038411 0.299388 0.301842
7.58 -0.0209001 0.301616 0.302339
7.59 -0.00326634 0.302811 0.302829
7.6 0.0144298 0.302967 0.303311
7.61 0.0321272 0.302081 0.303785
7.62 0.0497632 0.300155 0.304252
7.63 0.0672775 0.297192 0.304712
7.64 0.0846083 0.2932 0.305164
7.65 0.101695 0.288192 0.305608
7.66 0.118479 0.282183 0.306046
7.67 0.134899 0.275191 0.306476
7.68 0.150901 0.267238 0.306899
7.69 0.166425 0.258352 0.307316
7.7 0.181419 0.24856 0.307726
7.71 0.195829 0.237895 0.308128
7.72 0.209605 0.226393 0.308525
7.73 0.222697 0.21409 0.308915
7.74 0.23506 0.20103 0.309299
7.75 0.246648 0.187255 0.309677
7.76 0.257423 0.172812 0.310049
7.77 0.267344 0.15775 0.310415
7.78 0.276376 0.14212 0.310776
7.79 0.284487 0.125975 0.311131
7.8 0.291648 0.109369 0.31148
7.81 0.297832 0.0923586 0.311824
7.82 0.303017 0.075003 0.312162
7.83 0.307184 0.0573601 0.312494
7.84 0.310317 0.0394907 0.31282
7.85 0.312404 0.0214557 0.31314
7.86 0.313438 0.0033166 0.313455
7.87 0.313411 -0.0148642 0.313764
7.88 0.312325 -0.0330252 0.314066
7.89 0.310181 -0.0511037 0.314363
7.9 0.306985 -0.0690381 0.314653
7.91 0.302748 -0.0867671 0.314936
7.92 0.297484 -0.10423 0.315215
7.93 0.291208 -0.121367 0.315487
7.94 0.283941 -0.138119 0.315752
7.95 0.275709 -0.154429 0.316012
7.96 0.266537 -0.170241 0.316266
7.97 0.256457 -0.185501 0.316513
7.98 0.245501 -0.200157 0.316755
7.99 0.233708 -0.214158 0.316991
8 0.221116 -0.227457 0.317221
8.01 0.207768 -0.240008 0.317445
8.02 0.193709 -0.251768 0.317664
8.03 0.178987 -0.262697 0.317877
8.04 0.163649 -0.272757 0.318084
8.05 0.14775 -0.281915 0.318286
8.06 0.131342 -0.290139 0.318483
8.07 0.114481 -0.297401 0.318674
8.08 0.0972233 -0.303676 0.318859
8.09 0.0796282 -0.308942 0.319039
8.1 0.0617547 -0.313183 0.319213
8.11 0.0436633 -0.316382 0.319381
8.12 0.0254143 -0.31853 0.319543
8.13 0.00707057 -0.319619 0.319697
8.14 -0.0113073 -0.319646 0.319845
8.15 -0.0296564 -0.318609 0.319987
8.16 -0.0479156 -0.316514 0.32012
8.17 -0.0660227 -0.313367 0.320246
8.18 -0.0839175 -0.309178 0.320364
8.19 -0.10154 -0.303962 0.320474
8.2 -0.118831 -0.297738 0.320575
8.21 -0.135731 -0.290524 0.320667
8.22 -0.152187 -0.282348 0.320751
8.23 -0.16814 -0.273235 0.320825
8.24 -0.183539 -0.263217 0.320889
8.25 -0.198332 -0.252328 0.320944
8.26 -0.21247 -0.240604 0.320989
8.27 -0.225907 -0.228086 0.321025
8.28 -0.238597 -0.214815 0.321051
8.29 -0.250499 -0.200835 0.321067
8.3 -0.261573 -0.186195 0.321075
8.31 -0.271783 -0.170944 0.321073
8.32 -0.281097 -0.155131 0.321062
8.33 -0.289483 -0.138811 0.321043
8.34 -0.296914 -0.122038 0.321016
8.35 -0.303367 -0.104868 0.320981
8.36 -0.308821 -0.0873596 0.32094
8.37 -0.313259 -0.0695704 0.320892
8.38 -0.316667 -0.0515595 0.320837
8.39 -0.319036 -0.0333871 0.320778
8.4 -0.320357 -0.015114 0.320713
8.41 -0.320628 0.00319951 0.320644
8.42 -0.31985 0.0214935 0.320571
8.43 -0.318026 0.0397058 0.320495
8.44 -0.315163 0.0577776 0.320416
8.45 -0.311273 0.0756488 0.320334
8.46 -0.306369 0.0932604 0.320249
8.47 -0.300469 0.110555 0.320163
8.48 -0.293593 0.127476 0.320074
8.49 -0.285767 0.143968 0.319983
8.5 -0.277017 0.159977 0.319892
8.51 -0.267373 0.175451 0.319798
8.52 -0.256867 0.19034 0.319703
8.53 -0.245538 0.204596 0.319607
8.54 -0.233422 0.218173 0.319508
8.55 -0.22056 0.231028 0.319407
8.56 -0.206997 0.243119 0.319303
8.57 -0.192777 0.254409 0.319197
8.58 -0.177949 0.264861 0.319088
8.59 -0.162562 0.274443 0.318976
8.6 -0.146668 0.283125 0.318859
8.61 -0.130319 0.290881 0.318739
8.62 -0.113569 0.297686 0.318614
8.63 -0.0964757 0.303521 0.318485
8.64 -0.0790936 0.308368 0.31835
8.65 -0.0614804 0.312214 0.318209
8.66 -0.0436948 0.315047 0.318063
8.67 -0.0257943 0.316862 0.31791
8.68 -0.00783837 0.317654 0.31775
8.69 0.0101152 0.317422 0.317583
8.7 0.0280075 0.31617 0.317408
8.71 0.0457805 0.313904 0.317225
8.72 0.0633766 0.310634 0.317033
8.73 0.0807396 0.306373 0.316834
8.74 0.0978123 0.301137 0.316624
8.75 0.114541 0.294945 0.316405
8.76 0.130872 0.28782 0.316177
8.77 0.146753 0.279786 0.315938
8.78 0.162134 0.270872 0.315688
8.79 0.176966 0.26111 0.315429
8.8 0.191202 0.250532 0.315158
8.81 0.204798 0.239176 0.314877
8.82 0.217711 0.22708 0.314584
8.83 0.229902 0.214284 0.314281
8.84 0.241332 0.200832 0.313966
8.85 0.251967 0.186768 0.313639
8.86 0.261775 0.17214 0.313303
8.87 0.270727 0.156997 0.312955
8.88 0.278795 0.141388 0.312597
8.89 0.285956 0.125365 0.31223
8.9 0.29219 0.10898 0.311852
8.91 0.29748 0.0922872 0.311466
8.92 0.30181 0.0753411 0.311071
8.93 0.30517 0.0581955 0.310669
8.94 0.307553 0.0409078 0.310261
8.95 0.308952 0.0235323 0.309847
8.96 0.309367 0.00612508 0.309427
8.97 0.308799 -0.0112579 0.309004
8.98 0.307253 -0.0285615 0.308578
8.99 0.304737 -0.0457309 0.308149
9 0.301262 -0.0627118 0.30772
9.01 0.296843 -0.0794506 0.307292
9.02 0.291497 -0.0958945 0.306865
9.03 0.285242 -0.111993 0.30644
9.04 0.278104 -0.127695 0.30602
9.05 0.270107 -0.142953 0.305603
9.06 0.261279 -0.157719 0.305192
9.07 0.251652 -0.171949 0.304787
9.08 0.24126 -0.185599 0.30439
9.09 0.230136 -0.198627 0.303999
9.1 0.218321 -0.210995 0.303617
9.11 0.205853 -0.222666 0.303242
9.12 0.192775 -0.233605 0.302876
9.13 0.179129 -0.243781 0.302517
9.14 0.164963 -0.253164 0.302167
9.15 0.150322 -0.261726 0.301823
9.16 0.135254 -0.269445 0.301487
9.17 0.119809 -0.276299 0.301157
9.18 0.104038 -0.282269 0.300832
9.19 0.08799 -0.28734 0.300511
9.2 0.0717183 -0.2915 0.300193
9.21 0.0552748 -0.294738 0.299876
9.22 0.0387123 -0.297049 0.299561
9.23 0.0220834 -0.298427 0.299243
9.24 0.00544065 -0.298874 0.298924
9.25 -0.0111626 -0.298391 0.298599
9.26 -0.0276756 -0.296982 0.298269
9.27 -0.0440454 -0.294657 0.29793
9.28 -0.0602223 -0.291425 0.297583
9.29 -0.076155 -0.287302 0.297223
9.3 -0.0917954 -0.282303 0.296852
9.31 -0.107095 -0.276447 0.296466
9.32 -0.122007 -0.269757 0.296065
9.33 -0.136486 -0.262257 0.295647
9.34 -0.150489 -0.253973 0.295211
9.35 -0.163974 -0.244936 0.294756
9.36 -0.176901 -0.235175 0.29428
9.37 -0.189231 -0.224725 0.293785
9.38 -0.200928 -0.213621 0.293268
9.39 -0.211959 -0.201902 0.29273
9.4 -0.222292 -0.189604 0.29217
9.41 -0.231896 -0.17677 0.291588
9.42 -0.240747 -0.163442 0.290985
9.43 -0.248818 -0.149663 0.290361
9.44 -0.256088 -0.135477 0.289716
9.45 -0.262539 -0.120933 0.289053
9.46 -0.268152 -0.106074 0.28837
9.47 -0.272916 -0.0909496 0.287671
9.48 -0.276817 -0.0756069 0.286957
9.49 -0.279848 -0.0600951 0.286228
9.5 -0.282004 -0.0444621 0.285488
9.51 -0.283281 -0.0287573 0.284737
9.52 -0.283679 -0.0130294 0.283978
9.53 -0.283201 0.00267248 0.283214
9.54 -0.281852 0.0183013 0.282446
9.55 -0.279641 0.0338081 0.281677
9.56 -0.276577 0.0491461 0.28091
9.57 -0.272675 0.0642698 0.280147
9.58 -0.26795 0.0791326 0.279391
9.59 -0.262421 0.0936908 0.278644
9.6 -0.256108 0.107901 0.27791
9.61 -0.249034 0.121721 0.27719
9.62 -0.241226 0.135111 0.276487
9.63 -0.23271 0.148032 0.275803
9.64 -0.223515 0.160446 0.27514
9.65 -0.213675 0.17232 0.274501
9.66 -0.203222 0.183617 0.273887
9.67 -0.19219 0.194307 0.273299
9.68 -0.180618 0.204361 0.272738
9.69 -0.168543 0.213751 0.272206
9.7 -0.156004 0.222452 0.271702
9.71 -0.143044 0.230441 0.271228
9.72 -0.129703 0.237697 0.270782
9.73 -0.116025 0.244203 0.270364
9.74 -0.102054 0.249941 0.269973
9.75 -0.087833 0.2549 0.269609
9.76 -0.0734092 0.259068 0.269268
9.77 -0.0588261 0.262435 0.268948
9.78 -0.0441307 0.264998 0.268647
9.79 -0.0293679 0.266751 0.268363
9.8 -0.0145841 0.267694 0.268091
9.81 0.000175616 0.267829 0.267829
9.82 0.0148657 0.267159 0.267573
9.83 0.0294415 0.265691 0.267318
9.84 0.0438582 0.263434 0.26706
9.85 0.0580739 0.260398 0.266795
9.86 0.0720443 0.256597 0.266519
9.87 0.0857285 0.252047 0.266228
9.88 0.0990858 0.246766 0.265917
9.89 0.112077 0.240774 0.265581
9.9 0.124664 0.234092 0.265217
9.91 0.13681 0.226745 0.264822
9.92 0.148481 0.218759 0.26439
9.93 0.159642 0.210161 0.263919
9.94 0.170263 0.20098 0.263406
9.95 0.180313 0.191248 0.262847
9.96 0.189766 0.180997 0.262242
9.97 0.198594 0.17026 0.261588
9.98 0.206775 0.159073 0.260883
9.99 0.214286 0.147472 0.260127
10 0.221108 0.135494 0.259321
10.01 0.227224 0.123177 0.258463
10.02 0.232619 0.11056 0.257556
10.03 0.23728 0.0976829 0.2566
10.04 0.241197 0.0845861 0.255599
10.05 0.244361 0.071309 0.254553
10.06 0.246767 0.0578932 0.253467
10.07 0.248412 0.04438 0.252345
10.08 0.249294 0.0308095 0.251191
10.09 0.249415 0.0172232 0.250009
10.1 0.248779 0.0036622 0.248806
10.11 0.247391 -0.00983388 0.247586
10.12 0.245259 -0.0232249 0.246357
10.13 0.242395 -0.0364714 0.245123
10.14 0.23881 -0.0495352 0.243893
10.15 0.234519 -0.0623777 0.242673
10.16 0.229539 -0.0749632 0.24147
10.17 0.22389 -0.0872542 0.240291
10.18 0.21759 -0.0992171 0.239144
10.19 0.210664 -0.110818 0.238034
10.2 0.203136 -0.122024 0.236969
10.21 0.195031 -0.132806 0.235955
10.22 0.186378 -0.143133 0.234998
10.23 0.177205 -0.152979 0.234103
10.24 0.167544 -0.162317 0.233276
10.25 0.157425 -0.171121 0.232519
10.26 0.146883 -0.179371 0.231837
10.27 0.135952 -0.187045 0.231233
10.28 0.124666 -0.194124 0.230707
10.29 0.113063 -0.200591 0.230261
10.3 0.101179 -0.206433 0.229895
10.31 0.0890526 -0.211634 0.229606
10.32 0.076721 -0.216184 0.229394
10.33 0.0642233 -0.220074 0.229254
10.34 0.051598 -0.223298 0.229182
10.35 0.0388852 -0.22585 0.229173
10.36 0.0261226 -0.227727 0.22922
10.37 0.0133506 -0.228929 0.229318
10.38 0.000607911 -0.229456 0.229457
10.39 -0.012067 -0.229313 0.22963
10.4 -0.0246361 -0.228503 0.229827
10.41 -0.0370608 -0.227034 0.230039
10.42 -0.0493049 -0.224915 0.230256
10.43 -0.0613316 -0.222158 0.230468
10.44 -0.0731056 -0.218773 0.230665
10.45 -0.0845918 -0.214778 0.230836
10.46 -0.095757 -0.210185 0.23097
10.47 -0.106569 -0.205015 0.231059
10.48 -0.116996 -0.199286 0.231091
10.49 -0.12701 -0.193018 0.231057
10.5 -0.13658 -0.186235 0.230949
10.51 -0.145682 -0.17896 0.230759
10.52 -0.154288 -0.171217 0.230478
10.53 -0.162377 -0.163034 0.2301
10.54 -0.169925 -0.154436 0.229619
10.55 -0.176913 -0.145453 0.22903
10.56 -0.183321 -0.136112 0.228327
10.57 -0.189136 -0.126444 0.22751
10.58 -0.194341 -0.116481 0.226575
10.59 -0.198923 -0.106253 0.225521
10.6 -0.202872 -0.0957912 0.22435
10.61 -0.20618 -0.085129 0.223063
10.62 -0.208839 -0.0742984 0.221662
10.63 -0.210846 -0.0633319 0.220152
10.64 -0.212197 -0.0522631 0.218538
10.65 -0.212892 -0.0411238 0.216828
10.66 -0.212933 -0.0299487 0.215029
10.67 -0.212322 -0.0187684 0.21315
10.68 -0.211067 -0.00761682 0.211204
10.69 -0.209172 0.00347456 0.209201
10.7 -0.206649 0.014474 0.207155
10.71 -0.203508 0.0253509 0.205081
10.72 -0.199763 0.0360739 0.202994
10.73 -0.195427 0.0466138 0.200909
10.74 -0.190518 0.0569413 0.198845
10.75 -0.185054 0.0670291 0.196819
10.76 -0.179055 0.0768488 0.19485
10.77 -0.172541 0.0863755 0.192953
10.78 -0.165536 0.0955843 0.19115
10.79 -0.158064 0.104451 0.189457
10.8 -0.15015 0.112952 0.187892
10.81 -0.141821 0.121068 0.186469
10.82 -0.133106 0.128778 0.185205
10.83 -0.124032 0.136062 0.184111
10.84 -0.114631 0.142906 0.1832
10.85 -0.104931 0.149292 0.182479
10.86 -0.0949655 0.155207 0.181955
10.87 -0.084766 0.160637 0.18163
10.88 -0.074365 0.165573 0.181506
10.89 -0.0637964 0.170003 0.181579
10.9 -0.053093 0.17392 0.181844
10.91 -0.0422882 0.177318 0.182291
10.92 -0.0314165 0.180192 0.18291
10.93 -0.0205117 0.182538 0.183687
10.94 -0.00960729 0.184356 0.184607
10.95 0.00126248 0.185645 0.185649
10.96 0.0120649 0.186407 0.186797
10.97 0.0227659 0.186643 0.188026
10.98 0.0333343 0.186359 0.189317
10.99 0.0437371 0.185562 0.190647
11 0.0539433 0.184259 0.191993
11.01 0.063922 0.182457 0.19333
11.02 0.0736439 0.180168 0.194638
11.03 0.0830793 0.177402 0.195892
11.04 0.0922015 0.174173 0.197072
11.05 0.100983 0.170494 0.198156
11.06 0.109399 0.16638 0.199124
11.07 0.117424 0.161848 0.199958
11.08 0.125036 0.156915 0.20064
11.09 0.132214 0.151598 0.201153
11.1 0.138937 0.145917 0.201483
11.11 0.145187 0.139892 0.201616
11.12 0.150946 0.133542 0.201539
11.13 0.156199 0.12689 0.201244
11.14 0.160932 0.119956 0.20072
11.15 0.165134 0.112764 0.199962
11.16 0.168793 0.105336 0.198964
11.17 0.171901 0.0976954 0.197723
11.18 0.174451 0.0898655 0.196237
11.19 0.176437 0.0818695 0.194506
11.2 0.177858 0.073732 0.192535
11.21 0.17871 0.0654768 0.190327
11.22 0.178994 0.0571271 0.187889
11.23 0.178712 0.0487077 0.185231
11.24 0.177868 0.040242 0.182364
11.25 0.176468 0.0317536 0.179302
11.26 0.174517 0.0232654 0.176061
11.27 0.172026 0.0148007 0.172662
11.28 0.169005 0.00638246 0.169125
11.29 0.165466 -0.00196826 0.165477
11.3 0.161422 -0.0102289 0.161746
11.31 0.15689 -0.0183788 0.157963
11.32 0.151885 -0.0263976 0.154162
11.33 0.146426 -0.034266 0.150382
11.34 0.140532 -0.0419641 0.146663
11.35 0.134224 -0.0494749 0.143052
11.36 0.127523 -0.0567794 0.139593
11.37 0.120454 -0.0638627 0.136337
11.38 0.113041 -0.0707076 0.133333
11.39 0.105307 -0.0772997 0.130633
11.4 0.0972803 -0.0836257 0.128284
11.41 0.0889865 -0.0896723 0.126332
11.42 0.0804535 -0.0954269 0.124816
11.43 0.0717093 -0.10088 0.12377
11.44 0.0627834 -0.10602 0.123215
11.45 0.0537037 -0.110839 0.123164
11.46 0.0445012 -0.115328 0.123616
11.47 0.0352038 -0.119481 0.124559
11.48 0.0258434 -0.123292 0.125971
11.49 0.0164491 -0.126756 0.127819
11.5 0.00705091 -0.129869 0.130061
11.51 -0.00232098 -0.132629 0.13265
11.52 -0.0116363 -0.135034 0.135534
11.53 -0.0208668 -0.137081 0.138661
11.54 -0.0299826 -0.138774 0.141976
11.55 -0.0389555 -0.14011 0.145425
11.56 -0.0477569 -0.141094 0.148957
11.57 -0.0563601 -0.141727 0.152522
11.58 -0.0647381 -0.142013 0.156073
11.59 -0.0728643 -0.141958 0.159565
11.6 -0.0807151 -0.141564 0.162958
11.61 -0.0882657 -0.14084 0.166213
11.62 -0.0954933 -0.139792 0.169295
11.63 -0.102376 -0.138427 0.172171
11.64 -0.108893 -0.136753 0.174812
11.65 -0.115025 -0.134779 0.17719
11.66 -0.120754 -0.132515 0.179281
11.67 -0.126061 -0.129969 0.181062
11.68 -0.130934 -0.127152 0.182514
11.69 -0.135356 -0.124075 0.183619
11.7 -0.139315 -0.120748 0.184361
11.71 -0.143247 -0.11757 0.185317
11.72 -0.147152 -0.114541 0.186476
11.73 -0.151031 -0.111661 0.187826
11.74 -0.154886 -0.108932 0.189357
11.75 -0.158719 -0.106354 0.191057
11.76 -0.16253 -0.103928 0.192917
11.77 -0.16632 -0.101654 0.194926
11.78 -0.170091 -0.0995325 0.197073
11.79 -0.173844 -0.0975653 0.19935
11.8 -0.177577 -0.0957524 0.201748
11.81 -0.181294 -0.0940943 0.204258
11.82 -0.184994 -0.0925911 0.206872
11.83 -0.188678 -0.0912444 0.209583
11.84 -0.192346 -0.0900534 0.212383
11.85 -0.196 -0.0890195 0.215268
11.86 -0.199638 -0.0881422 0.21823
11.87 -0.203262 -0.0874227 0.221265
11.88 -0.206871 -0.0868606 0.224366
11.89 -0.210466 -0.0864556 0.227531
11.9 -0.214046 -0.0862092 0.230755
11.91 -0.217612 -0.0861202 0.234034
11.92 -0.221163 -0.0861891 0.237364
11.93 -0.224701 -0.0864162 0.240745
11.94 -0.228222 -0.0868013 0.244172
11.95 -0.231729 -0.0873436 0.247643
11.96 -0.235219 -0.0880438 0.251157
11.97 -0.238693 -0.0889003 0.254711
11.98 -0.24215 -0.0899142 0.258305
11.99 -0.245589 -0.0910836 0.261936
12 -0.24901 -0.092409 0.265604
12.01 -0.25241 -0.0938893 0.269307
12.02 -0.25579 -0.0955242 0.273045
12.03 -0.259148 -0.0973119 0.276817
12.04 -0.262484 -0.0992526 0.280622
12.05 -0.265794 -0.101344 0.284459
12.06 -0.269079 -0.103587 0.28833
12.07 -0.272337 -0.105978 0.292231
12.08 -0.275567 -0.108517 0.296164
12.09 -0.278765 -0.111204 0.300127
12.1 -0.281931 -0.114035 0.304121
12.11 -0.285063 -0.11701 0.308144
12.12 -0.288159 -0.120127 0.312196
12.13 -0.291217 -0.123383 0.316276
12.14 -0.294234 -0.126778 0.320384
12.15 -0.297208 -0.130309 0.324519
12.16 -0.300137 -0.133973 0.328681
12.17 -0.303017 -0.13777 0.332867
12.18 -0.305848 -0.141696 0.337077
12.19 -0.308626 -0.145749 0.34131
12.2 -0.311347 -0.149925 0.345564
12.21 -0.31401 -0.154223 0.349838
12.22 -0.316611 -0.15864 0.354132
12.23 -0.319148 -0.163172 0.358442
12.24 -0.321617 -0.167817 0.362768
12.25 -0.324016 -0.172572 0.367107
12.26 -0.32634 -0.177432 0.371456
12.27 -0.328587 -0.182395 0.375816
12.28 -0.330753 -0.187457 0.380181
12.29 -0.332835 -0.192615 0.384551
12.3 -0.334829 -0.197865 0.388923
12.31 -0.336732 -0.203202 0.393293
12.32 -0.338539 -0.208624 0.397659
12.33 -0.340248 -0.214125 0.402018
12.34 -0.341855 -0.219703 0.406367
12.35 -0.343356 -0.225351 0.410702
12.36 -0.344747 -0.231067 0.415021
12.37 -0.346024 -0.236845 0.419319
12.38 -0.347185 -0.242682 0.423594
12.39 -0.348223 -0.248572 0.42784
12.4 -0.349138 -0.254511 0.432057
12.41 -0.349922 -0.260494 0.436237
12.42 -0.350574 -0.266517 0.440379
12.43 -0.351089 -0.272574 0.444477
12.44 -0.351464 -0.27866 0.44853
12.45 -0.351694 -0.284771 0.45253
12.46 -0.351777 -0.290901 0.456476
12.47 -0.351706 -0.297046 0.460362
12.48 -0.35148 -0.3032 0.464186
12.49 -0.351093 -0.309357 0.467941
12.5 -0.350543 -0.315512 0.471624
12.51 -0.349826 -0.321662 0.475231
12.52 -0.348938 -0.327798 0.478758
12.53 -0.347875 -0.333917 0.482201
12.54 -0.346634 -0.340014 0.485556
12.55 -0.345211 -0.346082 0.488818
12.56 -0.343602 -0.352116 0.491984
12.57 -0.341805 -0.358111 0.49505
12.58 -0.339816 -0.36406 0.498011
12.59 -0.337632 -0.36996 0.500865
12.6 -0.335249 -0.375804 0.503608
12.61 -0.332665 -0.381586 0.506235
12.62 -0.329876 -0.387302 0.508745
12.63 -0.32688 -0.392945 0.511133
12.64 -0.323673 -0.39851 0.513396
12.65 -0.320255 -0.403992 0.515532
12.66 -0.31662 -0.409385 0.517537
12.67 -0.312769 -0.414684 0.519411
12.68 -0.308698 -0.419883 0.521149
12.69 -0.304406 -0.424976 0.52275
12.7 -0.29989 -0.42996 0.524213
12.71 -0.295149 -0.434826 0.525535
12.72 -0.290181 -0.439572 0.526715
12.73 -0.284985 -0.444192 0.527753
12.74 -0.279561 -0.448681 0.528648
12.75 -0.273906 -0.453032 0.529398
12.76 -0.268021 -0.457242 0.530005
12.77 -0.261904 -0.461305 0.530468
12.78 -0.255556 -0.465217 0.530788
12.79 -0.248976 -0.468972 0.530965
12.8 -0.242165 -0.472566 0.531001
12.81 -0.235122 -0.475994 0.530898
12.82 -0.22785 -0.479252 0.530658
12.83 -0.220348 -0.482335 0.530283
12.84 -0.212617 -0.485239 0.529776
12.85 -0.204659 -0.487959 0.52914
12.86 -0.196476 -0.490492 0.52838
12.87 -0.188069 -0.492835 0.5275
12.88 -0.179441 -0.494981 0.526503
12.89 -0.170594 -0.49693 0.525396
12.9 -0.16153 -0.498675 0.524184
12.91 -0.152253 -0.500215 0.522873
12.92 -0.142765 -0.501546 0.521469
12.93 -0.13307 -0.502664 0.51998
12.94 -0.123172 -0.503567 0.518412
12.95 -0.113074 -0.504253 0.516775
12.96 -0.102782 -0.504717 0.515076
12.97 -0.0922989 -0.504959 0.513325
12.98 -0.08163 -0.504975 0.51153
12.99 -0.0707808 -0.504763 0.509702
13 -0.0597552 -0.504322 0.50785
13.01 -0.0485608 -0.503649 0.505984
13.02 -0.037202 -0.502743 0.504118
13.03 -0.0256852 -0.501603 0.50226
13.04 -0.0140169 -0.500227 0.500423
13.05 -0.00220383 -0.498614 0.498619
13.06 0.00974821 -0.496764 0.496859
13.07 0.0218307 -0.494674 0.495156
13.08 0.0340374 -0.492346 0.493522
13.09 0.0463598 -0.489779 0.491968
13.1 0.0587906 -0.486972 0.490508
13.11 0.071322 -0.483925 0.489152
13.12 0.0839447 -0.480639 0.487915
13.13 0.0966512 -0.477114 0.486805
13.14 0.109432 -0.473351 0.485836
13.15 0.122279 -0.46935 0.485017
13.16 0.135182 -0.465113 0.48436
13.17 0.148132 -0.46064 0.483872
13.18 0.161118 -0.455934 0.483565
13.19 0.174133 -0.450995 0.483445
13.2 0.187165 -0.445826 0.48352
13.21 0.200205 -0.440429 0.483797
13.22 0.213242 -0.434805 0.48428
13.23 0.226266 -0.428957 0.484975
13.24 0.239266 -0.422888 0.485883
13.25 0.252231 -0.416601 0.487008
13.26 0.26515 -0.410097 0.488349
13.27 0.278013 -0.403383 0.489907
13.28 0.290808 -0.396458 0.491679
13.29 0.303524 -0.389329 0.493664
13.3 0.316149 -0.381998 0.495856
13.31 0.328673 -0.374471 0.498251
13.32 0.341084 -0.36675 0.500843
13.33 0.35337 -0.35884 0.503623
13.34 0.36552 -0.350747 0.506585
13.35 0.377522 -0.342475 0.509717
13.36 0.389366 -0.334028 0.513011
13.37 0.401039 -0.325412 0.516454
13.38 0.41253 -0.316632 0.520035
13.39 0.423827 -0.307695 0.523741
13.4 0.434919 -0.298605 0.52756
13.41 0.445795 -0.289368 0.531476
13.42 0.456444 -0.279992 0.535478
13.43 0.466854 -0.27048 0.539548
13.44 0.477015 -0.260841 0.543674
13.45 0.486914 -0.25108 0.547838
13.46 0.496543 -0.241206 0.552028
13.47 0.505889 -0.231223 0.556226
13.48 0.514943 -0.221139 0.560418
13.49 0.523694 -0.210962 0.564588
13.5 0.532132 -0.200698 0.568722
13.51 0.540249 -0.190354 0.572803
13.52 0.548032 -0.179939 0.576816
13.53 0.555474 -0.169459 0.580747
13.54 0.562565 -0.158922 0.584581
13.55 0.569296 -0.148336 0.588304
13.56 0.575658 -0.137708 0.5919
13.57 0.581644 -0.127047 0.595357
13.58 0.587244 -0.11636 0.598661
13.59 0.592452 -0.105655 0.601799
13.6 0.597258 -0.0949397 0.604757
13.61 0.601658 -0.0842236 0.607525
13.62 0.605643 -0.0735126 0.610088
13.63 0.609207 -0.062817 0.612437
13.64 0.612344 -0.0521437 0.61456
13.65 0.615049 -0.0415013 0.616448
13.66 0.617315 -0.030897 0.618088
13.67 0.619138 -0.0203407 0.619472
13.68 0.620513 -0.009839 0.620591
13.69 0.621436 0.000598835 0.621437
13.7 0.621904 0.0109655 0.622
13.71 0.621911 0.0212521 0.622274
13.72 0.621458 0.031451 0.622253
13.73 0.620539 0.0415545 0.621928
13.74 0.619153 0.0515537 0.621295
13.75 0.617298 0.0614412 0.620349
13.76 0.614975 0.0712088 0.619084
13.77 0.61218 0.0808488 0.617496
13.78 0.608916 0.0903531 0.615583
13.79 0.605181 0.0997145 0.613341
13.8 0.600977 0.108925 0.610769
13.81 0.596305 0.117979 0.607864
13.82 0.591166 0.126865 0.604626
13.83 0.585563 0.13558 0.601054
13.84 0.579498 0.144116 0.59715
13.85 0.572975 0.152464 0.592913
13.86 0.565998 0.160619 0.588347
13.87 0.55857 0.168575 0.583453
13.88 0.550696 0.176324 0.578235
13.89 0.542381 0.183861 0.572697
13.9 0.53363 0.191179 0.566842
13.91 0.524451 0.198272 0.560679
13.92 0.514848 0.205136 0.554211
13.93 0.504831 0.211763 0.547446
13.94 0.494406 0.218149 0.540394
13.95 0.48358 0.22429 0.533062
13.96 0.472362 0.23018 0.525461
13.97 0.460762 0.235814 0.517601
13.98 0.448788 0.24119 0.509493
13.99 0.436451 0.246301 0.501152
14 0.423759 0.251146 0.492591
14.01 0.410724 0.25572 0.483825
14.02 0.397357 0.26002 0.474872
14.03 0.383668 0.264044 0.465747
14.04 0.36967 0.267787 0.456471
14.05 0.355374 0.271249 0.447065
14.06 0.340793 0.274427 0.43755
14.07 0.325939 0.277319 0.427951
14.08 0.310826 0.279923 0.418294
14.09 0.295466 0.282239 0.408606
14.1 0.279873 0.284265 0.398918
14.11 0.264061 0.286002 0.389263
14.12 0.248045 0.287447 0.379674
14.13 0.231838 0.288603 0.37019
14.14 0.215454 0.289468 0.36085
14.15 0.19891 0.290044 0.351697
14.16 0.18222 0.290331 0.342777
14.17 0.165399 0.29033 0.334139
14.18 0.148462 0.290044 0.325832
14.19 0.131425 0.289473 0.317911
14.2 0.114303 0.28862 0.310429
14.21 0.0971129 0.287487 0.303447
14.22 0.0798689 0.286077 0.297017
14.23 0.0625894 0.284393 0.291199
14.24 0.0452882 0.282439 0.286047
14.25 0.0279824 0.280217 0.281611
14.26 0.0106876 0.277732 0.277938
14.27 -0.00657918 0.274988 0.275067
14.28 -0.0238031 0.27199 0.27303
14.29 -0.0409669 0.268742 0.271847
14.3 -0.0580555 0.26525 0.271529
14.31 -0.0748662 0.260669 0.271207
14.32 -0.091331 0.255023 0.270884
14.33 -0.107381 0.248335 0.270556
14.34 -0.122951 0.240635 0.270226
14.35 -0.137976 0.231958 0.269892
14.36 -0.152396 0.222341 0.269555
14.37 -0.166151 0.211827 0.269215
14.38 -0.179185 0.200461 0.268871
14.39 -0.191446 0.188292 0.268525
14.4 -0.202884 0.175374 0.268175
14.41 -0.213453 0.16176 0.267822
14.42 -0.223111 0.14751 0.267465
14.43 -0.23182 0.132685 0.267106
14.44 -0.239545 0.117346 0.266744
14.45 -0.246257 0.101562 0.266378
14.46 -0.251929 0.0853966 0.266009
14.47 -0.256541 0.0689198 0.265637
14.48 -0.260075 0.0522002 0.265262
14.49 -0.26252 0.0353093 0.264884
14.5 -0.263868 0.0183169 0.264503
14.51 -0.264115 0.00129599 0.264119
14.52 -0.263265 -0.0156844 0.263731
14.53 -0.261321 -0.0325509 0.263341
14.54 -0.258297 -0.0492347 0.262948
14.55 -0.254207 -0.0656663 0.262551
14.56 -0.249071 -0.0817774 0.262152
14.57 -0.242912 -0.0975008 0.26175
14.58 -0.235761 -0.112773 0.261345
14.59 -0.227649 -0.127529 0.260936
14.6 -0.218613 -0.14171 0.260525
14.61 -0.208692 -0.155258 0.26011
14.62 -0.197934 -0.168117 0.259694
14.63 -0.186382 -0.180236 0.259274
14.64 -0.174088 -0.191566 0.258852
14.65 -0.161108 -0.202061 0.258427
14.66 -0.147495 -0.21168 0.257998
14.67 -0.13331 -0.220385 0.257568
14.68 -0.118615 -0.228141 0.257134
14.69 -0.103471 -0.23492 0.256698
14.7 -0.0879438 -0.240695 0.256259
14.71 -0.0721004 -0.245447 0.255817
14.72 -0.0560074 -0.249155 0.255372
14.73 -0.0397347 -0.25181 0.254925
14.74 -0.0233497 -0.253402 0.254475
14.75 -0.00692298 -0.253928 0.254022
14.76 0.00947655 -0.25339 0.253567
14.77 0.0257796 -0.251793 0.253109
14.78 0.0419188 -0.249146 0.252648
14.79 0.0578254 -0.245466 0.252185
14.8 0.0734342 -0.240769 0.251719
14.81 0.0886789 -0.23508 0.25125
14.82 0.103498 -0.228426 0.250779
14.83 0.117829 -0.220836 0.250304
14.84 0.131613 -0.212349 0.249828
14.85 0.144795 -0.203001 0.249349
14.86 0.15732 -0.192835 0.248867
14.87 0.169138 -0.181896 0.248382
14.88 0.180201 -0.170235 0.247895
14.89 0.190464 -0.157901 0.247405
14.9 0.199888 -0.144951 0.246913
14.91 0.208435 -0.13144 0.246417
14.92 0.21607 -0.11743 0.245919
14.93 0.222768 -0.102979 0.245419
14.94 0.228501 -0.0881517 0.244915
14.95 0.233249 -0.073012 0.24441
14.96 0.236996 -0.0576247 0.243901
14.97 0.239729 -0.0420565 0.24339
14.98 0.24144 -0.026374 0.242876
14.99 0.242126 -0.0106446 0.24236
15 0.241788 0.00506542 0.241841
15.01 0.240431 0.0206885 0.24132
15.02 0.238065 0.0361602 0.240796
15.03 0.234704 0.051413 0.240269
15.04 0.230366 0.0663849 0.23974
15.05 0.225072 0.0810124 0.239208
15.06 0.218851 0.0952343 0.238674
15.07 0.211731 0.108992 0.238137
15.08 0.203747 0.122229 0.237598
15.09 0.194936 0.134891 0.237056
15.1 0.18534 0.146926 0.236512
15.11 0.175001 0.158285 0.235965
15.12 0.16397 0.168923 0.235417
15.13 0.152292 0.178798 0.234865
15.14 0.140023 0.18787 0.234311
15.15 0.127218 0.196105 0.233756
15.16 0.113932 0.203471 0.233197
15.17 0.100224 0.209941 0.232637
15.18 0.0861565 0.215489 0.232074
15.19 0.0717889 0.220098 0.23151
15.2 0.0571849 0.223751 0.230943
15.21 0.0424079 0.226437 0.230374
15.22 0.0275215 0.228148 0.229802
15.23 0.0125908 0.228883 0.229229
15.24 -0.00232192 0.228642 0.228654
15.25 -0.0171513 0.227431 0.228077
15.26 -0.0318352 0.225259 0.227498
15.27 -0.0463107 0.22214 0.226916
15.28 -0.0605179 0.218092 0.226333
15.29 -0.0743957 0.213137 0.225748
15.3 -0.0878876 0.2073 0.225161
15.31 -0.100936 0.20061 0.224572
15.32 -0.11349 0.1931 0.223982
15.33 -0.125496 0.184806 0.223388
15.34 -0.136905 0.175768 0.222794
15.35 -0.147672 0.166027 0.222198
15.36 -0.157753 0.15563 0.2216
15.37 -0.167109 0.144623 0.221
15.38 -0.175702 0.133058 0.220399
15.39 -0.183501 0.120986 0.219796
15.4 -0.190475 0.108462 0.219191
15.41 -0.196598 0.0955417 0.218584
15.42 -0.201848 0.0822835 0.217975
15.43 -0.206208 0.0687453 0.217365
15.44 -0.209662 0.054987 0.216753
15.45 -0.212201 0.04107 0.216139
15.46 -0.213819 0.0270535 0.215523
15.47 -0.214513 0.0129995 0.214907
15.48 -0.214285 -0.00103206 0.214287
15.49 -0.213141 -0.01498 0.213667
15.5 -0.211091 -0.0287854 0.213045
15.51 -0.208149 -0.0423887 0.212421
15.52 -0.204331 -0.0557335 0.211796
15.53 -0.199659 -0.0687614 0.211168
15.54 -0.194159 -0.0814203 0.21054
15.55 -0.187858 -0.0936564 0.20991
15.56 -0.180787 -0.105419 0.209278
15.57 -0.172982 -0.11666 0.208644
15.58 -0.164481 -0.127334 0.208009
15.59 -0.155324 -0.137397 0.207372
15.6 -0.145554 -0.146809 0.206734
15.61 -0.135218 -0.155534 0.206094
15.62 -0.124364 -0.163538 0.205453
15.63 -0.11304 -0.170791 0.204811
15.64 -0.1013 -0.177263 0.204166
15.65 -0.0891962 -0.182934 0.203521
15.66 -0.0767833 -0.187783 0.202874
15.67 -0.0641174 -0.191793 0.202226
15.68 -0.051255 -0.194951 0.201577
15.69 -0.0382525 -0.197251 0.200926
15.7 -0.0251675 -0.198687 0.200274
15.71 -0.012057 -0.199257 0.199622
15.72 0.00102197 -0.198964 0.198967
15.73 0.0140116 -0.197816 0.198311
15.74 0.026858 -0.195821 0.197655
15.75 0.0395041 -0.192995 0.196996
15.76 0.0518974 -0.189355 0.196338
15.77 0.0639852 -0.184921 0.195678
15.78 0.0757177 -0.179718 0.195017
15.79 0.0870447 -0.173773 0.194355
15.8 0.0979209 -0.167117 0.193692
15.81 0.108301 -0.159784 0.193028
15.82 0.118143 -0.15181 0.192364
15.83 0.127408 -0.143232 0.191698
15.84 0.136059 -0.134095 0.191033
15.85 0.144063 -0.124439 0.190366
15.86 0.151389 -0.114311 0.189699
15.87 0.15801 -0.103758 0.189031
15.88 0.1639 -0.0928283 0.188362
15.89 0.16904 -0.0815723 0.187693
15.9 0.173411 -0.0700417 0.187022
15.91 0.177001 -0.0582882 0.186352
15.92 0.179798 -0.046365 0.18568
15.93 0.181797 -0.0343248 0.185009
15.94 0.182992 -0.0222206 0.184336
15.95 0.183385 -0.0101072 0.183663
15.96 0.182979 0.00196418 0.182989
15.97 0.181782 0.0139396 0.182315
15.98 0.179803 0.0257684 0.181641
15.99 0.177059 0.037399 0.180966
16 0.173565 0.0487829 0.18029
16.01 0.169342 0.0598713 0.179615
16.02 0.164414 0.0706186 0.178939
16.03 0.158807 0.0809783 0.178261
16.04 0.152551 0.0909098 0.177585
16.05 0.145676 0.100371 0.176907
16.06 0.13822 0.109325 0.176229
16.07 0.130217 0.117735 0.17555
16.08 0.121707 0.125569 0.174872
16.09 0.112731 0.132796 0.174192
16.1 0.103332 0.139388 0.173512
16.11 0.0935535 0.145322 0.172832
16.12 0.0834432 0.150577 0.172151
16.13 0.073046 0.155134 0.171471
16.14 0.0624113 0.158977 0.170789
16.15 0.0515872 0.162098 0.170109
16.16 0.0406218 0.164485 0.169427
16.17 0.0295655 0.166135 0.168745
16.18 0.0184672 0.167045 0.168063
16.19 0.00737634 0.167218 0.167381
16.2 -0.0036584 0.166658 0.166698
16.21 -0.0145887 0.165374 0.166016
16.22 -0.0253676 0.163375 0.165333
16.23 -0.0359473 0.160678 0.16465
16.24 -0.0462852 0.157299 0.163968
16.25 -0.056335 0.153258 0.163284
16.26 -0.0660557 0.148579 0.162601
16.27 -0.0754068 0.143287 0.161917
16.28 -0.0843501 0.13741 0.161234
16.29 -0.0928488 0.13098 0.160551
16.3 -0.10087 0.124029 0.159868
16.31 -0.108381 0.116591 0.159185
16.32 -0.115353 0.108705 0.158503
16.33 -0.12176 0.100407 0.15782
16.34 -0.127578 0.0917393 0.157137
16.35 -0.132786 0.082742 0.156456
16.36 -0.137366 0.0734578 0.155773
16.37 -0.141303 0.0639306 0.155092
16.38 -0.144584 0.0542042 0.154411
16.39 -0.147202 0.0443233 0.15373
16.4 -0.149149 0.0343329 0.153049
16.41 -0.150423 0.0242785 0.152369
16.42 -0.151022 0.0142052 0.151689
16.43 -0.150953 0.0041585 0.15101
16.44 -0.150218 -0.00581923 0.150331
16.45 -0.148829 -0.0156818 0.149652
16.46 -0.146796 -0.0253885 0.148975
16.47 -0.144133 -0.0348966 0.148297
16.48 -0.140859 -0.0441662 0.147621
16.49 -0.136992 -0.0531571 0.146944
16.5 -0.132556 -0.0618329 0.146269
16.51 -0.127575 -0.070157 0.145594
16.52 -0.122076 -0.0780964 0.14492
16.53 -0.116087 -0.0856179 0.144245
16.54 -0.109641 -0.0926927 0.143573
16.55 -0.102768 -0.0992931 0.1429
16.56 -0.0955044 -0.105393 0.142228
16.57 -0.0878851 -0.11097 0.141556
16.58 -0.0799478 -0.116005 0.140886
16.59 -0.0717302 -0.120479 0.140215
16.6 -0.063272 -0.124377 0.139546
16.61 -0.0546126 -0.127688 0.138877
16.62 -0.045793 -0.130402 0.138209
16.63 -0.0368536 -0.132513 0.137542
16.64 -0.0278353 -0.134014 0.136874
16.65 -0.0187805 -0.134908 0.136209
16.66 -0.00972812 -0.135194 0.135543
16.67 -0.000720014 -0.134877 0.134878
16.68 0.00820506 -0.133963 0.134215
16.69 0.0170067 -0.132464 0.133551
16.7 0.0256478 -0.13039 0.132889
16.71 0.0340902 -0.127757 0.132227
16.72 0.0422985 -0.124581 0.131566
16.73 0.0502368 -0.120882 0.130905
16.74 0.057874 -0.116682 0.130246
16.75 0.0651774 -0.112003 0.129587
16.76 0.0721174 -0.106872 0.128929
16.77 0.078667 -0.101316 0.128271
16.78 0.0847998 -0.0953652 0.127615
16.79 0.0904929 -0.0890484 0.126959
16.8 0.0957244 -0.0823989 0.126304
16.81 0.100476 -0.0754494 0.12565
16.82 0.10473 -0.0682345 0.124998
16.83 0.108475 -0.0607884 0.124346
16.84 0.111695 -0.0531478 0.123695
16.85 0.114384 -0.0453488 0.123045
16.86 0.116534 -0.0374274 0.122396
16.87 0.11814 -0.0294218 0.121749
16.88 0.119202 -0.0213677 0.121102
16.89 0.11972 -0.0133032 0.120456
16.9 0.119696 -0.00526349 0.119812
16.91 0.119138 0.00271482 0.119169
16.92 0.118052 0.0105966 0.118527
16.93 0.116449 0.0183463 0.117886
16.94 0.114343 0.0259323 0.117246
16.95 0.111746 0.0333197 0.116607
16.96 0.108677 0.0404788 0.115971
16.97 0.105154 0.0473796 0.115335
16.98 0.101198 0.0539934 0.114701
16.99 0.0968313 0.0602935 0.114068
17 0.0920779 0.0662545 0.113437
17.01 0.0869632 0.0718532 0.112807
17.02 0.0815146 0.0770682 0.112179
17.03 0.0757591 0.0818802 0.111552
17.04 0.069728 0.0862706 0.110926
17.05 0.0634497 0.0902264 0.110303
17.06 0.0569556 0.0937319 0.10968
17.07 0.0502782 0.0967776 0.109059
17.08 0.0434488 0.0993535 0.108439
17.09 0.0365011 0.101454 0.10782
17.1 0.0294669 0.103074 0.107204
17.11 0.0223797 0.104212 0.106588
17.12 0.0152718 0.104868 0.105974
17.13 0.00817643 0.105045 0.105363
17.14 0.0011235 0.104746 0.104752
17.15 -0.00585247 0.103978 0.104143
17.16 -0.0127229 0.102751 0.103535
17.17 -0.0194566 0.101073 0.102929
17.18 -0.0260249 0.0989599 0.102325
17.19 -0.0323996 0.0964236 0.101721
17.2 -0.038554 0.0934822 0.10112
17.21 -0.0444626 0.0901523 0.10052
17.22 -0.0501012 0.0864542 0.0999223
17.23 -0.0554469 0.0824078 0.0993247
17.24 -0.0604783 0.0780378 0.0987296
17.25 -0.0651776 0.0733655 0.0981357
17.26 -0.0695252 0.0684172 0.0975432
17.27 -0.073507 0.0632184 0.0969528
17.28 -0.0771079 0.0577953 0.0963635
17.29 -0.0803172 0.0521758 0.0957766
17.3 -0.0831233 0.0463871 0.0951906
17.31 -0.0855189 0.0404585 0.0946064
17.32 -0.0874976 0.0344185 0.0940237
17.33 -0.0890563 0.0282962 0.0934435
17.34 -0.0901912 0.0221193 0.0928639
17.35 -0.0909035 0.015919 0.0922869
17.36 -0.0911947 0.0097216 0.0917115
17.37 -0.0910679 0.00355685 0.0911374
17.38 -0.0905296 -0.00254809 0.0905654
17.39 -0.0895861 -0.00856509 0.0899946
17.4 -0.088248 -0.0144683 0.0894262
17.41 -0.0865256 -0.020232 0.0888596
17.42 -0.0844316 -0.0258317 0.0882948
17.43 -0.0819796 -0.0312431 0.0877313
17.44 -0.079187 -0.0364445 0.087171
17.45 -0.0760682 -0.0414146 0.0866114
17.46 -0.0726438 -0.0461325 0.0860542
17.47 -0.0689324 -0.050581 0.0854992
17.48 -0.0649548 -0.054742 0.0849459
17.49 -0.0607326 -0.0586015 0.0843954
17.5 -0.0562877 -0.0621442 0.0838463
17.51 -0.0516437 -0.0653585 0.0832995
17.52 -0.0468244 -0.0682335 0.0827547
17.53 -0.0418538 -0.070761 0.0822123
17.54 -0.0367564 -0.0729319 0.0816707
17.55 -0.0315589 -0.0747431 0.0811326
17.56 -0.026284 -0.0761897 0.080596
17.57 -0.0209588 -0.0772696 0.0800616
17.58 -0.015607 -0.0779831 0.0795295
17.59 -0.0102549 -0.0783306 0.078999
17.6 -0.00492599 -0.0783165 0.0784712
17.61 0.000354902 -0.0779443 0.0779451
17.62 0.0055644 -0.0772211 0.0774213
17.63 0.0106787 -0.0761542 0.0768993
17.64 0.0156771 -0.0747546 0.0763807
17.65 0.0205371 -0.0730301 0.0758628
17.66 0.025238 -0.0709954 0.0753479
17.67 0.0297609 -0.0686624 0.0748347
17.68 0.034086 -0.0660464 0.0743235
17.69 0.0381976 -0.0631628 0.0738146
17.7 0.0420776 -0.0600286 0.0733073
17.71 0.0457125 -0.0566617 0.0728023
17.72 0.0490882 -0.0530807 0.0722995
17.73 0.0521932 -0.0493043 0.0717986
17.74 0.0550147 -0.045353 0.0712988
17.75 0.0575459 -0.0412483 0.0708022
17.76 0.0597772 -0.0370097 0.0703067
17.77 0.0617029 -0.0326603 0.0698136
17.78 0.0633185 -0.0282204 0.0693226
17.79 0.0646201 -0.0237131 0.0688336
17.8 0.0656068 -0.0191587 0.068347
17.81 0.0662773 -0.0145798 0.067862
17.82 0.066633 -0.00999784 0.0673789
17.83 0.0666767 -0.00543483 0.0668979
17.84 0.0664132 -0.0009102 0.0664194
17.85 0.0658461 0.00355401 0.0659419
17.86 0.0649844 0.00793861 0.0654675
17.87 0.0638346 0.0122245 0.0649946
17.88 0.062407 0.0163924 0.064524
17.89 0.0607111 0.0204256 0.064055
17.9 0.0587594 0.0243055 0.0635879
17.91 0.0565646 0.0280176 0.0631232
17.92 0.0541403 0.0315465 0.0626606
17.93 0.0515006 0.0348788 0.0622
17.94 0.0486616 0.0380005 0.0617413
17.95 0.0456392 0.0409024 0.0612857
17.96 0.0424492 0.0435718 0.0608312
17.97 0.0391101 0.0460009 0.0603795
17.98 0.0356384 0.0481811 0.0599293
17.99 0.0320542 0.0501061 0.0594819
18 0.0283734 0.0517713 0.0590366
18.01 0.0246161 0.0531716 0.0585933
18.02 0.0208003 0.0543048 0.0581521
18.03 0.0169453 0.0551695 0.0577132
18.04 0.0130682 0.0557658 0.0572766
18.05 0.00918947 0.0560935 0.0568412
18.06 0.00532612 0.0561571 0.0564092
18.07 0.00149613 0.0559586 0.0559786
18.08 -0.00228274 0.0555041 0.0555511
18.09 -0.00599482 0.054798 0.0551249
18.1 -0.00962184 0.0538485 0.0547014
18.11 -0.0131497 0.0526631 0.05428
18.12 -0.0165628 0.051251 0.0538608
18.13 -0.0198468 0.0496216 0.0534434
18.14 -0.0229875 0.047787 0.0530285
18.15 -0.0259745 0.0457581 0.0526163
18.16 -0.0287939 0.0435468 0.0522055
18.17 -0.0314363 0.0411672 0.0517975
18.18 -0.033891 0.0386316 0.0513907
18.19 -0.0361497 0.0359562 0.0509868
18.2 -0.0382049 0.0331535 0.0505843
18.21 -0.0400494 0.0302402 0.0501839
18.22 -0.0416781 0.0272312 0.0497855
18.23 -0.0430869 0.0241425 0.0493897
18.24 -0.0442724 0.0209885 0.0489956
18.25 -0.0452315 0.017787 0.0486032
18.26 -0.0459647 0.0145524 0.0482133
18.27 -0.0464704 0.0113012 0.0478249
18.28 -0.0467514 0.00804903 0.0474393
18.29 -0.0468082 0.00481052 0.0470547
18.3 -0.0466455 0.00160214 0.046673
18.31 -0.0462667 -0.00156306 0.0462931
18.32 -0.045677 -0.0046701 0.0459151
18.33 -0.044882 -0.007705 0.0455386
18.34 -0.0438898 -0.0106538 0.0451644
18.35 -0.0427075 -0.0135058 0.0447921
18.36 -0.0413438 -0.0162467 0.0444214
18.37 -0.0398086 -0.0188671 0.0440533
18.38 -0.0381109 -0.0213552 0.0436862
18.39 -0.0362633 -0.0237023 0.0433223
18.4 -0.0342744 -0.0258991 0.0429593
18.41 -0.032158 -0.0279372 0.0425984
18.42 -0.0299257 -0.02981 0.0422396
18.43 -0.0275904 -0.0315116 0.0418833
18.44 -0.0251636 -0.0330366 0.0415286
18.45 -0.0226602 -0.0343802 0.0411762
18.46 -0.0200916 -0.0355402 0.0408262
18.47 -0.0174721 -0.0365126 0.0404777
18.48 -0.0148145 -0.0372976 0.040132
18.49 -0.0121319 -0.0378922 0.039787
18.5 -0.00943893 -0.0382994 0.0394454
18.51 -0.00674663 -0.038519 0.0391054
18.52 -0.00406872 -0.0385535 0.0387676
18.53 -0.0014175 -0.0384054 0.0384315
18.54 0.00119431 -0.0380794 0.0380981
18.55 0.0037565 -0.0375791 0.0377664
18.56 0.00625555 -0.0369104 0.0374367
18.57 0.00868254 -0.0360795 0.0371095
18.58 0.0110257 -0.0350926 0.0367839
18.59 0.0132769 -0.0339587 0.0364618
18.6 0.0154263 -0.032683 0.0361407
18.61 0.0174654 -0.031276 0.0358222
18.62 0.0193865 -0.0297459 0.0355057
18.63 0.0211828 -0.0281023 0.0351916
18.64 0.0228474 -0.0263542 0.0348791
18.65 0.0243746 -0.0245132 0.0345691
18.66 0.0257605 -0.0225882 0.0342612
18.67 0.0269996 -0.0205908 0.0339553
18.68 0.0280901 -0.0185309 0.0336519
18.69 0.0290271 -0.0164194 0.0333492
18.7 0.0298109 -0.0142686 0.0330497
18.71 0.0304394 -0.0120878 0.0327516
18.72 0.0309124 -0.00988889 0.0324556
18.73 0.0312305 -0.00768257 0.0321615
18.74 0.0313954 -0.00547968 0.0318701
18.75 0.0314083 -0.00328932 0.0315801
18.76 0.031272 -0.00112362 0.0312922
18.77 0.0309897 0.00100914 0.0310061
18.78 0.0305649 0.00309755 0.0307215
18.79 0.0300039 0.00513415 0.03044
18.8 0.0293091 0.00710918 0.030159
18.81 0.0284886 0.00901421 0.0298807
18.82 0.0275474 0.0108418 0.0296041
18.83 0.0264924 0.0125846 0.0293295
18.84 0.02533 0.0142353 0.029056
18.85 0.0240693 0.0157872 0.0287848
18.86 0.0227166 0.0172358 0.0285152
18.87 0.0212817 0.0185747 0.0282477
18.88 0.0197717 0.0198013 0.0279823
18.89 0.0181954 0.0209092 0.0277176
18.9 0.0165628 0.0218981 0.0274563
18.91 0.0148808 0.0227634 0.0271958
18.92 0.01316 0.023504 0.0269374
18.93 0.0114088 0.0241183 0.0266806
18.94 0.00963688 0.0246065 0.0264263
18.95 0.00785165 0.024968 0.0261735
18.96 0.00606366 0.0252037 0.0259229
18.97 0.00427975 0.0253146 0.0256738
18.98 0.00251038 0.0253021 0.0254264
18.99 0.000761922 0.0251701 0.0251816
19 -0.000956296 0.0249188 0.0249371
19.01 -0.00263655 0.0245544 0.0246955
19.02 -0.00427212 0.0240797 0.0244557
19.03 -0.00585594 0.0234993 0.0242179
19.04 -0.00738136 0.0228173 0.0239815
19.05 -0.00884158 0.0220401 0.0237474
19.06 -0.0102317 0.0211721 0.0235148
19.07 -0.0115454 0.0202204 0.0232843
19.08 -0.0127792 0.0191901 0.0230558
19.09 -0.0139268 0.0180881 0.0228284
19.1 -0.0149868 0.0169219 0.0226043
19.11 -0.0159541 0.0156964 0.022381
19.12 -0.0168262 0.0144198 0.0221597
19.13 -0.0176006 0.0130989 0.02194
19.14 -0.0182756 0.0117415 0.0217224
19.15 -0.0188496 0.0103536 0.021506
19.16 -0.019322 0.00894413 0.0212917
19.17 -0.0196922 0.00751863 0.0210788
19.18 -0.0199604 0.00608607 0.0208677
19.19 -0.0201284 0.0046515 0.0206588
19.2 -0.0201945 0.00322314 0.0204501
19.21 -0.0201631 0.00180806 0.020244
19.22 -0.020035 0.000412239 0.0200393
19.23 -0.0198133 -0.000957721 0.0198364
19.24 -0.0195 -0.00229604 0.0196348
19.25 -0.0190996 -0.00359607 0.0194352
19.26 -0.0186142 -0.00485333 0.0192365
19.27 -0.0180492 -0.00606133 0.0190398
19.28 -0.0174075 -0.00721653 0.0188441
19.29 -0.0166944 -0.00831179 0.0186491
19.3 -0.0159159 -0.00934579 0.018457
19.31 -0.015075 -0.0103128 0.018265
19.32 -0.0141787 -0.0112101 0.0180749
19.33 -0.0132316 -0.0120344 0.0178858
19.34 -0.0122403 -0.0127832 0.0176984
19.35 -0.0112093 -0.0134542 0.0175118
19.36 -0.0101461 -0.0140457 0.017327
19.37 -0.0090552 -0.0145562 0.017143
19.38 -0.00794442 -0.0149852 0.0169608
19.39 -0.00681741 -0.0153334 0.0167806
19.4 -0.00568114 -0.0155981 0.0166004
19.41 -0.00454165 -0.0157822 0.0164227
19.42 -0.003404 -0.0158851 0.0162457
19.43 -0.00227437 -0.0159086 0.0160703
19.44 -0.0011576 -0.0158538 0.015896
19.45 -5.99159e-05 -0.0157233 0.0157234
19.46 0.00101488 -0.0155188 0.0155519
19.47 0.00206108 -0.0152436 0.0153823
19.48 0.00307538 -0.0148994 0.0152135
19.49 0.0040511 -0.0144898 0.0150455
19.5 0.00498664 -0.0140196 0.0148801
19.51 0.00587691 -0.0134905 0.014715
19.52 0.00671891 -0.0129079 0.0145519
19.53 0.00750971 -0.0122751 0.0143901
19.54 0.00824641 -0.011597 0.01423
19.55 0.00892699 -0.0108768 0.0140711
19.56 0.00954878 -0.01012 0.0139138
19.57 0.01011 -0.00933006 0.0137572
19.58 0.0106091 -0.00851338 0.0136026
19.59 0.0110466 -0.0076727 0.0134498
19.6 0.011419 -0.00681333 0.0132972
19.61 0.0117285 -0.00594045 0.0131471
19.62 0.0119733 -0.00505763 0.0129976
19.63 0.0121543 -0.00417025 0.0128498
19.64 0.0122715 -0.00328204 0.0127028
19.65 0.0123261 -0.00239879 0.0125574
19.66 0.0123192 -0.00152345 0.012413
19.67 0.0122529 -0.000661121 0.0122707
19.68 0.0121276 0.000185894 0.0121291
19.69 0.0119456 0.0010113 0.0119883
19.7 0.0117104 0.00181387 0.01185
19.71 0.011422 0.00258874 0.0117117
19.72 0.0110851 0.00333306 0.0115753
19.73 0.0107011 0.00404386 0.0114397
19.74 0.0102744 0.00471813 0.0113059
19.75 0.00980653 0.00535427 0.011173
19.76 0.00930177 0.00594907 0.0110415
19.77 0.00876215 0.00650064 0.0109102
19.78 0.00819316 0.00700671 0.0107806
19.79 0.00759665 0.00746747 0.0106523
19.8 0.00697678 0.00787899 0.010524
19.81 0.00633809 0.008243 0.010398
19.82 0.00568295 0.00855722 0.0102724
19.83 0.00501604 0.00882216 0.0101485
19.84 0.00433972 0.0090371 0.0100251
19.85 0.00365925 0.00920205 0.00990292
19.86 0.00297701 0.00931767 0.0097817
19.87 0.00229739 0.00938522 0.00966232
19.88 0.00162209 0.00940467 0.00954354
19.89 0.000956501 0.00937701 0.00942567
19.9 0.000301777 0.00930515 0.00931004
19.91 -0.000338297 0.00918805 0.00919428
19.92 -0.000960731 0.0090293 0.00908026
19.93 -0.00156306 0.00882942 0.00896671
19.94 -0.00214194 0.00859172 0.00885469
19.95 -0.00269651 0.00831766 0.00874384
19.96 -0.00322366 0.00800988 0.00863424
19.97 -0.00372178 0.00766987 0.00852517
19.98 -0.00418859 0.0073017 0.00841778
19.99 -0.00462418 0.00690669 0.00831177
20 -0.00502481 0.00648738 0.00820578
20.01 -0.00539148 0.00604796 0.00810222
20.02 -0.00572219 0.00558957 0.00799917
20.03 -0.00601705 0.0051162 0.00789812
20.04 -0.00627538 0.00462886 0.00779787
20.05 -0.00649606 0.00413173 0.0076987
20.06 -0.00667951 0.00362655 0.00760051
20.07 -0.00682599 0.00311699 0.00750398
20.08 -0.00693519 0.00260403 0.00740795
20.09 -0.00700701 0.00209239 0.00731275
20.1 -0.00704416 0.00158304 0.00721985
20.11 -0.00704467 0.00107859 0.00712676
20.12 -0.00701154 0.000581758 0.00703564
20.13 -0.00694395 9.42668e-05 0.00694459
20.14 -0.00684446 -0.000380316 0.00685501
20.15 -0.00671393 -0.000841746 0.00676649
20.16 -0.00655396 -0.00128684 0.0066791
20.17 -0.00636528 -0.00171465 0.00659218
20.18 -0.00615084 -0.00212244 0.00650674
20.19 -0.00591142 -0.00251077 0.00642253
20.2 -0.00564797 -0.00287569 0.00633792
20.21 -0.00536428 -0.00321765 0.00625531
20.22 -0.00506043 -0.00353434 0.00617248
20.23 -0.00474039 -0.00382552 0.00609146
20.24 -0.00440411 -0.00409071 0.00601083
20.25 -0.00405507 -0.00432789 0.00593079
20.26 -0.00369458 -0.00453758 0.00585145
20.27 -0.00332563 -0.00471911 0.0057732
20.28 -0.00294882 -0.00487221 0.00569509
20.29 -0.0025681 -0.00499586 0.00561727
20.3 -0.00218488 -0.0050924 0.00554132
20.31 -0.00180068 -0.00515988 0.00546505
20.32 -0.0014182 -0.00520065 0.00539055
20.33 -0.00103817 -0.00521346 0.00531582
20.34 -0.000664409 -0.00519972 0.005242
20.35 -0.000296819 -0.00516057 0.0051691
20.36 6.16774e-05 -0.00509629 0.00509667
20.37 0.000410103 -0.00500779 0.00502456
20.38 0.000745941 -0.00489706 0.00495354
20.39 0.00106961 -0.00476508 0.00488365
20.4 0.00137822 -0.00461177 0.00481331
20.41 0.00167132 -0.00444044 0.00474456
20.42 0.00194723 -0.00425057 0.00467536
20.43 0.00220497 -0.00404589 0.00460773
20.44 0.00244491 -0.00382621 0.00454064
20.45 0.0026646 -0.00359387 0.00447392
20.46 0.00286491 -0.00335035 0.00440824
20.47 0.00304496 -0.00309763 0.00434363
20.48 0.00320479 -0.00283595 0.0042794
20.49 0.00334275 -0.00256804 0.00421531
20.5 0.00346083 -0.00229566 0.004153
20.51 0.00355721 -0.00201933 0.0040904
20.52 0.00363393 -0.00174189 0.00402984
20.53 0.00368963 -0.00146274 0.003969
20.54 0.00372484 -0.00118565 0.00390899
20.55 0.0037409 -0.000910118 0.00385002
20.56 0.00373715 -0.000638627 0.00379132
20.57 0.00371439 -0.000371739 0.00373295
20.58 0.00367361 -0.0001122 0.00367532
20.59 0.00361631 0.000140725 0.00361905
20.6 0.00354155 0.000384983 0.00356241
20.61 0.00345235 0.000619896 0.00350756
20.62 0.0033471 0.000844448 0.00345198
20.63 0.00322937 0.001057 0.00339795
20.64 0.00309855 0.00125872 0.00334446
20.65 0.00295603 0.00144672 0.00329106
20.66 0.00280333 0.00162197 0.00323874
20.67 0.00264161 0.0017832 0.00318715
20.68 0.00247095 0.00193106 0.00313601
20.69 0.00229281 0.00206346 0.00308461
20.7 0.00210927 0.0021816 0.00303453
20.71 0.00192021 0.00228388 0.00298384
20.72 0.0017287 0.00237165 0.00293482
20.73 0.00153335 0.00244425 0.0028854
20.74 0.00133773 0.00250117 0.00283644
20.75 0.00114163 0.00254438 0.00278876
20.76 0.00094643 0.00257238 0.00274096
20.77 0.000752796 0.00258613 0.00269346
20.78 0.000562771 0.00258574 0.00264628
20.79 0.000376502 0.00257297 0.00260037
20.8 0.000194841 0.00254695 0.00255439
20.81 1.8925e-05 0.0025098 0.00250987
20.82 -0.000151428 0.00245994 0.0024646
20.83 -0.000313838 0.00240011 0.00242054
20.84 -0.000469904 0.00233041 0.00237732
20.85 -0.000616793 0.0022507 0.00233369
20.86 -0.000755114 0.002163 0.00229102
20.87 -0.000884051 0.00206774 0.0022488
20.88 -0.00100445 0.00196582 0.00220757
20.89 -0.00111475 0.00185754 0.00216637
20.9 -0.00121529 0.00174479 0.00212631
20.91 -0.00130536 0.0016267 0.00208569
20.92 -0.00138569 0.00150655 0.00204691
20.93 -0.00145675 0.00138253 0.00200836
20.94 -0.00151682 0.00125752 0.0019703
20.95 -0.00156825 0.00113151 0.00193384
20.96 -0.0016096 0.00100451 0.00189733
20.97 -0.00164218 0.000877103 0.00186174
20.98 -0.00166501 0.000750721 0.00182643
20.99 -0.00167958 0.000626025 0.00179246
21 -0.00168486 0.000502797 0.00175829
21.01 -0.00168285 0.000382255 0.00172572
21.02 -0.00167216 0.000263141 0.00169274
21.03 -0.00165443 0.000148905 0.00166112
21.04 -0.00163003 3.72259e-05 0.00163045
21.05 -0.00159747 -6.99193e-05 0.001599
21.06 -0.00155912 -0.000172941 0.00156868
21.07 -0.00151479 -0.000270796 0.00153881
21.08 -0.0014658 -0.000364017 0.00151032
21.09 -0.00141102 -0.000451811 0.00148159
21.1 -0.00135189 -0.000534307 0.00145365
21.11 -0.00128743 -0.000611483 0.00142527
21.12 -0.00122083 -0.00068245 0.00139863
21.13 -0.00115 -0.000748369 0.00137207
21.14 -0.00107623 -0.000806608 0.00134495
21.15 -0.00100049 -0.00085974 0.00131914
21.16 -0.000922263 -0.000906597 0.00129325
21.17 -0.000842858 -0.000947819 0.00126837
21.18 -0.000762109 -0.000981893 0.00124295
21.19 -0.000681009 -0.00100955 0.00121777
21.2 -0.000599254 -0.00103095 0.00119246
21.21 -0.000518788 -0.0010471 0.00116857
21.22 -0.000438066 -0.00105718 0.00114435
21.23 -0.000360066 -0.00106093 0.00112036
21.24 -0.00028268 -0.00106023 0.00109727
21.25 -0.000206749 -0.00105335 0.00107345
21.26 -0.000133427 -0.00104238 0.00105089
21.27 -6.30242e-05 -0.00102607 0.001028
21.28 4.25515e-06 -0.00100578 0.00100579
21.29 6.91279e-05 -0.000981097 0.000983529
21.3 0.000130819 -0.000953065 0.000962001
21.31 0.000189411 -0.000920915 0.000940192
21.32 0.000243026 -0.00088645 0.00091916
21.33 0.000294232 -0.00084859 0.000898152
21.34 0.000340451 -0.00080758 0.000876409
21.35 0.000383163 -0.000765787 0.000856296
21.36 0.000421522 -0.000721882 0.000835939
21.37 0.000456129 -0.000677311 0.00081658
21.38 0.00048671 -0.000630776 0.000796722
21.39 0.000513322 -0.000583866 0.000777431
21.4 0.000536119 -0.000536367 0.000758362
21.41 0.000555178 -0.000489901 0.000740423
21.42 0.000571084 -0.000442052 0.000722182
21.43 0.00058242 -0.000395512 0.000704018
21.44 0.000591962 -0.00034938 0.000687375
21.45 0.000597353 -0.000303365 0.00066997
21.46 0.000600138 -0.000258763 0.000653547
21.47 0.000599012 -0.000214729 0.000636337
21.48 0.000595446 -0.000172799 0.000620013
21.49 0.000589298 -0.000132008 0.000603903
21.5 0.00058088 -9.31097e-05 0.000588295
21.51 0.000569669 -5.50474e-05 0.000572322
21.52 0.000556592 -2.0322e-05 0.000556963
21.53 0.000542164 1.38295e-05 0.000542341
21.54 0.000524813 4.52037e-05 0.000526757
21.55 0.000506978 7.43988e-05 0.000512408
21.56 0.000487137 0.000101695 0.000497639
21.57 0.000467304 0.000126604 0.000484151
21.58 0.000445846 0.000149879 0.000470364
21.59 0.000423308 0.000170556 0.000456376
21.6 0.000399824 0.000189207 0.000442333
21.61 0.00037677 0.000205205 0.000429028
21.62 0.000352896 0.000219963 0.000415836
21.63 0.000329093 0.000230912 0.000402023
21.64 0.000305966 0.000240775 0.000389343
21.65 0.000282275 0.000248487 0.000376065
21.66 0.000260199 0.000254601 0.00036404
21.67 0.000237914 0.000258534 0.000351344
21.68 0.000217291 0.000260104 0.000338924
21.69 0.00019749 0.000260769 0.000327113
21.7 0.000178954 0.000260433 0.000315991
21.71 0.000160993 0.000259242 0.000305164
21.72 0.000145406 0.000256325 0.000294696
21.73 0.000130152 0.000253652 0.000285094
21.74 0.0001158 0.000249367 0.000274943
21.75 0.000103292 0.000245597 0.000266434
21.76 9.15479e-05 0.000240879 0.000257689
21.77 8.20697e-05 0.000236647 0.000250474
21.78 7.24526e-05 0.00023247 0.000243499
21.79 6.39187e-05 0.000228162 0.000236946
21.8 5.6167e-05 0.000224147 0.000231077
21.81 5.01483e-05 0.00022079 0.000226413
21.82 4.34697e-05 0.000217978 0.000222271
21.83 3.83341e-05 0.000215067 0.000218456
21.84 3.29226e-05 0.000213915 0.000216433
21.85 2.75802e-05 0.000212448 0.00021423
21.86 2.23878e-05 0.000212619 0.000213794
21.87 1.62519e-05 0.000212008 0.00021263
21.88 1.0903e-05 0.000212226 0.000212506
21.89 4.84375e-06 0.000212981 0.000213036
21.9 -1.55039e-06 0.0002141 0.000214106
21.91 -9.20922e-06 0.000214704 0.000214901
21.92 -1.6204e-05 0.000215711 0.000216318
21.93 -2.48924e-05 0.000216765 0.00021819
21.94 -3.30604e-05 0.000216888 0.000219394
21.95 -4.21594e-05 0.00021749 0.000221538
21.96 -5.15778e-05 0.000216636 0.000222691
21.97 -6.12434e-05 0.000217046 0.000225521
21.98 -7.21044e-05 0.000216289 0.000227992
21.99 -8.27774e-05 0.000214632 0.000230041
22 -9.38601e-05 0.000211908 0.000231764
22.01 -0.000104923 0.00020916 0.000234002
22.02 -0.000116998 0.000205149 0.000236167
22.03 -0.000127837 0.000200668 0.000237928
22.04 -0.000139432 0.000195313 0.000239977
22.05 -0.000150296 0.000188383 0.000240992
22.06 -0.000161772 0.000181694 0.000243276
22.07 -0.000172552 0.000172911 0.000244279
22.08 -0.000182054 0.00016449 0.000245359
22.09 -0.000191608 0.00015529 0.000246634
22.1 -0.000200878 0.000145553 0.000248068
22.11 -0.00021002 0.000134642 0.000249474
22.12 -0.00021806 0.00012401 0.000250856
22.13 -0.00022617 0.000112132 0.00025244
22.14 -0.00023292 9.97933e-05 0.000253398
22.15 -0.000240005 8.70084e-05 0.00025529
22.16 -0.000245303 7.30957e-05 0.000255962
22.17 -0.000250715 6.00241e-05 0.0002578
22.18 -0.000255507 4.51795e-05 0.000259471
22.19 -0.000259 3.01824e-05 0.000260752
22.2 -0.000261485 1.47178e-05 0.000261899
22.21 -0.000262959 -2.53962e-07 0.000262959
22.22 -0.000263778 -1.63347e-05 0.000264283
22.23 -0.000263441 -3.17848e-05 0.000265351
22.24 -0.000262765 -4.78868e-05 0.000267092
22.25 -0.000260084 -6.3662e-05 0.000267763
22.26 -0.000257702 -7.95244e-05 0.000269694
22.27 -0.000252946 -9.64548e-05 0.000270713
22.28 -0.000247685 -0.000112071 0.00027186
22.29 -0.000241545 -0.000127768 0.000273256
22.3 -0.000234314 -0.000142931 0.000274468
22.31 -0.000225568 -0.00015869 0.000275796
22.32 -0.000215766 -0.000173252 0.000276716
22.33 -0.000204946 -0.000187881 0.000278033
22.34 -0.000192834 -0.000200676 0.000278309
22.35 -0.000180292 -0.000213398 0.000279364
22.36 -0.000165384 -0.000224902 0.000279165
22.37 -0.000151516 -0.000235153 0.00027974
22.38 -0.000136271 -0.00024529 0.000280601
22.39 -0.000120324 -0.000253763 0.000280844
22.4 -0.000103462 -0.000261366 0.000281099
22.41 -8.65341e-05 -0.000267257 0.000280917
22.42 -6.92266e-05 -0.000272776 0.000281423
22.43 -5.19066e-05 -0.000276555 0.000281384
22.44 -3.40603e-05 -0.000279956 0.00028202
22.45 -1.56034e-05 -0.000281246 0.000281679
22.46 1.75217e-06 -0.000282169 0.000282174
22.47 2.07838e-05 -0.000281698 0.000282464
22.48 3.87391e-05 -0.000279371 0.000282045
22.49 5.66287e-05 -0.000276455 0.000282195
22.5 7.38476e-05 -0.000272285 0.000282122
22.51 9.11549e-05 -0.000267576 0.000282677
22.52 0.000108064 -0.000261141 0.000282618
22.53 0.000125007 -0.000254096 0.000283181
22.54 0.000140919 -0.000245689 0.000283233
22.55 0.000156171 -0.000237384 0.000284149
22.56 0.000171817 -0.000226861 0.000284582
22.57 0.000185724 -0.000216047 0.000284903
22.58 0.000200455 -0.000204671 0.000286483
22.59 0.000214139 -0.00019212 0.00028769
22.6 0.000227462 -0.00017864 0.000289225
22.61 0.000239492 -0.000163418 0.000289934
22.62 0.000251071 -0.000147804 0.000291346
22.63 0.000261452 -0.000131344 0.000292589
22.64 0.00027144 -0.000114334 0.000294537
22.65 0.000279816 -9.53175e-05 0.000295605
22.66 0.000286623 -7.67717e-05 0.000296727
22.67 0.000293251 -5.64128e-05 0.000298628
22.68 0.000297397 -3.58832e-05 0.000299554
22.69 0.000300619 -1.48464e-05 0.000300986
22.7 0.000301778 6.62737e-06 0.000301851
22.71 0.000302243 2.80321e-05 0.000303541
22.72 0.000300657 5.01836e-05 0.000304816
22.73 0.00029757 7.26154e-05 0.000306302
22.74 0.000291783 9.50398e-05 0.000306871
22.75 0.000285019 0.000116237 0.00030781
22.76 0.000276286 0.000138302 0.000308969
22.77 0.000264989 0.000158339 0.000308691
22.78 0.000252684 0.000178468 0.000309355
22.79 0.0002382 0.00019734 0.000309326
22.8 0.000222919 0.00021501 0.000309712
22.81 0.00020519 0.000231339 0.000309226
22.82 0.000186474 0.000245668 0.000308424
22.83 0.000166547 0.000258362 0.000307391
22.84 0.000146711 0.00026976 0.000307074
22.85 0.000125177 0.000279935 0.000306648
22.86 0.000103226 0.000286934 0.000304937
22.87 8.07635e-05 0.000293534 0.000304443
22.88 5.75069e-05 0.000297409 0.000302918
22.89 3.47299e-05 0.000299912 0.000301916
22.9 1.1256e-05 0.000300161 0.000300372
22.91 -1.1193e-05 0.000298386 0.000298596
22.92 -3.38266e-05 0.000295293 0.000297224
22.93 -5.59176e-05 0.00029056 0.000295892
22.94 -7.795e-05 0.000283486 0.000294007
22.95 -9.81293e-05 0.000274409 0.000291427
22.96 -0.000117899 0.000264993 0.000290037
22.97 -0.000136321 0.000253036 0.00028742
22.98 -0.000153606 0.000240814 0.000285633
22.99 -0.000170256 0.000226671 0.000283491
23 -0.00018507 0.000212083 0.000281478
23.01 -0.000199508 0.000196631 0.00028012
23.02 -0.000211939 0.000179844 0.000277961
23.03 -0.00022305 0.000162012 0.00027568
23.04 -0.00023255 0.000144187 0.000273623
23.05 -0.00024173 0.000125989 0.000272592
23.06 -0.000248471 0.000106486 0.000270328
23.07 -0.000254131 8.72996e-05 0.000268707
23.08 -0.00025782 6.67501e-05 0.000266321
23.09 -0.000260046 4.71842e-05 0.000264292
23.1 -0.000261322 2.70691e-05 0.00026272
23.11 -0.000259997 7.4256e-06 0.000260103
23.12 -0.000257839 -1.18803e-05 0.000258112
23.13 -0.000254345 -3.06911e-05 0.00025619
23.14 -0.000249717 -4.97064e-05 0.000254616
23.15 -0.00024266 -6.78596e-05 0.000251969
23.16 -0.000235247 -8.48435e-05 0.00025008
23.17 -0.000225882 -0.000101602 0.00024768
23.18 -0.000216261 -0.000116763 0.000245769
23.19 -0.000205049 -0.00013217 0.000243955
23.2 -0.00019227 -0.000145732 0.000241258
23.21 -0.000179489 -0.000158716 0.000239598
23.22 -0.000165258 -0.000170278 0.000237286
23.23 -0.000150204 -0.000180578 0.000234882
23.24 -0.000134315 -0.000188911 0.000231793
23.25 -0.000118881 -0.000196456 0.000229625
23.26 -0.000102383 -0.00020288 0.00022725
23.27 -8.65485e-05 -0.000207502 0.000224828
23.28 -6.93763e-05 -0.000211076 0.000222185
23.29 -5.28731e-05 -0.000212376 0.000218859
23.3 -3.7043e-05 -0.000213691 0.000216877
23.31 -2.07953e-05 -0.000213242 0.000214254
23.32 -5.4503e-06 -0.000211778 0.000211848
23.33 9.73233e-06 -0.000209111 0.000209338
23.34 2.45042e-05 -0.000206029 0.000207481
23.35 3.93497e-05 -0.00020153 0.000205336
23.36 5.28439e-05 -0.000195949 0.00020295
23.37 6.65174e-05 -0.000189496 0.000200832
23.38 7.8349e-05 -0.000182236 0.000198364
23.39 9.04117e-05 -0.000175121 0.000197083
23.4 0.00010201 -0.000166018 0.000194854
23.41 0.000112243 -0.000156948 0.000192953
23.42 0.000122222 -0.000147174 0.000191307
23.43 0.000131172 -0.00013727 0.000189866
23.44 0.000139347 -0.000126406 0.000188138
23.45 0.000146529 -0.000115436 0.000186537
23.46 0.000153843 -0.000104025 0.000185712
23.47 0.000159749 -9.26038e-05 0.000184649
23.48 0.000165878 -8.04336e-05 0.00018435
23.49 0.000169926 -6.70507e-05 0.000182676
23.5 0.000173343 -5.44779e-05 0.000181702
23.51 0.000176503 -4.09417e-05 0.000181189
23.52 0.000178318 -2.77173e-05 0.000180459
23.53 0.000179087 -1.3811e-05 0.000179619
23.54 0.000178687 -1.52208e-07 0.000178687
23.55 0.000177461 1.37524e-05 0.000177993
23.56 0.00017468 2.71145e-05 0.000176772
23.57 0.000171346 4.07375e-05 0.000176123
23.58 0.000165979 5.34256e-05 0.000174366
23.59 0.000161023 6.54024e-05 0.000173798
23.6 0.000154566 7.80162e-05 0.000173139
23.61 0.000146726 8.93304e-05 0.00017178
23.62 0.000138021 0.000100687 0.000170844
23.63 0.00012859 0.000110591 0.000169605
23.64 0.000118537 0.000119898 0.000168602
23.65 0.000107378 0.000128011 0.000167083
23.66 9.56212e-05 0.000135607 0.00016593
23.67 8.29424e-05 0.000141512 0.000164027
23.68 7.08812e-05 0.000146893 0.0001631
23.69 5.71598e-05 0.000150857 0.000161323
23.7 4.38173e-05 0.000152552 0.00015872
23.71 3.06013e-05 0.000154049 0.000157059
23.72 1.77207e-05 0.000153853 0.00015487
23.73 5.04702e-06 0.000153242 0.000153325
23.74 -7.68666e-06 0.000151079 0.000151274
23.75 -1.98228e-05 0.000147918 0.00014924
23.76 -3.13954e-05 0.000143528 0.000146922
23.77 -4.21262e-05 0.000138964 0.000145209
23.78 -5.31227e-05 0.000132751 0.000142986
23.79 -6.23473e-05 0.00012604 0.000140617
23.8 -7.15159e-05 0.000119403 0.000139182
23.81 -7.97881e-05 0.000111094 0.000136777
23.82 -8.75144e-05 0.000102729 0.000134952
23.83 -9.42807e-05 9.32045e-05 0.000132574
23.84 -9.96703e-05 8.40254e-05 0.000130363
23.85 -0.000104251 7.47297e-05 0.000128269
23.86 -0.000108115 6.52771e-05 0.000126293
23.87 -0.000111389 5.48308e-05 0.000124153
23.88 -0.000113211 4.53681e-05 0.000121963
23.89 -0.000115041 3.57706e-05 0.000120474
23.9 -0.000115221 2.57628e-05 0.000118066
23.91 -0.000115093 1.65882e-05 0.000116282
23.92 -0.00011403 6.94831e-06 0.000114242
23.93 -0.000112608 -1.62271e-06 0.00011262
23.94 -0.000110772 -1.05776e-05 0.000111276
23.95 -0.000107954 -1.94585e-05 0.000109693
23.96 -0.000104188 -2.79767e-05 0.000107879
23.97 -9.97966e-05 -3.50853e-05 0.000105784
23.98 -9.52968e-05 -4.26971e-05 0.000104425
23.99 -8.96145e-05 -4.95143e-05 0.000102384
24 -8.42842e-05 -5.56202e-05 0.000100982
24.01 -7.78183e-05 -6.14537e-05 9.91577e-05
24.02 -7.14624e-05 -6.5934e-05 9.72325e-05
24.03 -6.43529e-05 -7.07189e-05 9.56162e-05
24.04 -5.70416e-05 -7.43132e-05 9.36813e-05
24.05 -5.01326e-05 -7.70409e-05 9.19161e-05
24.06 -4.33679e-05 -7.90387e-05 9.01548e-05
24.07 -3.6173e-05 -8.13597e-05 8.90387e-05
24.08 -2.85102e-05 -8.22484e-05 8.70496e-05
24.09 -2.15367e-05 -8.28765e-05 8.56292e-05
24.1 -1.41279e-05 -8.26361e-05 8.3835e-05
24.11 -7.6944e-06 -8.1539e-05 8.19012e-05
24.12 -6.19293e-07 -8.061e-05 8.06124e-05
24.13 5.67004e-06 -7.82776e-05 7.84827e-05
24.14 1.14837e-05 -7.59528e-05 7.6816e-05
24.15 1.73301e-05 -7.32149e-05 7.5238e-05
24.16 2.28222e-05 -7.01344e-05 7.37543e-05
24.17 2.73982e-05 -6.60192e-05 7.14786e-05
24.18 3.11297e-05 -6.24243e-05 6.97557e-05
24.19 3.5005e-05 -5.83191e-05 6.80182e-05
24.2 3.82246e-05 -5.4485e-05 6.65562e-05
24.21 4.1906e-05 -5.06751e-05 6.57578e-05
24.22 4.40332e-05 -4.60102e-05 6.36856e-05
24.23 4.62845e-05 -4.20263e-05 6.25177e-05
24.24 4.85479e-05 -3.75422e-05 6.13703e-05
24.25 5.02261e-05 -3.32272e-05 6.02222e-05
24.26 5.14542e-05 -2.89765e-05 5.90523e-05
24.27 5.25307e-05 -2.51665e-05 5.8248e-05
24.28 5.35048e-05 -2.05726e-05 5.73236e-05
24.29 5.38982e-05 -1.64031e-05 5.6339e-05
24.3 5.4163e-05 -1.20476e-05 5.54867e-05
24.31 5.32692e-05 -7.98474e-06 5.38643e-05
24.32 5.35116e-05 -4.60777e-06 5.37096e-05
24.33 5.31448e-05 -4.85813e-07 5.3147e-05
24.34 5.23267e-05 3.21767e-06 5.24255e-05
24.35 5.14028e-05 7.04551e-06 5.18834e-05
24.36 5.03848e-05 1.08189e-05 5.15333e-05
24.37 4.91542e-05 1.48393e-05 5.13453e-05
24.38 4.75466e-05 1.80694e-05 5.08643e-05
24.39 4.55495e-05 2.16789e-05 5.04453e-05
24.4 4.3067e-05 2.49882e-05 4.97913e-05
24.41 4.1225e-05 2.86083e-05 5.0179e-05
24.42 3.77363e-05 3.22051e-05 4.96105e-05
24.43 3.4413e-05 3.45772e-05 4.87835e-05
24.44 3.09072e-05 3.69768e-05 4.81927e-05
24.45 2.72734e-05 3.90909e-05 4.76648e-05
24.46 2.35628e-05 4.10895e-05 4.73662e-05
24.47 1.96202e-05 4.23266e-05 4.66529e-05
24.48 1.54861e-05 4.35938e-05 4.62627e-05
24.49 1.15274e-05 4.40471e-05 4.55305e-05
24.5 7.69365e-06 4.45113e-05 4.51713e-05
24.51 2.97012e-06 4.40488e-05 4.41489e-05
24.52 -4.85001e-07 4.32182e-05 4.32209e-05
24.53 -4.47553e-06 4.28493e-05 4.30824e-05
24.54 -8.25125e-06 4.17048e-05 4.25132e-05
24.55 -1.1961e-05 4.00276e-05 4.17765e-05
24.56 -1.56202e-05 3.75431e-05 4.06629e-05
24.57 -1.87113e-05 3.53067e-05 3.99585e-05
24.58 -2.12269e-05 3.2747e-05 3.9025e-05
24.59 -2.36232e-05 3.02176e-05 3.83557e-05
24.6 -2.58618e-05 2.683e-05 3.7265e-05
24.61 -2.70148e-05 2.3814e-05 3.60125e-05
24.62 -2.88955e-05 2.08759e-05 3.56477e-05
24.63 -2.96347e-05 1.73822e-05 3.43563e-05
24.64 -3.01789e-05 1.42585e-05 3.33777e-05
24.65 -3.0471e-05 1.11822e-05 3.2458e-05
24.66 -3.03734e-05 8.71083e-06 3.15978e-05
24.67 -3.0424e-05 5.81233e-06 3.09742e-05
24.68 -3.03566e-05 2.83523e-06 3.04887e-05
24.69 -2.96481e-05 -1.71274e-07 2.96486e-05
24.7 -2.85358e-05 -2.21166e-06 2.86214e-05
24.71 -2.78478e-05 -4.55187e-06 2.82173e-05
24.72 -2.6031e-05 -6.9878e-06 2.69526e-05
24.73 -2.49374e-05 -9.02184e-06 2.65192e-05
24.74 -2.34831e-05 -1.0977e-05 2.5922e-05
24.75 -2.17625e-05 -1.24054e-05 2.505e-05
24.76 -2.00268e-05 -1.41696e-05 2.45326e-05
24.77 -1.79139e-05 -1.54125e-05 2.36317e-05
24.78 -1.59391e-05 -1.62727e-05 2.27784e-05
24.79 -1.4518e-05 -1.67464e-05 2.21634e-05
24.8 -1.30299e-05 -1.78684e-05 2.21146e-05
24.81 -1.07803e-05 -1.84893e-05 2.14026e-05
24.82 -9.33098e-06 -1.88354e-05 2.102e-05
24.83 -7.13101e-06 -1.89939e-05 2.02884e-05
24.84 -5.32086e-06 -1.90106e-05 1.97412e-05
24.85 -3.58926e-06 -1.93868e-05 1.97162e-05
24.86 -1.71407e-06 -1.90227e-05 1.90997e-05
24.87 -1.63895e-07 -1.85792e-05 1.85799e-05
24.88 1.49828e-06 -1.8018e-05 1.80802e-05
24.89 3.56401e-06 -1.75844e-05 1.7942e-05
24.9 5.14558e-06 -1.63433e-05 1.71342e-05
24.91 5.77723e-06 -1.52503e-05 1.6308e-05
24.92 7.06402e-06 -1.39864e-05 1.5669e-05
24.93 7.77167e-06 -1.29651e-05 1.5116e-05
24.94 8.9373e-06 -1.19451e-05 1.49185e-05
24.95 9.74919e-06 -1.02744e-05 1.41637e-05
24.96 1.00489e-05 -9.15139e-06 1.35915e-05
24.97 1.05952e-05 -7.93163e-06 1.32351e-05
24.98 1.10073e-05 -6.78978e-06 1.2933e-05
24.99 1.08968e-05 -5.35904e-06 1.21433e-05
25 1.08893e-05 -4.33918e-06 1.1722e-05
25.01 1.13476e-05 -3.11024e-06 1.17661e-05
25.02 1.08817e-05 -2.15659e-06 1.10933e-05
25.03 1.0591e-05 -9.20939e-07 1.0631e-05
25.04 9.5948e-06 2.6304e-07 9.59841e-06
25.05 9.01965e-06 6.12546e-07 9.04042e-06
25.06 9.01798e-06 1.31033e-06 9.11268e-06
25.07 8.44627e-06 1.73537e-06 8.6227e-06
25.08 7.66939e-06 2.23708e-06 7.98899e-06
25.09 7.24583e-06 2.44948e-06 7.64867e-06
25.1 6.93471e-06 2.75346e-06 7.46135e-06
25.11 6.31904e-06 2.76905e-06 6.89912e-06
25.12 6.23655e-06 3.12402e-06 6.97525e-06
25.13 5.70068e-06 3.20861e-06 6.54163e-06
25.14 5.7525e-06 3.30448e-06 6.63407e-06
25.15 5.37682e-06 4.0219e-06 6.7146e-06
25.16 4.38572e-06 4.19867e-06 6.07153e-06
25.17 4.0582e-06 4.51646e-06 6.07186e-06
25.18 4.07596e-06 4.57976e-06 6.13087e-06
25.19 3.81282e-06 4.78411e-06 6.11762e-06
25.2 3.26518e-06 4.98398e-06 5.95831e-06
25.21 2.8365e-06 5.4326e-06 6.12853e-06
25.22 2.25591e-06 5.40463e-06 5.85655e-06
25.23 2.35803e-06 5.62917e-06 6.10311e-06
25.24 1.73242e-06 5.852e-06 6.10305e-06
25.25 1.14583e-06 5.6731e-06 5.78766e-06
25.26 1.02989e-06 6.11366e-06 6.1998e-06
25.27 4.03088e-07 6.25833e-06 6.2713e-06
25.28 -5.0433e-07 6.49021e-06 6.50977e-06
25.29 -1.21419e-06 6.39758e-06 6.51178e-06
25.3 -1.66511e-06 6.1783e-06 6.39874e-06
25.31 -2.05525e-06 5.71768e-06 6.07585e-06
25.32 -2.45537e-06 5.67017e-06 6.17897e-06
25.33 -3.62177e-06 5.1807e-06 6.32114e-06
25.34 -3.92434e-06 4.5599e-06 6.01607e-06
25.35 -3.96662e-06 4.17122e-06 5.75614e-06
25.36 -4.38163e-06 3.14424e-06 5.39304e-06
25.37 -4.62884e-06 2.58073e-06 5.29965e-06
25.38 -4.77911e-06 1.94682e-06 5.16043e-06
25.39 -4.85143e-06 1.53573e-06 5.0887e-06
25.4 -4.91363e-06 1.08031e-06 5.03098e-06
25.41 -5.07018e-06 5.79528e-07 5.10319e-06
25.42 -5.19881e-06 -3.58148e-07 5.21113e-06
25.43 -4.45167e-06 -7.59065e-07 4.51592e-06
25.44 -4.34353e-06 -1.0596e-06 4.47091e-06
25.45 -4.42576e-06 -1.69582e-06 4.73953e-06
25.46 -4.06935e-06 -1.82348e-06 4.45922e-06
25.47 -3.5638e-06 -2.4825e-06 4.34321e-06
25.48 -2.87139e-06 -2.82445e-06 4.0277e-06
25.49 -2.46794e-06 -3.1097e-06 3.97001e-06
25.5 -2.25885e-06 -3.23314e-06 3.94406e-06
25.51 -1.81693e-06 -3.15754e-06 3.64298e-06
25.52 -1.14622e-06 -2.74444e-06 2.97418e-06
25.53 -1.21352e-06 -2.89932e-06 3.14304e-06
25.54 -8.98452e-07 -3.07426e-06 3.20286e-06
25.55 -3.98912e-07 -2.76724e-06 2.79585e-06
25.56 -1.43596e-07 -2.80446e-06 2.80814e-06
25.57 6.66549e-08 -2.34895e-06 2.3499e-06
25.58 -2.71199e-08 -2.4012e-06 2.40135e-06
25.59 2.22284e-07 -2.5117e-06 2.52152e-06
25.6 7.9639e-07 -2.43933e-06 2.56605e-06
25.61 9.83146e-07 -2.29449e-06 2.49625e-06
25.62 7.05829e-07 -2.3211e-06 2.42605e-06
25.63 9.70766e-07 -1.79803e-06 2.04336e-06
25.64 1.08852e-06 -1.34238e-06 1.72826e-06
25.65 1.10145e-06 -1.3549e-06 1.74612e-06
25.66 1.12604e-06 -1.03536e-06 1.52968e-06
25.67 9.89323e-07 -1.16276e-06 1.52669e-06
25.68 1.25667e-06 -6.54005e-07 1.41667e-06
25.69 1.37819e-06 -2.03372e-07 1.39312e-06
25.7 1.08187e-06 -2.02935e-07 1.10074e-06
25.71 1.09528e-06 -3.09722e-07 1.13823e-06
25.72 1.5443e-06 -5.47191e-08 1.54527e-06
25.73 1.53311e-06 1.33778e-08 1.53316e-06
25.74 1.46103e-06 2.57917e-07 1.48362e-06
25.75 1.29224e-06 7.72845e-07 1.50572e-06
25.76 1.21858e-06 8.28696e-07 1.47366e-06
25.77 1.46927e-06 1.32905e-06 1.98119e-06
25.78 1.24885e-06 1.16765e-06 1.70969e-06
25.79 9.16279e-07 1.06727e-06 1.40664e-06
25.8 1.03562e-06 1.38691e-06 1.7309e-06
25.81 1.05619e-06 1.64198e-06 1.95234e-06
25.82 7.37327e-07 1.37677e-06 1.56178e-06
25.83 6.74067e-07 1.10548e-06 1.29478e-06
25.84 5.84865e-07 7.77971e-07 9.73297e-07
25.85 6.72649e-07 5.38938e-07 8.61922e-07
25.86 6.30625e-07 8.49075e-07 1.05765e-06
25.87 9.81944e-08 4.51938e-07 4.62482e-07
25.88 8.29037e-09 5.15839e-07 5.15905e-07
25.89 1.81308e-07 5.02267e-07 5.33989e-07
25.9 5.60615e-10 1.53825e-07 1.53826e-07
25.91 -2.65237e-07 -7.6469e-08 2.7604e-07
25.92 -3.08173e-07 2.69667e-09 3.08184e-07
25.93 -3.34905e-07 1.72474e-08 3.35349e-07
25.94 -1.991e-07 -1.38338e-08 1.9958e-07
25.95 -2.95806e-07 -2.51134e-07 3.88033e-07
25.96 -4.56604e-07 -8.82894e-07 9.93976e-07
25.97 -6.58241e-08 -4.76473e-07 4.80999e-07
25.98 1.16859e-08 -3.51279e-07 3.51473e-07
25.99 -2.09234e-07 -2.73979e-07 3.44737e-07
26 -1.72098e-07 -7.79869e-08 1.88944e-07
