0 -4.30017e-05 -4.0793e-05 5.92724e-05
0.01 -8.59416e-05 -8.14022e-05 0.000118373
0.02 -0.000128504 -0.000121606 0.000176921
0.03 -0.000170505 -0.000160542 0.000234192
0.04 -0.000211926 -0.000199083 0.000290769
0.05 -0.000252532 -0.000236361 0.000345889
0.06 -0.000291901 -0.000271839 0.000398877
0.07 -0.000330346 -0.000306451 0.0004506
0.08 -0.000367337 -0.000338981 0.000499844
0.09 -0.000402905 -0.00036949 0.000546676
0.1 -0.000436875 -0.000397963 0.000590961
0.11 -0.000469258 -0.0004241 0.000632506
0.12 -0.000499711 -0.000447711 0.000670937
0.13 -0.000528199 -0.000468434 0.000705992
0.14 -0.000554761 -0.000486975 0.000738176
0.15 -0.000579065 -0.000502445 0.00076666
0.16 -0.000601007 -0.000514744 0.000791309
0.17 -0.000620859 -0.000524772 0.000812928
0.18 -0.000638143 -0.000531149 0.000830268
0.19 -0.000653008 -0.000534401 0.000843803
0.2 -0.000665467 -0.000534616 0.000853616
0.21 -0.000675392 -0.0005314 0.000859384
0.22 -0.0006827 -0.000524903 0.000861163
0.23 -0.000687418 -0.000515031 0.000858953
0.24 -0.000689655 -0.000502421 0.000853259
0.25 -0.000689101 -0.000486214 0.000843364
0.26 -0.000685961 -0.0004669 0.000829782
0.27 -0.000680387 -0.000445074 0.00081303
0.28 -0.000672045 -0.000419587 0.000792274
0.29 -0.00066118 -0.000391423 0.000768355
0.3 -0.000647946 -0.000360688 0.000741573
0.31 -0.000632033 -0.000327042 0.000711633
0.32 -0.000613737 -0.000291086 0.000679267
0.33 -0.000592974 -0.000252855 0.000644635
0.34 -0.000569984 -0.000212854 0.000608432
0.35 -0.000544459 -0.000170544 0.000570544
0.36 -0.000516896 -0.00012669 0.000532195
0.37 -0.000487281 -8.16587e-05 0.000494076
0.38 -0.00045546 -3.4569e-05 0.00045677
0.39 -0.000421869 1.31639e-05 0.000422074
0.4 -0.000386547 6.17192e-05 0.000391444
0.41 -0.000349338 0.000111205 0.000366611
0.42 -0.000310611 0.000160749 0.000349742
0.43 -0.000270427 0.000210401 0.000342636
0.44 -0.000228834 0.000259765 0.000346183
0.45 -0.000185912 0.000309001 0.000360617
0.46 -0.000142 0.000357304 0.000384487
0.47 -9.71776e-05 0.000404512 0.000416021
0.48 -5.12302e-05 0.0004511 0.000453999
0.49 -4.86913e-06 0.000495502 0.000495526
0.5 4.22245e-05 0.000538214 0.000539868
0.51 8.98893e-05 0.000579075 0.00058601
0.52 0.000137827 0.000617101 0.000632306
0.53 0.000185912 0.000652632 0.000678595
0.54 0.000234161 0.000685283 0.000724186
0.55 0.00028224 0.000714973 0.000768665
0.56 0.000329935 0.000741157 0.000811277
0.57 0.000377151 0.000763854 0.000851889
0.58 0.000424024 0.000783276 0.000890683
0.59 0.000469711 0.000798078 0.000926044
0.6 0.000514769 0.000809143 0.00095901
0.61 0.000558783 0.000816083 0.000989055
0.62 0.000601332 0.000818166 0.00101538
0.63 0.000642551 0.000816084 0.00103868
0.64 0.000682186 0.000809437 0.00105857
0.65 0.000719975 0.000798177 0.00107492
0.66 0.000755691 0.000782136 0.00108757
0.67 0.000789422 0.000761493 0.00109684
0.68 0.00082097 0.00073633 0.0011028
0.69 0.000849771 0.000705833 0.00110468
0.7 0.000876315 0.000671134 0.00110379
0.71 0.0009001 0.000631801 0.00109971
0.72 0.000920645 0.000587564 0.00109216
0.73 0.000938412 0.00053948 0.00108243
0.74 0.000952785 0.000487098 0.00107008
0.75 0.000963706 0.000430723 0.00105558
0.76 0.000971045 0.000370559 0.00103935
0.77 0.000974893 0.000306927 0.00102207
0.78 0.000974917 0.000240028 0.00100403
0.79 0.000970839 0.000169639 0.000985549
0.8 0.000963146 9.70574e-05 0.000968024
0.81 0.000951196 2.18358e-05 0.000951446
0.82 0.000934793 -5.56413e-05 0.000936447
0.83 0.000914557 -0.000134306 0.000924366
0.84 0.000889726 -0.000214535 0.000915225
0.85 0.000860542 -0.00029572 0.000909935
0.86 0.000827109 -0.000377369 0.000909129
0.87 0.00078939 -0.000459236 0.000913255
0.88 0.000747312 -0.000540862 0.0009225
0.89 0.000700811 -0.000622075 0.000937077
0.9 0.000650523 -0.000701693 0.000956846
0.91 0.000595676 -0.000780038 0.000981472
0.92 0.000536788 -0.000856422 0.00101074
0.93 0.000474285 -0.000929833 0.00104381
0.94 0.00040771 -0.00100079 0.00108065
0.95 0.00033753 -0.00106826 0.00112031
0.96 0.000264255 -0.00113188 0.00116232
0.97 0.000187618 -0.0011914 0.00120609
0.98 0.000108112 -0.00124628 0.00125096
0.99 2.57743e-05 -0.00129616 0.00129642
1 -5.85943e-05 -0.00134025 0.00134153
1.01 -0.000145664 -0.00137879 0.00138647
1.02 -0.000234333 -0.00141103 0.00143036
1.03 -0.000324213 -0.00143643 0.00147256
1.04 -0.000415646 -0.00145545 0.00151363
1.05 -0.000507529 -0.00146717 0.00155247
1.06 -0.000599499 -0.00147148 0.00158891
1.07 -0.000691614 -0.00146844 0.00162316
1.08 -0.000783063 -0.00145751 0.00165455
1.09 -0.000873563 -0.00143874 0.00168318
1.1 -0.000962428 -0.00141176 0.00170861
1.11 -0.00104988 -0.00137695 0.00173155
1.12 -0.00113461 -0.00133391 0.00175119
1.13 -0.00121631 -0.00128263 0.00176764
1.14 -0.00129522 -0.00122372 0.00178188
1.15 -0.0013698 -0.00115659 0.00179278
1.16 -0.00144014 -0.00108167 0.00180112
1.17 -0.0015061 -0.000999262 0.00180744
1.18 -0.00156672 -0.000909222 0.00181143
1.19 -0.00162184 -0.000812068 0.00181379
1.2 -0.00167098 -0.0007079 0.00181475
1.21 -0.00171404 -0.00059742 0.00181517
1.22 -0.00174993 -0.00048065 0.00181474
1.23 -0.00177863 -0.000358249 0.00181435
1.24 -0.00180031 -0.000230862 0.00181506
1.25 -0.00181347 -9.86142e-05 0.00181615
1.26 -0.00181881 3.77131e-05 0.0018192
1.27 -0.00181604 0.000177463 0.00182469
1.28 -0.0018043 0.000320335 0.00183252
1.29 -0.00178402 0.000465357 0.00184371
1.3 -0.00175473 0.00061204 0.00185841
1.31 -0.00171655 0.000759497 0.00187707
1.32 -0.00166879 0.000907143 0.00189941
1.33 -0.00161208 0.0010542 0.00192617
1.34 -0.00154645 0.00119971 0.00195724
1.35 -0.00147115 0.00134333 0.00199219
1.36 -0.00138739 0.00148391 0.00203146
1.37 -0.00129504 0.00162087 0.00207469
1.38 -0.00119361 0.0017534 0.00212112
1.39 -0.00108435 0.00188064 0.00217085
1.4 -0.000966844 0.00200181 0.00222307
1.41 -0.000841683 0.00211613 0.00227738
1.42 -0.000708843 0.0022228 0.00233309
1.43 -0.00056942 0.00232121 0.00239003
1.44 -0.000423552 0.00241043 0.00244736
1.45 -0.000271297 0.00249008 0.00250482
1.46 -0.000114284 0.00255924 0.00256179
1.47 4.75787e-05 0.00261743 0.00261786
1.48 0.000214098 0.00266398 0.00267257
1.49 0.0003835 0.00269837 0.00272548
1.5 0.000556103 0.00272007 0.00277634
1.51 0.00073077 0.00272869 0.00282485
1.52 0.000906869 0.00272377 0.00287077
1.53 0.0010832 0.00270518 0.00291399
1.54 0.00125928 0.00267243 0.00295426
1.55 0.0014345 0.00262546 0.00299179
1.56 0.00160701 0.00256418 0.00302614
1.57 0.001777 0.00248834 0.0030577
1.58 0.00194351 0.00239804 0.00308672
1.59 0.0021048 0.00229342 0.00311287
1.6 0.00226111 0.00217451 0.00313705
1.61 0.00241095 0.00204157 0.00315922
1.62 0.00255346 0.00189499 0.0031798
1.63 0.00268772 0.00173512 0.00319913
1.64 0.00281307 0.0015623 0.00321779
1.65 0.00292876 0.00137712 0.00323637
1.66 0.00303331 0.00118039 0.00325489
1.67 0.00312703 0.000972369 0.00327472
1.68 0.00320872 0.000754129 0.00329615
1.69 0.00327712 0.000526585 0.00331915
1.7 0.00333271 0.000290274 0.00334533
1.71 0.00337391 4.64512e-05 0.00337423
1.72 0.0034004 -0.000203872 0.0034065
1.73 0.00341168 -0.000459713 0.00344252
1.74 0.00340738 -0.000719989 0.00348262
1.75 0.00338703 -0.000983336 0.00352688
1.76 0.00335001 -0.00124848 0.0035751
1.77 0.00329686 -0.00151453 0.0036281
1.78 0.00322672 -0.00177978 0.00368501
1.79 0.00313926 -0.00204281 0.0037454
1.8 0.00303537 -0.00230295 0.00381012
1.81 0.00291398 -0.00255804 0.00387748
1.82 0.00277566 -0.00280717 0.00394772
1.83 0.00262074 -0.00304888 0.00402044
1.84 0.0024493 -0.00328191 0.00409511
1.85 0.00226185 -0.00350454 0.00417106
1.86 0.00205867 -0.00371576 0.00424794
1.87 0.00184086 -0.0039143 0.00432557
1.88 0.00160832 -0.00409858 0.00440284
1.89 0.00136193 -0.00426735 0.00447941
1.9 0.00110301 -0.00442017 0.00455572
1.91 0.000831449 -0.00455475 0.00463001
1.92 0.000548852 -0.00467085 0.00470298
1.93 0.000256246 -0.00476727 0.00477415
1.94 -4.55431e-05 -0.00484291 0.00484313
1.95 -0.000355099 -0.00489687 0.00490973
1.96 -0.00067131 -0.00492858 0.00497409
1.97 -0.000992672 -0.00493742 0.00503622
1.98 -0.00131826 -0.0049223 0.00509577
1.99 -0.00164649 -0.00488319 0.0051533
2 -0.0019756 -0.00482003 0.00520919
2.01 -0.00230475 -0.00473141 0.0052629
2.02 -0.00263174 -0.00461829 0.00531551
2.03 -0.00295507 -0.00448021 0.00536701
2.04 -0.00327337 -0.00431686 0.00541759
2.05 -0.00358467 -0.00412883 0.00546783
2.06 -0.00388756 -0.00391635 0.00551824
2.07 -0.00418029 -0.0036799 0.00556925
2.08 -0.00446141 -0.00341961 0.00562121
2.09 -0.00472924 -0.00313681 0.00567497
2.1 -0.00498195 -0.00283222 0.00573073
2.11 -0.0052184 -0.00250583 0.00578886
2.12 -0.00543655 -0.00216001 0.00584994
2.13 -0.00563515 -0.00179514 0.00591417
2.14 -0.00581276 -0.00141228 0.00598187
2.15 -0.00596794 -0.00101351 0.00605339
2.16 -0.0060995 -0.000599972 0.00612893
2.17 -0.00620614 -0.000173323 0.00620856
2.18 -0.00628678 0.000264829 0.00629236
2.19 -0.00634033 0.000712289 0.00638021
2.2 -0.0063657 0.0011674 0.00647186
2.21 -0.00636208 0.00162889 0.00656729
2.22 -0.00632875 0.00209335 0.00666597
2.23 -0.0062649 0.00255992 0.00676773
2.24 -0.00617027 0.00302617 0.00687241
2.25 -0.0060443 0.00348929 0.00697916
2.26 -0.005887 0.00394764 0.00708806
2.27 -0.00569794 0.0043988 0.00719834
2.28 -0.00547753 0.0048404 0.00730978
2.29 -0.00522572 0.00527006 0.00742171
2.3 -0.00494292 0.00568572 0.00753392
2.31 -0.00462953 0.00608546 0.00764626
2.32 -0.00428658 0.00646586 0.00775771
2.33 -0.00391436 0.00682606 0.00786876
2.34 -0.00351431 0.0071632 0.00797884
2.35 -0.00308745 0.00747473 0.00808727
2.36 -0.00263505 0.0077594 0.00819462
2.37 -0.00215842 0.0080148 0.00830035
2.38 -0.00165946 0.00823903 0.00840449
2.39 -0.00113966 0.00843046 0.00850714
2.4 -0.000600888 0.0085875 0.0086085
2.41 -4.52035e-05 0.00870871 0.00870883
2.42 0.000524881 0.00879193 0.00880758
2.43 0.00110782 0.00883697 0.00890614
2.44 0.00170054 0.0088419 0.00900395
2.45 0.00230064 0.00880557 0.00910116
2.46 0.00290591 0.00872804 0.00919907
2.47 0.00351328 0.00860795 0.00929731
2.48 0.00411997 0.0084451 0.00939648
2.49 0.00472332 0.0082394 0.00949724
2.5 0.00532041 0.00799065 0.00959986
2.51 0.0059081 0.00769905 0.00970469
2.52 0.00648325 0.00736445 0.00981161
2.53 0.0070436 0.00698815 0.00992202
2.54 0.00758522 0.00657012 0.010035
2.55 0.00810546 0.00611145 0.0101513
2.56 0.00860188 0.00561385 0.0102717
2.57 0.00907074 0.00507804 0.0103954
2.58 0.00950954 0.00450593 0.0105231
2.59 0.00991569 0.00389936 0.0106549
2.6 0.0102861 0.00326006 0.0107904
2.61 0.0106184 0.00259033 0.0109298
2.62 0.0109098 0.00189225 0.0110727
2.63 0.0111587 0.00116877 0.0112197
2.64 0.0113617 0.000422225 0.0113696
2.65 0.0115176 -0.000344345 0.0115228
2.66 0.0116247 -0.00112752 0.0116793
2.67 0.0116803 -0.0019246 0.0118378
2.68 0.0116836 -0.00273185 0.0119987
2.69 0.0116334 -0.00354602 0.0121618
2.7 0.011528 -0.00436355 0.0123262
2.71 0.011367 -0.00518083 0.012492
2.72 0.0111495 -0.00599409 0.0126586
2.73 0.0108758 -0.00679953 0.0128264
2.74 0.0105446 -0.00759312 0.012994
2.75 0.0101571 -0.00837123 0.0131622
2.76 0.00971348 -0.00912948 0.0133304
2.77 0.00921362 -0.00986438 0.013498
2.78 0.00865949 -0.0105717 0.0136656
2.79 0.00805206 -0.011248 0.013833
2.8 0.00739231 -0.011889 0.0139998
2.81 0.0066828 -0.0124913 0.0141666
2.82 0.00592513 -0.013051 0.014333
2.83 0.00512198 -0.0135647 0.0144995
2.84 0.00427519 -0.0140287 0.0146656
2.85 0.00338856 -0.01444 0.0148323
2.86 0.00246476 -0.0147953 0.0149992
2.87 0.0015066 -0.0150917 0.0151667
2.88 0.000518829 -0.0153267 0.0153355
2.89 -0.000495422 -0.0154977 0.0155057
2.9 -0.00153231 -0.0156024 0.0156774
2.91 -0.00258687 -0.015639 0.0158515
2.92 -0.00365532 -0.0156055 0.0160279
2.93 -0.0047328 -0.0155006 0.016207
2.94 -0.00581495 -0.0153229 0.0163892
2.95 -0.00689633 -0.0150721 0.0165749
2.96 -0.00797237 -0.014747 0.016764
2.97 -0.00903824 -0.0143476 0.0169571
2.98 -0.0100879 -0.0138746 0.0171543
2.99 -0.011117 -0.0133277 0.0173555
3 -0.0121202 -0.0127078 0.017561
3.01 -0.0130919 -0.0120166 0.0177706
3.02 -0.0140275 -0.0112549 0.0179846
3.03 -0.0149216 -0.0104249 0.0182026
3.04 -0.0157694 -0.0095287 0.0184247
3.05 -0.0165656 -0.00856924 0.0186508
3.06 -0.0173057 -0.00754879 0.0188804
3.07 -0.0179849 -0.00647097 0.0191136
3.08 -0.0185983 -0.00533981 0.0193497
3.09 -0.0191423 -0.0041583 0.0195888
3.1 -0.0196125 -0.0029311 0.0198303
3.11 -0.020005 -0.00166324 0.020074
3.12 -0.0203165 -0.000358437 0.0203197
3.13 -0.0205437 0.00097734 0.020567
3.14 -0.0206836 0.00233918 0.0208154
3.15 -0.0207335 0.00372117 0.0210648
3.16 -0.0206911 0.0051182 0.0213148
3.17 -0.0205549 0.00652372 0.0215653
3.18 -0.0203227 0.00793155 0.0218156
3.19 -0.0199942 0.00933629 0.0220666
3.2 -0.0195683 0.0107308 0.0223174
3.21 -0.019045 0.0121084 0.0225683
3.22 -0.0184245 0.0134637 0.0228195
3.23 -0.0177074 0.0147888 0.0230708
3.24 -0.0168947 0.016078 0.0233224
3.25 -0.0159881 0.0173244 0.0235744
3.26 -0.0149893 0.0185218 0.0238272
3.27 -0.0139014 0.0196634 0.0240811
3.28 -0.0127268 0.0207429 0.024336
3.29 -0.0114692 0.0217549 0.0245931
3.3 -0.0101326 0.0226924 0.0248519
3.31 -0.00872119 0.02355 0.0251129
3.32 -0.00723939 0.0243227 0.0253772
3.33 -0.00569282 0.0250043 0.0256441
3.34 -0.00408661 0.0255905 0.0259147
3.35 -0.00242682 0.0260765 0.0261892
3.36 -0.000719657 0.026458 0.0264678
3.37 0.00102784 0.026731 0.0267508
3.38 0.00280907 0.026892 0.0270383
3.39 0.00461677 0.0269383 0.027331
3.4 0.0064429 0.0268665 0.0276282
3.41 0.00828022 0.0266749 0.0279305
3.42 0.0101209 0.0263623 0.0282383
3.43 0.011956 0.0259264 0.0285504
3.44 0.0137781 0.0253676 0.0288678
3.45 0.0155784 0.0246854 0.0291899
3.46 0.0173483 0.02388 0.0295164
3.47 0.0190792 0.0229527 0.029847
3.48 0.020763 0.0219047 0.0301814
3.49 0.022391 0.0207385 0.0305195
3.5 0.0239545 0.0194563 0.0308604
3.51 0.0254459 0.0180617 0.0312045
3.52 0.0268571 0.0165585 0.0315514
3.53 0.0281792 0.0149509 0.0318998
3.54 0.0294061 0.013244 0.0322509
3.55 0.0305292 0.0114432 0.0326034
3.56 0.0315418 0.00955432 0.0329571
3.57 0.0324372 0.00758407 0.033312
3.58 0.0332092 0.00553905 0.033668
3.59 0.0338519 0.00342724 0.0340249
3.6 0.0343594 0.00125609 0.0343824
3.61 0.0347276 -0.000965725 0.0347411
3.62 0.0349518 -0.00322964 0.0351007
3.63 0.0350272 -0.00552649 0.0354605
3.64 0.0349523 -0.00784722 0.0358224
3.65 0.034723 -0.0101818 0.036185
3.66 0.0343376 -0.0125206 0.0365491
3.67 0.0337953 -0.0148533 0.0369153
3.68 0.0330949 -0.0171698 0.0372837
3.69 0.0322365 -0.0194592 0.0376544
3.7 0.0312206 -0.0217114 0.0380278
3.71 0.0300493 -0.0239156 0.0384046
3.72 0.028724 -0.0260612 0.0387847
3.73 0.0272474 -0.0281377 0.0391682
3.74 0.025624 -0.0301352 0.0395565
3.75 0.0238569 -0.0320427 0.0399486
3.76 0.0219517 -0.0338507 0.0403453
3.77 0.0199142 -0.0355493 0.0407471
3.78 0.0177501 -0.0371287 0.0411535
3.79 0.0154669 -0.0385798 0.0415647
3.8 0.013072 -0.039894 0.041981
3.81 0.0105739 -0.0410629 0.0424024
3.82 0.00798123 -0.0420784 0.0428286
3.83 0.00530341 -0.0429334 0.0432597
3.84 0.00255109 -0.0436217 0.0436963
3.85 -0.00026606 -0.0441359 0.0441367
3.86 -0.00313656 -0.0444714 0.0445819
3.87 -0.0060489 -0.0446231 0.0450312
3.88 -0.00899178 -0.0445864 0.0454841
3.89 -0.0119526 -0.0443583 0.0459404
3.9 -0.0149192 -0.0439362 0.0464002
3.91 -0.0178787 -0.0433183 0.0468628
3.92 -0.0208183 -0.0425032 0.0473278
3.93 -0.0237251 -0.0414911 0.0477953
3.94 -0.0265857 -0.0402831 0.0482652
3.95 -0.0293872 -0.0388794 0.0487361
3.96 -0.0321166 -0.0372837 0.0492093
3.97 -0.0347606 -0.0354989 0.0496837
3.98 -0.0373068 -0.0335286 0.0501594
3.99 -0.0397421 -0.0313787 0.0506366
4 -0.0420545 -0.0290549 0.0511152
4.01 -0.0442314 -0.0265637 0.051595
4.02 -0.0462613 -0.0239129 0.0520763
4.03 -0.048133 -0.0211111 0.0525592
4.04 -0.0498358 -0.0181676 0.053044
4.05 -0.0513588 -0.0150915 0.0535302
4.06 -0.0526935 -0.011895 0.0540194
4.07 -0.0538299 -0.00858866 0.0545107
4.08 -0.0547601 -0.00518443 0.055005
4.09 -0.0554764 -0.00169602 0.0555023
4.1 -0.0559722 0.00186397 0.0560032
4.11 -0.056241 0.0054814 0.0565075
4.12 -0.0562783 0.00914191 0.057016
4.13 -0.0560797 0.0128306 0.0575288
4.14 -0.0556421 0.0165324 0.0580462
4.15 -0.0549628 0.0202321 0.0585683
4.16 -0.0540415 0.0239133 0.0590959
4.17 -0.0528768 0.0275604 0.0596283
4.18 -0.05147 0.0311577 0.0601661
4.19 -0.0498231 0.0346883 0.0607093
4.2 -0.0479384 0.0381369 0.0612577
4.21 -0.0458198 0.041487 0.0618112
4.22 -0.0434728 0.0447229 0.06237
4.23 -0.040903 0.047829 0.0629339
4.24 -0.0381177 0.05079 0.0635026
4.25 -0.0351245 0.0535909 0.0640759
4.26 -0.0319335 0.0562172 0.0646538
4.27 -0.0285533 0.0586548 0.0652356
4.28 -0.0249958 0.0608906 0.0658214
4.29 -0.0212731 0.0629115 0.0664109
4.3 -0.0173973 0.0647058 0.0670038
4.31 -0.0133826 0.0662618 0.0675997
4.32 -0.00924369 0.0675694 0.0681987
4.33 -0.00499538 0.0686187 0.0688003
4.34 -0.000653943 0.0694011 0.0694042
4.35 0.00376435 0.069909 0.0700103
4.36 0.00824166 0.070136 0.0706186
4.37 0.0127614 0.070076 0.0712285
4.38 0.0173047 0.0697254 0.0718407
4.39 0.0218528 0.0690803 0.0724544
4.4 0.0263878 0.0681389 0.07307
4.41 0.0308896 0.0669002 0.0736872
4.42 0.0353394 0.0653649 0.0743064
4.43 0.039718 0.0635341 0.0749273
4.44 0.044006 0.0614112 0.0755504
4.45 0.0481842 0.0590002 0.0761757
4.46 0.0522334 0.0563069 0.0768037
4.47 0.0561352 0.0533373 0.0774341
4.48 0.0598708 0.0501006 0.0780679
4.49 0.0634218 0.0466052 0.0787043
4.5 0.0667716 0.0428613 0.0793444
4.51 0.069902 0.0388812 0.0799877
4.52 0.0727975 0.0346775 0.080635
4.53 0.0754422 0.0302636 0.081286
4.54 0.0778215 0.0256554 0.0819413
4.55 0.0799214 0.0208684 0.082601
4.56 0.081729 0.0159199 0.0832651
4.57 0.0832323 0.0108274 0.0839336
4.58 0.0844209 0.00561052 0.0846071
4.59 0.0852843 0.000288075 0.0852848
4.6 0.0858149 -0.00511976 0.0859675
4.61 0.0860049 -0.010591 0.0866546
4.62 0.0858488 -0.0161051 0.0873464
4.63 0.0853417 -0.0216399 0.0880425
4.64 0.0844807 -0.0271722 0.088743
4.65 0.0832638 -0.03268 0.0894474
4.66 0.0816908 -0.03814 0.0901556
4.67 0.0797626 -0.0435296 0.0908675
4.68 0.0774824 -0.048825 0.0915828
4.69 0.0748535 -0.0540039 0.092301
4.7 0.0718822 -0.0590434 0.0930224
4.71 0.0685755 -0.0639201 0.0937463
4.72 0.0649416 -0.0686126 0.0944728
4.73 0.0609908 -0.0730988 0.0952014
4.74 0.0567348 -0.077357 0.0959319
4.75 0.0521859 -0.0813673 0.0966644
4.76 0.0473589 -0.0851095 0.0973986
4.77 0.0422692 -0.0885647 0.0981345
4.78 0.0369341 -0.0917147 0.0988722
4.79 0.0313711 -0.0945425 0.0996114
4.8 0.0256 -0.0970323 0.100353
4.81 0.0196415 -0.0991685 0.101095
4.82 0.0135161 -0.100938 0.101839
4.83 0.00724688 -0.102329 0.102585
4.84 0.000857503 -0.10333 0.103334
4.85 -0.0056289 -0.103932 0.104084
4.86 -0.0121865 -0.104126 0.104837
4.87 -0.0187901 -0.103907 0.105593
4.88 -0.0254136 -0.10327 0.106351
4.89 -0.0320311 -0.102212 0.107113
4.9 -0.0386152 -0.10073 0.107878
4.91 -0.0451389 -0.0988263 0.108647
4.92 -0.0515762 -0.0965018 0.10942
4.93 -0.0578987 -0.0937604 0.110197
4.94 -0.0640799 -0.0906078 0.110978
4.95 -0.0700935 -0.0870508 0.111763
4.96 -0.0759122 -0.0830988 0.112553
4.97 -0.0815106 -0.078762 0.113346
4.98 -0.0868632 -0.074053 0.114145
4.99 -0.0919453 -0.0689854 0.114948
5 -0.0967331 -0.0635756 0.115755
5.01 -0.101203 -0.0578399 0.116566
5.02 -0.105334 -0.0517974 0.117381
5.03 -0.109104 -0.0454685 0.1182
5.04 -0.112494 -0.0388746 0.119022
5.05 -0.115486 -0.0320381 0.119848
5.06 -0.118061 -0.0249842 0.120676
5.07 -0.120205 -0.0177374 0.121507
5.08 -0.121904 -0.0103244 0.122341
5.09 -0.123145 -0.00277253 0.123176
5.1 -0.123917 0.00488947 0.124014
5.11 -0.124212 0.0126331 0.124853
5.12 -0.124022 0.0204285 0.125693
5.13 -0.123341 0.0282449 0.126534
5.14 -0.122167 0.0360522 0.127376
5.15 -0.120498 0.0438196 0.128218
5.16 -0.118334 0.0515146 0.129061
5.17 -0.115678 0.0591071 0.129904
5.18 -0.112535 0.0665654 0.130748
5.19 -0.108911 0.0738581 0.131592
5.2 -0.104814 0.0809547 0.132437
5.21 -0.100255 0.0878248 0.133282
5.22 -0.0952463 0.0944387 0.134129
5.23 -0.0898026 0.100767 0.134976
5.24 -0.0839399 0.106782 0.135824
5.25 -0.0776766 0.112455 0.136674
5.26 -0.0710329 0.117761 0.137525
5.27 -0.0640297 0.122674 0.138379
5.28 -0.0566913 0.12717 0.139234
5.29 -0.0490422 0.131227 0.140091
5.3 -0.0411091 0.134824 0.140952
5.31 -0.0329194 0.137941 0.141814
5.32 -0.0245031 0.14056 0.14268
5.33 -0.0158903 0.142666 0.143549
5.34 -0.00711231 0.144245 0.144421
5.35 0.00179787 0.145284 0.145296
5.36 0.0108065 0.145773 0.146173
5.37 0.0198807 0.145705 0.147055
5.38 0.0289842 0.145072 0.147939
5.39 0.0380823 0.143871 0.148826
5.4 0.0471396 0.142101 0.149715
5.41 0.05612 0.139761 0.150608
5.42 0.0649874 0.136856 0.151502
5.43 0.0737061 0.13339 0.152399
5.44 0.082241 0.12937 0.153297
5.45 0.090556 0.124805 0.154197
5.46 0.0986167 0.119709 0.155098
5.47 0.10639 0.114094 0.156001
5.48 0.113841 0.107977 0.156904
5.49 0.120937 0.101377 0.157807
5.5 0.127649 0.0943131 0.158711
5.51 0.133945 0.0868087 0.159615
5.52 0.139797 0.0788883 0.16052
5.53 0.145177 0.0705776 0.161424
5.54 0.15006 0.0619051 0.162328
5.55 0.154422 0.0529006 0.163232
5.56 0.15824 0.0435953 0.164135
5.57 0.161494 0.0340217 0.165039
5.58 0.164166 0.0242151 0.165942
5.59 0.166239 0.01421 0.166845
5.6 0.1677 0.00404314 0.167749
5.61 0.168537 -0.00624751 0.168652
5.62 0.16874 -0.0166239 0.169557
5.63 0.168302 -0.027047 0.170461
5.64 0.167219 -0.037477 0.171367
5.65 0.165489 -0.0478736 0.172274
5.66 0.163111 -0.0581969 0.173182
5.67 0.160089 -0.0684066 0.174092
5.68 0.156428 -0.0784613 0.175002
5.69 0.152135 -0.0883224 0.175915
5.7 0.147223 -0.0979494 0.176829
5.71 0.141702 -0.107303 0.177745
5.72 0.135589 -0.116345 0.178663
5.73 0.128901 -0.125037 0.179582
5.74 0.12166 -0.133344 0.180504
5.75 0.113886 -0.141229 0.181427
5.76 0.105605 -0.148659 0.182351
5.77 0.0968438 -0.1556 0.183276
5.78 0.0876317 -0.162022 0.184202
5.79 0.0779988 -0.167896 0.18513
5.8 0.0679791 -0.173194 0.186058
5.81 0.0576068 -0.17789 0.186985
5.82 0.046918 -0.181962 0.187913
5.83 0.0359507 -0.185387 0.188841
5.84 0.0247442 -0.188148 0.189768
5.85 0.0133388 -0.190227 0.190694
5.86 0.00177586 -0.191611 0.191619
5.87 -0.00990176 -0.192288 0.192543
5.88 -0.0216506 -0.19225 0.193465
5.89 -0.0334277 -0.191489 0.194385
5.9 -0.0451875 -0.190004 0.195304
5.91 -0.0568858 -0.187793 0.19622
5.92 -0.0684785 -0.184858 0.197134
5.93 -0.0799198 -0.181205 0.198046
5.94 -0.0911659 -0.17684 0.198957
5.95 -0.102173 -0.171775 0.199865
5.96 -0.112896 -0.166023 0.200772
5.97 -0.123294 -0.1596 0.201677
5.98 -0.133323 -0.152525 0.202581
5.99 -0.142945 -0.144818 0.203483
6 -0.152117 -0.136504 0.204384
6.01 -0.160803 -0.127609 0.205285
6.02 -0.168967 -0.118162 0.206185
6.03 -0.176572 -0.108194 0.207084
6.04 -0.183587 -0.0977382 0.207983
6.05 -0.189978 -0.0868303 0.208881
6.06 -0.195719 -0.0755078 0.20978
6.07 -0.200783 -0.0638097 0.210678
6.08 -0.205144 -0.051777 0.211577
6.09 -0.208781 -0.039452 0.212476
6.1 -0.211676 -0.0268796 0.213376
6.11 -0.21381 -0.014104 0.214275
6.12 -0.215172 -0.0011718 0.215175
6.13 -0.215749 0.011869 0.216075
6.14 -0.215533 0.0249716 0.216975
6.15 -0.21452 0.038087 0.217874
6.16 -0.212706 0.051166 0.218774
6.17 -0.210094 0.06416 0.219673
6.18 -0.206687 0.0770197 0.220571
6.19 -0.202491 0.0896964 0.221468
6.2 -0.197517 0.102141 0.222364
6.21 -0.191777 0.114306 0.223258
6.22 -0.185287 0.126144 0.224151
6.23 -0.178067 0.137608 0.225042
6.24 -0.170137 0.148654 0.225931
6.25 -0.161522 0.159238 0.226817
6.26 -0.152249 0.169316 0.227701
6.27 -0.142349 0.178849 0.228583
6.28 -0.131853 0.187796 0.229461
6.29 -0.120796 0.196121 0.230337
6.3 -0.109216 0.203789 0.23121
6.31 -0.0971507 0.210767 0.23208
6.32 -0.0846427 0.217025 0.232947
6.33 -0.0717353 0.222535 0.233811
6.34 -0.0584725 0.227271 0.234672
6.35 -0.0449021 0.231211 0.23553
6.36 -0.0310717 0.234335 0.236386
6.37 -0.0170303 0.236626 0.237238
6.38 -0.00282868 0.238071 0.238088
6.39 0.0114821 0.23866 0.238936
6.4 0.0258498 0.238384 0.239781
6.41 0.0402224 0.237239 0.240624
6.42 0.0545465 0.235224 0.241466
6.43 0.068769 0.232341 0.242305
6.44 0.082838 0.228595 0.243142
6.45 0.0966996 0.223996 0.243977
6.46 0.110303 0.218553 0.244811
6.47 0.123595 0.212283 0.245642
6.48 0.136527 0.205204 0.246472
6.49 0.149048 0.197337 0.2473
6.5 0.161111 0.188705 0.248126
6.51 0.172668 0.179336 0.248949
6.52 0.183675 0.16926 0.249771
6.53 0.194087 0.15851 0.25059
6.54 0.203864 0.14712 0.251406
6.55 0.212966 0.135131 0.25222
6.56 0.221356 0.12258 0.25303
6.57 0.229 0.109511 0.253838
6.58 0.235865 0.0959697 0.254642
6.59 0.241922 0.0820014 0.255442
6.6 0.247146 0.0676551 0.256239
6.61 0.251511 0.0529808 0.257031
6.62 0.254999 0.0380301 0.25782
6.63 0.257591 0.0228558 0.258603
6.64 0.259274 0.00751123 0.259383
6.65 0.260036 -0.00794756 0.260158
6.66 0.259871 -0.0234666 0.260928
6.67 0.258773 -0.0389891 0.261694
6.68 0.256743 -0.0544592 0.262455
6.69 0.253782 -0.0698208 0.263211
6.7 0.249898 -0.0850178 0.263964
6.71 0.245099 -0.0999945 0.264712
6.72 0.239399 -0.114696 0.265456
6.73 0.232813 -0.129067 0.266196
6.74 0.225361 -0.143056 0.266932
6.75 0.217068 -0.156608 0.267665
6.76 0.207956 -0.169675 0.268393
6.77 0.198057 -0.182205 0.269119
6.78 0.187401 -0.194153 0.269842
6.79 0.176025 -0.205472 0.270561
6.8 0.163965 -0.216118 0.271278
6.81 0.151263 -0.226052 0.271992
6.82 0.13796 -0.235233 0.272704
6.83 0.124102 -0.243625 0.273412
6.84 0.109736 -0.251195 0.274119
6.85 0.0949125 -0.257913 0.274823
6.86 0.0796808 -0.26375 0.275523
6.87 0.064095 -0.268682 0.276222
6.88 0.0482093 -0.272688 0.276917
6.89 0.032079 -0.275749 0.277609
6.9 0.015761 -0.277851 0.278298
6.91 -0.000687227 -0.278982 0.278983
6.92 -0.0172078 -0.279134 0.279664
6.93 -0.0337416 -0.278303 0.280341
6.94 -0.0502305 -0.276488 0.281014
6.95 -0.0666146 -0.273692 0.281682
6.96 -0.082836 -0.26992 0.282344
6.97 -0.0988359 -0.265183 0.283002
6.98 -0.114557 -0.259493 0.283654
6.99 -0.129942 -0.252867 0.2843
7 -0.144935 -0.245327 0.284941
7.01 -0.159482 -0.236894 0.285575
7.02 -0.17353 -0.227595 0.286203
7.03 -0.187027 -0.217462 0.286825
7.04 -0.199923 -0.206526 0.287441
7.05 -0.212171 -0.194824 0.28805
7.06 -0.223725 -0.182394 0.288653
7.07 -0.234542 -0.169278 0.289249
7.08 -0.244582 -0.15552 0.289839
7.09 -0.253807 -0.141166 0.290423
7.1 -0.262182 -0.126265 0.291002
7.11 -0.269673 -0.110869 0.291575
7.12 -0.276254 -0.0950299 0.292142
7.13 -0.281896 -0.0788022 0.292704
7.14 -0.286579 -0.0622413 0.29326
7.15 -0.290282 -0.0454057 0.293812
7.16 -0.292989 -0.0283524 0.294358
7.17 -0.29469 -0.0111419 0.2949
7.18 -0.295373 0.00616612 0.295438
7.19 -0.295035 0.0235112 0.29597
7.2 -0.293674 0.0408327 0.296499
7.21 -0.291291 0.0580692 0.297022
7.22 -0.287892 0.0751608 0.297541
7.23 -0.283487 0.092047 0.298056
7.24 -0.278088 0.108668 0.298566
7.25 -0.271712 0.124965 0.299072
7.26 -0.264379 0.140881 0.299572
7.27 -0.256111 0.156358 0.300068
7.28 -0.246936 0.171342 0.300559
7.29 -0.236883 0.185779 0.301044
7.3 -0.225985 0.199618 0.301524
7.31 -0.214279 0.212809 0.301998
7.32 -0.201802 0.225304 0.302467
7.33 -0.188598 0.23706 0.30293
7.34 -0.17471 0.248032 0.303386
7.35 -0.160185 0.258182 0.303837
7.36 -0.145071 0.267472 0.304281
7.37 -0.129421 0.275869 0.304719
7.38 -0.113288 0.283341 0.305149
7.39 -0.0967252 0.289861 0.305574
7.4 -0.0797906 0.295406 0.305992
7.41 -0.0625422 0.299952 0.306403
7.42 -0.0450382 0.303484 0.306808
7.43 -0.0273394 0.305988 0.307207
7.44 -0.00950646 0.307452 0.307599
7.45 0.00839958 0.30787 0.307985
7.46 0.026317 0.30724 0.308365
7.47 0.0441839 0.305561 0.308739
7.48 0.0619385 0.302838 0.309107
7.49 0.07952 0.299079 0.30947
7.5 0.0968669 0.294295 0.309827
7.51 0.113919 0.288501 0.310178
7.52 0.130619 0.281716 0.310524
7.53 0.146907 0.273962 0.310865
7.54 0.162727 0.265264 0.311199
7.55 0.178025 0.255651 0.311529
7.56 0.192747 0.245155 0.311853
7.57 0.206843 0.233811 0.312173
7.58 0.220262 0.221657 0.312486
7.59 0.23296 0.208734 0.312794
7.6 0.24489 0.195084 0.313096
7.61 0.256011 0.180755 0.313391
7.62 0.266286 0.165794 0.313681
7.63 0.275677 0.150252 0.313964
7.64 0.284152 0.134181 0.31424
7.65 0.291682 0.117636 0.31451
7.66 0.298239 0.100673 0.314772
7.67 0.303801 0.0833489 0.315027
7.68 0.308348 0.0657228 0.315275
7.69 0.311864 0.0478539 0.315514
7.7 0.314337 0.0298037 0.315746
7.71 0.315756 0.0116326 0.315971
7.72 0.316118 -0.0065978 0.316187
7.73 0.31542 -0.024825 0.316395
7.74 0.313663 -0.0429875 0.316595
7.75 0.310855 -0.0610245 0.316788
7.76 0.307003 -0.0788735 0.316973
7.77 0.30212 -0.0964755 0.31715
7.78 0.296223 -0.11377 0.317319
7.79 0.289331 -0.130699 0.317482
7.8 0.281468 -0.147204 0.317637
7.81 0.27266 -0.163231 0.317786
7.82 0.262936 -0.178726 0.317928
7.83 0.252329 -0.193635 0.318064
7.84 0.240875 -0.207908 0.318193
7.85 0.228613 -0.221498 0.318317
7.86 0.215585 -0.234359 0.318435
7.87 0.201832 -0.246448 0.318548
7.88 0.187404 -0.257724 0.318656
7.89 0.172347 -0.268149 0.318759
7.9 0.156713 -0.277689 0.318858
7.91 0.140555 -0.286311 0.318951
7.92 0.123926 -0.293988 0.31904
7.93 0.106882 -0.300693 0.319124
7.94 0.089482 -0.306405 0.319204
7.95 0.0717825 -0.311105 0.319279
7.96 0.0538445 -0.314777 0.319349
7.97 0.0357265 -0.317409 0.319414
7.98 0.0174904 -0.318995 0.319474
7.99 -0.000803692 -0.319528 0.319529
8 -0.0190941 -0.319007 0.319578
8.01 -0.0373202 -0.317436 0.319622
8.02 -0.0554212 -0.31482 0.319661
8.03 -0.0733367 -0.311168 0.319693
8.04 -0.0910071 -0.306493 0.319719
8.05 -0.108375 -0.300811 0.319738
8.06 -0.125381 -0.294143 0.319751
8.07 -0.14197 -0.286511 0.319756
8.08 -0.158087 -0.277942 0.319755
8.09 -0.17368 -0.268464 0.319746
8.1 -0.188696 -0.258111 0.31973
8.11 -0.203088 -0.246917 0.319707
8.12 -0.216807 -0.23492 0.319676
8.13 -0.22981 -0.222161 0.319637
8.14 -0.242053 -0.208682 0.31959
8.15 -0.253499 -0.19453 0.319536
8.16 -0.264109 -0.179752 0.319475
8.17 -0.27385 -0.164397 0.319406
8.18 -0.282691 -0.148518 0.31933
8.19 -0.290603 -0.132166 0.319246
8.2 -0.297563 -0.115397 0.319155
8.21 -0.303548 -0.0982658 0.319057
8.22 -0.308541 -0.0808301 0.318953
8.23 -0.312525 -0.0631478 0.318841
8.24 -0.315491 -0.045277 0.318723
8.25 -0.317429 -0.0272766 0.318599
8.26 -0.318335 -0.00920669 0.318468
8.27 -0.318207 0.00887395 0.318331
8.28 -0.317048 0.026906 0.318188
8.29 -0.314863 0.0448301 0.318039
8.3 -0.311662 0.0625877 0.317884
8.31 -0.307456 0.0801214 0.317724
8.32 -0.30226 0.0973738 0.317558
8.33 -0.296095 0.114289 0.317387
8.34 -0.288981 0.130812 0.31721
8.35 -0.280944 0.146891 0.317027
8.36 -0.272012 0.162472 0.31684
8.37 -0.262214 0.177507 0.316647
8.38 -0.251586 0.191948 0.316449
8.39 -0.240164 0.205749 0.316245
8.4 -0.227985 0.218866 0.316037
8.41 -0.215092 0.231258 0.315824
8.42 -0.201527 0.242886 0.315605
8.43 -0.187336 0.253715 0.315382
8.44 -0.172567 0.263711 0.315155
8.45 -0.157269 0.272843 0.314923
8.46 -0.141492 0.281084 0.314688
8.47 -0.125289 0.288409 0.314447
8.48 -0.108713 0.294798 0.314204
8.49 -0.0918197 0.30023 0.313957
8.5 -0.0746627 0.304692 0.313706
8.51 -0.0572989 0.308171 0.313452
8.52 -0.0397849 0.310658 0.313195
8.53 -0.0221777 0.312149 0.312936
8.54 -0.00453384 0.31264 0.312673
8.55 0.013089 0.312133 0.312408
8.56 0.0306346 0.310633 0.31214
8.57 0.0480461 0.308146 0.31187
8.58 0.065269 0.304684 0.311597
8.59 0.0822466 0.300261 0.311322
8.6 0.0989268 0.294892 0.311044
8.61 0.115256 0.288599 0.310763
8.62 0.131182 0.281405 0.310479
8.63 0.146656 0.273334 0.310192
8.64 0.161629 0.264415 0.309902
8.65 0.176054 0.25468 0.309607
8.66 0.189887 0.244161 0.309309
8.67 0.203085 0.232896 0.309005
8.68 0.215609 0.220921 0.308696
8.69 0.22742 0.208279 0.308383
8.7 0.238481 0.19501 0.308062
8.71 0.248761 0.18116 0.307736
8.72 0.258229 0.166775 0.307402
8.73 0.266857 0.151901 0.307061
8.74 0.27462 0.136589 0.306713
8.75 0.281497 0.120887 0.306356
8.76 0.287467 0.104848 0.305991
8.77 0.292516 0.0885237 0.305617
8.78 0.29663 0.0719658 0.305235
8.79 0.299799 0.0552293 0.304844
8.8 0.302016 0.0383663 0.304443
8.81 0.303278 0.0214316 0.304034
8.82 0.303583 0.00447888 0.303616
8.83 0.302933 -0.0124383 0.303189
8.84 0.301335 -0.0292662 0.302753
8.85 0.298797 -0.0459523 0.30231
8.86 0.29533 -0.062444 0.301859
8.87 0.290948 -0.0786898 0.301401
8.88 0.285668 -0.09464 0.300937
8.89 0.279511 -0.110245 0.300467
8.9 0.272498 -0.125456 0.29999
8.91 0.264656 -0.140228 0.29951
8.92 0.256011 -0.154515 0.299026
8.93 0.246595 -0.168274 0.298538
8.94 0.236439 -0.181464 0.298048
8.95 0.225579 -0.194046 0.297556
8.96 0.21405 -0.205981 0.297062
8.97 0.201893 -0.217237 0.296568
8.98 0.189147 -0.227778 0.296074
8.99 0.175856 -0.237577 0.295581
9 0.162061 -0.246603 0.295088
9.01 0.14781 -0.254833 0.294598
9.02 0.133148 -0.262244 0.294109
9.03 0.118123 -0.268815 0.293623
9.04 0.102782 -0.274529 0.293139
9.05 0.0871767 -0.279373 0.292659
9.06 0.0713555 -0.283335 0.292182
9.07 0.0553686 -0.286405 0.291708
9.08 0.0392669 -0.288578 0.291237
9.09 0.0231013 -0.289851 0.290771
9.1 0.00692214 -0.290224 0.290306
9.11 -0.00922076 -0.289699 0.289846
9.12 -0.025276 -0.288282 0.289388
9.13 -0.0411953 -0.28598 0.288932
9.14 -0.0569293 -0.282806 0.288479
9.15 -0.0724297 -0.278772 0.288028
9.16 -0.0876493 -0.273896 0.287578
9.17 -0.102543 -0.268195 0.28713
9.18 -0.117064 -0.261691 0.286682
9.19 -0.131171 -0.254409 0.286234
9.2 -0.144821 -0.246373 0.285785
9.21 -0.157974 -0.237613 0.285335
9.22 -0.170592 -0.228159 0.284883
9.23 -0.182637 -0.218043 0.284428
9.24 -0.194075 -0.2073 0.283969
9.25 -0.204874 -0.195966 0.283507
9.26 -0.215002 -0.184079 0.283039
9.27 -0.224432 -0.171677 0.282565
9.28 -0.233137 -0.158802 0.282084
9.29 -0.241095 -0.145496 0.281595
9.3 -0.248283 -0.131802 0.281098
9.31 -0.254684 -0.117764 0.280592
9.32 -0.26028 -0.103428 0.280077
9.33 -0.265058 -0.0888373 0.279549
9.34 -0.269008 -0.07404 0.279011
9.35 -0.272121 -0.0590823 0.278461
9.36 -0.274391 -0.0440107 0.277898
9.37 -0.275815 -0.0288722 0.277322
9.38 -0.276392 -0.0137142 0.276732
9.39 -0.276125 0.00141742 0.276129
9.4 -0.275019 0.0164754 0.275512
9.41 -0.27308 0.0314149 0.274881
9.42 -0.270318 0.0461901 0.274236
9.43 -0.266746 0.0607565 0.273578
9.44 -0.262379 0.0750712 0.272907
9.45 -0.257233 0.0890908 0.272224
9.46 -0.251329 0.102774 0.27153
9.47 -0.244686 0.116081 0.270825
9.48 -0.237331 0.128973 0.270111
9.49 -0.229287 0.141413 0.269389
9.5 -0.220584 0.153364 0.26866
9.51 -0.21125 0.164794 0.267925
9.52 -0.201319 0.17567 0.267187
9.53 -0.190821 0.185961 0.266447
9.54 -0.179793 0.19564 0.265707
9.55 -0.168271 0.204679 0.264969
9.56 -0.156291 0.213056 0.264234
9.57 -0.143894 0.220747 0.263505
9.58 -0.131118 0.227734 0.262783
9.59 -0.118004 0.233998 0.262069
9.6 -0.104594 0.239526 0.261367
9.61 -0.0909307 0.244303 0.260676
9.62 -0.0770562 0.248319 0.26
9.63 -0.0630142 0.251566 0.259338
9.64 -0.0488471 0.25404 0.258693
9.65 -0.0346 0.255735 0.258065
9.66 -0.0203155 0.256652 0.257455
9.67 -0.00603725 0.256792 0.256863
9.68 0.00819133 0.256159 0.25629
9.69 0.022327 0.254758 0.255735
9.7 0.0363285 0.2526 0.255199
9.71 0.0501531 0.249693 0.25468
9.72 0.0637607 0.246053 0.25418
9.73 0.0771106 0.241693 0.253695
9.74 0.0901647 0.23663 0.253226
9.75 0.102884 0.230886 0.252771
9.76 0.115232 0.224479 0.252328
9.77 0.127175 0.217434 0.251895
9.78 0.138677 0.209777 0.251471
9.79 0.149706 0.201532 0.251052
9.8 0.160232 0.192729 0.250637
9.81 0.170226 0.183398 0.250223
9.82 0.17966 0.173569 0.249808
9.83 0.188509 0.163276 0.249389
9.84 0.19675 0.152552 0.248963
9.85 0.20436 0.141433 0.248529
9.86 0.211321 0.129954 0.248081
9.87 0.217615 0.118151 0.24762
9.88 0.223226 0.106063 0.247143
9.89 0.228142 0.0937286 0.246646
9.9 0.232352 0.0811849 0.246127
9.91 0.235846 0.0684727 0.245585
9.92 0.238619 0.0556302 0.245018
9.93 0.240665 0.0426976 0.244423
9.94 0.241982 0.0297142 0.243799
9.95 0.242571 0.0167194 0.243146
9.96 0.242433 0.00375306 0.242462
9.97 0.241574 -0.00914654 0.241747
9.98 0.239999 -0.0219405 0.241
9.99 0.237718 -0.0345906 0.240221
10 0.23474 -0.0470602 0.23941
10.01 0.231079 -0.0593127 0.23857
10.02 0.226749 -0.0713122 0.237698
10.03 0.221767 -0.0830244 0.236799
10.04 0.216152 -0.0944155 0.235873
10.05 0.209923 -0.105454 0.234922
10.06 0.203104 -0.116107 0.233949
10.07 0.195716 -0.126347 0.232955
10.08 0.187786 -0.136144 0.231946
10.09 0.17934 -0.145473 0.230922
10.1 0.170406 -0.154307 0.229889
10.11 0.161014 -0.162625 0.22885
10.12 0.151193 -0.170404 0.227809
10.13 0.140976 -0.177624 0.22677
10.14 0.130396 -0.184268 0.225738
10.15 0.119485 -0.190319 0.224717
10.16 0.108279 -0.195762 0.223712
10.17 0.0968114 -0.200587 0.222727
10.18 0.085119 -0.204782 0.221767
10.19 0.0732376 -0.208339 0.220836
10.2 0.0612035 -0.211251 0.219939
10.21 0.0490531 -0.213516 0.219078
10.22 0.0368243 -0.215129 0.218258
10.23 0.0245522 -0.216092 0.217482
10.24 0.0122749 -0.216405 0.216753
10.25 2.79601e-05 -0.216072 0.216072
10.26 -0.0121513 -0.215099 0.215442
10.27 -0.0242283 -0.213494 0.214864
10.28 -0.0361667 -0.211265 0.214338
10.29 -0.0479322 -0.208424 0.213865
10.3 -0.0594908 -0.204984 0.213442
10.31 -0.0708098 -0.20096 0.21307
10.32 -0.081856 -0.196368 0.212746
10.33 -0.0925992 -0.191226 0.212466
10.34 -0.103009 -0.185554 0.212229
10.35 -0.113055 -0.179372 0.212028
10.36 -0.122712 -0.172704 0.211861
10.37 -0.131952 -0.165572 0.21172
10.38 -0.14075 -0.158002 0.211601
10.39 -0.149083 -0.15002 0.211499
10.4 -0.156929 -0.141652 0.211405
10.41 -0.164267 -0.132928 0.211314
10.42 -0.17108 -0.123877 0.21122
10.43 -0.177348 -0.114527 0.211113
10.44 -0.183059 -0.104909 0.210989
10.45 -0.188197 -0.0950558 0.21084
10.46 -0.192751 -0.0849971 0.210659
10.47 -0.19671 -0.0747656 0.210439
10.48 -0.200068 -0.064393 0.210176
10.49 -0.202817 -0.0539125 0.209861
10.5 -0.204953 -0.0433562 0.209489
10.51 -0.206474 -0.0327561 0.209056
10.52 -0.207379 -0.0221454 0.208558
10.53 -0.207667 -0.0115558 0.207988
10.54 -0.207344 -0.00101853 0.207346
10.55 -0.206413 0.00943407 0.206628
10.56 -0.204881 0.0197718 0.205833
10.57 -0.202756 0.0299637 0.204958
10.58 -0.200048 0.0399812 0.204004
10.59 -0.196769 0.0497942 0.202971
10.6 -0.192931 0.0593755 0.201861
10.61 -0.18855 0.0686982 0.200675
10.62 -0.183642 0.077736 0.199417
10.63 -0.178225 0.0864634 0.198091
10.64 -0.172317 0.094858 0.196701
10.65 -0.16594 0.102896 0.195252
10.66 -0.159114 0.110556 0.193752
10.67 -0.151863 0.117819 0.192208
10.68 -0.14421 0.124667 0.190626
10.69 -0.136182 0.131081 0.189018
10.7 -0.127802 0.137047 0.187391
10.71 -0.119099 0.142551 0.185756
10.72 -0.1101 0.14758 0.184124
10.73 -0.100833 0.152122 0.182506
10.74 -0.0913262 0.156169 0.180913
10.75 -0.0816104 0.159714 0.179357
10.76 -0.071714 0.162749 0.177849
10.77 -0.0616677 0.165271 0.176401
10.78 -0.0515015 0.167276 0.175025
10.79 -0.0412463 0.168765 0.173732
10.8 -0.0309321 0.169736 0.172531
10.81 -0.0205894 0.170192 0.171433
10.82 -0.0102483 0.170138 0.170446
10.83 6.05099e-05 0.169577 0.169577
10.84 0.0103082 0.168516 0.168831
10.85 0.0204646 0.166966 0.168216
10.86 0.0305008 0.164934 0.167731
10.87 0.040389 0.162432 0.167378
10.88 0.0501005 0.159473 0.167158
10.89 0.0596094 0.156071 0.167067
10.9 0.0688883 0.152239 0.1671
10.91 0.0779126 0.147996 0.167252
10.92 0.0866578 0.143357 0.167514
10.93 0.0950998 0.138343 0.167877
10.94 0.103216 0.132971 0.16833
10.95 0.110987 0.127263 0.168861
10.96 0.118389 0.12124 0.169455
10.97 0.125406 0.114923 0.1701
10.98 0.132019 0.108336 0.17078
10.99 0.138213 0.101501 0.17148
11 0.14397 0.0944435 0.172183
11.01 0.149279 0.0871864 0.172875
11.02 0.154126 0.0797549 0.173539
11.03 0.158501 0.072174 0.17416
11.04 0.162394 0.0644684 0.174722
11.05 0.165797 0.0566631 0.175212
11.06 0.168703 0.0487845 0.175615
11.07 0.171107 0.0408562 0.175917
11.08 0.173006 0.0329046 0.176107
11.09 0.174397 0.0249536 0.176173
11.1 0.175279 0.0170286 0.176105
11.11 0.175654 0.0091525 0.175893
11.12 0.175524 0.00134994 0.175529
11.13 0.174892 -0.00635626 0.175008
11.14 0.173764 -0.0139434 0.174322
11.15 0.172144 -0.0213901 0.173468
11.16 0.170044 -0.0286739 0.172444
11.17 0.167469 -0.0357754 0.171247
11.18 0.164431 -0.0426748 0.169879
11.19 0.160942 -0.0493531 0.168339
11.2 0.157015 -0.055793 0.166633
11.21 0.152662 -0.0619774 0.164763
11.22 0.147901 -0.0678908 0.162739
11.23 0.142746 -0.0735186 0.160566
11.24 0.137214 -0.0788468 0.158255
11.25 0.131324 -0.0838634 0.155817
11.26 0.125095 -0.0885575 0.153268
11.27 0.118545 -0.0929178 0.150621
11.28 0.111696 -0.0969373 0.147895
11.29 0.104569 -0.100607 0.145108
11.3 0.0971853 -0.103921 0.142283
11.31 0.0895672 -0.106874 0.139443
11.32 0.0817375 -0.109462 0.136613
11.33 0.0737192 -0.111683 0.133819
11.34 0.0655359 -0.113535 0.131092
11.35 0.057211 -0.115018 0.128461
11.36 0.0487687 -0.116133 0.125957
11.37 0.0402336 -0.116881 0.123612
11.38 0.0316285 -0.117268 0.121459
11.39 0.0229791 -0.117297 0.119527
11.4 0.0143083 -0.116973 0.117845
11.41 0.00564084 -0.116304 0.116441
11.42 -0.00300042 -0.115297 0.115336
11.43 -0.011591 -0.113961 0.114549
11.44 -0.0201082 -0.112306 0.114092
11.45 -0.028529 -0.110342 0.113971
11.46 -0.0368313 -0.108082 0.114185
11.47 -0.0449921 -0.105537 0.114727
11.48 -0.0529918 -0.102719 0.115583
11.49 -0.0608082 -0.0996445 0.116733
11.5 -0.0684217 -0.0963257 0.118153
11.51 -0.0758128 -0.0927789 0.119814
11.52 -0.0829629 -0.0890187 0.121685
11.53 -0.0898536 -0.0850621 0.12373
11.54 -0.096468 -0.0809246 0.125916
11.55 -0.10279 -0.0766234 0.128206
11.56 -0.108804 -0.0721751 0.130566
11.57 -0.114495 -0.0675981 0.132961
11.58 -0.11985 -0.0629077 0.135356
11.59 -0.124857 -0.0581235 0.137723
11.6 -0.129502 -0.0532617 0.140027
11.61 -0.133777 -0.04834 0.142243
11.62 -0.13767 -0.0433755 0.144342
11.63 -0.141174 -0.0383856 0.1463
11.64 -0.144281 -0.0333868 0.148094
11.65 -0.146985 -0.0283958 0.149703
11.66 -0.14928 -0.0234289 0.151107
11.67 -0.151162 -0.0185021 0.15229
11.68 -0.152626 -0.0136307 0.153233
11.69 -0.153672 -0.00882893 0.153926
11.7 -0.154298 -0.0041124 0.154353
11.71 -0.154998 0.000493345 0.154999
11.72 -0.155773 0.00498867 0.155853
11.73 -0.156626 0.00937546 0.156906
11.74 -0.157558 0.0136542 0.158148
11.75 -0.15857 0.0178266 0.159569
11.76 -0.159664 0.0218937 0.161158
11.77 -0.160843 0.0258568 0.162908
11.78 -0.162106 0.029716 0.164807
11.79 -0.163455 0.0334745 0.166848
11.8 -0.164894 0.0371313 0.169023
11.81 -0.16642 0.0406882 0.171322
11.82 -0.168038 0.0441463 0.17374
11.83 -0.169746 0.0475062 0.176268
11.84 -0.171547 0.0507686 0.178902
11.85 -0.173441 0.0539346 0.181633
11.86 -0.175428 0.0570052 0.184458
11.87 -0.177511 0.0599808 0.187371
11.88 -0.179689 0.0628621 0.190367
11.89 -0.181962 0.0656498 0.193443
11.9 -0.184332 0.0683449 0.196594
11.91 -0.186798 0.0709469 0.199818
11.92 -0.189361 0.0734577 0.20311
11.93 -0.19202 0.0758768 0.206468
11.94 -0.194776 0.0782054 0.20989
11.95 -0.197629 0.0804433 0.213373
11.96 -0.200577 0.0825914 0.216916
11.97 -0.203622 0.0846496 0.220516
11.98 -0.206761 0.0866186 0.224172
11.99 -0.209995 0.0884975 0.227881
12 -0.213322 0.0902885 0.231643
12.01 -0.216743 0.09199 0.235456
12.02 -0.220254 0.0936028 0.239319
12.03 -0.223857 0.0951272 0.243231
12.04 -0.227548 0.096563 0.247189
12.05 -0.231327 0.0979098 0.251195
12.06 -0.235192 0.0991679 0.255244
12.07 -0.239141 0.100337 0.259338
12.08 -0.243172 0.101418 0.263473
12.09 -0.247284 0.102409 0.267651
12.1 -0.251472 0.103311 0.271867
12.11 -0.255737 0.104124 0.276122
12.12 -0.260075 0.104846 0.280413
12.13 -0.264483 0.105479 0.28474
12.14 -0.268959 0.106021 0.289101
12.15 -0.273499 0.106473 0.293493
12.16 -0.278101 0.106833 0.297915
12.17 -0.282761 0.107102 0.302365
12.18 -0.287476 0.107278 0.30684
12.19 -0.292243 0.107363 0.31134
12.2 -0.297058 0.107354 0.315861
12.21 -0.301917 0.107252 0.320401
12.22 -0.306817 0.107055 0.324958
12.23 -0.311753 0.106763 0.329527
12.24 -0.316721 0.106377 0.334108
12.25 -0.321718 0.105894 0.338697
12.26 -0.326738 0.105314 0.343291
12.27 -0.331777 0.104638 0.347887
12.28 -0.336832 0.103863 0.352481
12.29 -0.341896 0.102989 0.357071
12.3 -0.346966 0.102016 0.361653
12.31 -0.352036 0.100943 0.366223
12.32 -0.357103 0.099769 0.370778
12.33 -0.36216 0.0984926 0.375314
12.34 -0.367202 0.0971142 0.379827
12.35 -0.372225 0.0956321 0.384314
12.36 -0.377224 0.0940458 0.38877
12.37 -0.382192 0.0923539 0.393192
12.38 -0.387125 0.0905563 0.397575
12.39 -0.392017 0.0886514 0.401916
12.4 -0.396862 0.0866393 0.406209
12.41 -0.401656 0.0845177 0.410452
12.42 -0.406391 0.0822876 0.414639
12.43 -0.411065 0.0799467 0.418767
12.44 -0.415668 0.0774944 0.42283
12.45 -0.420198 0.0749305 0.426827
12.46 -0.424647 0.0722535 0.43075
12.47 -0.42901 0.0694627 0.434597
12.48 -0.433281 0.0665575 0.438363
12.49 -0.437455 0.0635373 0.442045
12.5 -0.441525 0.0604008 0.445637
12.51 -0.445486 0.0571475 0.449137
12.52 -0.449332 0.0537765 0.452538
12.53 -0.453057 0.0502879 0.45584
12.54 -0.456657 0.0466795 0.459036
12.55 -0.460123 0.0429526 0.462123
12.56 -0.463451 0.0391056 0.465098
12.57 -0.466636 0.0351386 0.467957
12.58 -0.469671 0.0310508 0.470697
12.59 -0.472552 0.0268422 0.473313
12.6 -0.475272 0.0225122 0.475805
12.61 -0.477826 0.0180611 0.478167
12.62 -0.480209 0.0134878 0.480398
12.63 -0.482415 0.00879379 0.482495
12.64 -0.48444 0.00397843 0.484456
12.65 -0.486277 -0.00095881 0.486278
12.66 -0.487923 -0.00601624 0.48796
12.67 -0.489372 -0.0111947 0.489501
12.68 -0.49062 -0.0164934 0.490897
12.69 -0.491661 -0.021912 0.492149
12.7 -0.492492 -0.0274491 0.493256
12.71 -0.493107 -0.0331047 0.494217
12.72 -0.493503 -0.0388773 0.495032
12.73 -0.493674 -0.0447664 0.4957
12.74 -0.493619 -0.0507699 0.496223
12.75 -0.493333 -0.0568881 0.496602
12.76 -0.492811 -0.0631182 0.496837
12.77 -0.492052 -0.0694594 0.49693
12.78 -0.49105 -0.0759097 0.496883
12.79 -0.489804 -0.0824676 0.496698
12.8 -0.488311 -0.0891308 0.496379
12.81 -0.486568 -0.0958977 0.495928
12.82 -0.484572 -0.102766 0.495349
12.83 -0.482321 -0.109733 0.494647
12.84 -0.479814 -0.116797 0.493825
12.85 -0.477048 -0.123955 0.492889
12.86 -0.474021 -0.131205 0.491844
12.87 -0.470733 -0.138542 0.490697
12.88 -0.467182 -0.145965 0.489453
12.89 -0.463367 -0.15347 0.488121
12.9 -0.459288 -0.161055 0.486707
12.91 -0.454943 -0.168714 0.485219
12.92 -0.450333 -0.176445 0.483666
12.93 -0.445459 -0.184244 0.482058
12.94 -0.440318 -0.192108 0.480402
12.95 -0.434914 -0.200031 0.478709
12.96 -0.429246 -0.208011 0.476991
12.97 -0.423314 -0.216041 0.475257
12.98 -0.417122 -0.224119 0.473518
12.99 -0.410669 -0.232239 0.471788
13 -0.403957 -0.240396 0.470076
13.01 -0.396988 -0.248586 0.468396
13.02 -0.389765 -0.256804 0.46676
13.03 -0.38229 -0.265043 0.465181
13.04 -0.374566 -0.273299 0.463673
13.05 -0.366595 -0.281567 0.462246
13.06 -0.358381 -0.289839 0.460916
13.07 -0.349927 -0.298112 0.459695
13.08 -0.341237 -0.306377 0.458596
13.09 -0.332315 -0.314631 0.457631
13.1 -0.323165 -0.322865 0.456812
13.11 -0.313792 -0.331074 0.456153
13.12 -0.3042 -0.339251 0.455663
13.13 -0.294395 -0.347391 0.455355
13.14 -0.284381 -0.355485 0.455239
13.15 -0.274164 -0.363528 0.455323
13.16 -0.263749 -0.371512 0.455615
13.17 -0.253144 -0.379431 0.456125
13.18 -0.242353 -0.387277 0.456857
13.19 -0.231383 -0.395043 0.457818
13.2 -0.220241 -0.402722 0.459011
13.21 -0.208934 -0.410307 0.46044
13.22 -0.197468 -0.417791 0.462107
13.23 -0.185852 -0.425165 0.464011
13.24 -0.174092 -0.432422 0.466151
13.25 -0.162196 -0.439556 0.468527
13.26 -0.150172 -0.446559 0.471133
13.27 -0.13803 -0.453422 0.473966
13.28 -0.125776 -0.46014 0.47702
13.29 -0.113418 -0.466703 0.480287
13.3 -0.100967 -0.473106 0.48376
13.31 -0.0884304 -0.47934 0.487429
13.32 -0.075817 -0.485398 0.491284
13.33 -0.063136 -0.491273 0.495313
13.34 -0.050397 -0.496957 0.499506
13.35 -0.0376092 -0.502443 0.503848
13.36 -0.0247824 -0.507724 0.508329
13.37 -0.0119251 -0.512793 0.512931
13.38 0.000951039 -0.517643 0.517644
13.39 0.0138383 -0.522267 0.52245
13.4 0.0267256 -0.526657 0.527335
13.41 0.039603 -0.530809 0.532284
13.42 0.0524605 -0.534714 0.537281
13.43 0.0652884 -0.538366 0.542311
13.44 0.0780758 -0.54176 0.547357
13.45 0.0908133 -0.544889 0.552405
13.46 0.10349 -0.547748 0.557439
13.47 0.116097 -0.55033 0.562443
13.48 0.128622 -0.552629 0.5674
13.49 0.141056 -0.554641 0.572297
13.5 0.15339 -0.55636 0.577118
13.51 0.165611 -0.557781 0.581847
13.52 0.17771 -0.558899 0.586472
13.53 0.189678 -0.55971 0.590976
13.54 0.201504 -0.560209 0.595347
13.55 0.213177 -0.560392 0.599569
13.56 0.224688 -0.560255 0.603631
13.57 0.236027 -0.559794 0.607518
13.58 0.247185 -0.559007 0.611219
13.59 0.25815 -0.557889 0.614721
13.6 0.268914 -0.55644 0.618013
13.61 0.279467 -0.554654 0.621082
13.62 0.2898 -0.552531 0.623919
13.63 0.299903 -0.550068 0.626512
13.64 0.309768 -0.547264 0.628852
13.65 0.319385 -0.544118 0.630929
13.66 0.328746 -0.540627 0.632734
13.67 0.337841 -0.536793 0.634258
13.68 0.346663 -0.532614 0.635494
13.69 0.355203 -0.528089 0.636433
13.7 0.363452 -0.523221 0.63707
13.71 0.371404 -0.518009 0.637397
13.72 0.379051 -0.512454 0.637408
13.73 0.386385 -0.506557 0.637097
13.74 0.393398 -0.500321 0.636461
13.75 0.400085 -0.493747 0.635495
13.76 0.406437 -0.486838 0.634194
13.77 0.412451 -0.479596 0.632557
13.78 0.418117 -0.472026 0.630579
13.79 0.423433 -0.464129 0.628261
13.8 0.428391 -0.45591 0.625598
13.81 0.432987 -0.447374 0.622592
13.82 0.437215 -0.438525 0.619242
13.83 0.441072 -0.429367 0.615549
13.84 0.444552 -0.419906 0.611513
13.85 0.447653 -0.410148 0.607137
13.86 0.45037 -0.400098 0.602422
13.87 0.452701 -0.389763 0.597372
13.88 0.454642 -0.379149 0.591991
13.89 0.456191 -0.368264 0.586284
13.9 0.457346 -0.357114 0.580255
13.91 0.458105 -0.345708 0.573911
13.92 0.458467 -0.334053 0.56726
13.93 0.458431 -0.322157 0.560307
13.94 0.457996 -0.310029 0.553063
13.95 0.457162 -0.297677 0.545535
13.96 0.45593 -0.285112 0.537736
13.97 0.454299 -0.27234 0.529676
13.98 0.452271 -0.259374 0.521367
13.99 0.449846 -0.246221 0.512822
14 0.447028 -0.232893 0.504057
14.01 0.443818 -0.219399 0.495086
14.02 0.440217 -0.205751 0.485927
14.03 0.436231 -0.191957 0.476597
14.04 0.431859 -0.178031 0.467116
14.05 0.427108 -0.163982 0.457506
14.06 0.421981 -0.149822 0.447789
14.07 0.416483 -0.135563 0.43799
14.08 0.410617 -0.121215 0.428135
14.09 0.404391 -0.106791 0.418254
14.1 0.397807 -0.0923033 0.408375
14.11 0.390874 -0.0777625 0.398534
14.12 0.383596 -0.0631811 0.388764
14.13 0.375981 -0.0485721 0.379105
14.14 0.368035 -0.0339464 0.369597
14.15 0.359767 -0.0193171 0.360285
14.16 0.351182 -0.00469633 0.351213
14.17 0.34229 0.00990348 0.342434
14.18 0.333099 0.0244702 0.333996
14.19 0.323617 0.0389908 0.325957
14.2 0.313853 0.0534536 0.318372
14.21 0.303817 0.0678449 0.3113
14.22 0.293518 0.0821542 0.304799
14.23 0.282966 0.0963677 0.298926
14.24 0.272172 0.110474 0.293738
14.25 0.261145 0.12446 0.289287
14.26 0.249897 0.138315 0.285621
14.27 0.238438 0.152027 0.28278
14.28 0.22678 0.165583 0.280797
14.29 0.214934 0.178972 0.279692
14.3 0.202913 0.192182 0.279477
14.31 0.190077 0.204588 0.279259
14.32 0.176483 0.216138 0.279037
14.33 0.162185 0.226788 0.278813
14.34 0.147243 0.236492 0.278584
14.35 0.131722 0.245214 0.278353
14.36 0.115684 0.252917 0.278118
14.37 0.0991963 0.259572 0.27788
14.38 0.0823284 0.265151 0.277639
14.39 0.06515 0.269635 0.277394
14.4 0.047732 0.273005 0.277146
14.41 0.0301471 0.275249 0.276895
14.42 0.0124676 0.276359 0.27664
14.43 -0.00523211 0.276333 0.276383
14.44 -0.0228807 0.275172 0.276122
14.45 -0.0404034 0.272882 0.275857
14.46 -0.0577292 0.269475 0.27559
14.47 -0.074786 0.264967 0.275319
14.48 -0.0915047 0.259378 0.275045
14.49 -0.107816 0.252732 0.274768
14.5 -0.123653 0.245059 0.274488
14.51 -0.13895 0.236392 0.274205
14.52 -0.153647 0.226769 0.273919
14.53 -0.167681 0.216231 0.273629
14.54 -0.180998 0.204823 0.273336
14.55 -0.193542 0.192595 0.273041
14.56 -0.205263 0.179597 0.272742
14.57 -0.216114 0.165886 0.27244
14.58 -0.226051 0.15152 0.272135
14.59 -0.235035 0.136559 0.271827
14.6 -0.24303 0.121066 0.271516
14.61 -0.250005 0.105107 0.271202
14.62 -0.255933 0.0887499 0.270884
14.63 -0.260792 0.0720615 0.270565
14.64 -0.264562 0.0551128 0.270241
14.65 -0.267231 0.0379751 0.269916
14.66 -0.26879 0.0207184 0.269587
14.67 -0.269234 0.0034161 0.269256
14.68 -0.268563 -0.0138601 0.268921
14.69 -0.266784 -0.0310386 0.268583
14.7 -0.263904 -0.0480481 0.268243
14.71 -0.259939 -0.0648175 0.267899
14.72 -0.254908 -0.0812787 0.267552
14.73 -0.248833 -0.0973621 0.267203
14.74 -0.241743 -0.113004 0.266851
14.75 -0.233667 -0.128137 0.266495
14.76 -0.224644 -0.142701 0.266136
14.77 -0.214712 -0.156637 0.265775
14.78 -0.203915 -0.169887 0.26541
14.79 -0.1923 -0.182397 0.265043
14.8 -0.179917 -0.194117 0.264673
14.81 -0.16682 -0.205001 0.264299
14.82 -0.153066 -0.215004 0.263923
14.83 -0.138711 -0.224086 0.263544
14.84 -0.123821 -0.232213 0.263162
14.85 -0.108456 -0.239352 0.262777
14.86 -0.0926825 -0.245474 0.262388
14.87 -0.0765682 -0.25056 0.261998
14.88 -0.0601809 -0.254587 0.261604
14.89 -0.0435896 -0.257544 0.261207
14.9 -0.0268652 -0.259419 0.260807
14.91 -0.0100775 -0.260209 0.260404
14.92 0.00670287 -0.259911 0.259997
14.93 0.0234051 -0.258531 0.259588
14.94 0.0399596 -0.256077 0.259176
14.95 0.0562967 -0.252563 0.258761
14.96 0.0723498 -0.248005 0.258343
14.97 0.0880506 -0.242427 0.257922
14.98 0.103335 -0.235854 0.257498
14.99 0.11814 -0.228317 0.257071
15 0.132405 -0.21985 0.256642
15.01 0.14607 -0.210491 0.256209
15.02 0.159081 -0.200283 0.255773
15.03 0.171383 -0.189271 0.255335
15.04 0.18293 -0.177504 0.254894
15.05 0.193672 -0.165032 0.254449
15.06 0.203568 -0.151913 0.254003
15.07 0.212578 -0.138201 0.253553
15.08 0.220667 -0.123957 0.2531
15.09 0.227805 -0.109243 0.252644
15.1 0.233963 -0.0941232 0.252186
15.11 0.239119 -0.0786609 0.251725
15.12 0.243254 -0.0629239 0.251261
15.13 0.246355 -0.0469784 0.250795
15.14 0.248412 -0.0308935 0.250325
15.15 0.249419 -0.0147363 0.249854
15.16 0.249375 0.00142365 0.249379
15.17 0.248285 0.0175181 0.248902
15.18 0.246156 0.0334801 0.248422
15.19 0.243001 0.0492416 0.24794
15.2 0.238837 0.0647372 0.247455
15.21 0.233686 0.0799025 0.246968
15.22 0.227571 0.0946745 0.246479
15.23 0.220522 0.108991 0.245986
15.24 0.212573 0.122795 0.245492
15.25 0.203761 0.136028 0.244994
15.26 0.194126 0.148637 0.244495
15.27 0.18371 0.16057 0.243992
15.28 0.172564 0.17178 0.243488
15.29 0.160734 0.182221 0.242981
15.3 0.148274 0.191853 0.242472
15.31 0.13524 0.200636 0.24196
15.32 0.121689 0.208538 0.241447
15.33 0.10768 0.215528 0.24093
15.34 0.0932755 0.221579 0.240411
15.35 0.0785362 0.22667 0.23989
15.36 0.0635281 0.230783 0.239367
15.37 0.048314 0.233905 0.238842
15.38 0.0329606 0.236024 0.238314
15.39 0.0175336 0.237137 0.237784
15.4 0.00209859 0.237243 0.237252
15.41 -0.0132786 0.236344 0.236717
15.42 -0.0285322 0.23445 0.23618
15.43 -0.0435981 0.231572 0.23564
15.44 -0.0584132 0.227726 0.235099
15.45 -0.0729147 0.222934 0.234555
15.46 -0.0870427 0.217218 0.234008
15.47 -0.100738 0.210608 0.23346
15.48 -0.113944 0.203134 0.232909
15.49 -0.126606 0.194834 0.232356
15.5 -0.138673 0.185745 0.231801
15.51 -0.150096 0.175911 0.231243
15.52 -0.160828 0.165376 0.230684
15.53 -0.170827 0.154188 0.230121
15.54 -0.180054 0.142399 0.229558
15.55 -0.188471 0.13006 0.228991
15.56 -0.196048 0.117227 0.228423
15.57 -0.202754 0.103958 0.227852
15.58 -0.208566 0.090312 0.227279
15.59 -0.213462 0.0763475 0.226705
15.6 -0.217425 0.0621273 0.226127
15.61 -0.220443 0.0477129 0.225548
15.62 -0.222508 0.0331674 0.224967
15.63 -0.223615 0.018553 0.224383
15.64 -0.223762 0.00393393 0.223797
15.65 -0.222956 -0.0106279 0.22321
15.66 -0.221203 -0.0250694 0.222619
15.67 -0.218517 -0.0393301 0.222028
15.68 -0.214912 -0.053349 0.221434
15.69 -0.210409 -0.0670667 0.220839
15.7 -0.205032 -0.0804273 0.220242
15.71 -0.198807 -0.0933734 0.219643
15.72 -0.191767 -0.105852 0.219041
15.73 -0.183945 -0.117812 0.218438
15.74 -0.175379 -0.129205 0.217834
15.75 -0.166109 -0.139983 0.217227
15.76 -0.15618 -0.150105 0.216619
15.77 -0.145638 -0.159529 0.216009
15.78 -0.13453 -0.168219 0.215398
15.79 -0.122908 -0.176141 0.214784
15.8 -0.110825 -0.183265 0.214169
15.81 -0.0983345 -0.189565 0.213552
15.82 -0.0854935 -0.195017 0.212934
15.83 -0.0723589 -0.199603 0.212314
15.84 -0.0589893 -0.203308 0.211693
15.85 -0.0454427 -0.20612 0.21107
15.86 -0.0317798 -0.208033 0.210446
15.87 -0.0180587 -0.209042 0.209821
15.88 -0.00434077 -0.209149 0.209194
15.89 0.00931648 -0.208358 0.208566
15.9 0.0228534 -0.206676 0.207936
15.91 0.0362119 -0.204118 0.207305
15.92 0.0493362 -0.200698 0.206673
15.93 0.0621705 -0.196436 0.206039
15.94 0.0746605 -0.191355 0.205404
15.95 0.0867544 -0.185483 0.204769
15.96 0.0984025 -0.178848 0.204131
15.97 0.109556 -0.171484 0.203493
15.98 0.12017 -0.163427 0.202853
15.99 0.130201 -0.154717 0.202211
16 0.13961 -0.145394 0.20157
16.01 0.148359 -0.135502 0.200926
16.02 0.156415 -0.125089 0.200282
16.03 0.163745 -0.114201 0.199636
16.04 0.170324 -0.10289 0.198989
16.05 0.176127 -0.0912067 0.198341
16.06 0.181132 -0.0792047 0.197693
16.07 0.185324 -0.0669369 0.197042
16.08 0.188689 -0.0544598 0.196391
16.09 0.191218 -0.0418272 0.195739
16.1 0.192904 -0.0290967 0.195086
16.11 0.193745 -0.0163229 0.194432
16.12 0.193743 -0.00356237 0.193776
16.13 0.192903 0.00912916 0.193119
16.14 0.191235 0.0216968 0.192461
16.15 0.18875 0.0340872 0.191803
16.16 0.185464 0.0462467 0.191143
16.17 0.181398 0.058124 0.190483
16.18 0.176573 0.0696693 0.189821
16.19 0.171017 0.0808341 0.189159
16.2 0.164757 0.0915725 0.188495
16.21 0.157826 0.101839 0.187831
16.22 0.150259 0.111594 0.187166
16.23 0.142092 0.120797 0.1865
16.24 0.133366 0.129412 0.185833
16.25 0.124122 0.137404 0.185165
16.26 0.114404 0.144744 0.184497
16.27 0.104258 0.151403 0.183828
16.28 0.0937319 0.157357 0.183158
16.29 0.082873 0.162584 0.182487
16.3 0.0717326 0.167068 0.181816
16.31 0.06036 0.170792 0.181144
16.32 0.0488084 0.173746 0.180471
16.33 0.0371282 0.175924 0.179799
16.34 0.0253721 0.177319 0.179125
16.35 0.0135918 0.177933 0.178451
16.36 0.00184016 0.177767 0.177777
16.37 -0.00983286 0.176829 0.177102
16.38 -0.0213754 0.175127 0.176426
16.39 -0.0327388 0.172675 0.175751
16.4 -0.0438735 0.169489 0.175075
16.41 -0.0547332 0.165589 0.1744
16.42 -0.0652724 0.160995 0.173723
16.43 -0.0754458 0.155734 0.173047
16.44 -0.0852129 0.149834 0.17237
16.45 -0.0945328 0.143326 0.171694
16.46 -0.103368 0.136241 0.171016
16.47 -0.111683 0.128617 0.170339
16.48 -0.119446 0.12049 0.169662
16.49 -0.126626 0.1119 0.168985
16.5 -0.133197 0.102889 0.168308
16.51 -0.139133 0.0934976 0.16763
16.52 -0.144414 0.0837725 0.166953
16.53 -0.149021 0.073757 0.166275
16.54 -0.152939 0.0634996 0.165598
16.55 -0.156157 0.0530459 0.164921
16.56 -0.158665 0.0424439 0.164244
16.57 -0.160457 0.0317409 0.163567
16.58 -0.161532 0.020986 0.16289
16.59 -0.16189 0.0102257 0.162213
16.6 -0.161535 -0.000490994 0.161536
16.61 -0.160475 -0.0111185 0.160859
16.62 -0.158718 -0.0216094 0.160182
16.63 -0.15628 -0.0319187 0.159506
16.64 -0.153175 -0.0420031 0.15883
16.65 -0.149424 -0.0518183 0.158154
16.66 -0.145046 -0.061324 0.157477
16.67 -0.140069 -0.0704806 0.156802
16.68 -0.134516 -0.0792501 0.156126
16.69 -0.12842 -0.0875959 0.15545
16.7 -0.121809 -0.0954859 0.154774
16.71 -0.114719 -0.102888 0.154099
16.72 -0.107185 -0.109774 0.153424
16.73 -0.099243 -0.116117 0.152749
16.74 -0.0909332 -0.121893 0.152075
16.75 -0.0822934 -0.127082 0.1514
16.76 -0.0733663 -0.131666 0.150726
16.77 -0.0641937 -0.135628 0.150052
16.78 -0.0548189 -0.138957 0.149379
16.79 -0.0452842 -0.141643 0.148706
16.8 -0.0356346 -0.14368 0.148033
16.81 -0.0259123 -0.145064 0.14736
16.82 -0.0161635 -0.145795 0.146688
16.83 -0.00643001 -0.145875 0.146017
16.84 0.00324378 -0.145309 0.145345
16.85 0.0128156 -0.144105 0.144674
16.86 0.022244 -0.142275 0.144003
16.87 0.0314879 -0.139832 0.143333
16.88 0.040507 -0.136792 0.142664
16.89 0.0492642 -0.133175 0.141995
16.9 0.0577229 -0.129001 0.141326
16.91 0.0658471 -0.124294 0.140659
16.92 0.073604 -0.11908 0.139991
16.93 0.0809612 -0.113387 0.139325
16.94 0.0878916 -0.107245 0.138659
16.95 0.0943662 -0.100684 0.137993
16.96 0.100362 -0.093739 0.13733
16.97 0.105854 -0.0864439 0.136666
16.98 0.110825 -0.078834 0.136003
16.99 0.115255 -0.0709463 0.135341
17 0.119131 -0.0628197 0.13468
17.01 0.122441 -0.0544917 0.134019
17.02 0.125174 -0.0460029 0.13336
17.03 0.127324 -0.0373908 0.132701
17.04 0.128887 -0.0286969 0.132043
17.05 0.129862 -0.0199595 0.131387
17.06 0.130249 -0.0112192 0.130731
17.07 0.130052 -0.00251489 0.130077
17.08 0.129278 0.00611478 0.129423
17.09 0.127936 0.0146325 0.12877
17.1 0.126037 0.0230001 0.128119
17.11 0.123596 0.0311816 0.127469
17.12 0.120627 0.0391427 0.126819
17.13 0.11715 0.0468494 0.126171
17.14 0.113185 0.0542702 0.125523
17.15 0.108755 0.0613725 0.124877
17.16 0.103884 0.0681297 0.124232
17.17 0.0985978 0.0745131 0.123587
17.18 0.0929252 0.0804986 0.122944
17.19 0.0868956 0.0860627 0.122301
17.2 0.0805393 0.0911853 0.121661
17.21 0.0738877 0.0958464 0.12102
17.22 0.0669748 0.100031 0.120382
17.23 0.0598332 0.103723 0.119744
17.24 0.0524989 0.106913 0.119107
17.25 0.0450051 0.109591 0.118472
17.26 0.0373893 0.111748 0.117837
17.27 0.0296856 0.113383 0.117204
17.28 0.0219303 0.114491 0.116572
17.29 0.0141586 0.115073 0.115941
17.3 0.00640652 0.115133 0.115311
17.31 -0.00129186 0.114676 0.114683
17.32 -0.00890127 0.113707 0.114055
17.33 -0.0163887 0.112238 0.113429
17.34 -0.0237213 0.11028 0.112803
17.35 -0.0308675 0.107849 0.112179
17.36 -0.0377976 0.104958 0.111556
17.37 -0.0444805 0.101626 0.110934
17.38 -0.0508904 0.097874 0.110314
17.39 -0.0570004 0.0937223 0.109695
17.4 -0.0627861 0.0891943 0.109077
17.41 -0.068224 0.0843152 0.10846
17.42 -0.0732944 0.0791108 0.107845
17.43 -0.077977 0.0736073 0.107231
17.44 -0.0822563 0.0678341 0.106619
17.45 -0.0861158 0.0618196 0.106007
17.46 -0.089543 0.0555953 0.105398
17.47 -0.0925273 0.0491894 0.10479
17.48 -0.0950592 0.042635 0.104182
17.49 -0.0971332 0.035963 0.103577
17.5 -0.098745 0.0292055 0.102973
17.51 -0.0998919 0.0223935 0.102371
17.52 -0.100573 0.0155594 0.10177
17.53 -0.100793 0.00873357 0.101171
17.54 -0.100554 0.00194815 0.100573
17.55 -0.0998635 -0.00476693 0.0999772
17.56 -0.0987283 -0.0113818 0.0993822
17.57 -0.0971606 -0.0178666 0.0987897
17.58 -0.0951713 -0.0241954 0.0981987
17.59 -0.0927748 -0.0303393 0.0976096
17.6 -0.0899863 -0.0362729 0.097022
17.61 -0.0868237 -0.0419718 0.0964364
17.62 -0.0833049 -0.0474131 0.0958525
17.63 -0.0794506 -0.0525735 0.09527
17.64 -0.0752825 -0.0574344 0.0946898
17.65 -0.0708229 -0.0619755 0.0941108
17.66 -0.0660963 -0.0661817 0.0935347
17.67 -0.061126 -0.070036 0.0929593
17.68 -0.0559395 -0.0735255 0.0923863
17.69 -0.0505612 -0.0766389 0.0918148
17.7 -0.045019 -0.0793662 0.0912453
17.71 -0.0393402 -0.081699 0.0906773
17.72 -0.0335529 -0.0836319 0.0901116
17.73 -0.0276835 -0.085161 0.0895477
17.74 -0.0217612 -0.0862835 0.0889854
17.75 -0.0158125 -0.0870003 0.0884256
17.76 -0.00986644 -0.0873114 0.0878671
17.77 -0.00394929 -0.0872219 0.0873113
17.78 0.0019126 -0.0867349 0.086756
17.79 0.00769164 -0.0858594 0.0862032
17.8 0.0133633 -0.0846035 0.0856524
17.81 0.0189024 -0.0829778 0.0851035
17.82 0.0242852 -0.0809934 0.0845559
17.83 0.0294886 -0.0786649 0.0840104
17.84 0.0344921 -0.0760066 0.0834669
17.85 0.0392731 -0.0730354 0.0829249
17.86 0.0438141 -0.0697683 0.082385
17.87 0.0480952 -0.0662241 0.081846
17.88 0.0521021 -0.0624238 0.0813103
17.89 0.0558188 -0.0583861 0.0807755
17.9 0.0592317 -0.0541346 0.080243
17.91 0.0623291 -0.0496905 0.0797124
17.92 0.065101 -0.045077 0.0791838
17.93 0.0675384 -0.0403169 0.0786568
17.94 0.0696339 -0.0354356 0.0781317
17.95 0.0713833 -0.0304556 0.0776087
17.96 0.0727818 -0.0254026 0.0770875
17.97 0.0738289 -0.0202996 0.0765688
17.98 0.0745222 -0.0151717 0.0760509
17.99 0.0748654 -0.0100431 0.0755361
18 0.0748598 -0.00493616 0.0750224
18.01 0.0745108 0.000124227 0.0745109
18.02 0.0738242 0.0051155 0.0740012
18.03 0.0728082 0.0100155 0.0734938
18.04 0.0714711 0.0148038 0.0729882
18.05 0.0698245 0.0194581 0.072485
18.06 0.0678793 0.0239603 0.071984
18.07 0.065649 0.0282897 0.0714849
18.08 0.0631473 0.0324308 0.0709883
18.09 0.0603888 0.0363651 0.0704927
18.1 0.0573918 0.0400782 0.0700006
18.11 0.0541718 0.0435557 0.0695103
18.12 0.0507471 0.0467844 0.0690221
18.13 0.0471361 0.0497528 0.0685358
18.14 0.0433588 0.0524513 0.0680524
18.15 0.0394337 0.0548706 0.0675707
18.16 0.0353827 0.0570029 0.0670915
18.17 0.0312244 0.0588426 0.066614
18.18 0.0269815 0.0603847 0.0661386
18.19 0.0226735 0.0616277 0.0656663
18.2 0.0183217 0.0625677 0.0651951
18.21 0.0139474 0.0632063 0.0647269
18.22 0.00957035 0.0635441 0.0642607
18.23 0.0052112 0.0635837 0.0637969
18.24 0.000890071 0.0633285 0.0633347
18.25 -0.00337291 0.0627848 0.0628753
18.26 -0.00756007 0.0619582 0.0624177
18.27 -0.0116514 0.0608575 0.0619628
18.28 -0.0156308 0.0594907 0.0615099
18.29 -0.0194795 0.057868 0.0610586
18.3 -0.0231835 0.0560014 0.0606105
18.31 -0.0267263 0.0539013 0.0601635
18.32 -0.0300934 0.0515825 0.0597191
18.33 -0.0332716 0.049058 0.0592764
18.34 -0.0362493 0.0463429 0.058836
18.35 -0.0390151 0.0434517 0.0583972
18.36 -0.0415591 0.0404025 0.0579613
18.37 -0.0438725 0.0372096 0.0575269
18.38 -0.0459475 0.0338916 0.0570947
18.39 -0.0477787 0.0304642 0.0566645
18.4 -0.0493592 0.0269464 0.0562356
18.41 -0.0506877 0.0233562 0.05581
18.42 -0.0517596 0.0197105 0.0553855
18.43 -0.0525745 0.0160279 0.0549633
18.44 -0.0531321 0.0123259 0.0545431
18.45 -0.0534342 0.00862246 0.0541254
18.46 -0.0534818 0.00493423 0.053709
18.47 -0.0532797 0.00127964 0.053295
18.48 -0.0528312 -0.00232586 0.0528824
18.49 -0.0521434 -0.00586442 0.0524722
18.5 -0.0512227 -0.00932238 0.0520641
18.51 -0.0500759 -0.0126826 0.051657
18.52 -0.0487139 -0.0159322 0.0512531
18.53 -0.0471448 -0.019057 0.0508508
18.54 -0.0453795 -0.022044 0.0504503
18.55 -0.043429 -0.0248811 0.0500515
18.56 -0.0413066 -0.0275577 0.0496554
18.57 -0.0390236 -0.0300632 0.0492609
18.58 -0.0365947 -0.0323886 0.0488691
18.59 -0.0340318 -0.0345257 0.0484787
18.6 -0.0313507 -0.0364669 0.0480906
18.61 -0.0285647 -0.038208 0.0477053
18.62 -0.025689 -0.0397411 0.047321
18.63 -0.0227391 -0.0410639 0.0469394
18.64 -0.0197294 -0.0421727 0.0465595
18.65 -0.0166753 -0.0430664 0.046182
18.66 -0.0135919 -0.0437431 0.0458061
18.67 -0.010495 -0.0442044 0.0454332
18.68 -0.0073982 -0.0444501 0.0450616
18.69 -0.00431719 -0.0444837 0.0446927
18.7 -0.00126504 -0.0443073 0.0443254
18.71 0.00174217 -0.0439254 0.0439599
18.72 0.00469309 -0.0433443 0.0435976
18.73 0.00757349 -0.042568 0.0432365
18.74 0.0103711 -0.041605 0.0428782
18.75 0.013074 -0.040462 0.0425218
18.76 0.0156714 -0.0391476 0.0421679
18.77 0.0181524 -0.0376697 0.0418153
18.78 0.0205069 -0.0360398 0.0414657
18.79 0.0227257 -0.0342662 0.0411173
18.8 0.0248003 -0.0323612 0.0407714
18.81 0.0267244 -0.0303344 0.0404273
18.82 0.0284892 -0.0281986 0.0400848
18.83 0.0300913 -0.0259659 0.0397456
18.84 0.0315236 -0.0236473 0.0394073
18.85 0.0327831 -0.021256 0.0390711
18.86 0.0338661 -0.0188044 0.0387365
18.87 0.0347712 -0.0163059 0.0384047
18.88 0.0354958 -0.0137721 0.0380739
18.89 0.0360407 -0.0112169 0.0377458
18.9 0.0364051 -0.00865147 0.037419
18.91 0.0365913 -0.00608984 0.0370946
18.92 0.0366014 -0.00354201 0.0367724
18.93 0.0364366 -0.00102205 0.036451
18.94 0.0361029 0.00145948 0.0361324
18.95 0.0356032 0.0038911 0.0358152
18.96 0.0349435 0.006262 0.0355002
18.97 0.0341289 0.00856169 0.0351864
18.98 0.0331672 0.0107808 0.0348754
18.99 0.0320642 0.0129097 0.0345655
19 0.0308289 0.0149398 0.0342581
19.01 0.0294678 0.0168631 0.0339516
19.02 0.0279913 0.0186712 0.0336471
19.03 0.0264081 0.0203598 0.0333453
19.04 0.0247273 0.0219204 0.0330445
19.05 0.0229595 0.023349 0.0327462
19.06 0.0211139 0.0246409 0.0324495
19.07 0.0192011 0.0257928 0.0321551
19.08 0.0172311 0.0268007 0.031862
19.09 0.0152154 0.0276633 0.0315716
19.1 0.0131633 0.0283779 0.0312823
19.11 0.0110865 0.0289451 0.0309956
19.12 0.00899376 0.0293641 0.0307105
19.13 0.00689762 0.029635 0.0304272
19.14 0.00480618 0.0297611 0.0301467
19.15 0.00273019 0.0297422 0.0298672
19.16 0.000679508 0.0295823 0.0295901
19.17 -0.00133635 0.029284 0.0293144
19.18 -0.00330868 0.0288522 0.0290413
19.19 -0.00522878 0.0282903 0.0287694
19.2 -0.00708819 0.027605 0.0285005
19.21 -0.00887922 0.0268001 0.0282327
19.22 -0.0105942 0.0258833 0.0279675
19.23 -0.012228 0.0248595 0.0277042
19.24 -0.0137716 0.0237363 0.0274421
19.25 -0.0152217 0.0225218 0.0271832
19.26 -0.0165714 0.0212221 0.0269256
19.27 -0.017817 0.0198457 0.0266701
19.28 -0.018954 0.0184001 0.0264163
19.29 -0.0199799 0.0168946 0.0261653
19.3 -0.0208905 0.0153361 0.0259154
19.31 -0.0216844 0.013734 0.0256678
19.32 -0.0223592 0.0120958 0.0254213
19.33 -0.0229142 0.010432 0.0251771
19.34 -0.0233499 0.00874882 0.0249351
19.35 -0.0236643 0.00705634 0.024694
19.36 -0.0238605 0.00536238 0.0244556
19.37 -0.0239383 0.00367497 0.0242187
19.38 -0.0239002 0.00200218 0.0239839
19.39 -0.0237474 0.000351743 0.02375
19.4 -0.0234844 -0.00126855 0.0235186
19.41 -0.0231133 -0.00285151 0.0232885
19.42 -0.022639 -0.00439004 0.0230608
19.43 -0.0220643 -0.00587836 0.022834
19.44 -0.021395 -0.00730854 0.0226089
19.45 -0.0206362 -0.00867733 0.0223864
19.46 -0.0197921 -0.00997682 0.0221645
19.47 -0.0188694 -0.0112028 0.0219444
19.48 -0.0178736 -0.0123505 0.0217256
19.49 -0.0168116 -0.0134164 0.0215088
19.5 -0.015689 -0.0143962 0.0212931
19.51 -0.0145135 -0.0152873 0.0210795
19.52 -0.0132909 -0.0160865 0.0208668
19.53 -0.0120291 -0.0167924 0.0206563
19.54 -0.0107334 -0.0174034 0.0204471
19.55 -0.00941271 -0.0179168 0.0202388
19.56 -0.00807297 -0.0183345 0.0200331
19.57 -0.00672114 -0.0186546 0.0198284
19.58 -0.00536444 -0.0188784 0.0196258
19.59 -0.00400924 -0.0190059 0.0194241
19.6 -0.00266222 -0.0190394 0.0192247
19.61 -0.00132928 -0.0189796 0.0190261
19.62 -1.74524e-05 -0.0188297 0.0188297
19.63 0.00126771 -0.0185909 0.018634
19.64 0.00251928 -0.0182673 0.0184402
19.65 0.00373445 -0.0178621 0.0182483
19.66 0.00490516 -0.017378 0.018057
19.67 0.00602835 -0.0168208 0.0178684
19.68 0.00709881 -0.016193 0.0176807
19.69 0.0081128 -0.0155 0.0174948
19.7 0.00906601 -0.0147456 0.0173097
19.71 0.00995533 -0.0139364 0.017127
19.72 0.0107776 -0.0130761 0.0169452
19.73 0.0115307 -0.012171 0.0167657
19.74 0.0122122 -0.011225 0.0165873
19.75 0.0128193 -0.0102454 0.0164104
19.76 0.0133528 -0.00923598 0.0162358
19.77 0.013809 -0.00820265 0.0160615
19.78 0.014189 -0.0071517 0.0158894
19.79 0.0144915 -0.00608817 0.0157184
19.8 0.0147174 -0.00501784 0.0155493
19.81 0.0148663 -0.00394517 0.0153809
19.82 0.0149401 -0.00287644 0.0152145
19.83 0.0149391 -0.00181631 0.0150491
19.84 0.0148655 -0.000770546 0.0148854
19.85 0.0147204 0.000257719 0.0147226
19.86 0.0145059 0.00126118 0.0145606
19.87 0.0142262 0.00223758 0.0144011
19.88 0.0138822 0.00318155 0.0142422
19.89 0.0134781 0.00408944 0.0140849
19.9 0.0130164 0.00495759 0.0139285
19.91 0.0125014 0.00578248 0.0137739
19.92 0.0119355 0.00656092 0.0136199
19.93 0.0113238 0.00729002 0.0134675
19.94 0.0106693 0.00796698 0.0133156
19.95 0.00997775 0.00858924 0.0131655
19.96 0.00925177 0.00915643 0.0130167
19.97 0.00849627 0.00966428 0.012868
19.98 0.00771617 0.0101141 0.0127214
19.99 0.0069152 0.0105034 0.0125755
20 0.00609866 0.010832 0.0124308
20.01 0.00527015 0.0110988 0.0122865
20.02 0.00443524 0.0113049 0.0121438
20.03 0.00359734 0.0114502 0.012002
20.04 0.00276157 0.011536 0.0118619
20.05 0.00193078 0.0115623 0.0117224
20.06 0.00111106 0.0115305 0.0115839
20.07 0.000303855 0.0114434 0.0114475
20.08 -0.000485256 0.0113005 0.0113109
20.09 -0.00125314 0.0111057 0.0111762
20.1 -0.00199668 0.0108602 0.0110423
20.11 -0.0027124 0.0105676 0.0109101
20.12 -0.00339788 0.0102289 0.0107785
20.13 -0.00404967 0.00984809 0.0106482
20.14 -0.00466594 0.00942715 0.0105187
20.15 -0.00524386 0.00897054 0.0103908
20.16 -0.00578254 0.00848008 0.010264
20.17 -0.00627763 0.00795982 0.0101374
20.18 -0.00673103 0.00741362 0.0100134
20.19 -0.00713956 0.00684356 0.00988978
20.2 -0.00750313 0.00625448 0.00976809
20.21 -0.00782049 0.00564855 0.00964708
20.22 -0.00809149 0.00503032 0.00952767
20.23 -0.00831594 0.00440182 0.00940909
20.24 -0.00849388 0.00376773 0.00929203
20.25 -0.00862528 0.00313039 0.00917578
20.26 -0.00871098 0.00249437 0.00906108
20.27 -0.00875257 0.00186067 0.00894816
20.28 -0.00874857 0.00123417 0.0088352
20.29 -0.00870253 0.000617237 0.00872439
20.3 -0.00861396 1.22814e-05 0.00861397
20.31 -0.00848547 -0.000577238 0.00850508
20.32 -0.00831798 -0.0011493 0.00839701
20.33 -0.00811403 -0.0017005 0.0082903
20.34 -0.00787491 -0.00222985 0.00818452
20.35 -0.00760335 -0.00273494 0.00808028
20.36 -0.0073006 -0.00321425 0.00797685
20.37 -0.00696971 -0.00366426 0.00787424
20.38 -0.00661311 -0.00408605 0.00777361
20.39 -0.00623186 -0.004476 0.00767272
20.4 -0.00583038 -0.00483412 0.00757377
20.41 -0.00540983 -0.00515917 0.00747552
20.42 -0.00497375 -0.00545025 0.00737858
20.43 -0.00452335 -0.00570717 0.00728233
20.44 -0.00406248 -0.00592872 0.00718703
20.45 -0.00359296 -0.00611486 0.00709231
20.46 -0.00311828 -0.00626561 0.00699868
20.47 -0.00263959 -0.00638173 0.00690608
20.48 -0.00216116 -0.0064617 0.00681353
20.49 -0.00168484 -0.00650881 0.00672333
20.5 -0.00121215 -0.00652112 0.00663282
20.51 -0.000746411 -0.006501 0.00654371
20.52 -0.00028883 -0.00644874 0.00645521
20.53 0.000156863 -0.00636589 0.00636782
20.54 0.00059038 -0.00625338 0.00628118
20.55 0.00100871 -0.00611272 0.00619539
20.56 0.00141107 -0.00594529 0.00611045
20.57 0.00179455 -0.00575314 0.00602653
20.58 0.00215999 -0.005538 0.00594432
20.59 0.00250365 -0.0052998 0.00586142
20.6 0.00282563 -0.005043 0.00578066
20.61 0.0031246 -0.00476732 0.00570004
20.62 0.00339928 -0.0044761 0.00562055
20.63 0.00364993 -0.00417006 0.00554178
20.64 0.0038748 -0.00385252 0.00546406
20.65 0.00407462 -0.0035245 0.00538745
20.66 0.00424828 -0.00318835 0.00531163
20.67 0.00439624 -0.00284498 0.00523649
20.68 0.00451719 -0.00249771 0.00516174
20.69 0.00461382 -0.00214822 0.00508942
20.7 0.00468363 -0.00179729 0.00501664
20.71 0.00472877 -0.00144811 0.00494553
20.72 0.00474925 -0.00110083 0.00487516
20.73 0.00474562 -0.0007585 0.00480585
20.74 0.00471869 -0.000421137 0.00473744
20.75 0.00466852 -9.16472e-05 0.00466942
20.76 0.00459657 0.000229229 0.00460229
20.77 0.00450391 0.000539377 0.0045361
20.78 0.00439152 0.000838884 0.00447093
20.79 0.00425935 0.00112499 0.00440542
20.8 0.00411108 0.00139771 0.00434218
20.81 0.00394543 0.0016559 0.00427883
20.82 0.00376504 0.00189779 0.00421629
20.83 0.00357035 0.00212371 0.00415422
20.84 0.00336359 0.00233163 0.00409271
20.85 0.00314605 0.00252261 0.00403252
20.86 0.00291894 0.00269487 0.00397273
20.87 0.00268331 0.00284872 0.00391348
20.88 0.00244118 0.0029832 0.00385471
20.89 0.00219376 0.00309984 0.00379758
20.9 0.00194141 0.00319596 0.00373942
20.91 0.0016877 0.00327328 0.00368275
20.92 0.00143207 0.00333148 0.00362624
20.93 0.0011776 0.00337056 0.00357035
20.94 0.000923987 0.00339154 0.00351516
20.95 0.000673798 0.00339347 0.00345971
20.96 0.000427506 0.00337844 0.00340538
20.97 0.000186945 0.00334612 0.00335134
20.98 -4.73534e-05 0.00329743 0.00329777
20.99 -0.000273259 0.00323212 0.00324365
21 -0.000490566 0.00315368 0.00319161
21.01 -0.0006989 0.00306029 0.00313908
21.02 -0.000895926 0.00295476 0.0030876
21.03 -0.00108263 0.00283691 0.00303647
21.04 -0.00125662 0.00270808 0.00298543
21.05 -0.00141924 0.00256969 0.00293556
21.06 -0.00156805 0.002422 0.00288528
21.07 -0.00170383 0.00226693 0.00283584
21.08 -0.00182568 0.00210554 0.00278682
21.09 -0.0019346 0.00193902 0.00273906
21.1 -0.00202861 0.00176721 0.00269041
21.11 -0.00210897 0.00159352 0.0026433
21.12 -0.00217573 0.00141655 0.00259623
21.13 -0.0022282 0.00123944 0.00254973
21.14 -0.00226769 0.00106207 0.00250407
21.15 -0.0022929 0.000886108 0.00245817
21.16 -0.0023065 0.000712048 0.0024139
21.17 -0.00230744 0.000540545 0.00236991
21.18 -0.00229662 0.000372508 0.00232664
21.19 -0.00227388 0.000209122 0.00228348
21.2 -0.00224131 5.07531e-05 0.00224188
21.21 -0.00219745 -0.000102676 0.00219985
21.22 -0.00214456 -0.000248673 0.00215893
21.23 -0.00208269 -0.000388773 0.00211866
21.24 -0.0020124 -0.000521021 0.00207876
21.25 -0.00193512 -0.000646454 0.00204025
21.26 -0.00184985 -0.000763169 0.00200109
21.27 -0.00175884 -0.000871574 0.00196295
21.28 -0.00166215 -0.000971362 0.00192517
21.29 -0.00156091 -0.00106266 0.0018883
21.3 -0.00145518 -0.00114433 0.00185123
21.31 -0.00134739 -0.00121702 0.00181565
21.32 -0.00123571 -0.00128135 0.00178012
21.33 -0.00112274 -0.00133601 0.00174512
21.34 -0.00100821 -0.0013824 0.001711
21.35 -0.000893071 -0.00141877 0.00167645
21.36 -0.000778386 -0.00144755 0.00164356
21.37 -0.000663701 -0.00146707 0.00161022
21.38 -0.000550703 -0.00147848 0.00157771
21.39 -0.000439385 -0.00148166 0.00154544
21.4 -0.000330302 -0.00147782 0.00151429
21.41 -0.000223114 -0.00146575 0.00148264
21.42 -0.00012071 -0.00144668 0.00145171
21.43 -2.0956e-05 -0.00142096 0.00142111
21.44 7.38352e-05 -0.00138846 0.00139042
21.45 0.000164676 -0.00135116 0.00136116
21.46 0.00025016 -0.0013074 0.00133112
21.47 0.000330354 -0.00126001 0.0013026
21.48 0.00040572 -0.00120755 0.00127389
21.49 0.000475547 -0.00115141 0.00124575
21.5 0.000539389 -0.00109154 0.00121754
21.51 0.000597229 -0.00102985 0.00119049
21.52 0.000650278 -0.000964972 0.00116363
21.53 0.000696502 -0.000898866 0.00113713
21.54 0.000738012 -0.00083133 0.00111165
21.55 0.000772959 -0.000762364 0.00108566
21.56 0.000803313 -0.000693462 0.00106123
21.57 0.000827574 -0.000623364 0.00103608
21.58 0.000846346 -0.000554655 0.0010119
21.59 0.000859985 -0.000486389 0.000988002
21.6 0.000869044 -0.000419147 0.000964843
21.61 0.000873286 -0.000352652 0.000941803
21.62 0.000873054 -0.000288918 0.000919618
21.63 0.000869252 -0.000225994 0.00089815
21.64 0.000860724 -0.000165622 0.000876513
21.65 0.000849402 -0.0001073 0.000856153
21.66 0.000833735 -5.14003e-05 0.000835318
21.67 0.000816135 1.39231e-06 0.000816136
21.68 0.000795221 5.26754e-05 0.000796964
21.69 0.000771772 0.000100876 0.000778337
21.7 0.000745821 0.000146285 0.000760032
21.71 0.000717879 0.000188807 0.000742293
21.72 0.000687394 0.00022931 0.000724633
21.73 0.000655296 0.000265702 0.000707114
21.74 0.000622187 0.000299898 0.000690692
21.75 0.000587308 0.000330367 0.00067385
21.76 0.000552124 0.000358518 0.000658313
21.77 0.000514739 0.00038366 0.00064199
21.78 0.000477898 0.000405313 0.00062663
21.79 0.000440001 0.000424521 0.000611407
21.8 0.000401873 0.000440562 0.00059632
21.81 0.000363546 0.000453702 0.000581387
21.82 0.0003261 0.000463713 0.000566896
21.83 0.000288165 0.000471989 0.000553004
21.84 0.000250692 0.00047658 0.000538494
21.85 0.00021387 0.000479514 0.000525047
21.86 0.00017752 0.000478748 0.000510601
21.87 0.000143177 0.000476137 0.000497199
21.88 0.000108529 0.000470716 0.000483065
21.89 7.64009e-05 0.000462934 0.000469196
21.9 4.55317e-05 0.000453515 0.000455794
21.91 1.64055e-05 0.000442129 0.000442434
21.92 -1.16083e-05 0.000428859 0.000429016
21.93 -3.67837e-05 0.000413588 0.00041522
21.94 -6.06086e-05 0.000397831 0.000402421
21.95 -8.18878e-05 0.000380089 0.00038881
21.96 -0.000101339 0.00036253 0.000376427
21.97 -0.000119045 0.000343284 0.000363339
21.98 -0.000133702 0.000324725 0.000351174
21.99 -0.000147638 0.000305268 0.000339095
22 -0.000159043 0.000285379 0.000326705
22.01 -0.000168657 0.000265693 0.000314703
22.02 -0.000176008 0.000246567 0.000302942
22.03 -0.000182289 0.000227797 0.000291754
22.04 -0.00018604 0.000209207 0.000279962
22.05 -0.00018921 0.000191886 0.000269482
22.06 -0.000190477 0.00017475 0.000258494
22.07 -0.000190774 0.00015941 0.000248609
22.08 -0.000190166 0.000143698 0.000238353
22.09 -0.00018775 0.000130224 0.000228492
22.1 -0.000185431 0.000117756 0.000219661
22.11 -0.000182315 0.000106195 0.000210989
22.12 -0.000179011 9.54796e-05 0.000202883
22.13 -0.000175195 8.60387e-05 0.000195181
22.14 -0.000172066 7.74052e-05 0.000188675
22.15 -0.000167804 6.94569e-05 0.000181611
22.16 -0.000164232 6.24469e-05 0.000175703
22.17 -0.000160152 5.57055e-05 0.000169564
22.18 -0.000156903 5.0871e-05 0.000164944
22.19 -0.000153993 4.51579e-05 0.000160477
22.2 -0.00015057 4.07526e-05 0.000155988
22.21 -0.000147919 3.66217e-05 0.000152385
22.22 -0.000145355 3.29842e-05 0.00014905
22.23 -0.000143211 2.94322e-05 0.000146204
22.24 -0.0001408 2.66551e-05 0.000143301
22.25 -0.000139883 2.38425e-05 0.0001419
22.26 -0.000138674 2.13395e-05 0.000140306
22.27 -0.000138647 1.886e-05 0.000139924
22.28 -0.000137783 1.55417e-05 0.000138657
22.29 -0.000137976 1.34314e-05 0.000138628
22.3 -0.000138568 9.9435e-06 0.000138924
22.31 -0.00013893 7.18097e-06 0.000139115
22.32 -0.000139823 4.06842e-06 0.000139883
22.33 -0.000140865 8.71218e-07 0.000140868
22.34 -0.000142464 -3.27449e-06 0.000142502
22.35 -0.000143375 -7.06935e-06 0.000143549
22.36 -0.000145006 -1.16245e-05 0.000145471
22.37 -0.000146076 -1.60958e-05 0.00014696
22.38 -0.000148521 -2.09304e-05 0.000149989
22.39 -0.000149711 -2.69246e-05 0.000152113
22.4 -0.000151583 -3.22841e-05 0.000154983
22.41 -0.000153373 -3.95369e-05 0.000158387
22.42 -0.000154624 -4.69868e-05 0.000161605
22.43 -0.000155557 -5.50493e-05 0.00016501
22.44 -0.000155799 -6.3015e-05 0.00016806
22.45 -0.000155892 -7.22961e-05 0.00017184
22.46 -0.000154991 -8.14979e-05 0.000175112
22.47 -0.000153762 -9.17021e-05 0.000179031
22.48 -0.000150847 -0.000101693 0.000181924
22.49 -0.000148303 -0.000111994 0.00018584
22.5 -0.000143599 -0.000123101 0.000189142
22.51 -0.000138504 -0.000132972 0.000192003
22.52 -0.00013257 -0.000143429 0.000195311
22.53 -0.000125545 -0.0001537 0.000198457
22.54 -0.000117613 -0.000164205 0.000201981
22.55 -0.000108522 -0.000173596 0.000204725
22.56 -9.84012e-05 -0.000183045 0.000207818
22.57 -8.70014e-05 -0.000191252 0.000210111
22.58 -7.49933e-05 -0.000199366 0.000213004
22.59 -6.13668e-05 -0.00020587 0.000214821
22.6 -4.84158e-05 -0.000211366 0.000216841
22.61 -3.35874e-05 -0.000216591 0.00021918
22.62 -1.84865e-05 -0.000219828 0.000220604
22.63 -3.05597e-06 -0.000222023 0.000222044
22.64 1.26143e-05 -0.000222468 0.000222825
22.65 2.84335e-05 -0.000222239 0.00022405
22.66 4.39992e-05 -0.000220095 0.00022445
22.67 5.92873e-05 -0.000217277 0.00022522
22.68 7.42995e-05 -0.000212527 0.00022514
22.69 8.87965e-05 -0.000207599 0.000225792
22.7 0.00010406 -0.00020081 0.000226171
22.71 0.000117119 -0.000192822 0.000225604
22.72 0.000130347 -0.000184289 0.000225727
22.73 0.000142528 -0.00017432 0.00022517
22.74 0.000154016 -0.000163996 0.000224979
22.75 0.000164329 -0.000152355 0.00022409
22.76 0.000174017 -0.000140692 0.000223777
22.77 0.000182627 -0.000127802 0.000222903
22.78 0.000190404 -0.000114983 0.000222429
22.79 0.000196738 -0.000100852 0.000221081
22.8 0.000201392 -8.76089e-05 0.000219623
22.81 0.000206558 -7.35453e-05 0.00021926
22.82 0.000209583 -5.95358e-05 0.000217875
22.83 0.000212367 -4.59667e-05 0.000217284
22.84 0.000213979 -3.18539e-05 0.000216337
22.85 0.000215156 -1.81142e-05 0.000215917
22.86 0.000215066 -3.84348e-06 0.0002151
22.87 0.000214355 9.67722e-06 0.000214573
22.88 0.000212561 2.33798e-05 0.000213843
22.89 0.000210682 3.64706e-05 0.000213815
22.9 0.000207925 5.05666e-05 0.000213986
22.91 0.000203412 6.33696e-05 0.000213055
22.92 0.000199191 7.66875e-05 0.000213443
22.93 0.000193242 8.98556e-05 0.000213111
22.94 0.000186977 0.000102173 0.000213072
22.95 0.000179464 0.000114254 0.000212746
22.96 0.000171665 0.000125432 0.000212608
22.97 0.000162852 0.000136785 0.000212676
22.98 0.00015361 0.000147432 0.000212914
22.99 0.000143025 0.000157574 0.000212804
23 0.00013219 0.000166381 0.000212501
23.01 0.000120834 0.000175717 0.000213254
23.02 0.000108056 0.000183144 0.000212644
23.03 9.56452e-05 0.000190103 0.000212808
23.04 8.19961e-05 0.000196519 0.000212939
23.05 6.82716e-05 0.000201957 0.000213184
23.06 5.3519e-05 0.000206578 0.000213398
23.07 3.88268e-05 0.000209415 0.000212983
23.08 2.35402e-05 0.000211251 0.000212558
23.09 8.64546e-06 0.000212069 0.000212246
23.1 -6.80921e-06 0.000211992 0.000212102
23.11 -2.16482e-05 0.00020976 0.000210874
23.12 -3.61689e-05 0.000207839 0.000210962
23.13 -5.12657e-05 0.000203947 0.000210292
23.14 -6.52554e-05 0.000199171 0.000209588
23.15 -7.93714e-05 0.000193217 0.000208884
23.16 -9.22628e-05 0.000186315 0.000207908
23.17 -0.000105289 0.000179046 0.00020771
23.18 -0.000117214 0.00017065 0.000207028
23.19 -0.000128901 0.000161192 0.000206394
23.2 -0.000139432 0.000150949 0.000205492
23.21 -0.000150048 0.000140505 0.000205563
23.22 -0.000159249 0.000128035 0.000204336
23.23 -0.000167088 0.000116184 0.000203512
23.24 -0.000174621 0.000103146 0.000202809
23.25 -0.000180656 9.01035e-05 0.000201879
23.26 -0.000186453 7.65145e-05 0.000201542
23.27 -0.00019041 6.24194e-05 0.00020038
23.28 -0.000194074 4.83249e-05 0.0002
23.29 -0.000196418 3.41346e-05 0.000199362
23.3 -0.000197888 1.95697e-05 0.000198853
23.31 -0.000197491 4.9101e-06 0.000197552
23.32 -0.000197122 -8.90126e-06 0.000197323
23.33 -0.000195665 -2.39516e-05 0.000197126
23.34 -0.000192778 -3.79823e-05 0.000196484
23.35 -0.000189076 -5.25328e-05 0.000196238
23.36 -0.000183581 -6.64501e-05 0.000195238
23.37 -0.00017787 -8.00274e-05 0.000195044
23.38 -0.000170264 -9.31767e-05 0.000194092
23.39 -0.000161939 -0.000105626 0.000193342
23.4 -0.000152711 -0.000117184 0.000192491
23.41 -0.000143022 -0.00012825 0.000192103
23.42 -0.000131369 -0.000138712 0.000191046
23.43 -0.000119439 -0.000147254 0.000189604
23.44 -0.000106817 -0.000155842 0.000188936
23.45 -9.35264e-05 -0.00016253 0.000187519
23.46 -8.0158e-05 -0.000168515 0.000186608
23.47 -6.56101e-05 -0.000173019 0.000185042
23.48 -5.16142e-05 -0.000176551 0.000183941
23.49 -3.69025e-05 -0.000179004 0.000182769
23.5 -2.19232e-05 -0.000180146 0.000181475
23.51 -6.80241e-06 -0.00017946 0.000179589
23.52 7.20602e-06 -0.000177585 0.000177731
23.53 2.16777e-05 -0.000174984 0.000176322
23.54 3.52825e-05 -0.000170178 0.000173797
23.55 4.85924e-05 -0.000165108 0.00017211
23.56 6.13395e-05 -0.000158357 0.000169822
23.57 7.26726e-05 -0.000151158 0.00016772
23.58 8.39065e-05 -0.000142453 0.000165328
23.59 9.34483e-05 -0.00013303 0.000162572
23.6 0.00010201 -0.000123184 0.000159939
23.61 0.000109559 -0.000113312 0.000157616
23.62 0.00011668 -0.000102616 0.000155384
23.63 0.000121906 -9.14769e-05 0.000152411
23.64 0.000126952 -8.08494e-05 0.000150511
23.65 0.000130417 -6.91949e-05 0.000147637
23.66 0.000133087 -5.81207e-05 0.000145225
23.67 0.000135047 -4.6387e-05 0.000142792
23.68 0.000135434 -3.58145e-05 0.00014009
23.69 0.000135774 -2.51236e-05 0.000138079
23.7 0.000134957 -1.4469e-05 0.00013573
23.71 0.000133269 -3.88357e-06 0.000133325
23.72 0.00013061 5.76322e-06 0.000130737
23.73 0.000127937 1.50653e-05 0.000128821
23.74 0.000123698 2.41895e-05 0.000126041
23.75 0.000119811 3.21126e-05 0.00012404
23.76 0.000115121 4.00867e-05 0.000121901
23.77 0.000110175 4.69297e-05 0.000119754
23.78 0.000105242 5.4488e-05 0.000118511
23.79 9.92433e-05 6.093e-05 0.000116455
23.8 9.35077e-05 6.67743e-05 0.000114902
23.81 8.74469e-05 7.214e-05 0.000113363
23.82 8.09962e-05 7.74242e-05 0.000112049
23.83 7.39757e-05 8.19776e-05 0.000110421
23.84 6.76024e-05 8.60238e-05 0.000109408
23.85 6.00396e-05 8.99109e-05 0.000108114
23.86 5.277e-05 9.28564e-05 0.000106803
23.87 4.49722e-05 9.56944e-05 0.000105735
23.88 3.71529e-05 9.68327e-05 0.000103716
23.89 2.99008e-05 9.83239e-05 0.00010277
23.9 2.19923e-05 9.91708e-05 0.00010158
23.91 1.43936e-05 9.94326e-05 0.000100469
23.92 7.0515e-06 9.89773e-05 9.92282e-05
23.93 -2.34197e-07 9.81983e-05 9.81986e-05
23.94 -8.12338e-06 9.66822e-05 9.70228e-05
23.95 -1.48997e-05 9.45471e-05 9.57139e-05
23.96 -2.20085e-05 9.20662e-05 9.46602e-05
23.97 -2.83341e-05 8.87926e-05 9.32038e-05
23.98 -3.48367e-05 8.58928e-05 9.26886e-05
23.99 -4.12386e-05 8.14212e-05 9.1269e-05
24 -4.65796e-05 7.694e-05 8.99412e-05
24.01 -5.18606e-05 7.19563e-05 8.86974e-05
24.02 -5.67127e-05 6.67131e-05 8.75613e-05
24.03 -6.07541e-05 6.10513e-05 8.61297e-05
24.04 -6.37121e-05 5.5535e-05 8.45184e-05
24.05 -6.70941e-05 4.97269e-05 8.35128e-05
24.06 -6.94169e-05 4.38387e-05 8.21008e-05
24.07 -7.19033e-05 3.79665e-05 8.13113e-05
24.08 -7.31164e-05 3.14721e-05 7.96021e-05
24.09 -7.40624e-05 2.60535e-05 7.85113e-05
24.1 -7.50329e-05 1.98324e-05 7.76097e-05
24.11 -7.50709e-05 1.4059e-05 7.6376e-05
24.12 -7.48121e-05 8.29406e-06 7.52704e-05
24.13 -7.44288e-05 2.61487e-06 7.44748e-05
24.14 -7.39169e-05 -3.26941e-06 7.39891e-05
24.15 -7.21178e-05 -8.72304e-06 7.26435e-05
24.16 -7.04026e-05 -1.41366e-05 7.18079e-05
24.17 -6.77258e-05 -1.92131e-05 7.03983e-05
24.18 -6.56534e-05 -2.37937e-05 6.9832e-05
24.19 -6.27547e-05 -2.89423e-05 6.91072e-05
24.2 -5.94178e-05 -3.28262e-05 6.78825e-05
24.21 -5.62951e-05 -3.7149e-05 6.74477e-05
24.22 -5.26314e-05 -4.11026e-05 6.67794e-05
24.23 -4.85443e-05 -4.46188e-05 6.59347e-05
24.24 -4.41228e-05 -4.76431e-05 6.4936e-05
24.25 -4.01703e-05 -5.06554e-05 6.465e-05
24.26 -3.55957e-05 -5.31318e-05 6.39534e-05
24.27 -3.11976e-05 -5.55017e-05 6.36689e-05
24.28 -2.56848e-05 -5.74047e-05 6.28889e-05
24.29 -2.07095e-05 -5.842e-05 6.19821e-05
24.3 -1.54647e-05 -5.99317e-05 6.18948e-05
24.31 -9.84529e-06 -5.99648e-05 6.07677e-05
24.32 -4.63107e-06 -5.97336e-05 5.99128e-05
24.33 5.06982e-07 -5.92146e-05 5.92168e-05
24.34 5.46657e-06 -5.82584e-05 5.85143e-05
24.35 1.07624e-05 -5.6569e-05 5.75837e-05
24.36 1.54833e-05 -5.45878e-05 5.67412e-05
24.37 2.01075e-05 -5.19003e-05 5.56593e-05
24.38 2.36906e-05 -4.91536e-05 5.45648e-05
24.39 2.77236e-05 -4.61285e-05 5.38186e-05
24.4 3.10141e-05 -4.20856e-05 5.22788e-05
24.41 3.39208e-05 -3.89319e-05 5.16364e-05
24.42 3.68008e-05 -3.50768e-05 5.08397e-05
24.43 3.91596e-05 -3.08489e-05 4.98511e-05
24.44 4.10676e-05 -2.64271e-05 4.88359e-05
24.45 4.21008e-05 -2.216e-05 4.75767e-05
24.46 4.29597e-05 -1.77065e-05 4.64656e-05
24.47 4.31846e-05 -1.35529e-05 4.52613e-05
24.48 4.34576e-05 -9.05023e-06 4.439e-05
24.49 4.25067e-05 -4.99221e-06 4.27989e-05
24.5 4.17423e-05 -1.54208e-06 4.17708e-05
24.51 4.03067e-05 2.79197e-06 4.04033e-05
24.52 3.8416e-05 6.06209e-06 3.88914e-05
24.53 3.64971e-05 8.9558e-06 3.75798e-05
24.54 3.43902e-05 1.14352e-05 3.62415e-05
24.55 3.25028e-05 1.38576e-05 3.53336e-05
24.56 3.01903e-05 1.58821e-05 3.4113e-05
24.57 2.79609e-05 1.78505e-05 3.3173e-05
24.58 2.53305e-05 1.91097e-05 3.17303e-05
24.59 2.32654e-05 2.06546e-05 3.1111e-05
24.6 2.05211e-05 2.19952e-05 3.00817e-05
24.61 1.83456e-05 2.21198e-05 2.87375e-05
24.62 1.61254e-05 2.29634e-05 2.80597e-05
24.63 1.37533e-05 2.34674e-05 2.72006e-05
24.64 1.15713e-05 2.38909e-05 2.65456e-05
24.65 9.20303e-06 2.38388e-05 2.55536e-05
24.66 7.34676e-06 2.36456e-05 2.47607e-05
24.67 5.43935e-06 2.32348e-05 2.3863e-05
24.68 3.8558e-06 2.3103e-05 2.34225e-05
24.69 2.05148e-06 2.229e-05 2.23842e-05
24.7 8.68946e-07 2.17414e-05 2.17588e-05
24.71 -9.52273e-07 2.18691e-05 2.18898e-05
24.72 -2.45423e-06 2.09714e-05 2.11145e-05
24.73 -3.79979e-06 2.02943e-05 2.0647e-05
24.74 -5.28896e-06 1.93845e-05 2.00931e-05
24.75 -6.47479e-06 1.87228e-05 1.98107e-05
24.76 -8.01574e-06 1.79512e-05 1.96595e-05
24.77 -9.20533e-06 1.70095e-05 1.93406e-05
24.78 -1.03905e-05 1.57132e-05 1.88379e-05
24.79 -1.13954e-05 1.48964e-05 1.87552e-05
24.8 -1.25742e-05 1.34555e-05 1.84163e-05
24.81 -1.29007e-05 1.16105e-05 1.7356e-05
24.82 -1.35841e-05 1.06725e-05 1.72751e-05
24.83 -1.41458e-05 9.33834e-06 1.69502e-05
24.84 -1.44747e-05 8.22533e-06 1.66485e-05
24.85 -1.49035e-05 6.72336e-06 1.63498e-05
24.86 -1.48642e-05 5.29915e-06 1.57806e-05
24.87 -1.50985e-05 4.0205e-06 1.56247e-05
24.88 -1.50683e-05 2.89023e-06 1.5343e-05
24.89 -1.48158e-05 1.306e-06 1.48733e-05
24.9 -1.43575e-05 4.10225e-07 1.43634e-05
24.91 -1.44156e-05 -4.61146e-07 1.4423e-05
24.92 -1.37158e-05 -2.04001e-06 1.38667e-05
24.93 -1.3073e-05 -3.0937e-06 1.34341e-05
24.94 -1.23622e-05 -4.3155e-06 1.30938e-05
24.95 -1.14933e-05 -4.94512e-06 1.2512e-05
24.96 -1.08789e-05 -5.63293e-06 1.22507e-05
24.97 -9.81147e-06 -6.31527e-06 1.16682e-05
24.98 -9.05844e-06 -6.97232e-06 1.1431e-05
24.99 -8.47227e-06 -7.16685e-06 1.1097e-05
25 -7.80553e-06 -7.95662e-06 1.1146e-05
25.01 -6.64535e-06 -8.41676e-06 1.07239e-05
25.02 -6.18843e-06 -8.29663e-06 1.03504e-05
25.03 -5.43413e-06 -8.64116e-06 1.02078e-05
25.04 -4.7403e-06 -8.66755e-06 9.87911e-06
25.05 -4.02465e-06 -9.22992e-06 1.00692e-05
25.06 -3.07243e-06 -9.44742e-06 9.93447e-06
25.07 -2.61232e-06 -9.53976e-06 9.89096e-06
25.08 -1.65872e-06 -9.55421e-06 9.69713e-06
25.09 -6.22659e-07 -9.7047e-06 9.72466e-06
25.1 8.26351e-08 -9.21311e-06 9.21348e-06
25.11 4.70344e-07 -9.06149e-06 9.07369e-06
25.12 1.44557e-06 -9.1405e-06 9.2541e-06
25.13 2.04996e-06 -8.69924e-06 8.93751e-06
25.14 2.77505e-06 -8.50072e-06 8.94221e-06
25.15 3.3851e-06 -7.71808e-06 8.42779e-06
25.16 3.88701e-06 -7.34283e-06 8.30819e-06
25.17 4.87803e-06 -6.94954e-06 8.49066e-06
25.18 5.22493e-06 -6.49688e-06 8.33722e-06
25.19 5.58224e-06 -5.91087e-06 8.13018e-06
25.2 6.35107e-06 -5.62676e-06 8.48508e-06
25.21 7.09683e-06 -4.78427e-06 8.55887e-06
25.22 7.25157e-06 -3.76235e-06 8.16949e-06
25.23 7.63073e-06 -3.04769e-06 8.21684e-06
25.24 7.6796e-06 -2.00821e-06 7.93783e-06
25.25 7.80303e-06 -1.43779e-06 7.93439e-06
25.26 7.75517e-06 -3.71608e-07 7.76407e-06
25.27 7.18285e-06 5.69909e-07 7.20543e-06
25.28 7.2426e-06 1.41878e-06 7.38026e-06
25.29 7.00179e-06 2.15849e-06 7.32695e-06
25.3 6.2202e-06 2.9736e-06 6.89443e-06
25.31 5.5569e-06 3.24855e-06 6.43678e-06
25.32 5.21262e-06 3.5339e-06 6.29761e-06
25.33 4.55532e-06 4.01197e-06 6.07016e-06
25.34 4.08823e-06 4.22771e-06 5.88108e-06
25.35 3.27301e-06 4.81202e-06 5.81963e-06
25.36 2.64432e-06 4.80679e-06 5.48613e-06
25.37 2.2431e-06 4.91713e-06 5.4046e-06
25.38 1.10318e-06 4.91634e-06 5.03859e-06
25.39 4.02894e-07 4.85521e-06 4.8719e-06
25.4 1.42081e-07 4.6076e-06 4.60979e-06
25.41 -3.23261e-07 4.64356e-06 4.6548e-06
25.42 -9.64764e-07 4.35294e-06 4.45857e-06
25.43 -1.30025e-06 3.8259e-06 4.04082e-06
25.44 -1.70898e-06 3.44211e-06 3.84301e-06
25.45 -1.67129e-06 2.6835e-06 3.16138e-06
25.46 -1.90532e-06 2.50351e-06 3.14608e-06
25.47 -2.14559e-06 2.08411e-06 2.99117e-06
25.48 -1.65444e-06 1.82186e-06 2.46096e-06
25.49 -1.74362e-06 1.5556e-06 2.33668e-06
25.5 -2.06095e-06 1.34718e-06 2.46219e-06
25.51 -2.02582e-06 9.08803e-07 2.22033e-06
25.52 -1.83744e-06 7.67202e-07 1.99118e-06
25.53 -1.75231e-06 7.24872e-07 1.89632e-06
25.54 -1.60313e-06 4.98821e-07 1.67894e-06
25.55 -1.77015e-06 5.73582e-07 1.86076e-06
25.56 -1.48148e-06 1.32451e-07 1.48739e-06
25.57 -1.30835e-06 6.51057e-08 1.30997e-06
25.58 -1.70678e-06 -1.25349e-07 1.71137e-06
25.59 -1.39449e-06 -1.82943e-07 1.40644e-06
25.6 -1.05261e-06 -1.50498e-07 1.06331e-06
25.61 -1.10623e-06 3.11161e-08 1.10667e-06
25.62 -1.22193e-06 -2.34359e-08 1.22216e-06
25.63 -1.33812e-06 -9.48831e-08 1.34148e-06
25.64 -1.3527e-06 1.02606e-08 1.35274e-06
25.65 -1.10107e-06 -1.50212e-07 1.11127e-06
25.66 -1.33283e-06 1.08893e-07 1.33727e-06
25.67 -1.2393e-06 -4.51068e-08 1.24012e-06
25.68 -7.26715e-07 -5.50577e-08 7.28798e-07
25.69 -9.39416e-07 -2.25988e-07 9.66215e-07
25.7 -9.93125e-07 -4.59409e-07 1.09424e-06
25.71 -6.84727e-07 -6.67372e-07 9.56157e-07
25.72 -3.916e-07 -6.55298e-07 7.63391e-07
25.73 -5.90274e-08 -6.39047e-07 6.41767e-07
25.74 9.94557e-09 -7.48967e-07 7.49033e-07
25.75 -8.15865e-08 -6.55228e-07 6.60287e-07
25.76 3.48832e-07 -9.02275e-07 9.67359e-07
25.77 3.10272e-07 -7.76724e-07 8.36402e-07
25.78 8.20033e-08 -8.59792e-07 8.63694e-07
25.79 5.6796e-07 -7.90102e-07 9.73057e-07
25.8 7.44362e-07 -7.4461e-07 1.05286e-06
25.81 6.41344e-07 -7.96994e-07 1.023e-06
25.82 5.48986e-07 -1.02069e-06 1.15896e-06
25.83 3.99087e-07 -1.14348e-06 1.21112e-06
25.84 5.88144e-07 -1.11353e-06 1.25931e-06
25.85 7.09526e-07 -1.19614e-06 1.39075e-06
25.86 3.06783e-07 -9.23728e-07 9.73339e-07
25.87 4.3402e-07 -9.95752e-07 1.08623e-06
25.88 4.97402e-07 -7.9693e-07 9.39418e-07
25.89 -5.68068e-08 -7.8929e-07 7.91331e-07
25.9 -1.94495e-07 -7.34129e-07 7.59456e-07
25.91 -1.44231e-07 -6.01911e-07 6.1895e-07
25.92 -8.43949e-08 -4.04366e-07 4.13079e-07
25.93 -1.04523e-08 -3.78493e-07 3.78637e-07
25.94 -3.31287e-07 -4.94757e-07 5.9543e-07
25.95 -3.97848e-07 -4.42631e-07 5.95152e-07
25.96 -6.23581e-08 -6.71592e-07 6.74481e-07
25.97 -3.0551e-07 -4.6245e-07 5.54253e-07
25.98 -3.16915e-07 -4.8416e-07 5.78659e-07
25.99 1.18724e-07 -2.52694e-07 2.79194e-07
26 9.72447e-08 -7.04028e-08 1.20055e-07
