0 -5.32303e-05 -3.05408e-05 6.13694e-05
0.01 -0.000106588 -6.13461e-05 0.000122981
0.02 -0.000159327 -9.12959e-05 0.00018363
0.03 -0.000211386 -0.00012108 0.000243607
0.04 -0.000262907 -0.000150046 0.000302711
0.05 -0.000313282 -0.000178126 0.000360381
0.06 -0.000362103 -0.000205096 0.000416152
0.07 -0.000409711 -0.000230665 0.00047018
0.08 -0.000455609 -0.000255127 0.000522178
0.09 -0.000499381 -0.000277662 0.000571382
0.1 -0.000541263 -0.000298601 0.000618165
0.11 -0.000581174 -0.000318044 0.000662507
0.12 -0.000618346 -0.000334962 0.000703243
0.13 -0.000653133 -0.000350227 0.000741108
0.14 -0.000685382 -0.000363072 0.00077561
0.15 -0.000714576 -0.000373506 0.000806304
0.16 -0.000740686 -0.000381563 0.00083319
0.17 -0.000764061 -0.00038696 0.000856462
0.18 -0.000784126 -0.000390039 0.000875776
0.19 -0.00080086 -0.000390142 0.000890835
0.2 -0.000814684 -0.000387861 0.000902301
0.21 -0.0008252 -0.00038301 0.000909753
0.22 -0.000832139 -0.000375006 0.000912735
0.23 -0.00083596 -0.000364782 0.000912083
0.24 -0.000836452 -0.000351556 0.000907328
0.25 -0.000833199 -0.000335599 0.000898247
0.26 -0.000826716 -0.000317155 0.000885464
0.27 -0.000817018 -0.000295956 0.00086897
0.28 -0.000803752 -0.000272512 0.000848694
0.29 -0.000787203 -0.000246369 0.000824855
0.3 -0.000767752 -0.000218298 0.000798183
0.31 -0.00074485 -0.00018798 0.000768204
0.32 -0.000718711 -0.000155353 0.00073531
0.33 -0.00068979 -0.000121297 0.000700373
0.34 -0.000657724 -8.51247e-05 0.00066321
0.35 -0.000622523 -4.74113e-05 0.000624326
0.36 -0.000584892 -8.55116e-06 0.000584954
0.37 -0.000544577 3.17417e-05 0.000545501
0.38 -0.000501577 7.27026e-05 0.000506819
0.39 -0.000456376 0.000114653 0.000470557
0.4 -0.00040918 0.000156786 0.000438189
0.41 -0.000359533 0.000199384 0.000411118
0.42 -0.000308049 0.000242221 0.000391874
0.43 -0.000255069 0.000284412 0.000382035
0.44 -0.000200129 0.000326706 0.00038313
0.45 -0.000143821 0.000368051 0.000395153
0.46 -8.6605e-05 0.000408317 0.000417401
0.47 -2.82148e-05 0.000447557 0.000448446
0.48 3.11195e-05 0.000485016 0.000486014
0.49 9.07305e-05 0.000520865 0.000528708
0.5 0.000150872 0.000554517 0.000574675
0.51 0.000211465 0.000586014 0.000623001
0.52 0.000271913 0.00061517 0.000672585
0.53 0.000331958 0.000641159 0.000721998
0.54 0.000392046 0.00066474 0.000771738
0.55 0.000451098 0.000684696 0.000819938
0.56 0.000509102 0.000701249 0.000866565
0.57 0.000566205 0.000714369 0.000911543
0.58 0.000621831 0.00072339 0.000953922
0.59 0.000675584 0.000728684 0.000993677
0.6 0.000727737 0.000729766 0.00103061
0.61 0.000777903 0.000726757 0.00106457
0.62 0.000825493 0.000719509 0.00109505
0.63 0.000870585 0.000707575 0.00112186
0.64 0.00091321 0.000691584 0.00114553
0.65 0.000952366 0.000670624 0.00116479
0.66 0.000988386 0.000645208 0.00118034
0.67 0.00102127 0.000615406 0.00119236
0.68 0.00105028 0.000580785 0.00120017
0.69 0.00107554 0.000542089 0.00120442
0.7 0.00109716 0.000498889 0.00120526
0.71 0.00111464 0.000451621 0.00120266
0.72 0.00112767 0.000400315 0.00119662
0.73 0.00113658 0.0003449 0.00118775
0.74 0.00114102 0.000286098 0.00117634
0.75 0.0011404 0.000223396 0.00116207
0.76 0.00113528 0.000157653 0.00114617
0.77 0.0011255 8.9027e-05 0.00112901
0.78 0.00111033 1.74715e-05 0.00111047
0.79 0.0010905 -5.60233e-05 0.00109194
0.8 0.00106572 -0.000131771 0.00107383
0.81 0.00103568 -0.00020899 0.00105656
0.82 0.00100046 -0.000287505 0.00104095
0.83 0.000960418 -0.000367054 0.00102817
0.84 0.000915189 -0.000446814 0.00101844
0.85 0.000864619 -0.000526955 0.00101255
0.86 0.000809619 -0.000606434 0.00101156
0.87 0.00074971 -0.000685006 0.00101553
0.88 0.000684825 -0.000762399 0.00102481
0.89 0.000615884 -0.000837598 0.00103966
0.9 0.00054256 -0.000910785 0.00106014
0.91 0.000464815 -0.000981052 0.00108559
0.92 0.000383365 -0.00104812 0.00111603
0.93 0.000298274 -0.00111176 0.00115107
0.94 0.000209677 -0.00117094 0.00118957
0.95 0.000117717 -0.00122596 0.0012316
0.96 2.35547e-05 -0.00127567 0.00127589
0.97 -7.35048e-05 -0.00132004 0.00132209
0.98 -0.000172727 -0.00135869 0.00136963
0.99 -0.000273249 -0.00139094 0.00141752
1 -0.000375414 -0.00141697 0.00146586
1.01 -0.000478682 -0.00143603 0.00151371
1.02 -0.00058208 -0.00144812 0.00156073
1.03 -0.000685715 -0.00145302 0.0016067
1.04 -0.00078893 -0.00145005 0.00165078
1.05 -0.000891252 -0.00143961 0.00169316
1.06 -0.000991707 -0.00142095 0.00173279
1.07 -0.0010907 -0.0013942 0.00177015
1.08 -0.00118708 -0.0013594 0.00180475
1.09 -0.00128011 -0.00131622 0.00183607
1.1 -0.00137017 -0.00126513 0.00186492
1.11 -0.00145606 -0.00120574 0.00189048
1.12 -0.00153718 -0.00113849 0.00191287
1.13 -0.00161357 -0.00106338 0.00193245
1.14 -0.00168436 -0.000980243 0.00194883
1.15 -0.00174907 -0.000889922 0.00196245
1.16 -0.00180717 -0.000792012 0.00197311
1.17 -0.00185876 -0.000687209 0.00198173
1.18 -0.00190277 -0.000575957 0.00198803
1.19 -0.00193886 -0.000458411 0.00199231
1.2 -0.00196746 -0.000335323 0.00199583
1.21 -0.00198715 -0.000206882 0.00199789
1.22 -0.00199809 -7.38838e-05 0.00199946
1.23 -0.00200029 6.34157e-05 0.00200129
1.24 -0.00199295 0.000204465 0.00200341
1.25 -0.00197606 0.000348208 0.0020065
1.26 -0.00194948 0.000494593 0.00201124
1.27 -0.0019133 0.000642472 0.00201828
1.28 -0.00186685 0.000791051 0.00202754
1.29 -0.00181045 0.00093995 0.00203991
1.3 -0.00174454 0.00108809 0.00205605
1.31 -0.00166807 0.0012349 0.00207543
1.32 -0.00158197 0.00137952 0.00209898
1.33 -0.00148645 0.0015214 0.00212701
1.34 -0.00138094 0.00165959 0.00215899
1.35 -0.00126647 0.00179306 0.00219522
1.36 -0.00114292 0.00192156 0.00223576
1.37 -0.00101101 0.0020437 0.0022801
1.38 -0.00087052 0.00215876 0.00232767
1.39 -0.000722573 0.00226641 0.00237881
1.4 -0.000567544 0.00236542 0.00243255
1.41 -0.000405314 0.0024553 0.00248853
1.42 -0.000237335 0.0025354 0.00254648
1.43 -6.40231e-05 0.00260515 0.00260594
1.44 0.000114625 0.00266357 0.00266604
1.45 0.000296822 0.00271026 0.00272647
1.46 0.000482631 0.00274483 0.00278694
1.47 0.000670813 0.00276628 0.00284645
1.48 0.000860954 0.00277439 0.00290491
1.49 0.00105174 0.00276915 0.00296215
1.5 0.00124247 0.00274964 0.00301732
1.51 0.0014327 0.00271593 0.00307065
1.52 0.00162061 0.00266797 0.00312161
1.53 0.00180588 0.00260535 0.00317003
1.54 0.00198775 0.00252785 0.00321577
1.55 0.0021644 0.00243578 0.00325847
1.56 0.0023358 0.00232905 0.00329855
1.57 0.00250045 0.00220747 0.00333544
1.58 0.00265763 0.00207168 0.0033697
1.59 0.00280625 0.00192207 0.00340138
1.6 0.00294543 0.00175849 0.00343043
1.61 0.0030746 0.00158187 0.00345767
1.62 0.00319211 0.00139282 0.00348275
1.63 0.00329795 0.00119142 0.00350656
1.64 0.0033911 0.000978587 0.00352947
1.65 0.0034703 0.000755341 0.00355155
1.66 0.00353575 0.000522122 0.00357409
1.67 0.00358605 0.000279844 0.00359696
1.68 0.00362093 3.00075e-05 0.00362105
1.69 0.00363974 -0.000226673 0.00364679
1.7 0.00364191 -0.000489299 0.00367463
1.71 0.00362732 -0.000756254 0.00370532
1.72 0.00359501 -0.00102646 0.00373868
1.73 0.00354546 -0.00129922 0.00377601
1.74 0.00347804 -0.00157271 0.0038171
1.75 0.00339241 -0.00184554 0.00386193
1.76 0.00328924 -0.00211699 0.00391162
1.77 0.00316772 -0.00238506 0.00396522
1.78 0.00302849 -0.00264834 0.00402311
1.79 0.00287153 -0.00290568 0.00408517
1.8 0.00269709 -0.00315577 0.00415129
1.81 0.00250583 -0.00339662 0.00422092
1.82 0.00229775 -0.00362737 0.00429389
1.83 0.00207397 -0.00384674 0.00437022
1.84 0.00183482 -0.00405284 0.00444883
1.85 0.00158082 -0.00424437 0.00452921
1.86 0.00131342 -0.00442076 0.00461174
1.87 0.00103263 -0.00457956 0.00469454
1.88 0.000740152 -0.00472025 0.00477793
1.89 0.000436607 -0.00484168 0.00486132
1.9 0.000123221 -0.00494267 0.00494421
1.91 -0.000198504 -0.00502197 0.00502589
1.92 -0.000527835 -0.00507918 0.00510653
1.93 -0.000862861 -0.00511335 0.00518564
1.94 -0.00120254 -0.00512324 0.00526248
1.95 -0.00154551 -0.00510861 0.00533728
1.96 -0.00188993 -0.00506927 0.00541011
1.97 -0.00223475 -0.00500364 0.00548001
1.98 -0.00257792 -0.00491253 0.00554784
1.99 -0.00291815 -0.0047954 0.00561351
2 -0.00325365 -0.00465194 0.00567687
2.01 -0.0035825 -0.00448246 0.00573818
2.02 -0.00390357 -0.00428724 0.00579813
2.03 -0.00421457 -0.00406642 0.00585649
2.04 -0.00451414 -0.00382011 0.0059136
2.05 -0.00480078 -0.00354942 0.00597041
2.06 -0.0050724 -0.00325489 0.00602691
2.07 -0.00532779 -0.00293663 0.00608352
2.08 -0.00556502 -0.00259677 0.00614106
2.09 -0.00578276 -0.00223572 0.0061999
2.1 -0.00597922 -0.00185455 0.00626023
2.11 -0.00615302 -0.00145516 0.00632274
2.12 -0.00630313 -0.00103862 0.00638813
2.13 -0.00642764 -0.000606542 0.00645619
2.14 -0.00652583 -0.000160404 0.0065278
2.15 -0.00659664 0.000297529 0.00660335
2.16 -0.0066386 0.000765699 0.00668261
2.17 -0.00665108 0.00124249 0.00676614
2.18 -0.00663325 0.00172475 0.00685381
2.19 -0.00658423 0.00221135 0.00694566
2.2 -0.00650336 0.0026998 0.00704149
2.21 -0.00639044 0.00318744 0.00714125
2.22 -0.00624523 0.00367247 0.00724499
2.23 -0.00606708 0.00415235 0.00735197
2.24 -0.00585664 0.00462468 0.00746243
2.25 -0.00561383 0.00508696 0.00757576
2.26 -0.00533856 0.00553682 0.00769133
2.27 -0.00503162 0.00597226 0.00780929
2.28 -0.00469371 0.00638976 0.00792842
2.29 -0.00432501 0.00678828 0.00804901
2.3 -0.00392693 0.00716463 0.00817024
2.31 -0.00350059 0.00751655 0.00829172
2.32 -0.00304714 0.00784223 0.00841342
2.33 -0.00256771 0.00813907 0.0085345
2.34 -0.00206457 0.00840516 0.00865501
2.35 -0.00153882 0.00863841 0.0087744
2.36 -0.000992239 0.00883692 0.00889245
2.37 -0.000427134 0.00899922 0.00900935
2.38 0.000154316 0.00912289 0.0091242
2.39 0.000750541 0.00920751 0.00923805
2.4 0.00135826 0.00925091 0.00935009
2.41 0.00197521 0.00925208 0.00946058
2.42 0.0025991 0.00921044 0.00957014
2.43 0.00322689 0.00912451 0.0096783
2.44 0.0038556 0.00899417 0.00978574
2.45 0.00448291 0.00881871 0.00989273
2.46 0.00510569 0.00859791 0.00999961
2.47 0.00572066 0.00833203 0.0101069
2.48 0.00632498 0.00802062 0.0102145
2.49 0.00691597 0.00766481 0.0103238
2.5 0.00748959 0.0072646 0.010434
2.51 0.00804337 0.00682097 0.0105462
2.52 0.00857447 0.00633519 0.010661
2.53 0.00907918 0.005808 0.010778
2.54 0.00955497 0.00524144 0.0108982
2.55 0.00999916 0.00463676 0.0110219
2.56 0.0104085 0.00399602 0.0111493
2.57 0.0107803 0.0033216 0.0112804
2.58 0.0111121 0.00261518 0.0114156
2.59 0.0114013 0.00187997 0.0115553
2.6 0.0116449 0.00111824 0.0116985
2.61 0.0118415 0.000332952 0.0118461
2.62 0.0119888 -0.000472648 0.0119981
2.63 0.0120842 -0.00129555 0.0121535
2.64 0.0121269 -0.00213202 0.0123129
2.65 0.0121153 -0.00297896 0.0124761
2.66 0.0120475 -0.00383229 0.0126423
2.67 0.0119229 -0.00468831 0.0128115
2.68 0.0117404 -0.0055436 0.0129834
2.69 0.0114998 -0.00639362 0.0131577
2.7 0.0111999 -0.00723463 0.0133334
2.71 0.0108419 -0.0080628 0.0135113
2.72 0.0104253 -0.00887353 0.0136904
2.73 0.00995035 -0.009663 0.0138702
2.74 0.00941866 -0.0104269 0.0140511
2.75 0.00883081 -0.0111615 0.0142325
2.76 0.00818788 -0.0118623 0.0144137
2.77 0.00749211 -0.0125256 0.0145952
2.78 0.00674481 -0.0131476 0.0147767
2.79 0.00594872 -0.0137242 0.0149579
2.8 0.0051056 -0.0142518 0.0151387
2.81 0.00421921 -0.0147272 0.0153197
2.82 0.00329185 -0.0151464 0.0155
2.83 0.00232678 -0.0155065 0.0156801
2.84 0.00132825 -0.0158046 0.0158603
2.85 0.00029917 -0.0160377 0.0160405
2.86 -0.00075615 -0.0162032 0.0162208
2.87 -0.00183324 -0.0162992 0.016402
2.88 -0.00292824 -0.0163235 0.0165841
2.89 -0.00403595 -0.0162741 0.0167671
2.9 -0.00515221 -0.0161498 0.0169517
2.91 -0.00627145 -0.0159496 0.0171383
2.92 -0.0073891 -0.015672 0.0173266
2.93 -0.00850005 -0.0153172 0.0175177
2.94 -0.0095985 -0.0148851 0.0177115
2.95 -0.0106799 -0.0143754 0.0179085
2.96 -0.0117385 -0.0137891 0.0181089
2.97 -0.0127689 -0.0131274 0.0183132
2.98 -0.0137661 -0.012391 0.0185214
2.99 -0.0147241 -0.0115817 0.0187333
3 -0.0156386 -0.0107019 0.0189498
3.01 -0.0165035 -0.00975365 0.0191703
3.02 -0.0173143 -0.00873944 0.0193949
3.03 -0.0180661 -0.00766308 0.0196242
3.04 -0.0187537 -0.00652791 0.0198574
3.05 -0.0193731 -0.00533719 0.0200949
3.06 -0.0199195 -0.00409587 0.0203363
3.07 -0.020389 -0.00280829 0.0205815
3.08 -0.0207777 -0.00147853 0.0208302
3.09 -0.0210818 -0.000112475 0.0210821
3.1 -0.0212985 0.00128495 0.0213372
3.11 -0.0214243 0.00270797 0.0215947
3.12 -0.0214568 0.00415111 0.0218547
3.13 -0.0213942 0.00560751 0.0221169
3.14 -0.0212338 0.00707142 0.0223804
3.15 -0.0209749 0.00853665 0.0226455
3.16 -0.0206161 0.00999595 0.0229116
3.17 -0.0201569 0.0114431 0.0231785
3.18 -0.019597 0.0128718 0.0234462
3.19 -0.0189369 0.0142743 0.0237141
3.2 -0.0181775 0.0156446 0.0239828
3.21 -0.0173196 0.0169754 0.0242514
3.22 -0.0163652 0.0182602 0.0245205
3.23 -0.0153169 0.0194917 0.0247898
3.24 -0.0141763 0.0206637 0.0250591
3.25 -0.0129475 0.02177 0.0253292
3.26 -0.0116337 0.0228033 0.0255995
3.27 -0.010239 0.0237585 0.0258709
3.28 -0.00876775 0.0246294 0.0261435
3.29 -0.00722545 0.0254097 0.0264171
3.3 -0.00561691 0.0260951 0.0266928
3.31 -0.00394798 0.0266797 0.0269702
3.32 -0.00222501 0.0271591 0.0272501
3.33 -0.000454612 0.0275288 0.0275326
3.34 0.00135696 0.027785 0.0278181
3.35 0.00320172 0.0279245 0.0281075
3.36 0.00507226 0.0279437 0.0284003
3.37 0.00696124 0.0278405 0.0286976
3.38 0.00886018 0.0276128 0.0289995
3.39 0.0107606 0.0272585 0.0293056
3.4 0.0126548 0.0267774 0.0296171
3.41 0.0145337 0.026168 0.0299332
3.42 0.0163887 0.0254311 0.0302544
3.43 0.0182111 0.0245671 0.0305808
3.44 0.0199923 0.0235769 0.0309122
3.45 0.021723 0.0224631 0.0312487
3.46 0.0233947 0.0212271 0.0315896
3.47 0.0249993 0.0198726 0.0319356
3.48 0.0265274 0.0184029 0.0322857
3.49 0.027971 0.0168218 0.0326397
3.5 0.0293227 0.0151346 0.0329981
3.51 0.0305736 0.0133459 0.0333596
3.52 0.0317168 0.0114622 0.0337244
3.53 0.0327449 0.00948939 0.0340922
3.54 0.033651 0.00743433 0.0344625
3.55 0.0344284 0.00530493 0.0348347
3.56 0.0350713 0.00310817 0.0352088
3.57 0.0355745 0.000852934 0.0355847
3.58 0.0359323 -0.00145219 0.0359616
3.59 0.0361406 -0.00379833 0.0363396
3.6 0.0361961 -0.00617603 0.0367192
3.61 0.0360943 -0.00857527 0.037099
3.62 0.0358337 -0.0109863 0.03748
3.63 0.0354117 -0.0133988 0.0378618
3.64 0.0348269 -0.0158023 0.0382443
3.65 0.0340789 -0.0181858 0.0386276
3.66 0.0331677 -0.0205395 0.0390124
3.67 0.0320944 -0.0228515 0.0393986
3.68 0.0308603 -0.0251115 0.0397862
3.69 0.0294677 -0.0273087 0.040176
3.7 0.0279203 -0.0294323 0.0405685
3.71 0.0262206 -0.0314712 0.0409628
3.72 0.0243743 -0.0334156 0.0413608
3.73 0.022386 -0.035255 0.0417618
3.74 0.0202617 -0.0369793 0.0421664
3.75 0.0180085 -0.0385788 0.042575
3.76 0.0156331 -0.0400447 0.0429881
3.77 0.0131444 -0.0413674 0.0434054
3.78 0.0105503 -0.0425386 0.0438274
3.79 0.00786046 -0.0435508 0.0442545
3.8 0.00508491 -0.0443963 0.0446866
3.81 0.00223341 -0.045068 0.0451233
3.82 -0.000682401 -0.0455607 0.0455658
3.83 -0.00365161 -0.0458679 0.0460131
3.84 -0.00666214 -0.0459853 0.0464653
3.85 -0.00970158 -0.0459089 0.0469228
3.86 -0.0127578 -0.0456353 0.047385
3.87 -0.0158171 -0.0451617 0.0478514
3.88 -0.0188671 -0.0444868 0.0483223
3.89 -0.0218944 -0.0436098 0.0487973
3.9 -0.0248851 -0.0425305 0.0492759
3.91 -0.0278263 -0.0412497 0.0497578
3.92 -0.0307041 -0.0397701 0.0502434
3.93 -0.0335051 -0.0380932 0.0507314
3.94 -0.0362158 -0.0362231 0.051222
3.95 -0.0388231 -0.0341645 0.0517151
3.96 -0.0413141 -0.0319222 0.05221
3.97 -0.0436755 -0.0295029 0.0527064
3.98 -0.0458958 -0.0269136 0.0532049
3.99 -0.0479624 -0.0241624 0.0537049
4 -0.0498638 -0.021258 0.0542061
4.01 -0.0515893 -0.01821 0.0547089
4.02 -0.0531284 -0.0150296 0.0552134
4.03 -0.0544707 -0.0117266 0.0557187
4.04 -0.0556078 -0.00831387 0.0562259
4.05 -0.056531 -0.00480376 0.0567347
4.06 -0.0572326 -0.00120905 0.0572454
4.07 -0.0577056 0.00245596 0.0577578
4.08 -0.0579448 0.00617723 0.0582731
4.09 -0.0579444 0.00993983 0.0587907
4.1 -0.0577005 0.0137285 0.0593112
4.11 -0.0572103 0.017528 0.0598351
4.12 -0.0564716 0.0213218 0.0603627
4.13 -0.0554825 0.0250946 0.0608938
4.14 -0.0542443 0.0288296 0.0614296
4.15 -0.0527572 0.0325104 0.0619698
4.16 -0.0510233 0.0361208 0.0625147
4.17 -0.049046 0.0396438 0.0630646
4.18 -0.0468296 0.0430637 0.0636199
4.19 -0.0443789 0.0463636 0.06418
4.2 -0.0417007 0.0495281 0.0647455
4.21 -0.0388026 0.0525416 0.0653166
4.22 -0.035693 0.0553884 0.0658929
4.23 -0.0323809 0.0580544 0.0664743
4.24 -0.028878 0.0605251 0.0670614
4.25 -0.0251948 0.0627867 0.0676531
4.26 -0.021344 0.0648264 0.0682498
4.27 -0.0173395 0.0666318 0.068851
4.28 -0.0131949 0.0681918 0.0694567
4.29 -0.00892533 0.0694953 0.0700661
4.3 -0.00454694 0.0705331 0.0706795
4.31 -7.59883e-05 0.0712966 0.0712966
4.32 0.00447015 0.0717776 0.0719166
4.33 0.00907424 0.07197 0.0725398
4.34 0.0137171 0.0718684 0.0731658
4.35 0.0183811 0.0714678 0.0737937
4.36 0.0230468 0.0707657 0.0744241
4.37 0.0276944 0.06976 0.0750563
4.38 0.0323053 0.06845 0.0756904
4.39 0.036859 0.0668361 0.076326
4.4 0.041336 0.0649209 0.0769636
4.41 0.0457166 0.062707 0.0776027
4.42 0.0499807 0.0601989 0.0782431
4.43 0.0541097 0.0574027 0.0788855
4.44 0.0580836 0.0543255 0.0795297
4.45 0.0618842 0.0509749 0.0801754
4.46 0.0654932 0.0473616 0.0808237
4.47 0.0688921 0.0434961 0.0814741
4.48 0.0720644 0.0393901 0.0821271
4.49 0.0749928 0.0350573 0.0827825
4.5 0.0776621 0.0305125 0.0834411
4.51 0.080057 0.0257702 0.0841025
4.52 0.0821635 0.0208478 0.0847672
4.53 0.0839691 0.0157625 0.0854358
4.54 0.0854614 0.0105331 0.086108
4.55 0.0866295 0.00517805 0.0867841
4.56 0.0874644 -0.000281253 0.0874648
4.57 0.0879568 -0.00582463 0.0881495
4.58 0.0881003 -0.0114308 0.0888388
4.59 0.0878886 -0.0170771 0.0895323
4.6 0.0873179 -0.0227412 0.0902307
4.61 0.0863845 -0.0284006 0.0909334
4.62 0.0850876 -0.0340312 0.0916408
4.63 0.0834272 -0.0396103 0.0923529
4.64 0.0814042 -0.0451136 0.0930693
4.65 0.0790219 -0.0505183 0.09379
4.66 0.0762852 -0.0558001 0.094515
4.67 0.0731991 -0.0609361 0.0952435
4.68 0.0697719 -0.0659036 0.0959761
4.69 0.0660125 -0.0706791 0.0967118
4.7 0.0619314 -0.075241 0.0974511
4.71 0.0575401 -0.0795678 0.0981932
4.72 0.052853 -0.0836379 0.0989381
4.73 0.0478843 -0.0874319 0.0996857
4.74 0.0426501 -0.0909297 0.100435
4.75 0.037168 -0.0941137 0.101187
4.76 0.0314572 -0.0969663 0.101941
4.77 0.0255365 -0.0994711 0.102697
4.78 0.0194278 -0.101614 0.103454
4.79 0.0131532 -0.10338 0.104213
4.8 0.00673519 -0.104758 0.104974
4.81 0.000197985 -0.105736 0.105736
4.82 -0.00643321 -0.106305 0.1065
4.83 -0.0131338 -0.106458 0.107265
4.84 -0.0198773 -0.106187 0.108032
4.85 -0.0266372 -0.105489 0.1088
4.86 -0.0333864 -0.104361 0.109571
4.87 -0.0400982 -0.1028 0.110344
4.88 -0.0467445 -0.100809 0.111119
4.89 -0.0532977 -0.0983881 0.111897
4.9 -0.059731 -0.0955426 0.112677
4.91 -0.0660162 -0.0922779 0.113461
4.92 -0.0721262 -0.088602 0.114248
4.93 -0.0780351 -0.0845236 0.115038
4.94 -0.0837154 -0.0800545 0.115832
4.95 -0.0891422 -0.0752073 0.11663
4.96 -0.09429 -0.0699965 0.117431
4.97 -0.099135 -0.0644379 0.118237
4.98 -0.103654 -0.0585502 0.119047
4.99 -0.107824 -0.0523516 0.119861
5 -0.111624 -0.0458633 0.120679
5.01 -0.115035 -0.0391076 0.121501
5.02 -0.118038 -0.0321083 0.122327
5.03 -0.120616 -0.0248894 0.123157
5.04 -0.122753 -0.0174781 0.123991
5.05 -0.124435 -0.00990074 0.124828
5.06 -0.125649 -0.00218554 0.125668
5.07 -0.126386 0.00563873 0.126511
5.08 -0.126636 0.0135417 0.127358
5.09 -0.126391 0.0214939 0.128206
5.1 -0.125648 0.029464 0.129057
5.11 -0.124403 0.0374201 0.129909
5.12 -0.122654 0.045331 0.130762
5.13 -0.120402 0.0531652 0.131617
5.14 -0.11765 0.0608897 0.132473
5.15 -0.114403 0.0684738 0.13333
5.16 -0.110668 0.0758853 0.134187
5.17 -0.106454 0.0830931 0.135044
5.18 -0.101771 0.0900662 0.135902
5.19 -0.0966326 0.0967746 0.13676
5.2 -0.0910539 0.103189 0.137618
5.21 -0.0850513 0.109279 0.138476
5.22 -0.0786432 0.11502 0.139335
5.23 -0.0718504 0.120382 0.140194
5.24 -0.0646954 0.125342 0.141054
5.25 -0.0572015 0.129875 0.141914
5.26 -0.0493948 0.133959 0.142775
5.27 -0.0413023 0.137571 0.143638
5.28 -0.0329525 0.140694 0.144501
5.29 -0.0243746 0.143308 0.145366
5.3 -0.0156006 0.145399 0.146233
5.31 -0.00666209 0.146951 0.147102
5.32 0.00240804 0.147954 0.147974
5.33 0.0115753 0.148397 0.148847
5.34 0.0208046 0.148271 0.149724
5.35 0.0300617 0.147572 0.150603
5.36 0.0393093 0.146296 0.151485
5.37 0.048512 0.144441 0.15237
5.38 0.0576333 0.142008 0.153258
5.39 0.0666368 0.139001 0.154148
5.4 0.0754858 0.135425 0.155042
5.41 0.0841446 0.131288 0.155939
5.42 0.0925773 0.1266 0.156838
5.43 0.100748 0.121374 0.15774
5.44 0.108623 0.115623 0.158643
5.45 0.116169 0.109364 0.159549
5.46 0.123352 0.102618 0.160456
5.47 0.130141 0.0954031 0.161364
5.48 0.136505 0.0877444 0.162274
5.49 0.142416 0.079666 0.163184
5.5 0.147846 0.0711958 0.164095
5.51 0.152769 0.0623611 0.165006
5.52 0.15716 0.0531933 0.165918
5.53 0.160998 0.0437242 0.16683
5.54 0.164261 0.033987 0.167741
5.55 0.166933 0.0240162 0.168651
5.56 0.168995 0.013849 0.169562
5.57 0.170435 0.00352142 0.170471
5.58 0.171241 -0.00692782 0.171381
5.59 0.171402 -0.0174597 0.172289
5.6 0.170914 -0.0280346 0.173198
5.61 0.16977 -0.0386127 0.174105
5.62 0.167969 -0.0491531 0.175013
5.63 0.165512 -0.059615 0.175921
5.64 0.162401 -0.0699579 0.176828
5.65 0.158643 -0.0801409 0.177736
5.66 0.154246 -0.0901227 0.178644
5.67 0.14922 -0.0998643 0.179553
5.68 0.143579 -0.109325 0.180463
5.69 0.137339 -0.118467 0.181374
5.7 0.130518 -0.127252 0.182286
5.71 0.123136 -0.135643 0.183198
5.72 0.115218 -0.143604 0.184113
5.73 0.106788 -0.151102 0.185028
5.74 0.0978732 -0.158102 0.185945
5.75 0.0885039 -0.164575 0.186863
5.76 0.0787117 -0.17049 0.187783
5.77 0.0685292 -0.17582 0.188703
5.78 0.0579929 -0.180539 0.189625
5.79 0.047139 -0.184625 0.190547
5.8 0.0360062 -0.188055 0.191471
5.81 0.0246342 -0.190811 0.192395
5.82 0.0130648 -0.192877 0.193319
5.83 0.00133919 -0.194239 0.194243
5.84 -0.010499 -0.194885 0.195167
5.85 -0.0224058 -0.194806 0.196091
5.86 -0.0343367 -0.193998 0.197013
5.87 -0.0462476 -0.192455 0.197934
5.88 -0.0580919 -0.190179 0.198854
5.89 -0.0698252 -0.187172 0.199772
5.9 -0.0814022 -0.183438 0.200688
5.91 -0.0927773 -0.178986 0.201602
5.92 -0.103906 -0.173826 0.202515
5.93 -0.114746 -0.167973 0.203424
5.94 -0.125252 -0.161442 0.204331
5.95 -0.135382 -0.154252 0.205237
5.96 -0.145096 -0.146426 0.206139
5.97 -0.154353 -0.137987 0.20704
5.98 -0.163116 -0.128964 0.207938
5.99 -0.171346 -0.119384 0.208835
6 -0.17901 -0.109279 0.209729
6.01 -0.186073 -0.0986832 0.210622
6.02 -0.192506 -0.0876328 0.211514
6.03 -0.198278 -0.0761651 0.212404
6.04 -0.203363 -0.0643206 0.213293
6.05 -0.207738 -0.0521405 0.214181
6.06 -0.211379 -0.0396675 0.215069
6.07 -0.214268 -0.0269464 0.215956
6.08 -0.216389 -0.0140233 0.216843
6.09 -0.217728 -0.000943992 0.21773
6.1 -0.218274 0.0122431 0.218617
6.11 -0.218018 0.0254893 0.219503
6.12 -0.216958 0.0387462 0.22039
6.13 -0.215089 0.051964 0.221277
6.14 -0.212415 0.0650931 0.222164
6.15 -0.208937 0.0780841 0.223051
6.16 -0.204665 0.0908877 0.223938
6.17 -0.199607 0.103455 0.224824
6.18 -0.193778 0.115737 0.22571
6.19 -0.187193 0.127687 0.226595
6.2 -0.179872 0.139258 0.227479
6.21 -0.171837 0.150403 0.228361
6.22 -0.163112 0.16108 0.229242
6.23 -0.153725 0.171244 0.230121
6.24 -0.143706 0.180856 0.230999
6.25 -0.133089 0.189876 0.231874
6.26 -0.121908 0.198266 0.232746
6.27 -0.110201 0.205991 0.233616
6.28 -0.0980078 0.213019 0.234484
6.29 -0.0853699 0.219318 0.235348
6.3 -0.0723318 0.224862 0.236209
6.31 -0.0589382 0.229623 0.237066
6.32 -0.0452362 0.233581 0.237921
6.33 -0.0312748 0.236714 0.238771
6.34 -0.0171033 0.239008 0.239619
6.35 -0.00277248 0.240447 0.240463
6.36 0.0116656 0.241021 0.241303
6.37 0.0261588 0.240724 0.242141
6.38 0.0406543 0.239549 0.242975
6.39 0.0550989 0.237498 0.243805
6.4 0.0694392 0.234571 0.244633
6.41 0.0836221 0.230775 0.245458
6.42 0.097595 0.226118 0.24628
6.43 0.111305 0.220612 0.2471
6.44 0.1247 0.214273 0.247917
6.45 0.13773 0.207118 0.248732
6.46 0.150345 0.19917 0.249544
6.47 0.162496 0.190452 0.250354
6.48 0.174137 0.180993 0.251161
6.49 0.185221 0.170822 0.251967
6.5 0.195707 0.159973 0.25277
6.51 0.205551 0.148482 0.253571
6.52 0.214715 0.136387 0.254369
6.53 0.223161 0.123728 0.255166
6.54 0.230855 0.110549 0.255959
6.55 0.237764 0.0968955 0.25675
6.56 0.243861 0.0828138 0.257539
6.57 0.249117 0.0683529 0.258324
6.58 0.253509 0.0535635 0.259106
6.59 0.257018 0.0384976 0.259885
6.6 0.259625 0.0232085 0.260661
6.61 0.261317 0.00775014 0.261432
6.62 0.262083 -0.0078224 0.2622
6.63 0.261915 -0.0234527 0.262963
6.64 0.260809 -0.0390857 0.263722
6.65 0.258766 -0.0546639 0.264476
6.66 0.255786 -0.0701313 0.265227
6.67 0.251878 -0.0854315 0.265972
6.68 0.24705 -0.100508 0.266712
6.69 0.241315 -0.115306 0.267448
6.7 0.234691 -0.129771 0.26818
6.71 0.227195 -0.143849 0.268906
6.72 0.218853 -0.157489 0.269628
6.73 0.209689 -0.170637 0.270345
6.74 0.199733 -0.183246 0.271058
6.75 0.189017 -0.195268 0.271766
6.76 0.177577 -0.206656 0.272471
6.77 0.165449 -0.217368 0.273171
6.78 0.152676 -0.227361 0.273867
6.79 0.139299 -0.236598 0.27456
6.8 0.125364 -0.245042 0.275249
6.81 0.110919 -0.252659 0.275934
6.82 0.0960139 -0.259419 0.276617
6.83 0.0806994 -0.265294 0.277296
6.84 0.0650282 -0.270259 0.277973
6.85 0.049056 -0.274294 0.278646
6.86 0.0328378 -0.277379 0.279316
6.87 0.0164309 -0.279501 0.279984
6.88 -0.00010696 -0.280648 0.280648
6.89 -0.0167174 -0.280812 0.281309
6.9 -0.0333414 -0.279989 0.281967
6.91 -0.0499198 -0.278178 0.282622
6.92 -0.0663939 -0.275382 0.283273
6.93 -0.0827038 -0.271607 0.28392
6.94 -0.0987923 -0.266863 0.284563
6.95 -0.1146 -0.261164 0.285201
6.96 -0.130071 -0.254525 0.285835
6.97 -0.145149 -0.246968 0.286464
6.98 -0.15978 -0.238516 0.287088
6.99 -0.173908 -0.229195 0.287706
7 -0.187484 -0.219037 0.288318
7.01 -0.200457 -0.208073 0.288925
7.02 -0.21278 -0.196341 0.289525
7.03 -0.224406 -0.183878 0.290119
7.04 -0.235293 -0.170727 0.290707
7.05 -0.2454 -0.156932 0.291288
7.06 -0.254689 -0.142539 0.291863
7.07 -0.263125 -0.127597 0.29243
7.08 -0.270675 -0.112158 0.292992
7.09 -0.277309 -0.096273 0.293546
7.1 -0.283004 -0.0799979 0.294093
7.11 -0.287735 -0.0633883 0.294635
7.12 -0.291483 -0.0465016 0.295169
7.13 -0.294234 -0.0293967 0.295698
7.14 -0.295973 -0.0121318 0.296221
7.15 -0.296693 0.00523123 0.296739
7.16 -0.296388 0.0226333 0.29725
7.17 -0.295056 0.040013 0.297757
7.18 -0.292701 0.0573095 0.298258
7.19 -0.289326 0.0744619 0.298755
7.2 -0.284943 0.0914103 0.299246
7.21 -0.279563 0.108094 0.299733
7.22 -0.273203 0.124456 0.300215
7.23 -0.265884 0.140436 0.300693
7.24 -0.257627 0.155979 0.301166
7.25 -0.248461 0.17103 0.301635
7.26 -0.238413 0.185534 0.302099
7.27 -0.227519 0.199441 0.302559
7.28 -0.215814 0.2127 0.303013
7.29 -0.203337 0.225265 0.303463
7.3 -0.190129 0.237089 0.303908
7.31 -0.176235 0.248131 0.304348
7.32 -0.161702 0.25835 0.304782
7.33 -0.14658 0.26771 0.305211
7.34 -0.130917 0.276176 0.305634
7.35 -0.114771 0.283717 0.306052
7.36 -0.0981922 0.290306 0.306463
7.37 -0.08124 0.295919 0.306868
7.38 -0.0639719 0.300533 0.307266
7.39 -0.0464462 0.304132 0.307658
7.4 -0.0287233 0.306701 0.308043
7.41 -0.0108644 0.30823 0.308422
7.42 0.00706996 0.308712 0.308793
7.43 0.0250177 0.308144 0.309158
7.44 0.042917 0.306527 0.309517
7.45 0.0607062 0.303864 0.309868
7.46 0.0783244 0.300163 0.310213
7.47 0.0957106 0.295435 0.310552
7.48 0.112805 0.289696 0.310884
7.49 0.129548 0.282964 0.311209
7.5 0.145883 0.27526 0.311529
7.51 0.161752 0.266611 0.311842
7.52 0.177101 0.257045 0.312149
7.53 0.191877 0.246593 0.31245
7.54 0.206029 0.23529 0.312745
7.55 0.219507 0.223175 0.313035
7.56 0.232265 0.210288 0.313318
7.57 0.24426 0.196672 0.313596
7.58 0.255448 0.182374 0.313869
7.59 0.265791 0.16744 0.314136
7.6 0.275254 0.151923 0.314397
7.61 0.283804 0.135875 0.314653
7.62 0.291409 0.119348 0.314902
7.63 0.298045 0.102401 0.315146
7.64 0.303688 0.0850899 0.315383
7.65 0.308318 0.0674732 0.315615
7.66 0.311918 0.0496108 0.315839
7.67 0.314477 0.0315636 0.316057
7.68 0.315984 0.0133924 0.316268
7.69 0.316434 -0.00484151 0.316471
7.7 0.315826 -0.0230758 0.316668
7.71 0.314161 -0.0412492 0.316857
7.72 0.311443 -0.0593004 0.317038
7.73 0.307683 -0.0771679 0.317213
7.74 0.302893 -0.0947912 0.317379
7.75 0.297088 -0.112112 0.317537
7.76 0.290287 -0.129069 0.317688
7.77 0.282515 -0.145609 0.317831
7.78 0.273797 -0.161672 0.317967
7.79 0.264162 -0.177208 0.318094
7.8 0.253643 -0.192162 0.318215
7.81 0.242275 -0.206485 0.318328
7.82 0.230096 -0.220128 0.318435
7.83 0.217148 -0.233047 0.318534
7.84 0.203474 -0.245197 0.318627
7.85 0.189121 -0.256538 0.318714
7.86 0.174136 -0.267033 0.318794
7.87 0.15857 -0.276646 0.318869
7.88 0.142476 -0.285346 0.318939
7.89 0.125907 -0.293105 0.319003
7.9 0.10892 -0.299896 0.319062
7.91 0.0915706 -0.305696 0.319117
7.92 0.073918 -0.310489 0.319166
7.93 0.0560213 -0.314258 0.319212
7.94 0.0379401 -0.31699 0.319252
7.95 0.0197346 -0.318678 0.319288
7.96 0.00146646 -0.319316 0.31932
7.97 -0.0168045 -0.318904 0.319347
7.98 -0.0350163 -0.317443 0.319369
7.99 -0.0531093 -0.31494 0.319386
8 -0.0710228 -0.311402 0.319399
8.01 -0.0886976 -0.306843 0.319406
8.02 -0.106076 -0.30128 0.319408
8.03 -0.123099 -0.29473 0.319405
8.04 -0.139712 -0.287218 0.319395
8.05 -0.155859 -0.278768 0.31938
8.06 -0.171488 -0.26941 0.319359
8.07 -0.186548 -0.259176 0.319331
8.08 -0.200988 -0.2481 0.319296
8.09 -0.214764 -0.23622 0.319254
8.1 -0.227828 -0.223577 0.319206
8.11 -0.24014 -0.210212 0.319149
8.12 -0.25166 -0.196171 0.319086
8.13 -0.26235 -0.181502 0.319015
8.14 -0.272177 -0.166252 0.318936
8.15 -0.28111 -0.150474 0.31885
8.16 -0.28912 -0.13422 0.318756
8.17 -0.296182 -0.117544 0.318654
8.18 -0.302276 -0.100501 0.318545
8.19 -0.307381 -0.0831484 0.318429
8.2 -0.311484 -0.0655436 0.318305
8.21 -0.314571 -0.0477445 0.318174
8.22 -0.316636 -0.0298096 0.318036
8.23 -0.317672 -0.0117984 0.317891
8.24 -0.317678 0.00623017 0.317739
8.25 -0.316656 0.0242178 0.317581
8.26 -0.314611 0.0421045 0.317416
8.27 -0.311552 0.0598329 0.317245
8.28 -0.307491 0.077345 0.317069
8.29 -0.302442 0.0945839 0.316887
8.3 -0.296424 0.111494 0.316699
8.31 -0.289459 0.12802 0.316506
8.32 -0.281572 0.144111 0.316308
8.33 -0.272789 0.159713 0.316105
8.34 -0.263142 0.174777 0.315897
8.35 -0.252663 0.189256 0.315684
8.36 -0.241389 0.203103 0.315467
8.37 -0.229357 0.216275 0.315245
8.38 -0.216609 0.228731 0.315019
8.39 -0.203187 0.240431 0.314789
8.4 -0.189136 0.251339 0.314554
8.41 -0.174504 0.261422 0.314314
8.42 -0.159338 0.27065 0.314071
8.43 -0.143691 0.278994 0.313823
8.44 -0.127611 0.28643 0.313571
8.45 -0.111154 0.292935 0.313315
8.46 -0.0943736 0.298492 0.313055
8.47 -0.0773234 0.303083 0.312791
8.48 -0.0600598 0.306698 0.312524
8.49 -0.0426395 0.309327 0.312252
8.5 -0.025118 0.310964 0.311977
8.51 -0.00755266 0.311607 0.311698
8.52 0.0100001 0.311256 0.311416
8.53 0.0274836 0.309915 0.311131
8.54 0.0448425 0.30759 0.310842
8.55 0.0620209 0.304293 0.31055
8.56 0.0789646 0.300038 0.310255
8.57 0.0956195 0.294838 0.309956
8.58 0.111934 0.288716 0.309655
8.59 0.127855 0.281693 0.30935
8.6 0.143334 0.273793 0.309043
8.61 0.158323 0.265046 0.308732
8.62 0.172775 0.255482 0.308419
8.63 0.186645 0.245133 0.308102
8.64 0.199891 0.234036 0.307781
8.65 0.212473 0.222227 0.307457
8.66 0.224352 0.209748 0.307129
8.67 0.235492 0.19664 0.306796
8.68 0.245861 0.182947 0.306459
8.69 0.255428 0.168714 0.306117
8.7 0.264164 0.153988 0.30577
8.71 0.272046 0.138818 0.305417
8.72 0.27905 0.123253 0.305058
8.73 0.285157 0.107345 0.304692
8.74 0.29035 0.091145 0.30432
8.75 0.294617 0.0747054 0.303941
8.76 0.297947 0.0580789 0.303555
8.77 0.300331 0.0413193 0.30316
8.78 0.301767 0.0244794 0.302759
8.79 0.302253 0.00761381 0.302349
8.8 0.30179 -0.00922516 0.30193
8.81 0.300383 -0.0259836 0.301505
8.82 0.29804 -0.0426091 0.30107
8.83 0.294771 -0.0590498 0.300628
8.84 0.290591 -0.0752543 0.300177
8.85 0.285515 -0.0911728 0.299719
8.86 0.279563 -0.106756 0.299253
8.87 0.272757 -0.121956 0.298781
8.88 0.265122 -0.136727 0.298302
8.89 0.256684 -0.151024 0.297817
8.9 0.247473 -0.164803 0.297326
8.91 0.237522 -0.178024 0.296832
8.92 0.226863 -0.190647 0.296332
8.93 0.215533 -0.202634 0.29583
8.94 0.203571 -0.213952 0.295324
8.95 0.191016 -0.224566 0.294817
8.96 0.17791 -0.234447 0.294309
8.97 0.164297 -0.243567 0.2938
8.98 0.15022 -0.251899 0.29329
8.99 0.135726 -0.259422 0.292782
9 0.120862 -0.266114 0.292274
9.01 0.105675 -0.27196 0.291769
9.02 0.0902149 -0.276942 0.291266
9.03 0.0745301 -0.281051 0.290765
9.04 0.058671 -0.284277 0.290268
9.05 0.0426876 -0.286612 0.289774
9.06 0.0266306 -0.288054 0.289283
9.07 0.0105495 -0.288603 0.288796
9.08 -0.00550498 -0.288259 0.288311
9.09 -0.021483 -0.287028 0.287831
9.1 -0.0373357 -0.284918 0.287354
9.11 -0.0530145 -0.281939 0.28688
9.12 -0.0684705 -0.278103 0.286408
9.13 -0.0836579 -0.273428 0.285939
9.14 -0.0985302 -0.26793 0.285473
9.15 -0.113043 -0.26163 0.285007
9.16 -0.127152 -0.254552 0.284543
9.17 -0.140817 -0.246721 0.284079
9.18 -0.153997 -0.238165 0.283615
9.19 -0.166653 -0.228913 0.283151
9.2 -0.178748 -0.218997 0.282685
9.21 -0.190249 -0.208451 0.282217
9.22 -0.201121 -0.197311 0.281747
9.23 -0.211334 -0.185612 0.281272
9.24 -0.220861 -0.173396 0.280794
9.25 -0.229674 -0.1607 0.280311
9.26 -0.237749 -0.147567 0.279823
9.27 -0.245066 -0.13404 0.279328
9.28 -0.251605 -0.120162 0.278826
9.29 -0.25735 -0.105976 0.278316
9.3 -0.262286 -0.0915296 0.277798
9.31 -0.266403 -0.0768669 0.277271
9.32 -0.269692 -0.0620351 0.276735
9.33 -0.272146 -0.0470795 0.276188
9.34 -0.273762 -0.0320478 0.275631
9.35 -0.274539 -0.0169862 0.275064
9.36 -0.274477 -0.00194102 0.274484
9.37 -0.273583 0.0130417 0.273894
9.38 -0.271862 0.0279158 0.273291
9.39 -0.269322 0.042637 0.272676
9.4 -0.265977 0.0571599 0.272049
9.41 -0.26184 0.0714422 0.271411
9.42 -0.256927 0.08544 0.270761
9.43 -0.251257 0.0991128 0.270099
9.44 -0.244852 0.11242 0.269426
9.45 -0.237733 0.125323 0.268743
9.46 -0.229926 0.137785 0.26805
9.47 -0.221459 0.149769 0.267348
9.48 -0.212361 0.161242 0.266638
9.49 -0.202661 0.17217 0.265921
9.5 -0.192393 0.182525 0.265199
9.51 -0.181591 0.192276 0.264472
9.52 -0.17029 0.201398 0.263742
9.53 -0.158526 0.209866 0.26301
9.54 -0.146338 0.217658 0.262278
9.55 -0.133766 0.224753 0.261548
9.56 -0.120848 0.231135 0.26082
9.57 -0.107625 0.236786 0.260098
9.58 -0.0941411 0.241695 0.259382
9.59 -0.0804362 0.24585 0.258674
9.6 -0.0665537 0.249243 0.257976
9.61 -0.0525361 0.251867 0.257288
9.62 -0.0384272 0.25372 0.256613
9.63 -0.0242698 0.254798 0.255952
9.64 -0.0101066 0.255105 0.255305
9.65 0.00401815 0.254643 0.254675
9.66 0.0180634 0.253417 0.25406
9.67 0.0319865 0.251437 0.253463
9.68 0.0457459 0.248711 0.252883
9.69 0.059301 0.245252 0.25232
9.7 0.0726126 0.241076 0.251774
9.71 0.0856407 0.236198 0.251244
9.72 0.0983483 0.230638 0.250731
9.73 0.110698 0.224416 0.250233
9.74 0.122656 0.217555 0.249749
9.75 0.134186 0.210079 0.249277
9.76 0.145258 0.202014 0.248816
9.77 0.155839 0.193389 0.248365
9.78 0.165901 0.184233 0.247921
9.79 0.175416 0.174575 0.247482
9.8 0.184359 0.164449 0.247047
9.81 0.192706 0.153889 0.246611
9.82 0.200434 0.142927 0.246174
9.83 0.207524 0.131599 0.245733
9.84 0.213959 0.119943 0.245285
9.85 0.219722 0.107995 0.244828
9.86 0.224799 0.0957918 0.244358
9.87 0.229181 0.0833738 0.243875
9.88 0.232856 0.0707788 0.243376
9.89 0.235818 0.058046 0.242857
9.9 0.238063 0.0452142 0.242318
9.91 0.239586 0.0323238 0.241757
9.92 0.240389 0.0194125 0.241171
9.93 0.240472 0.00652088 0.24056
9.94 0.239839 -0.0063134 0.239922
9.95 0.238496 -0.0190511 0.239256
9.96 0.236451 -0.0316547 0.23856
9.97 0.233714 -0.0440874 0.237836
9.98 0.230297 -0.0563121 0.237082
9.99 0.226215 -0.0682936 0.236299
10 0.221483 -0.0799975 0.235487
10.01 0.216119 -0.0913899 0.234647
10.02 0.210142 -0.102438 0.23378
10.03 0.203575 -0.113112 0.232889
10.04 0.196439 -0.123381 0.231972
10.05 0.18876 -0.133216 0.231035
10.06 0.180564 -0.142591 0.230077
10.07 0.171877 -0.151482 0.229103
10.08 0.162729 -0.159862 0.228115
10.09 0.153149 -0.167712 0.227116
10.1 0.143169 -0.17501 0.22611
10.11 0.13282 -0.181738 0.2251
10.12 0.122136 -0.18788 0.224089
10.13 0.11115 -0.193421 0.223083
10.14 0.0998959 -0.198347 0.222083
10.15 0.0884094 -0.20265 0.221096
10.16 0.076726 -0.206319 0.220124
10.17 0.0648807 -0.209348 0.219171
10.18 0.0529111 -0.211732 0.218243
10.19 0.0408522 -0.213468 0.217342
10.2 0.0287405 -0.214555 0.216472
10.21 0.0166126 -0.214996 0.215636
10.22 0.00450449 -0.214791 0.214838
10.23 -0.00754886 -0.213948 0.214081
10.24 -0.0195108 -0.212472 0.213366
10.25 -0.0313475 -0.210373 0.212696
10.26 -0.0430238 -0.207662 0.212072
10.27 -0.0545071 -0.20435 0.211495
10.28 -0.0657634 -0.200453 0.210965
10.29 -0.0767619 -0.195985 0.210482
10.3 -0.087471 -0.190966 0.210045
10.31 -0.097861 -0.185413 0.209654
10.32 -0.107903 -0.179348 0.209306
10.33 -0.117569 -0.172793 0.208997
10.34 -0.126833 -0.165771 0.208727
10.35 -0.135671 -0.158307 0.208489
10.36 -0.144058 -0.150426 0.20828
10.37 -0.151972 -0.142156 0.208096
10.38 -0.159394 -0.133525 0.207931
10.39 -0.166304 -0.12456 0.207779
10.4 -0.172685 -0.115293 0.207636
10.41 -0.178521 -0.105753 0.207494
10.42 -0.183799 -0.0959715 0.207346
10.43 -0.188506 -0.0859789 0.207188
10.44 -0.192632 -0.0758084 0.207012
10.45 -0.196169 -0.065491 0.206812
10.46 -0.199109 -0.0550599 0.206582
10.47 -0.201449 -0.0445471 0.206315
10.48 -0.203185 -0.0339853 0.206007
10.49 -0.204314 -0.023407 0.205651
10.5 -0.20484 -0.0128439 0.205242
10.51 -0.204762 -0.00232807 0.204775
10.52 -0.204086 0.00810858 0.204247
10.53 -0.202817 0.0184359 0.203653
10.54 -0.200963 0.0286229 0.202991
10.55 -0.198533 0.0386397 0.202258
10.56 -0.195538 0.0484578 0.201453
10.57 -0.19199 0.0580487 0.200574
10.58 -0.187904 0.0673859 0.199621
10.59 -0.183294 0.0764419 0.198596
10.6 -0.178179 0.0851933 0.197498
10.61 -0.172576 0.0936148 0.196332
10.62 -0.166505 0.101684 0.195099
10.63 -0.159987 0.109379 0.193803
10.64 -0.153044 0.11668 0.192449
10.65 -0.145699 0.123568 0.191043
10.66 -0.137976 0.130026 0.18959
10.67 -0.129901 0.136038 0.188097
10.68 -0.121499 0.141589 0.186573
10.69 -0.112798 0.146667 0.185026
10.7 -0.103824 0.15126 0.183463
10.71 -0.0946055 0.155358 0.181897
10.72 -0.0851716 0.158954 0.180335
10.73 -0.0755506 0.162041 0.178788
10.74 -0.065772 0.164615 0.177268
10.75 -0.055866 0.166671 0.175784
10.76 -0.0458609 0.168208 0.174348
10.77 -0.0357882 0.169228 0.172971
10.78 -0.0256762 0.16973 0.171661
10.79 -0.0155554 0.16972 0.170431
10.8 -0.00545433 0.1692 0.169287
10.81 0.00459715 0.168178 0.168241
10.82 0.0145708 0.166662 0.167298
10.83 0.0244381 0.164661 0.166464
10.84 0.0341717 0.162185 0.165746
10.85 0.0437437 0.159249 0.165147
10.86 0.0531283 0.155862 0.164669
10.87 0.0622997 0.152044 0.164312
10.88 0.0712327 0.147807 0.164076
10.89 0.0799039 0.14317 0.163958
10.9 0.0882896 0.138151 0.163954
10.91 0.0963687 0.13277 0.164058
10.92 0.104119 0.127047 0.164261
10.93 0.111522 0.121002 0.164556
10.94 0.118558 0.114658 0.164932
10.95 0.125209 0.108039 0.165378
10.96 0.13146 0.101165 0.16588
10.97 0.137297 0.094063 0.166428
10.98 0.142703 0.0867561 0.167006
10.99 0.147669 0.0792693 0.1676
11 0.152182 0.071628 0.168197
11.01 0.156234 0.0638571 0.168781
11.02 0.159816 0.0559828 0.169338
11.03 0.162921 0.04803 0.169853
11.04 0.165545 0.0400242 0.170314
11.05 0.167682 0.0319917 0.170707
11.06 0.169331 0.0239573 0.171017
11.07 0.170491 0.0159454 0.171235
11.08 0.171161 0.00798222 0.171347
11.09 0.171343 9.03605e-05 0.171343
11.1 0.171042 -0.0077054 0.171215
11.11 0.170259 -0.0153828 0.170953
11.12 0.169003 -0.0229183 0.17055
11.13 0.167279 -0.0302911 0.169999
11.14 0.165095 -0.0374797 0.169296
11.15 0.162462 -0.0444638 0.168437
11.16 0.15939 -0.051224 0.167419
11.17 0.15589 -0.0577429 0.166241
11.18 0.151976 -0.0640018 0.164903
11.19 0.147661 -0.0699854 0.163407
11.2 0.142961 -0.075678 0.161756
11.21 0.13789 -0.0810654 0.159954
11.22 0.132468 -0.0861347 0.158009
11.23 0.126709 -0.0908739 0.155927
11.24 0.120633 -0.0952727 0.153718
11.25 0.11426 -0.0993217 0.151394
11.26 0.107608 -0.103013 0.148967
11.27 0.100698 -0.106339 0.146451
11.28 0.093551 -0.109295 0.143865
11.29 0.0861882 -0.111876 0.141226
11.3 0.0786316 -0.11408 0.138554
11.31 0.0709031 -0.115904 0.135871
11.32 0.063025 -0.117348 0.133201
11.33 0.0550199 -0.118412 0.13057
11.34 0.0469105 -0.119099 0.128005
11.35 0.0387197 -0.119412 0.125532
11.36 0.0304704 -0.119354 0.123183
11.37 0.0221849 -0.118932 0.120984
11.38 0.013886 -0.118153 0.118966
11.39 0.00559672 -0.117022 0.117156
11.4 -0.0026621 -0.11555 0.11558
11.41 -0.0108673 -0.113746 0.114263
11.42 -0.018998 -0.11162 0.113225
11.43 -0.0270324 -0.109184 0.112481
11.44 -0.0349505 -0.106452 0.112042
11.45 -0.0427313 -0.103435 0.111914
11.46 -0.0503554 -0.100148 0.112095
11.47 -0.0578038 -0.0966054 0.112578
11.48 -0.0650585 -0.0928229 0.113352
11.49 -0.0721002 -0.0888165 0.114398
11.5 -0.0789138 -0.0846018 0.115693
11.51 -0.0854814 -0.080197 0.117212
11.52 -0.091788 -0.0756182 0.118925
11.53 -0.0978187 -0.0708838 0.120802
11.54 -0.10356 -0.0660109 0.122809
11.55 -0.108998 -0.0610185 0.124915
11.56 -0.114121 -0.0559243 0.127087
11.57 -0.118918 -0.0507466 0.129293
11.58 -0.123378 -0.0455039 0.131502
11.59 -0.127492 -0.0402153 0.133685
11.6 -0.131251 -0.034897 0.135811
11.61 -0.134649 -0.0295689 0.137857
11.62 -0.137676 -0.0242476 0.139795
11.63 -0.14033 -0.018951 0.141604
11.64 -0.142603 -0.0136958 0.14326
11.65 -0.144495 -0.00849931 0.144744
11.66 -0.145999 -0.0033773 0.146038
11.67 -0.147116 0.00165433 0.147125
11.68 -0.147844 0.00658076 0.14799
11.69 -0.148183 0.011387 0.14862
11.7 -0.148134 0.0160596 0.149002
11.71 -0.148174 0.020637 0.149604
11.72 -0.148303 0.0251199 0.150415
11.73 -0.148523 0.029511 0.151427
11.74 -0.148836 0.0338112 0.152628
11.75 -0.149244 0.0380226 0.154011
11.76 -0.149747 0.0421461 0.155565
11.77 -0.150346 0.0461837 0.15728
11.78 -0.151044 0.0501367 0.159148
11.79 -0.151842 0.0540066 0.16116
11.8 -0.15274 0.0577937 0.163308
11.81 -0.153739 0.0615012 0.165584
11.82 -0.154841 0.0651283 0.167981
11.83 -0.156046 0.0686773 0.17049
11.84 -0.157355 0.0721492 0.173107
11.85 -0.158769 0.0755452 0.175825
11.86 -0.160288 0.0788661 0.178639
11.87 -0.161912 0.082113 0.181544
11.88 -0.163644 0.0852867 0.184535
11.89 -0.165481 0.0883883 0.187607
11.9 -0.167426 0.091418 0.190758
11.91 -0.169477 0.0943771 0.193983
11.92 -0.171636 0.0972664 0.197281
11.93 -0.173901 0.100086 0.200646
11.94 -0.176273 0.102837 0.204077
11.95 -0.178752 0.105519 0.207573
11.96 -0.181336 0.108134 0.21113
11.97 -0.184026 0.110681 0.214746
11.98 -0.186821 0.11316 0.21842
11.99 -0.18972 0.115573 0.222151
12 -0.192723 0.117919 0.225936
12.01 -0.195827 0.120198 0.229773
12.02 -0.199033 0.122411 0.233663
12.03 -0.202339 0.124556 0.237603
12.04 -0.205743 0.126635 0.241592
12.05 -0.209246 0.128647 0.24563
12.06 -0.212843 0.130592 0.249713
12.07 -0.216534 0.132469 0.253841
12.08 -0.220318 0.134278 0.258013
12.09 -0.224191 0.136019 0.262227
12.1 -0.228152 0.137691 0.266481
12.11 -0.2322 0.139293 0.270775
12.12 -0.23633 0.140824 0.275106
12.13 -0.240541 0.142285 0.279473
12.14 -0.24483 0.143673 0.283873
12.15 -0.249195 0.144989 0.288305
12.16 -0.253632 0.146231 0.292767
12.17 -0.258138 0.147398 0.297257
12.18 -0.262711 0.148489 0.301772
12.19 -0.267346 0.149504 0.30631
12.2 -0.272042 0.15044 0.310868
12.21 -0.276793 0.151297 0.315445
12.22 -0.281597 0.152073 0.320036
12.23 -0.286449 0.152768 0.32464
12.24 -0.291347 0.153378 0.329253
12.25 -0.296285 0.153904 0.333873
12.26 -0.30126 0.154343 0.338496
12.27 -0.306268 0.154694 0.343118
12.28 -0.311304 0.154955 0.347737
12.29 -0.316364 0.155125 0.352349
12.3 -0.321443 0.155203 0.35695
12.31 -0.326537 0.155185 0.361537
12.32 -0.331642 0.155071 0.366106
12.33 -0.336752 0.154859 0.370652
12.34 -0.341863 0.154547 0.375173
12.35 -0.34697 0.154133 0.379664
12.36 -0.352068 0.153615 0.384121
12.37 -0.357152 0.152992 0.388541
12.38 -0.362217 0.152261 0.392918
12.39 -0.367258 0.15142 0.397249
12.4 -0.37227 0.150469 0.401529
12.41 -0.377247 0.149404 0.405755
12.42 -0.382185 0.148223 0.409922
12.43 -0.387078 0.146925 0.414025
12.44 -0.391921 0.145508 0.418061
12.45 -0.396709 0.14397 0.422025
12.46 -0.401435 0.142308 0.425913
12.47 -0.406096 0.140521 0.429721
12.48 -0.410684 0.138607 0.433444
12.49 -0.415196 0.136564 0.437079
12.5 -0.419626 0.134391 0.440621
12.51 -0.423968 0.132084 0.444067
12.52 -0.428217 0.129643 0.447412
12.53 -0.432368 0.127065 0.450653
12.54 -0.436415 0.124349 0.453785
12.55 -0.440354 0.121493 0.456806
12.56 -0.444178 0.118495 0.459712
12.57 -0.447883 0.115354 0.462499
12.58 -0.451463 0.112068 0.465165
12.59 -0.454914 0.108635 0.467705
12.6 -0.458229 0.105055 0.470117
12.61 -0.461404 0.101325 0.472399
12.62 -0.464435 0.0974449 0.474547
12.63 -0.467315 0.0934135 0.47656
12.64 -0.47004 0.0892289 0.478434
12.65 -0.472605 0.0848915 0.480169
12.66 -0.475007 0.0803991 0.481763
12.67 -0.477238 0.0757513 0.483213
12.68 -0.479297 0.0709484 0.48452
12.69 -0.481177 0.0659885 0.485681
12.7 -0.482875 0.0608722 0.486697
12.71 -0.484387 0.0555989 0.487567
12.72 -0.485707 0.0501688 0.488291
12.73 -0.486833 0.0445814 0.48887
12.74 -0.487761 0.0388373 0.489304
12.75 -0.488485 0.0329365 0.489594
12.76 -0.489004 0.0268803 0.489742
12.77 -0.489314 0.0206679 0.48975
12.78 -0.48941 0.014302 0.489619
12.79 -0.48929 0.00778245 0.489352
12.8 -0.488952 0.00111108 0.488953
12.81 -0.488392 -0.00571125 0.488425
12.82 -0.487607 -0.0126825 0.487772
12.83 -0.486596 -0.0198014 0.486999
12.84 -0.485355 -0.0270657 0.486109
12.85 -0.483883 -0.0344738 0.485109
12.86 -0.482177 -0.0420225 0.484005
12.87 -0.480237 -0.0497102 0.482803
12.88 -0.47806 -0.0575342 0.481509
12.89 -0.475645 -0.0654906 0.480133
12.9 -0.472991 -0.0735777 0.478679
12.91 -0.470097 -0.0817917 0.477159
12.92 -0.466961 -0.0901291 0.47558
12.93 -0.463584 -0.0985862 0.473951
12.94 -0.459965 -0.107159 0.472283
12.95 -0.456104 -0.115844 0.470586
12.96 -0.452 -0.124637 0.46887
12.97 -0.447656 -0.133533 0.467147
12.98 -0.44307 -0.142528 0.46543
12.99 -0.438242 -0.151616 0.463728
13 -0.433176 -0.160794 0.462056
13.01 -0.42787 -0.170056 0.460426
13.02 -0.422327 -0.179395 0.45885
13.03 -0.416548 -0.188808 0.457341
13.04 -0.410535 -0.198287 0.455913
13.05 -0.40429 -0.207828 0.45458
13.06 -0.397814 -0.217424 0.453354
13.07 -0.391111 -0.227068 0.452247
13.08 -0.384182 -0.236755 0.451275
13.09 -0.377031 -0.246478 0.450448
13.1 -0.36966 -0.256228 0.449779
13.11 -0.362072 -0.266001 0.44928
13.12 -0.354272 -0.275788 0.448963
13.13 -0.346262 -0.285582 0.448837
13.14 -0.338046 -0.295376 0.448912
13.15 -0.329629 -0.305162 0.449199
13.16 -0.321015 -0.314932 0.449703
13.17 -0.312207 -0.324679 0.450433
13.18 -0.30321 -0.334394 0.451393
13.19 -0.294031 -0.344069 0.45259
13.2 -0.284672 -0.353695 0.454025
13.21 -0.27514 -0.363265 0.455701
13.22 -0.26544 -0.37277 0.45762
13.23 -0.255578 -0.382201 0.45978
13.24 -0.245558 -0.391549 0.462179
13.25 -0.235388 -0.400806 0.464815
13.26 -0.225073 -0.409963 0.467683
13.27 -0.21462 -0.419011 0.470778
13.28 -0.204035 -0.427941 0.474092
13.29 -0.193325 -0.436743 0.477618
13.3 -0.182497 -0.44541 0.481348
13.31 -0.171557 -0.453932 0.485269
13.32 -0.160513 -0.4623 0.489373
13.33 -0.149372 -0.470504 0.493646
13.34 -0.138142 -0.478537 0.498077
13.35 -0.12683 -0.486388 0.502652
13.36 -0.115443 -0.49405 0.507359
13.37 -0.103991 -0.501513 0.512181
13.38 -0.092479 -0.508768 0.517105
13.39 -0.0809169 -0.515807 0.522115
13.4 -0.069313 -0.522622 0.527198
13.41 -0.0576739 -0.529202 0.532335
13.42 -0.04601 -0.53554 0.537513
13.43 -0.0343286 -0.541628 0.542715
13.44 -0.0226382 -0.547457 0.547925
13.45 -0.0109476 -0.55302 0.553128
13.46 0.000734379 -0.558308 0.558308
13.47 0.0123998 -0.563314 0.56345
13.48 0.0240391 -0.568029 0.568538
13.49 0.0356443 -0.572448 0.573556
13.5 0.0472056 -0.576561 0.578491
13.51 0.0587151 -0.580365 0.583327
13.52 0.0701637 -0.583848 0.588049
13.53 0.0815421 -0.587008 0.592645
13.54 0.0928426 -0.589837 0.597099
13.55 0.104056 -0.592328 0.601398
13.56 0.115173 -0.594476 0.60553
13.57 0.126185 -0.596275 0.609481
13.58 0.137083 -0.597721 0.613239
13.59 0.14786 -0.598807 0.616792
13.6 0.158505 -0.59953 0.620129
13.61 0.169011 -0.599884 0.623238
13.62 0.179369 -0.599867 0.62611
13.63 0.18957 -0.599472 0.628732
13.64 0.199607 -0.598699 0.631097
13.65 0.209471 -0.597542 0.633194
13.66 0.219154 -0.596 0.635015
13.67 0.228646 -0.59407 0.636552
13.68 0.237943 -0.59175 0.637797
13.69 0.247034 -0.589037 0.638741
13.7 0.255912 -0.585932 0.63938
13.71 0.26457 -0.582431 0.639706
13.72 0.273001 -0.578536 0.639713
13.73 0.281196 -0.574245 0.639397
13.74 0.289149 -0.569558 0.638752
13.75 0.296854 -0.564477 0.637774
13.76 0.304302 -0.559002 0.636461
13.77 0.311488 -0.553133 0.634808
13.78 0.318404 -0.546875 0.632814
13.79 0.325046 -0.540227 0.630476
13.8 0.331407 -0.533193 0.627793
13.81 0.33748 -0.525775 0.624766
13.82 0.343261 -0.517977 0.621392
13.83 0.348745 -0.509803 0.617675
13.84 0.353925 -0.501257 0.613613
13.85 0.358797 -0.492343 0.60921
13.86 0.363358 -0.483067 0.604469
13.87 0.367601 -0.473433 0.599391
13.88 0.371524 -0.463447 0.593981
13.89 0.375123 -0.453117 0.588245
13.9 0.378393 -0.442447 0.582186
13.91 0.381332 -0.431446 0.575812
13.92 0.383937 -0.42012 0.569129
13.93 0.386205 -0.408477 0.562146
13.94 0.388134 -0.396525 0.55487
13.95 0.389722 -0.384273 0.547311
13.96 0.390967 -0.371729 0.539479
13.97 0.391868 -0.358903 0.531387
13.98 0.392423 -0.345804 0.523045
13.99 0.392632 -0.332442 0.514468
14 0.392495 -0.318826 0.505671
14.01 0.392012 -0.304968 0.496667
14.02 0.391182 -0.290877 0.487476
14.03 0.390007 -0.276565 0.478115
14.04 0.388487 -0.262044 0.468603
14.05 0.386623 -0.247324 0.458962
14.06 0.384417 -0.232418 0.449215
14.07 0.381871 -0.217337 0.439387
14.08 0.378987 -0.202094 0.429503
14.09 0.375768 -0.186701 0.419593
14.1 0.372216 -0.171171 0.409688
14.11 0.368336 -0.155515 0.39982
14.12 0.364129 -0.139749 0.390026
14.13 0.359602 -0.123885 0.380343
14.14 0.354756 -0.107936 0.370812
14.15 0.349598 -0.0919151 0.361479
14.16 0.344131 -0.0758362 0.352388
14.17 0.338362 -0.0597137 0.343591
14.18 0.332296 -0.0435603 0.335139
14.19 0.325938 -0.0273901 0.327087
14.2 0.319294 -0.0112171 0.31949
14.21 0.312371 0.00494459 0.31241
14.22 0.305175 0.0210813 0.305903
14.23 0.297715 0.0371788 0.300027
14.24 0.289996 0.0532238 0.29484
14.25 0.282027 0.0692009 0.290393
14.26 0.273815 0.0850981 0.286734
14.27 0.265368 0.1009 0.283903
14.28 0.256695 0.116593 0.281933
14.29 0.247804 0.132164 0.280845
14.3 0.238704 0.1476 0.280652
14.31 0.228642 0.162413 0.280455
14.32 0.217658 0.176544 0.280255
14.33 0.205799 0.189936 0.280052
14.34 0.193115 0.202535 0.279846
14.35 0.179657 0.214289 0.279636
14.36 0.165484 0.22515 0.279423
14.37 0.150652 0.235075 0.279207
14.38 0.135226 0.244024 0.278987
14.39 0.119267 0.251962 0.278765
14.4 0.102844 0.258857 0.278539
14.41 0.0860239 0.264681 0.27831
14.42 0.0688764 0.269412 0.278077
14.43 0.0514729 0.273032 0.277841
14.44 0.0338853 0.275526 0.277602
14.45 0.0161869 0.276887 0.27736
14.46 -0.00154995 0.277109 0.277113
14.47 -0.0192504 0.276194 0.276864
14.48 -0.0368433 0.274147 0.276612
14.49 -0.0542547 0.270978 0.276356
14.5 -0.0714138 0.266701 0.276097
14.51 -0.0882493 0.261337 0.275835
14.52 -0.104693 0.254908 0.27557
14.53 -0.120676 0.247442 0.275301
14.54 -0.136135 0.238973 0.275029
14.55 -0.151005 0.229537 0.274754
14.56 -0.165226 0.219174 0.274476
14.57 -0.17874 0.207928 0.274194
14.58 -0.191493 0.195849 0.273909
14.59 -0.203432 0.182987 0.273622
14.6 -0.21451 0.169396 0.273331
14.61 -0.224682 0.155134 0.273036
14.62 -0.233908 0.140262 0.272739
14.63 -0.242151 0.124842 0.272438
14.64 -0.249378 0.10894 0.272135
14.65 -0.255562 0.0926211 0.271828
14.66 -0.260678 0.0759556 0.271518
14.67 -0.264708 0.0590118 0.271206
14.68 -0.267635 0.0418613 0.270889
14.69 -0.269452 0.0245761 0.270571
14.7 -0.270152 0.00722724 0.270249
14.71 -0.269735 -0.0101123 0.269924
14.72 -0.268203 -0.0273705 0.269596
14.73 -0.265567 -0.0444761 0.269266
14.74 -0.261839 -0.0613585 0.268932
14.75 -0.257037 -0.0779472 0.268596
14.76 -0.251182 -0.0941749 0.268256
14.77 -0.244302 -0.109973 0.267913
14.78 -0.236427 -0.125279 0.267568
14.79 -0.227593 -0.140028 0.267219
14.8 -0.217837 -0.154161 0.266868
14.81 -0.207204 -0.16762 0.266514
14.82 -0.195738 -0.180351 0.266157
14.83 -0.18349 -0.192301 0.265797
14.84 -0.170512 -0.203423 0.265434
14.85 -0.15686 -0.213673 0.265068
14.86 -0.142593 -0.223009 0.2647
14.87 -0.127772 -0.231395 0.264328
14.88 -0.11246 -0.238797 0.263953
14.89 -0.0967215 -0.245188 0.263576
14.9 -0.0806241 -0.250543 0.263196
14.91 -0.0642357 -0.254842 0.262813
14.92 -0.0476255 -0.258069 0.262427
14.93 -0.030863 -0.260214 0.262038
14.94 -0.01402 -0.261269 0.261645
14.95 0.00283362 -0.261235 0.26125
14.96 0.0196271 -0.260113 0.260852
14.97 0.0362899 -0.257911 0.260452
14.98 0.052753 -0.25464 0.260047
14.99 0.0689471 -0.250319 0.259641
15 0.0848063 -0.244967 0.259231
15.01 0.100263 -0.238608 0.258818
15.02 0.115255 -0.231275 0.258402
15.03 0.12972 -0.222998 0.257984
15.04 0.143599 -0.213817 0.257562
15.05 0.156834 -0.203771 0.257137
15.06 0.169373 -0.192906 0.25671
15.07 0.181165 -0.18127 0.25628
15.08 0.192162 -0.168914 0.255847
15.09 0.202319 -0.15589 0.255411
15.1 0.211597 -0.142259 0.254972
15.11 0.21996 -0.128076 0.25453
15.12 0.227374 -0.113405 0.254086
15.13 0.233811 -0.0983085 0.253638
15.14 0.239248 -0.0828517 0.253188
15.15 0.243665 -0.0671 0.252735
15.16 0.247045 -0.051122 0.252279
15.17 0.249378 -0.0349847 0.25182
15.18 0.250657 -0.0187578 0.251358
15.19 0.250881 -0.00250895 0.250894
15.2 0.250051 0.0136919 0.250426
15.21 0.248177 0.0297771 0.249957
15.22 0.245266 0.0456797 0.249484
15.23 0.241338 0.0613321 0.249009
15.24 0.23641 0.0766695 0.248531
15.25 0.230507 0.0916283 0.248051
15.26 0.223658 0.106146 0.247568
15.27 0.215894 0.120163 0.247082
15.28 0.207253 0.133623 0.246594
15.29 0.197773 0.146468 0.246103
15.3 0.187497 0.158649 0.24561
15.31 0.176472 0.170114 0.245114
15.32 0.164748 0.180819 0.244616
15.33 0.152375 0.19072 0.244116
15.34 0.13941 0.19978 0.243613
15.35 0.12591 0.207961 0.243107
15.36 0.111933 0.215233 0.242599
15.37 0.0975405 0.221568 0.242088
15.38 0.0827961 0.226944 0.241576
15.39 0.0677621 0.231341 0.241061
15.4 0.0525052 0.234743 0.240544
15.41 0.037089 0.237141 0.240024
15.42 0.0215811 0.238528 0.239502
15.43 0.00604751 0.238902 0.238978
15.44 -0.00944622 0.238265 0.238452
15.45 -0.024834 0.236624 0.237923
15.46 -0.0400505 0.233989 0.237392
15.47 -0.0550323 0.230378 0.236859
15.48 -0.0697164 0.225807 0.236324
15.49 -0.0840411 0.220301 0.235787
15.5 -0.0979474 0.213886 0.235246
15.51 -0.111377 0.206595 0.234704
15.52 -0.124275 0.198461 0.23416
15.53 -0.136588 0.189522 0.233613
15.54 -0.148268 0.179822 0.233065
15.55 -0.159265 0.169403 0.232514
15.56 -0.169537 0.158313 0.231961
15.57 -0.179042 0.146603 0.231405
15.58 -0.187744 0.134325 0.230848
15.59 -0.195607 0.121534 0.230288
15.6 -0.202603 0.108287 0.229727
15.61 -0.208705 0.0946429 0.229162
15.62 -0.213892 0.0806623 0.228596
15.63 -0.218145 0.0664049 0.228028
15.64 -0.221449 0.0519344 0.227458
15.65 -0.223796 0.0373131 0.226885
15.66 -0.225179 0.0226046 0.226311
15.67 -0.225596 0.00787183 0.225734
15.68 -0.225051 -0.00682064 0.225154
15.69 -0.22355 -0.0214114 0.224573
15.7 -0.221104 -0.0358373 0.22399
15.71 -0.21773 -0.050038 0.223405
15.72 -0.213443 -0.0639527 0.222818
15.73 -0.208268 -0.0775235 0.222229
15.74 -0.202232 -0.0906944 0.221637
15.75 -0.195364 -0.103409 0.221044
15.76 -0.187698 -0.115617 0.220449
15.77 -0.179271 -0.127267 0.219852
15.78 -0.170123 -0.138312 0.219253
15.79 -0.160297 -0.148707 0.218652
15.8 -0.149838 -0.158412 0.21805
15.81 -0.138795 -0.167387 0.217445
15.82 -0.127219 -0.175598 0.216839
15.83 -0.115161 -0.183013 0.216231
15.84 -0.102677 -0.189605 0.215621
15.85 -0.0898213 -0.195349 0.21501
15.86 -0.0766533 -0.200225 0.214396
15.87 -0.0632302 -0.204216 0.213781
15.88 -0.0496116 -0.207311 0.213165
15.89 -0.0358566 -0.2095 0.212547
15.9 -0.0220269 -0.210779 0.211927
15.91 -0.00818098 -0.211147 0.211306
15.92 0.00562003 -0.210607 0.210682
15.93 0.0193183 -0.209168 0.210059
15.94 0.0328537 -0.20684 0.209433
15.95 0.046169 -0.203638 0.208806
15.96 0.0592089 -0.19958 0.208177
15.97 0.0719179 -0.194689 0.207548
15.98 0.0842428 -0.188991 0.206916
15.99 0.0961326 -0.182515 0.206285
16 0.107538 -0.175293 0.205651
16.01 0.118412 -0.167361 0.205015
16.02 0.128713 -0.158757 0.204379
16.03 0.138396 -0.149523 0.203742
16.04 0.147426 -0.139702 0.203103
16.05 0.155765 -0.129339 0.202463
16.06 0.163382 -0.118484 0.201822
16.07 0.170249 -0.107185 0.20118
16.08 0.17634 -0.0954945 0.200537
16.09 0.181632 -0.0834664 0.199892
16.1 0.186109 -0.0711541 0.199247
16.11 0.189754 -0.0586119 0.1986
16.12 0.192558 -0.0458972 0.197953
16.13 0.194514 -0.0330649 0.197304
16.14 0.195617 -0.020173 0.196655
16.15 0.195869 -0.00727584 0.196004
16.16 0.195272 0.0055691 0.195352
16.17 0.193837 0.0183063 0.1947
16.18 0.191573 0.030881 0.194046
16.19 0.188495 0.0432399 0.193391
16.2 0.184622 0.0553298 0.192735
16.21 0.179977 0.0671008 0.192079
16.22 0.174583 0.0785029 0.191421
16.23 0.16847 0.0894882 0.190763
16.24 0.161668 0.100012 0.190103
16.25 0.154212 0.110031 0.189442
16.26 0.146139 0.119506 0.188781
16.27 0.137487 0.128397 0.188118
16.28 0.128298 0.136671 0.187455
16.29 0.118617 0.144295 0.186791
16.3 0.108488 0.15124 0.186127
16.31 0.0979581 0.15748 0.185461
16.32 0.0870777 0.162993 0.184795
16.33 0.0758951 0.167758 0.184127
16.34 0.0644625 0.171761 0.183459
16.35 0.0528304 0.174989 0.18279
16.36 0.0410528 0.177434 0.182121
16.37 0.0291803 0.17909 0.181451
16.38 0.0172671 0.179954 0.18078
16.39 0.00536502 0.180029 0.180109
16.4 -0.00647317 0.17932 0.179437
16.41 -0.018197 0.177836 0.178764
16.42 -0.0297545 0.175587 0.178091
16.43 -0.0410974 0.172592 0.177418
16.44 -0.0521766 0.168866 0.176743
16.45 -0.0629461 0.164433 0.176069
16.46 -0.0733605 0.159315 0.175394
16.47 -0.0833761 0.153542 0.174719
16.48 -0.0929531 0.147142 0.174044
16.49 -0.102051 0.14015 0.173368
16.5 -0.110634 0.132598 0.172691
16.51 -0.118669 0.124527 0.172015
16.52 -0.126124 0.115973 0.171339
16.53 -0.13297 0.106979 0.170662
16.54 -0.139183 0.0975877 0.169986
16.55 -0.144738 0.0878426 0.169308
16.56 -0.149617 0.0777899 0.168632
16.57 -0.153804 0.0674757 0.167954
16.58 -0.157285 0.0569489 0.167277
16.59 -0.16005 0.0462555 0.1666
16.6 -0.162093 0.0354448 0.165923
16.61 -0.16341 0.024565 0.165246
16.62 -0.164001 0.0136654 0.16457
16.63 -0.163869 0.00279302 0.163893
16.64 -0.16302 -0.00800311 0.163216
16.65 -0.161463 -0.0186775 0.16254
16.66 -0.159211 -0.0291825 0.161863
16.67 -0.156279 -0.039474 0.161188
16.68 -0.152685 -0.0495082 0.160511
16.69 -0.148451 -0.0592419 0.159836
16.7 -0.1436 -0.068636 0.15916
16.71 -0.138159 -0.0776504 0.158485
16.72 -0.132155 -0.0862481 0.157809
16.73 -0.125621 -0.0943946 0.157134
16.74 -0.118589 -0.102058 0.156459
16.75 -0.111096 -0.109208 0.155784
16.76 -0.103177 -0.115817 0.15511
16.77 -0.0948708 -0.12186 0.154435
16.78 -0.0862183 -0.127315 0.153762
16.79 -0.0772593 -0.132162 0.153087
16.8 -0.0680381 -0.136385 0.152414
16.81 -0.0585962 -0.139971 0.151741
16.82 -0.0489778 -0.142909 0.151068
16.83 -0.0392271 -0.14519 0.150396
16.84 -0.0293891 -0.146811 0.149724
16.85 -0.0195068 -0.14777 0.149052
16.86 -0.00962601 -0.148068 0.14838
16.87 0.00021061 -0.147709 0.147709
16.88 0.00995788 -0.1467 0.147038
16.89 0.0195743 -0.145053 0.146368
16.9 0.0290182 -0.142778 0.145697
16.91 0.0382486 -0.139893 0.145027
16.92 0.0472262 -0.136414 0.144358
16.93 0.0559136 -0.132364 0.143689
16.94 0.0642738 -0.127764 0.14302
16.95 0.0722728 -0.122641 0.142352
16.96 0.0798786 -0.117021 0.141685
16.97 0.0870597 -0.110936 0.141018
16.98 0.0937888 -0.104414 0.140352
16.99 0.100039 -0.0974902 0.139686
17 0.105788 -0.090199 0.139021
17.01 0.111013 -0.0825753 0.138356
17.02 0.115696 -0.0746572 0.137693
17.03 0.119821 -0.0664826 0.137029
17.04 0.123376 -0.05809 0.136367
17.05 0.126347 -0.049519 0.135705
17.06 0.12873 -0.0408108 0.135044
17.07 0.130517 -0.032004 0.134384
17.08 0.131707 -0.0231404 0.133724
17.09 0.1323 -0.0142587 0.133066
17.1 0.132297 -0.00540047 0.132408
17.11 0.131708 0.00339578 0.131751
17.12 0.130536 0.0120909 0.131095
17.13 0.128796 0.0206471 0.13044
17.14 0.126499 0.0290264 0.129786
17.15 0.123661 0.0371941 0.129134
17.16 0.1203 0.0451154 0.128481
17.17 0.116437 0.0527566 0.127831
17.18 0.112092 0.0600868 0.127181
17.19 0.107291 0.0670749 0.126532
17.2 0.10206 0.0736943 0.125885
17.21 0.0964248 0.0799171 0.125238
17.22 0.0904171 0.0857211 0.124593
17.23 0.0840665 0.091083 0.123949
17.24 0.0774044 0.0959833 0.123305
17.25 0.0704644 0.100404 0.122663
17.26 0.0632805 0.104331 0.122022
17.27 0.0558869 0.107751 0.121382
17.28 0.0483205 0.110654 0.120744
17.29 0.0406154 0.11303 0.120106
17.3 0.0328092 0.114876 0.11947
17.31 0.0249365 0.116189 0.118835
17.32 0.0170351 0.116967 0.118201
17.33 0.00914003 0.117212 0.117568
17.34 0.00128714 0.11693 0.116937
17.35 -0.00648901 0.116125 0.116306
17.36 -0.0141528 0.114808 0.115677
17.37 -0.0216718 0.112989 0.115049
17.38 -0.0290131 0.110682 0.114422
17.39 -0.0361454 0.107903 0.113797
17.4 -0.0430384 0.104669 0.113172
17.41 -0.0496629 0.100999 0.112548
17.42 -0.055993 0.0969138 0.111926
17.43 -0.0620014 0.0924372 0.111305
17.44 -0.067665 0.0875937 0.110685
17.45 -0.0729617 0.0824092 0.110067
17.46 -0.0778716 0.0769101 0.109449
17.47 -0.0823758 0.0711254 0.108833
17.48 -0.0864598 0.0650849 0.108219
17.49 -0.0901077 0.0588177 0.107605
17.5 -0.0933088 0.0523556 0.106994
17.51 -0.0960525 0.0457289 0.106382
17.52 -0.098332 0.0389716 0.105773
17.53 -0.100142 0.032114 0.105166
17.54 -0.101479 0.0251897 0.104559
17.55 -0.102343 0.0182301 0.103954
17.56 -0.102734 0.0112679 0.10335
17.57 -0.102656 0.00433383 0.102748
17.58 -0.102115 -0.00253927 0.102146
17.59 -0.101119 -0.00932173 0.101547
17.6 -0.0996755 -0.0159831 0.100949
17.61 -0.0977992 -0.0224947 0.100353
17.62 -0.0955013 -0.0288287 0.0997577
17.63 -0.0927987 -0.0349572 0.0991646
17.64 -0.0897075 -0.0408564 0.0985732
17.65 -0.0862464 -0.0465006 0.0979834
17.66 -0.0824352 -0.0518672 0.0973949
17.67 -0.078296 -0.0569349 0.0968083
17.68 -0.073851 -0.0616851 0.0962238
17.69 -0.0691241 -0.066098 0.0956404
17.7 -0.0641408 -0.0701591 0.0950596
17.71 -0.0589258 -0.0738523 0.0944797
17.72 -0.0535066 -0.0771667 0.0939023
17.73 -0.0479089 -0.0800905 0.0933261
17.74 -0.0421627 -0.0826149 0.0927519
17.75 -0.0362944 -0.0847336 0.0921795
17.76 -0.0303328 -0.0864413 0.0916088
17.77 -0.0243059 -0.0877351 0.0910397
17.78 -0.0182432 -0.0886146 0.0904729
17.79 -0.0121713 -0.0890808 0.0899084
17.8 -0.00611954 -0.0891352 0.089345
17.81 -0.000114102 -0.088784 0.0887841
17.82 0.00581706 -0.0880325 0.0882244
17.83 0.0116478 -0.0868904 0.0876676
17.84 0.0173534 -0.085366 0.087112
17.85 0.0229079 -0.0834721 0.0865585
17.86 0.0282887 -0.0812216 0.086007
17.87 0.0334732 -0.0786293 0.0854577
17.88 0.0384397 -0.0757104 0.0849098
17.89 0.0431675 -0.0724832 0.0843638
17.9 0.0476393 -0.068966 0.0838201
17.91 0.0518355 -0.0651786 0.0832777
17.92 0.0557422 -0.0611419 0.0827377
17.93 0.0593433 -0.056877 0.0821987
17.94 0.0626276 -0.0524079 0.0816627
17.95 0.0655833 -0.0477557 0.0811281
17.96 0.0682003 -0.0429457 0.0805954
17.97 0.0704712 -0.0380012 0.0800643
17.98 0.0723903 -0.0329471 0.0795353
17.99 0.0739529 -0.0278075 0.0790082
18 0.0751558 -0.022609 0.0784829
18.01 0.0759992 -0.0173743 0.0779599
18.02 0.0764825 -0.0121293 0.0774383
18.03 0.0766095 -0.0068974 0.0769194
18.04 0.0763824 -0.00170324 0.0764014
18.05 0.0758088 0.00342912 0.0758863
18.06 0.074894 0.00847807 0.0753723
18.07 0.0736477 0.0134201 0.0748604
18.08 0.0720797 0.018234 0.0743503
18.09 0.0702022 0.0228992 0.0738426
18.1 0.0680269 0.027397 0.0733366
18.11 0.0655687 0.0317068 0.0728325
18.12 0.0628423 0.0358131 0.0723308
18.13 0.059864 0.0396977 0.0718304
18.14 0.0566512 0.0433475 0.0713328
18.15 0.0532211 0.0467471 0.0708362
18.16 0.0495945 0.0498849 0.0703429
18.17 0.0457891 0.0527499 0.0698512
18.18 0.0418254 0.0553324 0.0693616
18.19 0.0377237 0.0576242 0.0688739
18.2 0.0335058 0.059619 0.0683891
18.21 0.0291915 0.0613113 0.067906
18.22 0.0248038 0.0626967 0.0674248
18.23 0.0203623 0.063774 0.0669458
18.24 0.0158899 0.0645416 0.0664688
18.25 0.0114071 0.0650016 0.0659949
18.26 0.00693461 0.0651541 0.0655221
18.27 0.00249391 0.0650042 0.065052
18.28 -0.00189568 0.0645562 0.0645841
18.29 -0.0062142 0.0638165 0.0641184
18.3 -0.0104423 0.062792 0.0636544
18.31 -0.0145612 0.0614927 0.0631932
18.32 -0.0185548 0.0599275 0.0627342
18.33 -0.0224044 0.058108 0.0622776
18.34 -0.0260959 0.0560457 0.0618233
18.35 -0.0296128 0.0537534 0.0613706
18.36 -0.0329428 0.0512461 0.0609212
18.37 -0.0360717 0.0485367 0.060473
18.38 -0.0389878 0.0456424 0.0600273
18.39 -0.0416808 0.0425783 0.0595836
18.4 -0.0441417 0.0393615 0.0591424
18.41 -0.0463618 0.0360085 0.0587029
18.42 -0.048334 0.0325386 0.0582661
18.43 -0.050053 0.0289674 0.0578309
18.44 -0.0515137 0.0253149 0.0573978
18.45 -0.052714 0.0215979 0.056967
18.46 -0.0536503 0.0178361 0.0565374
18.47 -0.0543244 0.0140475 0.0561112
18.48 -0.0547348 0.0102493 0.0556862
18.49 -0.0548847 0.00646039 0.0552636
18.5 -0.0547765 0.00269807 0.0548429
18.51 -0.0544152 -0.00102036 0.0544248
18.52 -0.0538048 -0.00467881 0.0540079
18.53 -0.0529533 -0.00825916 0.0535935
18.54 -0.0518672 -0.0117475 0.0531809
18.55 -0.0505555 -0.0151271 0.0527702
18.56 -0.0490279 -0.0183857 0.0523619
18.57 -0.0472937 -0.0215077 0.0519546
18.58 -0.0453663 -0.0244817 0.0515505
18.59 -0.0432555 -0.0272954 0.0511477
18.6 -0.0409749 -0.0299379 0.0507466
18.61 -0.0385377 -0.032399 0.0503473
18.62 -0.0359587 -0.0346705 0.0499508
18.63 -0.0332508 -0.0367442 0.0495555
18.64 -0.0304304 -0.0386129 0.0491627
18.65 -0.0275109 -0.0402719 0.0487716
18.66 -0.0245089 -0.0417155 0.0483826
18.67 -0.0214391 -0.0429418 0.0479961
18.68 -0.018317 -0.043946 0.0476105
18.69 -0.0151591 -0.0447287 0.0472278
18.7 -0.0119802 -0.0452891 0.0468469
18.71 -0.00879574 -0.045628 0.0464681
18.72 -0.00562095 -0.0457469 0.0460909
18.73 -0.00247106 -0.0456498 0.0457166
18.74 0.000640572 -0.0453393 0.0453438
18.75 0.00369809 -0.044821 0.0449733
18.76 0.00668937 -0.0441 0.0446044
18.77 0.00959978 -0.0431831 0.0442373
18.78 0.0124185 -0.0420791 0.0438733
18.79 0.0151324 -0.0407942 0.0435105
18.8 0.0177305 -0.0393392 0.0431502
18.81 0.0202027 -0.0377227 0.0427919
18.82 0.0225396 -0.0359553 0.0424361
18.83 0.0247317 -0.0340472 0.0420817
18.84 0.0267709 -0.0320113 0.0417301
18.85 0.0286505 -0.0298573 0.0413801
18.86 0.0303636 -0.0275991 0.0410325
18.87 0.0319059 -0.0252478 0.0406871
18.88 0.033271 -0.0228168 0.0403431
18.89 0.0344577 -0.0203189 0.0400024
18.9 0.0354611 -0.0177661 0.0396627
18.91 0.0362805 -0.0151727 0.0393253
18.92 0.0369143 -0.0125512 0.0389897
18.93 0.0373635 -0.0099147 0.0386566
18.94 0.0376278 -0.00727524 0.0383247
18.95 0.0377105 -0.00464712 0.0379958
18.96 0.037613 -0.00204091 0.0376683
18.97 0.0373391 0.000529862 0.0373428
18.98 0.0368933 0.00305544 0.0370196
18.99 0.0362795 0.00552239 0.0366974
19 0.0355055 0.00792106 0.0363784
19.01 0.0345757 0.0102409 0.0360605
19.02 0.0334982 0.0124721 0.0357447
19.03 0.0322802 0.0146054 0.0354306
19.04 0.0309308 0.0166327 0.0351193
19.05 0.0294569 0.0185458 0.0348088
19.06 0.0278694 0.0203369 0.0345007
19.07 0.0261765 0.0220003 0.0341939
19.08 0.0243895 0.023529 0.0338889
19.09 0.0225177 0.0249197 0.0335863
19.1 0.0205715 0.026166 0.0332844
19.11 0.0185628 0.0272664 0.0329854
19.12 0.0165013 0.0282173 0.032688
19.13 0.014398 0.0290166 0.0323924
19.14 0.0122636 0.0296629 0.032098
19.15 0.0101098 0.0301569 0.0318063
19.16 0.0079461 0.0304978 0.031516
19.17 0.00578463 0.0306875 0.0312279
19.18 0.00363405 0.0307273 0.0309414
19.19 0.00150603 0.0306197 0.0306567
19.2 -0.000591188 0.0303691 0.0303748
19.21 -0.00264696 0.029977 0.0300937
19.22 -0.00465214 0.0294497 0.0298149
19.23 -0.00659831 0.0287913 0.0295378
19.24 -0.00847717 0.0280081 0.0292628
19.25 -0.0102805 0.0271049 0.0289891
19.26 -0.0120012 0.0260902 0.0287181
19.27 -0.0136331 0.0249691 0.0284485
19.28 -0.0151691 0.0237504 0.0281812
19.29 -0.0166046 0.0224405 0.0279157
19.3 -0.0179326 0.021048 0.0276513
19.31 -0.0191515 0.0195817 0.0273902
19.32 -0.0202554 0.0180489 0.0271301
19.33 -0.0212419 0.0164595 0.0268725
19.34 -0.0221082 0.0148212 0.0266166
19.35 -0.0228533 0.0131433 0.0263632
19.36 -0.0234746 0.0114334 0.0261109
19.37 -0.0239724 0.00970226 0.0258613
19.38 -0.0243458 0.00795675 0.025613
19.39 -0.0245956 0.00620718 0.0253667
19.4 -0.0247236 0.00446022 0.0251227
19.41 -0.0247298 0.00272608 0.0248796
19.42 -0.0246188 0.0010118 0.0246396
19.43 -0.0243914 -0.000674968 0.0244008
19.44 -0.0240518 -0.00232607 0.024164
19.45 -0.023603 -0.00393409 0.0239286
19.46 -0.0230504 -0.00549223 0.0236957
19.47 -0.022397 -0.00699438 0.0234637
19.48 -0.0216496 -0.00843356 0.0232343
19.49 -0.0208125 -0.00980491 0.0230064
19.5 -0.019892 -0.0111018 0.0227802
19.51 -0.0188936 -0.0123216 0.0225564
19.52 -0.0178231 -0.0134575 0.0223331
19.53 -0.0166886 -0.0145069 0.0221124
19.54 -0.0154955 -0.015466 0.0218931
19.55 -0.0142512 -0.0163318 0.0216754
19.56 -0.0129623 -0.0171016 0.0214589
19.57 -0.011637 -0.0177742 0.0212448
19.58 -0.0102809 -0.0183476 0.0210317
19.59 -0.00890245 -0.0188211 0.0208204
19.6 -0.00750763 -0.0191944 0.0206104
19.61 -0.00610519 -0.0194666 0.0204015
19.62 -0.0047009 -0.0196404 0.0201951
19.63 -0.00330184 -0.0197144 0.019989
19.64 -0.00191542 -0.0196923 0.0197852
19.65 -0.000547642 -0.0195754 0.019583
19.66 0.000795109 -0.0193662 0.0193826
19.67 0.00210704 -0.0190667 0.0191828
19.68 0.00338168 -0.0186815 0.0189851
19.69 0.00461439 -0.0182131 0.0187886
19.7 0.0057987 -0.0176664 0.0185938
19.71 0.00693144 -0.017045 0.0184005
19.72 0.00800594 -0.0163533 0.0182078
19.73 0.00902052 -0.0155975 0.0180181
19.74 0.00996993 -0.0147807 0.0178289
19.75 0.010851 -0.0139093 0.0176413
19.76 0.0116609 -0.0129883 0.0174549
19.77 0.0123972 -0.0120242 0.0172705
19.78 0.0130576 -0.011021 0.0170869
19.79 0.0136405 -0.00998625 0.0169052
19.8 0.0141451 -0.00892409 0.016725
19.81 0.0145701 -0.00784187 0.0165464
19.82 0.0149163 -0.00674374 0.0163699
19.83 0.0151809 -0.0056362 0.0161934
19.84 0.0153673 -0.00452506 0.0160197
19.85 0.0154746 -0.00341504 0.015847
19.86 0.0155045 -0.00231249 0.015676
19.87 0.0154578 -0.0012221 0.015506
19.88 0.0153374 -0.000149374 0.0153382
19.89 0.0151444 0.0009019 0.0151712
19.9 0.0148819 0.00192554 0.0150059
19.91 0.014552 0.00291843 0.0148417
19.92 0.014158 0.00387452 0.0146786
19.93 0.0137042 0.00479211 0.0145179
19.94 0.0131921 0.00566547 0.0143572
19.95 0.0126276 0.00649212 0.0141987
19.96 0.0120133 0.00726945 0.0140415
19.97 0.0113538 0.00799429 0.0138859
19.98 0.0106527 0.00866395 0.0137311
19.99 0.00991531 0.00927614 0.0135779
20 0.00914473 0.00982962 0.0134256
20.01 0.00834681 0.0103224 0.0132749
20.02 0.00752509 0.0107542 0.0131255
20.03 0.00668493 0.0111223 0.0129766
20.04 0.00583067 0.0114288 0.0128302
20.05 0.00496584 0.0116713 0.0126838
20.06 0.00409652 0.0118507 0.0125388
20.07 0.00322637 0.0119675 0.0123948
20.08 0.00236025 0.0120225 0.012252
20.09 0.00150176 0.0120165 0.01211
20.1 0.000656397 0.0119514 0.0119694
20.11 -0.000173406 0.0118284 0.0118296
20.12 -0.000982624 0.0116496 0.0116909
20.13 -0.00176927 0.0114177 0.0115539
20.14 -0.00252769 0.0111334 0.0114168
20.15 -0.00325589 0.0108019 0.0112819
20.16 -0.00395108 0.0104236 0.0111473
20.17 -0.00460989 0.0100029 0.011014
20.18 -0.00523032 0.0095425 0.0108819
20.19 -0.00580974 0.0090463 0.0107512
20.2 -0.00634691 0.00851619 0.0106211
20.21 -0.00683906 0.007957 0.0104922
20.22 -0.00728573 0.00737135 0.0103643
20.23 -0.0076843 0.00676372 0.010237
20.24 -0.00803633 0.00613741 0.0101119
20.25 -0.00833846 0.00549537 0.00998644
20.26 -0.00859245 0.00484312 0.00986336
20.27 -0.00879745 0.00418222 0.00974095
20.28 -0.00895359 0.0035172 0.00961964
20.29 -0.0090614 0.00285084 0.00949927
20.3 -0.0091217 0.00218799 0.00938044
20.31 -0.0091353 0.0015303 0.00926259
20.32 -0.00910319 0.000882223 0.00914584
20.33 -0.00902726 0.000245251 0.00903059
20.34 -0.00890797 -0.000376027 0.0089159
20.35 -0.00874913 -0.000980324 0.00880388
20.36 -0.00854953 -0.00156481 0.00869155
20.37 -0.00831335 -0.00212614 0.00858092
20.38 -0.00804197 -0.00266312 0.00847145
20.39 -0.00773785 -0.00317283 0.00836308
20.4 -0.00740287 -0.00365437 0.00825571
20.41 -0.00704033 -0.00410501 0.00814968
20.42 -0.00665212 -0.00452441 0.00804493
20.43 -0.00624109 -0.00491009 0.00794105
20.44 -0.00580949 -0.00526248 0.00783861
20.45 -0.00535968 -0.00557864 0.00773611
20.46 -0.00489632 -0.00585993 0.00763628
20.47 -0.00441973 -0.00610484 0.00753678
20.48 -0.00393411 -0.00631283 0.00743835
20.49 -0.00344129 -0.00648471 0.00734125
20.5 -0.00294449 -0.00662001 0.00724532
20.51 -0.00244525 -0.00671921 0.00715032
20.52 -0.00194725 -0.00678201 0.00705602
20.53 -0.00145208 -0.00680972 0.00696282
20.54 -0.00096326 -0.00680236 0.00687023
20.55 -0.000482061 -0.00676235 0.00677951
20.56 -1.0851e-05 -0.0066882 0.0066882
20.57 0.000447252 -0.00658386 0.00659903
20.58 0.00089183 -0.00644921 0.00651058
20.59 0.00131948 -0.00628563 0.00642263
20.6 0.00172944 -0.00609482 0.00633544
20.61 0.00211906 -0.00587883 0.00624909
20.62 0.0024883 -0.00563944 0.006164
20.63 0.00283436 -0.00537842 0.00607956
20.64 0.00315753 -0.00509761 0.0059963
20.65 0.00345527 -0.00479851 0.00591309
20.66 0.0037286 -0.00448468 0.00583222
20.67 0.00397535 -0.00415537 0.0057507
20.68 0.00419486 -0.00381538 0.00567044
20.69 0.00438782 -0.00346529 0.00559117
20.7 0.00455289 -0.00310796 0.00551255
20.71 0.00469089 -0.00274467 0.00543486
20.72 0.00480079 -0.00237824 0.00535758
20.73 0.00488426 -0.00200979 0.0052816
20.74 0.00494037 -0.0016421 0.00520613
20.75 0.0049707 -0.0012765 0.00513199
20.76 0.00497382 -0.000914931 0.00505727
20.77 0.00495339 -0.000560056 0.00498495
20.78 0.00490837 -0.000211444 0.00491292
20.79 0.00484012 0.000127174 0.00484179
20.8 0.0047501 0.000455953 0.00477193
20.81 0.00463872 0.000772643 0.00470262
20.82 0.00450767 0.00107704 0.00463456
20.83 0.00435745 0.00136658 0.00456671
20.84 0.00419002 0.00164135 0.00450003
20.85 0.0040064 0.00189957 0.00443391
20.86 0.00380895 0.00214149 0.00436967
20.87 0.00359675 0.0023654 0.00430485
20.88 0.00337388 0.00257055 0.00424155
20.89 0.00313984 0.00275789 0.00417906
20.9 0.00289687 0.00292518 0.00411686
20.91 0.00264666 0.00307322 0.00405579
20.92 0.00239051 0.00320073 0.0039949
20.93 0.0021299 0.00330919 0.00393538
20.94 0.00186618 0.00339745 0.00387625
20.95 0.00160074 0.0034664 0.00381815
20.96 0.00133485 0.0035151 0.00376002
20.97 0.00107064 0.00354558 0.0037037
20.98 0.000807524 0.0035565 0.00364702
20.99 0.000549476 0.00354868 0.00359096
21 0.000295667 0.00352361 0.003536
21.01 4.80857e-05 0.00348083 0.00348117
21.02 -0.000192549 0.00342213 0.00342754
21.03 -0.000424439 0.00334686 0.00337367
21.04 -0.000647415 0.003257 0.00332072
21.05 -0.000860024 0.00315251 0.00326771
21.06 -0.00106177 0.00303542 0.00321576
21.07 -0.00125127 0.00290522 0.00316322
21.08 -0.00142761 0.00276544 0.00311219
21.09 -0.00159212 0.00261486 0.00306142
21.1 -0.00174187 0.00245563 0.00301069
21.11 -0.00187832 0.00228906 0.00296106
21.12 -0.00199985 0.00211552 0.00291115
21.13 -0.00210756 0.001937 0.00286248
21.14 -0.00219979 0.001754 0.00281346
21.15 -0.00227762 0.00156844 0.00276542
21.16 -0.00234041 0.00138069 0.00271732
21.17 -0.00238955 0.00119261 0.00267063
21.18 -0.00242398 0.00100353 0.0026235
21.19 -0.00244401 0.000817383 0.00257708
21.2 -0.00245109 0.000632496 0.00253138
21.21 -0.00244397 0.000451177 0.00248527
21.22 -0.00242493 0.000274302 0.00244039
21.23 -0.00239304 0.000102675 0.00239524
21.24 -0.00235063 -6.30158e-05 0.00235147
21.25 -0.00229695 -0.000222365 0.00230769
21.26 -0.00223362 -0.000374437 0.00226479
21.27 -0.00216037 -0.00051866 0.00222176
21.28 -0.00207951 -0.000654216 0.00217999
21.29 -0.00199028 -0.000782364 0.00213853
21.3 -0.00189442 -0.000899988 0.00209733
21.31 -0.00179317 -0.00100917 0.00205764
21.32 -0.0016858 -0.00110865 0.00201768
21.33 -0.00157456 -0.00119895 0.00197907
21.34 -0.00145882 -0.00127927 0.00194028
21.35 -0.00134077 -0.00134978 0.00190252
21.36 -0.00122012 -0.00141045 0.00186495
21.37 -0.00109827 -0.00146156 0.0018282
21.38 -0.00097518 -0.00150289 0.00179155
21.39 -0.000853291 -0.00153456 0.00175584
21.4 -0.000730922 -0.00155827 0.00172118
21.41 -0.000609909 -0.001572 0.00168617
21.42 -0.000491208 -0.00157791 0.0016526
21.43 -0.000374412 -0.00157485 0.00161874
21.44 -0.00026094 -0.00156447 0.00158608
21.45 -0.000150181 -0.00154619 0.00155346
21.46 -4.37389e-05 -0.0015212 0.00152183
21.47 5.87369e-05 -0.00148937 0.00149053
21.48 0.000156595 -0.00145159 0.00146001
21.49 0.000250734 -0.0014074 0.00142956
21.5 0.000338149 -0.00135758 0.00139906
21.51 0.000421128 -0.00130363 0.00136996
21.52 0.000497992 -0.0012442 0.00134016
21.53 0.000568856 -0.00118188 0.00131166
21.54 0.000633743 -0.00111542 0.00128289
21.55 0.000692216 -0.00104694 0.00125509
21.56 0.000744948 -0.000975294 0.00122725
21.57 0.000791271 -0.000902131 0.00119998
21.58 0.000831279 -0.000827381 0.00117285
21.59 0.000864581 -0.000752627 0.00114628
21.6 0.000893033 -0.000676712 0.00112047
21.61 0.000914215 -0.000601015 0.00109408
21.62 0.000930908 -0.0005265 0.00106948
21.63 0.000941552 -0.000451964 0.00104441
21.64 0.000947105 -0.000379357 0.00102025
21.65 0.00094723 -0.000307406 0.000995863
21.66 0.000942385 -0.000238435 0.00097208
21.67 0.000933027 -0.00017126 0.000948614
21.68 0.000919457 -0.00010676 0.000925634
21.69 0.000901966 -4.45363e-05 0.000903065
21.7 0.000880551 1.35923e-05 0.000880656
21.71 0.000856777 6.95925e-05 0.000859598
21.72 0.000828589 0.000122207 0.000837552
21.73 0.000798786 0.000170995 0.000816883
21.74 0.000766215 0.000216771 0.000796289
21.75 0.000732343 0.000258272 0.000776551
21.76 0.00069643 0.000297268 0.000757221
21.77 0.000659253 0.000332297 0.000738265
21.78 0.000621053 0.000364188 0.000719958
21.79 0.000581957 0.000392672 0.000702043
21.8 0.000541848 0.000418592 0.000684704
21.81 0.000501177 0.000440022 0.000666932
21.82 0.000461297 0.000459208 0.000650897
21.83 0.000420255 0.000475038 0.000634251
21.84 0.000380141 0.000487839 0.000618461
21.85 0.00033954 0.00049827 0.00060296
21.86 0.000300281 0.000505304 0.000587793
21.87 0.000261098 0.000510148 0.000573082
21.88 0.000222686 0.000511883 0.000558223
21.89 0.000185326 0.000511282 0.000543833
21.9 0.000149531 0.000508188 0.000529731
21.91 0.000114357 0.000503918 0.000516731
21.92 8.02371e-05 0.00049629 0.000502735
21.93 4.81346e-05 0.00048781 0.000490179
21.94 1.65595e-05 0.000476925 0.000477213
21.95 -1.26337e-05 0.00046424 0.000464412
21.96 -4.12976e-05 0.000449937 0.000451828
21.97 -6.71717e-05 0.00043399 0.000439157
21.98 -9.16457e-05 0.000417227 0.000427174
21.99 -0.000114243 0.000398919 0.000414955
22 -0.000135358 0.000379435 0.000402856
22.01 -0.000153689 0.00035861 0.000390156
22.02 -0.000170587 0.000338206 0.000378792
22.03 -0.000185198 0.000315827 0.000366122
22.04 -0.000197182 0.000294276 0.00035423
22.05 -0.000207867 0.000272196 0.00034249
22.06 -0.000215669 0.000250751 0.000330741
22.07 -0.000222786 0.00022915 0.000319598
22.08 -0.000227308 0.000207699 0.000307909
22.09 -0.000230378 0.000187174 0.00029683
22.1 -0.000231537 0.000167341 0.000285678
22.11 -0.000231611 0.000148203 0.000274969
22.12 -0.000229338 0.000129545 0.000263397
22.13 -0.000226809 0.000113083 0.000253436
22.14 -0.00022301 9.65581e-05 0.000243016
22.15 -0.000217837 8.20143e-05 0.000232764
22.16 -0.000212362 6.79151e-05 0.000222958
22.17 -0.000205383 5.5958e-05 0.00021287
22.18 -0.000198847 4.50842e-05 0.000203894
22.19 -0.000191433 3.53308e-05 0.000194666
22.2 -0.00018422 2.70899e-05 0.000186201
22.21 -0.000177109 2.01618e-05 0.000178253
22.22 -0.000170905 1.41297e-05 0.000171488
22.23 -0.000163664 8.53125e-06 0.000163886
22.24 -0.000157596 4.58551e-06 0.000157663
22.25 -0.000151885 5.24042e-07 0.000151886
22.26 -0.000146563 -1.90389e-06 0.000146576
22.27 -0.000142161 -4.79563e-06 0.000142242
22.28 -0.000137617 -6.53502e-06 0.000137772
22.29 -0.00013449 -8.25012e-06 0.000134743
22.3 -0.000131357 -9.99027e-06 0.000131736
22.31 -0.000128662 -1.1429e-05 0.000129169
22.32 -0.000126231 -1.24328e-05 0.000126842
22.33 -0.00012551 -1.35933e-05 0.000126244
22.34 -0.000124164 -1.50405e-05 0.000125071
22.35 -0.00012397 -1.61398e-05 0.000125016
22.36 -0.000123794 -1.85467e-05 0.000125175
22.37 -0.000124127 -2.03408e-05 0.000125782
22.38 -0.000124816 -2.35452e-05 0.000127017
22.39 -0.00012499 -2.61482e-05 0.000127696
22.4 -0.00012597 -2.9371e-05 0.000129349
22.41 -0.000126827 -3.31945e-05 0.000131099
22.42 -0.000127717 -3.76867e-05 0.000133161
22.43 -0.000127744 -4.1964e-05 0.00013446
22.44 -0.000128739 -4.71032e-05 0.000137085
22.45 -0.000128412 -5.26145e-05 0.000138773
22.46 -0.00012868 -5.77037e-05 0.000141026
22.47 -0.000128074 -6.38271e-05 0.000143098
22.48 -0.000127739 -6.93317e-05 0.000145342
22.49 -0.000127252 -7.65783e-05 0.000148517
22.5 -0.000125866 -8.33849e-05 0.000150981
22.51 -0.0001244 -9.05066e-05 0.000153841
22.52 -0.000122266 -9.78783e-05 0.000156618
22.53 -0.000119795 -0.00010607 0.000160005
22.54 -0.000116068 -0.000113524 0.000162356
22.55 -0.000112763 -0.000121664 0.000165884
22.56 -0.000107732 -0.000130114 0.000168926
22.57 -0.000102721 -0.000138265 0.000172246
22.58 -9.59958e-05 -0.000146884 0.000175471
22.59 -8.88819e-05 -0.000154048 0.000177851
22.6 -8.10089e-05 -0.000162034 0.000181156
22.61 -7.20055e-05 -0.000169266 0.000183945
22.62 -6.27196e-05 -0.000176028 0.000186868
22.63 -5.26016e-05 -0.000182019 0.000189468
22.64 -4.17629e-05 -0.000188282 0.000192858
22.65 -2.94826e-05 -0.000192954 0.000195193
22.66 -1.74071e-05 -0.00019709 0.000197857
22.67 -3.93739e-06 -0.000200219 0.000200257
22.68 9.15916e-06 -0.000202177 0.000202384
22.69 2.357e-05 -0.000203838 0.000205196
22.7 3.7769e-05 -0.000203213 0.000206693
22.71 5.21371e-05 -0.000202157 0.000208772
22.72 6.72536e-05 -0.000199568 0.000210596
22.73 8.20192e-05 -0.000195715 0.000212206
22.74 9.62143e-05 -0.000189948 0.000212926
22.75 0.000109761 -0.000183804 0.000214083
22.76 0.000123322 -0.000175787 0.000214731
22.77 0.000135619 -0.000167169 0.000215263
22.78 0.000147957 -0.000157316 0.000215962
22.79 0.000158424 -0.000146324 0.000215659
22.8 0.000169136 -0.000135124 0.000216485
22.81 0.000178288 -0.000122188 0.00021614
22.82 0.000185978 -0.000109234 0.000215684
22.83 0.000192938 -9.55104e-05 0.000215285
22.84 0.00019911 -8.17265e-05 0.00021523
22.85 0.000203936 -6.68596e-05 0.000214616
22.86 0.000207412 -5.26171e-05 0.000213982
22.87 0.000209987 -3.73178e-05 0.000213277
22.88 0.000210778 -2.24971e-05 0.000211975
22.89 0.000211258 -7.48691e-06 0.00021139
22.9 0.000209236 7.15905e-06 0.000209359
22.91 0.000207405 2.08373e-05 0.000208449
22.92 0.000204471 3.49862e-05 0.000207443
22.93 0.000200417 4.82049e-05 0.000206132
22.94 0.000195386 6.12548e-05 0.000204763
22.95 0.000190012 7.33835e-05 0.00020369
22.96 0.000183698 8.58255e-05 0.000202758
22.97 0.000176777 9.66571e-05 0.000201477
22.98 0.000169499 0.000107589 0.000200762
22.99 0.000161123 0.000117478 0.000199403
23 0.000153345 0.000127547 0.000199456
23.01 0.000143584 0.000137077 0.000198511
23.02 0.000134009 0.000145275 0.000197644
23.03 0.000123876 0.000153538 0.000197279
23.04 0.000113292 0.000160717 0.000196634
23.05 0.000102077 0.000167379 0.00019605
23.06 9.09912e-05 0.000172823 0.000195313
23.07 7.92795e-05 0.000178539 0.000195349
23.08 6.73401e-05 0.000182993 0.00019499
23.09 5.52461e-05 0.000187218 0.000195199
23.1 4.21496e-05 0.000189758 0.000194383
23.11 2.99902e-05 0.00019212 0.000194447
23.12 1.6543e-05 0.000193947 0.000194651
23.13 3.50308e-06 0.000194271 0.000194303
23.14 -9.75437e-06 0.000194366 0.000194611
23.15 -2.31233e-05 0.000193364 0.000194742
23.16 -3.70153e-05 0.000191626 0.000195168
23.17 -5.03198e-05 0.000188108 0.000194723
23.18 -6.369e-05 0.000184001 0.000194712
23.19 -7.66243e-05 0.000178509 0.00019426
23.2 -8.88851e-05 0.000172927 0.000194433
23.21 -0.000101358 0.000165326 0.000193923
23.22 -0.000112176 0.000157225 0.00019314
23.23 -0.000123446 0.000148581 0.000193171
23.24 -0.000133581 0.000138494 0.000192417
23.25 -0.000142883 0.000127999 0.000191831
23.26 -0.000150915 0.000116736 0.000190795
23.27 -0.000158721 0.000105401 0.00019053
23.28 -0.000165193 9.32187e-05 0.00018968
23.29 -0.000171062 8.0809e-05 0.000189189
23.3 -0.000175842 6.72821e-05 0.000188274
23.31 -0.000179523 5.45982e-05 0.000187642
23.32 -0.000182791 4.06175e-05 0.00018725
23.33 -0.000183709 2.68602e-05 0.000185662
23.34 -0.000184416 1.33987e-05 0.000184902
23.35 -0.000183922 -3.49738e-07 0.000183922
23.36 -0.000182808 -1.37846e-05 0.000183327
23.37 -0.000180003 -2.7236e-05 0.000182052
23.38 -0.000176816 -4.01819e-05 0.000181324
23.39 -0.000172248 -5.29181e-05 0.000180193
23.4 -0.00016705 -6.47203e-05 0.000179149
23.41 -0.000160707 -7.69159e-05 0.000178165
23.42 -0.000153587 -8.732e-05 0.000176674
23.43 -0.000146796 -9.8165e-05 0.000176594
23.44 -0.000138184 -0.000108347 0.000175596
23.45 -0.00012924 -0.000117644 0.000174766
23.46 -0.000119233 -0.000126557 0.000173877
23.47 -0.000109182 -0.000134592 0.000173308
23.48 -9.7946e-05 -0.000141847 0.000172377
23.49 -8.65872e-05 -0.000148127 0.000171578
23.5 -7.45047e-05 -0.000153702 0.000170808
23.51 -6.24846e-05 -0.000157841 0.000169759
23.52 -4.96708e-05 -0.000162019 0.000169462
23.53 -3.60901e-05 -0.000163866 0.000167793
23.54 -2.34172e-05 -0.000165268 0.000166919
23.55 -1.01283e-05 -0.00016561 0.00016592
23.56 2.61636e-06 -0.000164552 0.000164573
23.57 1.57409e-05 -0.00016264 0.0001634
23.58 2.81001e-05 -0.000159831 0.000162283
23.59 4.05697e-05 -0.00015611 0.000161295
23.6 5.25288e-05 -0.00015122 0.000160083
23.61 6.44003e-05 -0.000145401 0.000159025
23.62 7.49806e-05 -0.000137945 0.000157006
23.63 8.49433e-05 -0.000130805 0.000155966
23.64 9.47492e-05 -0.000121725 0.000154255
23.65 0.000103009 -0.000112318 0.000152402
23.66 0.000110919 -0.000102473 0.000151009
23.67 0.00011726 -9.18697e-05 0.000148963
23.68 0.00012304 -8.06007e-05 0.000147089
23.69 0.000127234 -6.90247e-05 0.000144751
23.7 0.000130421 -5.75196e-05 0.000142542
23.71 0.000132298 -4.61707e-05 0.000140123
23.72 0.000133894 -3.50922e-05 0.000138416
23.73 0.000133895 -2.32269e-05 0.000135895
23.74 0.00013296 -1.28682e-05 0.000133581
23.75 0.000131545 -1.88595e-06 0.000131558
23.76 0.000128624 8.57098e-06 0.00012891
23.77 0.000125529 1.8487e-05 0.000126883
23.78 0.00012115 2.7542e-05 0.000124241
23.79 0.000116632 3.61373e-05 0.000122102
23.8 0.000111295 4.43134e-05 0.000119792
23.81 0.000105592 5.19784e-05 0.000117692
23.82 9.89046e-05 5.87987e-05 0.000115063
23.83 9.26338e-05 6.43888e-05 0.000112814
23.84 8.54963e-05 7.03261e-05 0.000110704
23.85 7.82286e-05 7.43121e-05 0.000107898
23.86 7.14711e-05 7.8151e-05 0.000105904
23.87 6.40824e-05 8.13446e-05 0.000103554
23.88 5.7265e-05 8.44172e-05 0.000102008
23.89 4.99165e-05 8.67436e-05 0.000100081
23.9 4.29519e-05 8.83715e-05 9.82568e-05
23.91 3.59442e-05 8.94845e-05 9.64337e-05
23.92 2.92493e-05 9.04106e-05 9.50242e-05
23.93 2.20412e-05 9.10105e-05 9.36415e-05
23.94 1.5821e-05 9.04706e-05 9.18436e-05
23.95 9.18949e-06 9.07226e-05 9.11868e-05
23.96 2.30194e-06 8.97492e-05 8.97787e-05
23.97 -3.88367e-06 8.8537e-05 8.86222e-05
23.98 -1.04251e-05 8.64702e-05 8.70964e-05
23.99 -1.61903e-05 8.43354e-05 8.58754e-05
24 -2.21234e-05 8.20043e-05 8.49361e-05
24.01 -2.76129e-05 7.92508e-05 8.39236e-05
24.02 -3.28337e-05 7.60068e-05 8.27955e-05
24.03 -3.75525e-05 7.25758e-05 8.17156e-05
24.04 -4.29014e-05 6.91202e-05 8.13519e-05
24.05 -4.70611e-05 6.44242e-05 7.97824e-05
24.06 -5.09521e-05 6.0352e-05 7.89841e-05
24.07 -5.4928e-05 5.55906e-05 7.81498e-05
24.08 -5.81081e-05 5.10229e-05 7.73297e-05
24.09 -6.14292e-05 4.57639e-05 7.66021e-05
24.1 -6.38726e-05 4.0293e-05 7.55198e-05
24.11 -6.62598e-05 3.47256e-05 7.4808e-05
24.12 -6.81677e-05 2.89884e-05 7.40754e-05
24.13 -6.93938e-05 2.30093e-05 7.3109e-05
24.14 -6.93478e-05 1.71248e-05 7.1431e-05
24.15 -6.99266e-05 1.18238e-05 7.09192e-05
24.16 -6.95454e-05 5.81731e-06 6.97882e-05
24.17 -6.85993e-05 5.18799e-07 6.86012e-05
24.18 -6.74908e-05 -5.15725e-06 6.76876e-05
24.19 -6.55673e-05 -1.00252e-05 6.63293e-05
24.2 -6.37771e-05 -1.48857e-05 6.54912e-05
24.21 -6.11556e-05 -1.945e-05 6.4174e-05
24.22 -5.84084e-05 -2.36784e-05 6.30255e-05
24.23 -5.57287e-05 -2.7604e-05 6.21906e-05
24.24 -5.31726e-05 -3.15086e-05 6.18071e-05
24.25 -4.92315e-05 -3.51894e-05 6.05148e-05
24.26 -4.58741e-05 -3.80447e-05 5.95973e-05
24.27 -4.20336e-05 -4.11785e-05 5.8843e-05
24.28 -3.79614e-05 -4.33003e-05 5.75846e-05
24.29 -3.4011e-05 -4.56912e-05 5.696e-05
24.3 -2.96198e-05 -4.72322e-05 5.57514e-05
24.31 -2.58582e-05 -4.87097e-05 5.51479e-05
24.32 -2.16747e-05 -4.99604e-05 5.44595e-05
24.33 -1.71617e-05 -5.07361e-05 5.35601e-05
24.34 -1.26537e-05 -5.10131e-05 5.2559e-05
24.35 -9.14611e-06 -5.11613e-05 5.19724e-05
24.36 -4.79247e-06 -5.12518e-05 5.14753e-05
24.37 -9.78666e-07 -5.05966e-05 5.06061e-05
24.38 2.97202e-06 -5.03227e-05 5.04104e-05
24.39 7.03328e-06 -4.9143e-05 4.96438e-05
24.4 1.08034e-05 -4.8179e-05 4.93754e-05
24.41 1.51152e-05 -4.6399e-05 4.8799e-05
24.42 1.8665e-05 -4.4279e-05 4.80522e-05
24.43 2.18427e-05 -4.21323e-05 4.74577e-05
24.44 2.50063e-05 -3.96261e-05 4.68566e-05
24.45 2.84621e-05 -3.66123e-05 4.6374e-05
24.46 3.07504e-05 -3.34707e-05 4.54519e-05
24.47 3.33695e-05 -3.04135e-05 4.51498e-05
24.48 3.52812e-05 -2.65973e-05 4.41834e-05
24.49 3.6835e-05 -2.31397e-05 4.35002e-05
24.5 3.80992e-05 -1.90839e-05 4.26115e-05
24.51 3.85145e-05 -1.56492e-05 4.15724e-05
24.52 3.93677e-05 -1.19662e-05 4.11461e-05
24.53 3.98164e-05 -7.97536e-06 4.06073e-05
24.54 3.96456e-05 -4.25926e-06 3.98737e-05
24.55 3.88254e-05 -7.22682e-07 3.88321e-05
24.56 3.82722e-05 3.01362e-06 3.83907e-05
24.57 3.66477e-05 6.5841e-06 3.72344e-05
24.58 3.52017e-05 9.49059e-06 3.64586e-05
24.59 3.32578e-05 1.2516e-05 3.5535e-05
24.6 3.11139e-05 1.48403e-05 3.44719e-05
24.61 2.89989e-05 1.76064e-05 3.39253e-05
24.62 2.59888e-05 1.94921e-05 3.24863e-05
24.63 2.31888e-05 2.09148e-05 3.12274e-05
24.64 2.05262e-05 2.23469e-05 3.03432e-05
24.65 1.79694e-05 2.33764e-05 2.94849e-05
24.66 1.5067e-05 2.37139e-05 2.80956e-05
24.67 1.2885e-05 2.40437e-05 2.72786e-05
24.68 1.01546e-05 2.43927e-05 2.6422e-05
24.69 7.86428e-06 2.4282e-05 2.55238e-05
24.7 5.40492e-06 2.42186e-05 2.48144e-05
24.71 3.07364e-06 2.31808e-05 2.33836e-05
24.72 1.44312e-06 2.27923e-05 2.2838e-05
24.73 -5.21886e-07 2.208e-05 2.20862e-05
24.74 -2.28554e-06 2.0928e-05 2.10525e-05
24.75 -3.94072e-06 1.99666e-05 2.03518e-05
24.76 -5.18788e-06 1.91914e-05 1.98803e-05
24.77 -6.72146e-06 1.79553e-05 1.91721e-05
24.78 -7.40688e-06 1.65673e-05 1.81476e-05
24.79 -8.31314e-06 1.53334e-05 1.7442e-05
24.8 -8.73922e-06 1.40711e-05 1.65642e-05
24.81 -9.24517e-06 1.3488e-05 1.63524e-05
24.82 -1.0017e-05 1.20317e-05 1.56558e-05
24.83 -1.02248e-05 1.10956e-05 1.50884e-05
24.84 -1.06811e-05 1.03799e-05 1.48939e-05
24.85 -1.09857e-05 9.23171e-06 1.43496e-05
24.86 -1.13746e-05 8.05524e-06 1.3938e-05
24.87 -1.14464e-05 7.29642e-06 1.35742e-05
24.88 -1.20632e-05 6.53173e-06 1.37181e-05
24.89 -1.22043e-05 5.6476e-06 1.34477e-05
24.9 -1.25805e-05 4.59116e-06 1.33921e-05
24.91 -1.25974e-05 3.10936e-06 1.29755e-05
24.92 -1.23705e-05 2.5016e-06 1.26209e-05
24.93 -1.24724e-05 1.21201e-06 1.25312e-05
24.94 -1.20775e-05 2.34508e-08 1.20775e-05
24.95 -1.18894e-05 -6.27983e-07 1.1906e-05
24.96 -1.15942e-05 -1.40582e-06 1.16791e-05
24.97 -1.13833e-05 -2.49044e-06 1.16526e-05
24.98 -1.06894e-05 -3.45445e-06 1.12337e-05
24.99 -1.0374e-05 -4.3284e-06 1.12408e-05
25 -9.72043e-06 -4.88494e-06 1.08788e-05
25.01 -9.27894e-06 -5.28591e-06 1.06789e-05
25.02 -8.71435e-06 -6.37965e-06 1.08e-05
25.03 -7.82833e-06 -6.59393e-06 1.02354e-05
25.04 -7.26518e-06 -7.11957e-06 1.01721e-05
25.05 -6.24418e-06 -7.90374e-06 1.00727e-05
25.06 -5.28367e-06 -8.27014e-06 9.81388e-06
25.07 -4.28398e-06 -8.26436e-06 9.30872e-06
25.08 -3.62856e-06 -8.24611e-06 9.00915e-06
25.09 -2.63336e-06 -8.16624e-06 8.58033e-06
25.1 -1.97173e-06 -8.34894e-06 8.57861e-06
25.11 -1.13199e-06 -8.31159e-06 8.38832e-06
25.12 -5.58609e-07 -7.71936e-06 7.73955e-06
25.13 -3.8746e-08 -7.95181e-06 7.95191e-06
25.14 7.24406e-07 -7.50468e-06 7.53956e-06
25.15 9.92552e-07 -6.96062e-06 7.03103e-06
25.16 1.47138e-06 -6.7862e-06 6.94388e-06
25.17 1.93367e-06 -6.73482e-06 7.00692e-06
25.18 2.63371e-06 -6.56373e-06 7.07241e-06
25.19 2.95264e-06 -6.27268e-06 6.93286e-06
25.2 3.48737e-06 -5.60735e-06 6.60334e-06
25.21 3.7921e-06 -5.23654e-06 6.4654e-06
25.22 4.24615e-06 -5.06971e-06 6.613e-06
25.23 4.43417e-06 -4.14075e-06 6.06693e-06
25.24 4.44186e-06 -4.04064e-06 6.00474e-06
25.25 4.90551e-06 -3.73267e-06 6.16416e-06
25.26 4.9728e-06 -3.10175e-06 5.86085e-06
25.27 5.10717e-06 -2.46303e-06 5.67007e-06
25.28 5.05999e-06 -1.87716e-06 5.39696e-06
25.29 5.34902e-06 -1.47371e-06 5.54832e-06
25.3 5.40554e-06 -1.29514e-06 5.55853e-06
25.31 5.51669e-06 -6.79393e-07 5.55837e-06
25.32 5.49978e-06 -4.90798e-08 5.5e-06
25.33 5.67705e-06 8.51958e-08 5.67769e-06
25.34 5.72527e-06 1.10384e-06 5.83071e-06
25.35 5.23456e-06 1.68511e-06 5.49911e-06
25.36 5.09552e-06 2.0397e-06 5.4886e-06
25.37 4.73028e-06 2.4228e-06 5.31465e-06
25.38 4.41354e-06 2.77232e-06 5.21201e-06
25.39 3.77819e-06 3.30674e-06 5.02088e-06
25.4 3.35522e-06 3.87747e-06 5.1276e-06
25.41 2.90839e-06 3.91089e-06 4.87378e-06
25.42 2.41683e-06 4.07795e-06 4.74033e-06
25.43 1.69748e-06 4.43692e-06 4.75055e-06
25.44 1.16565e-06 3.9313e-06 4.10047e-06
25.45 9.46169e-07 4.0197e-06 4.12956e-06
25.46 2.64139e-07 4.09095e-06 4.09947e-06
25.47 -2.40088e-07 4.07936e-06 4.08642e-06
25.48 -8.12552e-07 4.01084e-06 4.09232e-06
25.49 -1.14948e-06 3.61626e-06 3.79455e-06
25.5 -1.72162e-06 3.23462e-06 3.66425e-06
25.51 -2.22324e-06 3.20525e-06 3.90082e-06
25.52 -2.48719e-06 2.7863e-06 3.73491e-06
25.53 -2.50745e-06 2.31419e-06 3.41215e-06
25.54 -2.7235e-06 2.42649e-06 3.64765e-06
25.55 -2.97175e-06 1.75545e-06 3.45151e-06
25.56 -2.71503e-06 1.25291e-06 2.99018e-06
25.57 -2.59166e-06 7.55708e-07 2.69959e-06
25.58 -2.35648e-06 3.66428e-07 2.3848e-06
25.59 -2.27858e-06 3.1514e-07 2.30027e-06
25.6 -1.86049e-06 1.43033e-07 1.86598e-06
25.61 -1.54005e-06 -2.52894e-07 1.56068e-06
25.62 -1.47142e-06 -2.02047e-07 1.48523e-06
25.63 -1.42906e-06 -3.07691e-07 1.46181e-06
25.64 -1.06664e-06 -7.7459e-07 1.31822e-06
25.65 -7.35562e-07 -4.57149e-07 8.66046e-07
25.66 -7.51062e-07 -5.07445e-07 9.06418e-07
25.67 -5.10412e-07 -4.44443e-07 6.76794e-07
25.68 -3.62558e-07 -5.42512e-07 6.52508e-07
25.69 -5.99053e-08 -8.93082e-07 8.95089e-07
25.7 -1.47883e-07 -9.12449e-07 9.24355e-07
25.71 -7.79343e-08 -7.86421e-07 7.90274e-07
25.72 2.29344e-07 -9.77531e-07 1.00407e-06
25.73 3.02885e-07 -8.17485e-07 8.71792e-07
25.74 7.53744e-08 -4.87065e-07 4.92863e-07
25.75 -8.76805e-08 -8.24401e-07 8.29051e-07
25.76 -1.30479e-08 -7.04385e-07 7.04506e-07
25.77 -2.24593e-07 -8.02873e-07 8.33694e-07
25.78 -3.24352e-07 -6.80237e-07 7.5361e-07
25.79 -4.93525e-07 -4.29556e-07 6.54283e-07
25.8 -2.79418e-07 -6.05313e-07 6.66692e-07
25.81 -3.06474e-07 -7.60663e-07 8.20082e-07
25.82 -5.53486e-07 -6.55794e-07 8.58145e-07
25.83 -4.33871e-07 -9.25944e-07 1.02255e-06
25.84 -1.9129e-07 -1.09655e-06 1.11311e-06
25.85 -8.41007e-08 -6.94836e-07 6.99907e-07
25.86 -1.83658e-07 -7.80258e-07 8.01581e-07
25.87 -3.59176e-08 -5.555e-07 5.5666e-07
25.88 1.04765e-08 -6.6137e-07 6.61453e-07
25.89 3.8982e-08 -7.82132e-07 7.83103e-07
25.9 -1.90237e-07 -4.83119e-07 5.19224e-07
25.91 -5.18063e-08 -3.92358e-07 3.95763e-07
25.92 2.68445e-07 -4.57648e-07 5.30569e-07
25.93 1.89279e-07 -1.64747e-07 2.50934e-07
25.94 1.39252e-07 -1.48963e-07 2.03914e-07
25.95 2.25362e-07 -4.92964e-07 5.42035e-07
25.96 4.12126e-07 -3.178e-07 5.20427e-07
25.97 3.08315e-07 -4.62855e-07 5.56141e-07
25.98 2.4184e-07 -1.4765e-07 2.8335e-07
25.99 2.34738e-07 3.74625e-08 2.37708e-07
26 3.30678e-07 -1.37528e-07 3.58137e-07
