0 -4.59939e-05 9.62313e-05 0.000106658
0.01 -9.16043e-05 0.000192552 0.000213231
0.02 -0.000136309 0.000287742 0.000318395
0.03 -0.000180046 0.00038218 0.000422467
0.04 -0.000222013 0.00047542 0.000524704
0.05 -0.000262217 0.000567045 0.000624738
0.06 -0.000300344 0.000656686 0.00072211
0.07 -0.000335694 0.00074431 0.000816509
0.08 -0.000368444 0.00082953 0.000907673
0.09 -0.000397945 0.00091159 0.000994665
0.1 -0.000423997 0.000990848 0.00107775
0.11 -0.000446359 0.00106677 0.00115639
0.12 -0.000464739 0.00113846 0.00122966
0.13 -0.000479042 0.00120671 0.00129832
0.14 -0.000488849 0.00127046 0.00136127
0.15 -0.000494432 0.00132963 0.00141859
0.16 -0.000495375 0.00138418 0.00147015
0.17 -0.000491555 0.00143377 0.00151569
0.18 -0.00048331 0.00147806 0.00155507
0.19 -0.000470082 0.00151677 0.00158794
0.2 -0.000452141 0.0015502 0.00161479
0.21 -0.000429513 0.00157743 0.00163486
0.22 -0.00040208 0.00159859 0.00164838
0.23 -0.000370147 0.00161401 0.00165591
0.24 -0.000333666 0.00162259 0.00165654
0.25 -0.000293119 0.00162492 0.00165114
0.26 -0.000248317 0.00162086 0.00163977
0.27 -0.00019974 0.00160987 0.00162221
0.28 -0.000147717 0.00159226 0.0015991
0.29 -9.20151e-05 0.00156782 0.00157051
0.3 -3.34426e-05 0.00153668 0.00153705
0.31 2.79677e-05 0.0014983 0.00149856
0.32 9.19361e-05 0.00145346 0.00145636
0.33 0.000157853 0.00140182 0.00141068
0.34 0.000225495 0.00134309 0.00136189
0.35 0.000294307 0.00127825 0.00131169
0.36 0.000364063 0.00120682 0.00126054
0.37 0.000434033 0.00112886 0.00120942
0.38 0.000504023 0.0010452 0.00116038
0.39 0.000573692 0.000955422 0.00111443
0.4 0.000642195 0.000860091 0.00107339
0.41 0.000709505 0.000759264 0.00103917
0.42 0.000775003 0.00065374 0.00101391
0.43 0.000837966 0.000543209 0.000998631
0.44 0.000898289 0.000428364 0.000995198
0.45 0.000955194 0.000310035 0.00100425
0.46 0.00100839 0.000187718 0.00102571
0.47 0.00105729 6.25672e-05 0.00105914
0.48 0.00110174 -6.49571e-05 0.00110365
0.49 0.00114117 -0.000194896 0.0011577
0.5 0.00117509 -0.000326254 0.00121954
0.51 0.0012036 -0.000458637 0.00128803
0.52 0.00122581 -0.000591524 0.00136107
0.53 0.00124161 -0.000724489 0.00143753
0.54 0.00125085 -0.000856623 0.00151605
0.55 0.00125292 -0.000987342 0.0015952
0.56 0.00124781 -0.00111671 0.00167454
0.57 0.00123534 -0.00124302 0.00175247
0.58 0.00121536 -0.00136651 0.00182879
0.59 0.00118763 -0.00148649 0.00190266
0.6 0.00115226 -0.00160181 0.0019732
0.61 0.00110925 -0.00171241 0.00204029
0.62 0.00105821 -0.00181747 0.00210309
0.63 0.000999611 -0.00191635 0.00216139
0.64 0.000933382 -0.00200834 0.00221464
0.65 0.000859345 -0.00209313 0.00226267
0.66 0.000778173 -0.00217016 0.00230546
0.67 0.000689821 -0.00223831 0.0023422
0.68 0.00059459 -0.00229807 0.00237374
0.69 0.000492878 -0.00234828 0.00239945
0.7 0.000385151 -0.00238841 0.00241926
0.71 0.000271606 -0.00241877 0.00243398
0.72 0.00015265 -0.00243819 0.00244297
0.73 2.91141e-05 -0.00244679 0.00244696
0.74 -9.89475e-05 -0.00244414 0.00244614
0.75 -0.000230838 -0.00243015 0.00244109
0.76 -0.000365602 -0.00240439 0.00243203
0.77 -0.000503112 -0.00236679 0.00241967
0.78 -0.000642377 -0.00231769 0.00240506
0.79 -0.000782654 -0.00225629 0.00238818
0.8 -0.000923329 -0.00218309 0.00237032
0.81 -0.00106382 -0.00209841 0.00235267
0.82 -0.00120308 -0.00200145 0.00233521
0.83 -0.00134053 -0.00189339 0.00231991
0.84 -0.00147557 -0.00177389 0.00230738
0.85 -0.00160712 -0.00164342 0.00229862
0.86 -0.00173434 -0.00150228 0.00229451
0.87 -0.0018569 -0.00135102 0.00229638
0.88 -0.00197337 -0.00119015 0.00230448
0.89 -0.00208328 -0.00101978 0.00231948
0.9 -0.00218598 -0.000841199 0.00234224
0.91 -0.00228052 -0.000654627 0.00237261
0.92 -0.00236618 -0.000460509 0.00241057
0.93 -0.00244256 -0.000260443 0.00245641
0.94 -0.00250881 -5.43493e-05 0.0025094
0.95 -0.0025641 0.00015649 0.00256887
0.96 -0.00260818 0.000371137 0.00263446
0.97 -0.00264031 0.000588907 0.00270519
0.98 -0.00265968 0.000808664 0.0027799
0.99 -0.0026663 0.00102972 0.00285823
1 -0.00265962 0.00125047 0.00293892
1.01 -0.00263902 0.00147069 0.00302115
1.02 -0.00260463 0.00168883 0.00310423
1.03 -0.0025562 0.00190369 0.00318719
1.04 -0.00249324 0.0021149 0.00326941
1.05 -0.00241594 0.00232065 0.00334995
1.06 -0.00232435 0.00252021 0.00342842
1.07 -0.0022181 0.00271265 0.00350406
1.08 -0.00209754 0.00289657 0.00357628
1.09 -0.00196311 0.00307125 0.00364504
1.1 -0.00181466 0.0032353 0.00370947
1.11 -0.00165274 0.00338827 0.00376987
1.12 -0.00147812 0.00352858 0.00382566
1.13 -0.0012909 0.00365559 0.00387682
1.14 -0.00109165 0.00376872 0.00392364
1.15 -0.000881502 0.00386633 0.00396555
1.16 -0.000660645 0.00394846 0.00400335
1.17 -0.000429965 0.00401394 0.00403691
1.18 -0.000190627 0.00406205 0.00406652
1.19 5.65896e-05 0.00409248 0.00409287
1.2 0.000310915 0.00410434 0.0041161
1.21 0.000570698 0.00409751 0.00413707
1.22 0.000835042 0.00407118 0.00415594
1.23 0.00110299 0.00402539 0.00417377
1.24 0.00137299 0.00395986 0.00419113
1.25 0.00164364 0.00387396 0.00420822
1.26 0.00191434 0.00376849 0.00422684
1.27 0.00218299 0.00364261 0.00424666
1.28 0.0024485 0.0034969 0.0042689
1.29 0.00270966 0.00333161 0.00429441
1.3 0.00296484 0.00314669 0.00432342
1.31 0.00321234 0.00294294 0.00435661
1.32 0.00345129 0.0027205 0.0043946
1.33 0.00367997 0.00248023 0.00443776
1.34 0.00389685 0.00222266 0.00448616
1.35 0.00410083 0.00194849 0.0045402
1.36 0.00429082 0.00165904 0.00460038
1.37 0.00446469 0.00135461 0.00466566
1.38 0.00462206 0.00103685 0.00473692
1.39 0.00476135 0.000706683 0.0048135
1.4 0.00488106 0.000365126 0.0048947
1.41 0.00498052 1.39772e-05 0.00498054
1.42 0.00505864 -0.000345938 0.00507045
1.43 0.0051142 -0.000712678 0.00516362
1.44 0.00514648 -0.00108504 0.00525961
1.45 0.00515505 -0.0014613 0.00535817
1.46 0.00513881 -0.00183963 0.00545817
1.47 0.00509717 -0.00221877 0.00555915
1.48 0.00503026 -0.00259644 0.00566083
1.49 0.004937 -0.00297126 0.00576215
1.5 0.00481728 -0.00334136 0.00586267
1.51 0.00467152 -0.0037047 0.00596221
1.52 0.00449904 -0.00405987 0.00606003
1.53 0.0043003 -0.0044045 0.00615566
1.54 0.00407575 -0.00473725 0.00624926
1.55 0.00382571 -0.00505595 0.00634024
1.56 0.00355052 -0.00535882 0.00642831
1.57 0.00325112 -0.00564434 0.0065137
1.58 0.00292852 -0.00591038 0.00659612
1.59 0.00258283 -0.00615559 0.00667549
1.6 0.002216 -0.00637823 0.00675222
1.61 0.00182895 -0.00657664 0.00682622
1.62 0.00142255 -0.00674954 0.00689783
1.63 0.000998972 -0.00689515 0.00696714
1.64 0.000559523 -0.00701259 0.00703488
1.65 0.000105696 -0.00710011 0.0071009
1.66 -0.000360407 -0.00715687 0.00716594
1.67 -0.000836941 -0.00718196 0.00723057
1.68 -0.00132194 -0.00717409 0.00729487
1.69 -0.00181374 -0.00713297 0.00735996
1.7 -0.0023092 -0.00705778 0.00742594
1.71 -0.00280707 -0.00694797 0.00749359
1.72 -0.00330465 -0.0068034 0.00756353
1.73 -0.0037991 -0.00662368 0.00763586
1.74 -0.00428869 -0.00640904 0.00771159
1.75 -0.00477062 -0.00615917 0.00779064
1.76 -0.00524213 -0.00587493 0.00787367
1.77 -0.00570122 -0.00555644 0.00796102
1.78 -0.00614508 -0.00520433 0.00805277
1.79 -0.00657146 -0.00481975 0.00814949
1.8 -0.00697739 -0.00440345 0.00825072
1.81 -0.00736135 -0.00395646 0.00835722
1.82 -0.00772003 -0.00348049 0.00846833
1.83 -0.00805133 -0.00297661 0.00858395
1.84 -0.00835356 -0.00244664 0.00870448
1.85 -0.00862367 -0.00189228 0.00882884
1.86 -0.00886012 -0.00131576 0.00895728
1.87 -0.00906104 -0.000718809 0.00908951
1.88 -0.00922423 -0.000103995 0.00922482
1.89 -0.00934829 0.000526121 0.00936308
1.9 -0.00943151 0.00116944 0.00950373
1.91 -0.00947277 0.00182297 0.00964658
1.92 -0.00947023 0.00248385 0.00979055
1.93 -0.00942331 0.00314965 0.00993575
1.94 -0.00933121 0.00381711 0.0100818
1.95 -0.00919245 0.00448312 0.0102274
1.96 -0.0090076 0.00514479 0.0103733
1.97 -0.00877572 0.00579892 0.0105186
1.98 -0.00849684 0.00644195 0.0106628
1.99 -0.00817143 0.007071 0.0108061
2 -0.00779958 0.00768281 0.010948
2.01 -0.00738212 0.00827381 0.0110884
2.02 -0.00691957 0.00884103 0.0112269
2.03 -0.00641346 0.00938156 0.0113642
2.04 -0.00586479 0.00989168 0.0114996
2.05 -0.00527494 0.0103687 0.0116334
2.06 -0.00464639 0.0108097 0.011766
2.07 -0.00398032 0.0112115 0.011897
2.08 -0.00327944 0.0115712 0.0120269
2.09 -0.00254624 0.0118866 0.0121563
2.1 -0.00178294 0.0121548 0.0122848
2.11 -0.000992845 0.0123734 0.0124132
2.12 -0.000178557 0.0125407 0.0125419
2.13 0.000656292 0.0126544 0.0126714
2.14 0.00150867 0.0127125 0.0128017
2.15 0.0023749 0.0127141 0.012934
2.16 0.00325098 0.0126574 0.0130682
2.17 0.00413371 0.0125411 0.0132048
2.18 0.00501846 0.0123648 0.0133444
2.19 0.00590156 0.0121277 0.0134874
2.2 0.00677891 0.0118292 0.0136339
2.21 0.00764594 0.0114699 0.0137847
2.22 0.00849887 0.0110496 0.0139401
2.23 0.00933291 0.010569 0.0140999
2.24 0.0101441 0.0100288 0.0142646
2.25 0.0109281 0.00943051 0.0144346
2.26 0.0116802 0.00877483 0.0146091
2.27 0.0123969 0.00806385 0.0147888
2.28 0.0130733 0.00729981 0.0149732
2.29 0.0137059 0.00648437 0.0151624
2.3 0.0142904 0.00562039 0.0153559
2.31 0.014823 0.00471124 0.0155537
2.32 0.0153003 0.00375916 0.0157553
2.33 0.0157184 0.00276822 0.0159603
2.34 0.0160744 0.00174189 0.0161685
2.35 0.0163649 0.000684043 0.0163792
2.36 0.0165871 -0.000401462 0.016592
2.37 0.0167388 -0.00150991 0.0168067
2.38 0.016817 -0.00263683 0.0170225
2.39 0.0168203 -0.00377808 0.0172394
2.4 0.0167467 -0.00492781 0.0174567
2.41 0.0165947 -0.00608147 0.017674
2.42 0.0163634 -0.0072342 0.0178912
2.43 0.0160518 -0.00837991 0.0181076
2.44 0.0156599 -0.00951389 0.0183234
2.45 0.0151872 -0.0106306 0.0185381
2.46 0.0146344 -0.0117246 0.0187518
2.47 0.0140023 -0.0127903 0.0189646
2.48 0.0132914 -0.0138224 0.019176
2.49 0.012504 -0.0148156 0.0193869
2.5 0.0116415 -0.0157639 0.0195966
2.51 0.0107062 -0.0166629 0.0198059
2.52 0.00970081 -0.017507 0.020015
2.53 0.00862851 -0.0182907 0.0202238
2.54 0.0074924 -0.0190101 0.0204334
2.55 0.00629649 -0.0196599 0.0206436
2.56 0.005045 -0.0202359 0.0208553
2.57 0.00374232 -0.020734 0.021069
2.58 0.00239305 -0.02115 0.021285
2.59 0.00100296 -0.0214804 0.0215038
2.6 -0.000423179 -0.0217217 0.0217258
2.61 -0.00187945 -0.0218712 0.0219518
2.62 -0.00335969 -0.0219257 0.0221816
2.63 -0.00485784 -0.0218832 0.0224159
2.64 -0.00636775 -0.0217422 0.0226555
2.65 -0.00788215 -0.0215004 0.0228997
2.66 -0.00939478 -0.0211576 0.0231497
2.67 -0.0108986 -0.0207127 0.0234051
2.68 -0.0123866 -0.0201656 0.023666
2.69 -0.0138514 -0.0195167 0.0239325
2.7 -0.0152866 -0.0187664 0.0242045
2.71 -0.0166843 -0.0179165 0.024482
2.72 -0.0180377 -0.0169679 0.0247643
2.73 -0.0193399 -0.0159234 0.0250517
2.74 -0.0205838 -0.0147856 0.0253438
2.75 -0.021762 -0.0135572 0.0256394
2.76 -0.0228687 -0.0122424 0.0259394
2.77 -0.0238966 -0.0108447 0.0262423
2.78 -0.0248397 -0.00936891 0.0265478
2.79 -0.0256921 -0.00782 0.0268558
2.8 -0.026448 -0.00620298 0.0271657
2.81 -0.0271018 -0.00452417 0.0274769
2.82 -0.0276488 -0.0027892 0.0277891
2.83 -0.0280843 -0.00100512 0.0281022
2.84 -0.0284035 0.000821326 0.0284154
2.85 -0.028603 0.00268303 0.0287285
2.86 -0.0286797 0.00457204 0.0290419
2.87 -0.02863 0.00648098 0.0293544
2.88 -0.0284522 0.00840147 0.0296667
2.89 -0.0281445 0.0103253 0.0299787
2.9 -0.0277051 0.0122442 0.0302901
2.91 -0.0271338 0.0141491 0.0306014
2.92 -0.0264305 0.016032 0.0309127
2.93 -0.0255955 0.0178832 0.0312241
2.94 -0.0246297 0.0196946 0.0315357
2.95 -0.0235352 0.0214571 0.0318482
2.96 -0.0223141 0.0231618 0.0321619
2.97 -0.0209688 0.0248002 0.0324768
2.98 -0.0195041 0.0263638 0.0327942
2.99 -0.017923 0.027844 0.0331138
3 -0.0162307 0.0292327 0.0334363
3.01 -0.0144327 0.0305219 0.0337622
3.02 -0.0125346 0.0317041 0.034092
3.03 -0.0105428 0.0327716 0.0344257
3.04 -0.00846453 0.0337179 0.0347641
3.05 -0.00630726 0.0345361 0.0351073
3.06 -0.0040788 0.03522 0.0354554
3.07 -0.00178758 0.0357643 0.0358089
3.08 0.000556794 0.0361638 0.0361681
3.09 0.00294604 0.0364134 0.0365324
3.1 0.00536968 0.0365097 0.0369025
3.11 0.0078178 0.036449 0.037278
3.12 0.0102806 0.0362285 0.037659
3.13 0.012747 0.035846 0.038045
3.14 0.0152066 0.0353005 0.0384365
3.15 0.0176483 0.0345905 0.0388325
3.16 0.0200611 0.0337164 0.0392332
3.17 0.0224339 0.0326789 0.0396382
3.18 0.0247552 0.0314794 0.0400471
3.19 0.0270145 0.0301195 0.0404594
3.2 0.0291999 0.028603 0.040875
3.21 0.0313011 0.0269328 0.0412933
3.22 0.0333075 0.0251134 0.0417142
3.23 0.0352078 0.0231503 0.042137
3.24 0.0369927 0.021049 0.042562
3.25 0.0386516 0.0188158 0.0429882
3.26 0.0401753 0.0164585 0.0434159
3.27 0.0415544 0.0139848 0.0438446
3.28 0.0427804 0.0114029 0.044274
3.29 0.0438452 0.00872233 0.0447044
3.3 0.044741 0.00595309 0.0451353
3.31 0.045461 0.0031047 0.0455669
3.32 0.0459991 0.000188819 0.0459995
3.33 0.0463493 -0.00278321 0.0464328
3.34 0.0465072 -0.00580021 0.0468675
3.35 0.046468 -0.00884925 0.0473031
3.36 0.046229 -0.011918 0.0477405
3.37 0.045787 -0.0149937 0.0481795
3.38 0.0451406 -0.0180632 0.0486205
3.39 0.0442891 -0.021113 0.0490641
3.4 0.0432321 -0.0241296 0.0495101
3.41 0.0419708 -0.0270999 0.0499595
3.42 0.0405071 -0.0300093 0.0504121
3.43 0.0388434 -0.0328449 0.0508684
3.44 0.0369838 -0.0355932 0.0513291
3.45 0.0349324 -0.0382402 0.0517937
3.46 0.032695 -0.0407736 0.0522633
3.47 0.0302774 -0.0431802 0.0527375
3.48 0.0276875 -0.0454471 0.0532169
3.49 0.0249331 -0.0475627 0.0537016
3.5 0.022023 -0.0495149 0.0541917
3.51 0.0189672 -0.0512928 0.0546874
3.52 0.0157764 -0.0528852 0.0551882
3.53 0.0124614 -0.0542827 0.0556947
3.54 0.00903487 -0.0554756 0.0562065
3.55 0.00550908 -0.0564549 0.0567231
3.56 0.00189745 -0.0572137 0.0572451
3.57 -0.00178611 -0.057744 0.0577717
3.58 -0.0055268 -0.0580402 0.0583027
3.59 -0.00931032 -0.058097 0.0588382
3.6 -0.0131208 -0.0579096 0.0593774
3.61 -0.0169426 -0.0574752 0.0599203
3.62 -0.0207597 -0.0567908 0.0604662
3.63 -0.0245563 -0.0558557 0.0610154
3.64 -0.028315 -0.0546693 0.0615668
3.65 -0.0320202 -0.0532322 0.0621206
3.66 -0.035655 -0.0515471 0.0626768
3.67 -0.0392026 -0.049616 0.0632344
3.68 -0.0426469 -0.0474438 0.063794
3.69 -0.0459718 -0.0450351 0.064355
3.7 -0.0491607 -0.0423964 0.0649171
3.71 -0.0521985 -0.0395351 0.0654806
3.72 -0.0550697 -0.0364593 0.0660451
3.73 -0.0577596 -0.0331787 0.0666108
3.74 -0.0602537 -0.0297037 0.0671775
3.75 -0.0625389 -0.0260456 0.0677458
3.76 -0.0646017 -0.0222174 0.0683154
3.77 -0.0664298 -0.0182316 0.0688862
3.78 -0.0680126 -0.0141032 0.0694594
3.79 -0.0693385 -0.00984668 0.0700342
3.8 -0.0703984 -0.00547808 0.0706112
3.81 -0.0711839 -0.0010138 0.0711911
3.82 -0.0716868 0.00352904 0.0717736
3.83 -0.0719008 0.00813239 0.0723593
3.84 -0.0718206 0.0127782 0.0729485
3.85 -0.0714418 0.0174477 0.0735415
3.86 -0.0707611 0.0221213 0.0741383
3.87 -0.0697767 0.0267802 0.0747394
3.88 -0.0684885 0.0314042 0.0753452
3.89 -0.0668961 0.0359737 0.0759552
3.9 -0.0650024 0.0404688 0.0765705
3.91 -0.0628104 0.0448698 0.077191
3.92 -0.0603242 0.0491565 0.0778162
3.93 -0.0575502 0.0533097 0.0784471
3.94 -0.0544952 0.0573099 0.0790832
3.95 -0.0511676 0.0611382 0.0797245
3.96 -0.047577 0.0647757 0.0803708
3.97 -0.0437344 0.0682052 0.0810225
3.98 -0.0396521 0.0714083 0.0816789
3.99 -0.0353428 0.0743691 0.08234
4 -0.0308218 0.0770715 0.083006
4.01 -0.0261039 0.0795003 0.0836762
4.02 -0.0212059 0.0816411 0.0843502
4.03 -0.0161456 0.0834815 0.0850285
4.04 -0.010941 0.0850085 0.0857097
4.05 -0.00561162 0.0862116 0.086394
4.06 -0.000177525 0.087081 0.0870811
4.07 0.00534054 0.0876083 0.0877709
4.08 0.0109208 0.0877857 0.0884624
4.09 0.0165418 0.0876082 0.0891562
4.1 0.0221803 0.087071 0.0898516
4.11 0.0278141 0.0861706 0.0905483
4.12 0.0334196 0.0849061 0.0912464
4.13 0.0389736 0.0832773 0.0919459
4.14 0.0444527 0.0812849 0.092646
4.15 0.0498335 0.078933 0.0933477
4.16 0.0550924 0.0762253 0.0940503
4.17 0.0602064 0.073168 0.0947542
4.18 0.0651523 0.0697686 0.0954593
4.19 0.069908 0.0660365 0.0961662
4.2 0.0744506 0.061982 0.0968744
4.21 0.0787594 0.0576167 0.0975845
4.22 0.0828133 0.0529551 0.0982969
4.23 0.0865922 0.0480111 0.0990114
4.24 0.090077 0.0428011 0.0997286
4.25 0.0932496 0.0373434 0.100449
4.26 0.0960927 0.0316558 0.101173
4.27 0.0985902 0.0257589 0.1019
4.28 0.100727 0.0196738 0.102631
4.29 0.102491 0.0134223 0.103366
4.3 0.103867 0.00702797 0.104105
4.31 0.104847 0.000514362 0.104848
4.32 0.105421 -0.00609304 0.105597
4.33 0.10558 -0.0127695 0.10635
4.34 0.105319 -0.0194882 0.107107
4.35 0.104634 -0.0262226 0.10787
4.36 0.10352 -0.0329461 0.108637
4.37 0.101978 -0.0396307 0.109408
4.38 0.100008 -0.0462494 0.110184
4.39 0.0976111 -0.0527745 0.110964
4.4 0.0947923 -0.0591781 0.111748
4.41 0.0915576 -0.0654334 0.112536
4.42 0.0879139 -0.0715126 0.113327
4.43 0.0838709 -0.0773895 0.11412
4.44 0.0794401 -0.0830374 0.114917
4.45 0.0746336 -0.0884308 0.115716
4.46 0.0694659 -0.0935448 0.116517
4.47 0.0639539 -0.0983553 0.11732
4.48 0.0581142 -0.102839 0.118123
4.49 0.0519666 -0.106974 0.118928
4.5 0.0455318 -0.110739 0.119734
4.51 0.0388318 -0.114115 0.120541
4.52 0.0318899 -0.117083 0.121348
4.53 0.0247312 -0.119626 0.122156
4.54 0.0173814 -0.121729 0.122963
4.55 0.00986698 -0.123377 0.123771
4.56 0.00221642 -0.12456 0.124579
4.57 -0.00554147 -0.125265 0.125388
4.58 -0.0133779 -0.125486 0.126197
4.59 -0.0212617 -0.125215 0.127007
4.6 -0.0291625 -0.124446 0.127817
4.61 -0.0370495 -0.123178 0.128629
4.62 -0.0448903 -0.121409 0.129442
4.63 -0.0526541 -0.119141 0.130258
4.64 -0.0603086 -0.116376 0.131074
4.65 -0.0678227 -0.113119 0.131894
4.66 -0.0751643 -0.109379 0.132715
4.67 -0.0823027 -0.105163 0.13354
4.68 -0.0892074 -0.100483 0.134368
4.69 -0.0958477 -0.0953523 0.135199
4.7 -0.102195 -0.0897856 0.136034
4.71 -0.10822 -0.0838002 0.136873
4.72 -0.113896 -0.077415 0.137715
4.73 -0.119196 -0.0706501 0.138561
4.74 -0.124095 -0.0635281 0.139411
4.75 -0.128569 -0.0560734 0.140265
4.76 -0.132596 -0.0483112 0.141123
4.77 -0.136154 -0.0402686 0.141985
4.78 -0.139225 -0.0319745 0.14285
4.79 -0.14179 -0.0234586 0.143718
4.8 -0.143835 -0.0147512 0.144589
4.81 -0.145344 -0.00588537 0.145463
4.82 -0.146307 0.00310639 0.14634
4.83 -0.146713 0.0121905 0.147218
4.84 -0.146554 0.0213316 0.148099
4.85 -0.145826 0.0304951 0.148981
4.86 -0.144524 0.0396452 0.149863
4.87 -0.142648 0.048746 0.150747
4.88 -0.140198 0.0577611 0.151631
4.89 -0.137178 0.0666548 0.152515
4.9 -0.133594 0.0753912 0.153399
4.91 -0.129454 0.0839339 0.154283
4.92 -0.124767 0.0922483 0.155166
4.93 -0.119546 0.100299 0.156049
4.94 -0.113807 0.108053 0.156931
4.95 -0.107566 0.115476 0.157813
4.96 -0.100841 0.122535 0.158694
4.97 -0.0936551 0.129201 0.159575
4.98 -0.0860301 0.135442 0.160454
4.99 -0.0779915 0.14123 0.161334
5 -0.0695665 0.146539 0.162214
5.01 -0.0607838 0.151343 0.163093
5.02 -0.0516733 0.155618 0.163973
5.03 -0.0422681 0.159342 0.164853
5.04 -0.0326007 0.162495 0.165733
5.05 -0.0227061 0.16506 0.166615
5.06 -0.0126207 0.167021 0.167497
5.07 -0.00238121 0.168364 0.168381
5.08 0.00797433 0.169078 0.169266
5.09 0.0184067 0.169154 0.170153
5.1 0.0288765 0.168586 0.171041
5.11 0.0393437 0.16737 0.171932
5.12 0.0497681 0.165503 0.172824
5.13 0.0601084 0.162988 0.173718
5.14 0.0703249 0.159827 0.174615
5.15 0.0803767 0.156027 0.175513
5.16 0.090223 0.151596 0.176413
5.17 0.0998252 0.146545 0.177315
5.18 0.109143 0.140888 0.178218
5.19 0.118139 0.134641 0.179123
5.2 0.126774 0.127823 0.180029
5.21 0.135014 0.120453 0.180935
5.22 0.142821 0.112556 0.181843
5.23 0.150163 0.104157 0.18275
5.24 0.157008 0.0952824 0.183658
5.25 0.163324 0.0859635 0.184566
5.26 0.169083 0.0762309 0.185473
5.27 0.174258 0.0661182 0.18638
5.28 0.178823 0.0556611 0.187286
5.29 0.182757 0.0448958 0.18819
5.3 0.186037 0.0338605 0.189094
5.31 0.188647 0.0225954 0.189996
5.32 0.190571 0.011141 0.190896
5.33 0.191794 -0.000460851 0.191795
5.34 0.192307 -0.0121672 0.192691
5.35 0.192101 -0.0239342 0.193587
5.36 0.191172 -0.0357184 0.19448
5.37 0.189516 -0.0474748 0.195372
5.38 0.187134 -0.0591582 0.196262
5.39 0.184029 -0.0707249 0.197151
5.4 0.180206 -0.0821292 0.198039
5.41 0.175674 -0.0933268 0.198925
5.42 0.170444 -0.104274 0.199811
5.43 0.164532 -0.114927 0.200696
5.44 0.157952 -0.125243 0.20158
5.45 0.150726 -0.13518 0.202465
5.46 0.142874 -0.144699 0.203349
5.47 0.134422 -0.153759 0.204233
5.48 0.125397 -0.162323 0.205118
5.49 0.115828 -0.170355 0.206003
5.5 0.105748 -0.17782 0.206888
5.51 0.0951891 -0.184686 0.207774
5.52 0.0841884 -0.190923 0.20866
5.53 0.0727842 -0.196501 0.209547
5.54 0.0610156 -0.201395 0.210435
5.55 0.0489244 -0.205581 0.211323
5.56 0.0365534 -0.209039 0.212211
5.57 0.0239473 -0.21175 0.213099
5.58 0.0111509 -0.213697 0.213987
5.59 -0.00178873 -0.214868 0.214876
5.6 -0.0148239 -0.215254 0.215763
5.61 -0.0279074 -0.214846 0.21665
5.62 -0.0409899 -0.21364 0.217536
5.63 -0.0540227 -0.211635 0.218421
5.64 -0.0669571 -0.208833 0.219304
5.65 -0.0797437 -0.205238 0.220185
5.66 -0.0923338 -0.200858 0.221064
5.67 -0.104679 -0.195704 0.221941
5.68 -0.116732 -0.18979 0.222815
5.69 -0.128446 -0.183132 0.223687
5.7 -0.139774 -0.17575 0.224555
5.71 -0.150673 -0.167667 0.22542
5.72 -0.161097 -0.158907 0.226282
5.73 -0.171006 -0.149499 0.227141
5.74 -0.18036 -0.139472 0.227996
5.75 -0.189119 -0.128861 0.228848
5.76 -0.197248 -0.1177 0.229696
5.77 -0.204712 -0.106028 0.230541
5.78 -0.211479 -0.093884 0.231382
5.79 -0.21752 -0.0813101 0.23222
5.8 -0.222807 -0.0683496 0.233055
5.81 -0.227317 -0.0550485 0.233887
5.82 -0.231026 -0.0414537 0.234716
5.83 -0.233918 -0.027613 0.235543
5.84 -0.235976 -0.0135765 0.236367
5.85 -0.237188 0.000605052 0.237188
5.86 -0.237542 0.0148811 0.238008
5.87 -0.237034 0.0291988 0.238826
5.88 -0.23566 0.043506 0.239642
5.89 -0.233419 0.0577501 0.240457
5.9 -0.230314 0.0718783 0.24127
5.91 -0.226353 0.0858376 0.242082
5.92 -0.221543 0.0995758 0.242892
5.93 -0.215899 0.113042 0.243702
5.94 -0.209436 0.126183 0.244511
5.95 -0.202172 0.138951 0.245318
5.96 -0.19413 0.151296 0.246124
5.97 -0.185335 0.16317 0.246928
5.98 -0.175815 0.174528 0.247731
5.99 -0.1656 0.185324 0.248532
6 -0.154723 0.195517 0.249331
6.01 -0.143223 0.205065 0.250128
6.02 -0.131135 0.21393 0.250923
6.03 -0.118502 0.222076 0.251715
6.04 -0.105366 0.229469 0.252503
6.05 -0.0917731 0.236078 0.253289
6.06 -0.0777699 0.241876 0.254071
6.07 -0.0634054 0.246836 0.25485
6.08 -0.0487294 0.250937 0.255624
6.09 -0.0337943 0.254158 0.256395
6.1 -0.0186528 0.256484 0.257161
6.11 -0.00335841 0.257901 0.257923
6.12 0.0120337 0.2584 0.25868
6.13 0.0274684 0.257975 0.259433
6.14 0.0428899 0.256622 0.260181
6.15 0.0582429 0.254341 0.260924
6.16 0.0734705 0.251137 0.261663
6.17 0.0885179 0.247016 0.262398
6.18 0.10333 0.24199 0.263128
6.19 0.117851 0.236072 0.263854
6.2 0.132028 0.229279 0.264575
6.21 0.145808 0.221632 0.265293
6.22 0.15914 0.213154 0.266007
6.23 0.171973 0.203872 0.266718
6.24 0.184259 0.193817 0.267425
6.25 0.195952 0.18302 0.26813
6.26 0.207006 0.171518 0.268831
6.27 0.21738 0.159349 0.269529
6.28 0.227032 0.146553 0.270225
6.29 0.235925 0.133175 0.270917
6.3 0.244024 0.119259 0.271607
6.31 0.251297 0.104853 0.272295
6.32 0.257714 0.0900074 0.272979
6.33 0.263248 0.0747728 0.273661
6.34 0.267876 0.0592028 0.27434
6.35 0.271578 0.0433516 0.275016
6.36 0.274336 0.0272748 0.275688
6.37 0.276138 0.0110288 0.276358
6.38 0.276972 -0.00532843 0.277023
6.39 0.276833 -0.0217395 0.277685
6.4 0.275716 -0.0381461 0.278342
6.41 0.273623 -0.054489 0.278995
6.42 0.270556 -0.0707104 0.279643
6.43 0.266524 -0.086752 0.280287
6.44 0.261536 -0.102555 0.280925
6.45 0.255608 -0.118065 0.281557
6.46 0.248756 -0.133222 0.282184
6.47 0.241002 -0.147975 0.282804
6.48 0.23237 -0.162267 0.283419
6.49 0.222888 -0.176047 0.284028
6.5 0.212587 -0.189265 0.28463
6.51 0.201499 -0.201871 0.285226
6.52 0.189663 -0.21382 0.285816
6.53 0.177117 -0.225066 0.2864
6.54 0.163903 -0.235567 0.286977
6.55 0.150065 -0.245285 0.287549
6.56 0.135652 -0.254182 0.288115
6.57 0.120712 -0.262225 0.288675
6.58 0.105295 -0.269382 0.28923
6.59 0.0894553 -0.275626 0.289779
6.6 0.0732474 -0.280932 0.290324
6.61 0.0567267 -0.285278 0.290863
6.62 0.0399505 -0.288647 0.291398
6.63 0.0229778 -0.291024 0.291929
6.64 0.00586704 -0.292397 0.292456
6.65 -0.0113221 -0.29276 0.292979
6.66 -0.0285285 -0.292108 0.293498
6.67 -0.045693 -0.290441 0.294013
6.68 -0.0627543 -0.287762 0.294525
6.69 -0.0796528 -0.284077 0.295033
6.7 -0.0963285 -0.279398 0.295537
6.71 -0.112723 -0.273737 0.296038
6.72 -0.128777 -0.267113 0.296535
6.73 -0.144435 -0.259547 0.297029
6.74 -0.159641 -0.251061 0.297518
6.75 -0.17434 -0.241685 0.298003
6.76 -0.18848 -0.231448 0.298484
6.77 -0.202011 -0.220383 0.29896
6.78 -0.214883 -0.208529 0.299431
6.79 -0.227051 -0.195924 0.299897
6.8 -0.23847 -0.182611 0.300358
6.81 -0.2491 -0.168634 0.300813
6.82 -0.258902 -0.154041 0.301262
6.83 -0.26784 -0.138881 0.301705
6.84 -0.275881 -0.123205 0.302142
6.85 -0.282996 -0.107068 0.302573
6.86 -0.289158 -0.0905233 0.302996
6.87 -0.294344 -0.0736277 0.303413
6.88 -0.298535 -0.0564402 0.303823
6.89 -0.301714 -0.0390182 0.304226
6.9 -0.303868 -0.0214226 0.304622
6.91 -0.304989 -0.00371343 0.305012
6.92 -0.305071 0.0140481 0.305394
6.93 -0.304111 0.0318011 0.305769
6.94 -0.302112 0.049484 0.306137
6.95 -0.299078 0.0670359 0.306499
6.96 -0.29502 0.0843961 0.306854
6.97 -0.289949 0.101505 0.307203
6.98 -0.283882 0.118303 0.307546
6.99 -0.276838 0.134732 0.307883
7 -0.26884 0.150734 0.308214
7.01 -0.259914 0.166255 0.308539
7.02 -0.250091 0.181241 0.308858
7.03 -0.239402 0.195639 0.309173
7.04 -0.227883 0.2094 0.309481
7.05 -0.215573 0.222475 0.309785
7.06 -0.202513 0.234819 0.310083
7.07 -0.188748 0.24639 0.310376
7.08 -0.174323 0.257146 0.310664
7.09 -0.159287 0.26705 0.310947
7.1 -0.143692 0.276068 0.311225
7.11 -0.127589 0.284168 0.311497
7.12 -0.111034 0.291321 0.311764
7.13 -0.0940823 0.297503 0.312025
7.14 -0.0767916 0.302692 0.312281
7.15 -0.0592205 0.306868 0.31253
7.16 -0.0414287 0.310018 0.312774
7.17 -0.0234765 0.31213 0.313012
7.18 -0.00542505 0.313196 0.313243
7.19 0.0126651 0.313212 0.313468
7.2 0.0307315 0.312177 0.313686
7.21 0.0487142 0.310094 0.313897
7.22 0.0665512 0.30697 0.314101
7.23 0.0841827 0.302815 0.314298
7.24 0.101549 0.297642 0.314488
7.25 0.11859 0.29147 0.314671
7.26 0.13525 0.284317 0.314847
7.27 0.151471 0.276209 0.315016
7.28 0.167199 0.267173 0.315178
7.29 0.182382 0.257239 0.315333
7.3 0.196966 0.24644 0.315481
7.31 0.210904 0.234812 0.315622
7.32 0.224149 0.222395 0.315757
7.33 0.236655 0.209231 0.315885
7.34 0.248382 0.195364 0.316007
7.35 0.259289 0.180841 0.316124
7.36 0.26934 0.16571 0.316234
7.37 0.278502 0.150023 0.316339
7.38 0.286744 0.133832 0.316438
7.39 0.294039 0.117191 0.316532
7.4 0.300362 0.100157 0.316621
7.41 0.305693 0.0827871 0.316705
7.42 0.310014 0.0651396 0.316784
7.43 0.313311 0.0472732 0.316857
7.44 0.315574 0.0292479 0.316927
7.45 0.316796 0.0111242 0.316991
7.46 0.316972 -0.00703742 0.31705
7.47 0.316103 -0.0251764 0.317104
7.48 0.314193 -0.0432321 0.317154
7.49 0.311249 -0.0611443 0.317198
7.5 0.30728 -0.0788536 0.317236
7.51 0.302301 -0.0963012 0.31727
7.52 0.29633 -0.113429 0.317297
7.53 0.289386 -0.13018 0.317318
7.54 0.281494 -0.1465 0.317334
7.55 0.27268 -0.162335 0.317343
7.56 0.262975 -0.177631 0.317346
7.57 0.252412 -0.19234 0.317343
7.58 0.241026 -0.206413 0.317332
7.59 0.228856 -0.219804 0.317315
7.6 0.215943 -0.23247 0.317291
7.61 0.20233 -0.244369 0.317259
7.62 0.188064 -0.255462 0.317221
7.63 0.173191 -0.265715 0.317174
7.64 0.157763 -0.275094 0.317121
7.65 0.14183 -0.28357 0.317061
7.66 0.125445 -0.291115 0.316993
7.67 0.108663 -0.297707 0.316918
7.68 0.0915405 -0.303323 0.316836
7.69 0.0741332 -0.307949 0.316746
7.7 0.0564989 -0.311569 0.316651
7.71 0.0386962 -0.314174 0.316548
7.72 0.0207833 -0.315756 0.316439
7.73 0.00281954 -0.316312 0.316324
7.74 -0.0151361 -0.315841 0.316204
7.75 -0.0330247 -0.314347 0.316077
7.76 -0.0507885 -0.311837 0.315946
7.77 -0.0683683 -0.308319 0.315809
7.78 -0.085708 -0.303809 0.315667
7.79 -0.102751 -0.298321 0.31552
7.8 -0.119442 -0.291876 0.315369
7.81 -0.135726 -0.284496 0.315214
7.82 -0.151553 -0.276208 0.315054
7.83 -0.166871 -0.26704 0.31489
7.84 -0.18163 -0.257023 0.314723
7.85 -0.195784 -0.246192 0.31455
7.86 -0.209289 -0.234584 0.314375
7.87 -0.2221 -0.222238 0.314194
7.88 -0.234179 -0.209195 0.31401
7.89 -0.245487 -0.1955 0.313822
7.9 -0.255989 -0.181199 0.313629
7.91 -0.265652 -0.166338 0.313432
7.92 -0.274448 -0.150968 0.31323
7.93 -0.28235 -0.13514 0.313024
7.94 -0.289333 -0.118904 0.312813
7.95 -0.295378 -0.102316 0.312597
7.96 -0.300466 -0.0854295 0.312375
7.97 -0.304585 -0.0682998 0.312148
7.98 -0.307721 -0.0509821 0.311916
7.99 -0.309869 -0.0335339 0.311678
8 -0.311023 -0.016011 0.311435
8.01 -0.311182 0.00153003 0.311186
8.02 -0.310348 0.0190322 0.310931
8.03 -0.308526 0.0364395 0.31067
8.04 -0.305724 0.0536967 0.310404
8.05 -0.301955 0.0707477 0.310133
8.06 -0.297233 0.0875392 0.309856
8.07 -0.291575 0.104017 0.309574
8.08 -0.285003 0.120131 0.309286
8.09 -0.277539 0.135828 0.308994
8.1 -0.26921 0.15106 0.308696
8.11 -0.260046 0.16578 0.308394
8.12 -0.250078 0.179941 0.308087
8.13 -0.239339 0.193501 0.307776
8.14 -0.227868 0.206417 0.30746
8.15 -0.215703 0.21865 0.307141
8.16 -0.202884 0.230164 0.306818
8.17 -0.189454 0.240922 0.30649
8.18 -0.175459 0.250894 0.306159
8.19 -0.160944 0.260049 0.305824
8.2 -0.145957 0.268362 0.305486
8.21 -0.130548 0.275808 0.305144
8.22 -0.114767 0.282366 0.304798
8.23 -0.0986654 0.288017 0.304448
8.24 -0.0822953 0.292748 0.304095
8.25 -0.0657098 0.296545 0.303738
8.26 -0.0489614 0.2994 0.303377
8.27 -0.0321051 0.301306 0.303012
8.28 -0.0151933 0.302261 0.302643
8.29 0.00171912 0.302264 0.302269
8.3 0.0185794 0.301319 0.301891
8.31 0.0353338 0.299432 0.301509
8.32 0.0519298 0.296611 0.301122
8.33 0.068316 0.292869 0.300731
8.34 0.0844408 0.288221 0.300336
8.35 0.100254 0.282685 0.299936
8.36 0.115708 0.27628 0.299531
8.37 0.130755 0.269031 0.299123
8.38 0.145348 0.260962 0.29871
8.39 0.159444 0.252104 0.298293
8.4 0.172999 0.242485 0.297871
8.41 0.185974 0.232139 0.297447
8.42 0.198328 0.221101 0.297018
8.43 0.210028 0.209408 0.296586
8.44 0.221037 0.1971 0.296151
8.45 0.231323 0.184217 0.295713
8.46 0.240858 0.170802 0.295273
8.47 0.249614 0.156899 0.29483
8.48 0.257567 0.142554 0.294385
8.49 0.264695 0.127812 0.293938
8.5 0.270979 0.112723 0.293489
8.51 0.276402 0.097333 0.293039
8.52 0.280951 0.0816931 0.292587
8.53 0.284616 0.0658524 0.292135
8.54 0.287387 0.049862 0.29168
8.55 0.28926 0.0337715 0.291225
8.56 0.290233 0.0176322 0.290768
8.57 0.290306 0.00149453 0.29031
8.58 0.289483 -0.0145914 0.28985
8.59 0.28777 -0.0305758 0.289389
8.6 0.285174 -0.0464086 0.288926
8.61 0.28171 -0.0620421 0.288461
8.62 0.27739 -0.0774277 0.287994
8.63 0.272232 -0.092519 0.287524
8.64 0.266254 -0.10727 0.287051
8.65 0.25948 -0.121637 0.286575
8.66 0.251932 -0.135576 0.286096
8.67 0.243639 -0.149046 0.285613
8.68 0.234628 -0.162008 0.285126
8.69 0.22493 -0.174423 0.284635
8.7 0.214579 -0.186255 0.284139
8.71 0.20361 -0.197471 0.28364
8.72 0.192058 -0.208037 0.283135
8.73 0.179961 -0.217924 0.282625
8.74 0.167361 -0.227105 0.282111
8.75 0.154297 -0.235555 0.281591
8.76 0.140812 -0.24325 0.281067
8.77 0.126949 -0.25017 0.280537
8.78 0.112753 -0.256298 0.280003
8.79 0.0982688 -0.261618 0.279465
8.8 0.0835427 -0.266117 0.278922
8.81 0.0686201 -0.269785 0.278375
8.82 0.0535492 -0.272614 0.277824
8.83 0.0383756 -0.274601 0.277269
8.84 0.0231474 -0.275742 0.276711
8.85 0.00791121 -0.276037 0.276151
8.86 -0.00728602 -0.275491 0.275587
8.87 -0.0223982 -0.274108 0.275022
8.88 -0.0373789 -0.271897 0.274454
8.89 -0.0521828 -0.268867 0.273884
8.9 -0.0667656 -0.265033 0.273313
8.91 -0.081084 -0.26041 0.272741
8.92 -0.0950945 -0.255015 0.272169
8.93 -0.108757 -0.248869 0.271595
8.94 -0.12203 -0.241995 0.271021
8.95 -0.134874 -0.234415 0.270447
8.96 -0.147255 -0.226159 0.269874
8.97 -0.159134 -0.217252 0.2693
8.98 -0.17048 -0.207727 0.268726
8.99 -0.181258 -0.197615 0.268153
9 -0.19144 -0.186949 0.26758
9.01 -0.200997 -0.175765 0.267008
9.02 -0.209903 -0.164099 0.266436
9.03 -0.218135 -0.151989 0.265864
9.04 -0.225669 -0.139476 0.265292
9.05 -0.232487 -0.126597 0.264721
9.06 -0.238573 -0.113394 0.26415
9.07 -0.24391 -0.0999095 0.263579
9.08 -0.248486 -0.0861851 0.263008
9.09 -0.252291 -0.072264 0.262437
9.1 -0.255319 -0.0581897 0.261866
9.11 -0.257563 -0.0440054 0.261295
9.12 -0.25902 -0.0297546 0.260723
9.13 -0.25969 -0.0154806 0.260151
9.14 -0.259576 -0.0012277 0.259579
9.15 -0.258681 0.0129615 0.259005
9.16 -0.257013 0.0270444 0.258432
9.17 -0.25458 0.0409788 0.257857
9.18 -0.251394 0.0547235 0.257281
9.19 -0.247468 0.068237 0.256704
9.2 -0.242819 0.0814803 0.256125
9.21 -0.237464 0.0944141 0.255544
9.22 -0.231423 0.107002 0.254962
9.23 -0.224717 0.119206 0.254378
9.24 -0.217372 0.130993 0.253791
9.25 -0.209411 0.142328 0.2532
9.26 -0.200865 0.15318 0.252608
9.27 -0.19176 0.163518 0.252012
9.28 -0.182126 0.173315 0.251412
9.29 -0.171998 0.182542 0.250808
9.3 -0.161406 0.191175 0.250199
9.31 -0.150387 0.199191 0.249586
9.32 -0.138975 0.20657 0.248969
9.33 -0.127208 0.213292 0.248345
9.34 -0.115121 0.219341 0.247716
9.35 -0.102755 0.224701 0.247081
9.36 -0.0901465 0.229362 0.246441
9.37 -0.0773364 0.233311 0.245795
9.38 -0.0643628 0.236541 0.245142
9.39 -0.0512669 0.239047 0.244483
9.4 -0.0380883 0.240824 0.243817
9.41 -0.0248675 0.241872 0.243147
9.42 -0.0116438 0.24219 0.24247
9.43 0.0015426 0.241783 0.241788
9.44 0.0146526 0.240656 0.241101
9.45 0.0276467 0.238814 0.240409
9.46 0.040487 0.23627 0.239714
9.47 0.0531354 0.233033 0.239014
9.48 0.0655564 0.229117 0.238312
9.49 0.0777125 0.224539 0.237607
9.5 0.0895692 0.219315 0.2369
9.51 0.101093 0.213465 0.236193
9.52 0.112251 0.20701 0.235486
9.53 0.123012 0.199973 0.234779
9.54 0.133347 0.192378 0.234074
9.55 0.143226 0.184252 0.233372
9.56 0.152622 0.175622 0.232673
9.57 0.161512 0.166517 0.231978
9.58 0.16987 0.156966 0.231288
9.59 0.177676 0.147003 0.230605
9.6 0.184908 0.136657 0.229926
9.61 0.19155 0.125964 0.229256
9.62 0.197583 0.114957 0.228592
9.63 0.202995 0.10367 0.227935
9.64 0.207772 0.0921403 0.227287
9.65 0.211905 0.0804035 0.226647
9.66 0.215385 0.0684954 0.226014
9.67 0.218206 0.0564534 0.22539
9.68 0.220362 0.0443141 0.224773
9.69 0.221852 0.0321152 0.224165
9.7 0.222676 0.0198926 0.223562
9.71 0.222835 0.00768361 0.222967
9.72 0.222332 -0.00447496 0.222378
9.73 0.221175 -0.0165477 0.221793
9.74 0.219369 -0.0284978 0.221212
9.75 0.216925 -0.040291 0.220636
9.76 0.213854 -0.0518928 0.22006
9.77 0.21017 -0.0632696 0.219487
9.78 0.205886 -0.0743885 0.218913
9.79 0.20102 -0.0852179 0.218338
9.8 0.195591 -0.0957272 0.21776
9.81 0.189617 -0.105888 0.21718
9.82 0.183121 -0.11567 0.216594
9.83 0.176125 -0.125048 0.216002
9.84 0.168654 -0.133996 0.215405
9.85 0.160733 -0.142489 0.214798
9.86 0.152389 -0.150506 0.214184
9.87 0.143649 -0.158026 0.213559
9.88 0.134543 -0.165029 0.212923
9.89 0.1251 -0.171497 0.212276
9.9 0.11535 -0.177415 0.211617
9.91 0.105326 -0.182769 0.210946
9.92 0.0950578 -0.187546 0.210261
9.93 0.0845787 -0.191736 0.209562
9.94 0.0739222 -0.19533 0.20885
9.95 0.0631203 -0.198321 0.208123
9.96 0.0522068 -0.200705 0.207383
9.97 0.0412149 -0.202478 0.20663
9.98 0.0301785 -0.203638 0.205862
9.99 0.0191302 -0.204188 0.205082
10 0.00810386 -0.204129 0.20429
10.01 -0.00286837 -0.203465 0.203485
10.02 -0.0137534 -0.202203 0.20267
10.03 -0.0245204 -0.200349 0.201844
10.04 -0.035137 -0.197916 0.20101
10.05 -0.0455734 -0.194911 0.200168
10.06 -0.0557997 -0.19135 0.19932
10.07 -0.0657864 -0.187246 0.198467
10.08 -0.0755056 -0.182616 0.19761
10.09 -0.0849312 -0.177477 0.196752
10.1 -0.0940364 -0.171847 0.195893
10.11 -0.102797 -0.165747 0.195036
10.12 -0.111189 -0.159199 0.194183
10.13 -0.119191 -0.152224 0.193336
10.14 -0.126782 -0.144849 0.192496
10.15 -0.133943 -0.137095 0.191665
10.16 -0.140655 -0.12899 0.190846
10.17 -0.146902 -0.120562 0.19004
10.18 -0.152669 -0.111835 0.189249
10.19 -0.157944 -0.10284 0.188474
10.2 -0.162714 -0.0936055 0.187717
10.21 -0.166969 -0.0841592 0.18698
10.22 -0.170701 -0.0745323 0.186263
10.23 -0.173903 -0.0647546 0.185568
10.24 -0.17657 -0.0548563 0.184895
10.25 -0.178698 -0.0448674 0.184245
10.26 -0.180287 -0.0348187 0.183618
10.27 -0.181334 -0.024741 0.183014
10.28 -0.181843 -0.0146637 0.182433
10.29 -0.181816 -0.00461785 0.181874
10.3 -0.181257 0.00536737 0.181337
10.31 -0.180174 0.0152627 0.180819
10.32 -0.178574 0.0250389 0.180321
10.33 -0.176466 0.0346677 0.179839
10.34 -0.173861 0.0441222 0.179372
10.35 -0.17077 0.0533745 0.178917
10.36 -0.167209 0.0623996 0.178473
10.37 -0.16319 0.0711714 0.178035
10.38 -0.158731 0.0796669 0.177602
10.39 -0.153849 0.0878619 0.17717
10.4 -0.14856 0.0957347 0.176735
10.41 -0.142886 0.103264 0.176295
10.42 -0.136847 0.110432 0.175847
10.43 -0.130463 0.117218 0.175387
10.44 -0.123756 0.123606 0.174911
10.45 -0.11675 0.129579 0.174418
10.46 -0.109469 0.135125 0.173903
10.47 -0.101936 0.140229 0.173364
10.48 -0.0941752 0.14488 0.172798
10.49 -0.086213 0.149069 0.172204
10.5 -0.0780739 0.152785 0.171577
10.51 -0.0697842 0.156022 0.170918
10.52 -0.0613696 0.158776 0.170224
10.53 -0.0528562 0.161041 0.169493
10.54 -0.0442696 0.162815 0.168726
10.55 -0.0356367 0.164097 0.167922
10.56 -0.0269827 0.164887 0.16708
10.57 -0.0183339 0.165188 0.166202
10.58 -0.00971476 0.165001 0.165287
10.59 -0.00115139 0.164334 0.164338
10.6 0.00733216 0.16319 0.163354
10.61 0.0157118 0.161578 0.16234
10.62 0.0239635 0.159507 0.161297
10.63 0.0320645 0.156987 0.160228
10.64 0.0399929 0.154029 0.159136
10.65 0.0477266 0.150646 0.158026
10.66 0.0552457 0.146851 0.156899
10.67 0.0625304 0.142659 0.155762
10.68 0.0695611 0.138086 0.154618
10.69 0.0763208 0.13315 0.153472
10.7 0.082792 0.127866 0.15233
10.71 0.0889599 0.122255 0.151196
10.72 0.0948085 0.116335 0.150075
10.73 0.100325 0.110127 0.148973
10.74 0.105497 0.103651 0.147896
10.75 0.110314 0.096929 0.146848
10.76 0.114765 0.089982 0.145834
10.77 0.118841 0.0828328 0.14486
10.78 0.122535 0.0755044 0.14393
10.79 0.125841 0.068019 0.143048
10.8 0.128754 0.0604006 0.142217
10.81 0.13127 0.0526718 0.141443
10.82 0.133385 0.0448565 0.140726
10.83 0.1351 0.0369776 0.140069
10.84 0.136413 0.0290592 0.139474
10.85 0.137326 0.0211243 0.138942
10.86 0.137841 0.0131958 0.138472
10.87 0.137963 0.00529679 0.138064
10.88 0.137694 -0.00254987 0.137718
10.89 0.137041 -0.0103232 0.137429
10.9 0.13601 -0.0180002 0.137196
10.91 0.13461 -0.0255607 0.137015
10.92 0.132849 -0.032983 0.136882
10.93 0.130737 -0.0402479 0.136792
10.94 0.128284 -0.0473358 0.136739
10.95 0.125502 -0.0542277 0.136716
10.96 0.122403 -0.0609057 0.136718
10.97 0.119 -0.067353 0.136738
10.98 0.115307 -0.0735526 0.136769
10.99 0.111338 -0.0794903 0.136802
11 0.107109 -0.0851508 0.136832
11.01 0.102634 -0.0905203 0.136849
11.02 0.0979303 -0.0955866 0.136847
11.03 0.0930136 -0.100338 0.136818
11.04 0.0879014 -0.104764 0.136756
11.05 0.0826099 -0.108855 0.136652
11.06 0.0771572 -0.112602 0.136501
11.07 0.0715605 -0.115998 0.136295
11.08 0.065838 -0.119036 0.136031
11.09 0.0600067 -0.121712 0.135701
11.1 0.0540854 -0.124021 0.135301
11.11 0.0480913 -0.125959 0.134827
11.12 0.042042 -0.127525 0.134277
11.13 0.0359552 -0.128718 0.133645
11.14 0.0298484 -0.129537 0.132931
11.15 0.0237388 -0.129983 0.132133
11.16 0.0176429 -0.13006 0.131251
11.17 0.0115777 -0.129769 0.130285
11.18 0.00555924 -0.129116 0.129235
11.19 -0.000396814 -0.128104 0.128104
11.2 -0.00627459 -0.12674 0.126895
11.21 -0.0120593 -0.12503 0.125611
11.22 -0.0177378 -0.122984 0.124256
11.23 -0.0232945 -0.120608 0.122837
11.24 -0.0287176 -0.117912 0.121359
11.25 -0.0339933 -0.114907 0.11983
11.26 -0.0391106 -0.111604 0.118258
11.27 -0.0440576 -0.108014 0.116653
11.28 -0.0488239 -0.104148 0.115024
11.29 -0.0533994 -0.10002 0.113382
11.3 -0.0577751 -0.0956444 0.11174
11.31 -0.061942 -0.0910335 0.110109
11.32 -0.0658931 -0.0862021 0.108502
11.33 -0.0696204 -0.081166 0.106934
11.34 -0.0731181 -0.075939 0.105418
11.35 -0.0763805 -0.0705381 0.103969
11.36 -0.0794027 -0.0649781 0.102601
11.37 -0.0821804 -0.0592758 0.101327
11.38 -0.0847102 -0.0534471 0.100162
11.39 -0.0869901 -0.0475092 0.0991181
11.4 -0.0890177 -0.0414781 0.0982068
11.41 -0.0907913 -0.0353709 0.097438
11.42 -0.0923111 -0.0292039 0.0968205
11.43 -0.0935769 -0.0229952 0.0963608
11.44 -0.094589 -0.01676 0.0960623
11.45 -0.0953504 -0.0105157 0.0959285
11.46 -0.0958615 -0.00427851 0.095957
11.47 -0.096126 0.00193476 0.0961455
11.48 -0.0961469 0.0081081 0.0964882
11.49 -0.0959286 0.0142256 0.0969776
11.5 -0.0954747 0.0202714 0.097603
11.51 -0.0947906 0.0262303 0.0983529
11.52 -0.0938814 0.0320874 0.0992135
11.53 -0.0927535 0.0378275 0.100171
11.54 -0.0914122 0.0434366 0.101207
11.55 -0.0898656 0.0489015 0.102309
11.56 -0.0881197 0.0542072 0.103458
11.57 -0.0861827 0.0593424 0.104637
11.58 -0.084062 0.0642936 0.10583
11.59 -0.0817657 0.0690495 0.107021
11.6 -0.0793022 0.0735979 0.108192
11.61 -0.0766801 0.077929 0.109329
11.62 -0.0739084 0.0820318 0.110416
11.63 -0.0709962 0.0858974 0.11144
11.64 -0.067952 0.0895158 0.112386
11.65 -0.0647854 0.0928796 0.113242
11.66 -0.0615067 0.0959796 0.113996
11.67 -0.0581238 0.0988101 0.114638
11.68 -0.0546475 0.101364 0.115156
11.69 -0.0510863 0.103635 0.115543
11.7 -0.0474504 0.105619 0.115788
11.71 -0.0439007 0.107649 0.116257
11.72 -0.0404359 0.109727 0.116941
11.73 -0.0370529 0.111855 0.117832
11.74 -0.0337503 0.114033 0.118923
11.75 -0.0305255 0.116265 0.120206
11.76 -0.0273774 0.118551 0.121671
11.77 -0.0243025 0.120892 0.123311
11.78 -0.0213004 0.123291 0.125118
11.79 -0.0183684 0.125747 0.127082
11.8 -0.0155049 0.128263 0.129197
11.81 -0.0127078 0.130839 0.131454
11.82 -0.00997535 0.133475 0.133847
11.83 -0.00730611 0.136173 0.136368
11.84 -0.00469816 0.138933 0.139012
11.85 -0.00214954 0.141756 0.141772
11.86 0.000341024 0.144642 0.144642
11.87 0.00277537 0.147591 0.147617
11.88 0.00515514 0.150604 0.150693
11.89 0.00748069 0.153681 0.153863
11.9 0.00975492 0.156822 0.157125
11.91 0.0119783 0.160026 0.160474
11.92 0.0141523 0.163293 0.163906
11.93 0.0162779 0.166624 0.167417
11.94 0.0183569 0.170017 0.171005
11.95 0.0203895 0.173473 0.174667
11.96 0.0223771 0.176989 0.178398
11.97 0.0243202 0.180567 0.182197
11.98 0.0262204 0.184204 0.186061
11.99 0.0280772 0.1879 0.189986
12 0.0298925 0.191652 0.19397
12.01 0.0316659 0.195462 0.19801
12.02 0.0333982 0.199326 0.202105
12.03 0.0350901 0.203244 0.206251
12.04 0.0367416 0.207213 0.210445
12.05 0.0383528 0.211233 0.214687
12.06 0.0399237 0.215301 0.218971
12.07 0.0414545 0.219415 0.223297
12.08 0.0429454 0.223573 0.227661
12.09 0.0443959 0.227775 0.232061
12.1 0.0458052 0.232015 0.236493
12.11 0.0471744 0.236293 0.240956
12.12 0.0485013 0.240607 0.245447
12.13 0.0497865 0.244953 0.249961
12.14 0.0510286 0.249329 0.254497
12.15 0.0522274 0.253732 0.259051
12.16 0.0533813 0.258159 0.26362
12.17 0.0544904 0.262607 0.268201
12.18 0.0555527 0.267073 0.27279
12.19 0.0565677 0.271555 0.277384
12.2 0.0575338 0.276048 0.28198
12.21 0.0584507 0.280549 0.286573
12.22 0.0593157 0.285055 0.291161
12.23 0.0601278 0.289562 0.295739
12.24 0.060886 0.294068 0.300305
12.25 0.0615879 0.298567 0.304853
12.26 0.0622328 0.303057 0.309381
12.27 0.0628181 0.307533 0.313884
12.28 0.0633425 0.311993 0.318358
12.29 0.0638038 0.316431 0.322799
12.3 0.0642002 0.320844 0.327204
12.31 0.0645296 0.325228 0.331568
12.32 0.0647903 0.32958 0.335888
12.33 0.0649792 0.333893 0.340157
12.34 0.0650957 0.338165 0.344374
12.35 0.0651362 0.342392 0.348533
12.36 0.0650992 0.346569 0.35263
12.37 0.064982 0.350693 0.356663
12.38 0.0647832 0.354758 0.360625
12.39 0.064499 0.358762 0.364513
12.4 0.0641281 0.362699 0.368324
12.41 0.0636673 0.366565 0.372053
12.42 0.0631152 0.370357 0.375696
12.43 0.0624682 0.374069 0.37925
12.44 0.0617249 0.377698 0.382709
12.45 0.0608821 0.381241 0.386072
12.46 0.059937 0.384692 0.389333
12.47 0.0588881 0.388048 0.39249
12.48 0.057732 0.391303 0.395539
12.49 0.0564665 0.394456 0.398477
12.5 0.0550892 0.397501 0.4013
12.51 0.0535976 0.400434 0.404005
12.52 0.0519893 0.403251 0.406589
12.53 0.0502619 0.40595 0.40905
12.54 0.0484126 0.408525 0.411383
12.55 0.0464404 0.410973 0.413589
12.56 0.0443411 0.413291 0.415663
12.57 0.0421138 0.415474 0.417603
12.58 0.0397557 0.41752 0.419409
12.59 0.0372651 0.419424 0.421076
12.6 0.0346395 0.421184 0.422606
12.61 0.0318777 0.422795 0.423995
12.62 0.0289768 0.424255 0.425244
12.63 0.0259356 0.425561 0.42635
12.64 0.022752 0.426709 0.427315
12.65 0.0194249 0.427696 0.428137
12.66 0.0159522 0.42852 0.428817
12.67 0.0123326 0.429177 0.429354
12.68 0.00856572 0.429665 0.42975
12.69 0.004649 0.429981 0.430006
12.7 0.000582438 0.430123 0.430123
12.71 -0.0036352 0.430088 0.430103
12.72 -0.00800456 0.429875 0.429949
12.73 -0.0125264 0.429479 0.429662
12.74 -0.017201 0.428901 0.429246
12.75 -0.022029 0.428138 0.428704
12.76 -0.0270097 0.427188 0.428041
12.77 -0.0321441 0.426049 0.427259
12.78 -0.0374306 0.424719 0.426365
12.79 -0.0428702 0.423199 0.425365
12.8 -0.0484619 0.421485 0.424262
12.81 -0.0542047 0.419578 0.423064
12.82 -0.0600977 0.417475 0.421779
12.83 -0.0661403 0.415177 0.420412
12.84 -0.0723304 0.412682 0.418972
12.85 -0.0786669 0.40999 0.417469
12.86 -0.0851478 0.4071 0.415909
12.87 -0.0917717 0.404013 0.414305
12.88 -0.0985359 0.400727 0.412664
12.89 -0.105438 0.397245 0.410999
12.9 -0.112477 0.393564 0.409321
12.91 -0.119647 0.389686 0.40764
12.92 -0.126949 0.385611 0.40597
12.93 -0.134377 0.381341 0.404324
12.94 -0.141928 0.376875 0.402714
12.95 -0.149599 0.372216 0.401154
12.96 -0.157387 0.367363 0.399658
12.97 -0.165287 0.362319 0.398239
12.98 -0.173296 0.357084 0.396914
12.99 -0.181408 0.351661 0.395694
13 -0.18962 0.346051 0.394597
13.01 -0.197926 0.340255 0.393634
13.02 -0.206322 0.334277 0.392823
13.03 -0.214802 0.328117 0.392175
13.04 -0.223361 0.32178 0.391704
13.05 -0.231994 0.315266 0.391425
13.06 -0.240694 0.308579 0.39135
13.07 -0.249457 0.301721 0.39149
13.08 -0.258275 0.294696 0.391857
13.09 -0.267143 0.287506 0.39246
13.1 -0.276053 0.280155 0.393309
13.11 -0.285001 0.272646 0.394412
13.12 -0.293977 0.264982 0.395775
13.13 -0.302976 0.257167 0.397403
13.14 -0.311991 0.249204 0.399301
13.15 -0.321015 0.241098 0.401471
13.16 -0.330039 0.232853 0.403914
13.17 -0.339057 0.224472 0.406629
13.18 -0.34806 0.215959 0.409615
13.19 -0.357042 0.20732 0.412869
13.2 -0.365992 0.198558 0.416384
13.21 -0.374906 0.189679 0.420157
13.22 -0.383772 0.180685 0.424179
13.23 -0.392584 0.171584 0.428443
13.24 -0.401332 0.162379 0.432937
13.25 -0.410009 0.153075 0.437652
13.26 -0.418606 0.143678 0.442577
13.27 -0.427115 0.134192 0.447699
13.28 -0.435526 0.124624 0.453005
13.29 -0.44383 0.114978 0.458482
13.3 -0.45202 0.10526 0.464114
13.31 -0.460087 0.0954756 0.469889
13.32 -0.468021 0.0856301 0.47579
13.33 -0.475813 0.0757299 0.481802
13.34 -0.483456 0.0657804 0.48791
13.35 -0.490938 0.0557873 0.494098
13.36 -0.498254 0.0457574 0.50035
13.37 -0.505392 0.0356962 0.506651
13.38 -0.512345 0.0256097 0.512985
13.39 -0.519103 0.0155046 0.519335
13.4 -0.52566 0.00538741 0.525687
13.41 -0.532004 -0.00473656 0.532025
13.42 -0.538128 -0.01486 0.538334
13.43 -0.544024 -0.0249771 0.544598
13.44 -0.549684 -0.0350803 0.550802
13.45 -0.555099 -0.0451645 0.556933
13.46 -0.56026 -0.0552216 0.562975
13.47 -0.565162 -0.0652461 0.568915
13.48 -0.569795 -0.0752312 0.57474
13.49 -0.574151 -0.0851701 0.580434
13.5 -0.578224 -0.0950559 0.585986
13.51 -0.582007 -0.104883 0.591382
13.52 -0.585492 -0.114643 0.59661
13.53 -0.588673 -0.12433 0.601659
13.54 -0.591541 -0.133938 0.606515
13.55 -0.594093 -0.14346 0.611169
13.56 -0.596321 -0.152889 0.615608
13.57 -0.59822 -0.162218 0.619823
13.58 -0.599782 -0.171441 0.623804
13.59 -0.601004 -0.180552 0.627539
13.6 -0.601881 -0.189543 0.63102
13.61 -0.602406 -0.198409 0.634239
13.62 -0.602576 -0.207142 0.637186
13.63 -0.602387 -0.215737 0.639854
13.64 -0.601834 -0.224187 0.642234
13.65 -0.600914 -0.232486 0.644319
13.66 -0.599623 -0.240628 0.646103
13.67 -0.597958 -0.248606 0.647579
13.68 -0.595917 -0.256415 0.648742
13.69 -0.593496 -0.264049 0.649584
13.7 -0.590695 -0.271501 0.650102
13.71 -0.587511 -0.278766 0.650291
13.72 -0.583942 -0.285838 0.650148
13.73 -0.579988 -0.292711 0.649666
13.74 -0.575649 -0.299381 0.648846
13.75 -0.570923 -0.305841 0.647681
13.76 -0.565811 -0.312086 0.646173
13.77 -0.560312 -0.318111 0.644317
13.78 -0.55443 -0.323911 0.642114
13.79 -0.548163 -0.329482 0.639563
13.8 -0.541513 -0.334817 0.636663
13.81 -0.534484 -0.339913 0.633415
13.82 -0.527077 -0.344765 0.62982
13.83 -0.519294 -0.349369 0.62588
13.84 -0.511139 -0.35372 0.621596
13.85 -0.502616 -0.357816 0.616972
13.86 -0.493727 -0.36165 0.612011
13.87 -0.484478 -0.36522 0.606716
13.88 -0.474872 -0.368522 0.601092
13.89 -0.464916 -0.371553 0.595146
13.9 -0.454614 -0.37431 0.588882
13.91 -0.443972 -0.376789 0.582307
13.92 -0.432997 -0.378988 0.575429
13.93 -0.421694 -0.380904 0.568255
13.94 -0.410071 -0.382535 0.560795
13.95 -0.398136 -0.383878 0.553059
13.96 -0.385895 -0.384931 0.545057
13.97 -0.373357 -0.385693 0.5368
13.98 -0.36053 -0.386163 0.528302
13.99 -0.347423 -0.386337 0.519576
14 -0.334045 -0.386217 0.510636
14.01 -0.320404 -0.3858 0.501498
14.02 -0.306513 -0.385087 0.49218
14.03 -0.292378 -0.384076 0.4827
14.04 -0.278012 -0.382767 0.473076
14.05 -0.263424 -0.381161 0.463332
14.06 -0.248626 -0.379259 0.453489
14.07 -0.233629 -0.37706 0.443572
14.08 -0.218444 -0.374565 0.433609
14.09 -0.203082 -0.371777 0.423628
14.1 -0.187557 -0.368695 0.413659
14.11 -0.171878 -0.365322 0.403735
14.12 -0.156061 -0.361659 0.393893
14.13 -0.140115 -0.357709 0.384172
14.14 -0.124054 -0.353474 0.374611
14.15 -0.107892 -0.348958 0.365256
14.16 -0.0916402 -0.344162 0.356154
14.17 -0.075312 -0.339091 0.347354
14.18 -0.0589218 -0.333747 0.338908
14.19 -0.042482 -0.328135 0.330873
14.2 -0.0260063 -0.322258 0.323305
14.21 -0.00950842 -0.31612 0.316263
14.22 0.00699844 -0.309727 0.309806
14.23 0.0235 -0.303083 0.303993
14.24 0.0399833 -0.296193 0.298879
14.25 0.056434 -0.289062 0.294519
14.26 0.0728386 -0.281696 0.290961
14.27 0.0891833 -0.274101 0.288244
14.28 0.105455 -0.266281 0.286402
14.29 0.121638 -0.258245 0.285458
14.3 0.137721 -0.249998 0.285423
14.31 0.153248 -0.240747 0.285384
14.32 0.168157 -0.230529 0.285343
14.33 0.182387 -0.219386 0.285298
14.34 0.195882 -0.207362 0.285252
14.35 0.208585 -0.194505 0.285202
14.36 0.220446 -0.180868 0.285149
14.37 0.231417 -0.166506 0.285093
14.38 0.241453 -0.151477 0.285035
14.39 0.250513 -0.13584 0.284973
14.4 0.258561 -0.119662 0.284909
14.41 0.265565 -0.103005 0.284841
14.42 0.271494 -0.0859391 0.284771
14.43 0.276327 -0.0685317 0.284698
14.44 0.280041 -0.0508545 0.284621
14.45 0.282625 -0.0329783 0.284542
14.46 0.284065 -0.0149764 0.284459
14.47 0.284357 0.00307774 0.284374
14.48 0.2835 0.0211114 0.284285
14.49 0.281498 0.0390513 0.284194
14.5 0.278358 0.0568239 0.284099
14.51 0.274094 0.0743577 0.284001
14.52 0.268723 0.0915813 0.2839
14.53 0.262268 0.108424 0.283796
14.54 0.254754 0.124818 0.283689
14.55 0.246214 0.140697 0.283579
14.56 0.236681 0.155995 0.283465
14.57 0.226195 0.170651 0.283348
14.58 0.2148 0.184606 0.283229
14.59 0.202541 0.197802 0.283106
14.6 0.18947 0.210187 0.28298
14.61 0.17564 0.221709 0.28285
14.62 0.161108 0.232322 0.282718
14.63 0.145932 0.241984 0.282581
14.64 0.130177 0.250654 0.282442
14.65 0.113906 0.2583 0.2823
14.66 0.0971866 0.264888 0.282154
14.67 0.0800867 0.270394 0.282005
14.68 0.0626773 0.274796 0.281853
14.69 0.0450291 0.278076 0.281698
14.7 0.0272147 0.280221 0.281539
14.71 0.0093072 0.281223 0.281377
14.72 -0.00861952 0.28108 0.281212
14.73 -0.0264934 0.279793 0.281044
14.74 -0.0442399 0.277367 0.280872
14.75 -0.0617868 0.273814 0.280698
14.76 -0.0790628 0.269148 0.28052
14.77 -0.0959967 0.263391 0.28034
14.78 -0.11252 0.256566 0.280155
14.79 -0.128564 0.248704 0.279968
14.8 -0.144065 0.239835 0.279778
14.81 -0.158959 0.229999 0.279584
14.82 -0.173185 0.219235 0.279387
14.83 -0.186686 0.207591 0.279188
14.84 -0.199407 0.195113 0.278984
14.85 -0.211295 0.181855 0.278778
14.86 -0.222305 0.167872 0.278569
14.87 -0.232391 0.153221 0.278356
14.88 -0.241512 0.137964 0.278141
14.89 -0.249633 0.122164 0.277922
14.9 -0.25672 0.105887 0.2777
14.91 -0.262747 0.0892008 0.277476
14.92 -0.267689 0.0721741 0.277248
14.93 -0.271527 0.0548774 0.277017
14.94 -0.274247 0.0373826 0.276783
14.95 -0.275839 0.0197611 0.276546
14.96 -0.276298 0.0020872 0.276306
14.97 -0.275624 -0.015568 0.276063
14.98 -0.27382 -0.0331302 0.275817
14.99 -0.270896 -0.0505279 0.275568
15 -0.266865 -0.0676888 0.275316
15.01 -0.261746 -0.0845432 0.275061
15.02 -0.25556 -0.101022 0.274803
15.03 -0.248336 -0.117056 0.274542
15.04 -0.240105 -0.132582 0.274277
15.05 -0.230901 -0.147535 0.274011
15.06 -0.220764 -0.161855 0.27374
15.07 -0.209738 -0.175482 0.273467
15.08 -0.19787 -0.188363 0.273191
15.09 -0.18521 -0.200444 0.272911
15.1 -0.171812 -0.211678 0.272629
15.11 -0.157732 -0.222018 0.272344
15.12 -0.14303 -0.231424 0.272056
15.13 -0.127768 -0.239857 0.271765
15.14 -0.112009 -0.247286 0.271471
15.15 -0.0958208 -0.25368 0.271173
15.16 -0.0792701 -0.259015 0.270873
15.17 -0.0624267 -0.263269 0.27057
15.18 -0.0453613 -0.26643 0.270264
15.19 -0.028144 -0.268483 0.269954
15.2 -0.0108484 -0.269423 0.269641
15.21 0.00645531 -0.269249 0.269326
15.22 0.0236938 -0.267962 0.269008
15.23 0.0407965 -0.265571 0.268686
15.24 0.0576918 -0.262086 0.268361
15.25 0.0743104 -0.257526 0.268033
15.26 0.0905829 -0.251911 0.267702
15.27 0.106443 -0.245266 0.267368
15.28 0.121825 -0.237622 0.267031
15.29 0.136666 -0.229012 0.266691
15.3 0.150905 -0.219474 0.266347
15.31 0.164484 -0.20905 0.266001
15.32 0.177348 -0.197784 0.265652
15.33 0.189445 -0.185727 0.2653
15.34 0.200726 -0.172929 0.264944
15.35 0.211145 -0.159447 0.264586
15.36 0.220661 -0.145338 0.264224
15.37 0.229236 -0.130661 0.263859
15.38 0.236838 -0.115481 0.263492
15.39 0.243434 -0.0998614 0.263121
15.4 0.249003 -0.0838683 0.262747
15.41 0.25352 -0.0675696 0.26237
15.42 0.256972 -0.0510352 0.261991
15.43 0.259345 -0.0343337 0.261608
15.44 0.260633 -0.0175363 0.261222
15.45 0.260832 -0.000713028 0.260833
15.46 0.259946 0.016065 0.260442
15.47 0.25798 0.0327285 0.260048
15.48 0.254945 0.0492073 0.25965
15.49 0.250857 0.0654334 0.25925
15.5 0.245736 0.0813384 0.258847
15.51 0.239606 0.0968579 0.258442
15.52 0.232494 0.111926 0.258033
15.53 0.224435 0.126483 0.257622
15.54 0.215464 0.140467 0.257208
15.55 0.205622 0.153822 0.256791
15.56 0.194952 0.166493 0.256372
15.57 0.183502 0.17843 0.255949
15.58 0.17132 0.189584 0.255524
15.59 0.158463 0.19991 0.255097
15.6 0.144983 0.209367 0.254666
15.61 0.130942 0.217919 0.254233
15.62 0.116399 0.225531 0.253797
15.63 0.101417 0.232175 0.253358
15.64 0.0860603 0.237826 0.252918
15.65 0.0703946 0.242462 0.252474
15.66 0.0544871 0.246068 0.252029
15.67 0.0384054 0.248631 0.25158
15.68 0.0222177 0.250144 0.251129
15.69 0.00599239 0.250603 0.250675
15.7 -0.0102015 0.250011 0.250219
15.71 -0.0262959 0.248372 0.24976
15.72 -0.0422234 0.245697 0.249299
15.73 -0.0579177 0.242001 0.248835
15.74 -0.0733118 0.237302 0.248369
15.75 -0.0883438 0.231625 0.2479
15.76 -0.10295 0.224994 0.247429
15.77 -0.11707 0.217443 0.246955
15.78 -0.130646 0.209006 0.246479
15.79 -0.143623 0.199722 0.246
15.8 -0.155946 0.189632 0.245519
15.81 -0.167568 0.178782 0.245035
15.82 -0.178441 0.167222 0.244549
15.83 -0.188521 0.155002 0.244061
15.84 -0.197768 0.142175 0.243569
15.85 -0.206147 0.128801 0.243076
15.86 -0.213624 0.114935 0.24258
15.87 -0.220171 0.100639 0.242082
15.88 -0.225764 0.0859756 0.241581
15.89 -0.230383 0.0710081 0.241078
15.9 -0.234011 0.0558011 0.240572
15.91 -0.236637 0.04042 0.240064
15.92 -0.238253 0.0249308 0.239554
15.93 -0.238856 0.00940001 0.23904
15.94 -0.238447 -0.00610651 0.238525
15.95 -0.237032 -0.0215227 0.238007
15.96 -0.234621 -0.0367824 0.237487
15.97 -0.231228 -0.0518232 0.236964
15.98 -0.226871 -0.0665796 0.236439
15.99 -0.221573 -0.0809915 0.235911
16 -0.215359 -0.0949983 0.235381
16.01 -0.208261 -0.108542 0.234849
16.02 -0.200312 -0.121566 0.234314
16.03 -0.191549 -0.134019 0.233778
16.04 -0.182013 -0.145847 0.233238
16.05 -0.171748 -0.157005 0.232697
16.06 -0.1608 -0.167446 0.232153
16.07 -0.149221 -0.177129 0.231607
16.08 -0.137061 -0.186017 0.231059
16.09 -0.124375 -0.194074 0.230508
16.1 -0.11122 -0.20127 0.229956
16.11 -0.097653 -0.207578 0.229401
16.12 -0.0837348 -0.212974 0.228844
16.13 -0.069527 -0.217439 0.228285
16.14 -0.0550906 -0.220959 0.227724
16.15 -0.0404894 -0.223523 0.22716
16.16 -0.0257856 -0.225123 0.226595
16.17 -0.0110439 -0.225757 0.226027
16.18 0.00367306 -0.225429 0.225459
16.19 0.0183027 -0.224141 0.224887
16.2 0.0327818 -0.221906 0.224314
16.21 0.0470498 -0.218736 0.223739
16.22 0.0610459 -0.21465 0.223162
16.23 0.0747119 -0.20967 0.222584
16.24 0.0879899 -0.203822 0.222003
16.25 0.100826 -0.197133 0.221421
16.26 0.113166 -0.189638 0.220837
16.27 0.12496 -0.181372 0.220252
16.28 0.136159 -0.172374 0.219664
16.29 0.14672 -0.162688 0.219076
16.3 0.156598 -0.152356 0.218484
16.31 0.165755 -0.141429 0.217892
16.32 0.174156 -0.129954 0.217297
16.33 0.181767 -0.117985 0.216702
16.34 0.18856 -0.105575 0.216104
16.35 0.19451 -0.0927801 0.215505
16.36 0.199596 -0.0796569 0.214905
16.37 0.2038 -0.0662646 0.214303
16.38 0.207109 -0.052661 0.213699
16.39 0.209511 -0.0389071 0.213093
16.4 0.211004 -0.0250618 0.212487
16.41 0.211583 -0.0111862 0.211878
16.42 0.211252 0.00265978 0.211269
16.43 0.210017 0.0164173 0.210658
16.44 0.207888 0.0300268 0.210045
16.45 0.204878 0.0434304 0.209431
16.46 0.201007 0.0565711 0.208816
16.47 0.196293 0.0693939 0.208199
16.48 0.190764 0.0818443 0.20758
16.49 0.184447 0.093871 0.20696
16.5 0.177374 0.105424 0.206338
16.51 0.169579 0.116456 0.205716
16.52 0.1611 0.126922 0.205091
16.53 0.151979 0.13678 0.204466
16.54 0.142257 0.14599 0.203839
16.55 0.131981 0.154517 0.20321
16.56 0.121198 0.162326 0.20258
16.57 0.109958 0.169389 0.201949
16.58 0.0983121 0.175679 0.201316
16.59 0.0863142 0.181172 0.200683
16.6 0.0740174 0.185851 0.200047
16.61 0.0614777 0.189698 0.199411
16.62 0.0487496 0.192703 0.198774
16.63 0.0358913 0.194857 0.198135
16.64 0.0229586 0.196156 0.197495
16.65 0.0100083 0.196599 0.196853
16.66 -0.00290291 0.196189 0.196211
16.67 -0.015719 0.194934 0.195567
16.68 -0.028385 0.192844 0.194922
16.69 -0.0408463 0.189933 0.194276
16.7 -0.0530501 0.18622 0.193629
16.71 -0.0649447 0.181724 0.192981
16.72 -0.0764798 0.176472 0.192332
16.73 -0.0876083 0.170489 0.191681
16.74 -0.0982825 0.163807 0.19103
16.75 -0.108461 0.156461 0.190378
16.76 -0.1181 0.148485 0.189725
16.77 -0.127163 0.139919 0.189071
16.78 -0.135613 0.130804 0.188416
16.79 -0.143417 0.121184 0.187761
16.8 -0.150546 0.111103 0.187104
16.81 -0.156972 0.100609 0.186447
16.82 -0.162673 0.0897503 0.185789
16.83 -0.167627 0.0785776 0.185131
16.84 -0.171819 0.0671401 0.184471
16.85 -0.175235 0.0554918 0.183811
16.86 -0.177865 0.0436832 0.183151
16.87 -0.179703 0.0317682 0.18249
16.88 -0.180747 0.0197994 0.181828
16.89 -0.180997 0.00782967 0.181166
16.9 -0.180457 -0.00408915 0.180503
16.91 -0.179135 -0.0159039 0.17984
16.92 -0.177043 -0.0275646 0.179176
16.93 -0.174195 -0.0390206 0.178512
16.94 -0.170609 -0.0502233 0.177848
16.95 -0.166305 -0.0611258 0.177183
16.96 -0.161309 -0.0716811 0.176518
16.97 -0.155645 -0.0818472 0.175853
16.98 -0.149344 -0.0915804 0.175187
16.99 -0.142438 -0.100842 0.174521
17 -0.134962 -0.109594 0.173855
17.01 -0.126952 -0.117802 0.173188
17.02 -0.118448 -0.125434 0.172522
17.03 -0.109491 -0.132461 0.171855
17.04 -0.100123 -0.138855 0.171188
17.05 -0.0903886 -0.144593 0.170521
17.06 -0.0803327 -0.149655 0.169853
17.07 -0.0700034 -0.154023 0.169185
17.08 -0.0594464 -0.157684 0.168517
17.09 -0.0487113 -0.160625 0.167849
17.1 -0.0378465 -0.162841 0.167181
17.11 -0.0269009 -0.164325 0.166513
17.12 -0.0159224 -0.165078 0.165844
17.13 -0.00496127 -0.165101 0.165176
17.14 0.00593563 -0.1644 0.164507
17.15 0.0167197 -0.162983 0.163839
17.16 0.0273446 -0.160863 0.16317
17.17 0.0377644 -0.158052 0.162501
17.18 0.0479342 -0.154571 0.161833
17.19 0.0578119 -0.150438 0.161164
17.2 0.0673549 -0.145677 0.160495
17.21 0.0765245 -0.140315 0.159826
17.22 0.0852823 -0.13438 0.159157
17.23 0.0935931 -0.127902 0.158488
17.24 0.101423 -0.120914 0.157819
17.25 0.108742 -0.113453 0.15715
17.26 0.11552 -0.105553 0.156481
17.27 0.121734 -0.0972552 0.155813
17.28 0.127358 -0.0885978 0.155144
17.29 0.132374 -0.0796239 0.154476
17.3 0.136763 -0.0703739 0.153807
17.31 0.140512 -0.0608927 0.153139
17.32 0.14361 -0.0512235 0.152471
17.33 0.146046 -0.0414115 0.151804
17.34 0.147817 -0.0315007 0.151137
17.35 0.14892 -0.0215373 0.15047
17.36 0.149356 -0.0115644 0.149803
17.37 0.149128 -0.00162776 0.149137
17.38 0.148243 0.00822947 0.148471
17.39 0.146709 0.0179635 0.147805
17.4 0.144542 0.0275323 0.14714
17.41 0.141753 0.0368949 0.146475
17.42 0.138361 0.0460103 0.145811
17.43 0.134388 0.0548411 0.145147
17.44 0.129855 0.0633498 0.144484
17.45 0.124788 0.0715015 0.143821
17.46 0.119214 0.0792624 0.143159
17.47 0.113162 0.0866024 0.142498
17.48 0.106663 0.0934912 0.141837
17.49 0.0997511 0.0999033 0.141177
17.5 0.0924595 0.105813 0.140517
17.51 0.0848251 0.111199 0.139859
17.52 0.076884 0.116042 0.139201
17.53 0.0686759 0.120324 0.138544
17.54 0.0602385 0.124033 0.137887
17.55 0.0516122 0.127156 0.137232
17.56 0.0428369 0.129685 0.136577
17.57 0.0339542 0.131614 0.135923
17.58 0.0250033 0.132939 0.13527
17.59 0.0160263 0.13366 0.134618
17.6 0.00706268 0.13378 0.133966
17.61 -0.00184645 0.133303 0.133316
17.62 -0.0106628 0.132237 0.132666
17.63 -0.0193472 0.130592 0.132017
17.64 -0.0278614 0.128381 0.13137
17.65 -0.0361698 0.12562 0.130723
17.66 -0.0442365 0.122324 0.130077
17.67 -0.0520274 0.118515 0.129432
17.68 -0.05951 0.114215 0.128788
17.69 -0.0666543 0.109446 0.128145
17.7 -0.0734302 0.104236 0.127503
17.71 -0.0798122 0.098611 0.126863
17.72 -0.0857736 0.0926011 0.126222
17.73 -0.0912936 0.0862369 0.125584
17.74 -0.0963494 0.0795496 0.124945
17.75 -0.100924 0.0725739 0.124309
17.76 -0.105001 0.0653428 0.123672
17.77 -0.108567 0.057892 0.123037
17.78 -0.111609 0.0502567 0.122403
17.79 -0.114122 0.0424743 0.12177
17.8 -0.116097 0.0345799 0.121138
17.81 -0.117531 0.0266118 0.120506
17.82 -0.118424 0.0186052 0.119876
17.83 -0.118775 0.0105983 0.119247
17.84 -0.11859 0.00262573 0.118619
17.85 -0.117873 -0.00527558 0.117991
17.86 -0.116635 -0.0130707 0.117366
17.87 -0.114886 -0.0207261 0.116741
17.88 -0.112639 -0.0282078 0.116117
17.89 -0.109908 -0.0354838 0.115494
17.9 -0.106712 -0.0425237 0.114873
17.91 -0.103069 -0.0492977 0.114252
17.92 -0.0990012 -0.055777 0.113632
17.93 -0.0945307 -0.0619366 0.113014
17.94 -0.0896824 -0.0677502 0.112397
17.95 -0.0844822 -0.0731968 0.111781
17.96 -0.0789571 -0.0782536 0.111166
17.97 -0.0731364 -0.0829032 0.110553
17.98 -0.0670488 -0.0871284 0.10994
17.99 -0.0607254 -0.0909142 0.10933
18 -0.0541971 -0.0942476 0.10872
18.01 -0.0474962 -0.0971196 0.108112
18.02 -0.0406542 -0.099521 0.107504
18.03 -0.0337054 -0.101446 0.106899
18.04 -0.0266807 -0.102892 0.106295
18.05 -0.0196145 -0.103856 0.105692
18.06 -0.0125378 -0.104341 0.105092
18.07 -0.0054843 -0.104348 0.104492
18.08 0.00151469 -0.103883 0.103894
18.09 0.00842823 -0.102953 0.103297
18.1 0.0152251 -0.101567 0.102702
18.11 0.0218753 -0.0997376 0.102108
18.12 0.028351 -0.0974775 0.101517
18.13 0.0346245 -0.0948008 0.100926
18.14 0.0406683 -0.091726 0.100337
18.15 0.0464592 -0.0882703 0.0997502
18.16 0.0519716 -0.0844544 0.0991645
18.17 0.0571855 -0.0802995 0.0985809
18.18 0.0620783 -0.0758283 0.0979981
18.19 0.0666328 -0.0710654 0.0974178
18.2 0.0708315 -0.066035 0.0968386
18.21 0.0746594 -0.0607639 0.0962615
18.22 0.0781027 -0.0552787 0.0956858
18.23 0.0811512 -0.0496071 0.0951125
18.24 0.0837942 -0.043776 0.09454
18.25 0.0860248 -0.037816 0.0939698
18.26 0.0878377 -0.0317537 0.093401
18.27 0.0892286 -0.02562 0.0928339
18.28 0.090197 -0.0194422 0.0922686
18.29 0.0907422 -0.0132507 0.0917046
18.3 0.0908681 -0.00707325 0.091143
18.31 0.0905775 -0.000937769 0.0905823
18.32 0.0898776 0.00512761 0.0900238
18.33 0.0887759 0.0110955 0.0894666
18.34 0.0872829 0.0169403 0.0889117
18.35 0.0854087 0.0226363 0.0883575
18.36 0.0831681 0.0281583 0.0878056
18.37 0.0805746 0.0334843 0.0872552
18.38 0.0776453 0.0385906 0.0867066
18.39 0.074397 0.043458 0.0861598
18.4 0.0708489 0.0480653 0.0856144
18.41 0.0670212 0.0523956 0.0850714
18.42 0.062934 0.0564317 0.0845294
18.43 0.05861 0.0601587 0.0839893
18.44 0.0540723 0.0635628 0.0834508
18.45 0.0493443 0.0666331 0.0829146
18.46 0.0444496 0.0693584 0.0823793
18.47 0.0394143 0.071731 0.0818464
18.48 0.0342617 0.0737446 0.081315
18.49 0.0290188 0.0753937 0.0807855
18.5 0.0237093 0.0766757 0.0802576
18.51 0.01836 0.0775886 0.0797313
18.52 0.0129958 0.078134 0.0792074
18.53 0.00764151 0.0783127 0.0786846
18.54 0.00232209 0.0781294 0.0781639
18.55 -0.00293813 0.0775895 0.0776451
18.56 -0.0081162 0.0767006 0.0771288
18.57 -0.0131887 0.0754698 0.0766135
18.58 -0.0181331 0.073909 0.0761009
18.59 -0.0229296 0.0720283 0.0755899
18.6 -0.0275559 0.0698414 0.075081
18.61 -0.0319944 0.0673618 0.0745739
18.62 -0.0362257 0.0646053 0.0740685
18.63 -0.0402341 0.0615888 0.073566
18.64 -0.0440029 0.0583284 0.0730648
18.65 -0.0475184 0.0548435 0.0725659
18.66 -0.0507672 0.0511528 0.0720688
18.67 -0.0537386 0.0472763 0.0715744
18.68 -0.0564211 0.0432339 0.071081
18.69 -0.058807 0.0390482 0.0705906
18.7 -0.0608892 0.0347384 0.0701018
18.71 -0.0626616 0.0303284 0.0696153
18.72 -0.0641207 0.0258382 0.0691309
18.73 -0.0652633 0.021291 0.0686484
18.74 -0.0660897 0.0167078 0.0681689
18.75 -0.0665986 0.0121107 0.0676908
18.76 -0.066793 0.00752139 0.0672151
18.77 -0.0666756 0.00296116 0.0667414
18.78 -0.0662522 -0.0015498 0.0662703
18.79 -0.0655272 -0.00599049 0.0658005
18.8 -0.0645101 -0.0103408 0.0653337
18.81 -0.063208 -0.0145834 0.0648686
18.82 -0.0616319 -0.018698 0.0644058
18.83 -0.0597922 -0.0226686 0.0639451
18.84 -0.0577011 -0.0264775 0.063486
18.85 -0.0553724 -0.0301104 0.0630297
18.86 -0.0528194 -0.0335517 0.0625748
18.87 -0.0500581 -0.0367882 0.0621223
18.88 -0.0471038 -0.0398076 0.0616718
18.89 -0.0439731 -0.0425996 0.0612238
18.9 -0.0406825 -0.0451531 0.0607772
18.91 -0.0372512 -0.0474603 0.0603335
18.92 -0.033695 -0.0495139 0.0598914
18.93 -0.0300342 -0.0513072 0.0594515
18.94 -0.0262862 -0.052836 0.0590136
18.95 -0.0224707 -0.0540959 0.0585773
18.96 -0.0186059 -0.0550863 0.0581437
18.97 -0.0147107 -0.055805 0.0577114
18.98 -0.0108043 -0.0562534 0.0572816
18.99 -0.00690499 -0.0564327 0.0568536
19 -0.00303046 -0.0563465 0.0564279
19.01 0.000800762 -0.0559976 0.0560033
19.02 0.00457076 -0.0553932 0.0555815
19.03 0.00826421 -0.0545384 0.0551609
19.04 0.011863 -0.0534419 0.0547427
19.05 0.0153529 -0.0521119 0.0543265
19.06 0.0187178 -0.0505583 0.0539119
19.07 0.0219453 -0.048792 0.0535
19.08 0.0250209 -0.0468234 0.0530893
19.09 0.0279329 -0.0446661 0.0526812
19.1 0.0306696 -0.0423324 0.0522748
19.11 0.0332215 -0.039836 0.0518708
19.12 0.0355781 -0.0371908 0.051468
19.13 0.037732 -0.0344131 0.0510683
19.14 0.0396762 -0.0315155 0.0506698
19.15 0.0414041 -0.0285158 0.0502737
19.16 0.0429116 -0.0254281 0.0498798
19.17 0.0441938 -0.0222694 0.0494876
19.18 0.0452494 -0.0190551 0.0490979
19.19 0.0460753 -0.0158012 0.0487095
19.2 0.0466724 -0.0125242 0.0483236
19.21 0.0470407 -0.00924004 0.0479396
19.22 0.0471826 -0.00596367 0.047558
19.23 0.0470998 -0.00271095 0.0471778
19.24 0.046798 0.000502423 0.0468007
19.25 0.0462802 0.00366365 0.046425
19.26 0.0455531 0.00675665 0.0460514
19.27 0.0446233 0.00976938 0.0456801
19.28 0.0434981 0.0126874 0.0453106
19.29 0.0421866 0.0154996 0.0449438
19.3 0.0406967 0.0181934 0.0445783
19.31 0.0390396 0.0207585 0.0442155
19.32 0.0372251 0.0231844 0.0438546
19.33 0.0352643 0.0254624 0.043496
19.34 0.0331681 0.0275831 0.0431387
19.35 0.0309505 0.0295393 0.0427844
19.36 0.0286216 0.0313246 0.0424315
19.37 0.0261961 0.0329322 0.0420804
19.38 0.023686 0.0343585 0.0417317
19.39 0.0211053 0.0355985 0.0413846
19.4 0.0184671 0.0366505 0.0410402
19.41 0.0157845 0.0375112 0.0406969
19.42 0.0130717 0.0381806 0.0403562
19.43 0.0103419 0.0386578 0.0400172
19.44 0.00760808 0.0389442 0.0396804
19.45 0.00488349 0.0390404 0.0393447
19.46 0.00218191 0.0389509 0.039012
19.47 -0.000485927 0.0386777 0.0386807
19.48 -0.00310583 0.0382253 0.0383513
19.49 -0.00566781 0.0375992 0.038024
19.5 -0.00815921 0.0368046 0.0376981
19.51 -0.0105703 0.0358489 0.0373747
19.52 -0.0128898 0.0347378 0.0370522
19.53 -0.0151086 0.0334809 0.036732
19.54 -0.0172173 0.0320858 0.0364133
19.55 -0.0192081 0.0305618 0.0360968
19.56 -0.0210727 0.0289176 0.0357811
19.57 -0.0228048 0.0271651 0.0354683
19.58 -0.0243986 0.0253122 0.0351568
19.59 -0.0258473 0.0233713 0.0348469
19.6 -0.0271481 0.0213523 0.034539
19.61 -0.0282957 0.0192667 0.0342323
19.62 -0.0292887 0.0171259 0.0339282
19.63 -0.0301233 0.0149406 0.0336249
19.64 -0.0307999 0.0127227 0.0333242
19.65 -0.0313169 0.0104834 0.033025
19.66 -0.0316754 0.00823366 0.032728
19.67 -0.0318749 0.00598429 0.0324318
19.68 -0.031919 0.0037474 0.0321382
19.69 -0.0318092 0.00153155 0.031846
19.7 -0.0315486 -0.000650528 0.0315553
19.71 -0.031142 -0.00279057 0.0312667
19.72 -0.0305931 -0.0048779 0.0309795
19.73 -0.0299083 -0.00690413 0.0306949
19.74 -0.0290919 -0.00886002 0.0304111
19.75 -0.0281515 -0.0107377 0.0301298
19.76 -0.0270933 -0.0125294 0.0298502
19.77 -0.025925 -0.0142281 0.0295727
19.78 -0.0246532 -0.0158269 0.0292962
19.79 -0.0232879 -0.0173199 0.0290225
19.8 -0.0218354 -0.018703 0.0287504
19.81 -0.0203057 -0.0199697 0.02848
19.82 -0.018707 -0.0211178 0.028212
19.83 -0.0170483 -0.0221427 0.0279453
19.84 -0.0153391 -0.0230428 0.0276813
19.85 -0.0135877 -0.0238146 0.0274182
19.86 -0.0118044 -0.0244578 0.0271574
19.87 -0.00999791 -0.0249713 0.0268984
19.88 -0.0081776 -0.0253554 0.0266415
19.89 -0.00635212 -0.0256097 0.0263858
19.9 -0.00453168 -0.0257367 0.0261326
19.91 -0.00272279 -0.0257375 0.0258811
19.92 -0.000936206 -0.0256138 0.0256309
19.93 0.000821235 -0.0253698 0.0253831
19.94 0.00254088 -0.0250076 0.0251364
19.95 0.00421537 -0.0245328 0.0248924
19.96 0.00583714 -0.0239481 0.0246492
19.97 0.00739941 -0.0232598 0.0244084
19.98 0.00889597 -0.0224725 0.0241692
19.99 0.0103209 -0.0215924 0.0239322
20 0.0116682 -0.0206242 0.0236961
20.01 0.0129326 -0.0195763 0.0234624
20.02 0.0141108 -0.0184534 0.0232302
20.03 0.0151965 -0.0172635 0.0229992
20.04 0.0161881 -0.0160136 0.0227704
20.05 0.0170812 -0.0147104 0.0225425
20.06 0.0178748 -0.0133622 0.0223172
20.07 0.0185654 -0.0119754 0.0220926
20.08 0.0191526 -0.0105586 0.0218702
20.09 0.0196349 -0.00911846 0.021649
20.1 0.0200127 -0.00766311 0.0214296
20.11 0.020285 -0.00619927 0.0212112
20.12 0.0204536 -0.00473604 0.0209947
20.13 0.0205199 -0.00327815 0.0207801
20.14 0.0204844 -0.00183482 0.0205664
20.15 0.0203509 -0.000411719 0.0203551
20.16 0.0201205 0.000984471 0.0201446
20.17 0.0197977 0.00234736 0.0199364
20.18 0.0193845 0.00367098 0.019729
20.19 0.0188859 0.00494912 0.0195236
20.2 0.0183054 0.0061769 0.0193195
20.21 0.0176482 0.00734913 0.0191173
20.22 0.0169181 0.00846128 0.018916
20.23 0.0161216 0.00950826 0.0187167
20.24 0.0152629 0.0104884 0.0185192
20.25 0.0143475 0.0113957 0.0183225
20.26 0.0133821 0.0122289 0.0181281
20.27 0.0123712 0.0129844 0.0179344
20.28 0.011322 0.013661 0.0177429
20.29 0.0102394 0.0142564 0.0175525
20.3 0.00913058 0.0147696 0.017364
20.31 0.00800066 0.0152001 0.0171771
20.32 0.00685609 0.0155476 0.0169921
20.33 0.00570202 0.0158116 0.0168084
20.34 0.00454585 0.0159926 0.0166262
20.35 0.00339123 0.0160926 0.016446
20.36 0.00224529 0.0161108 0.0162665
20.37 0.00111337 0.016051 0.0160895
20.38 7.42238e-08 0.0159133 0.0159133
20.39 -0.00108888 0.0157017 0.0157394
20.4 -0.0021494 0.0154174 0.0155665
20.41 -0.00317595 0.0150641 0.0153952
20.42 -0.00416502 0.0146446 0.0152254
20.43 -0.00511206 0.0141629 0.0150572
20.44 -0.00601369 0.0136219 0.0148902
20.45 -0.00686496 0.0130264 0.0147246
20.46 -0.00766533 0.0123802 0.0145611
20.47 -0.00840962 0.0116869 0.0143981
20.48 -0.00909678 0.0109525 0.0142376
20.49 -0.00972404 0.0101796 0.0140777
20.5 -0.01029 0.0093744 0.0139199
20.51 -0.0107927 0.00854009 0.0137628
20.52 -0.0112309 0.00768283 0.0136073
20.53 -0.0116041 0.00680638 0.013453
20.54 -0.0119119 0.00591613 0.0133001
20.55 -0.0121541 0.00501596 0.0131484
20.56 -0.0123301 0.00411219 0.0129978
20.57 -0.0124423 0.00320755 0.0128491
20.58 -0.0124891 0.00230739 0.0127004
20.59 -0.0124736 0.00141675 0.0125538
20.6 -0.0123959 0.000538735 0.0124076
20.61 -0.0122589 -0.000321277 0.0122632
20.62 -0.0120638 -0.00116047 0.0121195
20.63 -0.0118133 -0.0019738 0.0119771
20.64 -0.0115099 -0.00275881 0.0118359
20.65 -0.0111562 -0.00351171 0.0116958
20.66 -0.010755 -0.00423012 0.0115569
20.67 -0.0103094 -0.00490942 0.0114187
20.68 -0.00982335 -0.00554932 0.0112824
20.69 -0.00929868 -0.00614575 0.0111461
20.7 -0.00874105 -0.00669704 0.0110116
20.71 -0.00815223 -0.00720193 0.0108778
20.72 -0.00753733 -0.00765842 0.0107454
20.73 -0.00689892 -0.00806597 0.0106139
20.74 -0.00624178 -0.00842271 0.0104834
20.75 -0.00556922 -0.00872873 0.0103541
20.76 -0.00488518 -0.00898319 0.0102256
20.77 -0.00419314 -0.00918657 0.0100983
20.78 -0.00349783 -0.00933778 0.00997141
20.79 -0.00280225 -0.0094396 0.00984675
20.8 -0.00210936 -0.00949061 0.00972219
20.81 -0.00142432 -0.00949319 0.00959945
20.82 -0.000748531 -0.00944793 0.00947754
20.83 -8.66778e-05 -0.00935641 0.00935682
20.84 0.000559574 -0.00922024 0.00923721
20.85 0.00118593 -0.00904108 0.00911852
20.86 0.00179052 -0.00882139 0.00900127
20.87 0.00237048 -0.00856293 0.00888499
20.88 0.00292424 -0.00826837 0.00877024
20.89 0.0034481 -0.00793935 0.00865578
20.9 0.00394197 -0.00757989 0.00854364
20.91 0.00440336 -0.00719035 0.00843153
20.92 0.00483006 -0.00677571 0.00832104
20.93 0.00522187 -0.00633716 0.00821142
20.94 0.00557653 -0.00587864 0.00810285
20.95 0.00589445 -0.00540214 0.00799548
20.96 0.00617374 -0.00491126 0.00788895
20.97 0.00641501 -0.00440869 0.00778389
20.98 0.00661734 -0.00389709 0.00767962
20.99 0.00678165 -0.00337922 0.00757693
21 0.00690616 -0.00285819 0.00747424
21.01 0.00699364 -0.00233708 0.0073738
21.02 0.00704276 -0.001817 0.00727337
21.03 0.00705506 -0.00130287 0.00717435
21.04 0.00703168 -0.00079516 0.00707649
21.05 0.00697308 -0.000297779 0.00697943
21.06 0.00688109 0.000188411 0.00688367
21.07 0.00675618 0.000660013 0.00678834
21.08 0.00660069 0.00111547 0.00669428
21.09 0.00641545 0.00155277 0.00660069
21.1 0.00620309 0.00197045 0.00650854
21.11 0.00596419 0.00236576 0.00641626
21.12 0.00570276 0.00273799 0.00632599
21.13 0.00541853 0.0030865 0.00623594
21.14 0.00511517 0.00340846 0.00614675
21.15 0.00479422 0.00370478 0.00605888
21.16 0.00445784 0.00397301 0.00597136
21.17 0.00410832 0.00421394 0.0058852
21.18 0.0037477 0.00442579 0.00579938
21.19 0.00337883 0.00460898 0.00571483
21.2 0.00300306 0.00476315 0.00563081
21.21 0.00262311 0.00488905 0.00554829
21.22 0.00224042 0.00498543 0.00546571
21.23 0.00185849 0.00505399 0.00538487
21.24 0.00147705 0.00509471 0.0053045
21.25 0.0011003 0.00510728 0.00522445
21.26 0.000728879 0.00509398 0.00514586
21.27 0.000365256 0.00505422 0.0050674
21.28 1.06142e-05 0.00499044 0.00499045
21.29 -0.00033318 0.00490261 0.00491392
21.3 -0.000664343 0.00479284 0.00483867
21.31 -0.000982186 0.0046616 0.00476395
21.32 -0.00128527 0.00451115 0.00469067
21.33 -0.00157236 0.00434137 0.00461734
21.34 -0.00184183 0.00415575 0.00454561
21.35 -0.00209463 0.00395429 0.00447481
21.36 -0.00232775 0.00373897 0.00440435
21.37 -0.00254251 0.00351197 0.0043357
21.38 -0.00273706 0.00327379 0.00426722
21.39 -0.00291229 0.00302677 0.00420033
21.4 -0.00306695 0.00277164 0.00413379
21.41 -0.00320111 0.00251103 0.00406846
21.42 -0.00331469 0.0022454 0.00400362
21.43 -0.00340818 0.00197733 0.00394025
21.44 -0.00348091 0.00170693 0.00387689
21.45 -0.00353364 0.00143775 0.00381493
21.46 -0.00356763 0.00116873 0.00375419
21.47 -0.00358145 0.000902705 0.00369346
21.48 -0.00357768 0.000640646 0.00363458
21.49 -0.00355505 0.000383544 0.00357568
21.5 -0.00351576 0.000132726 0.00351827
21.51 -0.00345938 -0.000111104 0.00346117
21.52 -0.00338751 -0.000345997 0.00340514
21.53 -0.00330057 -0.000572164 0.0033498
21.54 -0.00320016 -0.000788057 0.00329576
21.55 -0.00308589 -0.000993658 0.00324192
21.56 -0.00295984 -0.0011866 0.00318884
21.57 -0.00282272 -0.00136862 0.00313702
21.58 -0.00267451 -0.00153703 0.00308472
21.59 -0.00251821 -0.00169234 0.00303404
21.6 -0.00235316 -0.00183363 0.00298322
21.61 -0.00218185 -0.00196094 0.00293356
21.62 -0.00200424 -0.00207411 0.00288425
21.63 -0.00182239 -0.00217224 0.00283545
21.64 -0.00163659 -0.00225612 0.0027872
21.65 -0.00144875 -0.00232529 0.00273968
21.66 -0.00125882 -0.00238002 0.00269242
21.67 -0.00106953 -0.00241948 0.00264533
21.68 -0.000880859 -0.00244593 0.00259971
21.69 -0.000693468 -0.00245754 0.0025535
21.7 -0.000509708 -0.0024564 0.00250873
21.71 -0.000328903 -0.0024419 0.00246395
21.72 -0.000153059 -0.00241514 0.00241998
21.73 1.80142e-05 -0.00237641 0.00237648
21.74 0.000182233 -0.00232595 0.00233308
21.75 0.000339972 -0.00226492 0.00229029
21.76 0.000489719 -0.002194 0.00224799
21.77 0.000632082 -0.00211377 0.00220626
21.78 0.000764703 -0.0020248 0.00216439
21.79 0.000888972 -0.00192918 0.00212415
21.8 0.00100383 -0.00182551 0.00208331
21.81 0.00110836 -0.00171683 0.00204352
21.82 0.00120319 -0.00160233 0.00200378
21.83 0.0012875 -0.00148404 0.00196469
21.84 0.00136209 -0.00136216 0.00192634
21.85 0.00142569 -0.00123796 0.00188816
21.86 0.00147962 -0.00111196 0.00185088
21.87 0.00152317 -0.000985256 0.00181405
21.88 0.00155753 -0.000857729 0.00177808
21.89 0.00158096 -0.000730773 0.00174168
21.9 0.00159596 -0.000605481 0.00170696
21.91 0.00160123 -0.000480824 0.00167186
21.92 0.00159763 -0.000359797 0.00163764
21.93 0.00158553 -0.00024106 0.00160375
21.94 0.00156528 -0.000126421 0.00157037
21.95 0.00153782 -1.52276e-05 0.00153789
21.96 0.00150256 9.10381e-05 0.00150532
21.97 0.001461 0.000192657 0.00147365
21.98 0.00141296 0.000288558 0.00144212
21.99 0.00135966 0.000379438 0.00141161
22 0.00130026 0.000463709 0.00138048
22.01 0.00123751 0.000541695 0.00135088
22.02 0.00116988 0.00061437 0.00132139
22.03 0.00109929 0.0006796 0.0012924
22.04 0.00102551 0.000739077 0.00126409
22.05 0.000949175 0.000791408 0.00123582
22.06 0.000871073 0.000837713 0.00120852
22.07 0.000791037 0.000876682 0.00118081
22.08 0.000710454 0.000909268 0.00115391
22.09 0.000629392 0.000934956 0.00112707
22.1 0.000548631 0.000954868 0.00110126
22.11 0.000467879 0.000967641 0.00107482
22.12 0.000389206 0.000974432 0.00104929
22.13 0.000310768 0.000975832 0.00102412
22.14 0.000235036 0.000970623 0.000998674
22.15 0.000161363 0.000960573 0.000974032
22.16 9.0576e-05 0.000944862 0.000949193
22.17 2.2971e-05 0.000925145 0.00092543
22.18 -4.14845e-05 0.000900381 0.000901336
22.19 -0.00010212 0.000872029 0.000877988
22.2 -0.000159091 0.000839719 0.000854656
22.21 -0.000212245 0.000804791 0.000832308
22.22 -0.000261494 0.000766026 0.000809429
22.23 -0.000305425 0.000725302 0.000786986
22.24 -0.000346311 0.000682628 0.000765449
22.25 -0.000381716 0.000637834 0.00074333
22.26 -0.000413236 0.000592306 0.000722212
22.27 -0.000440165 0.000545444 0.000700895
22.28 -0.000463094 0.000498802 0.000680632
22.29 -0.0004817 0.000451349 0.000660114
22.3 -0.000496066 0.00040459 0.000640136
22.31 -0.000506306 0.000358082 0.000620136
22.32 -0.000513209 0.000313125 0.000601191
22.33 -0.000516499 0.000268463 0.000582103
22.34 -0.000515878 0.000226194 0.000563289
22.35 -0.000513677 0.000185077 0.000546001
22.36 -0.000507649 0.000145693 0.000528142
22.37 -0.000499769 0.00010836 0.000511381
22.38 -0.000489097 7.26102e-05 0.000494457
22.39 -0.00047696 3.9395e-05 0.000478585
22.4 -0.000462686 7.75361e-06 0.000462751
22.41 -0.000447032 -2.11653e-05 0.000447533
22.42 -0.000429853 -4.82158e-05 0.000432549
22.43 -0.00041218 -7.27262e-05 0.000418547
22.44 -0.000393164 -9.59711e-05 0.000404708
22.45 -0.000372949 -0.000116048 0.000390587
22.46 -0.000353218 -0.00013499 0.000378134
22.47 -0.000331992 -0.000151477 0.000364917
22.48 -0.000311278 -0.000165827 0.000352693
22.49 -0.000289938 -0.000178466 0.000340462
22.5 -0.000269355 -0.000189005 0.000329052
22.51 -0.000248488 -0.000198423 0.000317991
22.52 -0.000228033 -0.000205813 0.000307177
22.53 -0.000207616 -0.000211975 0.000296712
22.54 -0.00018809 -0.000216546 0.000286827
22.55 -0.000168466 -0.000220222 0.00027727
22.56 -0.000149252 -0.000221389 0.000267
22.57 -0.000131337 -0.000222522 0.00025839
22.58 -0.000113112 -0.000221946 0.000249107
22.59 -9.62332e-05 -0.000220381 0.000240476
22.6 -7.93261e-05 -0.000217875 0.000231867
22.61 -6.37934e-05 -0.000214153 0.000223453
22.62 -4.84813e-05 -0.000209801 0.00021533
22.63 -3.43529e-05 -0.000203983 0.000206855
22.64 -2.09575e-05 -0.00019752 0.000198629
22.65 -9.0659e-06 -0.000190481 0.000190696
22.66 2.35268e-06 -0.000183322 0.000183337
22.67 1.25129e-05 -0.00017458 0.000175028
22.68 2.13693e-05 -0.000166786 0.000168149
22.69 2.99476e-05 -0.000157851 0.000160666
22.7 3.68252e-05 -0.000148911 0.000153397
22.71 4.3355e-05 -0.000139738 0.000146309
22.72 4.8207e-05 -0.000130636 0.000139247
22.73 5.27191e-05 -0.000121883 0.000132796
22.74 5.58855e-05 -0.000112974 0.000126041
22.75 5.85253e-05 -0.000104298 0.000119596
22.76 5.99751e-05 -9.60932e-05 0.000113274
22.77 6.13507e-05 -8.83893e-05 0.000107594
22.78 6.13086e-05 -8.00554e-05 0.000100835
22.79 6.07349e-05 -7.36075e-05 9.54295e-05
22.8 5.99032e-05 -6.68056e-05 8.97295e-05
22.81 5.79931e-05 -6.11734e-05 8.42934e-05
22.82 5.63232e-05 -5.58454e-05 7.93159e-05
22.83 5.39223e-05 -5.14379e-05 7.45216e-05
22.84 5.21026e-05 -4.75831e-05 7.05608e-05
22.85 4.96478e-05 -4.41581e-05 6.64443e-05
22.86 4.74413e-05 -4.11857e-05 6.28247e-05
22.87 4.49211e-05 -3.90845e-05 5.95441e-05
22.88 4.32038e-05 -3.75198e-05 5.72216e-05
22.89 4.06758e-05 -3.56035e-05 5.40568e-05
22.9 3.90015e-05 -3.5272e-05 5.25855e-05
22.91 3.76846e-05 -3.41629e-05 5.08648e-05
22.92 3.61203e-05 -3.395e-05 4.95709e-05
22.93 3.513e-05 -3.34901e-05 4.85356e-05
22.94 3.38144e-05 -3.36637e-05 4.77143e-05
22.95 3.3415e-05 -3.39107e-05 4.76077e-05
22.96 3.27269e-05 -3.43547e-05 4.74478e-05
22.97 3.26687e-05 -3.48467e-05 4.77654e-05
22.98 3.28681e-05 -3.56647e-05 4.85003e-05
22.99 3.40503e-05 -3.63633e-05 4.98168e-05
23 3.43686e-05 -3.64886e-05 5.01261e-05
23.01 3.56981e-05 -3.7522e-05 5.17905e-05
23.02 3.71155e-05 -3.74488e-05 5.27255e-05
23.03 3.84501e-05 -3.8044e-05 5.40902e-05
23.04 4.03933e-05 -3.7981e-05 5.54452e-05
23.05 4.21206e-05 -3.81804e-05 5.68497e-05
23.06 4.47301e-05 -3.79088e-05 5.86333e-05
23.07 4.68216e-05 -3.74939e-05 5.99837e-05
23.08 4.91132e-05 -3.68532e-05 6.14025e-05
23.09 5.14603e-05 -3.62385e-05 6.29396e-05
23.1 5.45321e-05 -3.5314e-05 6.49679e-05
23.11 5.66679e-05 -3.4061e-05 6.61166e-05
23.12 6.00093e-05 -3.32967e-05 6.86278e-05
23.13 6.32043e-05 -3.12636e-05 7.05138e-05
23.14 6.63561e-05 -2.96656e-05 7.26855e-05
23.15 6.97256e-05 -2.70781e-05 7.47989e-05
23.16 7.26916e-05 -2.45772e-05 7.6734e-05
23.17 7.62334e-05 -2.12338e-05 7.91354e-05
23.18 7.92099e-05 -1.77435e-05 8.11729e-05
23.19 8.22264e-05 -1.37982e-05 8.33761e-05
23.2 8.50991e-05 -9.53638e-06 8.56318e-05
23.21 8.82458e-05 -4.43021e-06 8.8357e-05
23.22 8.98833e-05 9.76397e-07 8.98886e-05
23.23 9.22329e-05 6.39267e-06 9.24542e-05
23.24 9.35901e-05 1.29888e-05 9.44871e-05
23.25 9.46312e-05 1.90463e-05 9.65289e-05
23.26 9.52812e-05 2.59103e-05 9.87413e-05
23.27 9.5239e-05 3.24873e-05 0.000100627
23.28 9.50384e-05 3.9972e-05 0.000103102
23.29 9.37635e-05 4.73577e-05 0.000105044
23.3 9.1796e-05 5.49711e-05 0.000106997
23.31 8.90823e-05 6.24657e-05 0.000108801
23.32 8.60357e-05 7.039e-05 0.000111162
23.33 8.11531e-05 7.75812e-05 0.000112271
23.34 7.6694e-05 8.44196e-05 0.000114055
23.35 7.06845e-05 9.1639e-05 0.000115732
23.36 6.42011e-05 9.77377e-05 0.000116938
23.37 5.68805e-05 0.000103841 0.000118399
23.38 4.87842e-05 0.000108621 0.000119073
23.39 4.04087e-05 0.00011328 0.000120271
23.4 3.13179e-05 0.000116592 0.000120725
23.41 2.20428e-05 0.000119045 0.000121069
23.42 1.254e-05 0.000120558 0.000121208
23.43 3.24499e-06 0.000121852 0.000121895
23.44 -7.00724e-06 0.000121649 0.000121851
23.45 -1.61371e-05 0.000120649 0.000121724
23.46 -2.60188e-05 0.000119254 0.00012206
23.47 -3.52643e-05 0.000116281 0.000121511
23.48 -4.42561e-05 0.000113017 0.000121373
23.49 -5.2897e-05 0.000108338 0.000120562
23.5 -6.08894e-05 0.000103759 0.000120306
23.51 -6.86466e-05 9.81245e-05 0.000119753
23.52 -7.56545e-05 9.18112e-05 0.000118966
23.53 -8.21085e-05 8.48558e-05 0.000118078
23.54 -8.76648e-05 7.79134e-05 0.000117284
23.55 -9.30895e-05 6.9796e-05 0.000116349
23.56 -9.66958e-05 6.17166e-05 0.000114713
23.57 -0.000100433 5.39047e-05 0.000113985
23.58 -0.000102949 4.55218e-05 0.000112565
23.59 -0.000104946 3.76813e-05 0.000111506
23.6 -0.000106268 2.91291e-05 0.000110188
23.61 -0.000106979 2.13612e-05 0.000109091
23.62 -0.000107292 1.32104e-05 0.000108103
23.63 -0.000106722 5.14359e-06 0.000106846
23.64 -0.000105654 -2.73568e-06 0.00010569
23.65 -0.000104002 -9.78809e-06 0.000104462
23.66 -0.000102296 -1.7475e-05 0.000103778
23.67 -9.92373e-05 -2.45089e-05 0.000102219
23.68 -9.66908e-05 -3.11903e-05 0.000101597
23.69 -9.31438e-05 -3.80314e-05 0.000100609
23.7 -8.93321e-05 -4.40309e-05 9.95939e-05
23.71 -8.48237e-05 -5.02441e-05 9.85877e-05
23.72 -8.00985e-05 -5.52587e-05 9.73103e-05
23.73 -7.51937e-05 -6.0205e-05 9.63262e-05
23.74 -6.98141e-05 -6.47501e-05 9.52187e-05
23.75 -6.42986e-05 -6.90115e-05 9.43234e-05
23.76 -5.87253e-05 -7.22972e-05 9.31426e-05
23.77 -5.31309e-05 -7.61172e-05 9.28263e-05
23.78 -4.65066e-05 -7.88227e-05 9.15199e-05
23.79 -4.06297e-05 -8.11121e-05 9.07191e-05
23.8 -3.40479e-05 -8.32026e-05 8.98996e-05
23.81 -2.77486e-05 -8.43679e-05 8.8814e-05
23.82 -2.10692e-05 -8.56963e-05 8.82483e-05
23.83 -1.46772e-05 -8.59228e-05 8.71673e-05
23.84 -8.29298e-06 -8.60296e-05 8.64284e-05
23.85 -1.59195e-06 -8.54805e-05 8.54953e-05
23.86 5.00325e-06 -8.44681e-05 8.46162e-05
23.87 1.11817e-05 -8.23373e-05 8.30931e-05
23.88 1.7001e-05 -8.06109e-05 8.23842e-05
23.89 2.3134e-05 -7.77499e-05 8.11186e-05
23.9 2.80124e-05 -7.47348e-05 7.98122e-05
23.91 3.31619e-05 -7.16531e-05 7.89549e-05
23.92 3.76372e-05 -6.77518e-05 7.75039e-05
23.93 4.22365e-05 -6.41246e-05 7.67847e-05
23.94 4.60677e-05 -5.96528e-05 7.53704e-05
23.95 4.93588e-05 -5.53762e-05 7.4181e-05
23.96 5.2552e-05 -5.08032e-05 7.30936e-05
23.97 5.52357e-05 -4.62406e-05 7.20359e-05
23.98 5.72761e-05 -4.11785e-05 7.05423e-05
23.99 5.90404e-05 -3.68348e-05 6.95886e-05
24 6.10418e-05 -3.16745e-05 6.87705e-05
24.01 6.18637e-05 -2.67489e-05 6.73989e-05
24.02 6.28087e-05 -2.20719e-05 6.6574e-05
24.03 6.28633e-05 -1.70051e-05 6.51227e-05
24.04 6.30626e-05 -1.25909e-05 6.43072e-05
24.05 6.25437e-05 -7.84393e-06 6.30336e-05
24.06 6.16998e-05 -3.70827e-06 6.18112e-05
24.07 6.10942e-05 4.83317e-07 6.10961e-05
24.08 6.02121e-05 4.46162e-06 6.03772e-05
24.09 5.87742e-05 8.62666e-06 5.94039e-05
24.1 5.72562e-05 1.19483e-05 5.84896e-05
24.11 5.5934e-05 1.59e-05 5.815e-05
24.12 5.38105e-05 1.93317e-05 5.71777e-05
24.13 5.2172e-05 2.24707e-05 5.68053e-05
24.14 4.99479e-05 2.59064e-05 5.62666e-05
24.15 4.82002e-05 2.8906e-05 5.62033e-05
24.16 4.57592e-05 3.22358e-05 5.59737e-05
24.17 4.29296e-05 3.50421e-05 5.54157e-05
24.18 4.01545e-05 3.79534e-05 5.52526e-05
24.19 3.71137e-05 4.05484e-05 5.4969e-05
24.2 3.35222e-05 4.31029e-05 5.4604e-05
24.21 3.00948e-05 4.47434e-05 5.39228e-05
24.22 2.67687e-05 4.69793e-05 5.40705e-05
24.23 2.26981e-05 4.85327e-05 5.35782e-05
24.24 1.89968e-05 4.97207e-05 5.32261e-05
24.25 1.45571e-05 5.09111e-05 5.29514e-05
24.26 1.06936e-05 5.15165e-05 5.26147e-05
24.27 6.37542e-06 5.20375e-05 5.24266e-05
24.28 2.063e-06 5.17619e-05 5.1803e-05
24.29 -1.95009e-06 5.14862e-05 5.15231e-05
24.3 -5.97537e-06 5.08296e-05 5.11796e-05
24.31 -1.04519e-05 4.99712e-05 5.10525e-05
24.32 -1.45632e-05 4.81188e-05 5.02743e-05
24.33 -1.84307e-05 4.66722e-05 5.01795e-05
24.34 -2.25722e-05 4.4322e-05 4.97387e-05
24.35 -2.57786e-05 4.1479e-05 4.88369e-05
24.36 -2.92828e-05 3.85487e-05 4.84095e-05
24.37 -3.17547e-05 3.52225e-05 4.74235e-05
24.38 -3.43214e-05 3.19812e-05 4.69122e-05
24.39 -3.65599e-05 2.80892e-05 4.61046e-05
24.4 -3.81175e-05 2.44326e-05 4.52758e-05
24.41 -3.92473e-05 2.0608e-05 4.43288e-05
24.42 -4.02662e-05 1.67942e-05 4.36281e-05
24.43 -4.05375e-05 1.24712e-05 4.24125e-05
24.44 -4.03756e-05 9.02407e-06 4.13717e-05
24.45 -4.03859e-05 5.33222e-06 4.07363e-05
24.46 -3.95232e-05 1.69088e-06 3.95593e-05
24.47 -3.90604e-05 -1.62909e-06 3.90943e-05
24.48 -3.76344e-05 -4.91881e-06 3.79545e-05
24.49 -3.62625e-05 -7.81809e-06 3.70957e-05
24.5 -3.46245e-05 -1.1028e-05 3.63384e-05
24.51 -3.24834e-05 -1.35333e-05 3.51897e-05
24.52 -3.02629e-05 -1.57061e-05 3.40958e-05
24.53 -2.82321e-05 -1.75558e-05 3.32454e-05
24.54 -2.5781e-05 -1.95739e-05 3.23697e-05
24.55 -2.3303e-05 -2.0673e-05 3.11513e-05
24.56 -2.11451e-05 -2.19338e-05 3.04665e-05
24.57 -1.8351e-05 -2.30178e-05 2.94377e-05
24.58 -1.62797e-05 -2.3741e-05 2.87865e-05
24.59 -1.37097e-05 -2.41609e-05 2.77796e-05
24.6 -1.1639e-05 -2.41418e-05 2.6801e-05
24.61 -9.65609e-06 -2.45262e-05 2.63586e-05
24.62 -7.49681e-06 -2.44188e-05 2.55437e-05
24.63 -5.44102e-06 -2.42394e-05 2.48426e-05
24.64 -3.64397e-06 -2.40205e-05 2.42954e-05
24.65 -1.46359e-06 -2.40028e-05 2.40474e-05
24.66 5.07276e-07 -2.31523e-05 2.31578e-05
24.67 2.03181e-06 -2.24622e-05 2.25539e-05
24.68 4.05047e-06 -2.16623e-05 2.20378e-05
24.69 5.31733e-06 -2.08371e-05 2.15048e-05
24.7 7.04189e-06 -1.98577e-05 2.10693e-05
24.71 8.31753e-06 -1.8641e-05 2.04124e-05
24.72 9.53223e-06 -1.78424e-05 2.02291e-05
24.73 1.07626e-05 -1.65169e-05 1.97141e-05
24.74 1.17421e-05 -1.50288e-05 1.90721e-05
24.75 1.23024e-05 -1.35937e-05 1.8334e-05
24.76 1.31833e-05 -1.25245e-05 1.81841e-05
24.77 1.38006e-05 -1.09336e-05 1.76069e-05
24.78 1.40218e-05 -9.69701e-06 1.70483e-05
24.79 1.48122e-05 -8.35936e-06 1.70082e-05
24.8 1.48267e-05 -7.06933e-06 1.64258e-05
24.81 1.5205e-05 -5.55222e-06 1.6187e-05
24.82 1.50849e-05 -3.81649e-06 1.55602e-05
24.83 1.48922e-05 -2.70268e-06 1.51355e-05
24.84 1.4717e-05 -1.32057e-06 1.47762e-05
24.85 1.42952e-05 7.17282e-09 1.42952e-05
24.86 1.35745e-05 1.18992e-06 1.36266e-05
24.87 1.31541e-05 2.0486e-06 1.33127e-05
24.88 1.24682e-05 3.3645e-06 1.29141e-05
24.89 1.13249e-05 4.29361e-06 1.21115e-05
24.9 1.08041e-05 5.12767e-06 1.19592e-05
24.91 9.66915e-06 5.59276e-06 1.11701e-05
24.92 9.00108e-06 6.02758e-06 1.08329e-05
24.93 8.09928e-06 6.59891e-06 1.04472e-05
24.94 7.33077e-06 6.58292e-06 9.85267e-06
24.95 6.77712e-06 6.94678e-06 9.705e-06
24.96 6.02893e-06 7.31595e-06 9.48004e-06
24.97 5.1318e-06 7.48157e-06 9.07244e-06
24.98 4.65455e-06 7.28496e-06 8.64496e-06
24.99 4.04902e-06 7.40426e-06 8.43905e-06
25 3.11421e-06 7.26334e-06 7.90281e-06
25.01 2.86921e-06 7.24504e-06 7.79249e-06
25.02 2.11568e-06 7.05356e-06 7.36403e-06
25.03 1.7439e-06 7.01635e-06 7.22983e-06
25.04 1.11764e-06 7.13407e-06 7.22109e-06
25.05 6.42137e-07 6.59784e-06 6.62901e-06
25.06 4.42062e-07 6.36294e-06 6.37828e-06
25.07 8.25878e-08 6.20371e-06 6.20426e-06
25.08 -3.5144e-07 6.01932e-06 6.02957e-06
25.09 -3.62816e-07 5.77001e-06 5.7814e-06
25.1 -5.77195e-07 5.8963e-06 5.92448e-06
25.11 -1.21393e-06 5.82432e-06 5.94949e-06
25.12 -1.304e-06 5.8603e-06 6.00363e-06
25.13 -1.89228e-06 5.55499e-06 5.86844e-06
25.14 -2.19712e-06 5.42522e-06 5.85323e-06
25.15 -2.78743e-06 5.54159e-06 6.20315e-06
25.16 -3.25829e-06 5.16017e-06 6.10277e-06
25.17 -3.53659e-06 5.06501e-06 6.17752e-06
25.18 -4.04635e-06 4.91976e-06 6.37001e-06
25.19 -4.66572e-06 4.51987e-06 6.49601e-06
25.2 -4.81798e-06 3.88101e-06 6.18669e-06
25.21 -5.04413e-06 3.4406e-06 6.10581e-06
25.22 -5.58052e-06 2.80759e-06 6.24698e-06
25.23 -5.46134e-06 2.46285e-06 5.99098e-06
25.24 -5.70979e-06 1.81412e-06 5.99105e-06
25.25 -5.68369e-06 1.31318e-06 5.83342e-06
25.26 -5.91483e-06 9.67929e-07 5.99351e-06
25.27 -5.98649e-06 5.24582e-08 5.98672e-06
25.28 -5.75671e-06 -5.71079e-07 5.78496e-06
25.29 -5.67633e-06 -1.1001e-06 5.78195e-06
25.3 -5.60021e-06 -1.6477e-06 5.83757e-06
25.31 -5.04532e-06 -2.24078e-06 5.52054e-06
25.32 -4.52436e-06 -2.5892e-06 5.21285e-06
25.33 -4.39922e-06 -3.16868e-06 5.42159e-06
25.34 -3.66226e-06 -3.48538e-06 5.0557e-06
25.35 -3.20558e-06 -4.06676e-06 5.17825e-06
25.36 -2.49116e-06 -4.36364e-06 5.02466e-06
25.37 -2.01353e-06 -4.19836e-06 4.65623e-06
25.38 -1.48894e-06 -4.41581e-06 4.66008e-06
25.39 -7.65575e-07 -4.25858e-06 4.32685e-06
25.4 -4.23542e-07 -4.05546e-06 4.07752e-06
25.41 -2.54961e-07 -3.9551e-06 3.96331e-06
25.42 2.5365e-07 -3.89691e-06 3.90515e-06
25.43 7.33989e-07 -3.6076e-06 3.68151e-06
25.44 7.55477e-07 -3.41889e-06 3.50137e-06
25.45 1.2705e-06 -2.91867e-06 3.18321e-06
25.46 1.4873e-06 -2.74556e-06 3.12252e-06
25.47 1.80137e-06 -2.52679e-06 3.10316e-06
25.48 1.8433e-06 -2.06984e-06 2.77164e-06
25.49 1.8852e-06 -2.09705e-06 2.81986e-06
25.5 2.21624e-06 -1.80289e-06 2.85694e-06
25.51 2.22626e-06 -1.42009e-06 2.64062e-06
25.52 2.06632e-06 -1.10396e-06 2.34274e-06
25.53 2.19071e-06 -8.221e-07 2.33988e-06
25.54 2.24531e-06 -5.17771e-07 2.30424e-06
25.55 1.7988e-06 -4.80991e-07 1.862e-06
25.56 1.79842e-06 -2.06256e-07 1.81021e-06
25.57 1.64676e-06 -2.63277e-07 1.66767e-06
25.58 1.67009e-06 -1.83194e-07 1.68011e-06
25.59 1.51933e-06 1.80324e-07 1.52999e-06
25.6 1.3833e-06 6.67063e-08 1.38491e-06
25.61 1.5425e-06 1.5448e-07 1.55022e-06
25.62 1.37295e-06 2.02173e-07 1.38775e-06
25.63 1.05623e-06 1.33372e-07 1.06462e-06
25.64 1.08589e-06 1.47184e-07 1.09582e-06
25.65 1.18953e-06 3.17313e-07 1.23112e-06
25.66 8.29573e-07 3.64302e-07 9.0604e-07
25.67 8.2459e-07 7.5518e-07 1.11814e-06
25.68 6.53073e-07 7.34556e-07 9.82892e-07
25.69 5.35134e-07 7.51331e-07 9.22424e-07
25.7 2.32365e-07 1.01329e-06 1.03959e-06
25.71 -3.84837e-08 8.61941e-07 8.628e-07
25.72 1.21098e-07 9.91417e-07 9.98786e-07
25.73 4.99129e-08 1.14705e-06 1.14814e-06
25.74 -1.83051e-07 1.19807e-06 1.21198e-06
25.75 -1.45374e-07 1.20548e-06 1.21421e-06
25.76 -1.61221e-08 1.21158e-06 1.21169e-06
25.77 -3.56081e-07 9.7746e-07 1.0403e-06
25.78 -3.35333e-07 1.14085e-06 1.18911e-06
25.79 -3.37927e-07 1.01942e-06 1.07397e-06
25.8 -2.55337e-07 9.81923e-07 1.01458e-06
25.81 -3.38226e-07 1.25236e-06 1.29723e-06
25.82 -5.42616e-07 1.01281e-06 1.14901e-06
25.83 -3.65333e-07 9.32062e-07 1.0011e-06
25.84 -4.38276e-07 7.8413e-07 8.98302e-07
25.85 -6.30889e-07 5.46222e-07 8.34493e-07
25.86 -4.95167e-07 3.94907e-07 6.33358e-07
25.87 -1.49373e-07 3.2667e-07 3.59202e-07
25.88 -2.45242e-07 4.90953e-08 2.50108e-07
25.89 -9.94717e-08 8.64764e-08 1.31806e-07
25.9 4.14874e-09 -2.0776e-07 2.07801e-07
25.91 9.0692e-08 -4.8368e-07 4.92109e-07
25.92 7.00431e-08 -3.56931e-07 3.63739e-07
25.93 -8.25564e-08 -5.38526e-07 5.44817e-07
25.94 1.97185e-07 -4.14606e-07 4.59108e-07
25.95 2.23854e-07 -2.60147e-07 3.43201e-07
25.96 -3.88834e-09 -2.32436e-07 2.32468e-07
25.97 -2.96148e-08 -1.7862e-07 1.81059e-07
25.98 1.29498e-07 -1.32652e-07 1.85381e-07
25.99 -1.30359e-07 -2.72422e-07 3.02006e-07
26 -1.17467e-07 9.10851e-10 1.17471e-07
