0 1.33033e-05 0.000135605 0.000136256
0.01 2.68821e-05 0.000270491 0.000271823
0.02 4.0834e-05 0.000404048 0.000406106
0.03 5.53678e-05 0.000536099 0.000538951
0.04 7.07627e-05 0.000665156 0.00066891
0.05 8.70976e-05 0.000791416 0.000796195
0.06 0.000104442 0.000914247 0.000920193
0.07 0.000123214 0.00103232 0.00103965
0.08 0.000143258 0.00114609 0.00115501
0.09 0.0001649 0.00125441 0.0012652
0.1 0.000188249 0.00135677 0.00136976
0.11 0.000213423 0.00145283 0.00146843
0.12 0.000240389 0.00154212 0.00156075
0.13 0.000269373 0.00162411 0.00164629
0.14 0.000300271 0.00169818 0.00172452
0.15 0.000333058 0.00176461 0.00179576
0.16 0.000367715 0.0018224 0.00185913
0.17 0.000404278 0.0018713 0.00191447
0.18 0.000442417 0.00191179 0.00196232
0.19 0.000482313 0.00194251 0.0020015
0.2 0.0005237 0.00196395 0.00203258
0.21 0.000566421 0.00197591 0.0020555
0.22 0.000610356 0.0019779 0.00206993
0.23 0.000655323 0.00197007 0.00207621
0.24 0.000700939 0.00195233 0.00207435
0.25 0.000747023 0.00192493 0.0020648
0.26 0.000793349 0.00188725 0.00204722
0.27 0.000839459 0.00184017 0.0020226
0.28 0.000885174 0.0017835 0.00199108
0.29 0.00093018 0.00171688 0.00195266
0.3 0.000974105 0.00164144 0.00190872
0.31 0.00101658 0.00155677 0.00185929
0.32 0.00105741 0.00146309 0.0018052
0.33 0.00109598 0.0013613 0.00174766
0.34 0.00113208 0.0012513 0.00168741
0.35 0.00116522 0.00113374 0.00162576
0.36 0.00119506 0.00100887 0.00156396
0.37 0.00122107 0.00087772 0.0015038
0.38 0.0012431 0.000740118 0.00144674
0.39 0.00126062 0.000596912 0.0013948
0.4 0.00127334 0.000449176 0.00135024
0.41 0.00128098 0.000296508 0.00131485
0.42 0.00128316 0.000140376 0.00129082
0.43 0.00127955 -1.85926e-05 0.00127969
0.44 0.00126992 -0.000180227 0.00128265
0.45 0.00125397 -0.000343165 0.00130008
0.46 0.00123139 -0.000506956 0.00133166
0.47 0.0012021 -0.000670705 0.00137655
0.48 0.0011659 -0.000833977 0.00143347
0.49 0.00112266 -0.000995474 0.00150045
0.5 0.00107235 -0.00115469 0.00157584
0.51 0.00101499 -0.00131128 0.00165821
0.52 0.000950463 -0.00146341 0.00174498
0.53 0.00087889 -0.00161124 0.00183536
0.54 0.000800309 -0.00175373 0.00192771
0.55 0.000714831 -0.0018896 0.00202029
0.56 0.000622579 -0.0020188 0.00211261
0.57 0.000523918 -0.00214021 0.0022034
0.58 0.000418914 -0.00225317 0.00229178
0.59 0.000308098 -0.00235694 0.002377
0.6 0.00019168 -0.00245116 0.00245864
0.61 7.01934e-05 -0.002535 0.00253597
0.62 -5.60819e-05 -0.00260747 0.00260807
0.63 -0.000186535 -0.00266903 0.00267554
0.64 -0.000320806 -0.0027181 0.00273697
0.65 -0.000458279 -0.00275458 0.00279244
0.66 -0.000598474 -0.00277853 0.00284225
0.67 -0.000740641 -0.00278876 0.00288543
0.68 -0.000884299 -0.00278548 0.00292248
0.69 -0.00102857 -0.0027684 0.0029533
0.7 -0.00117286 -0.00273728 0.00297798
0.71 -0.00131642 -0.00269182 0.00299647
0.72 -0.00145846 -0.00263219 0.00300924
0.73 -0.00159833 -0.00255855 0.00301676
0.74 -0.00173515 -0.00247021 0.00301872
0.75 -0.00186832 -0.00236815 0.00301641
0.76 -0.00199693 -0.00225231 0.00301009
0.77 -0.00212024 -0.00212237 0.00299998
0.78 -0.0022375 -0.00197973 0.0029876
0.79 -0.00234784 -0.001824 0.0029731
0.8 -0.00245058 -0.00165593 0.00295761
0.81 -0.00254492 -0.00147607 0.00294201
0.82 -0.00263018 -0.0012852 0.00292739
0.83 -0.00270574 -0.00108367 0.00291469
0.84 -0.00277086 -0.00087225 0.0029049
0.85 -0.00282507 -0.00065229 0.0028994
0.86 -0.00286763 -0.000423862 0.00289879
0.87 -0.00289806 -0.000188232 0.00290416
0.88 -0.00291589 5.30955e-05 0.00291637
0.89 -0.00292044 0.000300112 0.00293582
0.9 -0.00291149 0.000550883 0.00296315
0.91 -0.00288857 0.00080454 0.00299852
0.92 -0.00285139 0.00106009 0.00304207
0.93 -0.00279974 0.00131624 0.00309371
0.94 -0.00273346 0.0015717 0.0031531
0.95 -0.00265249 0.00182517 0.00321977
0.96 -0.00255663 0.0020759 0.00329329
0.97 -0.00244608 0.00232182 0.00337256
0.98 -0.00232085 0.00256208 0.00345697
0.99 -0.0021809 0.00279573 0.00354576
1 -0.00202689 0.00302054 0.00363757
1.01 -0.00185868 0.0032361 0.0037319
1.02 -0.00167704 0.00344094 0.00382786
1.03 -0.0014823 0.0036335 0.00392423
1.04 -0.00127514 0.00381301 0.00402058
1.05 -0.00105613 0.00397812 0.00411593
1.06 -0.000825998 0.00412783 0.00420967
1.07 -0.000585594 0.0042606 0.00430065
1.08 -0.000335549 0.00437617 0.00438902
1.09 -7.68762e-05 0.00447299 0.00447365
1.1 0.000189285 0.00455007 0.004554
1.11 0.00046237 0.00460733 0.00463048
1.12 0.000740697 0.00464326 0.00470197
1.13 0.00102343 0.00465743 0.00476855
1.14 0.00130931 0.00464967 0.0048305
1.15 0.00159695 0.00461896 0.00488724
1.16 0.00188513 0.0045652 0.00493911
1.17 0.00217253 0.00448806 0.00498624
1.18 0.00245789 0.00438754 0.00502909
1.19 0.00273959 0.00426313 0.00506751
1.2 0.00301639 0.00411527 0.00510236
1.21 0.003287 0.00394433 0.0051344
1.22 0.00354937 0.00374974 0.0051632
1.23 0.00380275 0.0035329 0.0051906
1.24 0.00404521 0.00329381 0.0052166
1.25 0.00427535 0.00303296 0.00524189
1.26 0.00449199 0.00275148 0.00526769
1.27 0.00469357 0.00245008 0.00529458
1.28 0.00487884 0.00212958 0.00532336
1.29 0.00504639 0.0017912 0.00535486
1.3 0.00519522 0.00143629 0.00539011
1.31 0.00532387 0.00106594 0.00542953
1.32 0.00543104 0.000681387 0.00547361
1.33 0.00551624 0.000284861 0.00552359
1.34 0.00557766 -0.000122932 0.00557901
1.35 0.00561487 -0.000539816 0.00564076
1.36 0.00562711 -0.000963879 0.00570907
1.37 0.00561327 -0.00139376 0.00578372
1.38 0.00557308 -0.00182718 0.00586496
1.39 0.00550592 -0.00226222 0.00595255
1.4 0.00541139 -0.00269686 0.00604617
1.41 0.00528906 -0.00312923 0.00614542
1.42 0.00513887 -0.0035569 0.00624977
1.43 0.00496093 -0.00397782 0.00635877
1.44 0.00475461 -0.00439021 0.00647149
1.45 0.00452108 -0.00479132 0.00658764
1.46 0.00426004 -0.00517932 0.00670621
1.47 0.003972 -0.00555228 0.00682676
1.48 0.00365813 -0.00590751 0.00694842
1.49 0.00331866 -0.00624342 0.00707063
1.5 0.00295471 -0.00655777 0.00719268
1.51 0.00256734 -0.00684861 0.007314
1.52 0.00215775 -0.00711387 0.00743391
1.53 0.0017271 -0.00735201 0.00755215
1.54 0.00127682 -0.00756105 0.0076681
1.55 0.000809072 -0.00773924 0.00778142
1.56 0.000324651 -0.0078853 0.00789198
1.57 -0.000173811 -0.00799764 0.00799953
1.58 -0.000684357 -0.00807466 0.00810361
1.59 -0.00120553 -0.00811576 0.00820481
1.6 -0.0017344 -0.00811934 0.00830252
1.61 -0.00226906 -0.00808476 0.00839715
1.62 -0.00280726 -0.00801128 0.00848889
1.63 -0.00334642 -0.00789835 0.00857803
1.64 -0.00388403 -0.00774545 0.00866474
1.65 -0.00441746 -0.00755248 0.00874951
1.66 -0.00494459 -0.00731945 0.00883308
1.67 -0.00546178 -0.0070463 0.00891524
1.68 -0.00596725 -0.00673353 0.00899714
1.69 -0.00645812 -0.00638173 0.00907931
1.7 -0.00693114 -0.00599141 0.00916176
1.71 -0.00738448 -0.00556368 0.00924581
1.72 -0.00781516 -0.00509971 0.00933187
1.73 -0.00822038 -0.00460062 0.00942021
1.74 -0.00859801 -0.00406812 0.00951186
1.75 -0.00894531 -0.00350386 0.00960706
1.76 -0.00926002 -0.00290968 0.0097064
1.77 -0.0095393 -0.00228767 0.00980977
1.78 -0.0097819 -0.00164009 0.00991844
1.79 -0.00998482 -0.000969361 0.0100318
1.8 -0.0101464 -0.000277998 0.0101502
1.81 -0.0102654 0.000431117 0.0102745
1.82 -0.0103394 0.00115516 0.0104037
1.83 -0.0103674 0.00189111 0.0105384
1.84 -0.0103482 0.00263576 0.0106786
1.85 -0.0102804 0.00338581 0.0108236
1.86 -0.0101632 0.00413804 0.0109733
1.87 -0.00999595 0.0048888 0.0111274
1.88 -0.00977842 0.00563479 0.0112858
1.89 -0.00950971 0.00637219 0.0114472
1.9 -0.0091906 0.00709757 0.0116122
1.91 -0.00882115 0.00780712 0.0117798
1.92 -0.00840123 0.00849718 0.0119492
1.93 -0.00793261 0.00916415 0.0121206
1.94 -0.00741556 0.00980435 0.0122929
1.95 -0.00685127 0.0104141 0.0124657
1.96 -0.00624166 0.0109902 0.0126389
1.97 -0.00558809 0.0115288 0.0128117
1.98 -0.0048926 0.012027 0.0129841
1.99 -0.00415735 0.0124811 0.0131553
2 -0.00338518 0.0128885 0.0133256
2.01 -0.00257831 0.0132457 0.0134943
2.02 -0.00173977 0.0135502 0.0136614
2.03 -0.000873343 0.0137994 0.013827
2.04 1.87433e-05 0.0139906 0.0139906
2.05 0.00093208 0.0141219 0.0141526
2.06 0.00186311 0.0141914 0.0143131
2.07 0.00280835 0.014197 0.0144721
2.08 0.00376334 0.0141376 0.0146299
2.09 0.00472398 0.0140118 0.0147867
2.1 0.005686 0.0138189 0.014943
2.11 0.00664513 0.0135578 0.0150988
2.12 0.00759648 0.0132287 0.0152547
2.13 0.00853568 0.0128313 0.015411
2.14 0.00945847 0.0123656 0.0155683
2.15 0.0103594 0.0118329 0.0157269
2.16 0.0112346 0.0112337 0.0158875
2.17 0.0120793 0.0105692 0.0160505
2.18 0.0128883 0.00984159 0.0162162
2.19 0.0136579 0.00905205 0.0163853
2.2 0.0143831 0.00820335 0.016558
2.21 0.0150596 0.00729771 0.0167347
2.22 0.0156832 0.00633837 0.0169156
2.23 0.0162501 0.00532803 0.0171013
2.24 0.016756 0.0042706 0.0172917
2.25 0.0171972 0.00316997 0.0174869
2.26 0.0175707 0.00202966 0.0176875
2.27 0.0178727 0.000854651 0.0178931
2.28 0.0181003 -0.00035056 0.0181037
2.29 0.0182511 -0.00158171 0.0183195
2.3 0.0183223 -0.00283293 0.01854
2.31 0.0183118 -0.00409959 0.0187651
2.32 0.0182181 -0.005376 0.0189947
2.33 0.0180395 -0.00665673 0.0192285
2.34 0.0177749 -0.00793569 0.0194659
2.35 0.0174238 -0.0092073 0.0197069
2.36 0.0169858 -0.0104657 0.0199511
2.37 0.0164607 -0.0117042 0.0201976
2.38 0.0158494 -0.0129175 0.0204466
2.39 0.0151526 -0.0140993 0.0206976
2.4 0.0143714 -0.015243 0.0209496
2.41 0.0135076 -0.0163436 0.021203
2.42 0.0125635 -0.0173944 0.0214571
2.43 0.0115413 -0.0183897 0.0217114
2.44 0.0104443 -0.0193239 0.0219658
2.45 0.00927557 -0.0201915 0.0222201
2.46 0.008039 -0.0209869 0.0224739
2.47 0.00673855 -0.0217048 0.0227267
2.48 0.00537897 -0.022341 0.0229794
2.49 0.00396487 -0.02289 0.0232309
2.5 0.00250164 -0.023348 0.0234816
2.51 0.000994742 -0.0237114 0.0237322
2.52 -0.000549789 -0.0239756 0.0239819
2.53 -0.00212608 -0.0241381 0.0242315
2.54 -0.00372731 -0.0241958 0.0244812
2.55 -0.00534716 -0.0241461 0.0247311
2.56 -0.00697842 -0.0239871 0.0249816
2.57 -0.00861424 -0.0237172 0.0252331
2.58 -0.0102472 -0.0233355 0.0254863
2.59 -0.0118699 -0.0228408 0.025741
2.6 -0.0134748 -0.0222339 0.0259985
2.61 -0.0150545 -0.0215148 0.0262588
2.62 -0.0166009 -0.020684 0.026522
2.63 -0.018107 -0.0197439 0.0267897
2.64 -0.0195646 -0.0186955 0.027061
2.65 -0.0209666 -0.0175417 0.027337
2.66 -0.0223053 -0.0162857 0.027618
2.67 -0.0235735 -0.0149308 0.0279041
2.68 -0.024764 -0.0134811 0.0281956
2.69 -0.0258698 -0.0119412 0.0284928
2.7 -0.0268844 -0.0103164 0.0287958
2.71 -0.027801 -0.00861196 0.0291043
2.72 -0.0286137 -0.00683401 0.0294185
2.73 -0.0293171 -0.00498942 0.0297386
2.74 -0.0299049 -0.00308417 0.0300635
2.75 -0.0303731 -0.00112636 0.030394
2.76 -0.0307166 0.000876582 0.0307291
2.77 -0.0309315 0.00291697 0.0310687
2.78 -0.0310142 0.00498604 0.0314124
2.79 -0.0309617 0.00707531 0.0317599
2.8 -0.0307715 0.0091759 0.0321104
2.81 -0.0304414 0.0112789 0.0324637
2.82 -0.0299705 0.0133745 0.0328193
2.83 -0.0293578 0.0154539 0.0331768
2.84 -0.0286029 0.0175074 0.0335356
2.85 -0.0277073 0.0195251 0.0338957
2.86 -0.026671 0.0214978 0.0342563
2.87 -0.0254966 0.0234158 0.0346176
2.88 -0.0241864 0.0252693 0.0349789
2.89 -0.0227432 0.0270494 0.0353401
2.9 -0.021171 0.0287463 0.035701
2.91 -0.0194742 0.0303512 0.0360616
2.92 -0.0176578 0.031855 0.0364217
2.93 -0.0157273 0.0332497 0.0367816
2.94 -0.0136893 0.0345265 0.0371413
2.95 -0.0115509 0.0356779 0.0375012
2.96 -0.00931861 0.0366965 0.0378612
2.97 -0.00700167 0.0375753 0.0382221
2.98 -0.00460795 0.0383075 0.0385837
2.99 -0.00214628 0.0388877 0.0389468
3 0.000373148 0.0393099 0.0393116
3.01 0.00294095 0.0395697 0.0396788
3.02 0.00554655 0.0396627 0.0400486
3.03 0.00817931 0.0395856 0.0404218
3.04 0.0108279 0.0393355 0.0407985
3.05 0.0134813 0.0389103 0.0411795
3.06 0.0161281 0.0383085 0.0415651
3.07 0.0187558 0.0375296 0.0419554
3.08 0.0213538 0.0365735 0.042351
3.09 0.0239093 0.0354415 0.0427522
3.1 0.0264103 0.0341349 0.0431589
3.11 0.0288456 0.0326563 0.0435718
3.12 0.0312028 0.031009 0.0439906
3.13 0.0334701 0.0291972 0.0444153
3.14 0.0356362 0.0272255 0.0448461
3.15 0.0376897 0.0250998 0.0452826
3.16 0.0396196 0.0228264 0.0457248
3.17 0.0414151 0.0204125 0.0461723
3.18 0.0430665 0.0178657 0.0466252
3.19 0.0445632 0.0151953 0.0470826
3.2 0.0458965 0.0124098 0.0475447
3.21 0.0470578 0.00951971 0.048011
3.22 0.0480382 0.00653559 0.0484807
3.23 0.0488308 0.00346839 0.0489538
3.24 0.0494286 0.00032992 0.0494297
3.25 0.0498254 -0.00286745 0.0499079
3.26 0.0500161 -0.00611121 0.050388
3.27 0.0499961 -0.00938813 0.0508699
3.28 0.0497619 -0.0126849 0.0513532
3.29 0.0493104 -0.0159873 0.0518373
3.3 0.0486402 -0.019282 0.0523227
3.31 0.0477501 -0.022554 0.0528087
3.32 0.0466398 -0.0257892 0.053295
3.33 0.0453109 -0.0289734 0.0537823
3.34 0.0437646 -0.0320917 0.0542699
3.35 0.0420042 -0.0351298 0.0547581
3.36 0.0400333 -0.0380736 0.0552473
3.37 0.0378571 -0.0409085 0.0557375
3.38 0.0354809 -0.0436209 0.0562288
3.39 0.032912 -0.0461968 0.0567216
3.4 0.0301577 -0.0486234 0.0572165
3.41 0.0272269 -0.0508871 0.0577131
3.42 0.0241288 -0.0529762 0.0582123
3.43 0.0208741 -0.0548788 0.0587147
3.44 0.0174737 -0.056583 0.0592196
3.45 0.0139399 -0.0580792 0.0597287
3.46 0.0102854 -0.059357 0.0602415
3.47 0.00652372 -0.0604073 0.0607585
3.48 0.00266907 -0.0612221 0.0612802
3.49 -0.00126348 -0.0617938 0.0618067
3.5 -0.00525888 -0.0621161 0.0623384
3.51 -0.00930084 -0.0621833 0.062875
3.52 -0.0133734 -0.0619914 0.0634175
3.53 -0.0174593 -0.0615364 0.0639652
3.54 -0.021542 -0.0608159 0.0645185
3.55 -0.0256038 -0.0598294 0.0650778
3.56 -0.0296273 -0.0585757 0.0656421
3.57 -0.0335948 -0.0570562 0.0662119
3.58 -0.0374888 -0.0552731 0.0667872
3.59 -0.0412912 -0.0532291 0.067367
3.6 -0.0449851 -0.0509291 0.0679517
3.61 -0.0485527 -0.0483784 0.0685407
3.62 -0.0519774 -0.0455839 0.0691343
3.63 -0.0552421 -0.0425529 0.0697312
3.64 -0.058331 -0.0392951 0.0703321
3.65 -0.0612279 -0.0358202 0.0709362
3.66 -0.0639177 -0.0321388 0.0715428
3.67 -0.0663861 -0.028264 0.0721524
3.68 -0.068619 -0.0242083 0.0727641
3.69 -0.0706033 -0.0199857 0.0733775
3.7 -0.0723272 -0.0156117 0.0739929
3.71 -0.073779 -0.0111019 0.0746096
3.72 -0.0749487 -0.0064729 0.0752277
3.73 -0.0758267 -0.00174243 0.0758467
3.74 -0.0764054 0.00307146 0.0764671
3.75 -0.0766771 0.0079501 0.0770882
3.76 -0.0766364 0.0128743 0.0777103
3.77 -0.0762789 0.0178239 0.0783336
3.78 -0.0756004 0.0227794 0.0789578
3.79 -0.0745997 0.0277198 0.0795834
3.8 -0.0732761 0.0326246 0.0802106
3.81 -0.0716294 0.0374728 0.0808392
3.82 -0.0696625 0.0422435 0.0814701
3.83 -0.0673783 0.0469156 0.0821031
3.84 -0.0647817 0.0514685 0.0827386
3.85 -0.0618786 0.0558814 0.0833768
3.86 -0.0586768 0.0601342 0.0840184
3.87 -0.055185 0.0642067 0.0846633
3.88 -0.0514128 0.0680797 0.0853119
3.89 -0.0473729 0.071734 0.0859649
3.9 -0.043077 0.0751515 0.086622
3.91 -0.0385393 0.0783144 0.0872836
3.92 -0.0337755 0.0812062 0.0879502
3.93 -0.0288013 0.0838107 0.0886214
3.94 -0.0236344 0.0861134 0.0892978
3.95 -0.0182934 0.0880999 0.0899792
3.96 -0.0127977 0.0897582 0.0906659
3.97 -0.00716748 0.0910761 0.0913577
3.98 -0.00142413 0.0920438 0.0920548
3.99 0.00441003 0.0926521 0.092757
4 0.0103133 0.0928932 0.093464
4.01 0.0162614 0.0927612 0.0941758
4.02 0.0222311 0.0922512 0.0948921
4.03 0.0281987 0.0913596 0.0956125
4.04 0.0341389 0.0900853 0.0963371
4.05 0.0400275 0.0884275 0.0970651
4.06 0.0458398 0.0863882 0.0977968
4.07 0.0515509 0.0839698 0.0985313
4.08 0.0571359 0.0811775 0.0992688
4.09 0.0625705 0.078017 0.100009
4.1 0.0678307 0.0744962 0.100751
4.11 0.0728921 0.0706247 0.101494
4.12 0.0777321 0.0664131 0.10224
4.13 0.0823279 0.0618739 0.102987
4.14 0.0866571 0.0570216 0.103735
4.15 0.090699 0.0518707 0.104484
4.16 0.0944333 0.046439 0.105234
4.17 0.0978403 0.0407444 0.105985
4.18 0.100902 0.0348064 0.106737
4.19 0.103602 0.0286457 0.10749
4.2 0.105924 0.0222845 0.108243
4.21 0.107854 0.0157459 0.108998
4.22 0.109379 0.00905341 0.109753
4.23 0.110488 0.00223285 0.11051
4.24 0.11117 -0.00469034 0.111268
4.25 0.111417 -0.01169 0.112028
4.26 0.111223 -0.0187379 0.11279
4.27 0.110582 -0.0258072 0.113554
4.28 0.109493 -0.0328695 0.11432
4.29 0.107953 -0.039896 0.115089
4.3 0.105962 -0.0468583 0.115861
4.31 0.103524 -0.0537275 0.116635
4.32 0.100641 -0.060475 0.117414
4.33 0.0973216 -0.0670717 0.118195
4.34 0.0935719 -0.07349 0.118981
4.35 0.0894018 -0.0797014 0.119771
4.36 0.0848232 -0.0856782 0.120564
4.37 0.0798486 -0.0913944 0.121362
4.38 0.0744938 -0.0968231 0.122164
4.39 0.0687751 -0.101939 0.12297
4.4 0.062711 -0.106719 0.12378
4.41 0.0563216 -0.111138 0.124595
4.42 0.0496284 -0.115175 0.125413
4.43 0.0426544 -0.11881 0.126235
4.44 0.0354238 -0.122022 0.12706
4.45 0.0279627 -0.124794 0.127888
4.46 0.0202977 -0.127109 0.12872
4.47 0.0124566 -0.128954 0.129554
4.48 0.00446938 -0.130314 0.13039
4.49 -0.00363509 -0.131179 0.131229
4.5 -0.0118253 -0.131539 0.132069
4.51 -0.0200698 -0.131387 0.132911
4.52 -0.0283369 -0.130717 0.133753
4.53 -0.036594 -0.129526 0.134597
4.54 -0.0448081 -0.127814 0.13544
4.55 -0.0529464 -0.125579 0.136284
4.56 -0.0609762 -0.122826 0.137128
4.57 -0.0688642 -0.119558 0.137973
4.58 -0.0765774 -0.115784 0.138816
4.59 -0.0840845 -0.111512 0.13966
4.6 -0.0913522 -0.106753 0.140504
4.61 -0.09835 -0.101521 0.141348
4.62 -0.105047 -0.0958302 0.142191
4.63 -0.111414 -0.0896989 0.143035
4.64 -0.117422 -0.083146 0.143879
4.65 -0.123044 -0.0761924 0.144724
4.66 -0.128252 -0.0688614 0.14557
4.67 -0.133023 -0.0611773 0.146416
4.68 -0.137332 -0.0531666 0.147265
4.69 -0.141159 -0.0448569 0.148114
4.7 -0.144481 -0.0362782 0.148966
4.71 -0.147282 -0.0274601 0.14982
4.72 -0.149544 -0.0184356 0.150676
4.73 -0.151253 -0.00923733 0.151535
4.74 -0.152397 0.000100584 0.152397
4.75 -0.152965 0.00954286 0.153262
4.76 -0.152948 0.0190537 0.154131
4.77 -0.152341 0.0285969 0.155002
4.78 -0.15114 0.0381353 0.155877
4.79 -0.149343 0.0476318 0.156755
4.8 -0.146951 0.0570487 0.157636
4.81 -0.143968 0.0663491 0.158521
4.82 -0.140398 0.0754946 0.159408
4.83 -0.136249 0.0844488 0.160298
4.84 -0.131533 0.0931749 0.161191
4.85 -0.126261 0.101636 0.162085
4.86 -0.120448 0.109797 0.162982
4.87 -0.114112 0.117623 0.16388
4.88 -0.107271 0.125081 0.164779
4.89 -0.0999465 0.132137 0.165679
4.9 -0.0921632 0.138761 0.166579
4.91 -0.0839457 0.144923 0.16748
4.92 -0.0753221 0.150593 0.16838
4.93 -0.0663211 0.155747 0.169279
4.94 -0.0569744 0.160358 0.170178
4.95 -0.047314 0.164403 0.171076
4.96 -0.0373746 0.167862 0.171972
4.97 -0.0271916 0.170715 0.172867
4.98 -0.016802 0.172946 0.173761
4.99 -0.00624356 0.174541 0.174653
5 0.00444433 0.175487 0.175543
5.01 0.0152221 0.175774 0.176432
5.02 0.0260489 0.175395 0.177319
5.03 0.0368842 0.174346 0.178205
5.04 0.0476857 0.172625 0.17909
5.05 0.0584125 0.170231 0.179974
5.06 0.0690224 0.167168 0.180857
5.07 0.0794736 0.163442 0.181739
5.08 0.089725 0.15906 0.182622
5.09 0.0997353 0.154035 0.183504
5.1 0.109464 0.148378 0.184387
5.11 0.118872 0.142107 0.18527
5.12 0.127919 0.13524 0.186154
5.13 0.136569 0.127798 0.187039
5.14 0.144785 0.119804 0.187924
5.15 0.152531 0.111284 0.188812
5.16 0.159775 0.102266 0.1897
5.17 0.166483 0.0927796 0.19059
5.18 0.172627 0.0828578 0.191482
5.19 0.178177 0.072534 0.192375
5.2 0.183108 0.0618443 0.193269
5.21 0.187395 0.0508261 0.194165
5.22 0.191017 0.0395186 0.195062
5.23 0.193954 0.0279622 0.195959
5.24 0.19619 0.0161989 0.196857
5.25 0.19771 0.0042711 0.197756
5.26 0.198502 -0.00777666 0.198655
5.27 0.198559 -0.0199004 0.199554
5.28 0.197873 -0.0320545 0.200452
5.29 0.19644 -0.0441932 0.201349
5.3 0.194261 -0.0562708 0.202246
5.31 0.191337 -0.068241 0.203142
5.32 0.187673 -0.0800577 0.204036
5.33 0.183279 -0.0916754 0.204928
5.34 0.178163 -0.103048 0.205818
5.35 0.172341 -0.114132 0.206706
5.36 0.165828 -0.124883 0.207592
5.37 0.158643 -0.135257 0.208476
5.38 0.150808 -0.145213 0.209356
5.39 0.142349 -0.154711 0.210234
5.4 0.133291 -0.163711 0.211111
5.41 0.123664 -0.172175 0.211984
5.42 0.113501 -0.180068 0.212855
5.43 0.102835 -0.187357 0.213724
5.44 0.0917028 -0.194009 0.21459
5.45 0.0801422 -0.199995 0.215455
5.46 0.0681939 -0.205287 0.216318
5.47 0.0558991 -0.209862 0.217179
5.48 0.043302 -0.213695 0.218038
5.49 0.0304469 -0.216769 0.218897
5.5 0.0173806 -0.219066 0.219755
5.51 0.00414978 -0.220572 0.220611
5.52 -0.00919696 -0.221276 0.221467
5.53 -0.0226107 -0.221169 0.222322
5.54 -0.0360419 -0.220247 0.223177
5.55 -0.049441 -0.218508 0.224031
5.56 -0.0627572 -0.215951 0.224885
5.57 -0.0759412 -0.212582 0.225739
5.58 -0.0889423 -0.208407 0.226592
5.59 -0.101712 -0.203436 0.227446
5.6 -0.1142 -0.197683 0.228298
5.61 -0.126358 -0.191163 0.22915
5.62 -0.138141 -0.183897 0.230002
5.63 -0.1495 -0.175905 0.230852
5.64 -0.160391 -0.167213 0.231702
5.65 -0.170772 -0.157848 0.232549
5.66 -0.1806 -0.147841 0.233395
5.67 -0.189836 -0.137225 0.23424
5.68 -0.198441 -0.126034 0.235082
5.69 -0.20638 -0.114307 0.235921
5.7 -0.213619 -0.102084 0.236757
5.71 -0.220127 -0.0894062 0.237591
5.72 -0.225876 -0.076318 0.238421
5.73 -0.23084 -0.0628648 0.239247
5.74 -0.234997 -0.0490941 0.24007
5.75 -0.238325 -0.0350545 0.240889
5.76 -0.240808 -0.0207961 0.241704
5.77 -0.242431 -0.0063698 0.242515
5.78 -0.243184 0.00817199 0.243321
5.79 -0.243058 0.0227771 0.244123
5.8 -0.24205 0.037392 0.244921
5.81 -0.240157 0.0519634 0.245715
5.82 -0.237382 0.0664376 0.246504
5.83 -0.23373 0.0807611 0.24729
5.84 -0.22921 0.0948808 0.248071
5.85 -0.223832 0.108744 0.248849
5.86 -0.217612 0.122298 0.249624
5.87 -0.210569 0.135492 0.250395
5.88 -0.202723 0.148276 0.251162
5.89 -0.194099 0.160602 0.251927
5.9 -0.184724 0.172421 0.25269
5.91 -0.174628 0.183688 0.253449
5.92 -0.163845 0.19436 0.254206
5.93 -0.15241 0.204393 0.254962
5.94 -0.140361 0.213749 0.255715
5.95 -0.12774 0.22239 0.256466
5.96 -0.114588 0.230281 0.257216
5.97 -0.100952 0.237389 0.257963
5.98 -0.0868779 0.243685 0.258709
5.99 -0.072415 0.249142 0.259453
6 -0.0576139 0.253736 0.260195
6.01 -0.0425263 0.257446 0.260935
6.02 -0.0272059 0.260255 0.261673
6.03 -0.0117066 0.262147 0.262408
6.04 0.00391601 0.263112 0.263142
6.05 0.0196064 0.263143 0.263872
6.06 0.035308 0.262234 0.2646
6.07 0.0509643 0.260383 0.265324
6.08 0.0665187 0.257596 0.266046
6.09 0.0819147 0.253875 0.266763
6.1 0.0970957 0.249232 0.267477
6.11 0.112007 0.243678 0.268187
6.12 0.126593 0.237229 0.268893
6.13 0.140799 0.229905 0.269594
6.14 0.154575 0.221729 0.270291
6.15 0.167867 0.212725 0.270982
6.16 0.180627 0.202923 0.271669
6.17 0.192806 0.192354 0.27235
6.18 0.204359 0.181054 0.273026
6.19 0.215241 0.16906 0.273697
6.2 0.225411 0.156411 0.274362
6.21 0.23483 0.143151 0.275022
6.22 0.243461 0.129324 0.275677
6.23 0.25127 0.114978 0.276327
6.24 0.258226 0.100162 0.276971
6.25 0.264301 0.0849262 0.277611
6.26 0.269471 0.0693245 0.278246
6.27 0.273713 0.0534108 0.278875
6.28 0.277009 0.0372405 0.279501
6.29 0.279343 0.0208705 0.280122
6.3 0.280705 0.00435802 0.280739
6.31 0.281086 -0.0122385 0.281352
6.32 0.28048 -0.0288604 0.281961
6.33 0.278887 -0.0454491 0.282566
6.34 0.276309 -0.0619449 0.283168
6.35 0.272752 -0.0782894 0.283766
6.36 0.268226 -0.0944242 0.284361
6.37 0.262742 -0.110291 0.284952
6.38 0.256318 -0.125833 0.285539
6.39 0.248973 -0.140994 0.286123
6.4 0.24073 -0.155719 0.286704
6.41 0.231615 -0.169955 0.287281
6.42 0.221659 -0.183649 0.287854
6.43 0.210893 -0.196753 0.288423
6.44 0.199353 -0.209217 0.288987
6.45 0.187078 -0.220996 0.289547
6.46 0.174108 -0.232047 0.290103
6.47 0.160488 -0.242327 0.290652
6.48 0.146262 -0.2518 0.291197
6.49 0.13148 -0.260429 0.291737
6.5 0.116192 -0.268181 0.29227
6.51 0.10045 -0.275028 0.292798
6.52 0.0843082 -0.280942 0.293319
6.53 0.0678222 -0.2859 0.293834
6.54 0.0510488 -0.289882 0.294343
6.55 0.0340456 -0.292873 0.294845
6.56 0.0168723 -0.294858 0.295341
6.57 -0.000412245 -0.295829 0.29583
6.58 -0.0177477 -0.29578 0.296312
6.59 -0.0350731 -0.294708 0.296788
6.6 -0.0523288 -0.292615 0.297258
6.61 -0.0694538 -0.289506 0.297721
6.62 -0.0863884 -0.285389 0.298178
6.63 -0.103073 -0.280277 0.298629
6.64 -0.119449 -0.274185 0.299074
6.65 -0.135459 -0.267132 0.299514
6.66 -0.151046 -0.25914 0.299948
6.67 -0.166156 -0.250237 0.300377
6.68 -0.180735 -0.240451 0.300802
6.69 -0.194731 -0.229813 0.301221
6.7 -0.208095 -0.218361 0.301637
6.71 -0.220778 -0.206131 0.302048
6.72 -0.232736 -0.193165 0.302455
6.73 -0.243927 -0.179506 0.302857
6.74 -0.254309 -0.165201 0.303256
6.75 -0.263846 -0.150297 0.303651
6.76 -0.272503 -0.134846 0.304042
6.77 -0.280249 -0.1189 0.304429
6.78 -0.287056 -0.102514 0.304811
6.79 -0.292898 -0.0857427 0.30519
6.8 -0.297754 -0.0686436 0.305564
6.81 -0.301606 -0.0512758 0.305933
6.82 -0.304439 -0.033698 0.306298
6.83 -0.306241 -0.0159711 0.306657
6.84 -0.307006 0.00184451 0.307011
6.85 -0.306729 0.0196877 0.30736
6.86 -0.305409 0.0374972 0.307702
6.87 -0.30305 0.0552114 0.308039
6.88 -0.299659 0.0727696 0.308369
6.89 -0.295247 0.0901118 0.308692
6.9 -0.289826 0.107178 0.309009
6.91 -0.283415 0.12391 0.309318
6.92 -0.276034 0.140249 0.30962
6.93 -0.267708 0.15614 0.309915
6.94 -0.258464 0.171528 0.310202
6.95 -0.248333 0.186359 0.310482
6.96 -0.237348 0.200584 0.310754
6.97 -0.225547 0.214152 0.311018
6.98 -0.212969 0.227017 0.311275
6.99 -0.199656 0.239134 0.311525
7 -0.185654 0.250463 0.311768
7.01 -0.171009 0.260964 0.312003
7.02 -0.15577 0.2706 0.312232
7.03 -0.13999 0.279339 0.312454
7.04 -0.123721 0.28715 0.312669
7.05 -0.107019 0.294007 0.312879
7.06 -0.0899393 0.299885 0.313082
7.07 -0.0725404 0.304765 0.313279
7.08 -0.0548814 0.308629 0.313471
7.09 -0.037022 0.311464 0.313657
7.1 -0.0190221 0.313261 0.313838
7.11 -0.000942627 0.314012 0.314014
7.12 0.0171551 0.313715 0.314184
7.13 0.0352095 0.312371 0.314349
7.14 0.0531605 0.309984 0.31451
7.15 0.0709464 0.306563 0.314665
7.16 0.0885086 0.302118 0.314816
7.17 0.105787 0.296664 0.314961
7.18 0.122723 0.290221 0.315102
7.19 0.13926 0.282808 0.315236
7.2 0.155343 0.274453 0.315366
7.21 0.170918 0.265182 0.315491
7.22 0.185931 0.255027 0.315609
7.23 0.200333 0.244022 0.315721
7.24 0.214076 0.232204 0.315828
7.25 0.227114 0.219614 0.315928
7.26 0.239403 0.206292 0.316022
7.27 0.250903 0.192285 0.31611
7.28 0.261574 0.177639 0.316191
7.29 0.271383 0.162403 0.316265
7.3 0.280296 0.146629 0.316332
7.31 0.288285 0.130369 0.316393
7.32 0.295323 0.113678 0.316446
7.33 0.301387 0.0966123 0.316493
7.34 0.306457 0.0792282 0.316533
7.35 0.310518 0.0615844 0.316566
7.36 0.313557 0.0437387 0.316593
7.37 0.315564 0.0257519 0.316613
7.38 0.316533 0.00768275 0.316626
7.39 0.316462 -0.0104079 0.316633
7.4 0.315352 -0.0284601 0.316634
7.41 0.313208 -0.0464145 0.316629
7.42 0.310038 -0.0642117 0.316618
7.43 0.305854 -0.081792 0.316601
7.44 0.300669 -0.0990982 0.316579
7.45 0.294503 -0.116073 0.316552
7.46 0.287377 -0.132661 0.316519
7.47 0.279316 -0.148807 0.316482
7.48 0.270347 -0.164458 0.316439
7.49 0.260501 -0.179565 0.316392
7.5 0.249811 -0.194076 0.31634
7.51 0.238314 -0.207946 0.316284
7.52 0.22605 -0.221129 0.316222
7.53 0.213058 -0.233583 0.316156
7.54 0.199383 -0.245267 0.316085
7.55 0.185072 -0.256145 0.316009
7.56 0.170171 -0.266181 0.315928
7.57 0.15473 -0.275344 0.315842
7.58 0.138802 -0.283605 0.31575
7.59 0.122439 -0.290939 0.315653
7.6 0.105695 -0.297322 0.31555
7.61 0.0886256 -0.302735 0.315441
7.62 0.071288 -0.307162 0.315326
7.63 0.0537387 -0.310591 0.315205
7.64 0.0360353 -0.313011 0.315078
7.65 0.0182362 -0.314416 0.314945
7.66 0.000399097 -0.314804 0.314804
7.67 -0.0174169 -0.314175 0.314657
7.68 -0.035154 -0.312532 0.314503
7.69 -0.0527549 -0.309885 0.314343
7.7 -0.0701624 -0.306242 0.314176
7.71 -0.0873204 -0.301617 0.314003
7.72 -0.104173 -0.296027 0.313822
7.73 -0.120667 -0.289493 0.313635
7.74 -0.136748 -0.282039 0.313442
7.75 -0.152367 -0.273688 0.313243
7.76 -0.167473 -0.264471 0.313037
7.77 -0.182018 -0.25442 0.312826
7.78 -0.195956 -0.243569 0.31261
7.79 -0.209244 -0.231955 0.312388
7.8 -0.22184 -0.219617 0.312161
7.81 -0.233705 -0.206596 0.31193
7.82 -0.244802 -0.192937 0.311693
7.83 -0.255097 -0.178685 0.311453
7.84 -0.26456 -0.163888 0.311209
7.85 -0.27316 -0.148594 0.310961
7.86 -0.280873 -0.132854 0.310709
7.87 -0.287677 -0.11672 0.310454
7.88 -0.29355 -0.100245 0.310195
7.89 -0.298477 -0.0834834 0.309933
7.9 -0.302445 -0.0664889 0.309667
7.91 -0.305442 -0.049317 0.309398
7.92 -0.307463 -0.0320236 0.309126
7.93 -0.308503 -0.0146643 0.308851
7.94 -0.30856 0.00270487 0.308572
7.95 -0.307639 0.0200281 0.30829
7.96 -0.305744 0.0372501 0.308005
7.97 -0.302884 0.0543157 0.307715
7.98 -0.29907 0.0711712 0.307422
7.99 -0.294319 0.0877635 0.307126
8 -0.288647 0.104039 0.306824
8.01 -0.282075 0.119948 0.306519
8.02 -0.274627 0.13544 0.306209
8.03 -0.266329 0.150468 0.305895
8.04 -0.25721 0.164983 0.305576
8.05 -0.247301 0.178943 0.305251
8.06 -0.236637 0.192303 0.304922
8.07 -0.225254 0.205023 0.304588
8.08 -0.213189 0.217066 0.304249
8.09 -0.200484 0.228395 0.303905
8.1 -0.18718 0.238975 0.303555
8.11 -0.173322 0.248777 0.3032
8.12 -0.158956 0.25777 0.30284
8.13 -0.144128 0.26593 0.302475
8.14 -0.128887 0.273232 0.302106
8.15 -0.113283 0.279658 0.301731
8.16 -0.0973667 0.285189 0.301352
8.17 -0.0811887 0.289811 0.300968
8.18 -0.0648013 0.293512 0.30058
8.19 -0.0482571 0.296284 0.300188
8.2 -0.031609 0.298122 0.299793
8.21 -0.0149092 0.299022 0.299393
8.22 0.00178832 0.298985 0.29899
8.23 0.0184322 0.298015 0.298584
8.24 0.0349691 0.296117 0.298175
8.25 0.051348 0.293302 0.297763
8.26 0.0675174 0.289581 0.297348
8.27 0.0834277 0.284969 0.29693
8.28 0.0990293 0.279484 0.29651
8.29 0.114274 0.273146 0.296087
8.3 0.129116 0.265979 0.295661
8.31 0.14351 0.258007 0.295234
8.32 0.157412 0.249259 0.294803
8.33 0.170781 0.239765 0.29437
8.34 0.183576 0.229558 0.293934
8.35 0.19576 0.218671 0.293495
8.36 0.207297 0.207143 0.293054
8.37 0.218154 0.19501 0.292609
8.38 0.228298 0.182314 0.292162
8.39 0.237701 0.169096 0.291711
8.4 0.246336 0.155399 0.291257
8.41 0.254181 0.141268 0.2908
8.42 0.261212 0.126749 0.29034
8.43 0.267412 0.111888 0.289876
8.44 0.272765 0.0967332 0.28941
8.45 0.277256 0.081332 0.288939
8.46 0.280877 0.0657343 0.288466
8.47 0.283618 0.0499886 0.28799
8.48 0.285476 0.0341448 0.287511
8.49 0.286447 0.0182521 0.287028
8.5 0.286534 0.00236024 0.286543
8.51 0.285738 -0.0134815 0.286056
8.52 0.284066 -0.0292244 0.285565
8.53 0.281527 -0.04482 0.285073
8.54 0.278134 -0.0602203 0.284578
8.55 0.273898 -0.0753795 0.284081
8.56 0.268838 -0.0902509 0.283583
8.57 0.262973 -0.10479 0.283082
8.58 0.256324 -0.118953 0.282581
8.59 0.248916 -0.132698 0.282078
8.6 0.240774 -0.145984 0.281573
8.61 0.231926 -0.158773 0.281067
8.62 0.222404 -0.171026 0.280559
8.63 0.21224 -0.182709 0.28005
8.64 0.201467 -0.193788 0.27954
8.65 0.190121 -0.204231 0.279027
8.66 0.178241 -0.21401 0.278514
8.67 0.165864 -0.223096 0.277997
8.68 0.153032 -0.231465 0.277479
8.69 0.139786 -0.239095 0.276959
8.7 0.126167 -0.245965 0.276436
8.71 0.112221 -0.252057 0.27591
8.72 0.0979903 -0.257357 0.275381
8.73 0.0835209 -0.261852 0.274849
8.74 0.0688578 -0.265531 0.274314
8.75 0.0540471 -0.268387 0.273775
8.76 0.0391348 -0.270415 0.273232
8.77 0.0241669 -0.271612 0.272685
8.78 0.00918928 -0.27198 0.272135
8.79 -0.00575179 -0.271519 0.27158
8.8 -0.0206115 -0.270236 0.271021
8.81 -0.0353442 -0.268138 0.270458
8.82 -0.049906 -0.265236 0.269891
8.83 -0.0642532 -0.261543 0.26932
8.84 -0.0783432 -0.257072 0.268745
8.85 -0.0921339 -0.251842 0.268166
8.86 -0.105585 -0.245873 0.267584
8.87 -0.118657 -0.239185 0.267
8.88 -0.131312 -0.231803 0.266412
8.89 -0.143514 -0.223753 0.265822
8.9 -0.155227 -0.215062 0.26523
8.91 -0.166419 -0.20576 0.264637
8.92 -0.177058 -0.195879 0.264042
8.93 -0.187114 -0.185451 0.263446
8.94 -0.19656 -0.174511 0.26285
8.95 -0.20537 -0.163094 0.262253
8.96 -0.21352 -0.151238 0.261656
8.97 -0.22099 -0.138981 0.26106
8.98 -0.227759 -0.126361 0.260464
8.99 -0.233811 -0.11342 0.259868
9 -0.239131 -0.100198 0.259275
9.01 -0.243707 -0.086737 0.258682
9.02 -0.247528 -0.0730782 0.25809
9.03 -0.250587 -0.0592648 0.257499
9.04 -0.252878 -0.0453393 0.25691
9.05 -0.254398 -0.0313445 0.256322
9.06 -0.255147 -0.0173225 0.255735
9.07 -0.255127 -0.00331671 0.255148
9.08 -0.25434 0.0106309 0.254562
9.09 -0.252795 0.024478 0.253977
9.1 -0.250499 0.0381842 0.253392
9.11 -0.247463 0.0517075 0.252807
9.12 -0.2437 0.0650094 0.252222
9.13 -0.239225 0.07805 0.251636
9.14 -0.234056 0.0907911 0.251048
9.15 -0.228212 0.103197 0.25046
9.16 -0.221714 0.115231 0.249871
9.17 -0.214586 0.126859 0.249279
9.18 -0.206851 0.138048 0.248686
9.19 -0.198537 0.148767 0.24809
9.2 -0.189672 0.158986 0.247491
9.21 -0.180285 0.168677 0.24689
9.22 -0.170408 0.177813 0.246286
9.23 -0.160074 0.186371 0.245678
9.24 -0.149315 0.194327 0.245067
9.25 -0.138166 0.201662 0.244453
9.26 -0.126664 0.208355 0.243835
9.27 -0.114845 0.21439 0.243213
9.28 -0.102746 0.219754 0.242587
9.29 -0.0904058 0.224434 0.241958
9.3 -0.0778616 0.228418 0.241324
9.31 -0.0651533 0.2317 0.240687
9.32 -0.0523197 0.234274 0.240045
9.33 -0.0394007 0.236135 0.2394
9.34 -0.0264349 0.237282 0.23875
9.35 -0.0134618 0.237715 0.238096
9.36 -0.000521092 0.237438 0.237438
9.37 0.0123493 0.236454 0.236777
9.38 0.0251106 0.234772 0.236111
9.39 0.0377252 0.2324 0.235442
9.4 0.0501562 0.229349 0.234769
9.41 0.0623672 0.225632 0.234093
9.42 0.0743223 0.221264 0.233412
9.43 0.0859881 0.216262 0.232729
9.44 0.0973302 0.210643 0.232043
9.45 0.108317 0.204431 0.231354
9.46 0.118918 0.197645 0.230662
9.47 0.129103 0.190309 0.229968
9.48 0.138845 0.182449 0.229272
9.49 0.148116 0.174092 0.228574
9.5 0.156891 0.165265 0.227876
9.51 0.165149 0.155998 0.227177
9.52 0.172865 0.14632 0.226478
9.53 0.180023 0.136264 0.225779
9.54 0.186601 0.125861 0.22508
9.55 0.192586 0.115145 0.224383
9.56 0.197962 0.104151 0.223688
9.57 0.202718 0.092911 0.222996
9.58 0.206843 0.0814622 0.222307
9.59 0.210329 0.0698391 0.22162
9.6 0.213168 0.0580783 0.220938
9.61 0.215358 0.0462152 0.220261
9.62 0.216895 0.0342864 0.219588
9.63 0.217779 0.0223274 0.21892
9.64 0.218012 0.0103752 0.218259
9.65 0.217597 -0.00153563 0.217603
9.66 0.21654 -0.0133686 0.216953
9.67 0.214848 -0.0250898 0.216308
9.68 0.212531 -0.0366636 0.21567
9.69 0.209598 -0.0480572 0.215037
9.7 0.206065 -0.0592377 0.21441
9.71 0.201944 -0.0701726 0.213788
9.72 0.197252 -0.0808306 0.213171
9.73 0.192007 -0.0911822 0.212558
9.74 0.186228 -0.101197 0.211948
9.75 0.179937 -0.11085 0.211341
9.76 0.173156 -0.120112 0.210736
9.77 0.165907 -0.128958 0.210132
9.78 0.158217 -0.137366 0.209528
9.79 0.150111 -0.145312 0.208923
9.8 0.141616 -0.152777 0.208317
9.81 0.132761 -0.15974 0.207708
9.82 0.123574 -0.166185 0.207095
9.83 0.114086 -0.172096 0.206477
9.84 0.104327 -0.177458 0.205853
9.85 0.0943263 -0.182259 0.205221
9.86 0.084118 -0.186489 0.204583
9.87 0.0737329 -0.190139 0.203935
9.88 0.0632035 -0.193202 0.203278
9.89 0.052562 -0.195673 0.20261
9.9 0.0418416 -0.197549 0.201932
9.91 0.0310749 -0.198828 0.201242
9.92 0.0202935 -0.199511 0.20054
9.93 0.00953087 -0.199599 0.199827
9.94 -0.00118187 -0.199098 0.199101
9.95 -0.0118129 -0.198011 0.198363
9.96 -0.0223305 -0.196347 0.197613
9.97 -0.0327046 -0.194115 0.196851
9.98 -0.0429056 -0.191327 0.196079
9.99 -0.0529035 -0.187993 0.195295
10 -0.0626707 -0.184128 0.194501
10.01 -0.0721792 -0.179747 0.193698
10.02 -0.0814035 -0.174868 0.192886
10.03 -0.0903172 -0.169508 0.192068
10.04 -0.0988969 -0.163686 0.191243
10.05 -0.107119 -0.157425 0.190413
10.06 -0.114963 -0.150746 0.18958
10.07 -0.122406 -0.143671 0.188745
10.08 -0.129432 -0.136225 0.187909
10.09 -0.136021 -0.128433 0.187074
10.1 -0.142157 -0.12032 0.186241
10.11 -0.147827 -0.111914 0.185412
10.12 -0.153017 -0.103241 0.184588
10.13 -0.157714 -0.0943296 0.183771
10.14 -0.16191 -0.0852074 0.182962
10.15 -0.165596 -0.0759042 0.182163
10.16 -0.168765 -0.066448 0.181375
10.17 -0.171412 -0.0568685 0.180599
10.18 -0.173533 -0.0471949 0.179836
10.19 -0.175126 -0.0374571 0.179087
10.2 -0.176192 -0.0276834 0.178354
10.21 -0.176732 -0.0179044 0.177637
10.22 -0.176748 -0.00814805 0.176936
10.23 -0.176245 0.00155623 0.176252
10.24 -0.175229 0.0111808 0.175586
10.25 -0.173708 0.0206974 0.174937
10.26 -0.17169 0.0300789 0.174305
10.27 -0.169187 0.0392986 0.173691
10.28 -0.166209 0.0483311 0.173094
10.29 -0.162771 0.0571505 0.172512
10.3 -0.158886 0.0657335 0.171946
10.31 -0.15457 0.0740558 0.171395
10.32 -0.14984 0.0820953 0.170855
10.33 -0.144714 0.0898311 0.170329
10.34 -0.139211 0.0972427 0.169811
10.35 -0.133351 0.104311 0.169302
10.36 -0.127154 0.111018 0.168799
10.37 -0.120643 0.117348 0.168301
10.38 -0.113839 0.123285 0.167805
10.39 -0.106767 0.128814 0.167309
10.4 -0.0994484 0.133924 0.16681
10.41 -0.0919092 0.138602 0.166307
10.42 -0.0841726 0.142839 0.165795
10.43 -0.0762641 0.146627 0.165275
10.44 -0.0682092 0.149958 0.164742
10.45 -0.0600329 0.152826 0.164194
10.46 -0.051761 0.155227 0.16363
10.47 -0.0434184 0.157159 0.163046
10.48 -0.0350314 0.158619 0.162441
10.49 -0.0266244 0.159608 0.161813
10.5 -0.0182231 0.160126 0.16116
10.51 -0.00985218 0.160178 0.160481
10.52 -0.00153565 0.159767 0.159774
10.53 0.00670246 0.158898 0.159039
10.54 0.0148376 0.157578 0.158275
10.55 0.0228484 0.155815 0.157482
10.56 0.0307112 0.153619 0.156659
10.57 0.0384052 0.150999 0.155806
10.58 0.045909 0.147967 0.154926
10.59 0.0532033 0.144536 0.154017
10.6 0.0602683 0.14072 0.153083
10.61 0.0670863 0.136533 0.152125
10.62 0.0736394 0.131991 0.151143
10.63 0.0799119 0.12711 0.150143
10.64 0.0858878 0.121908 0.149125
10.65 0.091554 0.116403 0.148094
10.66 0.0968965 0.110613 0.147052
10.67 0.101903 0.104558 0.146002
10.68 0.106564 0.0982578 0.14495
10.69 0.11087 0.0917331 0.143899
10.7 0.114811 0.085005 0.142854
10.71 0.11838 0.0780942 0.141818
10.72 0.121571 0.071023 0.140797
10.73 0.124381 0.0638126 0.139795
10.74 0.126803 0.0564855 0.138815
10.75 0.128837 0.0490629 0.137863
10.76 0.130481 0.0415682 0.136942
10.77 0.131735 0.034022 0.136057
10.78 0.1326 0.0264471 0.135211
10.79 0.133077 0.0188651 0.134408
10.8 0.133171 0.0112976 0.133649
10.81 0.132886 0.00376597 0.132939
10.82 0.132227 -0.00370914 0.132279
10.83 0.1312 -0.0111074 0.131669
10.84 0.129813 -0.0184082 0.131112
10.85 0.128075 -0.0255927 0.130607
10.86 0.125996 -0.0326412 0.130155
10.87 0.123584 -0.0395357 0.129754
10.88 0.120851 -0.0462591 0.129402
10.89 0.11781 -0.0527931 0.129098
10.9 0.114472 -0.0591226 0.128838
10.91 0.110851 -0.0652315 0.12862
10.92 0.106961 -0.0711056 0.128439
10.93 0.102816 -0.0767302 0.128292
10.94 0.0984325 -0.0820935 0.128173
10.95 0.0938248 -0.0871825 0.128078
10.96 0.0890096 -0.0919865 0.128001
10.97 0.0840027 -0.0964946 0.127936
10.98 0.0788212 -0.100698 0.127879
10.99 0.0734826 -0.104588 0.127822
11 0.0680029 -0.108158 0.12776
11.01 0.0624007 -0.111401 0.127687
11.02 0.0566926 -0.114311 0.127597
11.03 0.050897 -0.116884 0.127485
11.04 0.0450307 -0.119116 0.127344
11.05 0.0391118 -0.121005 0.127169
11.06 0.0331572 -0.122549 0.126955
11.07 0.0271843 -0.123746 0.126697
11.08 0.0212099 -0.124599 0.126391
11.09 0.0152515 -0.125107 0.126033
11.1 0.00932421 -0.125272 0.125618
11.11 0.00344587 -0.125098 0.125145
11.12 -0.00236892 -0.124588 0.12461
11.13 -0.00810456 -0.123746 0.124011
11.14 -0.0137463 -0.122579 0.123347
11.15 -0.0192794 -0.121091 0.122617
11.16 -0.0246905 -0.119291 0.121819
11.17 -0.0299656 -0.117185 0.120955
11.18 -0.035093 -0.114782 0.120027
11.19 -0.0400597 -0.112091 0.119034
11.2 -0.0448549 -0.10912 0.11798
11.21 -0.0494674 -0.105883 0.116868
11.22 -0.0538871 -0.102386 0.115701
11.23 -0.0581051 -0.0986433 0.114485
11.24 -0.0621123 -0.0946656 0.113223
11.25 -0.065901 -0.0904652 0.111924
11.26 -0.069464 -0.0860546 0.110592
11.27 -0.072795 -0.0814471 0.109237
11.28 -0.0758877 -0.0766554 0.107866
11.29 -0.0787374 -0.071694 0.106488
11.3 -0.08134 -0.0665761 0.105112
11.31 -0.0836923 -0.0613163 0.10375
11.32 -0.0857903 -0.0559283 0.102411
11.33 -0.0876339 -0.0504269 0.101107
11.34 -0.0892199 -0.0448274 0.0998483
11.35 -0.090549 -0.0391436 0.0986476
11.36 -0.0916208 -0.0333908 0.0975157
11.37 -0.0924362 -0.0275834 0.096464
11.38 -0.0929961 -0.0217366 0.0955027
11.39 -0.0933037 -0.0158648 0.0946429
11.4 -0.0933607 -0.0099827 0.0938929
11.41 -0.0931711 -0.00410497 0.0932615
11.42 -0.0927385 0.00175358 0.092755
11.43 -0.0920679 0.00757967 0.0923794
11.44 -0.091164 0.0133576 0.0921374
11.45 -0.0900322 0.0190752 0.0920307
11.46 -0.0886789 0.0247176 0.0920593
11.47 -0.0871104 0.0302717 0.0922204
11.48 -0.085334 0.0357245 0.0925102
11.49 -0.0833569 0.0410639 0.0929227
11.5 -0.0811869 0.0462764 0.0934495
11.51 -0.078832 0.0513506 0.0940818
11.52 -0.0763011 0.0562744 0.0948086
11.53 -0.0736025 0.0610371 0.0956183
11.54 -0.0707461 0.0656272 0.0964984
11.55 -0.0677397 0.0700348 0.0974348
11.56 -0.0645949 0.0742498 0.0984151
11.57 -0.06132 0.0782626 0.0994242
11.58 -0.0579254 0.0820645 0.100449
11.59 -0.0544215 0.0856467 0.101474
11.6 -0.0508187 0.0890011 0.102488
11.61 -0.0471267 0.0921207 0.103475
11.62 -0.0433565 0.0949982 0.104424
11.63 -0.039518 0.0976272 0.105322
11.64 -0.0356222 0.100002 0.106157
11.65 -0.0316792 0.102117 0.106918
11.66 -0.0277001 0.103968 0.107595
11.67 -0.0236947 0.10555 0.108177
11.68 -0.0196736 0.106861 0.108657
11.69 -0.0156473 0.107896 0.109025
11.7 -0.0116258 0.108654 0.109274
11.71 -0.00765613 0.10948 0.109748
11.72 -0.00373589 0.110376 0.11044
11.73 0.000137751 0.111341 0.111341
11.74 0.00396756 0.112377 0.112447
11.75 0.00775585 0.113482 0.113747
11.76 0.0115056 0.114659 0.115235
11.77 0.0152178 0.115905 0.1169
11.78 0.0188966 0.117223 0.118736
11.79 0.0225427 0.118612 0.120735
11.8 0.0261594 0.120071 0.122887
11.81 0.0297482 0.121601 0.125186
11.82 0.0333112 0.123201 0.127625
11.83 0.0368498 0.124871 0.130195
11.84 0.0403668 0.126611 0.13289
11.85 0.0438629 0.128421 0.135705
11.86 0.0473402 0.130299 0.138632
11.87 0.0507997 0.132245 0.141666
11.88 0.0542438 0.134258 0.144802
11.89 0.0576725 0.136339 0.148035
11.9 0.0610875 0.138485 0.15136
11.91 0.0644902 0.140696 0.154772
11.92 0.067881 0.142971 0.158268
11.93 0.0712608 0.14531 0.161842
11.94 0.0746303 0.147709 0.165492
11.95 0.07799 0.15017 0.169214
11.96 0.0813404 0.15269 0.173004
11.97 0.0846823 0.155268 0.17686
11.98 0.088015 0.157903 0.180776
11.99 0.0913398 0.160593 0.184751
12 0.0946552 0.163336 0.188781
12.01 0.0979624 0.166132 0.192864
12.02 0.10126 0.168979 0.196996
12.03 0.104548 0.171874 0.201174
12.04 0.107827 0.174817 0.205396
12.05 0.111095 0.177805 0.209658
12.06 0.114351 0.180837 0.213958
12.07 0.117595 0.18391 0.218292
12.08 0.120825 0.187024 0.222658
12.09 0.124041 0.190176 0.227053
12.1 0.127241 0.193364 0.231473
12.11 0.130423 0.196586 0.235916
12.12 0.133586 0.19984 0.240378
12.13 0.136729 0.203125 0.244856
12.14 0.139849 0.206437 0.249347
12.15 0.142944 0.209775 0.253848
12.16 0.146012 0.213138 0.258355
12.17 0.149052 0.216521 0.262865
12.18 0.152061 0.219925 0.267375
12.19 0.155035 0.223345 0.271881
12.2 0.157974 0.226781 0.276379
12.21 0.160873 0.23023 0.280867
12.22 0.163731 0.23369 0.28534
12.23 0.166544 0.237158 0.289794
12.24 0.169309 0.240632 0.294226
12.25 0.172024 0.24411 0.298634
12.26 0.174684 0.247591 0.303011
12.27 0.177286 0.25107 0.307354
12.28 0.179827 0.254547 0.31166
12.29 0.182303 0.25802 0.315925
12.3 0.184712 0.261484 0.320144
12.31 0.187048 0.26494 0.324315
12.32 0.189309 0.268383 0.328431
12.33 0.19149 0.271812 0.332491
12.34 0.193588 0.275225 0.336489
12.35 0.195598 0.278619 0.340422
12.36 0.197517 0.281992 0.344286
12.37 0.19934 0.285343 0.348076
12.38 0.201064 0.288667 0.351789
12.39 0.202684 0.291965 0.355421
12.4 0.204197 0.295232 0.358968
12.41 0.205597 0.298467 0.362427
12.42 0.206881 0.301669 0.365792
12.43 0.208046 0.304834 0.369062
12.44 0.209085 0.307961 0.372232
12.45 0.209996 0.311048 0.375298
12.46 0.210773 0.314092 0.378258
12.47 0.211414 0.317091 0.381107
12.48 0.211914 0.320044 0.383843
12.49 0.212268 0.322948 0.386462
12.5 0.212473 0.325802 0.388962
12.51 0.212525 0.328603 0.39134
12.52 0.21242 0.33135 0.393593
12.53 0.212154 0.334041 0.395718
12.54 0.211722 0.336674 0.397713
12.55 0.211123 0.339247 0.399577
12.56 0.210351 0.341759 0.401307
12.57 0.209403 0.344208 0.402901
12.58 0.208277 0.346592 0.404358
12.59 0.206967 0.34891 0.405677
12.6 0.205472 0.35116 0.406856
12.61 0.203788 0.35334 0.407896
12.62 0.201911 0.35545 0.408795
12.63 0.19984 0.357488 0.409553
12.64 0.197571 0.359451 0.41017
12.65 0.195101 0.36134 0.410647
12.66 0.192429 0.363152 0.410985
12.67 0.189551 0.364887 0.411184
12.68 0.186466 0.366543 0.411246
12.69 0.183172 0.368119 0.411174
12.7 0.179666 0.369614 0.410967
12.71 0.175947 0.371026 0.410631
12.72 0.172014 0.372356 0.410168
12.73 0.167864 0.373601 0.40958
12.74 0.163498 0.37476 0.408872
12.75 0.158913 0.375834 0.40805
12.76 0.15411 0.37682 0.407115
12.77 0.149087 0.377718 0.406076
12.78 0.143844 0.378527 0.404937
12.79 0.138381 0.379246 0.403704
12.8 0.132697 0.379875 0.402385
12.81 0.126795 0.380412 0.400986
12.82 0.120672 0.380856 0.399517
12.83 0.114332 0.381208 0.397984
12.84 0.107773 0.381466 0.396398
12.85 0.100998 0.381629 0.394768
12.86 0.0940077 0.381697 0.393103
12.87 0.0868045 0.381669 0.391416
12.88 0.0793891 0.381545 0.389717
12.89 0.0717646 0.381323 0.388017
12.9 0.0639328 0.381003 0.38633
12.91 0.0558966 0.380585 0.384668
12.92 0.0476591 0.380068 0.383045
12.93 0.039223 0.379452 0.381473
12.94 0.0305917 0.378735 0.379968
12.95 0.0217691 0.377918 0.378544
12.96 0.0127585 0.376999 0.377215
12.97 0.00356455 0.375979 0.375996
12.98 -0.00580826 0.374857 0.374902
12.99 -0.0153561 0.373632 0.373947
13 -0.0250728 0.372304 0.373148
13.01 -0.0349545 0.370873 0.372517
13.02 -0.0449947 0.369338 0.372068
13.03 -0.0551893 0.367699 0.371817
13.04 -0.0655308 0.365955 0.371776
13.05 -0.076014 0.364106 0.371956
13.06 -0.0866325 0.362153 0.372371
13.07 -0.0973799 0.360094 0.373028
13.08 -0.108249 0.357929 0.37394
13.09 -0.119233 0.355659 0.375113
13.1 -0.130325 0.353282 0.376554
13.11 -0.141517 0.3508 0.37827
13.12 -0.152802 0.348212 0.380263
13.13 -0.164172 0.345517 0.382537
13.14 -0.175619 0.342716 0.385092
13.15 -0.187135 0.339808 0.387929
13.16 -0.198712 0.336794 0.391046
13.17 -0.210341 0.333673 0.394438
13.18 -0.222012 0.330446 0.398101
13.19 -0.233719 0.327113 0.402029
13.2 -0.245451 0.323673 0.406215
13.21 -0.257199 0.320128 0.41065
13.22 -0.268955 0.316477 0.415324
13.23 -0.280708 0.312719 0.420227
13.24 -0.29245 0.308857 0.425347
13.25 -0.30417 0.304889 0.430671
13.26 -0.31586 0.300817 0.436186
13.27 -0.327508 0.29664 0.441879
13.28 -0.339106 0.29236 0.447736
13.29 -0.350644 0.287976 0.453741
13.3 -0.362111 0.283489 0.45988
13.31 -0.373496 0.278899 0.466137
13.32 -0.384792 0.274207 0.472498
13.33 -0.395986 0.269414 0.478946
13.34 -0.407069 0.26452 0.485465
13.35 -0.418031 0.259526 0.49204
13.36 -0.428861 0.254434 0.498656
13.37 -0.439549 0.249242 0.505297
13.38 -0.450084 0.243953 0.511946
13.39 -0.460458 0.238568 0.51859
13.4 -0.470659 0.233088 0.525214
13.41 -0.480677 0.227512 0.531801
13.42 -0.490501 0.221844 0.538337
13.43 -0.500124 0.216084 0.544809
13.44 -0.509533 0.210233 0.5512
13.45 -0.51872 0.204294 0.5575
13.46 -0.527674 0.198266 0.563692
13.47 -0.536386 0.192152 0.569765
13.48 -0.544846 0.185953 0.575704
13.49 -0.553045 0.179672 0.581498
13.5 -0.560973 0.173309 0.587134
13.51 -0.568621 0.166867 0.592599
13.52 -0.57598 0.160348 0.597883
13.53 -0.583041 0.153754 0.602974
13.54 -0.589796 0.147087 0.60786
13.55 -0.596236 0.140349 0.612532
13.56 -0.602353 0.133543 0.616979
13.57 -0.608138 0.126672 0.62119
13.58 -0.613584 0.119737 0.625158
13.59 -0.618683 0.112742 0.628872
13.6 -0.623428 0.105689 0.632323
13.61 -0.627811 0.0985809 0.635504
13.62 -0.631827 0.0914214 0.638406
13.63 -0.635467 0.0842132 0.641023
13.64 -0.638726 0.076959 0.643346
13.65 -0.641598 0.0696629 0.645368
13.66 -0.644077 0.0623278 0.647085
13.67 -0.646157 0.0549568 0.648489
13.68 -0.647833 0.0475544 0.649576
13.69 -0.649101 0.0401236 0.65034
13.7 -0.649957 0.0326687 0.650777
13.71 -0.650395 0.0251929 0.650882
13.72 -0.650412 0.0177007 0.650653
13.73 -0.650005 0.0101958 0.650085
13.74 -0.649171 0.00268258 0.649176
13.75 -0.647906 -0.00483528 0.647924
13.76 -0.646209 -0.0123522 0.646327
13.77 -0.644078 -0.0198655 0.644384
13.78 -0.64151 -0.0273692 0.642094
13.79 -0.638506 -0.0348596 0.639457
13.8 -0.635064 -0.0423323 0.636473
13.81 -0.631183 -0.0497823 0.633143
13.82 -0.626864 -0.0572048 0.629468
13.83 -0.622106 -0.0645953 0.625451
13.84 -0.616911 -0.0719493 0.621092
13.85 -0.61128 -0.0792612 0.616397
13.86 -0.605213 -0.0865266 0.611367
13.87 -0.598714 -0.0937402 0.606008
13.88 -0.591784 -0.100898 0.600324
13.89 -0.584427 -0.107993 0.594321
13.9 -0.576645 -0.115022 0.588005
13.91 -0.568441 -0.121978 0.581381
13.92 -0.559821 -0.128859 0.574459
13.93 -0.550787 -0.135656 0.567247
13.94 -0.541345 -0.142367 0.559753
13.95 -0.5315 -0.148985 0.551986
13.96 -0.521258 -0.155506 0.543959
13.97 -0.510624 -0.161924 0.535683
13.98 -0.499604 -0.168234 0.527169
13.99 -0.488206 -0.174431 0.518432
14 -0.476436 -0.180511 0.509486
14.01 -0.464302 -0.186467 0.500346
14.02 -0.451811 -0.192295 0.49103
14.03 -0.438972 -0.19799 0.481556
14.04 -0.425793 -0.203547 0.471944
14.05 -0.412283 -0.20896 0.462214
14.06 -0.398452 -0.214226 0.45239
14.07 -0.384308 -0.219338 0.442495
14.08 -0.369862 -0.224293 0.432557
14.09 -0.355124 -0.229087 0.422603
14.1 -0.340105 -0.233713 0.412665
14.11 -0.324815 -0.238168 0.402776
14.12 -0.309266 -0.242447 0.392971
14.13 -0.293469 -0.246547 0.383288
14.14 -0.277436 -0.250463 0.373768
14.15 -0.26118 -0.254191 0.364456
14.16 -0.244711 -0.257727 0.355397
14.17 -0.228044 -0.261068 0.346642
14.18 -0.211191 -0.26421 0.338243
14.19 -0.194164 -0.267149 0.330255
14.2 -0.176977 -0.269883 0.322735
14.21 -0.159645 -0.272408 0.315741
14.22 -0.142179 -0.274721 0.309332
14.23 -0.124595 -0.27682 0.303567
14.24 -0.106905 -0.278702 0.298502
14.25 -0.0891254 -0.280365 0.29419
14.26 -0.0712691 -0.281806 0.290678
14.27 -0.0533509 -0.283024 0.288009
14.28 -0.0353853 -0.284018 0.286213
14.29 -0.0173871 -0.284784 0.285314
14.3 0.000628904 -0.285323 0.285324
14.31 0.0186459 -0.284721 0.28533
14.32 0.036592 -0.282978 0.285334
14.33 0.0543945 -0.280102 0.285335
14.34 0.0719811 -0.276105 0.285333
14.35 0.0892824 -0.271 0.285328
14.36 0.106227 -0.264809 0.28532
14.37 0.122747 -0.257555 0.28531
14.38 0.138776 -0.249269 0.285296
14.39 0.154249 -0.239982 0.285279
14.4 0.169104 -0.229732 0.285259
14.41 0.18328 -0.218561 0.285237
14.42 0.196719 -0.206512 0.285212
14.43 0.209369 -0.193635 0.285184
14.44 0.221176 -0.17998 0.285152
14.45 0.232094 -0.165604 0.285118
14.46 0.242078 -0.150563 0.285081
14.47 0.251088 -0.13492 0.285041
14.48 0.259086 -0.118736 0.284998
14.49 0.266042 -0.102077 0.284952
14.5 0.271925 -0.0850103 0.284904
14.51 0.276713 -0.0676054 0.284852
14.52 0.280387 -0.0499318 0.284798
14.53 0.28293 -0.0320619 0.284741
14.54 0.284333 -0.0140671 0.284681
14.55 0.284589 0.00397877 0.284617
14.56 0.2837 0.0220036 0.284552
14.57 0.281666 0.0399339 0.284483
14.58 0.278498 0.0576965 0.284411
14.59 0.274207 0.0752204 0.284337
14.6 0.268811 0.0924341 0.284259
14.61 0.262332 0.109268 0.284179
14.62 0.254797 0.125653 0.284096
14.63 0.246236 0.141524 0.284009
14.64 0.236685 0.156816 0.28392
14.65 0.226181 0.171466 0.283828
14.66 0.214768 0.185415 0.283733
14.67 0.202493 0.198608 0.283635
14.68 0.189405 0.21099 0.283533
14.69 0.175559 0.222511 0.28343
14.7 0.16101 0.233125 0.283322
14.71 0.145818 0.242788 0.283212
14.72 0.130045 0.251462 0.283099
14.73 0.113755 0.259112 0.282983
14.74 0.0970154 0.265706 0.282863
14.75 0.0798943 0.271218 0.282741
14.76 0.0624612 0.275627 0.282615
14.77 0.044788 0.278914 0.282487
14.78 0.0269458 0.281067 0.282355
14.79 0.0090089 0.282077 0.28222
14.8 -0.00895076 0.281941 0.282083
14.81 -0.0268588 0.280659 0.281942
14.82 -0.0446423 0.278239 0.281797
14.83 -0.0622288 0.274689 0.28165
14.84 -0.0795464 0.270026 0.281499
14.85 -0.0965242 0.264269 0.281345
14.86 -0.113093 0.257442 0.281188
14.87 -0.129186 0.249575 0.281028
14.88 -0.144737 0.240699 0.280864
14.89 -0.159682 0.230852 0.280697
14.9 -0.173961 0.220075 0.280527
14.91 -0.187517 0.208413 0.280354
14.92 -0.200293 0.195914 0.280178
14.93 -0.212238 0.18263 0.279998
14.94 -0.223304 0.168617 0.279815
14.95 -0.233447 0.153933 0.279629
14.96 -0.242624 0.138637 0.27944
14.97 -0.2508 0.122795 0.279248
14.98 -0.257942 0.10647 0.279052
14.99 -0.264022 0.0897315 0.278853
15 -0.269014 0.0726478 0.278651
15.01 -0.272901 0.0552901 0.278446
15.02 -0.275667 0.0377286 0.278237
15.03 -0.277302 0.0200378 0.278025
15.04 -0.277801 0.00228931 0.27781
15.05 -0.277162 -0.0154435 0.277592
15.06 -0.27539 -0.0330878 0.277371
15.07 -0.272493 -0.0505705 0.277146
15.08 -0.268485 -0.0678207 0.276919
15.09 -0.263383 -0.0847666 0.276688
15.1 -0.25721 -0.10134 0.276454
15.11 -0.249993 -0.117471 0.276217
15.12 -0.241763 -0.133096 0.275978
15.13 -0.232553 -0.14815 0.275734
15.14 -0.222406 -0.162571 0.275488
15.15 -0.211362 -0.176303 0.275239
15.16 -0.19947 -0.189287 0.274987
15.17 -0.186779 -0.201473 0.274732
15.18 -0.173343 -0.21281 0.274474
15.19 -0.159218 -0.223254 0.274212
15.2 -0.144464 -0.232761 0.273948
15.21 -0.129142 -0.241295 0.273681
15.22 -0.113318 -0.248821 0.27341
15.23 -0.0970571 -0.255311 0.273137
15.24 -0.0804267 -0.260738 0.27286
15.25 -0.0634972 -0.265083 0.272582
15.26 -0.0463379 -0.268328 0.272299
15.27 -0.0290216 -0.270462 0.272014
15.28 -0.0116195 -0.271477 0.271726
15.29 0.00579585 -0.271373 0.271435
15.3 0.0231529 -0.27015 0.271141
15.31 0.0403788 -0.267817 0.270844
15.32 0.0574035 -0.264384 0.270544
15.33 0.0741558 -0.259868 0.270241
15.34 0.0905677 -0.254289 0.269936
15.35 0.10657 -0.247672 0.269627
15.36 0.122099 -0.240047 0.269315
15.37 0.13709 -0.231447 0.269
15.38 0.151481 -0.22191 0.268683
15.39 0.165215 -0.211477 0.268362
15.4 0.178235 -0.200193 0.268039
15.41 0.190488 -0.188107 0.267712
15.42 0.201926 -0.17527 0.267383
15.43 0.212501 -0.161738 0.26705
15.44 0.222172 -0.147568 0.266715
15.45 0.230901 -0.132821 0.266377
15.46 0.238651 -0.117559 0.266035
15.47 0.245395 -0.101847 0.265691
15.48 0.251105 -0.085751 0.265343
15.49 0.255761 -0.0693396 0.264993
15.5 0.259344 -0.0526815 0.26464
15.51 0.261842 -0.0358466 0.264284
15.52 0.263247 -0.0189059 0.263925
15.53 0.263556 -0.00193025 0.263563
15.54 0.26277 0.0150094 0.263198
15.55 0.260894 0.031842 0.26283
15.56 0.257939 0.0484982 0.262459
15.57 0.253921 0.0649074 0.262085
15.58 0.248857 0.0810033 0.261708
15.59 0.242772 0.0967174 0.261328
15.6 0.235694 0.111986 0.260945
15.61 0.227655 0.126747 0.26056
15.62 0.21869 0.140938 0.260171
15.63 0.208841 0.154501 0.259778
15.64 0.19815 0.167382 0.259384
15.65 0.186664 0.179528 0.258986
15.66 0.174434 0.190891 0.258586
15.67 0.161513 0.201424 0.258182
15.68 0.147957 0.211086 0.257776
15.69 0.133824 0.219838 0.257367
15.7 0.119176 0.227646 0.256955
15.71 0.104076 0.23448 0.25654
15.72 0.088587 0.240314 0.256122
15.73 0.0727767 0.245126 0.255701
15.74 0.0567127 0.248899 0.255278
15.75 0.0404618 0.25162 0.254852
15.76 0.0240944 0.253279 0.254423
15.77 0.00767905 0.253876 0.253992
15.78 -0.00871519 0.253407 0.253557
15.79 -0.0250189 0.251881 0.25312
15.8 -0.0411644 0.249304 0.25268
15.81 -0.0570828 0.245694 0.252238
15.82 -0.072709 0.241066 0.251793
15.83 -0.0879775 0.235444 0.251345
15.84 -0.102825 0.228856 0.250894
15.85 -0.117191 0.221331 0.250442
15.86 -0.131016 0.212904 0.249986
15.87 -0.144242 0.203614 0.249528
15.88 -0.156818 0.193503 0.249068
15.89 -0.16869 0.182615 0.248605
15.9 -0.179812 0.171 0.24814
15.91 -0.190139 0.158709 0.247672
15.92 -0.19963 0.145796 0.247202
15.93 -0.208248 0.132318 0.246729
15.94 -0.215959 0.118333 0.246254
15.95 -0.222733 0.103903 0.245776
15.96 -0.228546 0.0890901 0.245297
15.97 -0.233376 0.0739574 0.244814
15.98 -0.237205 0.0585716 0.244329
15.99 -0.240021 0.0429974 0.243842
16 -0.241816 0.0273025 0.243352
16.01 -0.242586 0.0115532 0.242861
16.02 -0.24233 -0.00418341 0.242366
16.03 -0.241055 -0.0198407 0.24187
16.04 -0.238768 -0.0353527 0.241371
16.05 -0.235484 -0.0506536 0.24087
16.06 -0.231219 -0.0656799 0.240366
16.07 -0.225996 -0.0803684 0.239861
16.08 -0.219839 -0.0946581 0.239352
16.09 -0.212781 -0.108489 0.238842
16.1 -0.204852 -0.121806 0.238329
16.11 -0.19609 -0.134552 0.237814
16.12 -0.186536 -0.146677 0.237297
16.13 -0.176234 -0.15813 0.236777
16.14 -0.165229 -0.168867 0.236256
16.15 -0.153572 -0.178843 0.235731
16.16 -0.141316 -0.188019 0.235205
16.17 -0.128514 -0.19636 0.234676
16.18 -0.115223 -0.203833 0.234145
16.19 -0.101502 -0.210409 0.233611
16.2 -0.0874116 -0.216064 0.233076
16.21 -0.0730124 -0.220779 0.232539
16.22 -0.0583687 -0.224536 0.231999
16.23 -0.0435427 -0.227324 0.231457
16.24 -0.0285996 -0.229134 0.230912
16.25 -0.0136024 -0.229964 0.230366
16.26 0.00138336 -0.229812 0.229816
16.27 0.0162939 -0.228686 0.229266
16.28 0.0310661 -0.226593 0.228713
16.29 0.0456373 -0.223547 0.228157
16.3 0.0599455 -0.219564 0.2276
16.31 0.0739312 -0.214666 0.227041
16.32 0.0875357 -0.208878 0.226479
16.33 0.100702 -0.202229 0.225915
16.34 0.113376 -0.194751 0.225349
16.35 0.125505 -0.186481 0.224781
16.36 0.13704 -0.177456 0.224211
16.37 0.147934 -0.167719 0.223639
16.38 0.158144 -0.157316 0.223065
16.39 0.167628 -0.146294 0.222489
16.4 0.17635 -0.134704 0.221911
16.41 0.184275 -0.122597 0.221331
16.42 0.191374 -0.110029 0.22075
16.43 0.197619 -0.0970552 0.220165
16.44 0.202988 -0.0837345 0.21958
16.45 0.207462 -0.0701244 0.218993
16.46 0.211027 -0.0562863 0.218404
16.47 0.213671 -0.0422796 0.217814
16.48 0.215387 -0.0281663 0.217221
16.49 0.216174 -0.014007 0.216628
16.5 0.216032 0.000136742 0.216032
16.51 0.214966 0.0142041 0.215434
16.52 0.212985 0.0281344 0.214835
16.53 0.210104 0.0418694 0.214235
16.54 0.206338 0.0553495 0.213632
16.55 0.201709 0.0685187 0.213029
16.56 0.196241 0.0813223 0.212424
16.57 0.189963 0.0937057 0.211817
16.58 0.182904 0.105619 0.211209
16.59 0.175101 0.117012 0.2106
16.6 0.166591 0.127839 0.209989
16.61 0.157413 0.138056 0.209376
16.62 0.147612 0.147623 0.208763
16.63 0.137234 0.1565 0.208148
16.64 0.126325 0.164655 0.207532
16.65 0.114937 0.172055 0.206914
16.66 0.10312 0.178673 0.206295
16.67 0.0909287 0.184483 0.205675
16.68 0.0784182 0.189466 0.205054
16.69 0.0656434 0.193605 0.20443
16.7 0.0526623 0.196885 0.203806
16.71 0.0395312 0.199298 0.203181
16.72 0.0263088 0.200838 0.202554
16.73 0.0130525 0.201504 0.201926
16.74 -0.000179794 0.201297 0.201297
16.75 -0.0133316 0.200224 0.200667
16.76 -0.0263444 0.198293 0.200036
16.77 -0.0391645 0.195519 0.199403
16.78 -0.0517361 0.191918 0.198769
16.79 -0.0640062 0.187511 0.198134
16.8 -0.0759234 0.182321 0.197498
16.81 -0.0874378 0.176376 0.19686
16.82 -0.0985021 0.169707 0.196222
16.83 -0.10907 0.162346 0.195582
16.84 -0.119099 0.15433 0.194942
16.85 -0.128549 0.145697 0.1943
16.86 -0.137382 0.136489 0.193657
16.87 -0.145562 0.12675 0.193013
16.88 -0.15306 0.116525 0.192368
16.89 -0.159844 0.105862 0.191721
16.9 -0.165892 0.0948115 0.191074
16.91 -0.171181 0.0834219 0.190426
16.92 -0.175692 0.0717466 0.189777
16.93 -0.179411 0.0598376 0.189127
16.94 -0.182327 0.0477492 0.188476
16.95 -0.184432 0.0355348 0.187824
16.96 -0.185721 0.0232492 0.187171
16.97 -0.186195 0.0109459 0.186516
16.98 -0.185857 -0.00131993 0.185862
16.99 -0.184714 -0.0134966 0.185207
17 -0.182776 -0.0255295 0.18455
17.01 -0.180057 -0.0373684 0.183894
17.02 -0.176573 -0.0489621 0.183235
17.03 -0.172346 -0.0602615 0.182577
17.04 -0.167398 -0.0712189 0.181918
17.05 -0.161756 -0.0817887 0.181258
17.06 -0.155451 -0.0919273 0.180598
17.07 -0.148513 -0.101593 0.179937
17.08 -0.140978 -0.110746 0.179275
17.09 -0.132884 -0.119351 0.178613
17.1 -0.124268 -0.127373 0.177951
17.11 -0.115173 -0.134781 0.177287
17.12 -0.105643 -0.141547 0.176624
17.13 -0.0957209 -0.147646 0.17596
17.14 -0.085455 -0.153055 0.175296
17.15 -0.0748921 -0.157756 0.174631
17.16 -0.064081 -0.161734 0.173966
17.17 -0.0530703 -0.164975 0.173301
17.18 -0.041911 -0.167471 0.172636
17.19 -0.0306521 -0.169216 0.17197
17.2 -0.0193448 -0.170209 0.171305
17.21 -0.00803789 -0.170449 0.170638
17.22 0.00321678 -0.169942 0.169972
17.23 0.0143721 -0.168695 0.169306
17.24 0.0253782 -0.166719 0.16864
17.25 0.0361883 -0.164029 0.167973
17.26 0.046756 -0.160641 0.167307
17.27 0.0570367 -0.156575 0.16664
17.28 0.0669872 -0.151855 0.165973
17.29 0.0765657 -0.146506 0.165307
17.3 0.0857328 -0.140557 0.16464
17.31 0.0944514 -0.134038 0.163974
17.32 0.102686 -0.126983 0.163307
17.33 0.110404 -0.119427 0.16264
17.34 0.117576 -0.111407 0.161974
17.35 0.124173 -0.102961 0.161307
17.36 0.130172 -0.0941321 0.160641
17.37 0.13555 -0.0849604 0.159975
17.38 0.140288 -0.0754897 0.159309
17.39 0.14437 -0.0657639 0.158643
17.4 0.147784 -0.0558289 0.157978
17.41 0.150518 -0.0457298 0.157312
17.42 0.152568 -0.0355128 0.156647
17.43 0.153928 -0.0252239 0.155981
17.44 0.154599 -0.0149103 0.155316
17.45 0.154582 -0.00461613 0.154651
17.46 0.153884 0.00561105 0.153986
17.47 0.152513 0.0157277 0.153322
17.48 0.15048 0.0256888 0.152657
17.49 0.1478 0.0354519 0.151993
17.5 0.144491 0.0449748 0.151328
17.51 0.140572 0.0542176 0.150665
17.52 0.136065 0.0631408 0.150001
17.53 0.130996 0.0717083 0.149339
17.54 0.125391 0.0798838 0.148675
17.55 0.119282 0.0876348 0.148013
17.56 0.112697 0.0949307 0.147351
17.57 0.105671 0.101741 0.146689
17.58 0.0982396 0.108042 0.146028
17.59 0.0904391 0.113808 0.145367
17.6 0.0823072 0.119018 0.144706
17.61 0.0738831 0.123654 0.144046
17.62 0.0652071 0.127701 0.143386
17.63 0.05632 0.131145 0.142727
17.64 0.0472633 0.133976 0.142068
17.65 0.0380792 0.136186 0.141409
17.66 0.0288102 0.137772 0.140752
17.67 0.0194973 0.138731 0.140094
17.68 0.0101847 0.139065 0.139438
17.69 0.000911775 0.138779 0.138782
17.7 -0.00827895 0.137878 0.138127
17.71 -0.0173476 0.136373 0.137472
17.72 -0.0262542 0.134276 0.136818
17.73 -0.0349611 0.131601 0.136165
17.74 -0.0434302 0.128365 0.135513
17.75 -0.0516264 0.124589 0.134861
17.76 -0.0595147 0.120293 0.13421
17.77 -0.0670636 0.115503 0.133561
17.78 -0.0742419 0.110244 0.132912
17.79 -0.08102 0.104544 0.132264
17.8 -0.0873729 0.098433 0.131617
17.81 -0.0932744 0.0919415 0.130971
17.82 -0.0987032 0.0851027 0.130326
17.83 -0.103639 0.0779505 0.129681
17.84 -0.108064 0.07052 0.129038
17.85 -0.111963 0.0628472 0.128396
17.86 -0.115324 0.054969 0.127755
17.87 -0.118137 0.0469226 0.127114
17.88 -0.120394 0.0387458 0.126476
17.89 -0.122091 0.0304761 0.125837
17.9 -0.123225 0.0221533 0.1252
17.91 -0.123796 0.0138131 0.124565
17.92 -0.123808 0.00549498 0.12393
17.93 -0.123265 -0.00276459 0.123296
17.94 -0.122176 -0.0109284 0.122664
17.95 -0.12055 -0.0189616 0.122032
17.96 -0.118401 -0.0268279 0.121402
17.97 -0.115742 -0.0344946 0.120773
17.98 -0.112592 -0.0419279 0.120145
17.99 -0.108968 -0.0490978 0.119518
18 -0.104892 -0.0559734 0.118892
18.01 -0.100388 -0.0625265 0.118268
18.02 -0.095478 -0.0687317 0.117644
18.03 -0.0901908 -0.074563 0.117021
18.04 -0.0845531 -0.0799988 0.1164
18.05 -0.0785941 -0.0850178 0.11578
18.06 -0.0723436 -0.0896022 0.115161
18.07 -0.0658335 -0.0937346 0.114544
18.08 -0.0590955 -0.097402 0.113927
18.09 -0.0521629 -0.100591 0.113312
18.1 -0.0450688 -0.103294 0.112698
18.11 -0.0378469 -0.105501 0.112084
18.12 -0.0305326 -0.10721 0.111473
18.13 -0.0231579 -0.108417 0.110863
18.14 -0.0157589 -0.109121 0.110253
18.15 -0.00836846 -0.109326 0.109645
18.16 -0.00102067 -0.109034 0.109038
18.17 0.00625205 -0.108252 0.108433
18.18 0.0134164 -0.10699 0.107828
18.19 0.0204418 -0.105258 0.107225
18.2 0.0272968 -0.103069 0.106623
18.21 0.0339528 -0.100438 0.106022
18.22 0.040381 -0.0973817 0.105422
18.23 0.0465547 -0.0939194 0.104825
18.24 0.0524489 -0.0900693 0.104228
18.25 0.0580387 -0.0858551 0.103632
18.26 0.0633031 -0.0812993 0.103038
18.27 0.0682206 -0.0764265 0.102445
18.28 0.0727733 -0.0712624 0.101854
18.29 0.0769436 -0.0658343 0.101264
18.3 0.0807179 -0.0601693 0.100676
18.31 0.0840822 -0.0542963 0.10009
18.32 0.0870266 -0.0482443 0.0995045
18.33 0.0895412 -0.0420428 0.0989203
18.34 0.0916209 -0.0357229 0.0983388
18.35 0.0932593 -0.029313 0.0977576
18.36 0.0944549 -0.0228457 0.0971784
18.37 0.0952074 -0.0163496 0.0966011
18.38 0.0955181 -0.0098557 0.0960252
18.39 0.0953907 -0.00339318 0.095451
18.4 0.0948307 0.00300798 0.0948784
18.41 0.093846 0.00932043 0.0943077
18.42 0.0924456 0.0155148 0.0937385
18.43 0.0906411 0.0215653 0.0931712
18.44 0.0884448 0.0274448 0.0926051
18.45 0.085873 0.0331292 0.0920419
18.46 0.0829395 0.0385942 0.0914793
18.47 0.0796641 0.043817 0.0909192
18.48 0.0760647 0.0487776 0.0903609
18.49 0.0721619 0.0534553 0.0898043
18.5 0.0679769 0.0578323 0.0892493
18.51 0.063533 0.0618917 0.0886962
18.52 0.0588527 0.0656194 0.088145
18.53 0.0539612 0.0690008 0.0875953
18.54 0.0488831 0.0720259 0.0870476
18.55 0.043644 0.0746837 0.0865012
18.56 0.0382705 0.0769682 0.0859577
18.57 0.0327878 0.0788712 0.0854149
18.58 0.0272242 0.0803899 0.0848746
18.59 0.0216044 0.0815217 0.0843359
18.6 0.0159564 0.0822656 0.0837987
18.61 0.0103061 0.0826232 0.0832635
18.62 0.00468009 0.0825976 0.0827301
18.63 -0.000897 0.0821937 0.0821986
18.64 -0.00639858 0.0814176 0.0816687
18.65 -0.0118013 0.0802781 0.0811409
18.66 -0.0170808 0.0787841 0.0806144
18.67 -0.0222148 0.0769481 0.0800906
18.68 -0.0271807 0.074781 0.0795675
18.69 -0.0319572 0.072299 0.0790469
18.7 -0.0365259 0.0695161 0.0785278
18.71 -0.0408666 0.0664495 0.0780103
18.72 -0.0449631 0.0631171 0.0774948
18.73 -0.0487989 0.0595378 0.0769811
18.74 -0.0523604 0.0557307 0.0764692
18.75 -0.0556334 0.0517174 0.0759589
18.76 -0.0586073 0.0475185 0.0754508
18.77 -0.0612711 0.0431559 0.0749438
18.78 -0.0636178 0.0386525 0.0744395
18.79 -0.065639 0.0340303 0.073936
18.8 -0.067331 0.0293139 0.0734354
18.81 -0.0686896 0.0245244 0.0729363
18.82 -0.0697127 0.0196867 0.0724391
18.83 -0.0704004 0.0148231 0.071944
18.84 -0.0707536 0.00995697 0.0714507
18.85 -0.070775 0.0051101 0.0709592
18.86 -0.070469 0.000306338 0.0704697
18.87 -0.0698417 -0.00443377 0.0699823
18.88 -0.0688996 -0.00908807 0.0694964
18.89 -0.0676525 -0.0136369 0.0690132
18.9 -0.0661086 -0.0180595 0.068531
18.91 -0.0642814 -0.0223375 0.0680519
18.92 -0.062181 -0.0264535 0.0675741
18.93 -0.0598222 -0.0303892 0.0670985
18.94 -0.0572194 -0.0341297 0.066625
18.95 -0.0543879 -0.0376596 0.0661536
18.96 -0.0513437 -0.0409659 0.0656839
18.97 -0.048105 -0.0440354 0.0652166
18.98 -0.0446887 -0.0468583 0.0647517
18.99 -0.0411135 -0.0494236 0.0642885
19 -0.0373984 -0.0517243 0.0638282
19.01 -0.033562 -0.0537517 0.0633692
19.02 -0.0296252 -0.0555016 0.0629133
19.03 -0.0256057 -0.0569687 0.0624587
19.04 -0.0215255 -0.0581502 0.0620064
19.05 -0.0174035 -0.0590452 0.0615566
19.06 -0.0132599 -0.0596528 0.0611088
19.07 -0.00911377 -0.0599744 0.0606629
19.08 -0.00498566 -0.0600126 0.0602193
19.09 -0.000893328 -0.0597714 0.0597781
19.1 0.00314364 -0.059255 0.0593384
19.11 0.00710769 -0.0584711 0.0589015
19.12 0.0109807 -0.0574254 0.0584659
19.13 0.0147459 -0.0561287 0.0580334
19.14 0.0183879 -0.0545884 0.0576021
19.15 0.0218901 -0.0528167 0.0571732
19.16 0.0252394 -0.050825 0.0567469
19.17 0.0284215 -0.0486254 0.0563224
19.18 0.0314243 -0.046231 0.0558999
19.19 0.0342355 -0.0436567 0.0554795
19.2 0.0368459 -0.0409164 0.0550615
19.21 0.0392444 -0.0380253 0.0546448
19.22 0.0414245 -0.035 0.0542309
19.23 0.0433775 -0.0318557 0.0538181
19.24 0.045099 -0.0286104 0.0534085
19.25 0.046583 -0.0252788 0.053
19.26 0.0478263 -0.0218799 0.0525936
19.27 0.0488273 -0.0184294 0.0521895
19.28 0.0495837 -0.014945 0.051787
19.29 0.050096 -0.0114431 0.0513863
19.3 0.0503655 -0.0079417 0.0509878
19.31 0.0503947 -0.00445608 0.0505914
19.32 0.0501863 -0.00100359 0.0501963
19.33 0.0497461 0.00240074 0.049804
19.34 0.0490782 0.00574109 0.0494128
19.35 0.048191 0.00900271 0.0490247
19.36 0.0470899 0.0121717 0.0486375
19.37 0.0457849 0.0152333 0.0482526
19.38 0.0442849 0.018176 0.0478698
19.39 0.0425997 0.0209864 0.0474886
19.4 0.0407402 0.0236541 0.0471092
19.41 0.0387187 0.0261678 0.0467321
19.42 0.0365464 0.0285192 0.0463571
19.43 0.0342362 0.030698 0.0459835
19.44 0.0318016 0.032698 0.0456125
19.45 0.0292554 0.0345111 0.0452426
19.46 0.0266126 0.0361329 0.0448756
19.47 0.0238857 0.0375574 0.0445094
19.48 0.0210911 0.0387817 0.0441458
19.49 0.0182415 0.0398036 0.0437845
19.5 0.0153523 0.0406203 0.0434247
19.51 0.0124372 0.041232 0.043067
19.52 0.00951125 0.041639 0.0427114
19.53 0.00658746 0.0418427 0.0423581
19.54 0.00368088 0.0418445 0.0420061
19.55 0.000804481 0.0416492 0.041657
19.56 -0.00202841 0.0412592 0.041309
19.57 -0.00480471 0.0406813 0.0409641
19.58 -0.00751281 0.0399194 0.0406202
19.59 -0.0101397 0.0389816 0.0402788
19.6 -0.012676 0.0378748 0.0399397
19.61 -0.0151092 0.0366065 0.0396021
19.62 -0.0174305 0.0351858 0.0392666
19.63 -0.01963 0.0336221 0.0389331
19.64 -0.0216999 0.031925 0.0386017
19.65 -0.0236311 0.0301046 0.0382716
19.66 -0.0254182 0.0281725 0.0379444
19.67 -0.027054 0.0261386 0.0376184
19.68 -0.0285338 0.0240158 0.0372953
19.69 -0.0298526 0.0218138 0.0369732
19.7 -0.0310067 0.0195463 0.0366534
19.71 -0.0319942 0.0172239 0.0363359
19.72 -0.0328117 0.0148594 0.0360196
19.73 -0.0334591 0.0124646 0.0357055
19.74 -0.0339359 0.0100518 0.0353933
19.75 -0.0342429 0.0076322 0.0350831
19.76 -0.0343804 0.00521846 0.0347742
19.77 -0.0343523 0.00282146 0.0344679
19.78 -0.0341596 0.000452338 0.0341626
19.79 -0.0338078 -0.00187718 0.0338599
19.8 -0.0332994 -0.00415733 0.033558
19.81 -0.0326411 -0.0063767 0.0332582
19.82 -0.0318382 -0.00852722 0.0329604
19.83 -0.0308966 -0.010598 0.0326637
19.84 -0.0298239 -0.0125816 0.0323691
19.85 -0.0286275 -0.0144693 0.0320764
19.86 -0.027315 -0.0162545 0.0317855
19.87 -0.0258949 -0.0179287 0.0314958
19.88 -0.0243765 -0.0194874 0.0312085
19.89 -0.0227676 -0.020924 0.0309221
19.9 -0.0210794 -0.0222342 0.0306383
19.91 -0.0193198 -0.0234135 0.0303553
19.92 -0.0175002 -0.0244586 0.0300746
19.93 -0.0156292 -0.0253677 0.0297958
19.94 -0.0137175 -0.026137 0.0295181
19.95 -0.011775 -0.0267669 0.0292423
19.96 -0.00981178 -0.0272559 0.0289682
19.97 -0.00783733 -0.0276048 0.0286958
19.98 -0.00586251 -0.0278133 0.0284244
19.99 -0.00389648 -0.0278848 0.0281557
20 -0.00194822 -0.0278197 0.0278878
20.01 -2.80193e-05 -0.0276224 0.0276224
20.02 0.00185662 -0.027295 0.0273581
20.03 0.0036958 -0.0268426 0.0270958
20.04 0.00548309 -0.0262695 0.0268356
20.05 0.00720893 -0.02558 0.0265764
20.06 0.00886721 -0.0247808 0.0263195
20.07 0.0104507 -0.0238772 0.0260641
20.08 0.0119536 -0.0228758 0.0258107
20.09 0.0133692 -0.0217832 0.0255586
20.1 0.0146934 -0.0206074 0.0253093
20.11 0.0159209 -0.0193539 0.0250608
20.12 0.0170475 -0.0180323 0.0248149
20.13 0.0180698 -0.0166484 0.0245701
20.14 0.0189845 -0.0152118 0.0243272
20.15 0.0197903 -0.0137295 0.0240864
20.16 0.0204835 -0.0122101 0.0238466
20.17 0.0210648 -0.010662 0.0236094
20.18 0.0215326 -0.00909271 0.0233737
20.19 0.0218873 -0.00751039 0.02314
20.2 0.0221285 -0.00592339 0.0229075
20.21 0.0222587 -0.00433932 0.0226777
20.22 0.0222779 -0.00276507 0.0224488
20.23 0.0221894 -0.00120984 0.0222224
20.24 0.0219948 0.000320897 0.0219972
20.25 0.0216978 0.00181863 0.0217739
20.26 0.0213019 0.00327838 0.0215527
20.27 0.0208101 0.00469221 0.0213325
20.28 0.0202279 0.00605518 0.0211148
20.29 0.019559 0.0073613 0.0208984
20.3 0.0188086 0.00860554 0.0206838
20.31 0.0179818 0.00978196 0.0204702
20.32 0.0170849 0.0108874 0.0202591
20.33 0.0161223 0.0119172 0.0200487
20.34 0.015102 0.0128676 0.0198405
20.35 0.0140283 0.0137363 0.0196336
20.36 0.0129089 0.0145196 0.0194283
20.37 0.0117493 0.0152168 0.0192249
20.38 0.0105564 0.0158242 0.0190222
20.39 0.00933706 0.0163425 0.0188217
20.4 0.00809722 0.0167698 0.0186223
20.41 0.00684382 0.0171064 0.0184246
20.42 0.0055836 0.0173518 0.0182281
20.43 0.00432279 0.0175081 0.0180338
20.44 0.00306664 0.0175747 0.0178403
20.45 0.00182314 0.0175543 0.0176487
20.46 0.00059619 0.0174481 0.0174583
20.47 -0.000606797 0.0172585 0.0172692
20.48 -0.0017817 0.0169889 0.0170821
20.49 -0.00292192 0.0166408 0.0168953
20.5 -0.00402322 0.0162195 0.016711
20.51 -0.00508111 0.015727 0.0165275
20.52 -0.00609102 0.0151685 0.0163457
20.53 -0.00704865 0.0145473 0.016165
20.54 -0.00795095 0.013869 0.0159865
20.55 -0.00879469 0.0131365 0.0158087
20.56 -0.00957574 0.0123566 0.0156326
20.57 -0.0102932 0.0115326 0.0154581
20.58 -0.0109435 0.0106705 0.0152846
20.59 -0.0115264 0.00977528 0.0151134
20.6 -0.0120388 0.00885162 0.0149427
20.61 -0.0124813 0.00790586 0.0147745
20.62 -0.0128524 0.00694158 0.0146072
20.63 -0.0131521 0.00596508 0.0144416
20.64 -0.0133799 0.00498109 0.014277
20.65 -0.0135372 0.00399503 0.0141144
20.66 -0.013624 0.0030107 0.0139527
20.67 -0.0136417 0.00203514 0.0137926
20.68 -0.0135921 0.00107081 0.0136342
20.69 -0.0134762 0.000123736 0.0134767
20.7 -0.0132972 -0.000802829 0.0133214
20.71 -0.0130558 -0.00170404 0.0131665
20.72 -0.0127565 -0.00257606 0.013014
20.73 -0.0124004 -0.00341581 0.0128623
20.74 -0.0119916 -0.00421906 0.0127122
20.75 -0.0115328 -0.00498272 0.0125632
20.76 -0.0110283 -0.00570433 0.0124162
20.77 -0.0104801 -0.00638161 0.0122701
20.78 -0.0098934 -0.00701074 0.0121256
20.79 -0.00927103 -0.00759166 0.0119827
20.8 -0.00861699 -0.00812071 0.0118405
20.81 -0.00793566 -0.00859783 0.0117003
20.82 -0.00723016 -0.00902029 0.0115603
20.83 -0.00650604 -0.00938838 0.0114224
20.84 -0.00576572 -0.00970107 0.0112851
20.85 -0.00501456 -0.00995801 0.0111493
20.86 -0.00425609 -0.010159 0.0110145
20.87 -0.00349459 -0.0103048 0.0108812
20.88 -0.00273287 -0.0103955 0.0107487
20.89 -0.0019768 -0.0104314 0.0106171
20.9 -0.00122819 -0.0104149 0.0104871
20.91 -0.000491857 -0.0103458 0.0103575
20.92 0.000229089 -0.0102272 0.0102298
20.93 0.000931396 -0.0100593 0.0101023
20.94 0.00161139 -0.00984567 0.00997667
20.95 0.00226743 -0.00958719 0.00985168
20.96 0.00289536 -0.00928692 0.00972779
20.97 0.00349324 -0.00894704 0.0096048
20.98 0.00405849 -0.00857068 0.00948303
20.99 0.00458961 -0.00815995 0.00936212
21 0.00508286 -0.00771846 0.00924175
21.01 0.00553892 -0.00724932 0.00912317
21.02 0.0059546 -0.00675474 0.00900465
21.03 0.00632986 -0.00623935 0.008888
21.04 0.00666299 -0.00570468 0.00877148
21.05 0.00695361 -0.00515587 0.00865654
21.06 0.00720166 -0.00459419 0.00854228
21.07 0.00740601 -0.00402447 0.00842884
21.08 0.00756743 -0.00344923 0.00831644
21.09 0.00768616 -0.00287195 0.00820519
21.1 0.00776299 -0.0022949 0.0080951
21.11 0.00779754 -0.00172244 0.00798552
21.12 0.00779263 -0.00115621 0.00787794
21.13 0.00774725 -0.000599146 0.00777039
21.14 0.00766444 -5.45281e-05 0.00766463
21.15 0.00754415 0.000476101 0.00755916
21.16 0.00738929 0.000988981 0.00745518
21.17 0.00720093 0.00148373 0.0073522
21.18 0.00698108 0.00195651 0.00725007
21.19 0.00673192 0.00240648 0.00714911
21.2 0.00645552 0.00283171 0.00704928
21.21 0.00615379 0.00323132 0.00695058
21.22 0.00582897 0.00360226 0.00685223
21.23 0.00548421 0.00394538 0.00675593
21.24 0.00512037 0.00425826 0.00665965
21.25 0.00474169 0.00454061 0.00656511
21.26 0.00434886 0.00479194 0.00647111
21.27 0.00394591 0.00501147 0.00637848
21.28 0.00353365 0.00520006 0.00628707
21.29 0.0031155 0.00535623 0.00619642
21.3 0.00269336 0.00548094 0.00610695
21.31 0.0022696 0.00557415 0.00601849
21.32 0.00184603 0.00563655 0.00593115
21.33 0.00142569 0.00566743 0.005844
21.34 0.00101022 0.00566967 0.00575896
21.35 0.000601026 0.00564203 0.00567395
21.36 0.000201434 0.00558688 0.00559051
21.37 -0.000188345 0.00550444 0.00550766
21.38 -0.000564946 0.00539618 0.00542567
21.39 -0.000928569 0.00526356 0.00534484
21.4 -0.00127592 0.00510728 0.00526425
21.41 -0.00160651 0.0049297 0.00518487
21.42 -0.00191895 0.00473198 0.00510627
21.43 -0.00221244 0.00451605 0.00502888
21.44 -0.00248494 0.00428283 0.00495152
21.45 -0.00273695 0.0040356 0.00487617
21.46 -0.00296737 0.00377387 0.00480077
21.47 -0.00317487 0.00350144 0.00472651
21.48 -0.00336022 0.00321865 0.00465304
21.49 -0.00352162 0.00292828 0.00458003
21.5 -0.00366073 0.00263154 0.00450843
21.51 -0.00377551 0.00233033 0.00443677
21.52 -0.00386753 0.0020268 0.00436643
21.53 -0.00393652 0.001722 0.00429668
21.54 -0.00398315 0.001418 0.00422803
21.55 -0.00400671 0.00111618 0.00415927
21.56 -0.00400947 0.000818914 0.00409224
21.57 -0.00399075 0.000526036 0.00402527
21.58 -0.00395173 0.000241153 0.00395908
21.59 -0.00389381 -3.63586e-05 0.00389398
21.6 -0.00381715 -0.000303805 0.00382922
21.61 -0.00372409 -0.000561448 0.00376618
21.62 -0.00361402 -0.000807218 0.00370308
21.63 -0.00348947 -0.00104057 0.00364132
21.64 -0.00335079 -0.00126103 0.00358022
21.65 -0.00319964 -0.00146758 0.00352015
21.66 -0.00303635 -0.00165927 0.00346015
21.67 -0.00286398 -0.0018359 0.0034019
21.68 -0.00268176 -0.00199768 0.00334403
21.69 -0.00249244 -0.00214271 0.00328686
21.7 -0.00229654 -0.00227264 0.00323095
21.71 -0.00209526 -0.00238565 0.00317513
21.72 -0.0018903 -0.00248337 0.00312095
21.73 -0.00168211 -0.0025641 0.00306661
21.74 -0.00147295 -0.00262901 0.00301352
21.75 -0.00126317 -0.00267826 0.00296119
21.76 -0.00105439 -0.00271207 0.00290982
21.77 -0.00084705 -0.00273028 0.00285866
21.78 -0.000643332 -0.00273443 0.00280909
21.79 -0.000442141 -0.00272447 0.00276011
21.8 -0.000246518 -0.00270025 0.00271148
21.81 -5.58801e-05 -0.00266366 0.00266424
21.82 0.000128288 -0.00261378 0.00261693
21.83 0.000305491 -0.00255299 0.0025712
21.84 0.000475076 -0.00248022 0.00252531
21.85 0.000636039 -0.00239765 0.00248058
21.86 0.000788675 -0.00230551 0.00243667
21.87 0.000931737 -0.00220458 0.00239338
21.88 0.00106512 -0.00209502 0.00235024
21.89 0.00118778 -0.001979 0.00230809
21.9 0.00130091 -0.00185607 0.00226657
21.91 0.00140196 -0.0017275 0.0022248
21.92 0.0014928 -0.00159491 0.00218453
21.93 0.00157203 -0.00145787 0.00214399
21.94 0.0016405 -0.00131886 0.0021049
21.95 0.00169748 -0.00117683 0.00206552
21.96 0.00174316 -0.00103425 0.00202689
21.97 0.00177835 -0.000890845 0.001989
21.98 0.0018022 -0.000748012 0.00195127
21.99 0.00181541 -0.000605963 0.00191388
22 0.00181808 -0.000466722 0.00187703
22.01 0.00181144 -0.000329348 0.00184114
22.02 0.00179398 -0.000195714 0.00180463
22.03 0.0017683 -6.62169e-05 0.00176954
22.04 0.00173307 5.92953e-05 0.00173408
22.05 0.00169018 0.000178993 0.00169963
22.06 0.00163884 0.000293646 0.00166494
22.07 0.00158045 0.000401299 0.0016306
22.08 0.00151582 0.000502826 0.00159705
22.09 0.00144498 0.00059693 0.00156342
22.1 0.00136889 0.000684074 0.0015303
22.11 0.00128855 0.000763047 0.00149753
22.12 0.00120456 0.000835381 0.00146589
22.13 0.0011166 0.000898989 0.00143352
22.14 0.00102703 0.000955013 0.00140244
22.15 0.000934694 0.00100328 0.00137121
22.16 0.000842002 0.0010434 0.00134076
22.17 0.000747924 0.00107611 0.0013105
22.18 0.000654385 0.00110082 0.00128064
22.19 0.000561422 0.00111888 0.00125184
22.2 0.00046931 0.00112934 0.00122297
22.21 0.000378565 0.00113309 0.00119466
22.22 0.000290295 0.0011298 0.0011665
22.23 0.000204178 0.00112109 0.00113953
22.24 0.000120818 0.00110526 0.00111184
22.25 4.1537e-05 0.0010846 0.0010854
22.26 -3.4953e-05 0.00105863 0.00105921
22.27 -0.00010666 0.00102799 0.00103351
22.28 -0.000175119 0.00099299 0.00100831
22.29 -0.000238693 0.000953851 0.000983263
22.3 -0.000298099 0.000911826 0.000959318
22.31 -0.000352869 0.000866136 0.000935258
22.32 -0.000403023 0.000818003 0.000911897
22.33 -0.000447867 0.000767491 0.00088861
22.34 -0.000488597 0.000715832 0.000866685
22.35 -0.000524308 0.000661567 0.000844139
22.36 -0.000554931 0.000607184 0.00082257
22.37 -0.000581703 0.000551451 0.000801547
22.38 -0.000602828 0.000495581 0.000780386
22.39 -0.000620059 0.000439341 0.000759931
22.4 -0.000631933 0.000383377 0.000739133
22.41 -0.000639914 0.000328614 0.000719359
22.42 -0.000643331 0.00027421 0.000699332
22.43 -0.000642908 0.000221473 0.000679986
22.44 -0.000638287 0.000170257 0.000660605
22.45 -0.000630799 0.000121236 0.000642344
22.46 -0.000619223 7.33315e-05 0.00062355
22.47 -0.000604465 2.87686e-05 0.000605149
22.48 -0.000587425 -1.42148e-05 0.000587597
22.49 -0.000566925 -5.39258e-05 0.000569484
22.5 -0.000544842 -9.13693e-05 0.00055245
22.51 -0.000520072 -0.000125737 0.000535056
22.52 -0.000494312 -0.000156956 0.000518633
22.53 -0.000466412 -0.000185783 0.000502051
22.54 -0.000437507 -0.000211308 0.000485863
22.55 -0.000407283 -0.0002338 0.000469619
22.56 -0.00037706 -0.000253155 0.00045416
22.57 -0.000345535 -0.000269889 0.000438446
22.58 -0.000314418 -0.000282634 0.000422777
22.59 -0.000283755 -0.000293484 0.000408228
22.6 -0.000252991 -0.00030072 0.000392985
22.61 -0.000223287 -0.00030606 0.000378853
22.62 -0.000193924 -0.000308529 0.000364413
22.63 -0.0001663 -0.000308786 0.00035072
22.64 -0.000139128 -0.000307114 0.000337158
22.65 -0.00011369 -0.00030324 0.000323852
22.66 -8.9543e-05 -0.000297572 0.000310753
22.67 -6.7496e-05 -0.000290726 0.000298459
22.68 -4.60107e-05 -0.000282657 0.000286378
22.69 -2.68888e-05 -0.000272973 0.000274294
22.7 -9.09874e-06 -0.000263372 0.000263529
22.71 7.32298e-06 -0.000251961 0.000252068
22.72 2.20026e-05 -0.000240643 0.000241647
22.73 3.53775e-05 -0.000228282 0.000231007
22.74 4.66035e-05 -0.000215978 0.000220949
22.75 5.71587e-05 -0.000203537 0.00021141
22.76 6.58782e-05 -0.00019103 0.000202071
22.77 7.3505e-05 -0.000178615 0.000193148
22.78 7.96095e-05 -0.000166758 0.000184786
22.79 8.54687e-05 -0.000154741 0.000176776
22.8 8.93477e-05 -0.000142802 0.00016845
22.81 9.28453e-05 -0.00013214 0.000161497
22.82 9.53438e-05 -0.000120857 0.000153938
22.83 9.71148e-05 -0.000110934 0.000147437
22.84 9.84177e-05 -0.000100893 0.000140945
22.85 9.86904e-05 -9.17899e-05 0.000134778
22.86 9.9255e-05 -8.26846e-05 0.000129183
22.87 9.87471e-05 -7.39492e-05 0.000123367
22.88 9.80292e-05 -6.55687e-05 0.000117936
22.89 9.66043e-05 -5.79506e-05 0.000112653
22.9 9.53467e-05 -5.02278e-05 0.000107767
22.91 9.27456e-05 -4.30901e-05 0.000102267
22.92 9.06835e-05 -3.709e-05 9.79753e-05
22.93 8.78069e-05 -3.04003e-05 9.29205e-05
22.94 8.48842e-05 -2.50283e-05 8.84971e-05
22.95 8.17179e-05 -1.94264e-05 8.39952e-05
22.96 7.79398e-05 -1.49834e-05 7.9367e-05
22.97 7.45862e-05 -1.04696e-05 7.53174e-05
22.98 7.04171e-05 -6.76734e-06 7.07416e-05
22.99 6.65595e-05 -3.5742e-06 6.66554e-05
23 6.25862e-05 -1.10091e-06 6.25959e-05
23.01 5.89931e-05 1.58173e-06 5.90143e-05
23.02 5.46909e-05 3.45335e-06 5.47998e-05
23.03 5.13923e-05 4.55944e-06 5.15941e-05
23.04 4.72874e-05 6.03547e-06 4.7671e-05
23.05 4.37243e-05 6.2273e-06 4.41655e-05
23.06 4.0174e-05 6.49109e-06 4.0695e-05
23.07 3.68177e-05 5.64327e-06 3.72477e-05
23.08 3.41899e-05 5.16487e-06 3.45778e-05
23.09 3.1447e-05 3.9292e-06 3.16915e-05
23.1 2.94411e-05 2.52021e-06 2.95487e-05
23.11 2.77768e-05 6.7214e-07 2.77849e-05
23.12 2.65431e-05 -7.39208e-07 2.65534e-05
23.13 2.53353e-05 -2.92727e-06 2.55038e-05
23.14 2.56225e-05 -5.05944e-06 2.61172e-05
23.15 2.54274e-05 -6.62396e-06 2.6276e-05
23.16 2.6422e-05 -8.56226e-06 2.77747e-05
23.17 2.74986e-05 -9.76839e-06 2.91821e-05
23.18 2.89575e-05 -1.13038e-05 3.10855e-05
23.19 3.07099e-05 -1.17933e-05 3.28965e-05
23.2 3.23157e-05 -1.26068e-05 3.46877e-05
23.21 3.44977e-05 -1.29255e-05 3.68397e-05
23.22 3.68656e-05 -1.3065e-05 3.91122e-05
23.23 3.92343e-05 -1.23412e-05 4.11295e-05
23.24 4.15792e-05 -1.18957e-05 4.32474e-05
23.25 4.47372e-05 -1.06321e-05 4.59832e-05
23.26 4.66676e-05 -8.83843e-06 4.74972e-05
23.27 4.93573e-05 -7.04873e-06 4.98581e-05
23.28 5.14971e-05 -4.46045e-06 5.16899e-05
23.29 5.37489e-05 -2.0878e-06 5.37894e-05
23.3 5.57049e-05 1.39306e-06 5.57224e-05
23.31 5.7246e-05 4.50173e-06 5.74227e-05
23.32 5.87705e-05 8.29031e-06 5.93524e-05
23.33 5.97303e-05 1.21557e-05 6.09546e-05
23.34 5.99918e-05 1.65119e-05 6.22226e-05
23.35 5.99129e-05 2.02966e-05 6.32574e-05
23.36 6.01614e-05 2.46854e-05 6.50289e-05
23.37 5.89076e-05 2.8842e-05 6.55894e-05
23.38 5.84286e-05 3.27981e-05 6.70046e-05
23.39 5.70689e-05 3.71643e-05 6.81032e-05
23.4 5.57126e-05 4.09668e-05 6.91532e-05
23.41 5.3705e-05 4.54784e-05 7.03741e-05
23.42 5.13852e-05 4.91331e-05 7.1095e-05
23.43 4.90829e-05 5.31965e-05 7.23809e-05
23.44 4.63173e-05 5.69048e-05 7.3372e-05
23.45 4.30739e-05 6.0685e-05 7.44179e-05
23.46 3.97317e-05 6.38942e-05 7.52401e-05
23.47 3.6449e-05 6.76716e-05 7.68634e-05
23.48 3.16941e-05 7.07721e-05 7.75448e-05
23.49 2.7605e-05 7.37342e-05 7.87323e-05
23.5 2.25481e-05 7.66186e-05 7.98676e-05
23.51 1.76826e-05 7.86707e-05 8.06335e-05
23.52 1.21895e-05 8.09246e-05 8.18375e-05
23.53 6.72174e-06 8.21135e-05 8.23881e-05
23.54 1.20549e-06 8.35416e-05 8.35503e-05
23.55 -4.72398e-06 8.43364e-05 8.44686e-05
23.56 -1.1043e-05 8.47715e-05 8.54877e-05
23.57 -1.7169e-05 8.44259e-05 8.61539e-05
23.58 -2.32311e-05 8.41911e-05 8.73375e-05
23.59 -3.00735e-05 8.26257e-05 8.79285e-05
23.6 -3.59599e-05 8.09269e-05 8.85566e-05
23.61 -4.24718e-05 7.87925e-05 8.95104e-05
23.62 -4.84728e-05 7.585e-05 9.00158e-05
23.63 -5.48925e-05 7.27596e-05 9.11435e-05
23.64 -6.075e-05 6.85046e-05 9.15611e-05
23.65 -6.6343e-05 6.4173e-05 9.23015e-05
23.66 -7.16652e-05 5.88565e-05 9.27361e-05
23.67 -7.65994e-05 5.29779e-05 9.3135e-05
23.68 -8.06189e-05 4.65775e-05 9.31067e-05
23.69 -8.4162e-05 4.0393e-05 9.33533e-05
23.7 -8.75889e-05 3.29942e-05 9.35971e-05
23.71 -8.95956e-05 2.59743e-05 9.32847e-05
23.72 -9.16129e-05 1.85883e-05 9.34796e-05
23.73 -9.23736e-05 1.07989e-05 9.30027e-05
23.74 -9.29535e-05 3.20343e-06 9.30087e-05
23.75 -9.22947e-05 -4.76814e-06 9.24177e-05
23.76 -9.11175e-05 -1.19643e-05 9.18996e-05
23.77 -8.93594e-05 -1.93801e-05 9.14368e-05
23.78 -8.69939e-05 -2.65219e-05 9.0947e-05
23.79 -8.37468e-05 -3.33534e-05 9.01442e-05
23.8 -8.0088e-05 -3.9442e-05 8.92735e-05
23.81 -7.60765e-05 -4.61628e-05 8.89868e-05
23.82 -7.08558e-05 -5.1545e-05 8.76209e-05
23.83 -6.58518e-05 -5.66176e-05 8.68447e-05
23.84 -5.9819e-05 -6.11582e-05 8.55491e-05
23.85 -5.41103e-05 -6.48118e-05 8.44304e-05
23.86 -4.76466e-05 -6.8179e-05 8.3178e-05
23.87 -4.13933e-05 -7.03473e-05 8.1622e-05
23.88 -3.50756e-05 -7.24637e-05 8.05064e-05
23.89 -2.87176e-05 -7.38704e-05 7.92561e-05
23.9 -2.22787e-05 -7.45433e-05 7.78013e-05
23.91 -1.61943e-05 -7.42542e-05 7.59996e-05
23.92 -1.03414e-05 -7.43709e-05 7.50865e-05
23.93 -4.31701e-06 -7.30542e-05 7.31816e-05
23.94 7.81757e-07 -7.18405e-05 7.18448e-05
23.95 6.28238e-06 -7.03741e-05 7.06539e-05
23.96 1.09231e-05 -6.84716e-05 6.93374e-05
23.97 1.59167e-05 -6.65028e-05 6.8381e-05
23.98 2.02553e-05 -6.36694e-05 6.68137e-05
23.99 2.44107e-05 -6.10671e-05 6.57652e-05
24 2.82979e-05 -5.80588e-05 6.45879e-05
24.01 3.18193e-05 -5.47299e-05 6.33075e-05
24.02 3.47654e-05 -5.11544e-05 6.18499e-05
24.03 3.75905e-05 -4.83084e-05 6.12107e-05
24.04 4.02735e-05 -4.4374e-05 5.99251e-05
24.05 4.22326e-05 -4.08798e-05 5.87771e-05
24.06 4.4538e-05 -3.72122e-05 5.80378e-05
24.07 4.60151e-05 -3.34639e-05 5.68966e-05
24.08 4.77363e-05 -2.98245e-05 5.62873e-05
24.09 4.87233e-05 -2.58914e-05 5.51754e-05
24.1 4.97457e-05 -2.24943e-05 5.45951e-05
24.11 5.0644e-05 -1.88807e-05 5.4049e-05
24.12 5.12797e-05 -1.50252e-05 5.34356e-05
24.13 5.15237e-05 -1.10421e-05 5.26936e-05
24.14 5.18558e-05 -7.62612e-06 5.24135e-05
24.15 5.17256e-05 -3.24831e-06 5.18275e-05
24.16 5.09137e-05 4.14667e-07 5.09154e-05
24.17 5.03418e-05 4.16913e-06 5.05141e-05
24.18 4.89564e-05 7.74681e-06 4.95655e-05
24.19 4.78335e-05 1.12139e-05 4.91304e-05
24.2 4.59645e-05 1.48016e-05 4.82889e-05
24.21 4.42195e-05 1.7779e-05 4.76598e-05
24.22 4.22238e-05 2.08179e-05 4.70769e-05
24.23 3.97946e-05 2.367e-05 4.6302e-05
24.24 3.70803e-05 2.62077e-05 4.5407e-05
24.25 3.46494e-05 2.79692e-05 4.45292e-05
24.26 3.18287e-05 3.03768e-05 4.39979e-05
24.27 2.88085e-05 3.18686e-05 4.29598e-05
24.28 2.62691e-05 3.35058e-05 4.25759e-05
24.29 2.30855e-05 3.48069e-05 4.17667e-05
24.3 2.02964e-05 3.59021e-05 4.1242e-05
24.31 1.68651e-05 3.68816e-05 4.05547e-05
24.32 1.38802e-05 3.71432e-05 3.96519e-05
24.33 1.08716e-05 3.74665e-05 3.90119e-05
24.34 7.77066e-06 3.75102e-05 3.83066e-05
24.35 4.82769e-06 3.73384e-05 3.76492e-05
24.36 2.40538e-06 3.65731e-05 3.66521e-05
24.37 -4.17972e-07 3.6378e-05 3.63804e-05
24.38 -3.18831e-06 3.52217e-05 3.53657e-05
24.39 -5.33583e-06 3.4294e-05 3.47066e-05
24.4 -7.89037e-06 3.30495e-05 3.39783e-05
24.41 -9.72388e-06 3.17632e-05 3.32183e-05
24.42 -1.19019e-05 3.05725e-05 3.28075e-05
24.43 -1.34265e-05 2.9001e-05 3.19582e-05
24.44 -1.50267e-05 2.77561e-05 3.15626e-05
24.45 -1.68688e-05 2.63192e-05 3.12611e-05
24.46 -1.85184e-05 2.4782e-05 3.09367e-05
24.47 -1.96795e-05 2.29106e-05 3.02023e-05
24.48 -2.12648e-05 2.15445e-05 3.02714e-05
24.49 -2.25338e-05 1.94361e-05 2.9758e-05
24.5 -2.32782e-05 1.77252e-05 2.92584e-05
24.51 -2.44562e-05 1.57563e-05 2.90924e-05
24.52 -2.51432e-05 1.37948e-05 2.86789e-05
24.53 -2.62351e-05 1.17857e-05 2.87608e-05
24.54 -2.66408e-05 9.47165e-06 2.82745e-05
24.55 -2.70425e-05 7.4442e-06 2.80484e-05
24.56 -2.74763e-05 5.23905e-06 2.79713e-05
24.57 -2.74959e-05 3.0766e-06 2.76675e-05
24.58 -2.70551e-05 8.38887e-07 2.70682e-05
24.59 -2.71618e-05 -9.79298e-07 2.71794e-05
24.6 -2.68711e-05 -3.39706e-06 2.7085e-05
24.61 -2.61557e-05 -5.35663e-06 2.66986e-05
24.62 -2.56782e-05 -7.58524e-06 2.67751e-05
24.63 -2.4555e-05 -9.66058e-06 2.6387e-05
24.64 -2.36095e-05 -1.16828e-05 2.63419e-05
24.65 -2.19259e-05 -1.37261e-05 2.5868e-05
24.66 -2.03704e-05 -1.53509e-05 2.55069e-05
24.67 -1.88885e-05 -1.70572e-05 2.54504e-05
24.68 -1.70104e-05 -1.84805e-05 2.51174e-05
24.69 -1.47169e-05 -1.97678e-05 2.46445e-05
24.7 -1.29025e-05 -2.05558e-05 2.42696e-05
24.71 -1.05498e-05 -2.15546e-05 2.39979e-05
24.72 -7.99185e-06 -2.17585e-05 2.31798e-05
24.73 -5.9151e-06 -2.20154e-05 2.27962e-05
24.74 -3.57579e-06 -2.18771e-05 2.21674e-05
24.75 -1.78034e-06 -2.15781e-05 2.16515e-05
24.76 4.8926e-07 -2.11897e-05 2.11953e-05
24.77 2.34019e-06 -2.04186e-05 2.05522e-05
24.78 4.01945e-06 -1.98114e-05 2.02151e-05
24.79 5.87413e-06 -1.88181e-05 1.97136e-05
24.8 7.7116e-06 -1.77126e-05 1.93185e-05
24.81 8.70067e-06 -1.62984e-05 1.84754e-05
24.82 9.93472e-06 -1.51453e-05 1.81129e-05
24.83 1.1057e-05 -1.34068e-05 1.73781e-05
24.84 1.16134e-05 -1.20025e-05 1.67012e-05
24.85 1.24426e-05 -1.04239e-05 1.6232e-05
24.86 1.26775e-05 -8.87348e-06 1.54744e-05
24.87 1.32602e-05 -7.35714e-06 1.51644e-05
24.88 1.31968e-05 -5.66657e-06 1.43619e-05
24.89 1.28318e-05 -4.42831e-06 1.35744e-05
24.9 1.26221e-05 -3.052e-06 1.29858e-05
24.91 1.2411e-05 -1.90578e-06 1.25565e-05
24.92 1.16259e-05 -8.78448e-07 1.1659e-05
24.93 1.13556e-05 -2.18119e-07 1.13577e-05
24.94 1.10656e-05 8.33216e-07 1.10969e-05
24.95 1.03294e-05 1.47292e-06 1.04339e-05
24.96 9.91583e-06 2.22454e-06 1.01623e-05
24.97 9.06714e-06 2.86253e-06 9.50827e-06
24.98 8.74575e-06 3.41691e-06 9.38954e-06
24.99 8.07973e-06 4.02761e-06 9.02793e-06
25 7.40329e-06 4.2159e-06 8.51953e-06
25.01 7.05567e-06 4.6855e-06 8.46973e-06
25.02 6.6411e-06 5.04969e-06 8.34287e-06
25.03 5.67108e-06 5.29234e-06 7.75694e-06
25.04 5.20119e-06 5.37151e-06 7.477e-06
25.05 4.66597e-06 5.74256e-06 7.39921e-06
25.06 3.90692e-06 5.65098e-06 6.87005e-06
25.07 3.57749e-06 5.67979e-06 6.71256e-06
25.08 2.94593e-06 5.65201e-06 6.37368e-06
25.09 2.76155e-06 5.71243e-06 6.34492e-06
25.1 2.15228e-06 5.86318e-06 6.24574e-06
25.11 1.52101e-06 5.71828e-06 5.91711e-06
25.12 1.16202e-06 5.93343e-06 6.04614e-06
25.13 7.90386e-07 5.96773e-06 6.01985e-06
25.14 4.4418e-08 5.80289e-06 5.80306e-06
25.15 -1.52376e-07 5.59861e-06 5.60068e-06
25.16 -5.15872e-07 5.68842e-06 5.71177e-06
25.17 -1.16435e-06 5.36532e-06 5.4902e-06
25.18 -1.50327e-06 5.1914e-06 5.40467e-06
25.19 -2.16001e-06 4.89973e-06 5.35472e-06
25.2 -2.31123e-06 4.5885e-06 5.13771e-06
25.21 -2.76178e-06 4.20375e-06 5.02981e-06
25.22 -3.01857e-06 3.49694e-06 4.61956e-06
25.23 -2.98599e-06 3.25186e-06 4.41483e-06
25.24 -3.0147e-06 2.88986e-06 4.17609e-06
25.25 -3.37832e-06 2.43205e-06 4.16268e-06
25.26 -3.22251e-06 2.08796e-06 3.83981e-06
25.27 -3.1878e-06 1.95931e-06 3.74179e-06
25.28 -3.29584e-06 1.41942e-06 3.58849e-06
25.29 -3.00041e-06 1.07943e-06 3.18867e-06
25.3 -3.03527e-06 7.1653e-07 3.1187e-06
25.31 -2.66399e-06 4.9971e-07 2.71046e-06
25.32 -2.76854e-06 3.02646e-07 2.78503e-06
25.33 -2.78081e-06 -1.40408e-07 2.78435e-06
25.34 -2.575e-06 -1.32442e-07 2.57841e-06
25.35 -2.44653e-06 -3.86832e-07 2.47692e-06
25.36 -2.52327e-06 -7.78284e-07 2.64057e-06
25.37 -2.13499e-06 -9.37648e-07 2.33182e-06
25.38 -1.9488e-06 -8.5017e-07 2.12617e-06
25.39 -2.00866e-06 -1.02735e-06 2.25613e-06
25.4 -1.7737e-06 -9.4027e-07 2.00752e-06
25.41 -1.91659e-06 -8.96845e-07 2.11605e-06
25.42 -1.63491e-06 -8.27688e-07 1.83249e-06
25.43 -1.7137e-06 -8.65385e-07 1.91981e-06
25.44 -1.69195e-06 -1.15651e-06 2.04944e-06
25.45 -1.49527e-06 -9.6279e-07 1.77842e-06
25.46 -1.51821e-06 -1.02439e-06 1.83148e-06
25.47 -1.74991e-06 -1.25026e-06 2.15066e-06
25.48 -1.56619e-06 -1.22722e-06 1.98973e-06
25.49 -1.53702e-06 -1.20708e-06 1.95435e-06
25.5 -1.56228e-06 -1.54705e-06 2.19865e-06
25.51 -1.20299e-06 -1.67271e-06 2.06037e-06
25.52 -1.15626e-06 -1.78686e-06 2.12834e-06
25.53 -7.54159e-07 -1.74053e-06 1.89689e-06
25.54 -6.99482e-07 -1.74553e-06 1.88047e-06
25.55 -5.40399e-07 -1.89665e-06 1.97213e-06
25.56 -1.92759e-07 -1.62376e-06 1.63516e-06
25.57 1.15953e-08 -1.73185e-06 1.73189e-06
25.58 8.92337e-08 -2.01741e-06 2.01938e-06
25.59 5.24266e-07 -1.95688e-06 2.02589e-06
25.6 6.99686e-07 -1.86545e-06 1.99235e-06
25.61 7.28876e-07 -1.97833e-06 2.10833e-06
25.62 1.03614e-06 -1.83056e-06 2.10346e-06
25.63 1.03148e-06 -1.70802e-06 1.99532e-06
25.64 1.40192e-06 -1.5222e-06 2.06942e-06
25.65 1.45704e-06 -1.45681e-06 2.06041e-06
25.66 1.63555e-06 -1.43871e-06 2.17828e-06
25.67 1.89777e-06 -9.07709e-07 2.10368e-06
25.68 1.92352e-06 -6.55448e-07 2.03213e-06
25.69 1.75962e-06 -4.96413e-07 1.8283e-06
25.7 1.86688e-06 -1.5834e-08 1.86695e-06
25.71 1.76451e-06 2.79403e-07 1.78649e-06
25.72 1.53868e-06 2.69496e-07 1.5621e-06
25.73 1.58792e-06 4.47716e-07 1.64983e-06
25.74 1.26774e-06 5.97214e-07 1.40137e-06
25.75 1.25811e-06 8.45639e-07 1.5159e-06
25.76 8.85702e-07 9.47799e-07 1.29722e-06
25.77 6.65929e-07 9.75457e-07 1.18109e-06
25.78 6.16627e-07 1.34342e-06 1.47817e-06
25.79 4.53582e-07 1.26214e-06 1.34117e-06
25.8 2.66749e-07 1.0847e-06 1.11701e-06
25.81 3.27899e-07 1.28779e-06 1.32888e-06
25.82 1.98328e-07 1.34081e-06 1.3554e-06
25.83 -7.02765e-08 1.21332e-06 1.21536e-06
25.84 -4.0323e-08 1.24878e-06 1.24943e-06
25.85 -3.23651e-07 1.16205e-06 1.20628e-06
25.86 -2.14343e-07 1.04776e-06 1.06946e-06
25.87 -3.78156e-07 7.19032e-07 8.1241e-07
25.88 -4.14232e-07 4.08829e-07 5.82005e-07
25.89 -3.11027e-07 5.35522e-07 6.19291e-07
25.9 -4.18105e-07 3.21828e-07 5.27622e-07
25.91 -5.03397e-07 1.05504e-07 5.14334e-07
25.92 -3.19913e-07 2.85942e-07 4.29077e-07
25.93 -2.56547e-07 1.87178e-07 3.17572e-07
25.94 -2.64772e-07 -4.7442e-08 2.68988e-07
25.95 1.27279e-08 -4.95638e-08 5.1172e-08
25.96 -8.18982e-08 -3.65826e-08 8.96973e-08
25.97 1.02215e-07 8.47904e-08 1.32806e-07
25.98 -2.25343e-08 3.5211e-08 4.18044e-08
25.99 -6.33333e-08 7.20338e-09 6.37417e-08
26 7.64346e-08 2.36613e-07 2.48652e-07
