0 0.000187411 9.33253e-05 0.000209362
0.01 0.000374333 0.000185668 0.000417849
0.02 0.000559789 0.000276801 0.000624485
0.03 0.000743053 0.000365385 0.00082803
0.04 0.00092395 0.000451086 0.00102818
0.05 0.0011012 0.000532981 0.0012234
0.06 0.00127428 0.000610392 0.00141293
0.07 0.00144297 0.000682732 0.00159634
0.08 0.00160601 0.000749126 0.00177213
0.09 0.00176308 0.00080936 0.00193998
0.1 0.0019138 0.000862497 0.00209917
0.11 0.00205725 0.000908166 0.00224879
0.12 0.00219295 0.000946188 0.00238837
0.13 0.00232063 0.000975482 0.00251731
0.14 0.00243957 0.000996456 0.00263523
0.15 0.00254902 0.00100818 0.00274115
0.16 0.00264906 0.00101073 0.00283533
0.17 0.00273886 0.00100383 0.00291702
0.18 0.00281783 0.000987309 0.00298579
0.19 0.00288618 0.00096127 0.00304205
0.2 0.00294313 0.000925445 0.0030852
0.21 0.00298835 0.000880281 0.00311531
0.22 0.003022 0.000825651 0.00313276
0.23 0.0030435 0.000761728 0.00313738
0.24 0.00305264 0.000689174 0.00312947
0.25 0.00304944 0.000607708 0.0031094
0.26 0.0030338 0.000518217 0.00307775
0.27 0.00300522 0.000420951 0.00303456
0.28 0.00296413 0.000316288 0.00298096
0.29 0.00291051 0.000205104 0.00291773
0.3 0.00284393 8.76356e-05 0.00284528
0.31 0.00276518 -3.50167e-05 0.00276541
0.32 0.0026741 -0.000162648 0.00267904
0.33 0.00257071 -0.000294038 0.00258747
0.34 0.0024556 -0.000428647 0.00249273
0.35 0.00232891 -0.000565817 0.00239665
0.36 0.00219075 -0.000704228 0.00230115
0.37 0.00204166 -0.000843536 0.00220906
0.38 0.00188226 -0.000982583 0.0021233
0.39 0.00171255 -0.00112034 0.00204646
0.4 0.00153335 -0.00125624 0.00198225
0.41 0.00134549 -0.00138892 0.00193377
0.42 0.00114895 -0.00151781 0.00190364
0.43 0.000944876 -0.00164161 0.00189411
0.44 0.000733999 -0.00175977 0.00190671
0.45 0.00051656 -0.00187116 0.00194115
0.46 0.000293753 -0.00197481 0.00199653
0.47 6.62811e-05 -0.00207036 0.00207142
0.48 -0.000165143 -0.00215631 0.00216263
0.49 -0.000399684 -0.00223241 0.0022679
0.5 -0.000636033 -0.00229778 0.00238419
0.51 -0.000873651 -0.0023515 0.00250855
0.52 -0.0011116 -0.00239326 0.00263881
0.53 -0.00134831 -0.00242222 0.0027722
0.54 -0.00158352 -0.002438 0.00290712
0.55 -0.00181594 -0.00244004 0.00304162
0.56 -0.00204426 -0.002428 0.00317399
0.57 -0.00226802 -0.00240176 0.00330339
0.58 -0.00248586 -0.00236052 0.00342806
0.59 -0.00269672 -0.00230491 0.00354752
0.6 -0.00289964 -0.00223409 0.00366047
0.61 -0.0030938 -0.00214834 0.00376656
0.62 -0.00327774 -0.00204786 0.00386489
0.63 -0.00345076 -0.00193244 0.003955
0.64 -0.00361213 -0.00180256 0.00403692
0.65 -0.00376038 -0.00165847 0.00410987
0.66 -0.00389502 -0.00150057 0.00417407
0.67 -0.00401539 -0.00132936 0.00422973
0.68 -0.00412005 -0.00114535 0.00427629
0.69 -0.00420884 -0.00094949 0.00431462
0.7 -0.00428079 -0.000741904 0.0043446
0.71 -0.00433517 -0.000524071 0.00436673
0.72 -0.00437135 -0.000296491 0.0043814
0.73 -0.00438902 -5.99925e-05 0.00438943
0.74 -0.00438747 0.000183915 0.00439132
0.75 -0.00436614 0.000434606 0.00438772
0.76 -0.00432532 0.00069068 0.00438012
0.77 -0.00426408 0.000950956 0.00436883
0.78 -0.00418249 0.00121414 0.00435515
0.79 -0.00408078 0.00147902 0.00434054
0.8 -0.00395835 0.00174426 0.00432562
0.81 -0.00381563 0.00200823 0.00431185
0.82 -0.00365277 0.00227002 0.00430067
0.83 -0.00346988 0.00252785 0.00429303
0.84 -0.00326731 0.00278018 0.00429007
0.85 -0.00304567 0.00302613 0.00429343
0.86 -0.00280554 0.00326353 0.00430368
0.87 -0.00254716 0.0034914 0.00432179
0.88 -0.0022719 0.00370819 0.00434882
0.89 -0.00198021 0.00391247 0.00438505
0.9 -0.0016728 0.00410283 0.00443074
0.91 -0.00135133 0.00427803 0.00448639
0.92 -0.00101622 0.00443691 0.0045518
0.93 -0.000668961 0.00457778 0.0046264
0.94 -0.000310851 0.00470001 0.00471028
0.95 5.68222e-05 0.00480223 0.00480257
0.96 0.000432669 0.00488311 0.00490224
0.97 0.000815129 0.00494224 0.00500901
0.98 0.00120239 0.00497832 0.00512146
0.99 0.00159335 0.00499055 0.00523874
1 0.00198586 0.00497858 0.00536002
1.01 0.00237817 0.00494154 0.00548403
1.02 0.00276914 0.00487907 0.00561012
1.03 0.0031561 0.00479076 0.00573692
1.04 0.00353779 0.00467667 0.00586406
1.05 0.00391218 0.00453612 0.00599012
1.06 0.00427727 0.00436956 0.00611458
1.07 0.00463121 0.00417713 0.00623671
1.08 0.00497215 0.00395863 0.00635555
1.09 0.00529827 0.00371495 0.00647089
1.1 0.00560745 0.00344655 0.00658196
1.11 0.0058982 0.00315375 0.00668842
1.12 0.00616878 0.00283785 0.00679023
1.13 0.00641689 0.00249955 0.00688653
1.14 0.00664181 0.00213993 0.00697803
1.15 0.00684105 0.0017601 0.00706385
1.16 0.00701351 0.00136175 0.00714449
1.17 0.00715773 0.000945801 0.00721995
1.18 0.00727221 0.000514005 0.00729035
1.19 0.00735583 6.83842e-05 0.00735615
1.2 0.00740736 -0.000389868 0.00741762
1.21 0.00742604 -0.000858481 0.00747549
1.22 0.00741066 -0.0013353 0.00753
1.23 0.00736067 -0.00181866 0.00758202
1.24 0.00727568 -0.00230612 0.00763241
1.25 0.00715462 -0.00279533 0.0076813
1.26 0.00699787 -0.00328428 0.00773025
1.27 0.00680489 -0.00377056 0.00777969
1.28 0.00657566 -0.00425149 0.00783035
1.29 0.00631072 -0.00472491 0.00788353
1.3 0.00601005 -0.00518845 0.00793982
1.31 0.00567458 -0.00563907 0.008
1.32 0.00530468 -0.0060748 0.00806491
1.33 0.00490162 -0.00649306 0.00813546
1.34 0.00446624 -0.00689102 0.00821179
1.35 0.00399972 -0.0072667 0.00829474
1.36 0.00350395 -0.00761771 0.00838494
1.37 0.00297985 -0.00794143 0.00848209
1.38 0.00242977 -0.00823594 0.00858688
1.39 0.00185546 -0.00849918 0.00869936
1.4 0.00125886 -0.00872874 0.00881905
1.41 0.000642594 -0.00892282 0.00894593
1.42 8.68636e-06 -0.00907992 0.00907992
1.43 -0.00063999 -0.00919775 0.00921999
1.44 -0.00130101 -0.00927507 0.00936587
1.45 -0.00197152 -0.00931073 0.00951718
1.46 -0.00264842 -0.00930304 0.00967268
1.47 -0.00332927 -0.00925118 0.00983201
1.48 -0.00401026 -0.00915459 0.00999443
1.49 -0.00468895 -0.00901211 0.010159
1.5 -0.0053617 -0.00882346 0.0103248
1.51 -0.00602533 -0.00858867 0.0104914
1.52 -0.00667675 -0.00830722 0.0106578
1.53 -0.00731234 -0.00797941 0.0108232
1.54 -0.00792909 -0.00760596 0.0109873
1.55 -0.00852357 -0.00718716 0.0111493
1.56 -0.00909241 -0.00672383 0.0113085
1.57 -0.00963283 -0.00621757 0.0114651
1.58 -0.010141 -0.00566934 0.0116181
1.59 -0.0106145 -0.00508056 0.0117678
1.6 -0.0110498 -0.00445363 0.0119136
1.61 -0.0114445 -0.00379003 0.0120557
1.62 -0.0117955 -0.00309198 0.012194
1.63 -0.0121001 -0.00236231 0.0123285
1.64 -0.0123562 -0.0016034 0.0124598
1.65 -0.0125612 -0.000817943 0.0125878
1.66 -0.0127131 -9.48627e-06 0.0127131
1.67 -0.0128101 0.00081901 0.0128363
1.68 -0.0128501 0.00166425 0.0129575
1.69 -0.0128324 0.00252239 0.0130779
1.7 -0.0127549 0.00338966 0.0131976
1.71 -0.0126172 0.00426276 0.0133179
1.72 -0.0124184 0.00513712 0.013439
1.73 -0.0121579 0.00600891 0.0135618
1.74 -0.0118358 0.00687434 0.0136873
1.75 -0.0114518 0.00772861 0.0138157
1.76 -0.0110067 0.00856776 0.0139483
1.77 -0.0105009 0.00938761 0.0140853
1.78 -0.00993541 0.0101836 0.0142273
1.79 -0.00931172 0.0109514 0.014375
1.8 -0.0086309 0.011687 0.0145285
1.81 -0.00789536 0.0123862 0.0146886
1.82 -0.00710689 0.0130445 0.0148548
1.83 -0.00626796 0.0136586 0.0150281
1.84 -0.00538148 0.014224 0.015208
1.85 -0.00445023 0.014737 0.0153943
1.86 -0.0034777 0.0151945 0.0155874
1.87 -0.00246715 0.0155924 0.0157864
1.88 -0.00142276 0.0159276 0.015991
1.89 -0.000348193 0.0161975 0.0162012
1.9 0.000752242 0.0163989 0.0164161
1.91 0.00187367 0.0165294 0.0166353
1.92 0.00301213 0.0165868 0.0168581
1.93 0.00416219 0.0165695 0.0170843
1.94 0.00531903 0.0164752 0.0173125
1.95 0.00647765 0.0163031 0.0175429
1.96 0.00763264 0.0160523 0.0177745
1.97 0.00877865 0.0157215 0.0180064
1.98 0.00991034 0.0153111 0.0182386
1.99 0.0110223 0.014821 0.0184703
2 0.0121089 0.0142513 0.0187009
2.01 0.0131646 0.0136035 0.0189305
2.02 0.0141843 0.0128784 0.0191585
2.03 0.015162 0.0120779 0.0193845
2.04 0.0160928 0.0112036 0.0196086
2.05 0.0169713 0.0102586 0.0198309
2.06 0.0177923 0.00924497 0.0200508
2.07 0.018551 0.00816617 0.0202688
2.08 0.0192426 0.00702591 0.0204851
2.09 0.0198623 0.00582757 0.0206996
2.1 0.0204061 0.00457576 0.0209128
2.11 0.0208698 0.00327518 0.0211252
2.12 0.0212494 0.00193022 0.0213368
2.13 0.0215413 0.000546787 0.0215483
2.14 0.021743 -0.000870212 0.0217604
2.15 0.0218507 -0.00231449 0.021973
2.16 0.0218625 -0.00378057 0.022187
2.17 0.0217765 -0.00526173 0.0224032
2.18 0.0215905 -0.00675178 0.0226215
2.19 0.0213034 -0.00824429 0.022843
2.2 0.0209148 -0.00973195 0.0230681
2.21 0.0204237 -0.0112085 0.0232972
2.22 0.0198305 -0.0126665 0.0235306
2.23 0.0191358 -0.014099 0.0237689
2.24 0.0183405 -0.0154992 0.0240124
2.25 0.0174459 -0.0168596 0.0242612
2.26 0.0164544 -0.0181736 0.0245159
2.27 0.0153682 -0.019434 0.0247762
2.28 0.01419 -0.0206341 0.0250424
2.29 0.0129239 -0.0217673 0.0253149
2.3 0.0115732 -0.0228267 0.025593
2.31 0.0101423 -0.0238066 0.025877
2.32 0.00863629 -0.0247001 0.0261664
2.33 0.00706004 -0.025502 0.0264612
2.34 0.00541907 -0.0262065 0.026761
2.35 0.00371991 -0.0268083 0.0270652
2.36 0.00196856 -0.0273031 0.0273739
2.37 0.000171818 -0.0276857 0.0276862
2.38 -0.00166293 -0.0279528 0.0280022
2.39 -0.00352828 -0.0281005 0.0283211
2.4 -0.0054169 -0.0281257 0.0286426
2.41 -0.00732028 -0.0280261 0.0289663
2.42 -0.00923044 -0.0277991 0.0292915
2.43 -0.0111393 -0.0274436 0.0296181
2.44 -0.0130379 -0.0269583 0.0299456
2.45 -0.0149176 -0.0263429 0.0302734
2.46 -0.0167701 -0.0255976 0.0306019
2.47 -0.018586 -0.0247228 0.0309299
2.48 -0.0203568 -0.0237205 0.031258
2.49 -0.0220737 -0.0225919 0.0315855
2.5 -0.023728 -0.0213401 0.0319126
2.51 -0.0253109 -0.019968 0.0322391
2.52 -0.0268144 -0.0184791 0.0325652
2.53 -0.0282301 -0.0168782 0.0328909
2.54 -0.0295498 -0.0151699 0.0332162
2.55 -0.0307663 -0.0133597 0.0335417
2.56 -0.0318719 -0.011454 0.0338675
2.57 -0.0328591 -0.00945904 0.0341935
2.58 -0.0337223 -0.00738226 0.0345209
2.59 -0.0344542 -0.00523093 0.0348491
2.6 -0.0350497 -0.00301373 0.035179
2.61 -0.0355033 -0.000738639 0.035511
2.62 -0.0358104 0.00158515 0.0358455
2.63 -0.0359667 0.00394799 0.0361828
2.64 -0.0359688 0.00634077 0.0365235
2.65 -0.0358139 0.00875299 0.0368681
2.66 -0.0354993 0.0111744 0.0372165
2.67 -0.0350236 0.0135948 0.0375696
2.68 -0.034386 0.0160031 0.0379276
2.69 -0.0335856 0.0183887 0.0382902
2.7 -0.0326237 0.0207405 0.0386584
2.71 -0.0315009 0.0230477 0.0390321
2.72 -0.0302192 0.0252991 0.0394112
2.73 -0.0287816 0.0274839 0.0397963
2.74 -0.0271912 0.0295913 0.0401872
2.75 -0.0254522 0.0316102 0.0405835
2.76 -0.0235695 0.0335306 0.0409856
2.77 -0.0215488 0.0353421 0.0413934
2.78 -0.019396 0.0370344 0.0418062
2.79 -0.0171182 0.0385983 0.042224
2.8 -0.0147234 0.0400246 0.0426468
2.81 -0.0122193 0.0413041 0.0430736
2.82 -0.00961547 0.0424289 0.0435048
2.83 -0.00692096 0.0433913 0.0439397
2.84 -0.00414597 0.0441837 0.0443778
2.85 -0.00130129 0.0447998 0.0448187
2.86 0.00160216 0.0452341 0.0452624
2.87 0.00455264 0.0454807 0.045708
2.88 0.00753855 0.0455356 0.0461554
2.89 0.0105474 0.0453953 0.0466045
2.9 0.0135664 0.0450562 0.0470543
2.91 0.016583 0.0445167 0.0475051
2.92 0.0195836 0.0437759 0.0479567
2.93 0.0225556 0.0428327 0.0484086
2.94 0.025485 0.0416879 0.0488607
2.95 0.0283588 0.0403429 0.049313
2.96 0.0311634 0.0388 0.0497654
2.97 0.0338855 0.0370622 0.0502179
2.98 0.0365123 0.0351341 0.050671
2.99 0.0390305 0.0330201 0.0511244
3 0.0414273 0.0307261 0.0515782
3.01 0.0436906 0.0282592 0.0520332
3.02 0.0458079 0.0256272 0.0524892
3.03 0.0477683 0.0228377 0.0529469
3.04 0.04956 0.019901 0.0534064
3.05 0.0511728 0.0168263 0.0538682
3.06 0.0525963 0.0136249 0.0543324
3.07 0.0538216 0.0103086 0.0547999
3.08 0.0548403 0.00688935 0.0552713
3.09 0.055644 0.00337985 0.0557465
3.1 0.0562259 -0.000205958 0.0562263
3.11 0.0565797 -0.00385403 0.0567108
3.12 0.0566999 -0.00754983 0.0572004
3.13 0.0565829 -0.0112785 0.057696
3.14 0.0562242 -0.0150244 0.058197
3.15 0.0556217 -0.0187726 0.0587042
3.16 0.0547737 -0.0225059 0.0592172
3.17 0.0536801 -0.0262087 0.0597365
3.18 0.0523414 -0.0298649 0.0602622
3.19 0.0507592 -0.0334579 0.0607942
3.2 0.0489362 -0.0369716 0.0613323
3.21 0.0468757 -0.0403894 0.061876
3.22 0.0445833 -0.0436951 0.0624254
3.23 0.0420649 -0.046873 0.0629805
3.24 0.0393269 -0.0499079 0.0635406
3.25 0.0363775 -0.0527845 0.0641055
3.26 0.0332257 -0.0554871 0.0646743
3.27 0.0298816 -0.0580023 0.0652471
3.28 0.0263566 -0.0603162 0.0658234
3.29 0.0226624 -0.0624158 0.0664027
3.3 0.0188114 -0.064289 0.0669846
3.31 0.0148175 -0.0659233 0.0675681
3.32 0.0106958 -0.0673086 0.0681532
3.33 0.00646113 -0.0684353 0.0687396
3.34 0.00212946 -0.0692945 0.0693272
3.35 -0.00228258 -0.0698784 0.0699157
3.36 -0.00675793 -0.0701794 0.070504
3.37 -0.0112784 -0.0701926 0.071093
3.38 -0.0158253 -0.0699131 0.0716818
3.39 -0.0203812 -0.069338 0.0722714
3.4 -0.0249267 -0.0684646 0.0728611
3.41 -0.0294423 -0.0672917 0.0734509
3.42 -0.0339089 -0.0658201 0.0740412
3.43 -0.0383069 -0.0640512 0.0746323
3.44 -0.0426169 -0.0619883 0.0752246
3.45 -0.0468201 -0.0596351 0.0758186
3.46 -0.0508969 -0.0569966 0.076414
3.47 -0.054828 -0.0540803 0.0770116
3.48 -0.0585949 -0.0508936 0.0776113
3.49 -0.0621802 -0.0474464 0.0782147
3.5 -0.0655655 -0.0437484 0.078821
3.51 -0.068734 -0.0398113 0.0794312
3.52 -0.0716692 -0.0356483 0.0800454
3.53 -0.0743549 -0.0312733 0.080664
3.54 -0.076777 -0.0267015 0.0812876
3.55 -0.0789215 -0.0219487 0.0819167
3.56 -0.0807746 -0.017032 0.0825508
3.57 -0.0823249 -0.0119696 0.0831905
3.58 -0.0835612 -0.00678012 0.0838358
3.59 -0.0844742 -0.0014838 0.0844872
3.6 -0.0850547 0.00389966 0.0851441
3.61 -0.0852963 0.00934914 0.0858072
3.62 -0.0851921 0.0148426 0.0864754
3.63 -0.0847379 0.0203582 0.0871492
3.64 -0.0839309 0.0258735 0.0878284
3.65 -0.0827686 0.0313656 0.0885123
3.66 -0.0812508 0.0368114 0.0892008
3.67 -0.0793791 0.0421881 0.0898937
3.68 -0.0771555 0.0474723 0.0905902
3.69 -0.0745845 0.0526409 0.0912903
3.7 -0.0716715 0.0576715 0.0919935
3.71 -0.0684239 0.0625408 0.0926994
3.72 -0.0648499 0.0672267 0.0934073
3.73 -0.0609599 0.0717079 0.0941177
3.74 -0.0567653 0.0759626 0.0948294
3.75 -0.0522785 0.0799702 0.095542
3.76 -0.0475145 0.0837111 0.0962558
3.77 -0.0424887 0.0871662 0.0969703
3.78 -0.0372178 0.0903175 0.0976853
3.79 -0.0317202 0.0931483 0.0984011
3.8 -0.0260148 0.0956421 0.099117
3.81 -0.0201227 0.0977841 0.0998332
3.82 -0.014065 0.0995613 0.10055
3.83 -0.0078643 0.100962 0.101268
3.84 -0.00154345 0.101974 0.101985
3.85 0.00487337 0.102589 0.102704
3.86 0.0113608 0.102798 0.103424
3.87 0.0178938 0.102597 0.104145
3.88 0.0244464 0.101979 0.104869
3.89 0.0309924 0.100943 0.105594
3.9 0.0375052 0.0994866 0.106321
3.91 0.0439573 0.0976104 0.107052
3.92 0.0503224 0.0953164 0.107785
3.93 0.056573 0.0926089 0.108521
3.94 0.0626832 0.089493 0.109262
3.95 0.0686258 0.0859763 0.110007
3.96 0.0743745 0.0820674 0.110755
3.97 0.0799038 0.0777777 0.111508
3.98 0.0851885 0.0731197 0.112266
3.99 0.0902042 0.0681069 0.113028
4 0.094927 0.0627552 0.113795
4.01 0.0993341 0.0570823 0.114567
4.02 0.103404 0.0511063 0.115344
4.03 0.107116 0.0448481 0.116125
4.04 0.11045 0.0383288 0.116911
4.05 0.113389 0.0315717 0.117702
4.06 0.115915 0.0246006 0.118497
4.07 0.118014 0.0174414 0.119296
4.08 0.119671 0.01012 0.120098
4.09 0.120875 0.0026637 0.120904
4.1 0.121614 -0.00489875 0.121713
4.11 0.121881 -0.0125388 0.122525
4.12 0.121669 -0.020227 0.123339
4.13 0.120972 -0.0279328 0.124155
4.14 0.119788 -0.0356261 0.124973
4.15 0.118114 -0.0432752 0.125792
4.16 0.115953 -0.0508498 0.126613
4.17 0.113307 -0.0583187 0.127434
4.18 0.110179 -0.0656509 0.128256
4.19 0.106578 -0.0728156 0.129078
4.2 0.102512 -0.0797817 0.1299
4.21 0.097992 -0.0865201 0.130722
4.22 0.0930301 -0.093001 0.131544
4.23 0.0876408 -0.0991958 0.132366
4.24 0.0818403 -0.105076 0.133187
4.25 0.0756478 -0.110616 0.134009
4.26 0.0690828 -0.115788 0.134831
4.27 0.0621671 -0.120569 0.135652
4.28 0.0549238 -0.124934 0.136474
4.29 0.0473782 -0.128863 0.137297
4.3 0.0395563 -0.132334 0.138119
4.31 0.0314866 -0.135329 0.138943
4.32 0.0231978 -0.13783 0.139768
4.33 0.0147198 -0.139822 0.140595
4.34 0.00608439 -0.141292 0.141423
4.35 -0.0026758 -0.142227 0.142253
4.36 -0.0115285 -0.142619 0.143085
4.37 -0.0204388 -0.14246 0.143919
4.38 -0.0293731 -0.141745 0.144756
4.39 -0.0382961 -0.140469 0.145596
4.4 -0.0471728 -0.138633 0.146439
4.41 -0.0559675 -0.136237 0.147285
4.42 -0.064645 -0.133285 0.148135
4.43 -0.0731699 -0.129783 0.148988
4.44 -0.0815068 -0.125737 0.149844
4.45 -0.0896215 -0.121159 0.150703
4.46 -0.0974798 -0.116061 0.151566
4.47 -0.105048 -0.110456 0.152432
4.48 -0.112293 -0.104362 0.153301
4.49 -0.119183 -0.0977973 0.154172
4.5 -0.125689 -0.090783 0.155046
4.51 -0.13178 -0.0833414 0.155923
4.52 -0.137429 -0.0754969 0.156801
4.53 -0.142608 -0.0672766 0.157681
4.54 -0.147293 -0.0587082 0.158562
4.55 -0.151461 -0.0498217 0.159444
4.56 -0.15509 -0.0406483 0.160328
4.57 -0.15816 -0.0312206 0.161212
4.58 -0.160654 -0.0215727 0.162096
4.59 -0.162556 -0.0117408 0.162979
4.6 -0.163854 -0.00175995 0.163863
4.61 -0.164535 0.00833193 0.164746
4.62 -0.164593 0.018497 0.165629
4.63 -0.164019 0.0286966 0.16651
4.64 -0.16281 0.0388916 0.167391
4.65 -0.160965 0.0490425 0.16827
4.66 -0.158485 0.0591097 0.169149
4.67 -0.155372 0.0690537 0.170026
4.68 -0.151634 0.0788345 0.170903
4.69 -0.147279 0.0884129 0.171779
4.7 -0.142317 0.0977507 0.172653
4.71 -0.136761 0.106809 0.173527
4.72 -0.130629 0.11555 0.174401
4.73 -0.123938 0.123937 0.175274
4.74 -0.116708 0.131936 0.176148
4.75 -0.108963 0.139511 0.177021
4.76 -0.100728 0.14663 0.177895
4.77 -0.0920291 0.153261 0.178769
4.78 -0.0828965 0.159375 0.179644
4.79 -0.0733609 0.164942 0.180521
4.8 -0.0634553 0.169938 0.181398
4.81 -0.0532145 0.174336 0.182277
4.82 -0.0426745 0.178116 0.183157
4.83 -0.0318737 0.181258 0.184039
4.84 -0.0208504 0.183744 0.184923
4.85 -0.00964506 0.185558 0.185808
4.86 0.00170101 0.186688 0.186695
4.87 0.0131453 0.187123 0.187584
4.88 0.0246456 0.186856 0.188474
4.89 0.036158 0.185882 0.189366
4.9 0.047639 0.184198 0.190259
4.91 0.0590445 0.181805 0.191153
4.92 0.0703305 0.178707 0.192048
4.93 0.0814524 0.174907 0.192943
4.94 0.0923676 0.170416 0.193839
4.95 0.103032 0.165245 0.194735
4.96 0.113403 0.159408 0.19563
4.97 0.123439 0.152921 0.196525
4.98 0.133099 0.145803 0.197418
4.99 0.142344 0.138076 0.19831
5 0.151135 0.129765 0.1992
5.01 0.159435 0.120897 0.200089
5.02 0.167209 0.1115 0.200975
5.03 0.174423 0.101606 0.201859
5.04 0.181046 0.0912479 0.202741
5.05 0.187047 0.0804616 0.203619
5.06 0.1924 0.0692841 0.204495
5.07 0.197079 0.0577549 0.205367
5.08 0.201061 0.0459142 0.206237
5.09 0.204327 0.0338045 0.207104
5.1 0.206857 0.0214692 0.207968
5.11 0.208637 0.00895347 0.208829
5.12 0.209656 -0.00369757 0.209688
5.13 0.209902 -0.0164373 0.210545
5.14 0.209371 -0.0292183 0.2114
5.15 0.208057 -0.0419929 0.212252
5.16 0.20596 -0.0547136 0.213103
5.17 0.203082 -0.0673316 0.213953
5.18 0.199429 -0.0797994 0.214802
5.19 0.195008 -0.0920692 0.21565
5.2 0.189831 -0.104093 0.216497
5.21 0.183912 -0.115825 0.217345
5.22 0.177266 -0.127219 0.218193
5.23 0.169916 -0.138229 0.21904
5.24 0.161882 -0.148812 0.219888
5.25 0.15319 -0.158926 0.220736
5.26 0.143869 -0.168529 0.221586
5.27 0.133947 -0.177582 0.222435
5.28 0.123459 -0.186048 0.223284
5.29 0.11244 -0.19389 0.224134
5.3 0.100927 -0.201076 0.224984
5.31 0.0889598 -0.207575 0.225834
5.32 0.0765793 -0.213357 0.226684
5.33 0.0638293 -0.218396 0.227532
5.34 0.0507545 -0.222669 0.22838
5.35 0.0374015 -0.226155 0.229227
5.36 0.0238178 -0.228836 0.230072
5.37 0.0100521 -0.230696 0.230915
5.38 -0.00384554 -0.231724 0.231756
5.39 -0.0178242 -0.23191 0.232594
5.4 -0.0318336 -0.231249 0.23343
5.41 -0.0458212 -0.229737 0.234262
5.42 -0.0597356 -0.227375 0.235091
5.43 -0.0735252 -0.224166 0.235916
5.44 -0.0871383 -0.220117 0.236737
5.45 -0.100523 -0.215238 0.237555
5.46 -0.11363 -0.209541 0.238368
5.47 -0.126408 -0.203043 0.239177
5.48 -0.138809 -0.195763 0.239982
5.49 -0.150785 -0.187723 0.240782
5.5 -0.162289 -0.178949 0.241579
5.51 -0.173276 -0.169467 0.242371
5.52 -0.183703 -0.159309 0.243159
5.53 -0.19353 -0.148509 0.243944
5.54 -0.202715 -0.137102 0.244725
5.55 -0.211223 -0.125127 0.245503
5.56 -0.219017 -0.112624 0.246278
5.57 -0.226066 -0.0996368 0.24705
5.58 -0.232341 -0.0862099 0.247819
5.59 -0.237812 -0.0723899 0.248586
5.6 -0.242457 -0.0582254 0.249351
5.61 -0.246254 -0.0437663 0.250113
5.62 -0.249185 -0.0290635 0.250874
5.63 -0.251234 -0.0141702 0.251633
5.64 -0.252389 0.000861233 0.252391
5.65 -0.252642 0.015976 0.253147
5.66 -0.251987 0.0311195 0.253901
5.67 -0.250421 0.0462371 0.254654
5.68 -0.247946 0.0612736 0.255405
5.69 -0.244566 0.0761734 0.256154
5.7 -0.240289 0.0908821 0.256901
5.71 -0.235126 0.105345 0.257646
5.72 -0.229091 0.119509 0.25839
5.73 -0.222202 0.133321 0.25913
5.74 -0.21448 0.146729 0.259868
5.75 -0.205949 0.159682 0.260602
5.76 -0.196636 0.172132 0.261333
5.77 -0.186571 0.184031 0.262061
5.78 -0.175786 0.195334 0.262785
5.79 -0.164317 0.205996 0.263504
5.8 -0.152203 0.215977 0.264219
5.81 -0.139484 0.225237 0.264929
5.82 -0.126204 0.23374 0.265635
5.83 -0.112408 0.241452 0.266335
5.84 -0.0981422 0.248342 0.267031
5.85 -0.0834575 0.25438 0.267721
5.86 -0.0684037 0.259542 0.268405
5.87 -0.0530341 0.263806 0.269084
5.88 -0.0374023 0.267152 0.269758
5.89 -0.0215633 0.269566 0.270427
5.9 -0.00557302 0.271033 0.27109
5.91 0.0105117 0.271545 0.271749
5.92 0.0266339 0.271097 0.272402
5.93 0.0427354 0.269686 0.273051
5.94 0.058759 0.267313 0.273695
5.95 0.0746469 0.263984 0.274335
5.96 0.0903423 0.259706 0.274971
5.97 0.105787 0.254491 0.275602
5.98 0.120927 0.248354 0.27623
5.99 0.135705 0.241314 0.276855
6 0.150069 0.233393 0.277476
6.01 0.163964 0.224615 0.278094
6.02 0.177341 0.215009 0.278709
6.03 0.190149 0.204606 0.279321
6.04 0.202341 0.19344 0.27993
6.05 0.213872 0.181548 0.280537
6.06 0.224697 0.16897 0.28114
6.07 0.234777 0.155749 0.281741
6.08 0.244073 0.141929 0.28234
6.09 0.252549 0.127558 0.282935
6.1 0.260173 0.112683 0.283527
6.11 0.266914 0.0973576 0.284116
6.12 0.272747 0.0816334 0.284701
6.13 0.277647 0.0655646 0.285283
6.14 0.281594 0.049207 0.285861
6.15 0.284571 0.032618 0.286434
6.16 0.286565 0.0158552 0.287004
6.17 0.287566 -0.00102262 0.287568
6.18 0.287568 -0.0179565 0.288128
6.19 0.286566 -0.0348866 0.288682
6.2 0.284563 -0.0517539 0.289231
6.21 0.281562 -0.0684981 0.289774
6.22 0.277571 -0.0850604 0.290312
6.23 0.272601 -0.101382 0.290843
6.24 0.266667 -0.117405 0.291368
6.25 0.259787 -0.133072 0.291886
6.26 0.251984 -0.148328 0.292399
6.27 0.243281 -0.163117 0.292904
6.28 0.233707 -0.177387 0.293403
6.29 0.223294 -0.191087 0.293895
6.3 0.212076 -0.204167 0.294381
6.31 0.200089 -0.21658 0.29486
6.32 0.187375 -0.228281 0.295333
6.33 0.173976 -0.239228 0.2958
6.34 0.159937 -0.24938 0.29626
6.35 0.145305 -0.258701 0.296715
6.36 0.130131 -0.267156 0.297164
6.37 0.114467 -0.274714 0.297607
6.38 0.0983643 -0.281346 0.298046
6.39 0.0818802 -0.287028 0.298479
6.4 0.0650704 -0.291738 0.298907
6.41 0.0479929 -0.295458 0.29933
6.42 0.0307063 -0.298172 0.299749
6.43 0.013271 -0.29987 0.300163
6.44 -0.00425375 -0.300543 0.300573
6.45 -0.0218068 -0.300188 0.300979
6.46 -0.0393273 -0.298803 0.30138
6.47 -0.0567544 -0.296392 0.301777
6.48 -0.0740282 -0.292962 0.30217
6.49 -0.0910877 -0.288522 0.302559
6.5 -0.107875 -0.283086 0.302943
6.51 -0.12433 -0.276671 0.303323
6.52 -0.140396 -0.269298 0.303698
6.53 -0.156017 -0.260992 0.304069
6.54 -0.171138 -0.251778 0.304434
6.55 -0.185707 -0.241687 0.304795
6.56 -0.199673 -0.230754 0.30515
6.57 -0.212986 -0.219014 0.3055
6.58 -0.2256 -0.206507 0.305844
6.59 -0.237471 -0.193275 0.306182
6.6 -0.248557 -0.179361 0.306515
6.61 -0.258819 -0.164814 0.306841
6.62 -0.268221 -0.149682 0.30716
6.63 -0.27673 -0.134017 0.307473
6.64 -0.284314 -0.117871 0.307779
6.65 -0.290948 -0.101299 0.308079
6.66 -0.296609 -0.084358 0.308371
6.67 -0.301275 -0.0671049 0.308657
6.68 -0.304929 -0.0495983 0.308937
6.69 -0.307559 -0.0318978 0.309209
6.7 -0.309155 -0.0140639 0.309474
6.71 -0.309709 0.00384261 0.309733
6.72 -0.309221 0.0217617 0.309986
6.73 -0.30769 0.0396313 0.310232
6.74 -0.305121 0.0573911 0.310471
6.75 -0.301522 0.0749806 0.310705
6.76 -0.296905 0.0923396 0.310933
6.77 -0.291285 0.109409 0.311155
6.78 -0.28468 0.126131 0.311371
6.79 -0.277113 0.142449 0.311582
6.8 -0.268609 0.158306 0.311788
6.81 -0.259195 0.17365 0.311988
6.82 -0.248904 0.188428 0.312184
6.83 -0.237771 0.202589 0.312374
6.84 -0.225833 0.216087 0.31256
6.85 -0.213129 0.228874 0.312742
6.86 -0.199704 0.240907 0.312918
6.87 -0.185601 0.252146 0.31309
6.88 -0.170868 0.262553 0.313257
6.89 -0.155556 0.272092 0.313419
6.9 -0.139716 0.280731 0.313577
6.91 -0.1234 0.288441 0.313729
6.92 -0.106665 0.295196 0.313876
6.93 -0.0895659 0.300974 0.314018
6.94 -0.0721603 0.305754 0.314154
6.95 -0.0545077 0.309521 0.314284
6.96 -0.0366661 0.312263 0.314408
6.97 -0.0186963 0.31397 0.314526
6.98 -0.000658275 0.314636 0.314637
6.99 0.0173878 0.314261 0.314742
7 0.0353813 0.312845 0.314839
7.01 0.0532616 0.310393 0.31493
7.02 0.0709695 0.306915 0.315013
7.03 0.0884458 0.302421 0.315089
7.04 0.105632 0.296928 0.315157
7.05 0.122472 0.290454 0.315218
7.06 0.138908 0.28302 0.315271
7.07 0.154887 0.274655 0.315317
7.08 0.170355 0.265383 0.315355
7.09 0.185262 0.255238 0.315386
7.1 0.199558 0.244254 0.31541
7.11 0.213196 0.232468 0.315427
7.12 0.226132 0.219919 0.315436
7.13 0.238322 0.206651 0.315439
7.14 0.249728 0.192707 0.315436
7.15 0.260312 0.178134 0.315427
7.16 0.27004 0.162981 0.315412
7.17 0.278881 0.1473 0.315392
7.18 0.286806 0.131142 0.315366
7.19 0.293789 0.114562 0.315335
7.2 0.299809 0.0976143 0.3153
7.21 0.304848 0.0803557 0.315261
7.22 0.308888 0.0628439 0.315216
7.23 0.311919 0.0451369 0.315168
7.24 0.313931 0.027293 0.315115
7.25 0.314919 0.00937168 0.315059
7.26 0.314881 -0.00856828 0.314998
7.27 0.313819 -0.0264676 0.314933
7.28 0.311737 -0.0442675 0.314864
7.29 0.308644 -0.0619093 0.314792
7.3 0.30455 -0.0793356 0.314714
7.31 0.299472 -0.0964896 0.314633
7.32 0.293427 -0.113314 0.314546
7.33 0.286435 -0.129757 0.314455
7.34 0.278523 -0.145763 0.314359
7.35 0.269716 -0.16128 0.314258
7.36 0.260045 -0.17626 0.314151
7.37 0.249544 -0.190653 0.314039
7.38 0.238247 -0.204413 0.313921
7.39 0.226193 -0.217498 0.313797
7.4 0.213423 -0.229864 0.313667
7.41 0.199979 -0.241474 0.313531
7.42 0.185906 -0.252291 0.313387
7.43 0.171252 -0.262281 0.313238
7.44 0.156065 -0.271412 0.313083
7.45 0.140395 -0.279658 0.312921
7.46 0.124295 -0.286992 0.312752
7.47 0.107817 -0.293394 0.312577
7.48 0.091016 -0.298843 0.312396
7.49 0.0739466 -0.303325 0.312208
7.5 0.0566651 -0.306826 0.312015
7.51 0.0392277 -0.309339 0.311816
7.52 0.0216913 -0.310855 0.311611
7.53 0.00411249 -0.311374 0.311401
7.54 -0.0134509 -0.310895 0.311186
7.55 -0.0309431 -0.309422 0.310966
7.56 -0.0483069 -0.306963 0.310741
7.57 -0.0654872 -0.303527 0.310512
7.58 -0.0824287 -0.299128 0.310277
7.59 -0.0990774 -0.293782 0.310039
7.6 -0.11538 -0.28751 0.309797
7.61 -0.131286 -0.280332 0.309551
7.62 -0.146743 -0.272275 0.309301
7.63 -0.161704 -0.263367 0.309048
7.64 -0.176122 -0.253638 0.30879
7.65 -0.189952 -0.243123 0.308529
7.66 -0.20315 -0.231856 0.308265
7.67 -0.215676 -0.219875 0.307996
7.68 -0.227492 -0.207222 0.307723
7.69 -0.238562 -0.193939 0.307447
7.7 -0.248851 -0.180068 0.307167
7.71 -0.25833 -0.165657 0.306882
7.72 -0.26697 -0.150754 0.306593
7.73 -0.274745 -0.135406 0.3063
7.74 -0.281634 -0.119665 0.306002
7.75 -0.287616 -0.103581 0.305699
7.76 -0.292676 -0.0872072 0.305392
7.77 -0.296799 -0.0705959 0.305079
7.78 -0.299975 -0.0538015 0.304762
7.79 -0.302198 -0.0368771 0.304439
7.8 -0.303462 -0.0198776 0.304112
7.81 -0.303766 -0.00285697 0.30378
7.82 -0.303113 0.0141305 0.303442
7.83 -0.301507 0.0310315 0.3031
7.84 -0.298957 0.0477921 0.302753
7.85 -0.295473 0.0643601 0.302401
7.86 -0.291069 0.0806827 0.302045
7.87 -0.285763 0.0967103 0.301684
7.88 -0.279574 0.112392 0.301319
7.89 -0.272523 0.12768 0.30095
7.9 -0.264638 0.142527 0.300578
7.91 -0.255944 0.156887 0.300202
7.92 -0.246473 0.170717 0.299822
7.93 -0.236256 0.183975 0.299439
7.94 -0.225329 0.19662 0.299053
7.95 -0.213729 0.208617 0.298665
7.96 -0.201494 0.219927 0.298275
7.97 -0.188664 0.230519 0.297881
7.98 -0.175283 0.240361 0.297486
7.99 -0.161395 0.249425 0.297088
8 -0.147045 0.257686 0.296689
8.01 -0.13228 0.265119 0.296287
8.02 -0.117147 0.271705 0.295883
8.03 -0.101695 0.277425 0.295477
8.04 -0.0859753 0.282266 0.295069
8.05 -0.0700364 0.286215 0.294659
8.06 -0.0539298 0.289262 0.294247
8.07 -0.0377064 0.291402 0.293831
8.08 -0.0214174 0.292631 0.293414
8.09 -0.00511389 0.292948 0.292993
8.1 0.0111528 0.292357 0.292569
8.11 0.0273322 0.290861 0.292142
8.12 0.043374 0.28847 0.291712
8.13 0.0592285 0.285194 0.291279
8.14 0.0748475 0.281046 0.290842
8.15 0.0901829 0.276043 0.290401
8.16 0.105187 0.270203 0.289956
8.17 0.119816 0.263549 0.289506
8.18 0.134026 0.256103 0.289053
8.19 0.147773 0.247893 0.288596
8.2 0.161017 0.238946 0.288134
8.21 0.173718 0.229293 0.287668
8.22 0.18584 0.218967 0.287199
8.23 0.197346 0.208003 0.286724
8.24 0.208205 0.196437 0.286247
8.25 0.218385 0.184308 0.285765
8.26 0.227857 0.171656 0.285279
8.27 0.236595 0.15852 0.284791
8.28 0.244574 0.144946 0.284298
8.29 0.251773 0.130975 0.283803
8.3 0.258175 0.116654 0.283306
8.31 0.26376 0.102027 0.282806
8.32 0.268517 0.0871419 0.282303
8.33 0.272433 0.0720448 0.281799
8.34 0.275501 0.0567837 0.281292
8.35 0.277715 0.0414063 0.280784
8.36 0.27907 0.0259601 0.280275
8.37 0.279568 0.0104936 0.279764
8.38 0.279209 -0.00494537 0.279253
8.39 0.277999 -0.0203102 0.27874
8.4 0.275946 -0.0355531 0.278227
8.41 0.273058 -0.0506278 0.277712
8.42 0.269349 -0.0654893 0.277196
8.43 0.264834 -0.0800917 0.27668
8.44 0.25953 -0.0943926 0.276163
8.45 0.253457 -0.108348 0.275644
8.46 0.246636 -0.121918 0.275125
8.47 0.239093 -0.135062 0.274604
8.48 0.230854 -0.147742 0.274082
8.49 0.221946 -0.15992 0.273559
8.5 0.2124 -0.171562 0.273034
8.51 0.202248 -0.182634 0.272506
8.52 0.191525 -0.193106 0.271977
8.53 0.180265 -0.202947 0.271446
8.54 0.168504 -0.212132 0.270913
8.55 0.156283 -0.220634 0.270377
8.56 0.143639 -0.228431 0.269839
8.57 0.130613 -0.235502 0.269298
8.58 0.117248 -0.24183 0.268754
8.59 0.103584 -0.247398 0.268208
8.6 0.089666 -0.252192 0.267658
8.61 0.0755365 -0.256203 0.267106
8.62 0.0612401 -0.259422 0.266552
8.63 0.0468209 -0.261841 0.265994
8.64 0.0323229 -0.263459 0.265435
8.65 0.017792 -0.264274 0.264872
8.66 0.00327081 -0.264287 0.264307
8.67 -0.0111952 -0.263502 0.263739
8.68 -0.0255631 -0.261925 0.26317
8.69 -0.0397893 -0.259566 0.262598
8.7 -0.0538317 -0.256434 0.262023
8.71 -0.0676483 -0.252544 0.261447
8.72 -0.0811981 -0.24791 0.260869
8.73 -0.0944412 -0.242551 0.260289
8.74 -0.10734 -0.236488 0.259708
8.75 -0.119855 -0.22974 0.259125
8.76 -0.131952 -0.222332 0.25854
8.77 -0.143595 -0.214291 0.257954
8.78 -0.154753 -0.205644 0.257367
8.79 -0.165392 -0.196419 0.256778
8.8 -0.175485 -0.186648 0.256188
8.81 -0.185002 -0.176363 0.255597
8.82 -0.193918 -0.165598 0.255003
8.83 -0.202209 -0.154388 0.254409
8.84 -0.209853 -0.142768 0.253813
8.85 -0.21683 -0.130777 0.253215
8.86 -0.223122 -0.118452 0.252615
8.87 -0.228715 -0.105833 0.252014
8.88 -0.233594 -0.0929576 0.251411
8.89 -0.23775 -0.079868 0.250806
8.9 -0.241171 -0.0666038 0.250199
8.91 -0.243853 -0.0532064 0.24959
8.92 -0.245792 -0.0397164 0.24898
8.93 -0.246984 -0.0261753 0.248367
8.94 -0.24743 -0.0126241 0.247752
8.95 -0.247134 0.000896365 0.247136
8.96 -0.2461 0.014346 0.246518
8.97 -0.244334 0.0276838 0.245898
8.98 -0.241846 0.0408708 0.245276
8.99 -0.238649 0.0538681 0.244653
9 -0.234754 0.0666374 0.244028
9.01 -0.230177 0.079142 0.243403
9.02 -0.224937 0.0913453 0.242777
9.03 -0.219052 0.103212 0.24215
9.04 -0.212544 0.114709 0.241522
9.05 -0.205435 0.125804 0.240895
9.06 -0.197751 0.136465 0.240267
9.07 -0.189518 0.146663 0.23964
9.08 -0.180764 0.156369 0.239013
9.09 -0.171518 0.165558 0.238386
9.1 -0.16181 0.174204 0.237759
9.11 -0.151673 0.182284 0.237134
9.12 -0.14114 0.189778 0.236508
9.13 -0.130244 0.196666 0.235883
9.14 -0.11902 0.202931 0.235259
9.15 -0.107504 0.208558 0.234635
9.16 -0.0957322 0.213532 0.23401
9.17 -0.0837416 0.217845 0.233386
9.18 -0.0715693 0.221484 0.232761
9.19 -0.0592532 0.224445 0.232135
9.2 -0.0468308 0.226722 0.231508
9.21 -0.0343401 0.228312 0.23088
9.22 -0.0218196 0.229213 0.230249
9.23 -0.009306 0.229429 0.229617
9.24 0.00316198 0.228961 0.228982
9.25 0.0155478 0.227815 0.228345
9.26 0.0278149 0.225999 0.227704
9.27 0.0399271 0.223522 0.22706
9.28 0.0518486 0.220396 0.226412
9.29 0.0635455 0.216633 0.22576
9.3 0.0749835 0.212248 0.225104
9.31 0.0861305 0.20726 0.224444
9.32 0.096954 0.201686 0.223779
9.33 0.107425 0.195545 0.22311
9.34 0.117512 0.188862 0.222436
9.35 0.127189 0.181658 0.221758
9.36 0.13643 0.173958 0.221075
9.37 0.145208 0.165789 0.220389
9.38 0.153502 0.157178 0.219699
9.39 0.161288 0.148153 0.219005
9.4 0.168548 0.138744 0.218308
9.41 0.175262 0.128982 0.217608
9.42 0.181414 0.118899 0.216905
9.43 0.186989 0.108526 0.216201
9.44 0.191974 0.0978964 0.215494
9.45 0.196359 0.087043 0.214786
9.46 0.200133 0.0760013 0.214078
9.47 0.20329 0.0648043 0.213369
9.48 0.205824 0.0534868 0.21266
9.49 0.207732 0.0420839 0.211952
9.5 0.209012 0.0306301 0.211245
9.51 0.209665 0.0191596 0.210538
9.52 0.209692 0.00770737 0.209834
9.53 0.209098 -0.00369299 0.209131
9.54 0.207889 -0.0150071 0.20843
9.55 0.206072 -0.0262022 0.207731
9.56 0.203658 -0.0372453 0.207036
9.57 0.200657 -0.0481046 0.206343
9.58 0.197083 -0.0587488 0.205653
9.59 0.192949 -0.0691474 0.204965
9.6 0.188273 -0.0792713 0.204281
9.61 0.183071 -0.089092 0.203599
9.62 0.177364 -0.0985824 0.20292
9.63 0.171172 -0.107716 0.202244
9.64 0.164516 -0.116469 0.20157
9.65 0.15742 -0.124818 0.200899
9.66 0.149909 -0.13274 0.200231
9.67 0.142006 -0.140214 0.199564
9.68 0.133741 -0.147223 0.1989
9.69 0.125138 -0.153748 0.198237
9.7 0.116227 -0.159773 0.197576
9.71 0.107037 -0.165285 0.196916
9.72 0.0975962 -0.17027 0.196257
9.73 0.0879357 -0.174717 0.195598
9.74 0.0780861 -0.178618 0.194941
9.75 0.0680779 -0.181965 0.194282
9.76 0.0579425 -0.184751 0.193624
9.77 0.0477107 -0.186974 0.192965
9.78 0.0374141 -0.18863 0.192305
9.79 0.0270841 -0.189719 0.191643
9.8 0.0167513 -0.190243 0.190979
9.81 0.00644753 -0.190204 0.190313
9.82 -0.0037974 -0.189606 0.189644
9.83 -0.0139531 -0.188456 0.188972
9.84 -0.0239897 -0.186762 0.188296
9.85 -0.0338779 -0.184532 0.187616
9.86 -0.0435903 -0.181778 0.186931
9.87 -0.0530979 -0.178512 0.186242
9.88 -0.062375 -0.174748 0.185547
9.89 -0.071395 -0.170502 0.184846
9.9 -0.0801339 -0.165789 0.184139
9.91 -0.0885667 -0.160627 0.183426
9.92 -0.0966716 -0.155035 0.182706
9.93 -0.104427 -0.149035 0.181979
9.94 -0.111811 -0.142645 0.181244
9.95 -0.118808 -0.13589 0.180503
9.96 -0.125397 -0.128791 0.179754
9.97 -0.131564 -0.121373 0.178998
9.98 -0.137293 -0.11366 0.178236
9.99 -0.142571 -0.105678 0.177466
10 -0.147386 -0.0974528 0.176691
10.01 -0.151728 -0.0890105 0.175909
10.02 -0.155587 -0.0803776 0.175123
10.03 -0.158958 -0.071582 0.174332
10.04 -0.161833 -0.0626503 0.173536
10.05 -0.164208 -0.0536103 0.172738
10.06 -0.166082 -0.0444902 0.171938
10.07 -0.167453 -0.0353169 0.171136
10.08 -0.16832 -0.0261178 0.170335
10.09 -0.168688 -0.0169212 0.169534
10.1 -0.168557 -0.00775287 0.168736
10.11 -0.167935 0.00135947 0.167941
10.12 -0.166826 0.0103902 0.16715
10.13 -0.16524 0.019313 0.166365
10.14 -0.163184 0.028103 0.165586
10.15 -0.16067 0.0367355 0.164816
10.16 -0.157709 0.0451866 0.164055
10.17 -0.154314 0.0534332 0.163304
10.18 -0.1505 0.0614529 0.162563
10.19 -0.146282 0.0692243 0.161834
10.2 -0.141675 0.0767274 0.161118
10.21 -0.136698 0.0839425 0.160414
10.22 -0.131369 0.090851 0.159724
10.23 -0.125706 0.0974361 0.159047
10.24 -0.119731 0.103681 0.158383
10.25 -0.113463 0.109572 0.157734
10.26 -0.106924 0.115094 0.157097
10.27 -0.100136 0.120235 0.156473
10.28 -0.093122 0.124984 0.155861
10.29 -0.0859037 0.129331 0.155261
10.3 -0.0785048 0.133267 0.154671
10.31 -0.0709495 0.136786 0.154092
10.32 -0.063261 0.13988 0.15352
10.33 -0.0554634 0.142546 0.152956
10.34 -0.0475807 0.144779 0.152397
10.35 -0.0396368 0.146578 0.151843
10.36 -0.0316559 0.147942 0.151291
10.37 -0.0236609 0.148872 0.150741
10.38 -0.0156764 0.149369 0.15019
10.39 -0.00772481 0.149437 0.149637
10.4 0.000170617 0.14908 0.14908
10.41 0.00798767 0.148303 0.148518
10.42 0.0157042 0.147113 0.147949
10.43 0.0232993 0.145518 0.147371
10.44 0.030751 0.143526 0.146784
10.45 0.0380407 0.141149 0.146185
10.46 0.0451479 0.138396 0.145574
10.47 0.0520546 0.135279 0.144949
10.48 0.0587423 0.131812 0.144309
10.49 0.0651946 0.128008 0.143654
10.5 0.071395 0.123883 0.142983
10.51 0.0773282 0.11945 0.142295
10.52 0.0829803 0.114726 0.14159
10.53 0.0883381 0.109727 0.140868
10.54 0.0933889 0.104472 0.140128
10.55 0.0981225 0.0989764 0.139371
10.56 0.102528 0.0932601 0.138598
10.57 0.106596 0.0873409 0.137808
10.58 0.11032 0.081238 0.137004
10.59 0.113692 0.0749703 0.136185
10.6 0.116706 0.0685577 0.135353
10.61 0.119358 0.0620192 0.134509
10.62 0.121645 0.0553749 0.133656
10.63 0.123564 0.0486444 0.132794
10.64 0.125113 0.0418475 0.131926
10.65 0.126293 0.0350034 0.131054
10.66 0.127104 0.0281327 0.13018
10.67 0.127548 0.0212529 0.129306
10.68 0.127628 0.0143846 0.128436
10.69 0.127348 0.00754596 0.127571
10.7 0.126712 0.000755271 0.126714
10.71 0.125727 -0.00596935 0.125868
10.72 0.124399 -0.0126103 0.125037
10.73 0.122736 -0.0191504 0.124221
10.74 0.120747 -0.0255733 0.123425
10.75 0.11844 -0.0318627 0.122651
10.76 0.115826 -0.0380031 0.121902
10.77 0.112916 -0.0439799 0.121178
10.78 0.109721 -0.0497791 0.120485
10.79 0.106254 -0.0553867 0.119823
10.8 0.102526 -0.0607908 0.119194
10.81 0.0985524 -0.0659783 0.118599
10.82 0.094346 -0.0709389 0.11804
10.83 0.0899213 -0.0756612 0.117518
10.84 0.0852931 -0.0801363 0.117033
10.85 0.0804766 -0.0843545 0.116585
10.86 0.075487 -0.0883083 0.116175
10.87 0.0703402 -0.0919901 0.115801
10.88 0.0650523 -0.095394 0.115463
10.89 0.0596392 -0.0985129 0.115159
10.9 0.0541173 -0.101344 0.114888
10.91 0.0485034 -0.103881 0.114647
10.92 0.042813 -0.106123 0.114434
10.93 0.0370633 -0.108066 0.114245
10.94 0.03127 -0.109709 0.114078
10.95 0.02545 -0.11105 0.113929
10.96 0.0196188 -0.112091 0.113795
10.97 0.0137927 -0.112831 0.113671
10.98 0.00798734 -0.113272 0.113554
10.99 0.00221833 -0.113417 0.113438
11 -0.00349997 -0.113267 0.113321
11.01 -0.00915142 -0.112827 0.113198
11.02 -0.0147229 -0.1121 0.113063
11.03 -0.0201996 -0.111093 0.112914
11.04 -0.0255681 -0.109809 0.112747
11.05 -0.0308156 -0.108256 0.112556
11.06 -0.0359292 -0.106439 0.11234
11.07 -0.0408965 -0.104367 0.112093
11.08 -0.0457061 -0.102046 0.111814
11.09 -0.050347 -0.0994851 0.111499
11.1 -0.0548085 -0.0966927 0.111146
11.11 -0.0590806 -0.0936785 0.110753
11.12 -0.0631546 -0.0904508 0.110317
11.13 -0.0670213 -0.0870209 0.109838
11.14 -0.0706723 -0.0833978 0.109315
11.15 -0.0741012 -0.0795928 0.108747
11.16 -0.0773 -0.0756168 0.108135
11.17 -0.0802636 -0.0714807 0.107479
11.18 -0.0829857 -0.0671955 0.10678
11.19 -0.0854621 -0.0627733 0.106039
11.2 -0.0876881 -0.0582255 0.105259
11.21 -0.0896607 -0.0535641 0.104442
11.22 -0.0913766 -0.0488008 0.103592
11.23 -0.0928343 -0.0439487 0.102712
11.24 -0.0940311 -0.0390189 0.101805
11.25 -0.0949676 -0.0340241 0.100879
11.26 -0.0956421 -0.0289769 0.0999354
11.27 -0.0960557 -0.0238885 0.0989816
11.28 -0.0962092 -0.0187723 0.0980235
11.29 -0.0961046 -0.0136397 0.0970677
11.3 -0.0957434 -0.00850288 0.0961202
11.31 -0.0951291 -0.00337371 0.0951889
11.32 -0.0942646 0.00173548 0.0942805
11.33 -0.0931541 0.00681363 0.093403
11.34 -0.0918016 0.0118486 0.0925631
11.35 -0.0902129 0.0168298 0.0917693
11.36 -0.0883929 0.0217449 0.0910283
11.37 -0.0863479 0.0265845 0.0903476
11.38 -0.0840851 0.0313368 0.0897346
11.39 -0.0816102 0.0359919 0.0891944
11.4 -0.0789318 0.0405391 0.0887336
11.41 -0.0760575 0.0449691 0.0883571
11.42 -0.0729958 0.0492718 0.0880687
11.43 -0.0697548 0.0534384 0.0878715
11.44 -0.0663444 0.0574596 0.0877678
11.45 -0.0627735 0.0613272 0.0877584
11.46 -0.0590524 0.0650324 0.0878431
11.47 -0.0551904 0.068568 0.0880202
11.48 -0.0511993 0.0719261 0.0882878
11.49 -0.0470886 0.0750992 0.088641
11.5 -0.04287 0.0780817 0.0890764
11.51 -0.0385543 0.0808662 0.0895867
11.52 -0.0341532 0.0834473 0.0901659
11.53 -0.0296779 0.0858196 0.0908063
11.54 -0.0251409 0.087978 0.0914996
11.55 -0.0205532 0.0899176 0.0922368
11.56 -0.0159277 0.0916349 0.0930088
11.57 -0.0112757 0.0931254 0.0938056
11.58 -0.00661036 0.0943868 0.094618
11.59 -0.00194281 0.095415 0.0954348
11.6 0.0027143 0.0962091 0.0962473
11.61 0.00734813 0.096766 0.0970446
11.62 0.0119477 0.0970853 0.0978177
11.63 0.0165002 0.0971658 0.0985568
11.64 0.0209937 0.0970073 0.099253
11.65 0.0254166 0.0966094 0.0998969
11.66 0.0297569 0.0959737 0.100481
11.67 0.0340029 0.0951004 0.100996
11.68 0.0381438 0.0939918 0.101437
11.69 0.0421677 0.0926493 0.101794
11.7 0.0460648 0.0910765 0.102063
11.71 0.0499707 0.0895674 0.102564
11.72 0.0538885 0.0881198 0.103291
11.73 0.0578186 0.0867328 0.104238
11.74 0.0617633 0.0854037 0.105397
11.75 0.0657237 0.0841307 0.106759
11.76 0.0697017 0.0829121 0.108318
11.77 0.0736979 0.0817456 0.110062
11.78 0.0777141 0.0806294 0.111985
11.79 0.0817508 0.0795619 0.114076
11.8 0.0858097 0.0785406 0.116327
11.81 0.0898906 0.0775645 0.118729
11.82 0.093995 0.0766307 0.121274
11.83 0.0981236 0.0757388 0.123954
11.84 0.102276 0.0748853 0.12676
11.85 0.106454 0.0740696 0.129687
11.86 0.110656 0.0732896 0.132725
11.87 0.114883 0.0725439 0.13587
11.88 0.119136 0.0718303 0.139115
11.89 0.123413 0.071148 0.142453
11.9 0.127716 0.0704948 0.145879
11.91 0.132043 0.0698698 0.149389
11.92 0.136394 0.0692709 0.152976
11.93 0.140768 0.0686975 0.156636
11.94 0.145164 0.0681479 0.160365
11.95 0.149583 0.0676204 0.164158
11.96 0.154023 0.0671149 0.16801
11.97 0.158482 0.0666293 0.171919
11.98 0.16296 0.066163 0.17588
11.99 0.167456 0.0657154 0.179889
12 0.171967 0.0652853 0.183943
12.01 0.176493 0.0648716 0.188037
12.02 0.181031 0.0644745 0.19217
12.03 0.185581 0.0640923 0.196336
12.04 0.190139 0.0637253 0.200533
12.05 0.194704 0.0633721 0.204758
12.06 0.199274 0.0630338 0.209006
12.07 0.203847 0.0627087 0.213275
12.08 0.208421 0.0623975 0.217561
12.09 0.212992 0.0620997 0.22186
12.1 0.217558 0.0618154 0.22617
12.11 0.222117 0.0615444 0.230486
12.12 0.226667 0.0612873 0.234806
12.13 0.231203 0.0610438 0.239126
12.14 0.235724 0.0608148 0.243442
12.15 0.240225 0.0606001 0.247751
12.16 0.244706 0.0604007 0.25205
12.17 0.249161 0.0602171 0.256334
12.18 0.253589 0.0600496 0.260601
12.19 0.257984 0.0598998 0.264847
12.2 0.262345 0.0597677 0.269067
12.21 0.266668 0.0596544 0.273259
12.22 0.27095 0.0595614 0.277419
12.23 0.275186 0.0594895 0.281543
12.24 0.279374 0.0594395 0.285627
12.25 0.283509 0.0594137 0.289668
12.26 0.287588 0.0594124 0.293661
12.27 0.291608 0.0594378 0.297604
12.28 0.295565 0.0594905 0.301492
12.29 0.299454 0.0595732 0.305323
12.3 0.303273 0.0596862 0.30909
12.31 0.307017 0.0598323 0.312793
12.32 0.310683 0.0600128 0.316426
12.33 0.314267 0.0602296 0.319986
12.34 0.317765 0.0604845 0.32347
12.35 0.321174 0.06078 0.326874
12.36 0.324489 0.0611174 0.330194
12.37 0.327707 0.0614992 0.333428
12.38 0.330824 0.0619277 0.33657
12.39 0.333837 0.0624045 0.339619
12.4 0.336741 0.0629324 0.342571
12.41 0.339534 0.0635128 0.345423
12.42 0.34221 0.0641492 0.348171
12.43 0.344768 0.0648428 0.350813
12.44 0.347203 0.0655965 0.353345
12.45 0.349511 0.0664127 0.355765
12.46 0.35169 0.0672936 0.35807
12.47 0.353735 0.068241 0.360258
12.48 0.355644 0.0692585 0.362325
12.49 0.357413 0.070347 0.36427
12.5 0.359039 0.0715102 0.366091
12.51 0.360519 0.0727495 0.367786
12.52 0.36185 0.0740681 0.369353
12.53 0.363027 0.0754674 0.370789
12.54 0.36405 0.0769504 0.372094
12.55 0.364915 0.0785192 0.373267
12.56 0.365618 0.0801757 0.374305
12.57 0.366157 0.0819222 0.37521
12.58 0.366531 0.0837613 0.37598
12.59 0.366735 0.0856943 0.376614
12.6 0.366769 0.0877236 0.377114
12.61 0.366628 0.0898512 0.377477
12.62 0.366312 0.0920788 0.377707
12.63 0.365817 0.0944084 0.377803
12.64 0.365144 0.096841 0.377767
12.65 0.364288 0.0993791 0.3776
12.66 0.363248 0.102023 0.377304
12.67 0.362024 0.104776 0.376881
12.68 0.360613 0.107637 0.376334
12.69 0.359014 0.110609 0.375667
12.7 0.357226 0.113692 0.374882
12.71 0.355248 0.116888 0.373984
12.72 0.353078 0.120197 0.372976
12.73 0.350716 0.12362 0.371865
12.74 0.348161 0.127157 0.370655
12.75 0.345414 0.130809 0.369353
12.76 0.342471 0.134576 0.367964
12.77 0.339336 0.138458 0.366496
12.78 0.336006 0.142455 0.364957
12.79 0.332482 0.146567 0.363354
12.8 0.328763 0.150793 0.361696
12.81 0.324852 0.155134 0.359993
12.82 0.320746 0.159587 0.358254
12.83 0.316449 0.164153 0.356491
12.84 0.31196 0.16883 0.354715
12.85 0.30728 0.173617 0.352936
12.86 0.30241 0.178513 0.351168
12.87 0.297353 0.183516 0.349424
12.88 0.292108 0.188625 0.347716
12.89 0.286678 0.193837 0.34606
12.9 0.281065 0.199151 0.344469
12.91 0.27527 0.204564 0.342957
12.92 0.269295 0.210074 0.341542
12.93 0.263142 0.215678 0.340236
12.94 0.256814 0.221374 0.339058
12.95 0.250314 0.227159 0.338021
12.96 0.243644 0.233029 0.337142
12.97 0.236805 0.238981 0.336436
12.98 0.229803 0.245012 0.335917
12.99 0.222639 0.251118 0.335602
13 0.215317 0.257296 0.335503
13.01 0.207839 0.26354 0.335635
13.02 0.20021 0.269848 0.336009
13.03 0.192433 0.276214 0.336637
13.04 0.184511 0.282635 0.337531
13.05 0.176449 0.289105 0.338698
13.06 0.16825 0.29562 0.340146
13.07 0.159918 0.302176 0.341883
13.08 0.151458 0.308765 0.343912
13.09 0.142873 0.315384 0.346237
13.1 0.134169 0.322027 0.348859
13.11 0.125349 0.328688 0.351778
13.12 0.116418 0.335361 0.354993
13.13 0.107381 0.342041 0.358501
13.14 0.0982421 0.348722 0.362296
13.15 0.089007 0.355397 0.366373
13.16 0.0796804 0.36206 0.370724
13.17 0.0702674 0.368705 0.375341
13.18 0.0607726 0.375324 0.380212
13.19 0.0512026 0.381912 0.385329
13.2 0.0415613 0.388462 0.390679
13.21 0.0318553 0.394966 0.396249
13.22 0.0220893 0.401419 0.402026
13.23 0.0122697 0.407812 0.407997
13.24 0.00240136 0.414139 0.414146
13.25 -0.00750971 0.420393 0.42046
13.26 -0.0174577 0.426566 0.426923
13.27 -0.0274362 0.432652 0.433521
13.28 -0.0374405 0.438642 0.440237
13.29 -0.0474632 0.444529 0.447055
13.3 -0.0574989 0.450307 0.453963
13.31 -0.0675418 0.455966 0.460942
13.32 -0.0775851 0.461502 0.467978
13.33 -0.0876232 0.466905 0.475055
13.34 -0.0976492 0.472168 0.48216
13.35 -0.107658 0.477284 0.489275
13.36 -0.117641 0.482246 0.496387
13.37 -0.127594 0.487046 0.503482
13.38 -0.13751 0.491677 0.510544
13.39 -0.147382 0.496132 0.51756
13.4 -0.157204 0.500403 0.524515
13.41 -0.16697 0.504484 0.531397
13.42 -0.176672 0.508368 0.538192
13.43 -0.186306 0.512047 0.544887
13.44 -0.195864 0.515515 0.551469
13.45 -0.20534 0.518765 0.557926
13.46 -0.214727 0.521791 0.564246
13.47 -0.224019 0.524586 0.570417
13.48 -0.23321 0.527143 0.576426
13.49 -0.242294 0.529458 0.582265
13.5 -0.251263 0.531523 0.58792
13.51 -0.260113 0.533334 0.593383
13.52 -0.268835 0.534882 0.598642
13.53 -0.277425 0.536166 0.603688
13.54 -0.285877 0.537177 0.608511
13.55 -0.294182 0.537912 0.613101
13.56 -0.302338 0.538366 0.617451
13.57 -0.310336 0.538534 0.621552
13.58 -0.318171 0.538411 0.625395
13.59 -0.325838 0.537993 0.628972
13.6 -0.33333 0.537276 0.632277
13.61 -0.340642 0.536258 0.635302
13.62 -0.347768 0.534932 0.63804
13.63 -0.354703 0.533298 0.640485
13.64 -0.361441 0.531352 0.642631
13.65 -0.367977 0.52909 0.644472
13.66 -0.374307 0.526512 0.646003
13.67 -0.380423 0.523613 0.647219
13.68 -0.386323 0.520393 0.648116
13.69 -0.392 0.51685 0.648689
13.7 -0.39745 0.512983 0.648936
13.71 -0.402668 0.508789 0.648851
13.72 -0.407649 0.50427 0.648434
13.73 -0.41239 0.499424 0.64768
13.74 -0.416885 0.494251 0.646589
13.75 -0.421131 0.488751 0.645159
13.76 -0.425124 0.482926 0.643388
13.77 -0.428859 0.476776 0.641276
13.78 -0.432333 0.470301 0.638823
13.79 -0.435542 0.463504 0.636029
13.8 -0.438482 0.456386 0.632894
13.81 -0.441151 0.44895 0.62942
13.82 -0.443544 0.441197 0.625609
13.83 -0.44566 0.433131 0.621463
13.84 -0.447495 0.424756 0.616984
13.85 -0.449047 0.416073 0.612176
13.86 -0.450311 0.407088 0.607043
13.87 -0.451288 0.397804 0.601589
13.88 -0.451975 0.388225 0.595819
13.89 -0.452368 0.378358 0.589738
13.9 -0.452467 0.368205 0.583354
13.91 -0.45227 0.357775 0.576672
13.92 -0.451776 0.347071 0.569701
13.93 -0.450982 0.3361 0.562449
13.94 -0.449889 0.324869 0.554924
13.95 -0.448496 0.313384 0.547136
13.96 -0.446802 0.301653 0.539097
13.97 -0.444806 0.289682 0.530818
13.98 -0.442509 0.277479 0.522311
13.99 -0.439909 0.265052 0.513588
14 -0.437009 0.252411 0.504667
14.01 -0.433808 0.239561 0.495559
14.02 -0.430307 0.226514 0.486285
14.03 -0.426508 0.213276 0.47686
14.04 -0.42241 0.199859 0.467305
14.05 -0.418016 0.186271 0.45764
14.06 -0.413327 0.172522 0.447888
14.07 -0.408345 0.158622 0.438072
14.08 -0.403073 0.144581 0.428219
14.09 -0.397512 0.130409 0.418357
14.1 -0.391666 0.116118 0.408516
14.11 -0.385537 0.101717 0.398729
14.12 -0.379128 0.0872182 0.389031
14.13 -0.372443 0.0726318 0.379459
14.14 -0.365485 0.057969 0.370053
14.15 -0.358258 0.0432415 0.360858
14.16 -0.350766 0.0284609 0.351919
14.17 -0.343013 0.0136383 0.343285
14.18 -0.335005 -0.00121441 0.335007
14.19 -0.326745 -0.0160855 0.32714
14.2 -0.318238 -0.0309631 0.319741
14.21 -0.309491 -0.0458353 0.312867
14.22 -0.300507 -0.0606906 0.306574
14.23 -0.291294 -0.075516 0.300923
14.24 -0.281856 -0.0903007 0.295968
14.25 -0.2722 -0.105031 0.291761
14.26 -0.262332 -0.119697 0.28835
14.27 -0.252259 -0.134285 0.285774
14.28 -0.241987 -0.148784 0.284068
14.29 -0.231524 -0.163181 0.283251
14.3 -0.220876 -0.177464 0.283337
14.31 -0.209345 -0.191055 0.283421
14.32 -0.196974 -0.203898 0.283502
14.33 -0.183813 -0.21594 0.28358
14.34 -0.169914 -0.227135 0.283656
14.35 -0.15533 -0.237435 0.28373
14.36 -0.14012 -0.246798 0.283801
14.37 -0.124343 -0.255188 0.283869
14.38 -0.108062 -0.262568 0.283936
14.39 -0.0913417 -0.268909 0.283999
14.4 -0.0742484 -0.274185 0.28406
14.41 -0.0568495 -0.278373 0.284119
14.42 -0.039215 -0.281456 0.284174
14.43 -0.0214146 -0.28342 0.284228
14.44 -0.00352014 -0.284256 0.284278
14.45 0.014398 -0.283962 0.284326
14.46 0.0322671 -0.282535 0.284371
14.47 0.0500156 -0.279982 0.284414
14.48 0.0675731 -0.276312 0.284454
14.49 0.0848684 -0.271538 0.284492
14.5 0.101832 -0.265679 0.284526
14.51 0.118397 -0.258758 0.284558
14.52 0.134495 -0.250801 0.284587
14.53 0.150061 -0.24184 0.284614
14.54 0.165033 -0.23191 0.284637
14.55 0.179351 -0.221051 0.284658
14.56 0.192956 -0.209305 0.284676
14.57 0.205793 -0.196719 0.284691
14.58 0.217811 -0.183343 0.284704
14.59 0.22896 -0.16923 0.284714
14.6 0.239196 -0.154438 0.284721
14.61 0.248476 -0.139024 0.284724
14.62 0.256763 -0.123051 0.284725
14.63 0.264022 -0.106582 0.284723
14.64 0.270224 -0.0896847 0.284718
14.65 0.275344 -0.0724256 0.28471
14.66 0.279361 -0.054875 0.2847
14.67 0.282257 -0.0371025 0.284686
14.68 0.284022 -0.0191812 0.284669
14.69 0.284647 -0.00118164 0.284649
14.7 0.284129 0.0168222 0.284626
14.71 0.28247 0.0347582 0.284601
14.72 0.279677 0.052554 0.284572
14.73 0.27576 0.0701374 0.28454
14.74 0.270735 0.0874371 0.284505
14.75 0.264623 0.104384 0.284467
14.76 0.257447 0.120909 0.284426
14.77 0.249238 0.136945 0.284382
14.78 0.240026 0.152427 0.284335
14.79 0.229851 0.167293 0.284286
14.8 0.218752 0.181482 0.284233
14.81 0.206775 0.194937 0.284177
14.82 0.193968 0.207604 0.284118
14.83 0.180383 0.21943 0.284056
14.84 0.166075 0.230368 0.283991
14.85 0.151103 0.240374 0.283923
14.86 0.135526 0.249408 0.283852
14.87 0.119408 0.257432 0.283777
14.88 0.102815 0.264415 0.283701
14.89 0.0858135 0.270327 0.28362
14.9 0.068473 0.275146 0.283538
14.91 0.0508635 0.278851 0.283451
14.92 0.0330575 0.281428 0.283363
14.93 0.0151259 0.282867 0.283271
14.94 -0.00285701 0.283161 0.283176
14.95 -0.0208191 0.282312 0.283078
14.96 -0.0386868 0.280321 0.282977
14.97 -0.0563882 0.277197 0.282874
14.98 -0.0738505 0.272953 0.282767
14.99 -0.0910036 0.267608 0.282658
15 -0.107777 0.261182 0.282545
15.01 -0.124103 0.253703 0.28243
15.02 -0.139915 0.245201 0.282311
15.03 -0.15515 0.235712 0.28219
15.04 -0.169744 0.225273 0.282066
15.05 -0.183639 0.21393 0.281938
15.06 -0.196779 0.201727 0.281808
15.07 -0.209111 0.188715 0.281675
15.08 -0.220584 0.174948 0.281539
15.09 -0.231152 0.160483 0.2814
15.1 -0.240772 0.145377 0.281257
15.11 -0.249406 0.129695 0.281112
15.12 -0.257019 0.113499 0.280964
15.13 -0.26358 0.0968573 0.280813
15.14 -0.269064 0.0798368 0.280659
15.15 -0.273448 0.062508 0.280502
15.16 -0.276716 0.0449419 0.280342
15.17 -0.278855 0.0272098 0.280179
15.18 -0.279856 0.00938544 0.280013
15.19 -0.279716 -0.00845877 0.279844
15.2 -0.278437 -0.0262497 0.279672
15.21 -0.276025 -0.0439143 0.279497
15.22 -0.272491 -0.0613799 0.279318
15.23 -0.267849 -0.0785763 0.279137
15.24 -0.262121 -0.0954318 0.278953
15.25 -0.25533 -0.111879 0.278765
15.26 -0.247504 -0.127849 0.278574
15.27 -0.238679 -0.143278 0.278381
15.28 -0.228888 -0.158102 0.278184
15.29 -0.218176 -0.172262 0.277984
15.3 -0.206586 -0.185699 0.27778
15.31 -0.194167 -0.19836 0.277574
15.32 -0.18097 -0.210193 0.277365
15.33 -0.167052 -0.22115 0.277153
15.34 -0.152468 -0.231187 0.276937
15.35 -0.137282 -0.240263 0.276718
15.36 -0.121555 -0.248343 0.276496
15.37 -0.105354 -0.255394 0.276271
15.38 -0.0887449 -0.261388 0.276042
15.39 -0.0717972 -0.266302 0.27581
15.4 -0.0545816 -0.270117 0.275576
15.41 -0.0371687 -0.272818 0.275338
15.42 -0.0196309 -0.274395 0.275097
15.43 -0.00204111 -0.274845 0.274852
15.44 0.0155285 -0.274166 0.274605
15.45 0.0330053 -0.272362 0.274354
15.46 0.0503166 -0.269442 0.2741
15.47 0.067392 -0.265421 0.273843
15.48 0.0841602 -0.260316 0.273583
15.49 0.100553 -0.25415 0.273319
15.5 0.116503 -0.246951 0.273052
15.51 0.131946 -0.238749 0.272783
15.52 0.146816 -0.229579 0.27251
15.53 0.161056 -0.219483 0.272234
15.54 0.174605 -0.208502 0.271955
15.55 0.187409 -0.196683 0.271673
15.56 0.199417 -0.184077 0.271388
15.57 0.210579 -0.170738 0.2711
15.58 0.220852 -0.156722 0.270809
15.59 0.230194 -0.142088 0.270515
15.6 0.238567 -0.126898 0.270217
15.61 0.24594 -0.111216 0.269917
15.62 0.252282 -0.0951079 0.269614
15.63 0.25757 -0.0786415 0.269308
15.64 0.261784 -0.0618853 0.268999
15.65 0.264907 -0.04491 0.268687
15.66 0.26693 -0.027786 0.268372
15.67 0.267845 -0.0105857 0.268054
15.68 0.267651 0.00662061 0.267733
15.69 0.266352 0.0237603 0.267409
15.7 0.263954 0.0407628 0.267083
15.71 0.26047 0.0575575 0.266753
15.72 0.255917 0.074075 0.266421
15.73 0.250314 0.0902474 0.266086
15.74 0.24369 0.106007 0.265748
15.75 0.236072 0.121291 0.265408
15.76 0.227494 0.136035 0.265064
15.77 0.217995 0.150179 0.264718
15.78 0.207616 0.163665 0.264369
15.79 0.196402 0.17644 0.264017
15.8 0.184402 0.18845 0.263662
15.81 0.171667 0.199649 0.263305
15.82 0.158252 0.20999 0.262944
15.83 0.144216 0.219432 0.262581
15.84 0.129616 0.227939 0.262215
15.85 0.114518 0.235476 0.261846
15.86 0.0989833 0.242014 0.261474
15.87 0.0830795 0.24753 0.2611
15.88 0.0668735 0.252 0.260723
15.89 0.050434 0.255411 0.260343
15.9 0.0338295 0.257749 0.25996
15.91 0.0171313 0.259008 0.259574
15.92 0.000408186 0.259186 0.259186
15.93 -0.0162686 0.258283 0.258795
15.94 -0.0328301 0.256307 0.258401
15.95 -0.0492066 0.253269 0.258005
15.96 -0.0653301 0.249184 0.257605
15.97 -0.0811339 0.244071 0.257203
15.98 -0.0965521 0.237956 0.256798
15.99 -0.111521 0.230866 0.25639
16 -0.12598 0.222834 0.25598
16.01 -0.139868 0.213895 0.255566
16.02 -0.153128 0.204092 0.25515
16.03 -0.165709 0.193465 0.254731
16.04 -0.177556 0.182063 0.254309
16.05 -0.188624 0.169937 0.253885
16.06 -0.198868 0.157138 0.253457
16.07 -0.208246 0.143723 0.253028
16.08 -0.216723 0.12975 0.252594
16.09 -0.224265 0.11528 0.252159
16.1 -0.230842 0.100375 0.251721
16.11 -0.236431 0.0850991 0.25128
16.12 -0.24101 0.069518 0.250836
16.13 -0.244564 0.0536986 0.25039
16.14 -0.24708 0.0377075 0.24994
16.15 -0.248551 0.0216142 0.249489
16.16 -0.248974 0.00548526 0.249034
16.17 -0.248351 -0.0106098 0.248577
16.18 -0.246687 -0.0266038 0.248118
16.19 -0.243993 -0.0424289 0.247655
16.2 -0.240285 -0.0580192 0.24719
16.21 -0.23558 -0.0733093 0.246723
16.22 -0.229902 -0.0882354 0.246252
16.23 -0.223278 -0.102736 0.245779
16.24 -0.21574 -0.116751 0.245304
16.25 -0.207322 -0.130222 0.244826
16.26 -0.198064 -0.143094 0.244346
16.27 -0.188006 -0.155316 0.243864
16.28 -0.177196 -0.166837 0.243378
16.29 -0.165681 -0.177612 0.242891
16.3 -0.153512 -0.187596 0.242401
16.31 -0.140744 -0.196751 0.241909
16.32 -0.127433 -0.20504 0.241414
16.33 -0.113637 -0.212432 0.240917
16.34 -0.0994166 -0.218899 0.240417
16.35 -0.0848335 -0.224417 0.239916
16.36 -0.0699514 -0.228964 0.239412
16.37 -0.0548346 -0.232528 0.238906
16.38 -0.0395472 -0.235094 0.238397
16.39 -0.0241566 -0.236657 0.237887
16.4 -0.00872705 -0.237213 0.237374
16.41 0.00667455 -0.236764 0.236858
16.42 0.0219839 -0.235317 0.236341
16.43 0.0371349 -0.23288 0.235822
16.44 0.0520649 -0.229468 0.2353
16.45 0.0667104 -0.225099 0.234777
16.46 0.0810108 -0.219797 0.234251
16.47 0.0949056 -0.213587 0.233723
16.48 0.108338 -0.206499 0.233193
16.49 0.121253 -0.198567 0.23266
16.5 0.133596 -0.189829 0.232127
16.51 0.145318 -0.180324 0.231591
16.52 0.156372 -0.170097 0.231053
16.53 0.166712 -0.159195 0.230513
16.54 0.176298 -0.147666 0.229971
16.55 0.185092 -0.135563 0.229427
16.56 0.19306 -0.122939 0.228881
16.57 0.200171 -0.109852 0.228332
16.58 0.206398 -0.0963579 0.227782
16.59 0.211718 -0.0825171 0.227231
16.6 0.216113 -0.0683904 0.226676
16.61 0.219568 -0.0540397 0.226121
16.62 0.222072 -0.0395268 0.225563
16.63 0.223619 -0.0249155 0.225003
16.64 0.224206 -0.0102678 0.224441
16.65 0.223835 0.00435219 0.223877
16.66 0.222512 0.0188829 0.223312
16.67 0.220247 0.0332615 0.222744
16.68 0.217053 0.0474276 0.222174
16.69 0.21295 0.0613209 0.221603
16.7 0.207958 0.0748835 0.22103
16.71 0.202104 0.0880576 0.220454
16.72 0.195417 0.10079 0.219878
16.73 0.187928 0.113027 0.219299
16.74 0.179675 0.124718 0.218718
16.75 0.170696 0.135816 0.218136
16.76 0.161034 0.146276 0.217551
16.77 0.150733 0.156056 0.216965
16.78 0.139841 0.165116 0.216377
16.79 0.128408 0.173422 0.215787
16.8 0.116486 0.180942 0.215195
16.81 0.104129 0.187646 0.214601
16.82 0.0913917 0.19351 0.214006
16.83 0.0783315 0.198514 0.213409
16.84 0.0650068 0.202638 0.21281
16.85 0.0514764 0.205872 0.21221
16.86 0.0377991 0.208205 0.211608
16.87 0.0240358 0.209631 0.211005
16.88 0.0102456 0.21015 0.210399
16.89 -0.00351108 0.209763 0.209793
16.9 -0.0171758 0.208478 0.209184
16.91 -0.0306891 0.206305 0.208575
16.92 -0.0439939 0.203257 0.207963
16.93 -0.0570332 0.199353 0.207351
16.94 -0.069753 0.194614 0.206737
16.95 -0.082098 0.189065 0.206121
16.96 -0.0940188 0.182736 0.205504
16.97 -0.105465 0.175656 0.204885
16.98 -0.11639 0.167863 0.204266
16.99 -0.126749 0.159392 0.203645
17 -0.136501 0.150285 0.203023
17.01 -0.145606 0.140585 0.202399
17.02 -0.154029 0.130337 0.201774
17.03 -0.161737 0.119589 0.201148
17.04 -0.168701 0.108391 0.200521
17.05 -0.174895 0.0967926 0.199892
17.06 -0.180295 0.0848488 0.199263
17.07 -0.184886 0.0726114 0.198633
17.08 -0.188648 0.0601363 0.198001
17.09 -0.191573 0.0474793 0.197369
17.1 -0.193652 0.0346958 0.196735
17.11 -0.194881 0.0218426 0.196101
17.12 -0.195259 0.00897599 0.195465
17.13 -0.194791 -0.00384779 0.194829
17.14 -0.193483 -0.0165735 0.194191
17.15 -0.191346 -0.0291459 0.193553
17.16 -0.188395 -0.0415118 0.192914
17.17 -0.184647 -0.0536174 0.192274
17.18 -0.180123 -0.0654134 0.191633
17.19 -0.174848 -0.076848 0.190991
17.2 -0.168851 -0.0878753 0.190349
17.21 -0.16216 -0.0984488 0.189705
17.22 -0.15481 -0.108525 0.189061
17.23 -0.146837 -0.118064 0.188415
17.24 -0.138281 -0.127027 0.18777
17.25 -0.129181 -0.135378 0.187123
17.26 -0.119582 -0.143085 0.186476
17.27 -0.109527 -0.150119 0.185827
17.28 -0.099066 -0.156452 0.185179
17.29 -0.0882442 -0.162062 0.184529
17.3 -0.0771139 -0.166928 0.183879
17.31 -0.0657243 -0.171035 0.183228
17.32 -0.0541276 -0.174368 0.182576
17.33 -0.0423761 -0.17692 0.181924
17.34 -0.030522 -0.178683 0.181271
17.35 -0.018618 -0.179656 0.180618
17.36 -0.00671689 -0.179838 0.179963
17.37 0.0051291 -0.179235 0.179309
17.38 0.0168686 -0.177855 0.178653
17.39 0.02845 -0.175709 0.177997
17.4 0.0398243 -0.17281 0.17734
17.41 0.0509418 -0.169179 0.176682
17.42 0.061757 -0.164835 0.176025
17.43 0.0722227 -0.159803 0.175366
17.44 0.0822964 -0.15411 0.174707
17.45 0.0919361 -0.147784 0.174047
17.46 0.101103 -0.14086 0.173387
17.47 0.109758 -0.13337 0.172727
17.48 0.117869 -0.125354 0.172066
17.49 0.125404 -0.116848 0.171404
17.5 0.132332 -0.107895 0.170743
17.51 0.138628 -0.0985376 0.170081
17.52 0.144269 -0.0888202 0.169419
17.53 0.149235 -0.078787 0.168756
17.54 0.153509 -0.068486 0.168093
17.55 0.157076 -0.057964 0.16743
17.56 0.159927 -0.0472691 0.166766
17.57 0.162054 -0.0364502 0.166103
17.58 0.163453 -0.0255562 0.165439
17.59 0.164124 -0.0146353 0.164775
17.6 0.164068 -0.00373634 0.164111
17.61 0.163293 0.00709246 0.163447
17.62 0.161806 0.0178043 0.162783
17.63 0.159621 0.0283521 0.162119
17.64 0.156751 0.0386913 0.161455
17.65 0.153214 0.0487762 0.160791
17.66 0.149033 0.0585661 0.160128
17.67 0.14423 0.0680183 0.159464
17.68 0.138831 0.0770944 0.1588
17.69 0.132865 0.0857567 0.158137
17.7 0.126363 0.0939707 0.157474
17.71 0.119358 0.101703 0.156811
17.72 0.111885 0.108923 0.156149
17.73 0.10398 0.115603 0.155486
17.74 0.095684 0.121718 0.154825
17.75 0.087034 0.127244 0.154162
17.76 0.0780737 0.132163 0.153501
17.77 0.0688435 0.136458 0.15284
17.78 0.059388 0.140113 0.152179
17.79 0.0497505 0.143119 0.151519
17.8 0.0399753 0.145466 0.150859
17.81 0.0301067 0.147152 0.1502
17.82 0.0201902 0.148172 0.149541
17.83 0.0102697 0.148528 0.148883
17.84 0.000389372 0.148224 0.148224
17.85 -0.00940678 0.147267 0.147567
17.86 -0.0190761 0.145666 0.14691
17.87 -0.0285761 0.143435 0.146254
17.88 -0.0378669 0.140587 0.145598
17.89 -0.0469073 0.137142 0.144942
17.9 -0.0556606 0.133119 0.144287
17.91 -0.0640891 0.128542 0.143633
17.92 -0.0721585 0.123435 0.142979
17.93 -0.0798352 0.117826 0.142325
17.94 -0.0870891 0.111744 0.141673
17.95 -0.0938902 0.10522 0.14102
17.96 -0.100213 0.0982887 0.140369
17.97 -0.106033 0.0909828 0.139717
17.98 -0.111329 0.0833396 0.139067
17.99 -0.116081 0.0753948 0.138417
18 -0.120273 0.0671884 0.137767
18.01 -0.123892 0.0587581 0.137119
18.02 -0.126925 0.0501443 0.136471
18.03 -0.129364 0.0413871 0.135823
18.04 -0.131205 0.0325275 0.135177
18.05 -0.132444 0.0236054 0.134531
18.06 -0.13308 0.0146622 0.133885
18.07 -0.133117 0.00573779 0.133241
18.08 -0.13256 -0.00312772 0.132597
18.09 -0.131417 -0.011895 0.131954
18.1 -0.129697 -0.0205259 0.131311
18.11 -0.127415 -0.0289818 0.13067
18.12 -0.124586 -0.0372277 0.130029
18.13 -0.121226 -0.0452269 0.129388
18.14 -0.117358 -0.0529468 0.128749
18.15 -0.113003 -0.0603546 0.12811
18.16 -0.108184 -0.0674204 0.127473
18.17 -0.102928 -0.0741146 0.126836
18.18 -0.0972643 -0.0804122 0.1262
18.19 -0.09122 -0.0862867 0.125565
18.2 -0.0848277 -0.0917171 0.124931
18.21 -0.0781182 -0.0966821 0.124298
18.22 -0.0711265 -0.101164 0.123666
18.23 -0.0638851 -0.105149 0.123035
18.24 -0.0564307 -0.108621 0.122405
18.25 -0.048798 -0.111571 0.121776
18.26 -0.0410237 -0.113991 0.121148
18.27 -0.0331438 -0.115875 0.120522
18.28 -0.0251959 -0.117219 0.119896
18.29 -0.0172156 -0.118023 0.119272
18.3 -0.00924004 -0.118288 0.118648
18.31 -0.00130503 -0.11802 0.118027
18.32 0.00655395 -0.117222 0.117406
18.33 0.0143018 -0.115907 0.116786
18.34 0.0219053 -0.114084 0.116168
18.35 0.0293301 -0.111766 0.115551
18.36 0.0365461 -0.10897 0.114935
18.37 0.0435213 -0.105712 0.11432
18.38 0.0502272 -0.102012 0.113707
18.39 0.0566357 -0.0978924 0.113095
18.4 0.0627217 -0.0933748 0.112485
18.41 0.0684593 -0.0884841 0.111875
18.42 0.0738278 -0.083247 0.111268
18.43 0.0788055 -0.0776896 0.110662
18.44 0.0833745 -0.0718418 0.110057
18.45 0.0875177 -0.0657318 0.109453
18.46 0.0912207 -0.0593915 0.108851
18.47 0.0944721 -0.0528508 0.108251
18.48 0.0972604 -0.0461426 0.107651
18.49 0.0995787 -0.0392987 0.107053
18.5 0.101421 -0.032352 0.106456
18.51 0.102785 -0.0253347 0.105861
18.52 0.103668 -0.0182805 0.105267
18.53 0.104072 -0.0112209 0.104675
18.54 0.104 -0.00418861 0.104084
18.55 0.103457 0.00278441 0.103495
18.56 0.102451 0.00966729 0.102906
18.57 0.100992 0.0164289 0.102319
18.58 0.0990907 0.0230409 0.101734
18.59 0.0967611 0.0294729 0.10115
18.6 0.0940185 0.035699 0.100568
18.61 0.0908799 0.0416922 0.099987
18.62 0.0873637 0.0474281 0.0994075
18.63 0.0834905 0.0528822 0.0988291
18.64 0.0792819 0.0580344 0.0982528
18.65 0.0747604 0.0628623 0.0976769
18.66 0.0699513 0.0673489 0.0971033
18.67 0.0648787 0.0714763 0.0965304
18.68 0.0595702 0.0752304 0.0959594
18.69 0.0540512 0.078598 0.0953896
18.7 0.0483512 0.0815674 0.0948213
18.71 0.0424972 0.0841304 0.0942547
18.72 0.0365184 0.0862792 0.0936894
18.73 0.0304435 0.0880088 0.0931255
18.74 0.0243023 0.0893157 0.092563
18.75 0.0181226 0.0901999 0.0920024
18.76 0.0119345 0.0906605 0.0914426
18.77 0.00576611 0.0907023 0.0908854
18.78 -0.00035454 0.0903282 0.0903289
18.79 -0.00639938 0.0895464 0.0897747
18.8 -0.0123423 0.0883639 0.0892217
18.81 -0.0181556 0.0867919 0.0886705
18.82 -0.0238158 0.0848416 0.0881209
18.83 -0.0292973 0.0825268 0.0875728
18.84 -0.0345773 0.0798625 0.0870264
18.85 -0.0396335 0.0768654 0.0864818
18.86 -0.0444463 0.0735529 0.0859389
18.87 -0.0489947 0.0699443 0.0853973
18.88 -0.0532627 0.0660606 0.0848582
18.89 -0.0572328 0.0619216 0.0843201
18.9 -0.0608909 0.057551 0.0837843
18.91 -0.0642236 0.0529706 0.0832499
18.92 -0.0672191 0.0482056 0.0827175
18.93 -0.0698688 0.0432787 0.0821869
18.94 -0.0721635 0.038216 0.081658
18.95 -0.0740978 0.0330422 0.0811312
18.96 -0.0756671 0.0277826 0.0806063
18.97 -0.0768688 0.022462 0.0800834
18.98 -0.0777011 0.017107 0.079562
18.99 -0.0781663 0.0117417 0.0790433
19 -0.0782649 0.00639139 0.0785255
19.01 -0.0780028 0.00108107 0.0780103
19.02 -0.0773845 -0.00416577 0.0774965
19.03 -0.0764183 -0.00932457 0.0769851
19.04 -0.0751124 -0.0143741 0.0764754
19.05 -0.0734775 -0.0192906 0.0759676
19.06 -0.0715255 -0.0240542 0.0754619
19.07 -0.0692692 -0.0286441 0.074958
19.08 -0.0667228 -0.0330418 0.074456
19.09 -0.0639024 -0.0372281 0.0739557
19.1 -0.0608246 -0.041188 0.0734581
19.11 -0.0575061 -0.0449042 0.0729612
19.12 -0.0539671 -0.0483638 0.0724673
19.13 -0.0502253 -0.0515536 0.0719747
19.14 -0.0463023 -0.0544623 0.0714845
19.15 -0.0422169 -0.0570804 0.0709961
19.16 -0.0379921 -0.0593988 0.0705097
19.17 -0.0336481 -0.0614113 0.0700254
19.18 -0.0292073 -0.0631119 0.0695427
19.19 -0.0246913 -0.0644972 0.0690619
19.2 -0.020123 -0.0655644 0.068583
19.21 -0.0155232 -0.0663138 0.0681065
19.22 -0.0109149 -0.0667442 0.0676308
19.23 -0.00631951 -0.0668602 0.0671582
19.24 -0.00175776 -0.0666635 0.0666867
19.25 0.00274843 -0.0661603 0.0662174
19.26 0.00718001 -0.0653564 0.0657496
19.27 0.0115155 -0.0642602 0.0652839
19.28 0.0157376 -0.0628806 0.06482
19.29 0.0198266 -0.0612277 0.0643578
19.3 0.023766 -0.0593134 0.0638976
19.31 0.0275388 -0.0571504 0.0634394
19.32 0.0311307 -0.0547519 0.0629833
19.33 0.0345256 -0.0521323 0.0625283
19.34 0.0377121 -0.0493079 0.0620764
19.35 0.0406771 -0.0462934 0.0616255
19.36 0.0434097 -0.043107 0.0611769
19.37 0.0459009 -0.0397649 0.06073
19.38 0.0481415 -0.0362863 0.0602852
19.39 0.0501256 -0.0326883 0.0598423
19.4 0.0518465 -0.0289903 0.0594011
19.41 0.0533006 -0.025211 0.0589623
19.42 0.0544845 -0.0213694 0.0585254
19.43 0.0553968 -0.0174839 0.0580904
19.44 0.0560362 -0.0135743 0.0576569
19.45 0.0564053 -0.00965898 0.0572264
19.46 0.0565044 -0.00575609 0.0567968
19.47 0.0563384 -0.0018849 0.0563699
19.48 0.0559114 0.00193814 0.055945
19.49 0.0552296 0.00569425 0.0555223
19.5 0.0542994 0.00936837 0.0551017
19.51 0.0531291 0.012943 0.054683
19.52 0.0517281 0.0164037 0.0542667
19.53 0.0501058 0.0197354 0.0538524
19.54 0.0482733 0.0229247 0.0534402
19.55 0.0462424 0.0259576 0.0530297
19.56 0.0440262 0.0288237 0.0526223
19.57 0.0416363 0.0315105 0.0522158
19.58 0.0390887 0.0340087 0.0518123
19.59 0.0363959 0.0363097 0.0514107
19.6 0.0335742 0.0384046 0.0510112
19.61 0.0306375 0.0402876 0.0506137
19.62 0.0276027 0.0419519 0.0502182
19.63 0.0244849 0.043394 0.0498251
19.64 0.0213002 0.0446093 0.0494337
19.65 0.0180647 0.0455964 0.0490445
19.66 0.0147948 0.0463534 0.0486572
19.67 0.0115061 0.0468815 0.0482728
19.68 0.00821432 0.0471796 0.0478893
19.69 0.00493599 0.0472518 0.0475089
19.7 0.00168488 0.0470999 0.0471301
19.71 -0.00152219 0.0467285 0.0467533
19.72 -0.00467238 0.0461425 0.0463784
19.73 -0.00775 0.0453481 0.0460056
19.74 -0.0107429 0.0443525 0.045635
19.75 -0.013637 0.0431629 0.045266
19.76 -0.0164209 0.0417886 0.0448992
19.77 -0.0190824 0.0402387 0.0445341
19.78 -0.0216117 0.0385234 0.0441715
19.79 -0.0239974 0.0366526 0.0438097
19.8 -0.0262313 0.0346395 0.0434508
19.81 -0.028305 0.0324939 0.0430932
19.82 -0.0302101 0.0302297 0.0427374
19.83 -0.0319417 0.0278586 0.0423836
19.84 -0.0334929 0.0253946 0.0420317
19.85 -0.0348603 0.0228502 0.0416818
19.86 -0.0360392 0.0202391 0.0413333
19.87 -0.0370278 0.0175751 0.0409871
19.88 -0.037824 0.0148716 0.0406426
19.89 -0.0384274 0.0121421 0.0403
19.9 -0.038837 0.00940036 0.0399585
19.91 -0.0390561 0.0066601 0.0396199
19.92 -0.039085 0.00393327 0.0392824
19.93 -0.0389273 0.00123456 0.0389468
19.94 -0.0385871 -0.00142535 0.0386134
19.95 -0.0380685 -0.0040328 0.0382816
19.96 -0.0373774 -0.00657727 0.0379517
19.97 -0.0365193 -0.00904661 0.0376231
19.98 -0.035502 -0.0114307 0.0372968
19.99 -0.0343323 -0.0137192 0.036972
20 -0.0330191 -0.0159028 0.0366492
20.01 -0.0315705 -0.0179721 0.0363276
20.02 -0.0299971 -0.0199202 0.0360089
20.03 -0.0283067 -0.0217391 0.0356912
20.04 -0.0265113 -0.0234218 0.0353756
20.05 -0.0246201 -0.0249641 0.0350622
20.06 -0.0226446 -0.0263591 0.0347502
20.07 -0.0205954 -0.0276039 0.0344405
20.08 -0.0184839 -0.0286941 0.0341321
20.09 -0.0163214 -0.0296282 0.0338263
20.1 -0.014119 -0.0304033 0.0335218
20.11 -0.0118883 -0.0310195 0.0332196
20.12 -0.00964029 -0.0314755 0.0329187
20.13 -0.00738658 -0.0317735 0.0326208
20.14 -0.00513709 -0.0319127 0.0323235
20.15 -0.00290453 -0.0318967 0.0320286
20.16 -0.000697194 -0.0317281 0.0317358
20.17 0.00147264 -0.0314097 0.0314442
20.18 0.00359654 -0.0309466 0.0311549
20.19 0.00566405 -0.030343 0.0308671
20.2 0.00766693 -0.0296052 0.0305818
20.21 0.00959612 -0.0287379 0.0302977
20.22 0.0114439 -0.0277488 0.0300159
20.23 0.0132025 -0.0266439 0.0297355
20.24 0.0148654 -0.0254318 0.0294577
20.25 0.0164259 -0.0241185 0.0291806
20.26 0.0178778 -0.0227144 0.028906
20.27 0.0192176 -0.0212263 0.0286334
20.28 0.0204386 -0.0196637 0.0283619
20.29 0.0215389 -0.0180355 0.0280928
20.3 0.0225142 -0.0163506 0.027825
20.31 0.0233628 -0.0146184 0.0275594
20.32 0.024082 -0.0128479 0.0272949
20.33 0.0246712 -0.0110491 0.0270324
20.34 0.0251296 -0.00923065 0.0267713
20.35 0.0254579 -0.00740251 0.0265123
20.36 0.0256558 -0.00557296 0.0262541
20.37 0.0257261 -0.00375242 0.0259983
20.38 0.0256705 -0.00194772 0.0257443
20.39 0.0254906 -0.000169282 0.0254911
20.4 0.0251912 0.00157592 0.0252404
20.41 0.0247747 0.00327935 0.0249908
20.42 0.0242463 0.0049336 0.0247431
20.43 0.0236098 0.00653135 0.0244965
20.44 0.0228714 0.00806573 0.024252
20.45 0.022036 0.00953072 0.0240088
20.46 0.0211104 0.0109201 0.0237675
20.47 0.0200995 0.0122286 0.0235272
20.48 0.0190119 0.0134512 0.0232892
20.49 0.0178526 0.0145844 0.0230525
20.5 0.0166295 0.0156224 0.0228167
20.51 0.0153505 0.0165642 0.0225834
20.52 0.0140221 0.0174053 0.0223509
20.53 0.0126527 0.0181445 0.0221205
20.54 0.0112493 0.0187796 0.0218911
20.55 0.00982035 0.0193103 0.0216639
20.56 0.00837236 0.0197355 0.0214379
20.57 0.00691399 0.0200556 0.0212139
20.58 0.00545152 0.0202707 0.020991
20.59 0.00399378 0.0203827 0.0207703
20.6 0.00254599 0.0203927 0.020551
20.61 0.00111721 0.020302 0.0203327
20.62 -0.000287498 0.0201152 0.0201173
20.63 -0.00166102 0.0198331 0.0199025
20.64 -0.00299722 0.0194606 0.0196901
20.65 -0.00429055 0.0190005 0.0194789
20.66 -0.0055353 0.0184578 0.0192699
20.67 -0.0067267 0.0178358 0.0190621
20.68 -0.00785924 0.0171401 0.0188561
20.69 -0.00892942 0.016375 0.0186514
20.7 -0.00993244 0.015547 0.0184489
20.71 -0.0108658 0.01466 0.0182478
20.72 -0.0117247 0.0137207 0.0180479
20.73 -0.0125088 0.0127351 0.0178508
20.74 -0.0132138 0.0117076 0.0176543
20.75 -0.013839 0.0106459 0.01746
20.76 -0.0143827 0.00955465 0.0172671
20.77 -0.0148441 0.00844085 0.0170762
20.78 -0.0152225 0.0073096 0.0168865
20.79 -0.0155178 0.00616794 0.0166986
20.8 -0.0157306 0.00502061 0.0165124
20.81 -0.0158616 0.00387454 0.0163279
20.82 -0.0159118 0.00273394 0.0161449
20.83 -0.0158822 0.00160578 0.0159632
20.84 -0.0157763 0.0004943 0.0157841
20.85 -0.0155939 -0.000595084 0.0156052
20.86 -0.0153394 -0.00165675 0.0154286
20.87 -0.0150146 -0.00268701 0.0152531
20.88 -0.0146232 -0.00368052 0.0150792
20.89 -0.0141681 -0.00463381 0.0149066
20.9 -0.0136536 -0.00554225 0.0147355
20.91 -0.0130831 -0.00640335 0.0145661
20.92 -0.012461 -0.00721265 0.0143979
20.93 -0.0117911 -0.00796836 0.0142311
20.94 -0.0110781 -0.00866659 0.0140654
20.95 -0.010327 -0.00930676 0.0139019
20.96 -0.00954099 -0.00988523 0.0137386
20.97 -0.00872691 -0.0104015 0.0135776
20.98 -0.00788766 -0.0108545 0.0134177
20.99 -0.00702912 -0.0112427 0.0132592
21 -0.00615521 -0.0115661 0.013102
21.01 -0.0052715 -0.0118242 0.0129461
21.02 -0.00438168 -0.0120178 0.0127916
21.03 -0.00349143 -0.0121462 0.0126381
21.04 -0.00260429 -0.0122114 0.012486
21.05 -0.00172588 -0.0122135 0.0123348
21.06 -0.000859541 -0.0121553 0.0121857
21.07 -9.51429e-06 -0.0120365 0.0120365
21.08 0.000819339 -0.0118615 0.0118897
21.09 0.00162496 -0.0116309 0.0117438
21.1 0.00240218 -0.0113476 0.011599
21.11 0.00314882 -0.0110143 0.0114556
21.12 0.00386088 -0.0106341 0.0113133
21.13 0.00453662 -0.01021 0.0111725
21.14 0.00517213 -0.0097449 0.0110324
21.15 0.00576667 -0.0092427 0.0108941
21.16 0.00631686 -0.00870662 0.0107568
21.17 0.00682239 -0.00814062 0.0106214
21.18 0.00728046 -0.00754692 0.0104862
21.19 0.00769064 -0.00693153 0.0103534
21.2 0.00805222 -0.0062957 0.0102213
21.21 0.00836346 -0.00564473 0.0100901
21.22 0.00862524 -0.00498176 0.00996056
21.23 0.00883667 -0.00431084 0.00983209
21.24 0.00899864 -0.00363515 0.00970515
21.25 0.00911056 -0.0029587 0.00957895
21.26 0.00917448 -0.00228455 0.00945464
21.27 0.00918999 -0.00161636 0.00933105
21.28 0.00915936 -0.000957169 0.00920923
21.29 0.00908254 -0.000309815 0.00908783
21.3 0.00896274 0.000321382 0.0089685
21.31 0.0088005 0.000935659 0.0088501
21.32 0.00859777 0.00152828 0.00873255
21.33 0.00835749 0.00209818 0.00861684
21.34 0.00808092 0.00264243 0.00850198
21.35 0.00777087 0.00315939 0.00838858
21.36 0.00742921 0.00364643 0.00827584
21.37 0.00705934 0.00410264 0.00816492
21.38 0.00666283 0.00452556 0.00805444
21.39 0.00624326 0.00491447 0.00794546
21.4 0.00580238 0.00526784 0.00783695
21.41 0.00534473 0.00558468 0.00773012
21.42 0.00487101 0.00586519 0.00762411
21.43 0.00438559 0.00610718 0.00751871
21.44 0.00389097 0.00631223 0.00741511
21.45 0.00338949 0.0064788 0.00731187
21.46 0.00288435 0.00660776 0.00720985
21.47 0.00237818 0.00669865 0.00710828
21.48 0.00187392 0.0067532 0.00700838
21.49 0.00137375 0.00677069 0.00690865
21.5 0.000880713 0.00675327 0.00681046
21.51 0.000396573 0.00670104 0.00671276
21.52 -7.51543e-05 0.00661604 0.00661646
21.53 -0.000534454 0.00649895 0.00652089
21.54 -0.000976782 0.00635101 0.00642568
21.55 -0.001402 0.0061751 0.00633225
21.56 -0.0018075 0.00597129 0.00623886
21.57 -0.00219175 0.00574267 0.00614671
21.58 -0.00255311 0.00549043 0.00605502
21.59 -0.00289069 0.00521759 0.00596484
21.6 -0.003203 0.00492472 0.0058747
21.61 -0.0034893 0.00461549 0.00578601
21.62 -0.00374884 0.00429083 0.00569781
21.63 -0.00398045 0.00395417 0.00561065
21.64 -0.00418492 0.00360625 0.00552437
21.65 -0.0043599 0.00325059 0.0054383
21.66 -0.00450771 0.00288923 0.00535416
21.67 -0.00462664 0.00252331 0.00527
21.68 -0.00471789 0.00215623 0.00518728
21.69 -0.00478154 0.0017891 0.00510529
21.7 -0.00481851 0.0014245 0.00502466
21.71 -0.00482861 0.00106338 0.00494431
21.72 -0.00481343 0.000708758 0.00486533
21.73 -0.00477337 0.000361247 0.00478702
21.74 -0.00470949 2.3588e-05 0.00470954
21.75 -0.00462334 -0.000304147 0.00463333
21.76 -0.00451515 -0.000618719 0.00455734
21.77 -0.00438792 -0.000920247 0.00448338
21.78 -0.00424089 -0.00120735 0.0044094
21.79 -0.00407705 -0.00147819 0.00433675
21.8 -0.00389705 -0.00173277 0.00426492
21.81 -0.00370281 -0.00196966 0.00419409
21.82 -0.00349514 -0.00218857 0.00412381
21.83 -0.0032768 -0.00238833 0.00405482
21.84 -0.00304836 -0.00256937 0.00398675
21.85 -0.00281181 -0.00273045 0.00391939
21.86 -0.00256853 -0.00287271 0.00385354
21.87 -0.00231989 -0.00299427 0.00378782
21.88 -0.002068 -0.00309715 0.00372411
21.89 -0.00181273 -0.00317997 0.00366036
21.9 -0.00155754 -0.00324325 0.00359786
21.91 -0.0013023 -0.00328775 0.00353628
21.92 -0.00104912 -0.00331326 0.0034754
21.93 -0.000798611 -0.00332053 0.00341521
21.94 -0.000553138 -0.00331016 0.00335606
21.95 -0.00031246 -0.00328294 0.00329778
21.96 -7.8707e-05 -0.00323901 0.00323996
21.97 0.000147752 -0.00318007 0.0031835
21.98 0.000365195 -0.00310546 0.00312686
21.99 0.000573326 -0.00301806 0.00307203
22 0.000771537 -0.00291662 0.00301694
22.01 0.000957774 -0.00280394 0.00296301
22.02 0.00113317 -0.0026803 0.00290999
22.03 0.00129592 -0.00254673 0.00285749
22.04 0.00144638 -0.00240426 0.0028058
22.05 0.00158322 -0.00225436 0.00275477
22.06 0.00170746 -0.00209744 0.00270457
22.07 0.00181746 -0.00193478 0.00265453
22.08 0.00191421 -0.00176798 0.00260576
22.09 0.00199645 -0.00159721 0.00255673
22.1 0.00206559 -0.00142496 0.00250942
22.11 0.00212071 -0.00125032 0.00246185
22.12 0.00216197 -0.00107656 0.00241518
22.13 0.00219075 -0.000902778 0.00236947
22.14 0.00220591 -0.000730759 0.0023238
22.15 0.00220886 -0.00056129 0.00227906
22.16 0.00219937 -0.000395642 0.00223467
22.17 0.00217871 -0.000233776 0.00219121
22.18 0.00214646 -7.73106e-05 0.00214785
22.19 0.00210446 7.32836e-05 0.00210574
22.2 0.00205208 0.000217862 0.00206361
22.21 0.00199154 0.000355203 0.00202297
22.22 0.0019219 0.000485895 0.00198237
22.23 0.00184492 0.000607722 0.00194244
22.24 0.0017613 0.000722418 0.0019037
22.25 0.00167083 0.000828015 0.00186475
22.26 0.00157549 0.000924933 0.00182693
22.27 0.00147525 0.00101273 0.00178941
22.28 0.00137127 0.001092 0.00175296
22.29 0.00126383 0.00116167 0.00171661
22.3 0.00115448 0.00122239 0.00168139
22.31 0.00104263 0.00127413 0.00164635
22.32 0.000930468 0.00131668 0.00161227
22.33 0.000817017 0.00135054 0.00157844
22.34 0.000704573 0.00137498 0.00154499
22.35 0.00059273 0.00139202 0.00151296
22.36 0.000482115 0.00139993 0.00148062
22.37 0.000374075 0.00140041 0.00144951
22.38 0.000268155 0.00139318 0.00141875
22.39 0.000165092 0.00137908 0.00138893
22.4 6.53669e-05 0.00135751 0.00135908
22.41 -3.03504e-05 0.0013299 0.00133025
22.42 -0.000122626 0.00129594 0.00130173
22.43 -0.000209625 0.00125644 0.00127381
22.44 -0.000292676 0.0012115 0.00124635
22.45 -0.000369749 0.00116164 0.00121906
22.46 -0.000442476 0.00110805 0.00119313
22.47 -0.000509357 0.00104951 0.00116658
22.48 -0.000570481 0.000988279 0.00114112
22.49 -0.000626142 0.000923541 0.00111579
22.5 -0.000675833 0.000856525 0.00109105
22.51 -0.000719149 0.000786956 0.00106606
22.52 -0.000756461 0.000716443 0.00104188
22.53 -0.000788124 0.000644316 0.00101798
22.54 -0.00081313 0.00057211 0.000994229
22.55 -0.000833031 0.000499295 0.000971204
22.56 -0.000846366 0.000427148 0.000948045
22.57 -0.000855111 0.000355724 0.00092615
22.58 -0.000857364 0.000284796 0.000903428
22.59 -0.000854705 0.000216249 0.000881637
22.6 -0.000847041 0.000148863 0.000860022
22.61 -0.000834433 8.41561e-05 0.000838666
22.62 -0.000817024 2.17909e-05 0.000817315
22.63 -0.000795781 -3.72881e-05 0.000796654
22.64 -0.000770595 -9.38434e-05 0.000776288
22.65 -0.00074132 -0.000146333 0.000755625
22.66 -0.000709295 -0.000195874 0.000735843
22.67 -0.000673734 -0.000241009 0.000715544
22.68 -0.000636462 -0.000282493 0.000696337
22.69 -0.000596057 -0.000319862 0.000676458
22.7 -0.000554899 -0.000352429 0.000657358
22.71 -0.000512219 -0.000381648 0.000638767
22.72 -0.00046858 -0.000406083 0.000620057
22.73 -0.000424331 -0.000426699 0.000601771
22.74 -0.000380215 -0.000443236 0.000583971
22.75 -0.000335929 -0.000456249 0.000566579
22.76 -0.000291968 -0.000464767 0.000548866
22.77 -0.000249136 -0.000470397 0.000532299
22.78 -0.000206961 -0.000471891 0.000515281
22.79 -0.000166569 -0.000470692 0.000499296
22.8 -0.000126802 -0.000466116 0.000483056
22.81 -8.97126e-05 -0.000458668 0.00046736
22.82 -5.37008e-05 -0.000449257 0.000452455
22.83 -1.98895e-05 -0.000436663 0.000437116
22.84 1.18034e-05 -0.000422287 0.000422452
22.85 4.10091e-05 -0.000405955 0.000408021
22.86 6.82249e-05 -0.000388049 0.000394
22.87 9.28253e-05 -0.000368237 0.000379757
22.88 0.000114977 -0.00034823 0.000366721
22.89 0.000134945 -0.000326597 0.000353378
22.9 0.000152353 -0.000304997 0.000340932
22.91 0.000168003 -0.000282314 0.000328521
22.92 0.000180543 -0.000259755 0.000316336
22.93 0.00019188 -0.000237151 0.000305055
22.94 0.000200452 -0.000214028 0.000293238
22.95 0.000207263 -0.000191702 0.000282325
22.96 0.000212015 -0.000169701 0.000271568
22.97 0.000215283 -0.000148079 0.000261293
22.98 0.000216427 -0.000126823 0.000250848
22.99 0.000216346 -0.000106961 0.000241343
23 0.000214557 -8.69178e-05 0.000231494
23.01 0.000211377 -6.84828e-05 0.000222194
23.02 0.000207019 -5.02941e-05 0.000213041
23.03 0.000200941 -3.39636e-05 0.000203791
23.04 0.000194666 -1.83099e-05 0.000195526
23.05 0.000186535 -3.75545e-06 0.000186572
23.06 0.000178298 9.14011e-06 0.000178532
23.07 0.00016914 2.1155e-05 0.000170458
23.08 0.000159584 3.21364e-05 0.000162788
23.09 0.00014919 4.1856e-05 0.00015495
23.1 0.000138966 4.99358e-05 0.000147666
23.11 0.000127963 5.75548e-05 0.000140311
23.12 0.000117105 6.31486e-05 0.000133047
23.13 0.000106188 6.82428e-05 0.000126226
23.14 9.5206e-05 7.14725e-05 0.000119048
23.15 8.49531e-05 7.44217e-05 0.000112941
23.16 7.40632e-05 7.59983e-05 0.000106118
23.17 6.44035e-05 7.63656e-05 9.98975e-05
23.18 5.46154e-05 7.61264e-05 9.36913e-05
23.19 4.54135e-05 7.48441e-05 8.75444e-05
23.2 3.67474e-05 7.25479e-05 8.13239e-05
23.21 2.92345e-05 6.94613e-05 7.53626e-05
23.22 2.18575e-05 6.62943e-05 6.98046e-05
23.23 1.58259e-05 6.20069e-05 6.39947e-05
23.24 1.03569e-05 5.79977e-05 5.89152e-05
23.25 5.69397e-06 5.3076e-05 5.33805e-05
23.26 1.98722e-06 4.87577e-05 4.87982e-05
23.27 -1.56537e-06 4.36676e-05 4.36956e-05
23.28 -3.41317e-06 3.88062e-05 3.8956e-05
23.29 -5.33104e-06 3.43158e-05 3.47274e-05
23.3 -6.28788e-06 2.9821e-05 3.04767e-05
23.31 -6.61938e-06 2.55991e-05 2.64411e-05
23.32 -6.2921e-06 2.17659e-05 2.26572e-05
23.33 -6.22531e-06 1.84252e-05 1.94485e-05
23.34 -5.0884e-06 1.49323e-05 1.57755e-05
23.35 -4.11039e-06 1.23152e-05 1.2983e-05
23.36 -2.64936e-06 9.50861e-06 9.8708e-06
23.37 -9.75792e-07 7.80753e-06 7.86827e-06
23.38 6.75063e-07 5.76686e-06 5.80624e-06
23.39 3.09086e-06 4.76796e-06 5.68215e-06
23.4 4.6066e-06 4.03586e-06 6.12446e-06
23.41 6.57669e-06 3.54017e-06 7.46898e-06
23.42 8.38765e-06 3.46202e-06 9.07404e-06
23.43 1.00544e-05 3.77043e-06 1.07382e-05
23.44 1.11146e-05 4.19974e-06 1.18815e-05
23.45 1.29013e-05 4.75454e-06 1.37495e-05
23.46 1.37354e-05 5.81793e-06 1.49168e-05
23.47 1.47775e-05 6.53538e-06 1.61582e-05
23.48 1.53223e-05 7.89463e-06 1.72365e-05
23.49 1.5765e-05 8.51823e-06 1.79191e-05
23.5 1.62908e-05 9.91698e-06 1.90718e-05
23.51 1.60295e-05 1.06769e-05 1.92598e-05
23.52 1.64962e-05 1.1618e-05 2.01768e-05
23.53 1.66756e-05 1.26589e-05 2.09361e-05
23.54 1.6788e-05 1.37329e-05 2.16894e-05
23.55 1.663e-05 1.46852e-05 2.21858e-05
23.56 1.70931e-05 1.59031e-05 2.33469e-05
23.57 1.65411e-05 1.71786e-05 2.38477e-05
23.58 1.65369e-05 1.81604e-05 2.45616e-05
23.59 1.61257e-05 1.963e-05 2.54042e-05
23.6 1.59662e-05 2.05229e-05 2.60021e-05
23.61 1.56626e-05 2.22338e-05 2.71966e-05
23.62 1.48685e-05 2.3192e-05 2.75489e-05
23.63 1.46501e-05 2.47441e-05 2.87558e-05
23.64 1.37069e-05 2.62484e-05 2.96118e-05
23.65 1.27077e-05 2.75857e-05 3.0372e-05
23.66 1.15992e-05 2.89185e-05 3.1158e-05
23.67 1.08212e-05 3.05245e-05 3.23859e-05
23.68 9.16852e-06 3.18975e-05 3.3189e-05
23.69 8.09397e-06 3.32522e-05 3.42231e-05
23.7 6.32618e-06 3.50041e-05 3.55712e-05
23.71 4.59795e-06 3.6253e-05 3.65434e-05
23.72 2.30436e-06 3.80418e-05 3.81115e-05
23.73 -3.40918e-07 3.88759e-05 3.88774e-05
23.74 -2.68789e-06 4.02606e-05 4.03502e-05
23.75 -5.86925e-06 4.10299e-05 4.14476e-05
23.76 -8.88619e-06 4.13997e-05 4.23426e-05
23.77 -1.20991e-05 4.17144e-05 4.34336e-05
23.78 -1.53225e-05 4.18646e-05 4.45806e-05
23.79 -1.92161e-05 4.1287e-05 4.55398e-05
23.8 -2.24771e-05 4.05655e-05 4.63765e-05
23.81 -2.62758e-05 3.95837e-05 4.75109e-05
23.82 -2.95738e-05 3.77942e-05 4.79897e-05
23.83 -3.3041e-05 3.60995e-05 4.89376e-05
23.84 -3.6136e-05 3.34185e-05 4.922e-05
23.85 -3.88749e-05 3.12769e-05 4.98949e-05
23.86 -4.1939e-05 2.82007e-05 5.05387e-05
23.87 -4.43278e-05 2.49755e-05 5.08796e-05
23.88 -4.66329e-05 2.17033e-05 5.1436e-05
23.89 -4.8565e-05 1.80951e-05 5.18265e-05
23.9 -5.03736e-05 1.38173e-05 5.22342e-05
23.91 -5.1203e-05 9.88324e-06 5.21481e-05
23.92 -5.22411e-05 5.69313e-06 5.25504e-05
23.93 -5.23747e-05 1.23314e-06 5.23893e-05
23.94 -5.25266e-05 -2.81346e-06 5.26019e-05
23.95 -5.19455e-05 -7.29324e-06 5.2455e-05
23.96 -5.11213e-05 -1.10026e-05 5.22919e-05
23.97 -5.00724e-05 -1.5453e-05 5.24027e-05
23.98 -4.82193e-05 -1.92945e-05 5.19363e-05
23.99 -4.63282e-05 -2.28612e-05 5.16617e-05
24 -4.40455e-05 -2.63267e-05 5.13138e-05
24.01 -4.16201e-05 -2.97602e-05 5.11655e-05
24.02 -3.87217e-05 -3.22426e-05 5.0388e-05
24.03 -3.62262e-05 -3.49416e-05 5.03315e-05
24.04 -3.30044e-05 -3.74493e-05 4.99173e-05
24.05 -3.0124e-05 -3.9443e-05 4.96307e-05
24.06 -2.66678e-05 -4.15828e-05 4.93994e-05
24.07 -2.34302e-05 -4.28964e-05 4.88782e-05
24.08 -1.99877e-05 -4.47171e-05 4.89808e-05
24.09 -1.62708e-05 -4.54845e-05 4.83071e-05
24.1 -1.29189e-05 -4.61682e-05 4.79417e-05
24.11 -9.23317e-06 -4.67958e-05 4.76979e-05
24.12 -5.61578e-06 -4.72046e-05 4.75374e-05
24.13 -1.86514e-06 -4.68869e-05 4.6924e-05
24.14 1.57777e-06 -4.68907e-05 4.69172e-05
24.15 5.50048e-06 -4.63579e-05 4.66831e-05
24.16 8.79008e-06 -4.52861e-05 4.61313e-05
24.17 1.2379e-05 -4.4225e-05 4.59249e-05
24.18 1.54366e-05 -4.25046e-05 4.52209e-05
24.19 1.85999e-05 -4.12636e-05 4.52619e-05
24.2 2.16272e-05 -3.90691e-05 4.46557e-05
24.21 2.4205e-05 -3.71624e-05 4.43501e-05
24.22 2.70963e-05 -3.51028e-05 4.43443e-05
24.23 2.95742e-05 -3.26121e-05 4.40248e-05
24.24 3.18851e-05 -2.96474e-05 4.35388e-05
24.25 3.39031e-05 -2.70372e-05 4.3364e-05
24.26 3.59859e-05 -2.38419e-05 4.31674e-05
24.27 3.72868e-05 -2.05311e-05 4.25656e-05
24.28 3.87994e-05 -1.73712e-05 4.25106e-05
24.29 3.96188e-05 -1.37792e-05 4.19465e-05
24.3 4.04472e-05 -1.05476e-05 4.17998e-05
24.31 4.0691e-05 -6.49062e-06 4.12054e-05
24.32 4.0433e-05 -3.03466e-06 4.05467e-05
24.33 4.0198e-05 5.56969e-07 4.02018e-05
24.34 3.91614e-05 4.17611e-06 3.93834e-05
24.35 3.79062e-05 7.5815e-06 3.86569e-05
24.36 3.64779e-05 1.03273e-05 3.79116e-05
24.37 3.48899e-05 1.34131e-05 3.73794e-05
24.38 3.2699e-05 1.6081e-05 3.64393e-05
24.39 3.08463e-05 1.84236e-05 3.59294e-05
24.4 2.83735e-05 2.07889e-05 3.51743e-05
24.41 2.6091e-05 2.25494e-05 3.4485e-05
24.42 2.33085e-05 2.4515e-05 3.38271e-05
24.43 2.06012e-05 2.54921e-05 3.27758e-05
24.44 1.80606e-05 2.65564e-05 3.21158e-05
24.45 1.50506e-05 2.73534e-05 3.12206e-05
24.46 1.2303e-05 2.78164e-05 3.04157e-05
24.47 9.72729e-06 2.77838e-05 2.94374e-05
24.48 7.03937e-06 2.80306e-05 2.8901e-05
24.49 4.22824e-06 2.75455e-05 2.78681e-05
24.5 2.09251e-06 2.68165e-05 2.6898e-05
24.51 -3.95872e-07 2.59984e-05 2.60014e-05
24.52 -2.23303e-06 2.47437e-05 2.48443e-05
24.53 -4.22753e-06 2.37711e-05 2.41441e-05
24.54 -5.62537e-06 2.21954e-05 2.28971e-05
24.55 -6.83956e-06 2.11303e-05 2.22097e-05
24.56 -8.29693e-06 1.983e-05 2.14958e-05
24.57 -9.18849e-06 1.84493e-05 2.06108e-05
24.58 -9.99352e-06 1.69669e-05 1.96913e-05
24.59 -1.09021e-05 1.5863e-05 1.92482e-05
24.6 -1.16348e-05 1.43596e-05 1.84816e-05
24.61 -1.18335e-05 1.3158e-05 1.76964e-05
24.62 -1.25066e-05 1.21229e-05 1.74178e-05
24.63 -1.26559e-05 1.09244e-05 1.67187e-05
24.64 -1.31381e-05 1.003e-05 1.65291e-05
24.65 -1.3186e-05 8.67965e-06 1.57863e-05
24.66 -1.33768e-05 7.84347e-06 1.55068e-05
24.67 -1.37261e-05 6.67593e-06 1.52634e-05
24.68 -1.34551e-05 5.66296e-06 1.45982e-05
24.69 -1.3407e-05 4.76602e-06 1.42289e-05
24.7 -1.35051e-05 4.10256e-06 1.41145e-05
24.71 -1.33797e-05 3.12326e-06 1.37394e-05
24.72 -1.31314e-05 2.42091e-06 1.33527e-05
24.73 -1.34169e-05 1.62807e-06 1.35153e-05
24.74 -1.31679e-05 6.62832e-07 1.31846e-05
24.75 -1.32296e-05 -5.53965e-08 1.32297e-05
24.76 -1.28592e-05 -1.08473e-06 1.29049e-05
24.77 -1.27576e-05 -1.64298e-06 1.28629e-05
24.78 -1.26343e-05 -2.62985e-06 1.29051e-05
24.79 -1.20012e-05 -3.43348e-06 1.24827e-05
24.8 -1.18024e-05 -4.28975e-06 1.25578e-05
24.81 -1.15213e-05 -5.16724e-06 1.2627e-05
24.82 -1.07974e-05 -6.2225e-06 1.24621e-05
24.83 -1.00613e-05 -6.91738e-06 1.22098e-05
24.84 -9.58354e-06 -7.68046e-06 1.22814e-05
24.85 -8.50133e-06 -8.37552e-06 1.19341e-05
24.86 -7.80127e-06 -8.80073e-06 1.17606e-05
24.87 -6.76895e-06 -9.40349e-06 1.15864e-05
24.88 -6.12828e-06 -9.63975e-06 1.14228e-05
24.89 -5.27254e-06 -1.01841e-05 1.1468e-05
24.9 -4.10345e-06 -1.03203e-05 1.11062e-05
24.91 -3.40981e-06 -1.04564e-05 1.09983e-05
24.92 -2.48027e-06 -1.0479e-05 1.07685e-05
24.93 -1.27483e-06 -1.04619e-05 1.05393e-05
24.94 -4.19507e-07 -1.01549e-05 1.01636e-05
24.95 2.23083e-07 -1.00599e-05 1.00624e-05
24.96 1.34164e-06 -9.82347e-06 9.91466e-06
24.97 1.93266e-06 -9.42996e-06 9.62598e-06
24.98 2.87245e-06 -9.12976e-06 9.57097e-06
24.99 3.42143e-06 -8.48782e-06 9.15146e-06
25 4.21555e-06 -8.03424e-06 9.07303e-06
25.01 4.94443e-06 -7.19496e-06 8.73011e-06
25.02 5.07493e-06 -6.57447e-06 8.30533e-06
25.03 5.44931e-06 -5.90272e-06 8.0335e-06
25.04 5.82144e-06 -5.26681e-06 7.85038e-06
25.05 5.79204e-06 -4.56174e-06 7.37273e-06
25.06 5.82315e-06 -4.09461e-06 7.11863e-06
25.07 6.26982e-06 -3.44876e-06 7.15574e-06
25.08 6.11584e-06 -2.84277e-06 6.74424e-06
25.09 6.31144e-06 -2.43762e-06 6.76582e-06
25.1 6.12668e-06 -1.88102e-06 6.40893e-06
25.11 6.21541e-06 -1.60246e-06 6.41866e-06
25.12 6.19695e-06 -1.06155e-06 6.28722e-06
25.13 5.87456e-06 -8.04323e-07 5.92936e-06
25.14 6.07561e-06 -3.16051e-07 6.08383e-06
25.15 6.1022e-06 2.02449e-07 6.10556e-06
25.16 5.77923e-06 7.04255e-07 5.82199e-06
25.17 5.61134e-06 1.11885e-06 5.72179e-06
25.18 5.56938e-06 1.67131e-06 5.81475e-06
25.19 4.95975e-06 2.07737e-06 5.37723e-06
25.2 4.8088e-06 2.35759e-06 5.35563e-06
25.21 4.4052e-06 2.81518e-06 5.22791e-06
25.22 4.30565e-06 3.0717e-06 5.28905e-06
25.23 3.98941e-06 3.51437e-06 5.3166e-06
25.24 3.46638e-06 3.64714e-06 5.03164e-06
25.25 3.37596e-06 3.98678e-06 5.22413e-06
25.26 2.88016e-06 4.21199e-06 5.10257e-06
25.27 2.23634e-06 4.30941e-06 4.85512e-06
25.28 1.94516e-06 4.45451e-06 4.86069e-06
25.29 1.64812e-06 4.70597e-06 4.98623e-06
25.3 9.32334e-07 4.77897e-06 4.86906e-06
25.31 6.6922e-07 4.81857e-06 4.86482e-06
25.32 2.5493e-08 4.91766e-06 4.91773e-06
25.33 -4.05701e-07 4.75534e-06 4.77261e-06
25.34 -1.07171e-06 4.62292e-06 4.74552e-06
25.35 -1.66532e-06 4.20098e-06 4.51902e-06
25.36 -1.77745e-06 3.9938e-06 4.37147e-06
25.37 -2.25412e-06 3.58021e-06 4.23072e-06
25.38 -2.59073e-06 3.07567e-06 4.0214e-06
25.39 -2.5805e-06 2.69052e-06 3.72799e-06
25.4 -2.77164e-06 2.27971e-06 3.58874e-06
25.41 -3.18116e-06 1.69599e-06 3.60502e-06
25.42 -3.04136e-06 1.24925e-06 3.28794e-06
25.43 -3.22058e-06 8.82942e-07 3.33942e-06
25.44 -3.05698e-06 4.34006e-07 3.08763e-06
25.45 -3.05313e-06 1.27723e-07 3.0558e-06
25.46 -2.91799e-06 -2.4673e-07 2.9284e-06
25.47 -2.57182e-06 -3.81895e-07 2.60002e-06
25.48 -2.70254e-06 -7.52489e-07 2.80534e-06
25.49 -2.56725e-06 -1.04621e-06 2.77224e-06
25.5 -2.18622e-06 -1.17151e-06 2.48032e-06
25.51 -2.02456e-06 -1.35545e-06 2.43641e-06
25.52 -1.86776e-06 -1.58555e-06 2.45e-06
25.53 -1.24066e-06 -1.54598e-06 1.98225e-06
25.54 -1.12951e-06 -1.50861e-06 1.8846e-06
25.55 -8.05508e-07 -1.54146e-06 1.73923e-06
25.56 -7.19176e-07 -1.41454e-06 1.58686e-06
25.57 -5.32682e-07 -1.33295e-06 1.43545e-06
25.58 -2.18467e-07 -1.06695e-06 1.08909e-06
25.59 -2.97332e-07 -1.04262e-06 1.08419e-06
25.6 1.03373e-08 -8.17359e-07 8.17424e-07
25.61 2.85846e-07 -5.0529e-07 5.80539e-07
25.62 1.89382e-07 -4.24647e-07 4.64963e-07
25.63 1.2805e-07 -3.45357e-07 3.68332e-07
25.64 3.60179e-07 -1.44724e-07 3.88167e-07
25.65 1.24317e-07 -1.1802e-07 1.71417e-07
25.66 2.52207e-07 -1.7427e-07 3.06559e-07
25.67 2.6234e-07 -1.1308e-07 2.85674e-07
25.68 3.78785e-07 -1.15633e-07 3.96042e-07
25.69 4.753e-07 -5.89393e-08 4.7894e-07
25.7 1.86056e-07 -2.23485e-07 2.90796e-07
25.71 3.01417e-07 -1.67065e-07 3.4462e-07
25.72 2.48128e-07 -1.30609e-07 2.80404e-07
25.73 9.17938e-09 -3.18048e-07 3.1818e-07
25.74 5.87097e-08 -3.24564e-07 3.29831e-07
25.75 2.93742e-07 -2.58182e-07 3.91078e-07
25.76 8.27339e-08 -3.74395e-07 3.83428e-07
25.77 2.23024e-07 -4.60986e-07 5.12102e-07
25.78 1.56714e-07 -4.77003e-07 5.02087e-07
25.79 1.78422e-07 -5.62464e-07 5.90084e-07
25.8 2.05221e-07 -6.30921e-07 6.63459e-07
25.81 7.76545e-08 -7.84542e-07 7.88376e-07
25.82 4.37555e-07 -6.79464e-07 8.08162e-07
25.83 4.8091e-07 -6.49414e-07 8.08092e-07
25.84 4.01063e-07 -7.42369e-07 8.43779e-07
25.85 5.47542e-07 -5.50927e-07 7.76739e-07
25.86 6.05138e-07 -3.89622e-07 7.1972e-07
25.87 2.97131e-07 -3.8708e-07 4.87973e-07
25.88 4.53179e-07 -2.14818e-07 5.01516e-07
25.89 4.12152e-07 -3.98299e-08 4.14072e-07
25.9 4.85553e-07 6.17191e-08 4.8946e-07
25.91 5.14571e-07 1.03588e-07 5.24894e-07
25.92 3.75037e-07 1.03064e-07 3.8894e-07
25.93 5.67477e-07 2.31602e-07 6.12919e-07
25.94 3.19808e-07 1.20884e-07 3.41892e-07
25.95 1.678e-07 -1.23499e-08 1.68254e-07
25.96 3.16088e-07 9.62223e-08 3.30409e-07
25.97 3.33139e-07 5.18164e-08 3.37145e-07
25.98 1.20795e-07 -9.35684e-08 1.52796e-07
25.99 3.19842e-07 4.46716e-09 3.19873e-07
26 1.37361e-07 2.331e-08 1.39324e-07
