0 0.000268524 -0.000129457 0.000298101
0.01 0.000536047 -0.0002591 0.000595382
0.02 0.000800781 -0.000388675 0.000890123
0.03 0.00106092 -0.000517851 0.00118056
0.04 0.0013151 -0.00064574 0.00146508
0.05 0.00156216 -0.000773302 0.00174308
0.06 0.00180107 -0.000900519 0.00201365
0.07 0.00203069 -0.00102654 0.00227541
0.08 0.00224888 -0.00115157 0.00252657
0.09 0.00245474 -0.00127474 0.00276599
0.1 0.00264735 -0.00139646 0.00299308
0.11 0.00282588 -0.00151689 0.00320726
0.12 0.00298905 -0.00163537 0.00340718
0.13 0.00313579 -0.00175129 0.00359168
0.14 0.003265 -0.00186439 0.00375981
0.15 0.00337626 -0.00197519 0.00391158
0.16 0.00346929 -0.00208284 0.00404651
0.17 0.00354316 -0.00218733 0.00416394
0.18 0.00359701 -0.00228803 0.00426305
0.19 0.00363073 -0.00238413 0.00434353
0.2 0.00364385 -0.0024764 0.0044057
0.21 0.00363652 -0.00256402 0.00444955
0.22 0.00360853 -0.00264627 0.00447485
0.23 0.00355952 -0.00272291 0.00448157
0.24 0.00348957 -0.00279347 0.00446997
0.25 0.00339917 -0.00285788 0.00444093
0.26 0.00328871 -0.00291547 0.00439495
0.27 0.00315842 -0.00296602 0.00433278
0.28 0.00300898 -0.00300847 0.00425498
0.29 0.00284067 -0.00304291 0.00416278
0.3 0.00265421 -0.00306937 0.00405782
0.31 0.00245084 -0.00308642 0.00394114
0.32 0.0022312 -0.00309427 0.00381481
0.33 0.00199613 -0.00309227 0.00368058
0.34 0.00174685 -0.00308008 0.00354096
0.35 0.00148416 -0.00305774 0.00339889
0.36 0.00120969 -0.00302445 0.0032574
0.37 0.000924772 -0.00297987 0.00312007
0.38 0.000630804 -0.00292374 0.00299102
0.39 0.000328651 -0.00285646 0.0028753
0.4 2.02041e-05 -0.00277726 0.00277733
0.41 -0.00029309 -0.00268578 0.00270173
0.42 -0.00060959 -0.00258237 0.00265335
0.43 -0.000927567 -0.00246639 0.00263505
0.44 -0.00124584 -0.00233857 0.00264973
0.45 -0.00156291 -0.00219873 0.00269761
0.46 -0.00187652 -0.00204625 0.00277641
0.47 -0.00218513 -0.00188185 0.00288377
0.48 -0.00248714 -0.00170571 0.00301584
0.49 -0.00278109 -0.0015183 0.00316855
0.5 -0.00306535 -0.00131951 0.00333729
0.51 -0.00333827 -0.00110988 0.00351794
0.52 -0.00359794 -0.000889659 0.0037063
0.53 -0.00384298 -0.000659485 0.00389915
0.54 -0.00407253 -0.000420578 0.00409419
0.55 -0.00428462 -0.000172584 0.0042881
0.56 -0.00447799 8.34803e-05 0.00447877
0.57 -0.00465129 0.000346567 0.00466418
0.58 -0.00480321 0.000616195 0.00484257
0.59 -0.00493292 0.000890954 0.00501273
0.6 -0.0050394 0.0011703 0.00517351
0.61 -0.00512139 0.00145316 0.00532356
0.62 -0.00517812 0.00173856 0.00546219
0.63 -0.00520914 0.00202496 0.00558888
0.64 -0.0052138 0.00231141 0.00570318
0.65 -0.00519133 0.00259695 0.00580466
0.66 -0.00514184 0.0028797 0.00589332
0.67 -0.00506456 0.0031589 0.00596895
0.68 -0.00495964 0.00343309 0.00603193
0.69 -0.00482724 0.00370046 0.00608241
0.7 -0.00466702 0.00396028 0.00612086
0.71 -0.00447962 0.00421055 0.00614782
0.72 -0.00426553 0.00445017 0.00616431
0.73 -0.00402525 0.00467776 0.00617123
0.74 -0.00375922 0.00489198 0.00616954
0.75 -0.00346852 0.00509117 0.00616041
0.76 -0.00315409 0.00527385 0.00614506
0.77 -0.00281695 0.00543932 0.00612547
0.78 -0.00245861 0.00558569 0.00610284
0.79 -0.00207984 0.00571214 0.00607901
0.8 -0.00168205 0.00581726 0.00605556
0.81 -0.00126758 0.00589943 0.00603408
0.82 -0.000837572 0.00595843 0.00601701
0.83 -0.000394033 0.00599302 0.00600596
0.84 6.13761e-05 0.00600218 0.0060025
0.85 0.000526558 0.00598497 0.00600809
0.86 0.000999393 0.00594071 0.00602419
0.87 0.00147742 0.00586901 0.00605211
0.88 0.00195875 0.00576924 0.00609269
0.89 0.00244148 0.00564135 0.006147
0.9 0.00292276 0.00548435 0.00621455
0.91 0.0034002 0.00529848 0.00629565
0.92 0.00387181 0.00508414 0.00639057
0.93 0.00433451 0.00484094 0.0064979
0.94 0.00478667 0.00456956 0.00661763
0.95 0.0052254 0.00427015 0.00674825
0.96 0.00564821 0.00394332 0.00688854
0.97 0.00605284 0.00358999 0.00703739
0.98 0.00643715 0.00321095 0.00719355
0.99 0.00679867 0.00280724 0.00735544
1 0.00713505 0.00237984 0.00752147
1.01 0.00744463 0.00193051 0.00769086
1.02 0.00772482 0.00146032 0.00786164
1.03 0.00797376 0.000970822 0.00803265
1.04 0.00818984 0.000464239 0.00820299
1.05 0.0083707 -5.80956e-05 0.0083709
1.06 0.00851528 -0.000593706 0.00853595
1.07 0.00862211 -0.00114085 0.00869726
1.08 0.00868936 -0.00169737 0.00885359
1.09 0.00871607 -0.00226071 0.00900449
1.1 0.00870133 -0.00282832 0.00914945
1.11 0.00864447 -0.0033978 0.00928827
1.12 0.00854451 -0.00396687 0.00942044
1.13 0.0084013 -0.00453267 0.00954605
1.14 0.00821404 -0.00509236 0.0096645
1.15 0.00798279 -0.00564328 0.00977607
1.16 0.00770848 -0.00618233 0.00988139
1.17 0.00739047 -0.00670741 0.0099804
1.18 0.00702966 -0.00721533 0.0100736
1.19 0.00662687 -0.00770309 0.0101613
1.2 0.00618296 -0.00816802 0.0102443
1.21 0.00569943 -0.00860739 0.0103233
1.22 0.0051776 -0.00901866 0.0103992
1.23 0.00461893 -0.00939905 0.0104727
1.24 0.00402507 -0.00974601 0.0105445
1.25 0.00339857 -0.010057 0.0106157
1.26 0.00274141 -0.0103297 0.0106873
1.27 0.00205558 -0.0105621 0.0107603
1.28 0.00134459 -0.0107517 0.0108355
1.29 0.000610396 -0.0108969 0.010914
1.3 -0.000143659 -0.0109958 0.0109968
1.31 -0.000914311 -0.0110467 0.0110845
1.32 -0.00169869 -0.0110483 0.0111781
1.33 -0.00249309 -0.010999 0.011278
1.34 -0.00329391 -0.0108983 0.0113852
1.35 -0.00409776 -0.0107451 0.0115
1.36 -0.00490119 -0.010539 0.0116229
1.37 -0.00570004 -0.0102793 0.0117539
1.38 -0.00649018 -0.00996602 0.011893
1.39 -0.00726847 -0.00959958 0.0120409
1.4 -0.00803007 -0.0091803 0.0121967
1.41 -0.00877195 -0.0087086 0.0123607
1.42 -0.00948977 -0.00818543 0.0125322
1.43 -0.0101791 -0.00761193 0.0127105
1.44 -0.0108367 -0.00698992 0.0128955
1.45 -0.0114588 -0.00632089 0.0130866
1.46 -0.0120416 -0.00560677 0.0132829
1.47 -0.0125814 -0.00484966 0.0134837
1.48 -0.0130747 -0.00405222 0.0136883
1.49 -0.0135182 -0.00321737 0.0138958
1.5 -0.0139086 -0.00234783 0.0141054
1.51 -0.0142435 -0.00144685 0.0143168
1.52 -0.014519 -0.000517816 0.0145283
1.53 -0.0147332 0.00043553 0.0147397
1.54 -0.0148839 0.0014094 0.0149505
1.55 -0.0149683 0.00239976 0.0151595
1.56 -0.0149851 0.00340241 0.0153665
1.57 -0.0149326 0.00441294 0.0155711
1.58 -0.0148095 0.0054269 0.0157725
1.59 -0.0146148 0.00643973 0.0159707
1.6 -0.0143478 0.00744689 0.0161652
1.61 -0.014008 0.00844326 0.0163558
1.62 -0.0135953 0.0094241 0.0165422
1.63 -0.0131108 0.0103847 0.0167253
1.64 -0.0125542 0.0113203 0.0169043
1.65 -0.0119267 0.0122258 0.0170798
1.66 -0.0112302 0.0130965 0.0172521
1.67 -0.0104658 0.0139272 0.0174212
1.68 -0.00963607 0.0147136 0.0175882
1.69 -0.00874333 0.0154513 0.0177535
1.7 -0.0077899 0.0161355 0.0179175
1.71 -0.00677916 0.0167618 0.0180807
1.72 -0.00571466 0.0173261 0.0182442
1.73 -0.0046003 0.0178247 0.0184088
1.74 -0.00343943 0.0182536 0.0185748
1.75 -0.00223726 0.0186097 0.0187437
1.76 -0.000997906 0.0188891 0.0189154
1.77 0.000273653 0.0190892 0.0190912
1.78 0.00157168 0.0192075 0.0192717
1.79 0.00289156 0.0192413 0.0194574
1.8 0.0042272 0.0191888 0.0196489
1.81 0.00557275 0.0190485 0.019847
1.82 0.00692255 0.018819 0.0200518
1.83 0.00827038 0.0184994 0.0202639
1.84 0.00960996 0.0180891 0.0204833
1.85 0.0109346 0.0175883 0.0207102
1.86 0.0122386 0.016997 0.0209447
1.87 0.0135149 0.0163165 0.0211868
1.88 0.0147574 0.0155473 0.021436
1.89 0.0159598 0.0146911 0.021692
1.9 0.017115 0.0137503 0.0219544
1.91 0.0182175 0.0127274 0.022223
1.92 0.019261 0.0116249 0.0224972
1.93 0.0202393 0.0104464 0.0227762
1.94 0.0211467 0.00919521 0.0230594
1.95 0.0219774 0.00787594 0.023346
1.96 0.0227262 0.00649297 0.0236355
1.97 0.0233878 0.00505135 0.023927
1.98 0.0239577 0.0035557 0.0242201
1.99 0.024431 0.0020123 0.0245137
2 0.0248036 0.000426947 0.0248072
2.01 0.0250721 -0.00119444 0.0251006
2.02 0.0252328 -0.0028447 0.0253926
2.03 0.0252828 -0.00451742 0.0256832
2.04 0.02522 -0.00620547 0.0259722
2.05 0.0250418 -0.00790129 0.0262588
2.06 0.0247473 -0.00959783 0.0265433
2.07 0.0243348 -0.0112873 0.0268251
2.08 0.0238042 -0.0129619 0.0271045
2.09 0.0231554 -0.0146136 0.0273812
2.1 0.0223892 -0.0162353 0.0276561
2.11 0.0215065 -0.0178185 0.0279289
2.12 0.0205086 -0.0193553 0.0281998
2.13 0.0193983 -0.0208382 0.0284697
2.14 0.0181782 -0.0222589 0.0287386
2.15 0.0168517 -0.0236103 0.0290073
2.16 0.0154226 -0.0248852 0.0292768
2.17 0.013895 -0.0260756 0.0295467
2.18 0.0122742 -0.027175 0.0298184
2.19 0.0105656 -0.0281765 0.0300923
2.2 0.00877519 -0.029074 0.0303694
2.21 0.00690925 -0.029861 0.0306499
2.22 0.00497473 -0.0305322 0.0309348
2.23 0.00297916 -0.031082 0.0312244
2.24 0.000930009 -0.0315054 0.0315191
2.25 -0.00116434 -0.0317986 0.0318199
2.26 -0.00329555 -0.0319571 0.0321266
2.27 -0.00545468 -0.0319778 0.0324396
2.28 -0.00763265 -0.0318583 0.0327599
2.29 -0.00982025 -0.0315958 0.0330867
2.3 -0.0120079 -0.031189 0.0334207
2.31 -0.0141856 -0.0306367 0.0337614
2.32 -0.0163435 -0.0299388 0.0341092
2.33 -0.0184716 -0.0290953 0.0344635
2.34 -0.0205604 -0.0281074 0.0348246
2.35 -0.0225992 -0.0269763 0.0351916
2.36 -0.0245782 -0.0257041 0.0355639
2.37 -0.0264874 -0.0242946 0.0359418
2.38 -0.0283173 -0.0227507 0.0363245
2.39 -0.0300581 -0.0210766 0.0367112
2.4 -0.0317006 -0.0192778 0.037102
2.41 -0.0332353 -0.017359 0.0374956
2.42 -0.0346536 -0.0153272 0.0378919
2.43 -0.0359472 -0.0131887 0.0382902
2.44 -0.037108 -0.0109511 0.0386902
2.45 -0.0381282 -0.00862212 0.039091
2.46 -0.0390011 -0.00621055 0.0394925
2.47 -0.0397199 -0.00372546 0.0398943
2.48 -0.0402786 -0.0011758 0.0402958
2.49 -0.0406719 0.00142769 0.0406969
2.5 -0.0408949 0.00407472 0.0410974
2.51 -0.0409437 0.00675503 0.0414972
2.52 -0.0408151 0.00945678 0.0418963
2.53 -0.040506 0.0121693 0.0422945
2.54 -0.0400145 0.0148805 0.0426918
2.55 -0.0393399 0.0175785 0.0430886
2.56 -0.0384819 0.0202512 0.0434852
2.57 -0.0374406 0.0228869 0.0438818
2.58 -0.0362174 0.0254733 0.0442786
2.59 -0.0348144 0.0279978 0.0446758
2.6 -0.0332345 0.0304488 0.0450739
2.61 -0.0314817 0.0328139 0.0454736
2.62 -0.0295604 0.0350813 0.045875
2.63 -0.0274756 0.03724 0.0462788
2.64 -0.0252343 0.0392777 0.0466852
2.65 -0.0228428 0.0411841 0.0470949
2.66 -0.0203092 0.0429486 0.0475083
2.67 -0.0176419 0.0445606 0.0479258
2.68 -0.0148503 0.0460107 0.0483478
2.69 -0.0119441 0.0472897 0.0487748
2.7 -0.00893411 0.0483892 0.0492071
2.71 -0.00583148 0.049301 0.0496447
2.72 -0.00264774 0.050018 0.0500881
2.73 0.000604244 0.0505337 0.0505373
2.74 0.00391144 0.0508423 0.0509925
2.75 0.00726147 0.0509394 0.0514543
2.76 0.0106396 0.0508202 0.051922
2.77 0.0140324 0.0504817 0.0523957
2.78 0.017425 0.0499218 0.0528755
2.79 0.020803 0.049139 0.0533611
2.8 0.0241516 0.0481329 0.0538523
2.81 0.0274562 0.0469036 0.0543488
2.82 0.0307015 0.0454531 0.0548504
2.83 0.0338725 0.0437834 0.0553564
2.84 0.0369547 0.0418983 0.055867
2.85 0.0399334 0.039802 0.0563816
2.86 0.0427934 0.0375001 0.0568993
2.87 0.0455215 0.034999 0.0574207
2.88 0.0481031 0.032306 0.0579446
2.89 0.050525 0.0294292 0.0584709
2.9 0.0527742 0.026378 0.0589993
2.91 0.0548381 0.0231624 0.0595291
2.92 0.0567049 0.0197938 0.0600603
2.93 0.0583638 0.0162835 0.0605928
2.94 0.0598041 0.0126443 0.0611262
2.95 0.0610156 0.00888947 0.0616597
2.96 0.0619898 0.00503332 0.0621938
2.97 0.062719 0.00109053 0.0627285
2.98 0.0631954 -0.00292358 0.063263
2.99 0.0634138 -0.00699347 0.0637983
3 0.0633684 -0.0111024 0.0643336
3.01 0.0630553 -0.0152337 0.0648694
3.02 0.062472 -0.0193702 0.0654061
3.03 0.0616162 -0.0234946 0.0659436
3.04 0.0604874 -0.0275892 0.0664822
3.05 0.059086 -0.0316361 0.0670224
3.06 0.0574138 -0.0356177 0.0675645
3.07 0.0554733 -0.0395158 0.0681086
3.08 0.0532683 -0.043313 0.0686551
3.09 0.0508047 -0.0469914 0.0692048
3.1 0.048088 -0.0505335 0.0697574
3.11 0.0451266 -0.0539229 0.0703142
3.12 0.0419286 -0.0571425 0.070875
3.13 0.0385035 -0.0601759 0.07144
3.14 0.034863 -0.0630078 0.0720098
3.15 0.0310188 -0.0656231 0.0725848
3.16 0.0269837 -0.0680074 0.0731651
3.17 0.0227718 -0.0701474 0.073751
3.18 0.018398 -0.07203 0.0743425
3.19 0.0138783 -0.0736435 0.0749398
3.2 0.00922934 -0.0749771 0.075543
3.21 0.00446894 -0.0760212 0.0761524
3.22 -0.000385191 -0.0767663 0.0767672
3.23 -0.00531368 -0.0772056 0.0773882
3.24 -0.0102971 -0.0773322 0.0780147
3.25 -0.0153159 -0.0771408 0.0786466
3.26 -0.0203492 -0.0766277 0.0792836
3.27 -0.0253764 -0.07579 0.0799255
3.28 -0.0303763 -0.0746265 0.0805719
3.29 -0.035328 -0.0731373 0.0812227
3.3 -0.0402101 -0.0713235 0.0818774
3.31 -0.0450012 -0.0691879 0.0825353
3.32 -0.0496799 -0.0667345 0.0831961
3.33 -0.0542252 -0.0639696 0.0838599
3.34 -0.0586164 -0.0608989 0.0845255
3.35 -0.0628332 -0.0575316 0.0851933
3.36 -0.0668552 -0.053877 0.0858624
3.37 -0.0706634 -0.0499458 0.0865326
3.38 -0.0742385 -0.0457508 0.0872037
3.39 -0.0775629 -0.0413054 0.0878757
3.4 -0.0806189 -0.036624 0.0885478
3.41 -0.0833902 -0.031723 0.0892204
3.42 -0.0858614 -0.0266193 0.089893
3.43 -0.088018 -0.021331 0.0905659
3.44 -0.0898466 -0.015877 0.0912386
3.45 -0.0913351 -0.0102784 0.0919117
3.46 -0.0924727 -0.00455508 0.0925848
3.47 -0.09325 0.00127062 0.0932587
3.48 -0.0936587 0.00717615 0.0939332
3.49 -0.0936918 0.013139 0.0946086
3.5 -0.0933442 0.0191346 0.0952852
3.51 -0.0926122 0.0251391 0.0959635
3.52 -0.0914935 0.0311285 0.0966439
3.53 -0.0899873 0.0370777 0.0973266
3.54 -0.0880944 0.0429619 0.098012
3.55 -0.0858176 0.048756 0.0987006
3.56 -0.0831607 0.0544354 0.0993928
3.57 -0.0801301 0.0599749 0.100089
3.58 -0.0767324 0.0653504 0.10079
3.59 -0.072977 0.0705377 0.101495
3.6 -0.0688747 0.0755126 0.102205
3.61 -0.0644371 0.0802528 0.102921
3.62 -0.059678 0.0847353 0.103641
3.63 -0.0546128 0.0889383 0.104368
3.64 -0.0492579 0.0928415 0.105099
3.65 -0.0436314 0.0964248 0.105837
3.66 -0.0377523 0.0996696 0.10658
3.67 -0.0316416 0.102558 0.107328
3.68 -0.0253205 0.105074 0.108082
3.69 -0.018813 0.107202 0.10884
3.7 -0.0121421 0.108928 0.109603
3.71 -0.00533289 0.110242 0.11037
3.72 0.00158844 0.11113 0.111142
3.73 0.00859581 0.111586 0.111916
3.74 0.0156618 0.111601 0.112694
3.75 0.0227585 0.111169 0.113475
3.76 0.0298579 0.110288 0.114258
3.77 0.0369312 0.108954 0.115043
3.78 0.0439497 0.107167 0.115829
3.79 0.0508843 0.104929 0.116616
3.8 0.0577066 0.102243 0.117404
3.81 0.0643868 0.0991146 0.118192
3.82 0.070897 0.0955503 0.11898
3.83 0.0772092 0.0915596 0.119768
3.84 0.0832951 0.0871528 0.120556
3.85 0.089128 0.0823426 0.121343
3.86 0.0946812 0.0771434 0.12213
3.87 0.0999289 0.0715716 0.122916
3.88 0.104847 0.0656446 0.123702
3.89 0.109412 0.0593821 0.124488
3.9 0.1136 0.0528047 0.125273
3.91 0.117392 0.0459356 0.126059
3.92 0.120767 0.038798 0.126846
3.93 0.123706 0.031418 0.127633
3.94 0.126193 0.0238216 0.128422
3.95 0.128213 0.016037 0.129212
3.96 0.129752 0.008093 0.130005
3.97 0.130799 1.9097e-05 0.130799
3.98 0.131344 -0.00815411 0.131597
3.99 0.131378 -0.0163947 0.132397
4 0.130896 -0.0246711 0.133201
4.01 0.129894 -0.0329508 0.134008
4.02 0.12837 -0.041201 0.13482
4.03 0.126324 -0.0493884 0.135635
4.04 0.123758 -0.0574799 0.136455
4.05 0.120677 -0.0654422 0.137279
4.06 0.117086 -0.0732424 0.138107
4.07 0.112996 -0.0808479 0.13894
4.08 0.108415 -0.0882261 0.139777
4.09 0.103357 -0.0953455 0.140618
4.1 0.0978365 -0.102175 0.141463
4.11 0.0918699 -0.108685 0.142311
4.12 0.0854764 -0.114845 0.143163
4.13 0.0786762 -0.120628 0.144018
4.14 0.0714918 -0.126007 0.144875
4.15 0.063947 -0.130956 0.145735
4.16 0.0560677 -0.135451 0.146597
4.17 0.0478814 -0.139469 0.14746
4.18 0.0394168 -0.14299 0.148323
4.19 0.0307044 -0.145994 0.149188
4.2 0.0217754 -0.148465 0.150053
4.21 0.0126626 -0.150386 0.150918
4.22 0.00340001 -0.151745 0.151783
4.23 -0.00597775 -0.15253 0.152647
4.24 -0.0154355 -0.152732 0.15351
4.25 -0.0249368 -0.152345 0.154372
4.26 -0.0344452 -0.151363 0.155233
4.27 -0.0439233 -0.149785 0.156092
4.28 -0.0533345 -0.147611 0.156951
4.29 -0.0626408 -0.144843 0.157808
4.3 -0.071805 -0.141485 0.158663
4.31 -0.08079 -0.137546 0.159518
4.32 -0.0895592 -0.133034 0.160371
4.33 -0.098076 -0.127962 0.161224
4.34 -0.106305 -0.122343 0.162076
4.35 -0.114212 -0.116194 0.162928
4.36 -0.121762 -0.109534 0.16378
4.37 -0.128923 -0.102384 0.164632
4.38 -0.135663 -0.0947669 0.165485
4.39 -0.141952 -0.0867071 0.166338
4.4 -0.147761 -0.0782321 0.167193
4.41 -0.153064 -0.0693708 0.16805
4.42 -0.157834 -0.0601533 0.168908
4.43 -0.162048 -0.0506127 0.169768
4.44 -0.165685 -0.0407826 0.170631
4.45 -0.168726 -0.0306979 0.171495
4.46 -0.171152 -0.0203957 0.172363
4.47 -0.172949 -0.00991336 0.173233
4.48 -0.174104 0.000710157 0.174106
4.49 -0.174607 0.0114349 0.174981
4.5 -0.17445 0.0222208 0.175859
4.51 -0.173626 0.033027 0.176739
4.52 -0.172134 0.0438118 0.177622
4.53 -0.169973 0.0545336 0.178507
4.54 -0.167144 0.0651507 0.179393
4.55 -0.163654 0.0756213 0.180281
4.56 -0.159509 0.0859038 0.18117
4.57 -0.15472 0.0959572 0.18206
4.58 -0.149299 0.105741 0.182952
4.59 -0.143261 0.115215 0.183843
4.6 -0.136624 0.124341 0.184734
4.61 -0.129409 0.13308 0.185626
4.62 -0.121637 0.141396 0.186516
4.63 -0.113334 0.149253 0.187406
4.64 -0.104527 0.156617 0.188294
4.65 -0.0952443 0.163457 0.189182
4.66 -0.0855184 0.169741 0.190067
4.67 -0.0753823 0.175441 0.19095
4.68 -0.0648714 0.18053 0.191832
4.69 -0.0540218 0.184984 0.192711
4.7 -0.0428727 0.188781 0.193588
4.71 -0.0314639 0.1919 0.194463
4.72 -0.019836 0.194325 0.195335
4.73 -0.00803207 0.196041 0.196205
4.74 0.00390487 0.197034 0.197073
4.75 0.0159304 0.197297 0.197939
4.76 0.0279999 0.196821 0.198803
4.77 0.0400678 0.195603 0.199665
4.78 0.0520887 0.193642 0.200525
4.79 0.0640162 0.190939 0.201384
4.8 0.0758047 0.187498 0.202242
4.81 0.0874087 0.183328 0.203099
4.82 0.098783 0.178437 0.203955
4.83 0.109882 0.172839 0.204811
4.84 0.120663 0.16655 0.205666
4.85 0.131083 0.159589 0.206522
4.86 0.141098 0.151975 0.207377
4.87 0.150669 0.143734 0.208232
4.88 0.159757 0.134892 0.209088
4.89 0.168322 0.125476 0.209945
4.9 0.17633 0.11552 0.210801
4.91 0.183746 0.105055 0.211658
4.92 0.190538 0.0941179 0.212516
4.93 0.196676 0.0827461 0.213374
4.94 0.202132 0.0709793 0.214233
4.95 0.206881 0.0588589 0.215091
4.96 0.2109 0.0464272 0.21595
4.97 0.214168 0.0337292 0.216808
4.98 0.216669 0.0208103 0.217666
4.99 0.218386 0.00771716 0.218523
5 0.21931 -0.00550241 0.219379
5.01 0.21943 -0.0187998 0.220234
5.02 0.21874 -0.0321259 0.221087
5.03 0.217238 -0.0454316 0.221938
5.04 0.214924 -0.0586664 0.222787
5.05 0.2118 -0.0717811 0.223633
5.06 0.207874 -0.0847259 0.224477
5.07 0.203154 -0.0974513 0.225318
5.08 0.197652 -0.109909 0.226156
5.09 0.191384 -0.122051 0.22699
5.1 0.184369 -0.133829 0.227821
5.11 0.176627 -0.145199 0.228648
5.12 0.168182 -0.156114 0.229471
5.13 0.159062 -0.166533 0.230291
5.14 0.149295 -0.176412 0.231106
5.15 0.138914 -0.185712 0.231918
5.16 0.127954 -0.194395 0.232727
5.17 0.116451 -0.202425 0.233531
5.18 0.104444 -0.209769 0.234333
5.19 0.0919761 -0.216395 0.235131
5.2 0.0790885 -0.222275 0.235926
5.21 0.0658271 -0.227381 0.236718
5.22 0.0522387 -0.231692 0.237508
5.23 0.0383711 -0.235185 0.238295
5.24 0.024274 -0.237844 0.23908
5.25 0.00999776 -0.239654 0.239863
5.26 -0.00440601 -0.240604 0.240645
5.27 -0.0188853 -0.240685 0.241424
5.28 -0.0333868 -0.239891 0.242203
5.29 -0.0478577 -0.238221 0.242981
5.3 -0.0622449 -0.235676 0.243758
5.31 -0.0764943 -0.232261 0.244533
5.32 -0.0905539 -0.227983 0.245308
5.33 -0.104371 -0.222852 0.246082
5.34 -0.117893 -0.216885 0.246855
5.35 -0.131069 -0.210096 0.247628
5.36 -0.143849 -0.202508 0.248399
5.37 -0.156185 -0.194143 0.249169
5.38 -0.168028 -0.185028 0.249938
5.39 -0.179334 -0.175192 0.250705
5.4 -0.190057 -0.164668 0.25147
5.41 -0.200156 -0.15349 0.252233
5.42 -0.209591 -0.141695 0.252994
5.43 -0.218324 -0.129324 0.253752
5.44 -0.22632 -0.116419 0.254507
5.45 -0.233545 -0.103023 0.255259
5.46 -0.239971 -0.0891832 0.256007
5.47 -0.245569 -0.0749474 0.256751
5.48 -0.250315 -0.0603655 0.257491
5.49 -0.254188 -0.0454886 0.258227
5.5 -0.25717 -0.0303695 0.258957
5.51 -0.259245 -0.015061 0.259682
5.52 -0.260402 0.00038162 0.260403
5.53 -0.260633 0.0159033 0.261117
5.54 -0.259931 0.0314487 0.261827
5.55 -0.258296 0.0469611 0.26253
5.56 -0.255729 0.0623848 0.263229
5.57 -0.252236 0.0776639 0.263922
5.58 -0.247824 0.0927421 0.264609
5.59 -0.242506 0.107565 0.265291
5.6 -0.236298 0.122077 0.265969
5.61 -0.229216 0.136226 0.266641
5.62 -0.221284 0.149958 0.267309
5.63 -0.212526 0.163223 0.267972
5.64 -0.20297 0.175971 0.268631
5.65 -0.192648 0.188154 0.269287
5.66 -0.181593 0.199726 0.269938
5.67 -0.169842 0.210643 0.270586
5.68 -0.157435 0.220863 0.271231
5.69 -0.144413 0.230348 0.271874
5.7 -0.130821 0.239059 0.272513
5.71 -0.116705 0.246963 0.27315
5.72 -0.102113 0.254029 0.273784
5.73 -0.0870964 0.260228 0.274416
5.74 -0.071707 0.265535 0.275046
5.75 -0.0559983 0.269926 0.275674
5.76 -0.0400252 0.273385 0.276299
5.77 -0.0238441 0.275893 0.276922
5.78 -0.00751116 0.27744 0.277542
5.79 0.00891511 0.278016 0.278159
5.8 0.0253767 0.277615 0.278773
5.81 0.0418157 0.276237 0.279384
5.82 0.0581729 0.273882 0.279991
5.83 0.0743902 0.270554 0.280595
5.84 0.0904096 0.266264 0.281194
5.85 0.106173 0.261022 0.281789
5.86 0.121625 0.254844 0.282379
5.87 0.136708 0.247749 0.282964
5.88 0.15137 0.239759 0.283544
5.89 0.165555 0.2309 0.284118
5.9 0.179213 0.2212 0.284687
5.91 0.192293 0.210691 0.285249
5.92 0.204748 0.199407 0.285806
5.93 0.216532 0.187386 0.286356
5.94 0.227602 0.174669 0.2869
5.95 0.237916 0.161297 0.287438
5.96 0.247436 0.147316 0.28797
5.97 0.256125 0.132775 0.288495
5.98 0.263953 0.117721 0.289014
5.99 0.270887 0.102207 0.289528
6 0.276903 0.0862867 0.290035
6.01 0.281975 0.0700143 0.290537
6.02 0.286084 0.0534459 0.291034
6.03 0.289214 0.0366388 0.291525
6.04 0.29135 0.019652 0.292012
6.05 0.292483 0.00254379 0.292494
6.06 0.292606 -0.0146255 0.292971
6.07 0.291716 -0.0317963 0.293444
6.08 0.289816 -0.0489087 0.293914
6.09 0.286907 -0.0659023 0.294379
6.1 0.282999 -0.0827175 0.29484
6.11 0.278103 -0.0992953 0.295298
6.12 0.272234 -0.115578 0.295752
6.13 0.26541 -0.131506 0.296203
6.14 0.257653 -0.147025 0.29665
6.15 0.248988 -0.16208 0.297094
6.16 0.239443 -0.176617 0.297534
6.17 0.22905 -0.190584 0.29797
6.18 0.217843 -0.203932 0.298402
6.19 0.20586 -0.216613 0.29883
6.2 0.193141 -0.228582 0.299254
6.21 0.179728 -0.239796 0.299674
6.22 0.165667 -0.250215 0.300088
6.23 0.151005 -0.2598 0.300497
6.24 0.135792 -0.268519 0.300902
6.25 0.12008 -0.276338 0.3013
6.26 0.103922 -0.283229 0.301693
6.27 0.0873733 -0.289167 0.302079
6.28 0.0704908 -0.29413 0.302459
6.29 0.0533315 -0.2981 0.302833
6.3 0.0359545 -0.30106 0.303199
6.31 0.0184198 -0.302999 0.303559
6.32 0.000786705 -0.30391 0.303911
6.33 -0.0168837 -0.303788 0.304257
6.34 -0.0345311 -0.302631 0.304595
6.35 -0.0520942 -0.300443 0.304926
6.36 -0.0695133 -0.297229 0.305249
6.37 -0.0867279 -0.292999 0.305566
6.38 -0.103679 -0.287768 0.305875
6.39 -0.120308 -0.28155 0.306177
6.4 -0.136558 -0.274367 0.306473
6.41 -0.152372 -0.266243 0.306762
6.42 -0.167697 -0.257204 0.307044
6.43 -0.182479 -0.24728 0.307321
6.44 -0.196667 -0.236504 0.307591
6.45 -0.210212 -0.224913 0.307856
6.46 -0.223068 -0.212546 0.308116
6.47 -0.23519 -0.199443 0.30837
6.48 -0.246536 -0.185649 0.308619
6.49 -0.257067 -0.171211 0.308863
6.5 -0.266746 -0.156178 0.309103
6.51 -0.27554 -0.140599 0.309338
6.52 -0.283418 -0.124528 0.309569
6.53 -0.290353 -0.10802 0.309796
6.54 -0.296322 -0.0911286 0.310018
6.55 -0.301302 -0.0739133 0.310236
6.56 -0.305278 -0.0564312 0.31045
6.57 -0.308234 -0.0387419 0.310659
6.58 -0.310161 -0.020905 0.310865
6.59 -0.311051 -0.00298109 0.311065
6.6 -0.310901 0.0149696 0.311262
6.61 -0.309712 0.0328858 0.311453
6.62 -0.307487 0.050707 0.31164
6.63 -0.304233 0.0683734 0.311821
6.64 -0.299961 0.085825 0.311997
6.65 -0.294685 0.103003 0.312168
6.66 -0.288423 0.119849 0.312333
6.67 -0.281196 0.136307 0.312491
6.68 -0.273028 0.152321 0.312644
6.69 -0.263947 0.167838 0.31279
6.7 -0.253983 0.182805 0.31293
6.71 -0.24317 0.197172 0.313063
6.72 -0.231544 0.21089 0.313189
6.73 -0.219144 0.223915 0.313308
6.74 -0.206012 0.236202 0.313421
6.75 -0.192192 0.24771 0.313526
6.76 -0.177731 0.258402 0.313624
6.77 -0.162677 0.268241 0.313715
6.78 -0.14708 0.277195 0.313799
6.79 -0.130994 0.285235 0.313876
6.8 -0.114472 0.292333 0.313947
6.81 -0.0975686 0.298468 0.314011
6.82 -0.0803413 0.303618 0.314068
6.83 -0.0628478 0.307767 0.314118
6.84 -0.0451458 0.310903 0.314163
6.85 -0.0272948 0.313014 0.314202
6.86 -0.00935443 0.314095 0.314235
6.87 0.0086157 0.314143 0.314262
6.88 0.0265561 0.31316 0.314283
6.89 0.0444064 0.311147 0.3143
6.9 0.0621086 0.308114 0.314311
6.91 0.0796028 0.304071 0.314318
6.92 0.096832 0.299032 0.31432
6.93 0.113739 0.293016 0.314317
6.94 0.130269 0.286042 0.314309
6.95 0.146366 0.278135 0.314296
6.96 0.161978 0.269323 0.314279
6.97 0.177054 0.259634 0.314258
6.98 0.191545 0.249102 0.314232
6.99 0.205403 0.237763 0.3142
7 0.218584 0.225655 0.314164
7.01 0.231044 0.212819 0.314123
7.02 0.242744 0.199297 0.314077
7.03 0.253646 0.185136 0.314025
7.04 0.263715 0.170383 0.313969
7.05 0.27292 0.155087 0.313906
7.06 0.28123 0.139298 0.313838
7.07 0.28862 0.12307 0.313764
7.08 0.295067 0.106456 0.313683
7.09 0.300551 0.0895113 0.313597
7.1 0.305056 0.0722918 0.313504
7.11 0.308567 0.0548543 0.313405
7.12 0.311076 0.0372557 0.313299
7.13 0.312576 0.0195548 0.313187
7.14 0.313063 0.0018085 0.313069
7.15 0.312538 -0.0159245 0.312943
7.16 0.311004 -0.0335866 0.312812
7.17 0.308467 -0.0511203 0.312674
7.18 0.304937 -0.068469 0.31253
7.19 0.300429 -0.0855761 0.312379
7.2 0.294958 -0.102387 0.312223
7.21 0.288543 -0.118847 0.312061
7.22 0.281209 -0.134903 0.311893
7.23 0.27298 -0.150505 0.31172
7.24 0.263884 -0.165602 0.311542
7.25 0.253953 -0.180146 0.31136
7.26 0.243221 -0.194092 0.311172
7.27 0.231725 -0.207395 0.31098
7.28 0.219502 -0.220013 0.310784
7.29 0.206595 -0.231908 0.310584
7.3 0.193046 -0.243042 0.310381
7.31 0.178901 -0.253381 0.310174
7.32 0.164207 -0.262894 0.309963
7.33 0.149012 -0.271551 0.309749
7.34 0.133366 -0.279326 0.309531
7.35 0.117323 -0.286197 0.309311
7.36 0.100932 -0.292143 0.309087
7.37 0.084249 -0.297147 0.30886
7.38 0.0673278 -0.301196 0.308629
7.39 0.0502233 -0.304278 0.308395
7.4 0.0329911 -0.306387 0.308158
7.41 0.0156872 -0.307517 0.307917
7.42 -0.00163321 -0.307667 0.307672
7.43 -0.0189139 -0.306841 0.307423
7.44 -0.0361002 -0.305041 0.30717
7.45 -0.0531368 -0.302277 0.306912
7.46 -0.0699696 -0.298561 0.30665
7.47 -0.0865453 -0.293906 0.306383
7.48 -0.102812 -0.288329 0.306111
7.49 -0.118718 -0.281852 0.305834
7.5 -0.134213 -0.274497 0.305551
7.51 -0.14925 -0.266289 0.305263
7.52 -0.163781 -0.257259 0.304969
7.53 -0.177762 -0.247436 0.30467
7.54 -0.19115 -0.236853 0.304365
7.55 -0.203904 -0.225548 0.304054
7.56 -0.215985 -0.213558 0.303737
7.57 -0.227356 -0.200923 0.303415
7.58 -0.237984 -0.187685 0.303087
7.59 -0.247838 -0.173888 0.302755
7.6 -0.256887 -0.159577 0.302417
7.61 -0.265107 -0.1448 0.302074
7.62 -0.272473 -0.129604 0.301726
7.63 -0.278964 -0.11404 0.301374
7.64 -0.284564 -0.0981567 0.301017
7.65 -0.289257 -0.0820066 0.300657
7.66 -0.293031 -0.0656408 0.300293
7.67 -0.295877 -0.0491127 0.299925
7.68 -0.297789 -0.0324743 0.299555
7.69 -0.298765 -0.0157788 0.299181
7.7 -0.298804 0.000920909 0.298805
7.71 -0.297909 0.0175722 0.298427
7.72 -0.296086 0.0341223 0.298045
7.73 -0.293344 0.05052 0.297662
7.74 -0.289695 0.0667138 0.297277
7.75 -0.285152 0.0826533 0.29689
7.76 -0.279735 0.0982894 0.2965
7.77 -0.273462 0.113574 0.296109
7.78 -0.266356 0.12846 0.295715
7.79 -0.258443 0.142902 0.295319
7.8 -0.249749 0.156856 0.294921
7.81 -0.240306 0.17028 0.29452
7.82 -0.230144 0.183134 0.294116
7.83 -0.219299 0.195381 0.29371
7.84 -0.207807 0.206982 0.293301
7.85 -0.195706 0.217906 0.292889
7.86 -0.183037 0.228119 0.292474
7.87 -0.16984 0.237593 0.292055
7.88 -0.156158 0.2463 0.291632
7.89 -0.142037 0.254217 0.291206
7.9 -0.127522 0.261321 0.290776
7.91 -0.11266 0.267594 0.290343
7.92 -0.0974975 0.273019 0.289905
7.93 -0.0820837 0.277582 0.289464
7.94 -0.0664674 0.281272 0.289019
7.95 -0.0506974 0.284082 0.288571
7.96 -0.0348241 0.286006 0.288118
7.97 -0.0188966 0.287041 0.287663
7.98 -0.00296447 0.287188 0.287204
7.99 0.0129223 0.28645 0.286742
8 0.0287151 0.284832 0.286276
8.01 0.0443654 0.282344 0.285809
8.02 0.0598247 0.278996 0.285338
8.03 0.0750466 0.274802 0.284865
8.04 0.0899842 0.269779 0.28439
8.05 0.104593 0.263945 0.283913
8.06 0.118828 0.257322 0.283434
8.07 0.132649 0.249934 0.282953
8.08 0.146013 0.241806 0.282471
8.09 0.158881 0.232967 0.281987
8.1 0.171216 0.223447 0.281502
8.11 0.182982 0.213278 0.281016
8.12 0.194143 0.202495 0.280527
8.13 0.20467 0.191132 0.280038
8.14 0.214532 0.179229 0.279547
8.15 0.223701 0.166822 0.279055
8.16 0.232152 0.153954 0.278561
8.17 0.239862 0.140665 0.278065
8.18 0.24681 0.126998 0.277568
8.19 0.252979 0.112997 0.277068
8.2 0.258353 0.0987062 0.276567
8.21 0.262918 0.0841707 0.276063
8.22 0.266665 0.069436 0.275557
8.23 0.269584 0.0545484 0.275048
8.24 0.271672 0.0395544 0.274536
8.25 0.272924 0.0244995 0.274021
8.26 0.273341 0.00943137 0.273504
8.27 0.272925 -0.00560493 0.272983
8.28 0.271682 -0.020563 0.272459
8.29 0.269617 -0.0353978 0.271931
8.3 0.266743 -0.0500638 0.271401
8.31 0.263071 -0.0645179 0.270867
8.32 0.258615 -0.0787164 0.27033
8.33 0.253394 -0.0926173 0.269789
8.34 0.247426 -0.10618 0.269246
8.35 0.240732 -0.119364 0.2687
8.36 0.233338 -0.132131 0.268152
8.37 0.225268 -0.144444 0.267601
8.38 0.216552 -0.156268 0.267047
8.39 0.207216 -0.167569 0.266492
8.4 0.197294 -0.178316 0.265935
8.41 0.186818 -0.188477 0.265376
8.42 0.175824 -0.198025 0.264817
8.43 0.164345 -0.206934 0.264255
8.44 0.152421 -0.215179 0.263693
8.45 0.140089 -0.222739 0.26313
8.46 0.127389 -0.229594 0.262567
8.47 0.11436 -0.235727 0.262003
8.48 0.101046 -0.241122 0.261439
8.49 0.0874861 -0.245767 0.260874
8.5 0.073724 -0.249651 0.260309
8.51 0.0598022 -0.252766 0.259744
8.52 0.0457637 -0.255106 0.259178
8.53 0.0316515 -0.256668 0.258612
8.54 0.0175092 -0.257451 0.258046
8.55 0.00337954 -0.257457 0.257479
8.56 -0.0106946 -0.256689 0.256911
8.57 -0.0246709 -0.255153 0.256343
8.58 -0.0385073 -0.252858 0.255773
8.59 -0.0521631 -0.249814 0.255202
8.6 -0.0655973 -0.246036 0.25463
8.61 -0.0787709 -0.241535 0.254056
8.62 -0.0916453 -0.236333 0.25348
8.63 -0.104183 -0.230445 0.252901
8.64 -0.116347 -0.223895 0.252321
8.65 -0.128104 -0.216705 0.251737
8.66 -0.139419 -0.208901 0.251152
8.67 -0.150261 -0.200508 0.250563
8.68 -0.1606 -0.191556 0.249971
8.69 -0.170406 -0.182073 0.249377
8.7 -0.179654 -0.172092 0.24878
8.71 -0.188318 -0.161645 0.248179
8.72 -0.196375 -0.150766 0.247576
8.73 -0.203804 -0.139491 0.246969
8.74 -0.210586 -0.127854 0.24636
8.75 -0.216704 -0.115894 0.245748
8.76 -0.222143 -0.103647 0.245133
8.77 -0.22689 -0.0911528 0.244516
8.78 -0.230935 -0.0784497 0.243896
8.79 -0.234269 -0.0655772 0.243274
8.8 -0.236886 -0.0525751 0.24265
8.81 -0.238783 -0.0394832 0.242025
8.82 -0.239957 -0.0263413 0.241398
8.83 -0.240408 -0.0131895 0.240769
8.84 -0.24014 -6.70047e-05 0.24014
8.85 -0.239157 0.0129861 0.239509
8.86 -0.237466 0.0259318 0.238878
8.87 -0.235077 0.0387312 0.238246
8.88 -0.231999 0.0513467 0.237613
8.89 -0.228247 0.0637413 0.23698
8.9 -0.223835 0.0758791 0.236347
8.91 -0.21878 0.0877248 0.235713
8.92 -0.213102 0.0992445 0.235078
8.93 -0.20682 0.110405 0.234443
8.94 -0.199957 0.121176 0.233808
8.95 -0.192536 0.131526 0.233172
8.96 -0.184584 0.141427 0.232536
8.97 -0.176128 0.150852 0.231899
8.98 -0.167195 0.159775 0.231262
8.99 -0.157815 0.168172 0.230623
9 -0.148018 0.176021 0.229984
9.01 -0.137838 0.183301 0.229344
9.02 -0.127306 0.189995 0.228703
9.03 -0.116455 0.196086 0.22806
9.04 -0.105322 0.201558 0.227416
9.05 -0.0939396 0.206399 0.226771
9.06 -0.0823443 0.210599 0.226125
9.07 -0.0705727 0.214147 0.225476
9.08 -0.05866 0.217039 0.224827
9.09 -0.0466438 0.219269 0.224176
9.1 -0.0345601 0.220835 0.223523
9.11 -0.0224457 0.221735 0.222868
9.12 -0.0103369 0.221972 0.222212
9.13 0.00172961 0.221548 0.221555
9.14 0.0137186 0.220469 0.220896
9.15 0.0255942 0.218743 0.220236
9.16 0.0373216 0.216379 0.219574
9.17 0.0488662 0.213387 0.218911
9.18 0.0601954 0.209781 0.218247
9.19 0.0712756 0.205576 0.217582
9.2 0.0820761 0.200787 0.216915
9.21 0.0925659 0.195434 0.216247
9.22 0.102715 0.189535 0.215578
9.23 0.112496 0.183112 0.214908
9.24 0.121882 0.176188 0.214237
9.25 0.130847 0.168787 0.213565
9.26 0.139367 0.160933 0.212891
9.27 0.147419 0.152654 0.212216
9.28 0.154982 0.143977 0.211539
9.29 0.162038 0.13493 0.210861
9.3 0.168567 0.125544 0.210181
9.31 0.174554 0.115849 0.2095
9.32 0.179985 0.105875 0.208816
9.33 0.184848 0.0956541 0.208131
9.34 0.18913 0.0852197 0.207443
9.35 0.192824 0.0746035 0.206753
9.36 0.195923 0.0638385 0.206061
9.37 0.19842 0.0529586 0.205366
9.38 0.200314 0.0419964 0.204669
9.39 0.201602 0.0309854 0.203969
9.4 0.202284 0.0199589 0.203266
9.41 0.202364 0.00894997 0.202561
9.42 0.201843 -0.00200869 0.201853
9.43 0.20073 -0.0128847 0.201144
9.44 0.199031 -0.023646 0.200431
9.45 0.196755 -0.0342618 0.199716
9.46 0.193914 -0.044701 0.199
9.47 0.19052 -0.0549339 0.198282
9.48 0.186587 -0.0649319 0.197562
9.49 0.18213 -0.0746665 0.196841
9.5 0.177168 -0.0841104 0.19612
9.51 0.171718 -0.0932382 0.195398
9.52 0.165801 -0.102025 0.194676
9.53 0.159437 -0.110446 0.193955
9.54 0.15265 -0.11848 0.193235
9.55 0.145462 -0.126107 0.192515
9.56 0.137898 -0.133305 0.191797
9.57 0.129984 -0.140058 0.191081
9.58 0.121746 -0.146348 0.190368
9.59 0.113211 -0.152161 0.189656
9.6 0.104407 -0.157482 0.188948
9.61 0.0953617 -0.1623 0.188242
9.62 0.0861053 -0.166605 0.18754
9.63 0.0766662 -0.170387 0.18684
9.64 0.0670746 -0.173639 0.186144
9.65 0.0573597 -0.176358 0.185451
9.66 0.0475524 -0.178537 0.184761
9.67 0.0376817 -0.180176 0.184074
9.68 0.0277784 -0.181274 0.18339
9.69 0.0178718 -0.181831 0.182707
9.7 0.00799171 -0.181852 0.182027
9.71 -0.00183276 -0.181339 0.181348
9.72 -0.0115726 -0.1803 0.180671
9.73 -0.0212002 -0.178741 0.179994
9.74 -0.030687 -0.176672 0.179317
9.75 -0.0400067 -0.174102 0.17864
9.76 -0.0491324 -0.171045 0.177962
9.77 -0.0580393 -0.167513 0.177282
9.78 -0.066702 -0.16352 0.176601
9.79 -0.0750975 -0.159083 0.175918
9.8 -0.0832033 -0.154219 0.175232
9.81 -0.0909975 -0.148945 0.174543
9.82 -0.0984599 -0.143281 0.17385
9.83 -0.105572 -0.137247 0.173154
9.84 -0.112314 -0.130865 0.172453
9.85 -0.118671 -0.124156 0.171748
9.86 -0.124627 -0.117143 0.171039
9.87 -0.130168 -0.10985 0.170325
9.88 -0.135282 -0.1023 0.169607
9.89 -0.139957 -0.0945189 0.168884
9.9 -0.144184 -0.0865313 0.168157
9.91 -0.147953 -0.0783625 0.167424
9.92 -0.15126 -0.0700385 0.166688
9.93 -0.154097 -0.0615855 0.165947
9.94 -0.156461 -0.0530294 0.165203
9.95 -0.158349 -0.0443961 0.164455
9.96 -0.159761 -0.0357127 0.163704
9.97 -0.160696 -0.0270041 0.162949
9.98 -0.161157 -0.0182968 0.162192
9.99 -0.161146 -0.00961643 0.161433
10 -0.160669 -0.000988029 0.160672
10.01 -0.159731 0.00756377 0.15991
10.02 -0.158339 0.0160144 0.159147
10.03 -0.156502 0.0243399 0.158384
10.04 -0.15423 0.0325177 0.15762
10.05 -0.151533 0.0405249 0.156858
10.06 -0.148423 0.0483399 0.156097
10.07 -0.144914 0.0559422 0.155337
10.08 -0.141021 0.0633116 0.154581
10.09 -0.136757 0.0704286 0.153827
10.1 -0.132139 0.0772761 0.153076
10.11 -0.127185 0.0838356 0.15233
10.12 -0.121912 0.0900922 0.151589
10.13 -0.116338 0.0960304 0.150852
10.14 -0.110483 0.101637 0.150122
10.15 -0.104367 0.106898 0.149398
10.16 -0.0980102 0.111803 0.14868
10.17 -0.0914333 0.116341 0.147971
10.18 -0.0846577 0.120504 0.147269
10.19 -0.077705 0.124282 0.146574
10.2 -0.0705972 0.12767 0.145889
10.21 -0.0633568 0.130662 0.145212
10.22 -0.0560049 0.133254 0.144545
10.23 -0.0485652 0.135442 0.143886
10.24 -0.0410592 0.137226 0.143237
10.25 -0.0335096 0.138604 0.142597
10.26 -0.025938 0.139577 0.141967
10.27 -0.0183671 0.140148 0.141346
10.28 -0.0108181 0.140318 0.140734
10.29 -0.00331262 0.140092 0.140131
10.3 0.00412873 0.139475 0.139536
10.31 0.0114846 0.138474 0.138949
10.32 0.018736 0.137095 0.138369
10.33 0.0258622 0.135347 0.137796
10.34 0.0328455 0.133239 0.137227
10.35 0.0396667 0.130781 0.136664
10.36 0.0463087 0.127984 0.136105
10.37 0.0527543 0.124861 0.135548
10.38 0.0589876 0.121423 0.134993
10.39 0.0649934 0.117684 0.134438
10.4 0.0707571 0.113658 0.133883
10.41 0.0762652 0.10936 0.133326
10.42 0.0815056 0.104804 0.132767
10.43 0.0864655 0.100007 0.132203
10.44 0.0911347 0.094984 0.131634
10.45 0.0955036 0.0897533 0.131059
10.46 0.0995627 0.0843303 0.130477
10.47 0.103305 0.0787331 0.129887
10.48 0.106722 0.0729788 0.129289
10.49 0.10981 0.0670853 0.12868
10.5 0.112562 0.0610703 0.128062
10.51 0.114976 0.0549516 0.127433
10.52 0.117048 0.0487475 0.126794
10.53 0.118777 0.0424761 0.126143
10.54 0.120161 0.0361543 0.125482
10.55 0.121201 0.029801 0.124811
10.56 0.121897 0.0234331 0.124129
10.57 0.122252 0.0170681 0.123438
10.58 0.122268 0.0107234 0.122737
10.59 0.121949 0.0044155 0.122029
10.6 0.1213 -0.00183892 0.121314
10.61 0.120327 -0.00802378 0.120594
10.62 0.119035 -0.0141232 0.11987
10.63 0.117432 -0.0201224 0.119143
10.64 0.115524 -0.026006 0.118415
10.65 0.113322 -0.03176 0.117688
10.66 0.110833 -0.0373708 0.116964
10.67 0.108068 -0.0428257 0.116244
10.68 0.105037 -0.0481109 0.115531
10.69 0.101752 -0.0532161 0.114827
10.7 0.0982225 -0.0581288 0.114134
10.71 0.0944619 -0.062839 0.113454
10.72 0.0904822 -0.0673364 0.112788
10.73 0.0862964 -0.071612 0.11214
10.74 0.0819178 -0.075657 0.11151
10.75 0.0773593 -0.0794642 0.110901
10.76 0.0726353 -0.0830257 0.110314
10.77 0.0677597 -0.0863359 0.109751
10.78 0.0627469 -0.0893883 0.109213
10.79 0.0576108 -0.0921789 0.108701
10.8 0.052367 -0.0947027 0.108217
10.81 0.0470288 -0.0969565 0.10776
10.82 0.041612 -0.0989379 0.107333
10.83 0.0361306 -0.100644 0.106933
10.84 0.0305996 -0.102075 0.106563
10.85 0.0250335 -0.103229 0.106221
10.86 0.0194473 -0.104106 0.105907
10.87 0.0138546 -0.104708 0.10562
10.88 0.00827057 -0.105035 0.10536
10.89 0.00270853 -0.10509 0.105125
10.9 -0.00281679 -0.104876 0.104914
10.91 -0.00829283 -0.104395 0.104724
10.92 -0.0137053 -0.103652 0.104554
10.93 -0.0190414 -0.102651 0.104402
10.94 -0.0242886 -0.101397 0.104266
10.95 -0.0294343 -0.0998968 0.104143
10.96 -0.0344663 -0.098155 0.10403
10.97 -0.039373 -0.0961787 0.103926
10.98 -0.0441433 -0.0939754 0.103827
10.99 -0.0487661 -0.0915517 0.10373
11 -0.0532311 -0.0889164 0.103632
11.01 -0.0575285 -0.0860772 0.103532
11.02 -0.0616488 -0.0830437 0.103425
11.03 -0.0655827 -0.0798237 0.10331
11.04 -0.0693226 -0.0764277 0.103183
11.05 -0.0728591 -0.0728648 0.103042
11.06 -0.0761859 -0.0691452 0.102885
11.07 -0.0792956 -0.0652791 0.102709
11.08 -0.0821819 -0.0612768 0.102512
11.09 -0.0848387 -0.057149 0.102292
11.1 -0.0872614 -0.0529066 0.102047
11.11 -0.0894443 -0.0485602 0.101776
11.12 -0.0913841 -0.0441215 0.101478
11.13 -0.0930763 -0.0396012 0.101151
11.14 -0.094519 -0.0350108 0.100795
11.15 -0.0957086 -0.0303619 0.100409
11.16 -0.0966439 -0.0256648 0.0999937
11.17 -0.0973234 -0.0209322 0.099549
11.18 -0.0977463 -0.0161746 0.0990755
11.19 -0.0979127 -0.0114036 0.0985745
11.2 -0.0978229 -0.00663041 0.0980474
11.21 -0.0974778 -0.00186686 0.0974957
11.22 -0.0968793 0.00287693 0.096922
11.23 -0.0960291 0.00758887 0.0963285
11.24 -0.0949301 0.0122589 0.0957184
11.25 -0.0935854 0.0168753 0.0950947
11.26 -0.0919988 0.0214286 0.0944614
11.27 -0.0901752 0.0259072 0.0938229
11.28 -0.0881182 0.0303019 0.0931828
11.29 -0.0858347 0.0346021 0.0925467
11.3 -0.0833296 0.0387981 0.0919191
11.31 -0.0806097 0.0428804 0.0913053
11.32 -0.0776814 0.04684 0.0907105
11.33 -0.0745529 0.0506673 0.0901405
11.34 -0.0712312 0.0543543 0.0896006
11.35 -0.0677253 0.0578922 0.0890967
11.36 -0.0640434 0.0612734 0.088634
11.37 -0.0601953 0.0644898 0.088218
11.38 -0.0561898 0.0675341 0.087853
11.39 -0.052038 0.0703999 0.0875448
11.4 -0.0477491 0.0730795 0.087296
11.41 -0.0433345 0.0755678 0.0871113
11.42 -0.0388053 0.0778585 0.0869931
11.43 -0.0341725 0.0799464 0.0869436
11.44 -0.0294475 0.0818266 0.0869641
11.45 -0.0246431 0.0834949 0.0870556
11.46 -0.0197707 0.0849468 0.0872171
11.47 -0.0148432 0.0861794 0.0874483
11.48 -0.00987286 0.0871891 0.0877463
11.49 -0.0048727 0.087974 0.0881089
11.5 0.000144271 0.0885313 0.0885315
11.51 0.00516571 0.0888606 0.0890107
11.52 0.0101775 0.0889599 0.0895402
11.53 0.0151672 0.0888291 0.0901147
11.54 0.0201212 0.0884687 0.090728
11.55 0.0250264 0.0878791 0.0913731
11.56 0.0298693 0.0870609 0.0920423
11.57 0.0346375 0.086017 0.0927291
11.58 0.0393169 0.0847485 0.0934244
11.59 0.0438956 0.0832591 0.0941217
11.6 0.04836 0.0815516 0.0948122
11.61 0.0526984 0.0796302 0.0954887
11.62 0.0568972 0.0774997 0.0961431
11.63 0.0609459 0.0751647 0.0967684
11.64 0.0648315 0.0726312 0.0973572
11.65 0.0685428 0.069905 0.0979021
11.66 0.0720687 0.066993 0.0983969
11.67 0.0753988 0.0639023 0.0988357
11.68 0.078522 0.0606408 0.0992119
11.69 0.0814295 0.0572161 0.0995211
11.7 0.084111 0.0536378 0.0997581
11.71 0.0868275 0.0500858 0.100238
11.72 0.0895781 0.0465585 0.100955
11.73 0.0923624 0.043053 0.101904
11.74 0.0951802 0.0395685 0.103077
11.75 0.0980302 0.0361014 0.104466
11.76 0.100912 0.0326508 0.106063
11.77 0.103825 0.0292145 0.107857
11.78 0.106769 0.0257906 0.109839
11.79 0.109741 0.0223773 0.111999
11.8 0.112742 0.0189737 0.114328
11.81 0.11577 0.0155773 0.116813
11.82 0.118824 0.0121876 0.119447
11.83 0.121902 0.00880277 0.122219
11.84 0.125004 0.00542151 0.125121
11.85 0.128127 0.00204306 0.128143
11.86 0.131271 -0.00133404 0.131278
11.87 0.134434 -0.00471004 0.134517
11.88 0.137615 -0.00808655 0.137853
11.89 0.140812 -0.0114634 0.141278
11.9 0.144023 -0.0148416 0.144786
11.91 0.147247 -0.0182215 0.14837
11.92 0.150482 -0.0216037 0.152025
11.93 0.153726 -0.0249877 0.155743
11.94 0.156977 -0.0283745 0.159521
11.95 0.160234 -0.0317634 0.163352
11.96 0.163495 -0.0351549 0.167232
11.97 0.166758 -0.0385477 0.171156
11.98 0.170021 -0.0419427 0.175119
11.99 0.173284 -0.0453384 0.179117
12 0.176542 -0.0487344 0.183145
12.01 0.179795 -0.05213 0.1872
12.02 0.183041 -0.0555242 0.191277
12.03 0.186278 -0.0589156 0.195373
12.04 0.189504 -0.0623041 0.199483
12.05 0.192717 -0.0656871 0.203604
12.06 0.195916 -0.0690639 0.207733
12.07 0.199099 -0.0724329 0.211865
12.08 0.202263 -0.0757921 0.215997
12.09 0.205408 -0.0791398 0.220126
12.1 0.208531 -0.082474 0.224248
12.11 0.21163 -0.0857932 0.228359
12.12 0.214704 -0.0890944 0.232456
12.13 0.217751 -0.0923758 0.236535
12.14 0.22077 -0.0956349 0.240594
12.15 0.223759 -0.0988693 0.244629
12.16 0.226716 -0.102076 0.248636
12.17 0.22964 -0.105253 0.252612
12.18 0.232529 -0.108395 0.256553
12.19 0.235382 -0.111503 0.260457
12.2 0.238198 -0.11457 0.264319
12.21 0.240974 -0.117596 0.268137
12.22 0.24371 -0.120576 0.271907
12.23 0.246405 -0.123506 0.275625
12.24 0.249056 -0.126385 0.279289
12.25 0.251664 -0.129207 0.282894
12.26 0.254226 -0.131969 0.286438
12.27 0.256742 -0.134668 0.289917
12.28 0.259211 -0.137299 0.293328
12.29 0.26163 -0.13986 0.296667
12.3 0.264001 -0.142346 0.299931
12.31 0.266321 -0.144753 0.303117
12.32 0.26859 -0.147077 0.306222
12.33 0.270806 -0.149314 0.309242
12.34 0.27297 -0.151461 0.312175
12.35 0.27508 -0.153513 0.315017
12.36 0.277136 -0.155466 0.317764
12.37 0.279138 -0.157316 0.320416
12.38 0.281084 -0.159058 0.322967
12.39 0.282974 -0.160689 0.325415
12.4 0.284807 -0.162205 0.327759
12.41 0.286584 -0.163601 0.329994
12.42 0.288304 -0.164874 0.332118
12.43 0.289966 -0.166019 0.33413
12.44 0.29157 -0.167032 0.336025
12.45 0.293117 -0.16791 0.337804
12.46 0.294605 -0.168648 0.339462
12.47 0.296036 -0.169242 0.340999
12.48 0.297408 -0.169689 0.342412
12.49 0.298721 -0.169985 0.3437
12.5 0.299977 -0.170127 0.344861
12.51 0.301174 -0.17011 0.345895
12.52 0.302313 -0.169931 0.346799
12.53 0.303395 -0.169586 0.347574
12.54 0.304418 -0.169073 0.348218
12.55 0.305385 -0.168388 0.348732
12.56 0.306294 -0.167527 0.349115
12.57 0.307147 -0.166489 0.349367
12.58 0.307943 -0.165269 0.349489
12.59 0.308683 -0.163865 0.349481
12.6 0.309368 -0.162274 0.349344
12.61 0.309998 -0.160495 0.349081
12.62 0.310573 -0.158523 0.348691
12.63 0.311094 -0.156358 0.348177
12.64 0.311562 -0.153996 0.347542
12.65 0.311976 -0.151437 0.346789
12.66 0.312339 -0.148678 0.34592
12.67 0.312649 -0.145717 0.344939
12.68 0.312908 -0.142553 0.34385
12.69 0.313117 -0.139184 0.342658
12.7 0.313276 -0.135611 0.341368
12.71 0.313385 -0.13183 0.339984
12.72 0.313446 -0.127842 0.338514
12.73 0.313458 -0.123646 0.336963
12.74 0.313423 -0.119241 0.335339
12.75 0.313341 -0.114628 0.333649
12.76 0.313213 -0.109806 0.331903
12.77 0.313039 -0.104774 0.330107
12.78 0.31282 -0.0995349 0.328273
12.79 0.312556 -0.0940872 0.32641
12.8 0.312248 -0.0884326 0.324529
12.81 0.311896 -0.0825714 0.322641
12.82 0.311501 -0.0765054 0.320758
12.83 0.311063 -0.0702352 0.318893
12.84 0.310582 -0.0637631 0.31706
12.85 0.31006 -0.0570904 0.315272
12.86 0.309495 -0.0502196 0.313543
12.87 0.308889 -0.0431519 0.311889
12.88 0.308242 -0.0358912 0.310325
12.89 0.307554 -0.0284388 0.308866
12.9 0.306825 -0.0207982 0.307529
12.91 0.306056 -0.0129724 0.30633
12.92 0.305245 -0.0049646 0.305285
12.93 0.304394 0.00322149 0.304411
12.94 0.303502 0.0115826 0.303723
12.95 0.30257 0.0201141 0.303238
12.96 0.301596 0.0288122 0.302969
12.97 0.300582 0.0376726 0.302933
12.98 0.299526 0.0466905 0.303143
12.99 0.298429 0.0558611 0.303612
13 0.297289 0.06518 0.304351
13.01 0.296108 0.0746406 0.30537
13.02 0.294884 0.084239 0.30668
13.03 0.293616 0.0939685 0.308286
13.04 0.292305 0.103823 0.310196
13.05 0.29095 0.113798 0.312413
13.06 0.289551 0.123886 0.31494
13.07 0.288106 0.134081 0.317777
13.08 0.286615 0.144376 0.320924
13.09 0.285077 0.154765 0.324378
13.1 0.283492 0.165241 0.328135
13.11 0.281858 0.175796 0.332187
13.12 0.280176 0.186424 0.33653
13.13 0.278443 0.197117 0.341154
13.14 0.27666 0.207868 0.346049
13.15 0.274825 0.218668 0.351204
13.16 0.272937 0.22951 0.356608
13.17 0.270995 0.240387 0.362249
13.18 0.268998 0.251289 0.368112
13.19 0.266946 0.26221 0.374185
13.2 0.264836 0.27314 0.380452
13.21 0.262669 0.284071 0.3869
13.22 0.260442 0.294995 0.393513
13.23 0.258155 0.305904 0.400276
13.24 0.255807 0.316787 0.407174
13.25 0.253397 0.327638 0.414193
13.26 0.250922 0.338446 0.421316
13.27 0.248383 0.349204 0.428529
13.28 0.245777 0.359902 0.435816
13.29 0.243105 0.370532 0.443164
13.3 0.240364 0.381084 0.450555
13.31 0.237554 0.39155 0.457977
13.32 0.234673 0.40192 0.465415
13.33 0.23172 0.412186 0.472854
13.34 0.228694 0.422338 0.480281
13.35 0.225595 0.432367 0.487683
13.36 0.222419 0.442266 0.495045
13.37 0.219168 0.452024 0.502354
13.38 0.21584 0.461632 0.509599
13.39 0.212433 0.471082 0.516765
13.4 0.208947 0.480365 0.523841
13.41 0.205381 0.489472 0.530815
13.42 0.201734 0.498394 0.537674
13.43 0.198006 0.507123 0.544408
13.44 0.194194 0.515649 0.551004
13.45 0.1903 0.523965 0.557453
13.46 0.186322 0.532062 0.563743
13.47 0.182258 0.539932 0.569863
13.48 0.178111 0.547566 0.575805
13.49 0.173877 0.554956 0.581558
13.5 0.169558 0.562094 0.587111
13.51 0.165153 0.568973 0.592457
13.52 0.160661 0.575584 0.597586
13.53 0.156083 0.581921 0.602489
13.54 0.151419 0.587974 0.607159
13.55 0.146668 0.593739 0.611586
13.56 0.141831 0.599206 0.615763
13.57 0.136909 0.604369 0.619682
13.58 0.131901 0.609222 0.623337
13.59 0.126808 0.613758 0.626721
13.6 0.121632 0.61797 0.629826
13.61 0.116372 0.621853 0.632648
13.62 0.11103 0.625399 0.635179
13.63 0.105607 0.628605 0.637415
13.64 0.100103 0.631464 0.639349
13.65 0.0945204 0.633971 0.640979
13.66 0.0888604 0.636121 0.642298
13.67 0.0831246 0.63791 0.643303
13.68 0.0773146 0.639332 0.64399
13.69 0.0714324 0.640384 0.644356
13.7 0.0654796 0.641061 0.644397
13.71 0.059459 0.641361 0.644111
13.72 0.0533716 0.641279 0.643496
13.73 0.0472213 0.640813 0.64255
13.74 0.0410092 0.63996 0.641273
13.75 0.0347391 0.638717 0.639661
13.76 0.028413 0.637082 0.637715
13.77 0.0220344 0.635053 0.635435
13.78 0.0156058 0.632629 0.632821
13.79 0.00913093 0.629808 0.629874
13.8 0.00261263 0.626589 0.626595
13.81 -0.00394529 0.622973 0.622985
13.82 -0.01054 0.618958 0.619048
13.83 -0.0171668 0.614544 0.614784
13.84 -0.0238225 0.609733 0.610198
13.85 -0.0305037 0.604524 0.605293
13.86 -0.0372051 0.598918 0.600073
13.87 -0.0439237 0.592918 0.594542
13.88 -0.0506547 0.586524 0.588707
13.89 -0.0573938 0.579738 0.582572
13.9 -0.0641366 0.572563 0.576144
13.91 -0.0708788 0.565001 0.56943
13.92 -0.0776153 0.557056 0.562437
13.93 -0.0843419 0.54873 0.555174
13.94 -0.0910529 0.540028 0.54765
13.95 -0.0977444 0.530952 0.539875
13.96 -0.10441 0.521508 0.531858
13.97 -0.111047 0.511701 0.523612
13.98 -0.117647 0.501534 0.515148
13.99 -0.124208 0.491014 0.50648
14 -0.130723 0.480145 0.497622
14.01 -0.137187 0.468934 0.488589
14.02 -0.143594 0.457387 0.479398
14.03 -0.14994 0.44551 0.470065
14.04 -0.156219 0.43331 0.46061
14.05 -0.162425 0.420794 0.451054
14.06 -0.168553 0.40797 0.441418
14.07 -0.174598 0.394845 0.431726
14.08 -0.180553 0.381427 0.422002
14.09 -0.186414 0.367725 0.412276
14.1 -0.192174 0.353746 0.402576
14.11 -0.197829 0.3395 0.392933
14.12 -0.203372 0.324996 0.383383
14.13 -0.208799 0.310243 0.373962
14.14 -0.214103 0.295251 0.36471
14.15 -0.21928 0.28003 0.355669
14.16 -0.224324 0.264589 0.346884
14.17 -0.229229 0.248939 0.338403
14.18 -0.233992 0.233091 0.330278
14.19 -0.238605 0.217055 0.32256
14.2 -0.243065 0.200843 0.315307
14.21 -0.247366 0.184465 0.308573
14.22 -0.251503 0.167934 0.302416
14.23 -0.255472 0.15126 0.296893
14.24 -0.259268 0.134456 0.292058
14.25 -0.262885 0.117532 0.287963
14.26 -0.266321 0.100503 0.284654
14.27 -0.269571 0.0833788 0.282171
14.28 -0.27263 0.0661735 0.280546
14.29 -0.275495 0.0488983 0.279801
14.3 -0.278161 0.0315669 0.279946
14.31 -0.279736 0.0140904 0.28009
14.32 -0.280209 -0.00346201 0.280231
14.33 -0.279581 -0.0210206 0.28037
14.34 -0.277849 -0.0385165 0.280506
14.35 -0.27502 -0.0558799 0.28064
14.36 -0.271104 -0.0730418 0.280771
14.37 -0.266114 -0.0899341 0.2809
14.38 -0.260069 -0.10649 0.281027
14.39 -0.252992 -0.122642 0.281151
14.4 -0.244908 -0.138327 0.281273
14.41 -0.235849 -0.153481 0.281392
14.42 -0.22585 -0.168045 0.281509
14.43 -0.214949 -0.181957 0.281623
14.44 -0.203188 -0.195165 0.281735
14.45 -0.190612 -0.207613 0.281844
14.46 -0.177272 -0.219251 0.281951
14.47 -0.163219 -0.230033 0.282056
14.48 -0.148507 -0.239914 0.282158
14.49 -0.133194 -0.248854 0.282257
14.5 -0.117342 -0.256817 0.282354
14.51 -0.101012 -0.263768 0.282449
14.52 -0.0842689 -0.269681 0.282541
14.53 -0.0671783 -0.27453 0.28263
14.54 -0.0498091 -0.278295 0.282717
14.55 -0.0322285 -0.280959 0.282802
14.56 -0.0145079 -0.282511 0.282883
14.57 0.0032833 -0.282944 0.282963
14.58 0.0210739 -0.282254 0.28304
14.59 0.0387929 -0.280444 0.283114
14.6 0.0563695 -0.277519 0.283186
14.61 0.0737339 -0.273491 0.283256
14.62 0.090816 -0.268373 0.283323
14.63 0.107548 -0.262187 0.283387
14.64 0.123862 -0.254954 0.283449
14.65 0.139694 -0.246704 0.283509
14.66 0.154979 -0.237468 0.283566
14.67 0.169655 -0.227283 0.28362
14.68 0.183665 -0.216188 0.283672
14.69 0.19695 -0.204226 0.283721
14.7 0.209458 -0.191446 0.283768
14.71 0.221137 -0.177898 0.283812
14.72 0.231941 -0.163634 0.283854
14.73 0.241825 -0.148713 0.283892
14.74 0.25075 -0.133192 0.283929
14.75 0.258678 -0.117134 0.283962
14.76 0.265578 -0.100603 0.283994
14.77 0.27142 -0.0836646 0.284022
14.78 0.276182 -0.0663867 0.284048
14.79 0.279842 -0.0488375 0.284071
14.8 0.282386 -0.0310887 0.284092
14.81 0.283803 -0.01321 0.28411
14.82 0.284086 0.00472622 0.284125
14.83 0.283234 0.0226481 0.284138
14.84 0.281249 0.0404833 0.284148
14.85 0.278139 0.0581614 0.284155
14.86 0.273916 0.0756093 0.28416
14.87 0.268596 0.0927585 0.284162
14.88 0.262199 0.109539 0.284161
14.89 0.254752 0.125883 0.284157
14.9 0.246283 0.141725 0.28415
14.91 0.236827 0.157 0.284141
14.92 0.226421 0.171648 0.284129
14.93 0.215106 0.185608 0.284114
14.94 0.202928 0.198824 0.284096
14.95 0.189935 0.211243 0.284075
14.96 0.17618 0.222814 0.284051
14.97 0.161718 0.23349 0.284025
14.98 0.146607 0.243228 0.283996
14.99 0.130908 0.251988 0.283963
15 0.114685 0.259736 0.283928
15.01 0.0980018 0.266437 0.28389
15.02 0.0809269 0.272068 0.283849
15.03 0.0635289 0.276602 0.283804
15.04 0.0458784 0.280024 0.283757
15.05 0.0280464 0.282318 0.283707
15.06 0.0101051 0.283474 0.283654
15.07 -0.00787273 0.283488 0.283598
15.08 -0.0258142 0.282361 0.283539
15.09 -0.0436472 0.280096 0.283476
15.1 -0.0612982 0.276703 0.283411
15.11 -0.0786971 0.272195 0.283343
15.12 -0.0957721 0.266591 0.283272
15.13 -0.112455 0.259913 0.283197
15.14 -0.128677 0.252188 0.28312
15.15 -0.144374 0.243449 0.28304
15.16 -0.15948 0.233731 0.282956
15.17 -0.173936 0.223072 0.282869
15.18 -0.187682 0.211518 0.282779
15.19 -0.200662 0.199114 0.282687
15.2 -0.212825 0.185911 0.28259
15.21 -0.22412 0.171965 0.282492
15.22 -0.234502 0.15733 0.28239
15.23 -0.243929 0.142067 0.282285
15.24 -0.252364 0.126238 0.282177
15.25 -0.259771 0.109909 0.282065
15.26 -0.266122 0.0931441 0.281951
15.27 -0.271389 0.0760139 0.281834
15.28 -0.275554 0.0585874 0.281713
15.29 -0.278599 0.0409359 0.28159
15.3 -0.280512 0.0231315 0.281464
15.31 -0.281285 0.00524728 0.281334
15.32 -0.280917 -0.0126447 0.281202
15.33 -0.279409 -0.0304708 0.281066
15.34 -0.276769 -0.0481582 0.280928
15.35 -0.273007 -0.0656355 0.280786
15.36 -0.268139 -0.0828305 0.280641
15.37 -0.262186 -0.099674 0.280494
15.38 -0.255174 -0.116096 0.280343
15.39 -0.247131 -0.132032 0.280189
15.4 -0.23809 -0.147415 0.280033
15.41 -0.228091 -0.162184 0.279873
15.42 -0.217173 -0.176278 0.279711
15.43 -0.205383 -0.189641 0.279546
15.44 -0.192769 -0.202217 0.279377
15.45 -0.179383 -0.213957 0.279206
15.46 -0.165282 -0.224812 0.279031
15.47 -0.150522 -0.23474 0.278854
15.48 -0.135166 -0.2437 0.278674
15.49 -0.119277 -0.251655 0.278491
15.5 -0.102919 -0.258576 0.278305
15.51 -0.0861618 -0.264433 0.278116
15.52 -0.0690729 -0.269204 0.277924
15.53 -0.0517233 -0.27287 0.277729
15.54 -0.034184 -0.275418 0.277531
15.55 -0.0165282 -0.276838 0.277331
15.56 0.00117282 -0.277125 0.277127
15.57 0.0188451 -0.276278 0.27692
15.58 0.0364165 -0.274303 0.27671
15.59 0.0538152 -0.27121 0.276497
15.6 0.0709692 -0.267011 0.276282
15.61 0.0878088 -0.261725 0.276063
15.62 0.104265 -0.255377 0.275841
15.63 0.12027 -0.247991 0.275617
15.64 0.135758 -0.239601 0.275389
15.65 0.150668 -0.230242 0.275158
15.66 0.164937 -0.219953 0.274924
15.67 0.178507 -0.208778 0.274687
15.68 0.191324 -0.196765 0.274447
15.69 0.203336 -0.183964 0.274205
15.7 0.214493 -0.170429 0.273958
15.71 0.224752 -0.156216 0.27371
15.72 0.23407 -0.141385 0.273457
15.73 0.242412 -0.125999 0.273202
15.74 0.249743 -0.110122 0.272943
15.75 0.256034 -0.0938194 0.272682
15.76 0.261261 -0.0771599 0.272417
15.77 0.265405 -0.0602135 0.27215
15.78 0.268448 -0.0430497 0.271878
15.79 0.270382 -0.0257413 0.271605
15.8 0.271199 -0.00835831 0.271328
15.81 0.270897 0.00902522 0.271047
15.82 0.26948 0.0263386 0.270764
15.83 0.266955 0.0435098 0.270478
15.84 0.263335 0.0604678 0.270189
15.85 0.258636 0.0771424 0.269896
15.86 0.252881 0.0934652 0.2696
15.87 0.246093 0.109369 0.269302
15.88 0.238304 0.124788 0.269
15.89 0.229548 0.13966 0.268695
15.9 0.219862 0.153923 0.268388
15.91 0.209289 0.16752 0.268076
15.92 0.197875 0.180395 0.267763
15.93 0.185667 0.192497 0.267446
15.94 0.172719 0.203775 0.267125
15.95 0.159086 0.214185 0.266802
15.96 0.144826 0.223685 0.266476
15.97 0.13 0.232238 0.266147
15.98 0.11467 0.239809 0.265815
15.99 0.0989019 0.24637 0.26548
16 0.0827615 0.251894 0.265142
16.01 0.0663173 0.256363 0.264801
16.02 0.0496381 0.259757 0.264457
16.03 0.0327947 0.262067 0.264111
16.04 0.0158563 0.263284 0.263761
16.05 -0.0011044 0.263406 0.263409
16.06 -0.0180181 0.262436 0.263054
16.07 -0.0348133 0.260378 0.262695
16.08 -0.0514209 0.257246 0.262335
16.09 -0.0677713 0.253053 0.261971
16.1 -0.0837975 0.24782 0.261605
16.11 -0.0994327 0.241572 0.261235
16.12 -0.114613 0.234337 0.260863
16.13 -0.129275 0.226146 0.260488
16.14 -0.14336 0.217039 0.260111
16.15 -0.15681 0.207052 0.259731
16.16 -0.169569 0.196233 0.259348
16.17 -0.181588 0.184627 0.258962
16.18 -0.192816 0.172286 0.258574
16.19 -0.203209 0.159263 0.258183
16.2 -0.212726 0.145613 0.257789
16.21 -0.221328 0.131397 0.257393
16.22 -0.228983 0.116674 0.256994
16.23 -0.235661 0.101508 0.256593
16.24 -0.241335 0.0859646 0.256189
16.25 -0.245986 0.0701087 0.255782
16.26 -0.249596 0.0540085 0.255373
16.27 -0.252154 0.0377321 0.254961
16.28 -0.25365 0.0213476 0.254546
16.29 -0.254082 0.00492559 0.254129
16.3 -0.253451 -0.0114665 0.25371
16.31 -0.251762 -0.0277585 0.253288
16.32 -0.249026 -0.0438829 0.252863
16.33 -0.245257 -0.0597718 0.252435
16.34 -0.240474 -0.0753595 0.252005
16.35 -0.234699 -0.0905805 0.251572
16.36 -0.227961 -0.105373 0.251137
16.37 -0.220291 -0.119674 0.250699
16.38 -0.211723 -0.133427 0.250259
16.39 -0.202296 -0.146574 0.249815
16.4 -0.192054 -0.159061 0.24937
16.41 -0.18104 -0.17084 0.248922
16.42 -0.169306 -0.18186 0.248471
16.43 -0.156901 -0.19208 0.248017
16.44 -0.143881 -0.201457 0.247561
16.45 -0.130303 -0.209955 0.247103
16.46 -0.116226 -0.21754 0.246641
16.47 -0.10171 -0.224184 0.246178
16.48 -0.0868194 -0.229862 0.245712
16.49 -0.0716176 -0.234553 0.245243
16.5 -0.0561706 -0.238239 0.244771
16.51 -0.0405442 -0.24091 0.244298
16.52 -0.024805 -0.242556 0.243821
16.53 -0.00902125 -0.243175 0.243342
16.54 0.00674136 -0.242767 0.24286
16.55 0.0224153 -0.241338 0.242376
16.56 0.0379344 -0.238896 0.24189
16.57 0.0532334 -0.235458 0.241401
16.58 0.0682487 -0.23104 0.240909
16.59 0.0829166 -0.225664 0.240415
16.6 0.097177 -0.219358 0.239919
16.61 0.11097 -0.21215 0.23942
16.62 0.124239 -0.204076 0.238919
16.63 0.13693 -0.195172 0.238416
16.64 0.14899 -0.185481 0.23791
16.65 0.160372 -0.175044 0.237402
16.66 0.171028 -0.163912 0.236892
16.67 0.180917 -0.152132 0.236379
16.68 0.189999 -0.139758 0.235864
16.69 0.198239 -0.126844 0.235347
16.7 0.205605 -0.113449 0.234828
16.71 0.212069 -0.0996298 0.234306
16.72 0.217606 -0.0854489 0.233782
16.73 0.222198 -0.0709668 0.233256
16.74 0.225828 -0.0562478 0.232728
16.75 0.228486 -0.0413546 0.232198
16.76 0.230161 -0.0263516 0.231665
16.77 0.230854 -0.0113039 0.231131
16.78 0.230564 0.00372457 0.230594
16.79 0.229297 0.0186697 0.230056
16.8 0.227062 0.0334678 0.229515
16.81 0.223873 0.0480561 0.228973
16.82 0.219747 0.0623739 0.228428
16.83 0.214707 0.07636 0.227882
16.84 0.208778 0.0899573 0.227334
16.85 0.201989 0.103108 0.226784
16.86 0.194372 0.115759 0.226232
16.87 0.185964 0.127858 0.225677
16.88 0.176806 0.139355 0.225122
16.89 0.166937 0.150204 0.224565
16.9 0.156406 0.160361 0.224005
16.91 0.145259 0.169785 0.223444
16.92 0.133547 0.178441 0.222881
16.93 0.121323 0.186293 0.222316
16.94 0.108642 0.193312 0.22175
16.95 0.0955604 0.199473 0.221181
16.96 0.0821363 0.204751 0.220611
16.97 0.0684282 0.209129 0.22004
16.98 0.0544973 0.212592 0.219466
16.99 0.0404039 0.21513 0.218891
17 0.0262096 0.216735 0.218314
17.01 0.0119761 0.217406 0.217736
17.02 -0.00223549 0.217144 0.217155
17.03 -0.0163641 0.215955 0.216574
17.04 -0.0303489 0.213847 0.21599
17.05 -0.0441308 0.210836 0.215406
17.06 -0.0576516 0.206938 0.214819
17.07 -0.0708534 0.202174 0.21423
17.08 -0.0836819 0.196569 0.21364
17.09 -0.0960826 0.190152 0.213049
17.1 -0.108005 0.182954 0.212456
17.11 -0.119399 0.175011 0.211861
17.12 -0.13022 0.16636 0.211265
17.13 -0.140422 0.157042 0.210667
17.14 -0.149965 0.147101 0.210067
17.15 -0.158811 0.136584 0.209466
17.16 -0.166926 0.125538 0.208864
17.17 -0.174277 0.114014 0.208259
17.18 -0.180838 0.102066 0.207653
17.19 -0.186584 0.089746 0.207046
17.2 -0.191495 0.0771106 0.206437
17.21 -0.195554 0.0642151 0.205827
17.22 -0.198747 0.0511182 0.205216
17.23 -0.201067 0.0378763 0.204603
17.24 -0.202506 0.0245488 0.203988
17.25 -0.203064 0.0111934 0.203373
17.26 -0.202744 -0.00213157 0.202755
17.27 -0.201552 -0.0153688 0.202137
17.28 -0.199497 -0.0284604 0.201516
17.29 -0.196594 -0.0413511 0.200896
17.3 -0.192859 -0.0539858 0.200273
17.31 -0.188315 -0.0663106 0.199649
17.32 -0.182985 -0.0782743 0.199023
17.33 -0.176897 -0.0898262 0.198397
17.34 -0.170082 -0.10092 0.197769
17.35 -0.162574 -0.111507 0.19714
17.36 -0.15441 -0.121548 0.19651
17.37 -0.145629 -0.130999 0.195879
17.38 -0.136273 -0.139825 0.195247
17.39 -0.126386 -0.147989 0.194613
17.4 -0.116016 -0.155461 0.193979
17.41 -0.105208 -0.162212 0.193343
17.42 -0.0940149 -0.168218 0.192707
17.43 -0.0824857 -0.173456 0.19207
17.44 -0.0706742 -0.177908 0.191432
17.45 -0.0586324 -0.18156 0.190792
17.46 -0.0464158 -0.1844 0.190152
17.47 -0.0340774 -0.186423 0.189512
17.48 -0.0216728 -0.187622 0.18887
17.49 -0.00925646 -0.187999 0.188227
17.5 0.0031173 -0.187558 0.187584
17.51 0.0153952 -0.186305 0.18694
17.52 0.0275232 -0.184251 0.186295
17.53 0.0394499 -0.18141 0.18565
17.54 0.0511243 -0.177799 0.185004
17.55 0.0624966 -0.173441 0.184357
17.56 0.0735195 -0.168357 0.18371
17.57 0.0841462 -0.162576 0.183062
17.58 0.0943339 -0.156127 0.182413
17.59 0.10404 -0.149044 0.181764
17.6 0.113225 -0.14136 0.181115
17.61 0.121853 -0.133115 0.180465
17.62 0.129889 -0.124346 0.179815
17.63 0.137302 -0.115098 0.179164
17.64 0.144065 -0.105414 0.178513
17.65 0.15015 -0.0953379 0.17786
17.66 0.155537 -0.0849185 0.177209
17.67 0.160206 -0.0742026 0.176556
17.68 0.164141 -0.0632405 0.175903
17.69 0.167331 -0.0520807 0.175249
17.7 0.169767 -0.0407753 0.174595
17.71 0.171443 -0.0293736 0.173941
17.72 0.172356 -0.0179273 0.173286
17.73 0.172509 -0.00648678 0.172631
17.74 0.171906 0.00489709 0.171976
17.75 0.170555 0.0161755 0.17132
17.76 0.168466 0.027298 0.170664
17.77 0.165656 0.038218 0.170008
17.78 0.162141 0.0488882 0.169351
17.79 0.157942 0.0592632 0.168694
17.8 0.153082 0.0692999 0.168037
17.81 0.147587 0.0789556 0.16738
17.82 0.141487 0.0881913 0.166722
17.83 0.134813 0.0969682 0.166064
17.84 0.127598 0.105252 0.165406
17.85 0.119879 0.113008 0.164748
17.86 0.111694 0.120208 0.16409
17.87 0.103081 0.126822 0.163431
17.88 0.0940834 0.132828 0.162773
17.89 0.0847425 0.138201 0.162113
17.9 0.0751034 0.142923 0.161455
17.91 0.0652099 0.146979 0.160795
17.92 0.0551093 0.150355 0.160136
17.93 0.0448466 0.153041 0.159477
17.94 0.0344698 0.155032 0.158817
17.95 0.0240251 0.156323 0.158158
17.96 0.0135598 0.156914 0.157499
17.97 0.00312019 0.156809 0.15684
17.98 -0.00724688 0.156012 0.15618
17.99 -0.0174972 0.154534 0.155522
18 -0.0275845 0.152386 0.154862
18.01 -0.0374664 0.149583 0.154204
18.02 -0.0471003 0.146143 0.153545
18.03 -0.0564448 0.142086 0.152887
18.04 -0.0654613 0.137435 0.152229
18.05 -0.074112 0.132216 0.151571
18.06 -0.0823617 0.126457 0.150913
18.07 -0.0901764 0.120187 0.150256
18.08 -0.0975255 0.11344 0.149599
18.09 -0.10438 0.106249 0.148942
18.1 -0.110713 0.0986483 0.148286
18.11 -0.1165 0.0906776 0.14763
18.12 -0.121722 0.0823744 0.146975
18.13 -0.126358 0.0737784 0.14632
18.14 -0.130393 0.0649315 0.145666
18.15 -0.133815 0.0558739 0.145012
18.16 -0.136614 0.0466491 0.144359
18.17 -0.138781 0.0372985 0.143706
18.18 -0.140314 0.0278659 0.143054
18.19 -0.14121 0.0183934 0.142403
18.2 -0.141471 0.00892423 0.141752
18.21 -0.141101 -0.00049981 0.141102
18.22 -0.140108 -0.00983596 0.140453
18.23 -0.138501 -0.019045 0.139805
18.24 -0.136293 -0.0280849 0.139156
18.25 -0.133499 -0.0369179 0.13851
18.26 -0.130136 -0.0455063 0.137863
18.27 -0.126226 -0.0538132 0.137218
18.28 -0.121789 -0.0618042 0.136573
18.29 -0.116851 -0.0694459 0.135929
18.3 -0.111437 -0.0767079 0.135286
18.31 -0.105578 -0.08356 0.134644
18.32 -0.0993022 -0.089976 0.134002
18.33 -0.0926427 -0.0959304 0.133362
18.34 -0.0856321 -0.101401 0.132722
18.35 -0.0783058 -0.106368 0.132083
18.36 -0.0706991 -0.110813 0.131445
18.37 -0.0628482 -0.11472 0.130808
18.38 -0.054792 -0.118078 0.130171
18.39 -0.0465672 -0.120876 0.129536
18.4 -0.0382135 -0.123107 0.128901
18.41 -0.0297687 -0.124765 0.128268
18.42 -0.0212729 -0.125849 0.127635
18.43 -0.0127637 -0.12636 0.127003
18.44 -0.0042804 -0.126299 0.126372
18.45 0.0041398 -0.125673 0.125742
18.46 0.0124581 -0.12449 0.125112
18.47 0.0206397 -0.122761 0.124484
18.48 0.0286473 -0.120497 0.123856
18.49 0.0364469 -0.117716 0.12323
18.5 0.0440055 -0.114434 0.122604
18.51 0.0512909 -0.110671 0.121979
18.52 0.0582729 -0.106448 0.121355
18.53 0.0649227 -0.10179 0.120732
18.54 0.071214 -0.0967215 0.12011
18.55 0.0771209 -0.0912694 0.119489
18.56 0.0826212 -0.0854619 0.11887
18.57 0.0876931 -0.0793296 0.118251
18.58 0.0923191 -0.0729025 0.117633
18.59 0.0964808 -0.0662136 0.117016
18.6 0.100166 -0.0592958 0.116401
18.61 0.103361 -0.0521817 0.115786
18.62 0.106058 -0.0449072 0.115173
18.63 0.108247 -0.0375056 0.114561
18.64 0.109926 -0.0300126 0.11395
18.65 0.111092 -0.0224625 0.11334
18.66 0.111743 -0.0148911 0.112731
18.67 0.111883 -0.00733222 0.112123
18.68 0.111517 0.00017897 0.111517
18.69 0.11065 0.00760997 0.110912
18.7 0.109293 0.014926 0.110307
18.71 0.107457 0.022097 0.109705
18.72 0.105154 0.0290905 0.109103
18.73 0.102401 0.0358768 0.108504
18.74 0.0992138 0.0424275 0.107905
18.75 0.0956129 0.0487148 0.107308
18.76 0.0916181 0.054713 0.106712
18.77 0.0872525 0.0603976 0.106117
18.78 0.0825393 0.0657465 0.105524
18.79 0.0775043 0.0707383 0.104932
18.8 0.0721734 0.0753547 0.104342
18.81 0.0665748 0.0795778 0.103754
18.82 0.060736 0.0833938 0.103167
18.83 0.0546866 0.0867879 0.102581
18.84 0.0484574 0.089751 0.101997
18.85 0.0420771 0.0922728 0.101414
18.86 0.0355781 0.0943472 0.100833
18.87 0.0289905 0.0959695 0.100253
18.88 0.0223463 0.0971374 0.0996746
18.89 0.0156754 0.0978503 0.0990979
18.9 0.00900969 0.09811 0.0985228
18.91 0.0023787 0.0979205 0.0979493
18.92 -0.00418658 0.0972874 0.0973774
18.93 -0.0106581 0.0962186 0.0968071
18.94 -0.0170056 0.0947235 0.0962379
18.95 -0.0232026 0.092815 0.0956712
18.96 -0.0292219 0.0905043 0.095105
18.97 -0.0350376 0.0878088 0.0945411
18.98 -0.0406259 0.0847438 0.0939786
18.99 -0.0459632 0.0813281 0.0934178
19 -0.0510282 0.0775809 0.0928584
19.01 -0.0558002 0.0735239 0.0923007
19.02 -0.0602611 0.0691785 0.0917446
19.03 -0.0643932 0.0645687 0.0911899
19.04 -0.068182 0.0597179 0.0906367
19.05 -0.0716129 0.0546525 0.090085
19.06 -0.0746758 0.0493974 0.0895353
19.07 -0.077359 0.0439789 0.0889863
19.08 -0.0796561 0.0384252 0.0884398
19.09 -0.0815602 0.032762 0.0878943
19.1 -0.0830672 0.0270177 0.0873506
19.11 -0.0841749 0.0212192 0.0868082
19.12 -0.084883 0.0153948 0.0862677
19.13 -0.0851927 0.00957062 0.0857286
19.14 -0.0851074 0.00377489 0.0851911
19.15 -0.0846323 -0.0019671 0.0846552
19.16 -0.0837744 -0.00762808 0.0841209
19.17 -0.0825421 -0.0131844 0.0835885
19.18 -0.0809451 -0.0186101 0.0830569
19.19 -0.0789969 -0.0238824 0.0825281
19.2 -0.0767086 -0.0289789 0.0819999
19.21 -0.0740965 -0.0338771 0.0814737
19.22 -0.0711762 -0.0385576 0.080949
19.23 -0.0679653 -0.0430007 0.080426
19.24 -0.0644817 -0.0471891 0.0799044
19.25 -0.0607461 -0.051106 0.0793846
19.26 -0.0567781 -0.0547375 0.0788666
19.27 -0.0525997 -0.0580691 0.0783502
19.28 -0.0482325 -0.0610903 0.0778357
19.29 -0.0436994 -0.0637896 0.0773224
19.3 -0.0390241 -0.0661602 0.0768118
19.31 -0.0342288 -0.0681935 0.0763018
19.32 -0.0293393 -0.0698856 0.0757944
19.33 -0.0243779 -0.0712327 0.0752886
19.34 -0.0193698 -0.0722326 0.0747846
19.35 -0.014338 -0.0728855 0.0742824
19.36 -0.00930729 -0.0731929 0.0737823
19.37 -0.00429981 -0.0731578 0.073284
19.38 0.000660129 -0.0727843 0.0727873
19.39 0.00555119 -0.0720794 0.0722928
19.4 0.0103503 -0.0710499 0.0717998
19.41 0.0150371 -0.0697059 0.0713093
19.42 0.0195908 -0.0680561 0.0708197
19.43 0.0239917 -0.0661146 0.070333
19.44 0.0282221 -0.0638924 0.0698478
19.45 0.0322634 -0.0614045 0.0693646
19.46 0.0361004 -0.0586659 0.0688834
19.47 0.039717 -0.0556931 0.0684044
19.48 0.0431001 -0.0525023 0.0679272
19.49 0.0462358 -0.0491121 0.0674518
19.5 0.0491142 -0.0455406 0.0669788
19.51 0.0517241 -0.0418074 0.0665074
19.52 0.054058 -0.0379317 0.0660385
19.53 0.0561075 -0.0339334 0.0655708
19.54 0.0578685 -0.0298341 0.0651063
19.55 0.0593352 -0.0256524 0.064643
19.56 0.0605053 -0.0214108 0.0641818
19.57 0.0613775 -0.0171287 0.0637228
19.58 0.0619516 -0.0128276 0.0632657
19.59 0.0622287 -0.00852721 0.0628103
19.6 0.062212 -0.00424878 0.062357
19.61 0.0619058 -1.08265e-05 0.0619058
19.62 0.0613149 0.00416598 0.0614563
19.63 0.0604467 0.00826409 0.061009
19.64 0.0593084 0.0122644 0.0605632
19.65 0.0579104 0.01615 0.0601202
19.66 0.056261 0.0199042 0.0596781
19.67 0.0543734 0.0235104 0.0592385
19.68 0.0522587 0.0269548 0.0588008
19.69 0.0499304 0.0302224 0.0583647
19.7 0.0474025 0.033301 0.0579306
19.71 0.0446903 0.0361784 0.0574986
19.72 0.0418083 0.0388445 0.0570687
19.73 0.0387733 0.0412885 0.0566402
19.74 0.0356015 0.0435037 0.0562142
19.75 0.0323098 0.0454813 0.0557895
19.76 0.0289159 0.0472167 0.0553674
19.77 0.0254363 0.0487039 0.0549461
19.78 0.0218906 0.0499406 0.0545276
19.79 0.0182946 0.0509242 0.0541106
19.8 0.0146675 0.0516532 0.0536953
19.81 0.0110264 0.0521289 0.0532823
19.82 0.00738899 0.0523522 0.0528711
19.83 0.00377192 0.052326 0.0524618
19.84 0.000193095 0.0520537 0.052054
19.85 -0.00333224 0.0515411 0.0516488
19.86 -0.00678715 0.0507933 0.0512447
19.87 -0.0101567 0.0498184 0.0508432
19.88 -0.0134263 0.0486233 0.0504429
19.89 -0.0165813 0.0472188 0.0500455
19.9 -0.0196096 0.0456128 0.0496494
19.91 -0.0224972 0.0438174 0.0492554
19.92 -0.0252343 0.0418437 0.0488637
19.93 -0.0278088 0.0397035 0.0484737
19.94 -0.0302118 0.0374097 0.0480857
19.95 -0.0324336 0.0349758 0.0476996
19.96 -0.0344678 0.0324155 0.0473158
19.97 -0.0363058 0.0297427 0.0469334
19.98 -0.0379437 0.0269724 0.0465535
19.99 -0.0393756 0.0241186 0.0461751
20 -0.0405988 0.0211975 0.0457995
20.01 -0.0416101 0.0182222 0.0454252
20.02 -0.0424082 0.0152098 0.0450532
20.03 -0.0429933 0.0121736 0.0446835
20.04 -0.0433648 0.00912932 0.0443153
20.05 -0.0435252 0.00609136 0.0439494
20.06 -0.043477 0.00307449 0.0435855
20.07 -0.0432239 9.19278e-05 0.043224
20.08 -0.0427696 -0.00284154 0.0428639
20.09 -0.0421209 -0.00571371 0.0425067
20.1 -0.0412826 -0.00851147 0.0421509
20.11 -0.040263 -0.0112225 0.0417978
20.12 -0.0390683 -0.0138359 0.0414459
20.13 -0.0377087 -0.0163396 0.0410966
20.14 -0.0361922 -0.0187249 0.0407492
20.15 -0.0345289 -0.0209806 0.0404034
20.16 -0.0327296 -0.0230993 0.04006
20.17 -0.0308047 -0.0250723 0.0397184
20.18 -0.0287654 -0.0268932 0.0393788
20.19 -0.0266235 -0.0285548 0.0390408
20.2 -0.0243912 -0.030053 0.0387055
20.21 -0.02208 -0.031382 0.0383712
20.22 -0.0197034 -0.0325388 0.0380394
20.23 -0.0172724 -0.0335206 0.037709
20.24 -0.0148017 -0.0343255 0.0373809
20.25 -0.0123016 -0.0349529 0.0370545
20.26 -0.00978644 -0.0354018 0.0367296
20.27 -0.00726767 -0.0356746 0.0364074
20.28 -0.00475759 -0.0357714 0.0360864
20.29 -0.0022683 -0.0356954 0.0357674
20.3 0.000188269 -0.0354494 0.0354499
20.31 0.00260136 -0.0350383 0.0351347
20.32 0.00495948 -0.0344654 0.0348204
20.33 0.00725194 -0.0337378 0.0345084
20.34 0.00946963 -0.0328606 0.0341978
20.35 0.0116016 -0.0318415 0.0338892
20.36 0.0136407 -0.030687 0.0335822
20.37 0.0155767 -0.0294057 0.0332766
20.38 0.0174039 -0.0280062 0.0329734
20.39 0.0191138 -0.0264964 0.032671
20.4 0.0207008 -0.0248867 0.0323708
20.41 0.022159 -0.0231862 0.0320721
20.42 0.0234841 -0.0214051 0.0317755
20.43 0.024671 -0.019553 0.0314798
20.44 0.0257176 -0.0176414 0.0311867
20.45 0.0266207 -0.0156791 0.0308949
20.46 0.0273783 -0.0136782 0.030605
20.47 0.02799 -0.0116476 0.0303168
20.48 0.0284547 -0.00959929 0.0300302
20.49 0.0287737 -0.00754234 0.0297458
20.5 0.0289468 -0.00548765 0.0294623
20.51 0.0289771 -0.00344538 0.0291812
20.52 0.0288664 -0.0014249 0.0289016
20.53 0.0286183 0.000564205 0.0286239
20.54 0.0282359 0.00251247 0.0283474
20.55 0.0277249 0.00441141 0.0280736
20.56 0.0270885 0.00625293 0.0278009
20.57 0.0263335 0.00802803 0.02753
20.58 0.0254651 0.00973081 0.027261
20.59 0.0244902 0.0113525 0.0269935
20.6 0.0234154 0.0128884 0.0267282
20.61 0.0222477 0.0143311 0.026464
20.62 0.0209955 0.0156765 0.0262024
20.63 0.0196654 0.0169193 0.0259421
20.64 0.0182663 0.0180556 0.0256839
20.65 0.0168058 0.0190815 0.0254271
20.66 0.0152928 0.019995 0.0251728
20.67 0.0137347 0.0207928 0.0249195
20.68 0.0121417 0.0214734 0.0246683
20.69 0.0105205 0.0220365 0.0244191
20.7 0.00888128 0.0224804 0.0241711
20.71 0.00723106 0.0228065 0.0239254
20.72 0.00557909 0.0230142 0.0236808
20.73 0.00393331 0.0231065 0.0234388
20.74 0.00230112 0.0230834 0.0231978
20.75 0.000691317 0.0229484 0.0229589
20.76 -0.000889354 0.022704 0.0227214
20.77 -0.00243326 0.0223539 0.0224859
20.78 -0.00393383 0.0219009 0.0222514
20.79 -0.00538364 0.0213508 0.0220191
20.8 -0.00677816 0.0207075 0.0217886
20.81 -0.00810959 0.0199758 0.0215592
20.82 -0.00937462 0.0191619 0.0213322
20.83 -0.0105666 0.0182705 0.0211061
20.84 -0.0116824 0.0173088 0.0208824
20.85 -0.0127173 0.0162813 0.0206594
20.86 -0.0136678 0.0151963 0.0204386
20.87 -0.0145313 0.0140591 0.0202192
20.88 -0.0153049 0.012877 0.0200014
20.89 -0.0159865 0.0116564 0.0197848
20.9 -0.0165749 0.0104052 0.0195703
20.91 -0.0170694 0.00912876 0.0193571
20.92 -0.0174682 0.00783527 0.0191449
20.93 -0.0177732 0.00653086 0.0189351
20.94 -0.0179829 0.00522266 0.0187259
20.95 -0.0180999 0.00391729 0.0185189
20.96 -0.0181241 0.00262092 0.0183127
20.97 -0.0180588 0.00134087 0.0181085
20.98 -0.0179055 8.18698e-05 0.0179057
20.99 -0.017667 -0.00114914 0.0177043
21 -0.0173464 -0.00234726 0.0175044
21.01 -0.0169475 -0.00350666 0.0173065
21.02 -0.0164733 -0.00462332 0.0171098
21.03 -0.0159281 -0.00569101 0.0169143
21.04 -0.0153169 -0.00670718 0.0167211
21.05 -0.0146429 -0.00766631 0.0165284
21.06 -0.0139124 -0.00856599 0.016338
21.07 -0.013129 -0.00940235 0.0161485
21.08 -0.0122993 -0.0101728 0.0159612
21.09 -0.0114271 -0.0108754 0.0157751
21.1 -0.0105187 -0.0115073 0.0155904
21.11 -0.00957912 -0.0120677 0.0154075
21.12 -0.00861413 -0.012555 0.015226
21.13 -0.00762836 -0.0129686 0.0150458
21.14 -0.00662864 -0.0133077 0.0148672
21.15 -0.00561935 -0.0135736 0.0146908
21.16 -0.0046059 -0.0137647 0.0145149
21.17 -0.00359406 -0.013884 0.0143416
21.18 -0.00258798 -0.0139309 0.0141693
21.19 -0.00159348 -0.013908 0.013999
21.2 -0.000613988 -0.0138164 0.01383
21.21 0.000344358 -0.0136582 0.0136626
21.22 0.00127857 -0.0134363 0.013497
21.23 0.00218365 -0.0131527 0.0133327
21.24 0.0030564 -0.0128104 0.01317
21.25 0.00389222 -0.0124128 0.0130088
21.26 0.0046893 -0.0119634 0.0128496
21.27 0.00544314 -0.0114644 0.0126909
21.28 0.0061518 -0.0109215 0.0125349
21.29 0.00681265 -0.0103364 0.0123796
21.3 0.00742305 -0.00971467 0.0122261
21.31 0.00798189 -0.00905909 0.0120738
21.32 0.00848638 -0.00837483 0.0119229
21.33 0.00893681 -0.00766538 0.0117739
21.34 0.00933081 -0.00693503 0.0116258
21.35 0.00966881 -0.00618816 0.0114795
21.36 0.0099497 -0.00542906 0.0113345
21.37 0.0101744 -0.00466125 0.0111913
21.38 0.0103414 -0.00388902 0.0110485
21.39 0.0104533 -0.00311726 0.0109082
21.4 0.0105092 -0.00234811 0.0107683
21.41 0.0105109 -0.00158733 0.0106301
21.42 0.0104598 -0.000837098 0.0104933
21.43 0.010357 -0.000102305 0.0103575
21.44 0.0102049 0.000615014 0.0102234
21.45 0.0100045 0.00131054 0.0100899
21.46 0.00975902 0.00198183 0.00995822
21.47 0.0094701 0.00262568 0.00982736
21.48 0.00914065 0.00324002 0.0096979
21.49 0.00877285 0.00382137 0.009569
21.5 0.00837094 0.00436828 0.00944217
21.51 0.00793577 0.00487884 0.00931556
21.52 0.00747253 0.00535049 0.00919057
21.53 0.00698307 0.00578296 0.00906675
21.54 0.0064711 0.00617389 0.00894383
21.55 0.00593969 0.00652354 0.0088225
21.56 0.00539208 0.00682975 0.00870173
21.57 0.00483194 0.00709328 0.00858267
21.58 0.00426189 0.00731298 0.00846424
21.59 0.00368559 0.00748948 0.00834721
21.6 0.00310625 0.00762224 0.00823088
21.61 0.00252716 0.00771293 0.00811639
21.62 0.00195017 0.007761 0.00800227
21.63 0.00138033 0.00776804 0.00788972
21.64 0.000818299 0.00773518 0.00777834
21.65 0.000268216 0.00766292 0.00766761
21.66 -0.000268067 0.00755372 0.00755847
21.67 -0.000787525 0.007408 0.00744975
21.68 -0.00128827 0.00722892 0.00734281
21.69 -0.00176816 0.00701706 0.00723641
21.7 -0.00222496 0.00677556 0.00713152
21.71 -0.00265707 0.00650578 0.00702746
21.72 -0.00306321 0.0062107 0.00692503
21.73 -0.003442 0.00589131 0.00682312
21.74 -0.00379122 0.00555161 0.00672263
21.75 -0.00411184 0.00519259 0.00662346
21.76 -0.00440085 0.00481715 0.00652476
21.77 -0.00465923 0.00442828 0.00642792
21.78 -0.00488539 0.00402744 0.00633145
21.79 -0.00508009 0.00361814 0.00623684
21.8 -0.0052424 0.00320152 0.00614267
21.81 -0.00537282 0.00278129 0.00605002
21.82 -0.00547146 0.00235859 0.00595818
21.83 -0.00553887 0.0019365 0.00586763
21.84 -0.00557512 0.00151648 0.00577769
21.85 -0.00558108 0.00110217 0.00568887
21.86 -0.0055583 0.000693537 0.0056014
21.87 -0.00550624 0.000294464 0.00551411
21.88 -0.00542794 -9.40511e-05 0.00542876
21.89 -0.00532297 -0.000470511 0.00534373
21.9 -0.00519401 -0.000832658 0.00526033
21.91 -0.00504121 -0.00117965 0.00517739
21.92 -0.00486709 -0.00150929 0.00509574
21.93 -0.00467245 -0.00182128 0.00501486
21.94 -0.00445941 -0.00211368 0.00493497
21.95 -0.00422919 -0.00238591 0.00485578
21.96 -0.00398426 -0.00263657 0.00477764
21.97 -0.0037257 -0.00286636 0.00470073
21.98 -0.00345542 -0.00307246 0.00462385
21.99 -0.0031759 -0.00325654 0.00454878
22 -0.00288758 -0.00341711 0.00447378
22.01 -0.00259377 -0.00355419 0.00439998
22.02 -0.00229495 -0.00366778 0.00432659
22.03 -0.00199418 -0.00375789 0.00425423
22.04 -0.0016921 -0.003825 0.00418257
22.05 -0.00139141 -0.00386899 0.00411158
22.06 -0.00109306 -0.00389078 0.0040414
22.07 -0.000799197 -0.00389084 0.00397208
22.08 -0.000510409 -0.00387025 0.00390376
22.09 -0.000229271 -0.00382855 0.00383541
22.1 4.36705e-05 -0.00376869 0.00376894
22.11 0.000307292 -0.0036896 0.00370237
22.12 0.000559306 -0.00359359 0.00363685
22.13 0.000800066 -0.00348127 0.00357202
22.14 0.00102739 -0.00335418 0.003508
22.15 0.00124158 -0.00321327 0.0034448
22.16 0.00144075 -0.00305991 0.00338213
22.17 0.00162536 -0.00289557 0.00332056
22.18 0.00179412 -0.00272138 0.00325957
22.19 0.00194725 -0.0025387 0.0031995
22.2 0.00208334 -0.00234859 0.00313946
22.21 0.00220379 -0.00215352 0.00308129
22.22 0.00230726 -0.00195298 0.00302284
22.23 0.00239394 -0.00175038 0.0029656
22.24 0.00246503 -0.0015454 0.00290941
22.25 0.00251943 -0.00134029 0.00285375
22.26 0.0025586 -0.00113543 0.00279921
22.27 0.00258185 -0.000932542 0.0027451
22.28 0.00259085 -0.000732304 0.00269236
22.29 0.00258501 -0.000535825 0.00263996
22.3 0.00256572 -0.000344109 0.00258869
22.31 0.00253288 -0.000158038 0.00253781
22.32 0.00248861 2.14167e-05 0.0024887
22.33 0.00243167 0.000194365 0.00243943
22.34 0.00236442 0.000358579 0.00239146
22.35 0.00228727 0.000515537 0.00234465
22.36 0.00220022 0.000662868 0.00229791
22.37 0.00210516 0.000801393 0.00225254
22.38 0.00200209 0.000929728 0.00220743
22.39 0.00189267 0.00104831 0.0021636
22.4 0.00177686 0.00115623 0.00211993
22.41 0.00165641 0.00125372 0.00207738
22.42 0.00153152 0.00134048 0.0020353
22.43 0.00140383 0.00141676 0.00199448
22.44 0.00127262 0.00148227 0.00195363
22.45 0.00114078 0.00153685 0.00191397
22.46 0.00100736 0.00158167 0.00187522
22.47 0.000873765 0.00161505 0.00183626
22.48 0.000741069 0.00163905 0.0017988
22.49 0.000609439 0.00165264 0.00176143
22.5 0.000479931 0.00165707 0.00172517
22.51 0.000352784 0.00165184 0.0016891
22.52 0.000229105 0.00163813 0.00165407
22.53 0.000108894 0.00161573 0.0016194
22.54 -6.85075e-06 0.00158541 0.00158543
22.55 -0.000118358 0.00154705 0.00155157
22.56 -0.000223713 0.00150194 0.00151851
22.57 -0.000324419 0.00145028 0.00148612
22.58 -0.000418376 0.00139191 0.00145343
22.59 -0.000506147 0.00132913 0.00142224
22.6 -0.000587378 0.00126076 0.00139087
22.61 -0.000661744 0.00118859 0.00136038
22.62 -0.000729154 0.00111234 0.00133002
22.63 -0.000789395 0.0010335 0.00130049
22.64 -0.000842675 0.000951775 0.00127121
22.65 -0.000888504 0.000868385 0.00124239
22.66 -0.000927413 0.000783459 0.00121404
22.67 -0.000958733 0.000698391 0.00118614
22.68 -0.000983917 0.000612586 0.00115903
22.69 -0.00100131 0.000527142 0.00113159
22.7 -0.00101294 0.000443189 0.00110565
22.71 -0.00101778 0.000359512 0.00107941
22.72 -0.00101653 0.000278269 0.00105393
22.73 -0.00100931 0.000198749 0.00102869
22.74 -0.000996502 0.000122267 0.00100397
22.75 -0.000978403 4.82222e-05 0.00097959
22.76 -0.000955222 -2.20693e-05 0.000955477
22.77 -0.000927823 -8.90766e-05 0.000932089
22.78 -0.00089606 -0.00015186 0.000908837
22.79 -0.000861046 -0.000211388 0.000886614
22.8 -0.00082197 -0.000266097 0.000863969
22.81 -0.00078101 -0.000316598 0.00084274
22.82 -0.000736508 -0.000363358 0.000821263
22.83 -0.000690467 -0.000404784 0.000800371
22.84 -0.00064249 -0.000442381 0.000780061
22.85 -0.00059328 -0.000475128 0.000760084
22.86 -0.000542964 -0.000503896 0.000740757
22.87 -0.000492081 -0.000527833 0.000721631
22.88 -0.000440924 -0.000547933 0.00070331
22.89 -0.000389446 -0.000563451 0.000684942
22.9 -0.000338332 -0.000575395 0.000667494
22.91 -0.000287474 -0.000582489 0.000649565
22.92 -0.00023804 -0.000586383 0.000632857
22.93 -0.000188715 -0.000586418 0.000616036
22.94 -0.000141809 -0.000582437 0.000599452
22.95 -9.58546e-05 -0.000575792 0.000583716
22.96 -5.18374e-05 -0.000565576 0.000567946
22.97 -9.60052e-06 -0.000552697 0.00055278
22.98 3.03661e-05 -0.000536831 0.000537689
22.99 6.83172e-05 -0.000518789 0.000523267
23 0.000103886 -0.000498053 0.000508772
23.01 0.000136881 -0.000475656 0.000494959
23.02 0.00016722 -0.000450801 0.000480816
23.03 0.00019491 -0.000425158 0.000467706
23.04 0.000220413 -0.000397431 0.00045446
23.05 0.000242219 -0.00036878 0.000441212
23.06 0.000262357 -0.000339437 0.000429009
23.07 0.000279106 -0.00030888 0.000416301
23.08 0.000293207 -0.000278112 0.000404124
23.09 0.000304295 -0.000246891 0.000391855
23.1 0.000312847 -0.000215832 0.000380074
23.11 0.000318419 -0.000184678 0.000368098
23.12 0.000321376 -0.000154423 0.000356552
23.13 0.000321771 -0.000124385 0.000344976
23.14 0.000319962 -9.58233e-05 0.000334002
23.15 0.000315776 -6.75447e-05 0.000322919
23.16 0.000308923 -4.1187e-05 0.000311657
23.17 0.000301092 -1.58357e-05 0.000301508
23.18 0.000290368 8.08323e-06 0.000290481
23.19 0.00027858 2.99838e-05 0.000280189
23.2 0.000265196 5.03674e-05 0.000269937
23.21 0.000250849 6.87588e-05 0.000260102
23.22 0.00023516 8.54536e-05 0.000250205
23.23 0.000218923 9.98953e-05 0.000240637
23.24 0.000201902 0.000112968 0.000231357
23.25 0.000184552 0.000123613 0.000222125
23.26 0.000166585 0.000132958 0.000213139
23.27 0.000148576 0.000139642 0.000203899
23.28 0.000131231 0.000145249 0.000195752
23.29 0.000113105 0.000148527 0.000186689
23.3 9.64556e-05 0.000150147 0.00017846
23.31 7.98678e-05 0.000150514 0.000170392
23.32 6.42156e-05 0.000149186 0.000162419
23.33 4.91099e-05 0.0001467 0.000154702
23.34 3.52734e-05 0.000142858 0.000147148
23.35 2.21404e-05 0.000138321 0.000140082
23.36 1.03102e-05 0.000132319 0.00013272
23.37 -6.9055e-07 0.000126024 0.000126026
23.38 -1.019e-05 0.000118619 0.000119056
23.39 -1.86237e-05 0.000111502 0.000113047
23.4 -2.65348e-05 0.000103256 0.000106611
23.41 -3.24639e-05 9.54408e-05 0.000100811
23.42 -3.82698e-05 8.74449e-05 9.54526e-05
23.43 -4.27028e-05 7.90891e-05 8.98811e-05
23.44 -4.63607e-05 7.09547e-05 8.47578e-05
23.45 -4.89099e-05 6.2883e-05 7.96646e-05
23.46 -5.09323e-05 5.50674e-05 7.50101e-05
23.47 -5.18097e-05 4.72454e-05 7.01169e-05
23.48 -5.23287e-05 4.01854e-05 6.59785e-05
23.49 -5.17994e-05 3.31793e-05 6.15145e-05
23.5 -5.10937e-05 2.69566e-05 5.77687e-05
23.51 -4.98142e-05 2.04161e-05 5.38356e-05
23.52 -4.76056e-05 1.52067e-05 4.99754e-05
23.53 -4.57899e-05 9.81075e-06 4.68291e-05
23.54 -4.29451e-05 4.97053e-06 4.32318e-05
23.55 -4.01522e-05 9.35715e-07 4.01631e-05
23.56 -3.70596e-05 -2.71941e-06 3.71592e-05
23.57 -3.40273e-05 -5.94556e-06 3.45428e-05
23.58 -3.05623e-05 -8.78211e-06 3.17991e-05
23.59 -2.74503e-05 -1.09894e-05 2.95684e-05
23.6 -2.3843e-05 -1.31484e-05 2.72281e-05
23.61 -2.06048e-05 -1.47306e-05 2.53288e-05
23.62 -1.69424e-05 -1.62695e-05 2.34892e-05
23.63 -1.33322e-05 -1.65968e-05 2.12885e-05
23.64 -1.01333e-05 -1.74843e-05 2.02085e-05
23.65 -6.34105e-06 -1.73267e-05 1.84506e-05
23.66 -3.28484e-06 -1.68256e-05 1.71432e-05
23.67 -8.06928e-08 -1.62523e-05 1.62525e-05
23.68 2.78972e-06 -1.52861e-05 1.55386e-05
23.69 5.69436e-06 -1.39307e-05 1.50496e-05
23.7 7.92878e-06 -1.2216e-05 1.45635e-05
23.71 1.04152e-05 -1.04523e-05 1.47555e-05
23.72 1.21092e-05 -8.19322e-06 1.46206e-05
23.73 1.38719e-05 -5.94251e-06 1.50912e-05
23.74 1.49654e-05 -3.15656e-06 1.52947e-05
23.75 1.57955e-05 -1.22694e-06 1.58431e-05
23.76 1.66079e-05 1.72671e-06 1.66974e-05
23.77 1.65239e-05 4.09905e-06 1.70247e-05
23.78 1.67745e-05 6.45775e-06 1.79746e-05
23.79 1.63855e-05 9.04863e-06 1.87179e-05
23.8 1.58848e-05 1.15777e-05 1.96563e-05
23.81 1.47838e-05 1.3935e-05 2.03161e-05
23.82 1.38478e-05 1.61082e-05 2.12423e-05
23.83 1.20299e-05 1.8261e-05 2.18674e-05
23.84 1.04091e-05 2.00099e-05 2.25554e-05
23.85 8.23185e-06 2.17004e-05 2.32093e-05
23.86 6.19155e-06 2.26419e-05 2.34732e-05
23.87 3.89015e-06 2.42718e-05 2.45816e-05
23.88 1.24965e-06 2.46747e-05 2.47063e-05
23.89 -8.99609e-07 2.52254e-05 2.52414e-05
23.9 -3.70136e-06 2.55182e-05 2.57852e-05
23.91 -6.17374e-06 2.52312e-05 2.59755e-05
23.92 -8.68623e-06 2.46226e-05 2.61098e-05
23.93 -1.08025e-05 2.38585e-05 2.61901e-05
23.94 -1.32071e-05 2.28444e-05 2.63874e-05
23.95 -1.48829e-05 2.1609e-05 2.62384e-05
23.96 -1.67566e-05 2.03072e-05 2.63281e-05
23.97 -1.81888e-05 1.87104e-05 2.60943e-05
23.98 -1.98008e-05 1.75203e-05 2.64393e-05
23.99 -2.10497e-05 1.5325e-05 2.60374e-05
24 -2.19287e-05 1.38517e-05 2.59372e-05
24.01 -2.31322e-05 1.20324e-05 2.60745e-05
24.02 -2.35836e-05 1.00607e-05 2.56399e-05
24.03 -2.40415e-05 8.30333e-06 2.5435e-05
24.04 -2.42958e-05 6.63845e-06 2.51864e-05
24.05 -2.46685e-05 4.80385e-06 2.51319e-05
24.06 -2.44578e-05 3.11053e-06 2.46548e-05
24.07 -2.46204e-05 1.39292e-06 2.46598e-05
24.08 -2.43396e-05 -3.03174e-07 2.43415e-05
24.09 -2.42258e-05 -1.71249e-06 2.42862e-05
24.1 -2.35882e-05 -3.60231e-06 2.38617e-05
24.11 -2.31446e-05 -4.52062e-06 2.3582e-05
24.12 -2.28733e-05 -6.02516e-06 2.36535e-05
24.13 -2.20523e-05 -7.24788e-06 2.32128e-05
24.14 -2.178e-05 -8.30186e-06 2.33086e-05
24.15 -2.13446e-05 -9.47811e-06 2.33543e-05
24.16 -2.0957e-05 -1.07817e-05 2.35678e-05
24.17 -2.02087e-05 -1.18691e-05 2.34364e-05
24.18 -1.98886e-05 -1.31477e-05 2.38415e-05
24.19 -1.90761e-05 -1.43925e-05 2.38965e-05
24.2 -1.84619e-05 -1.55927e-05 2.41655e-05
24.21 -1.74612e-05 -1.71447e-05 2.44711e-05
24.22 -1.68374e-05 -1.81262e-05 2.47398e-05
24.23 -1.58122e-05 -1.99102e-05 2.54252e-05
24.24 -1.43467e-05 -2.10878e-05 2.55054e-05
24.25 -1.3289e-05 -2.23971e-05 2.60428e-05
24.26 -1.15298e-05 -2.36794e-05 2.63372e-05
24.27 -9.75301e-06 -2.47653e-05 2.66165e-05
24.28 -7.75258e-06 -2.55242e-05 2.66756e-05
24.29 -6.02046e-06 -2.6398e-05 2.70758e-05
24.3 -3.73413e-06 -2.69158e-05 2.71736e-05
24.31 -1.73782e-06 -2.72806e-05 2.73359e-05
24.32 5.98457e-07 -2.76486e-05 2.76551e-05
24.33 2.65472e-06 -2.74343e-05 2.75624e-05
24.34 5.26488e-06 -2.75979e-05 2.80956e-05
24.35 7.69676e-06 -2.68328e-05 2.79148e-05
24.36 9.70546e-06 -2.63427e-05 2.80738e-05
24.37 1.22881e-05 -2.54555e-05 2.82662e-05
24.38 1.4315e-05 -2.42546e-05 2.81639e-05
24.39 1.6327e-05 -2.28765e-05 2.81052e-05
24.4 1.816e-05 -2.1461e-05 2.81134e-05
24.41 2.01836e-05 -1.95363e-05 2.80899e-05
24.42 2.16512e-05 -1.75768e-05 2.78876e-05
24.43 2.31435e-05 -1.54634e-05 2.78341e-05
24.44 2.41193e-05 -1.2985e-05 2.73925e-05
24.45 2.51897e-05 -1.07771e-05 2.73983e-05
24.46 2.54744e-05 -8.03197e-06 2.67107e-05
24.47 2.55787e-05 -5.88626e-06 2.62472e-05
24.48 2.59284e-05 -3.39311e-06 2.61495e-05
24.49 2.54697e-05 -1.06062e-06 2.54918e-05
24.5 2.51294e-05 1.08371e-06 2.51528e-05
24.51 2.46014e-05 3.16855e-06 2.48046e-05
24.52 2.38886e-05 5.39748e-06 2.44908e-05
24.53 2.27012e-05 7.17005e-06 2.38066e-05
24.54 2.16501e-05 8.97899e-06 2.34382e-05
24.55 2.02636e-05 1.06958e-05 2.29132e-05
24.56 1.90914e-05 1.20102e-05 2.2555e-05
24.57 1.73775e-05 1.3501e-05 2.20058e-05
24.58 1.60282e-05 1.44001e-05 2.15468e-05
24.59 1.46522e-05 1.56562e-05 2.1443e-05
24.6 1.26392e-05 1.639e-05 2.06973e-05
24.61 1.11174e-05 1.69961e-05 2.03092e-05
24.62 9.38275e-06 1.74955e-05 1.98526e-05
24.63 7.63148e-06 1.78257e-05 1.93906e-05
24.64 5.92462e-06 1.76643e-05 1.86314e-05
24.65 4.56432e-06 1.7702e-05 1.8281e-05
24.66 3.03188e-06 1.75229e-05 1.77833e-05
24.67 1.78513e-06 1.71131e-05 1.7206e-05
24.68 2.16102e-07 1.69122e-05 1.69136e-05
24.69 -8.15263e-07 1.63544e-05 1.63747e-05
24.7 -2.12229e-06 1.61296e-05 1.62686e-05
24.71 -3.53385e-06 1.53348e-05 1.57368e-05
24.72 -4.27074e-06 1.48396e-05 1.54419e-05
24.73 -5.40972e-06 1.42176e-05 1.5212e-05
24.74 -6.36678e-06 1.34792e-05 1.49072e-05
24.75 -7.22986e-06 1.26058e-05 1.4532e-05
24.76 -8.01053e-06 1.20233e-05 1.44474e-05
24.77 -8.99556e-06 1.10805e-05 1.42722e-05
24.78 -9.64864e-06 1.00432e-05 1.3927e-05
24.79 -1.04552e-05 9.18193e-06 1.39147e-05
24.8 -1.07312e-05 7.97731e-06 1.33715e-05
24.81 -1.13352e-05 7.00623e-06 1.33257e-05
24.82 -1.16514e-05 5.6502e-06 1.29492e-05
24.83 -1.15691e-05 4.81892e-06 1.25326e-05
24.84 -1.2012e-05 3.67459e-06 1.25614e-05
24.85 -1.19848e-05 2.57904e-06 1.22592e-05
24.86 -1.18913e-05 1.57693e-06 1.19954e-05
24.87 -1.17602e-05 6.80092e-07 1.17799e-05
24.88 -1.1568e-05 -5.27142e-07 1.158e-05
24.89 -1.10478e-05 -1.51284e-06 1.11509e-05
24.9 -1.06839e-05 -2.32135e-06 1.09332e-05
24.91 -9.99524e-06 -3.33981e-06 1.05385e-05
24.92 -9.65915e-06 -4.06957e-06 1.04814e-05
24.93 -8.90107e-06 -4.94563e-06 1.01827e-05
24.94 -8.08624e-06 -5.39883e-06 9.7229e-06
24.95 -7.59445e-06 -6.26832e-06 9.84721e-06
24.96 -6.46996e-06 -6.79032e-06 9.37917e-06
24.97 -5.54575e-06 -7.12088e-06 9.02564e-06
24.98 -4.67777e-06 -7.40496e-06 8.75871e-06
24.99 -3.72077e-06 -7.66156e-06 8.51725e-06
25 -2.77975e-06 -7.47408e-06 7.97426e-06
25.01 -2.07051e-06 -7.30078e-06 7.5887e-06
25.02 -1.18067e-06 -7.23504e-06 7.33074e-06
25.03 -6.45475e-07 -6.88509e-06 6.91528e-06
25.04 2.26265e-07 -6.62961e-06 6.63347e-06
25.05 7.62101e-07 -6.14314e-06 6.19023e-06
25.06 1.06396e-06 -5.98371e-06 6.07757e-06
25.07 1.70211e-06 -5.33358e-06 5.59859e-06
25.08 1.78472e-06 -4.84174e-06 5.1602e-06
25.09 1.91075e-06 -4.48886e-06 4.87861e-06
25.1 2.14508e-06 -4.10971e-06 4.63585e-06
25.11 2.23003e-06 -3.56924e-06 4.20863e-06
25.12 2.26689e-06 -3.33855e-06 4.03543e-06
25.13 2.4816e-06 -3.07156e-06 3.94877e-06
25.14 2.36827e-06 -2.55834e-06 3.48623e-06
25.15 2.54475e-06 -2.25347e-06 3.3991e-06
25.16 2.32591e-06 -1.8662e-06 2.98204e-06
25.17 2.2074e-06 -1.75054e-06 2.81726e-06
25.18 2.32366e-06 -1.27306e-06 2.64954e-06
25.19 1.99714e-06 -1.31006e-06 2.38848e-06
25.2 2.03853e-06 -1.29464e-06 2.4149e-06
25.21 2.06095e-06 -1.15051e-06 2.36034e-06
25.22 1.89042e-06 -1.04942e-06 2.16217e-06
25.23 1.83837e-06 -1.16599e-06 2.17696e-06
25.24 1.88397e-06 -1.08887e-06 2.176e-06
25.25 1.72465e-06 -9.38196e-07 1.96332e-06
25.26 1.95121e-06 -1.08984e-06 2.23495e-06
25.27 1.89888e-06 -1.05982e-06 2.17462e-06
25.28 2.14238e-06 -1.07006e-06 2.39474e-06
25.29 2.3902e-06 -7.70794e-07 2.51141e-06
25.3 2.29882e-06 -8.69709e-07 2.45784e-06
25.31 2.5906e-06 -5.23292e-07 2.64292e-06
25.32 2.60095e-06 -1.64106e-07 2.60612e-06
25.33 2.52029e-06 -8.41277e-09 2.52031e-06
25.34 2.61205e-06 1.27018e-07 2.61513e-06
25.35 2.6223e-06 4.38788e-07 2.65876e-06
25.36 2.47592e-06 6.53739e-07 2.56077e-06
25.37 2.56659e-06 6.94048e-07 2.65877e-06
25.38 2.29571e-06 1.05332e-06 2.52582e-06
25.39 2.26942e-06 1.32301e-06 2.62691e-06
25.4 2.08774e-06 1.65233e-06 2.66249e-06
25.41 1.76706e-06 1.65543e-06 2.42135e-06
25.42 1.80824e-06 2.07896e-06 2.75533e-06
25.43 1.49636e-06 2.2073e-06 2.66669e-06
25.44 1.28286e-06 2.19764e-06 2.54467e-06
25.45 1.17489e-06 2.41581e-06 2.68635e-06
25.46 8.30652e-07 2.64122e-06 2.76876e-06
25.47 5.02549e-07 2.65811e-06 2.7052e-06
25.48 3.16404e-07 2.61185e-06 2.63094e-06
25.49 -1.33465e-07 2.69576e-06 2.69906e-06
25.5 -2.54063e-07 2.48419e-06 2.49715e-06
25.51 -5.48702e-07 2.24028e-06 2.3065e-06
25.52 -7.90704e-07 1.90818e-06 2.06552e-06
25.53 -7.97828e-07 1.93602e-06 2.09397e-06
25.54 -1.12277e-06 1.56755e-06 1.92816e-06
25.55 -1.18225e-06 1.34767e-06 1.79274e-06
25.56 -1.19958e-06 1.31782e-06 1.78204e-06
25.57 -1.37759e-06 1.07123e-06 1.74508e-06
25.58 -1.31184e-06 7.31579e-07 1.50204e-06
25.59 -1.22496e-06 5.52928e-07 1.34397e-06
25.6 -1.33704e-06 4.77124e-07 1.41962e-06
25.61 -1.14806e-06 1.98553e-07 1.1651e-06
25.62 -1.25981e-06 1.14169e-07 1.26497e-06
25.63 -1.24935e-06 2.0403e-08 1.24951e-06
25.64 -1.15601e-06 4.02151e-08 1.15671e-06
25.65 -1.29782e-06 -3.66092e-07 1.34847e-06
25.66 -1.11938e-06 -4.10278e-07 1.1922e-06
25.67 -1.05625e-06 -4.37599e-07 1.14331e-06
25.68 -1.10318e-06 -6.79453e-07 1.29563e-06
25.69 -9.11176e-07 -6.85574e-07 1.14029e-06
25.7 -8.86291e-07 -5.37816e-07 1.03671e-06
25.71 -9.31327e-07 -4.55902e-07 1.03693e-06
25.72 -6.8306e-07 -5.51307e-07 8.77787e-07
25.73 -7.48104e-07 -4.10136e-07 8.53153e-07
25.74 -5.62754e-07 -3.91258e-07 6.85401e-07
25.75 -4.21692e-07 -3.8066e-07 5.6809e-07
25.76 -4.64319e-07 -5.42882e-07 7.14362e-07
25.77 -2.63281e-07 -2.65629e-07 3.74e-07
25.78 -3.05792e-07 -2.72367e-07 4.09503e-07
25.79 -3.29237e-07 -4.26806e-07 5.39037e-07
25.8 -1.62416e-07 -3.14128e-07 3.53631e-07
25.81 -1.91644e-07 -3.72286e-07 4.18717e-07
25.82 -1.19417e-07 -5.3758e-07 5.50684e-07
25.83 1.13596e-07 -6.98551e-07 7.07727e-07
25.84 3.58915e-08 -5.70542e-07 5.71669e-07
25.85 2.58965e-07 -6.28215e-07 6.79498e-07
25.86 3.25153e-07 -6.43232e-07 7.20744e-07
25.87 3.25299e-07 -6.5684e-07 7.32979e-07
25.88 5.62768e-07 -4.6693e-07 7.31253e-07
25.89 5.37162e-07 -6.99107e-07 8.81642e-07
25.9 6.08511e-07 -8.06828e-07 1.01057e-06
25.91 7.25979e-07 -6.43617e-07 9.702e-07
25.92 5.82425e-07 -7.55726e-07 9.54118e-07
25.93 5.84888e-07 -7.47746e-07 9.49326e-07
25.94 5.51135e-07 -6.48549e-07 8.51097e-07
25.95 3.12137e-07 -4.75048e-07 5.68419e-07
25.96 3.87019e-07 -5.70323e-07 6.8924e-07
25.97 2.31097e-07 -5.3226e-07 5.80264e-07
25.98 1.40574e-07 -4.28937e-07 4.51385e-07
25.99 1.99032e-07 -2.59609e-07 3.27125e-07
26 1.34226e-08 -3.12802e-07 3.1309e-07
