0 0.000166038 -0.000346788 0.000384487
0.01 0.000330837 -0.00069239 0.00076737
0.02 0.000492863 -0.00103584 0.00114712
0.03 0.00065088 -0.00137507 0.00152133
0.04 0.000804056 -0.00170919 0.00188887
0.05 0.000950584 -0.00203708 0.00224795
0.06 0.00108932 -0.00235767 0.00259715
0.07 0.00121951 -0.00266959 0.00293495
0.08 0.00133936 -0.00297145 0.00325936
0.09 0.00144842 -0.00326248 0.00356955
0.1 0.00154564 -0.00354131 0.00386392
0.11 0.00162988 -0.00380699 0.00414122
0.12 0.0017004 -0.00405842 0.00440024
0.13 0.0017566 -0.00429438 0.00463975
0.14 0.00179763 -0.00451463 0.00485936
0.15 0.00182293 -0.00471752 0.00505748
0.16 0.00183245 -0.00490237 0.00523365
0.17 0.00182524 -0.00506835 0.00538699
0.18 0.00180111 -0.00521505 0.00551731
0.19 0.0017603 -0.00534188 0.00562444
0.2 0.00170224 -0.00544771 0.00570747
0.21 0.00162744 -0.0055321 0.00576651
0.22 0.00153609 -0.00559449 0.00580155
0.23 0.00142804 -0.00563495 0.00581308
0.24 0.00130392 -0.00565305 0.00580148
0.25 0.00116441 -0.00564787 0.00576665
0.26 0.00100993 -0.00561974 0.00570977
0.27 0.000841109 -0.00556835 0.00563152
0.28 0.000659086 -0.00549388 0.00553327
0.29 0.000464346 -0.0053963 0.00541624
0.3 0.000258018 -0.00527542 0.00528173
0.31 4.16223e-05 -0.00513192 0.00513209
0.32 -0.000184222 -0.00496566 0.00496907
0.33 -0.000417897 -0.00477732 0.00479556
0.34 -0.000657882 -0.00456684 0.00461398
0.35 -0.000903308 -0.00433528 0.00442839
0.36 -0.00115237 -0.00408338 0.00424287
0.37 -0.00140351 -0.00381138 0.00406158
0.38 -0.0016552 -0.00352018 0.0038899
0.39 -0.00190604 -0.00321058 0.00373374
0.4 -0.00215404 -0.00288387 0.00359953
0.41 -0.00239804 -0.00254133 0.00349413
0.42 -0.0026361 -0.00218335 0.00342287
0.43 -0.00286613 -0.00181138 0.00339054
0.44 -0.00308712 -0.0014265 0.00340077
0.45 -0.00329726 -0.00103069 0.0034546
0.46 -0.00349463 -0.000624946 0.00355007
0.47 -0.00367809 -0.000210591 0.00368411
0.48 -0.00384581 0.000210612 0.00385157
0.49 -0.00399638 0.000637351 0.00404689
0.5 -0.0041286 0.0010675 0.00426438
0.51 -0.00424107 0.00149981 0.00449846
0.52 -0.00433221 0.0019325 0.00474369
0.53 -0.00440128 0.0023635 0.00499574
0.54 -0.00444728 0.00279144 0.00525075
0.55 -0.00446863 0.00321433 0.0055046
0.56 -0.00446512 0.00363069 0.00575492
0.57 -0.00443589 0.00403817 0.00599866
0.58 -0.0043802 0.00443491 0.00623334
0.59 -0.00429799 0.00481946 0.00645755
0.6 -0.00418861 0.00518987 0.00666927
0.61 -0.00405183 0.00554474 0.00686742
0.62 -0.0038881 0.00588147 0.00705046
0.63 -0.00369743 0.00619863 0.00721762
0.64 -0.00347972 0.00649477 0.00736821
0.65 -0.00323563 0.00676822 0.00750188
0.66 -0.00296607 0.00701753 0.00761862
0.67 -0.00267134 0.00724066 0.00771772
0.68 -0.0023528 0.00743643 0.00779975
0.69 -0.00201123 0.00760353 0.00786503
0.7 -0.00164767 0.00774058 0.007914
0.71 -0.00126415 0.00784664 0.00794781
0.72 -0.000861883 0.00792016 0.00796692
0.73 -0.000442149 0.00796074 0.00797301
0.74 -7.02967e-06 0.00796708 0.00796709
0.75 0.000441415 0.00793854 0.0079508
0.76 0.000901461 0.00787476 0.00792619
0.77 0.00137075 0.00777508 0.00789499
0.78 0.00184719 0.00763969 0.00785983
0.79 0.00232863 0.00746764 0.00782228
0.8 0.00281218 0.00725927 0.00778494
0.81 0.00329546 0.00701469 0.00775022
0.82 0.00377655 0.00673439 0.00772103
0.83 0.00425216 0.00641897 0.00769961
0.84 0.0047198 0.0060685 0.00768786
0.85 0.00517708 0.00568402 0.00768832
0.86 0.00562132 0.00526655 0.00770297
0.87 0.0060498 0.00481722 0.00773342
0.88 0.00646004 0.00433759 0.00778118
0.89 0.00684892 0.00382847 0.00784633
0.9 0.00721429 0.00329199 0.00792989
0.91 0.00755406 0.00272941 0.00803203
0.92 0.00786533 0.00214304 0.00815206
0.93 0.0081454 0.00153491 0.00828876
0.94 0.00839272 0.000906961 0.00844158
0.95 0.00860486 0.000261959 0.00860885
0.96 0.00878013 -0.000398137 0.00878915
0.97 0.00891658 -0.00107041 0.0089806
0.98 0.0090122 -0.00175214 0.00918095
0.99 0.00906562 -0.0024406 0.00938839
1 0.00907598 -0.00313263 0.0096014
1.01 0.00904156 -0.00382574 0.00981764
1.02 0.00896137 -0.00451644 0.0100352
1.03 0.00883512 -0.00520196 0.0102528
1.04 0.008662 -0.00587881 0.0104686
1.05 0.00844157 -0.00654369 0.0106808
1.06 0.00817397 -0.00719382 0.0108887
1.07 0.00785915 -0.00782545 0.0110907
1.08 0.00749771 -0.00843581 0.0112862
1.09 0.00709062 -0.00902142 0.0114744
1.1 0.00663793 -0.00957895 0.0116541
1.11 0.00614085 -0.0101056 0.0118251
1.12 0.00560134 -0.010598 0.0119872
1.13 0.00502086 -0.0110538 0.0121406
1.14 0.00440102 -0.0114694 0.0122848
1.15 0.00374395 -0.0118424 0.0124201
1.16 0.00305171 -0.0121701 0.0125469
1.17 0.00232717 -0.0124498 0.0126654
1.18 0.00157342 -0.0126797 0.0127769
1.19 0.000792922 -0.0128569 0.0128813
1.2 -1.13449e-05 -0.0129798 0.0129798
1.21 -0.000835559 -0.0130467 0.0130734
1.22 -0.00167647 -0.013056 0.0131632
1.23 -0.00253054 -0.0130064 0.0132503
1.24 -0.0033935 -0.0128965 0.0133355
1.25 -0.00426185 -0.0127259 0.0134206
1.26 -0.00513134 -0.0124938 0.0135065
1.27 -0.00599776 -0.0121999 0.0135945
1.28 -0.00685717 -0.0118442 0.0136859
1.29 -0.00770514 -0.0114265 0.0137816
1.3 -0.00853688 -0.0109481 0.0138831
1.31 -0.00934845 -0.0104094 0.013991
1.32 -0.0101357 -0.00981137 0.0141066
1.33 -0.0108942 -0.00915577 0.0142307
1.34 -0.0116195 -0.00844401 0.0143636
1.35 -0.0123075 -0.00767858 0.0145064
1.36 -0.0129535 -0.00686126 0.0146585
1.37 -0.0135545 -0.00599473 0.0148209
1.38 -0.0141061 -0.00508178 0.0149935
1.39 -0.0146044 -0.00412598 0.0151761
1.4 -0.015046 -0.00313057 0.0153682
1.41 -0.0154274 -0.00209851 0.0155695
1.42 -0.0157455 -0.00103449 0.0157794
1.43 -0.0159975 5.7634e-05 0.0159976
1.44 -0.0161807 0.0011732 0.0162232
1.45 -0.0162926 0.00230772 0.0164552
1.46 -0.0163308 0.0034571 0.0166927
1.47 -0.016294 0.00461587 0.0169352
1.48 -0.0161802 0.00577883 0.0171812
1.49 -0.0159887 0.00694084 0.0174302
1.5 -0.0157184 0.00809699 0.0176813
1.51 -0.0153685 0.00924171 0.0179332
1.52 -0.0149394 0.0103693 0.0181854
1.53 -0.0144312 0.0114747 0.0184372
1.54 -0.0138444 0.0125518 0.0186873
1.55 -0.01318 0.0135956 0.0189355
1.56 -0.0124397 0.0146006 0.0191813
1.57 -0.011625 0.0155608 0.0194236
1.58 -0.0107379 0.0164717 0.0196626
1.59 -0.00978147 0.0173278 0.0198979
1.6 -0.00875802 0.0181238 0.020129
1.61 -0.00767141 0.0188549 0.0203558
1.62 -0.00652518 0.0195166 0.0205785
1.63 -0.00532287 0.0201044 0.0207971
1.64 -0.00406937 0.020614 0.0210118
1.65 -0.00276925 0.0210416 0.0212231
1.66 -0.00142765 0.0213828 0.0214304
1.67 -4.95594e-05 0.0216348 0.0216349
1.68 0.00135938 0.0217951 0.0218374
1.69 0.00279318 0.0218603 0.022038
1.7 0.00424572 0.0218284 0.0222375
1.71 0.00571055 0.0216975 0.0224364
1.72 0.00718192 0.0214659 0.0226355
1.73 0.00865274 0.021133 0.0228358
1.74 0.0101159 0.0206982 0.0230379
1.75 0.0115649 0.020161 0.0232425
1.76 0.0129927 0.0195217 0.0234501
1.77 0.0143928 0.0187815 0.0236621
1.78 0.0157577 0.0179411 0.0238786
1.79 0.0170803 0.0170027 0.0241004
1.8 0.018354 0.0159687 0.0243283
1.81 0.0195718 0.0148412 0.0245625
1.82 0.0207276 0.0136238 0.024804
1.83 0.0218139 0.0123202 0.0250526
1.84 0.0228249 0.0109342 0.0253088
1.85 0.0237543 0.00947081 0.0255727
1.86 0.0245962 0.00793475 0.0258444
1.87 0.0253452 0.0063315 0.0261241
1.88 0.0259957 0.00466692 0.0264113
1.89 0.026543 0.00294762 0.0267061
1.9 0.0269825 0.00117958 0.0270082
1.91 0.0273096 -0.000629648 0.0273169
1.92 0.027521 -0.00247264 0.0276319
1.93 0.0276131 -0.00434228 0.0279524
1.94 0.0275837 -0.00623059 0.0282786
1.95 0.0274298 -0.00812915 0.028609
1.96 0.0271498 -0.0100301 0.0289433
1.97 0.0267423 -0.0119245 0.0292804
1.98 0.0262067 -0.013804 0.02962
1.99 0.0255434 -0.0156602 0.0299618
2 0.0247522 -0.017484 0.0303045
2.01 0.0238342 -0.0192661 0.0306473
2.02 0.022791 -0.0209986 0.0309899
2.03 0.0216248 -0.0226726 0.0313318
2.04 0.0203389 -0.0242792 0.0316726
2.05 0.0189361 -0.02581 0.0320114
2.06 0.0174207 -0.0272567 0.0323483
2.07 0.0157971 -0.0286114 0.0326827
2.08 0.0140703 -0.0298667 0.033015
2.09 0.0122466 -0.0310145 0.0333449
2.1 0.0103319 -0.0320474 0.0336717
2.11 0.00833311 -0.0329592 0.0339963
2.12 0.00625702 -0.0337436 0.0343188
2.13 0.00411186 -0.0343945 0.0346394
2.14 0.0019059 -0.0349065 0.0349585
2.15 -0.000352389 -0.0352745 0.0352763
2.16 -0.00265375 -0.0354943 0.0355933
2.17 -0.00498939 -0.0355625 0.0359108
2.18 -0.00734883 -0.035476 0.0362291
2.19 -0.0097221 -0.0352317 0.0365485
2.2 -0.0120994 -0.0348284 0.0368702
2.21 -0.01447 -0.0342645 0.0371946
2.22 -0.0168234 -0.0335395 0.0375223
2.23 -0.0191484 -0.0326541 0.0378543
2.24 -0.0214346 -0.031609 0.0381912
2.25 -0.0236711 -0.0304056 0.0385334
2.26 -0.0258472 -0.0290468 0.0388818
2.27 -0.027952 -0.0275351 0.0392365
2.28 -0.0299745 -0.025875 0.0395978
2.29 -0.031905 -0.0240708 0.0399666
2.3 -0.0337329 -0.0221281 0.040343
2.31 -0.035448 -0.0200523 0.0407266
2.32 -0.0370412 -0.0178507 0.0411181
2.33 -0.0385028 -0.0155303 0.041517
2.34 -0.0398244 -0.0130991 0.0419234
2.35 -0.0409974 -0.0105661 0.0423371
2.36 -0.0420139 -0.00794048 0.0427577
2.37 -0.0428664 -0.00523161 0.0431845
2.38 -0.0435488 -0.00245035 0.0436177
2.39 -0.0440548 0.00039297 0.0440566
2.4 -0.0443785 0.00328639 0.0445
2.41 -0.0445155 0.00621858 0.0449478
2.42 -0.044462 0.00917739 0.0453993
2.43 -0.0442147 0.0121509 0.045854
2.44 -0.0437718 0.0151259 0.0463116
2.45 -0.0431308 0.0180893 0.0467706
2.46 -0.0422912 0.0210286 0.0472308
2.47 -0.0412534 0.0239305 0.0476918
2.48 -0.0400186 0.0267818 0.0481534
2.49 -0.0385884 0.0295692 0.0486148
2.5 -0.0369656 0.0322789 0.0490753
2.51 -0.0351538 0.0348989 0.0495351
2.52 -0.0331573 0.0374161 0.0499937
2.53 -0.0309823 0.0398177 0.0504515
2.54 -0.0286351 0.042091 0.050908
2.55 -0.0261221 0.0442242 0.0513629
2.56 -0.0234519 0.0462061 0.051817
2.57 -0.0206331 0.0480255 0.0522702
2.58 -0.0176755 0.0496719 0.0527231
2.59 -0.0145899 0.0511346 0.0531753
2.6 -0.0113868 0.0524045 0.0536273
2.61 -0.00807774 0.0534734 0.0540801
2.62 -0.00467592 0.054333 0.0545339
2.63 -0.00119454 0.0549764 0.0549894
2.64 0.00235319 0.0553966 0.0554465
2.65 0.0059531 0.0555883 0.0559062
2.66 0.00959058 0.0555471 0.056369
2.67 0.0132506 0.0552693 0.0568355
2.68 0.0169172 0.0547525 0.0573064
2.69 0.0205754 0.053994 0.0577815
2.7 0.0242097 0.0529937 0.0582618
2.71 0.0278037 0.0517518 0.0587477
2.72 0.0313411 0.0502698 0.0592395
2.73 0.0348062 0.0485502 0.0597377
2.74 0.0381826 0.0465958 0.0602418
2.75 0.0414549 0.0444116 0.0607527
2.76 0.0446073 0.042003 0.0612705
2.77 0.0476242 0.0393771 0.061795
2.78 0.0504901 0.0365412 0.0623259
2.79 0.0531912 0.0335034 0.0628632
2.8 0.0557127 0.0302742 0.0634069
2.81 0.0580415 0.026864 0.0639569
2.82 0.0601644 0.0232843 0.0645129
2.83 0.0620688 0.0195476 0.0650742
2.84 0.063743 0.0156669 0.0656401
2.85 0.065177 0.0116567 0.0662112
2.86 0.0663602 0.00753204 0.0667863
2.87 0.0672841 0.00330849 0.0673654
2.88 0.0679401 -0.000998106 0.0679474
2.89 0.0683216 -0.00537066 0.0685323
2.9 0.0684226 -0.00979143 0.0691197
2.91 0.0682388 -0.0142431 0.0697094
2.92 0.0677657 -0.0187066 0.0703003
2.93 0.0670012 -0.0231641 0.0708924
2.94 0.0659442 -0.0275965 0.0714857
2.95 0.0645947 -0.0319847 0.0720798
2.96 0.0629532 -0.0363097 0.072674
2.97 0.061023 -0.0405523 0.0732686
2.98 0.0588068 -0.0446933 0.0738629
2.99 0.0563106 -0.048714 0.0744576
3 0.0535402 -0.052596 0.0750526
3.01 0.0505029 -0.0563206 0.0756476
3.02 0.0472076 -0.0598695 0.0762425
3.03 0.0436642 -0.0632261 0.0768381
3.04 0.039884 -0.0663727 0.0774343
3.05 0.035879 -0.0692935 0.0780313
3.06 0.0316629 -0.0719728 0.0786296
3.07 0.02725 -0.0743956 0.0792293
3.08 0.0226556 -0.0765485 0.0798307
3.09 0.0178967 -0.0784184 0.0804347
3.1 0.0129903 -0.0799929 0.0810409
3.11 0.00795511 -0.0812615 0.0816499
3.12 0.00281005 -0.0822146 0.0822626
3.13 -0.00242536 -0.0828435 0.082879
3.14 -0.00773026 -0.0831405 0.0834991
3.15 -0.0130838 -0.0831002 0.0841239
3.16 -0.0184642 -0.0827174 0.0847531
3.17 -0.0238499 -0.0819889 0.0853873
3.18 -0.0292185 -0.0809131 0.086027
3.19 -0.0345472 -0.079489 0.0866718
3.2 -0.0398139 -0.0777177 0.0873223
3.21 -0.0449953 -0.075602 0.0879786
3.22 -0.0500694 -0.073145 0.0886405
3.23 -0.0550132 -0.0703525 0.089308
3.24 -0.0598044 -0.0672314 0.0899813
3.25 -0.0644215 -0.0637898 0.0906602
3.26 -0.0688426 -0.0600372 0.0913443
3.27 -0.0730472 -0.0559851 0.0920339
3.28 -0.0770144 -0.0516457 0.0927281
3.29 -0.0807248 -0.0470331 0.093427
3.3 -0.0841598 -0.0421626 0.0941305
3.31 -0.0873011 -0.0370504 0.0948378
3.32 -0.0901321 -0.0317139 0.0955487
3.33 -0.0926366 -0.0261728 0.0962629
3.34 -0.0948 -0.0204461 0.0969798
3.35 -0.0966088 -0.0145551 0.0976991
3.36 -0.0980507 -0.00852181 0.0984203
3.37 -0.099115 -0.00236891 0.0991433
3.38 -0.099792 0.00388017 0.0998674
3.39 -0.100074 0.0102009 0.100593
3.4 -0.0999547 0.0165689 0.101319
3.41 -0.0994287 0.0229584 0.102045
3.42 -0.0984933 0.0293437 0.102771
3.43 -0.0971465 0.0356986 0.103498
3.44 -0.0953886 0.0419975 0.104225
3.45 -0.0932214 0.0482132 0.104951
3.46 -0.090648 0.0543199 0.105677
3.47 -0.0876741 0.0602912 0.106404
3.48 -0.0843062 0.0661009 0.10713
3.49 -0.0805532 0.0717235 0.107857
3.5 -0.076425 0.0771337 0.108584
3.51 -0.0719342 0.0823069 0.109311
3.52 -0.0670936 0.0872193 0.11004
3.53 -0.0619185 0.0918474 0.110769
3.54 -0.0564262 0.0961689 0.111501
3.55 -0.0506344 0.100162 0.112233
3.56 -0.0445629 0.103808 0.112969
3.57 -0.0382329 0.107087 0.113707
3.58 -0.0316663 0.10998 0.114448
3.59 -0.0248871 0.112472 0.115192
3.6 -0.0179199 0.114547 0.11594
3.61 -0.0107904 0.116193 0.116693
3.62 -0.00352529 0.117396 0.117449
3.63 0.00384741 0.118147 0.11821
3.64 0.0112998 0.118437 0.118975
3.65 0.018803 0.11826 0.119746
3.66 0.0263269 0.117611 0.120521
3.67 0.0338418 0.116485 0.121301
3.68 0.0413176 0.114883 0.122087
3.69 0.0487232 0.112805 0.122877
3.7 0.056029 0.110253 0.123673
3.71 0.0632039 0.107232 0.124472
3.72 0.0702176 0.103748 0.125276
3.73 0.0770404 0.0998107 0.126085
3.74 0.0836428 0.0954293 0.126897
3.75 0.0899953 0.0906166 0.127713
3.76 0.0960701 0.0853868 0.128532
3.77 0.10184 0.0797556 0.129353
3.78 0.107277 0.0737412 0.130177
3.79 0.112357 0.0673624 0.131003
3.8 0.117055 0.060641 0.131831
3.81 0.121348 0.0535998 0.132659
3.82 0.125215 0.0462626 0.133488
3.83 0.128635 0.0386557 0.134318
3.84 0.13159 0.0308058 0.135147
3.85 0.134061 0.0227417 0.135977
3.86 0.136036 0.0144926 0.136806
3.87 0.137499 0.00608936 0.137633
3.88 0.138439 -0.0024366 0.13846
3.89 0.138847 -0.011053 0.139286
3.9 0.138716 -0.0197265 0.140112
3.91 0.138039 -0.0284238 0.140935
3.92 0.136815 -0.0371111 0.141759
3.93 0.135041 -0.045753 0.142581
3.94 0.132718 -0.0543159 0.143403
3.95 0.129851 -0.0627648 0.144224
3.96 0.126443 -0.0710653 0.145045
3.97 0.122504 -0.079183 0.145867
3.98 0.118042 -0.0870842 0.146689
3.99 0.11307 -0.0947353 0.147512
4 0.107603 -0.102104 0.148336
4.01 0.101655 -0.109158 0.149162
4.02 0.0952467 -0.115866 0.14999
4.03 0.088397 -0.122199 0.15082
4.04 0.0811287 -0.128128 0.151653
4.05 0.073466 -0.133625 0.152489
4.06 0.0654347 -0.138664 0.153328
4.07 0.0570629 -0.143221 0.154171
4.08 0.0483794 -0.147274 0.155017
4.09 0.0394153 -0.150801 0.155867
4.1 0.0302028 -0.153783 0.15672
4.11 0.0207753 -0.156202 0.157578
4.12 0.0111678 -0.158045 0.158439
4.13 0.00141552 -0.159297 0.159304
4.14 -0.00844439 -0.159949 0.160172
4.15 -0.0183749 -0.159991 0.161043
4.16 -0.0283381 -0.159417 0.161917
4.17 -0.0382953 -0.158224 0.162793
4.18 -0.048208 -0.15641 0.163671
4.19 -0.0580368 -0.153976 0.16455
4.2 -0.0677432 -0.150925 0.165431
4.21 -0.0772881 -0.147264 0.166313
4.22 -0.086633 -0.143 0.167195
4.23 -0.0957397 -0.138144 0.168077
4.24 -0.104571 -0.13271 0.168958
4.25 -0.113089 -0.126713 0.169839
4.26 -0.121259 -0.12017 0.170718
4.27 -0.129046 -0.113103 0.171596
4.28 -0.136416 -0.105533 0.172472
4.29 -0.143337 -0.0974842 0.173345
4.3 -0.149778 -0.0889842 0.174217
4.31 -0.15571 -0.0800616 0.175087
4.32 -0.161105 -0.0707464 0.175954
4.33 -0.165938 -0.0610712 0.176819
4.34 -0.170185 -0.0510699 0.177682
4.35 -0.173824 -0.0407776 0.178543
4.36 -0.176836 -0.0302319 0.179402
4.37 -0.179205 -0.0194706 0.180259
4.38 -0.180914 -0.00853331 0.181115
4.39 -0.181952 0.00253967 0.18197
4.4 -0.18231 0.0137069 0.182824
4.41 -0.181979 0.0249264 0.183678
4.42 -0.180955 0.036156 0.184532
4.43 -0.179236 0.0473522 0.185386
4.44 -0.176823 0.0584723 0.18624
4.45 -0.173719 0.069473 0.187095
4.46 -0.16993 0.0803111 0.187952
4.47 -0.165465 0.0909441 0.18881
4.48 -0.160335 0.101329 0.18967
4.49 -0.154554 0.111425 0.190532
4.5 -0.148139 0.121191 0.191396
4.51 -0.141108 0.130586 0.192261
4.52 -0.133485 0.139573 0.193129
4.53 -0.125293 0.148112 0.193999
4.54 -0.116558 0.156168 0.19487
4.55 -0.10731 0.163708 0.195744
4.56 -0.0975787 0.170697 0.196619
4.57 -0.0873977 0.177104 0.197495
4.58 -0.0768026 0.182902 0.198373
4.59 -0.0658294 0.188063 0.199251
4.6 -0.0545172 0.192562 0.20013
4.61 -0.0429062 0.196377 0.201009
4.62 -0.0310378 0.199488 0.201888
4.63 -0.0189549 0.201878 0.202766
4.64 -0.00670171 0.203533 0.203644
4.65 0.00567692 0.204441 0.204519
4.66 0.0181353 0.204592 0.205394
4.67 0.0306268 0.20398 0.206266
4.68 0.043105 0.202602 0.207136
4.69 0.0555226 0.200456 0.208004
4.7 0.0678319 0.197547 0.208868
4.71 0.0799866 0.193878 0.20973
4.72 0.0919394 0.189458 0.210588
4.73 0.103644 0.184299 0.211443
4.74 0.115055 0.178413 0.212294
4.75 0.126127 0.171818 0.213142
4.76 0.136816 0.164535 0.213987
4.77 0.14708 0.156584 0.214828
4.78 0.156877 0.147992 0.215666
4.79 0.166167 0.138785 0.216501
4.8 0.174911 0.128995 0.217333
4.81 0.183074 0.118653 0.218162
4.82 0.190621 0.107795 0.218989
4.83 0.19752 0.0964576 0.219814
4.84 0.203739 0.08468 0.220636
4.85 0.209252 0.0725031 0.221457
4.86 0.214034 0.0599697 0.222277
4.87 0.218061 0.0471241 0.223095
4.88 0.221314 0.0340125 0.223912
4.89 0.223774 0.0206814 0.224728
4.9 0.225429 0.00717925 0.225544
4.91 0.226267 -0.00644458 0.226359
4.92 0.226279 -0.0201404 0.227174
4.93 0.22546 -0.0338583 0.227988
4.94 0.223808 -0.0475465 0.228803
4.95 0.221323 -0.0611548 0.229617
4.96 0.21801 -0.0746317 0.230431
4.97 0.213876 -0.0879265 0.231244
4.98 0.208931 -0.100989 0.232058
4.99 0.203187 -0.11377 0.23287
5 0.196663 -0.126219 0.233682
5.01 0.189376 -0.138289 0.234493
5.02 0.181349 -0.149933 0.235303
5.03 0.172608 -0.161105 0.236111
5.04 0.16318 -0.171761 0.236917
5.05 0.153097 -0.18186 0.237722
5.06 0.142391 -0.19136 0.238524
5.07 0.131098 -0.200223 0.239324
5.08 0.119256 -0.208412 0.24012
5.09 0.106906 -0.215894 0.240914
5.1 0.0940906 -0.222638 0.241704
5.11 0.0808534 -0.228614 0.24249
5.12 0.0672414 -0.233795 0.243273
5.13 0.0533019 -0.23816 0.244052
5.14 0.0390844 -0.241686 0.244826
5.15 0.0246396 -0.244357 0.245596
5.16 0.0100191 -0.246158 0.246362
5.17 -0.00472488 -0.247078 0.247123
5.18 -0.0195385 -0.247109 0.24788
5.19 -0.0343688 -0.246246 0.248633
5.2 -0.0491612 -0.244487 0.249381
5.21 -0.0638613 -0.241834 0.250124
5.22 -0.0784156 -0.238293 0.250864
5.23 -0.09277 -0.233872 0.251599
5.24 -0.106871 -0.228582 0.252331
5.25 -0.120666 -0.222438 0.253059
5.26 -0.134104 -0.215458 0.253784
5.27 -0.147133 -0.207664 0.254505
5.28 -0.159705 -0.19908 0.255223
5.29 -0.171772 -0.189734 0.255938
5.3 -0.183286 -0.179655 0.256651
5.31 -0.194205 -0.168877 0.257362
5.32 -0.204486 -0.157436 0.258071
5.33 -0.214087 -0.14537 0.258777
5.34 -0.222972 -0.132719 0.259482
5.35 -0.231104 -0.119528 0.260184
5.36 -0.238452 -0.105841 0.260886
5.37 -0.244984 -0.0917046 0.261585
5.38 -0.250673 -0.0771695 0.262283
5.39 -0.255496 -0.0622858 0.262979
5.4 -0.259431 -0.0471057 0.263673
5.41 -0.26246 -0.0316824 0.264365
5.42 -0.264567 -0.0160713 0.265055
5.43 -0.265742 -0.000326945 0.265742
5.44 -0.265977 0.0154941 0.266428
5.45 -0.265266 0.0313352 0.26711
5.46 -0.263607 0.0471397 0.267789
5.47 -0.261004 0.0628504 0.268465
5.48 -0.257462 0.0784105 0.269137
5.49 -0.252989 0.0937637 0.269805
5.5 -0.247597 0.108854 0.270469
5.51 -0.241304 0.123626 0.271129
5.52 -0.234126 0.138026 0.271783
5.53 -0.226087 0.152 0.272433
5.54 -0.217213 0.165498 0.273077
5.55 -0.207531 0.178469 0.273715
5.56 -0.197073 0.190864 0.274348
5.57 -0.185874 0.202638 0.274975
5.58 -0.173971 0.213746 0.275596
5.59 -0.161403 0.224147 0.276211
5.6 -0.148214 0.233799 0.27682
5.61 -0.134447 0.242667 0.277423
5.62 -0.12015 0.250716 0.278019
5.63 -0.105373 0.257915 0.27861
5.64 -0.0901651 0.264235 0.279195
5.65 -0.0745794 0.269651 0.279775
5.66 -0.0586706 0.274141 0.280349
5.67 -0.0424935 0.277685 0.280918
5.68 -0.0261049 0.280269 0.281482
5.69 -0.00956227 0.281879 0.282041
5.7 0.00707655 0.282507 0.282596
5.71 0.0237528 0.282148 0.283146
5.72 0.0404073 0.2808 0.283692
5.73 0.0569817 0.278465 0.284235
5.74 0.0734168 0.275148 0.284774
5.75 0.0896539 0.270858 0.28531
5.76 0.105635 0.265607 0.285842
5.77 0.121304 0.259411 0.286372
5.78 0.136604 0.25229 0.286898
5.79 0.151479 0.244265 0.287422
5.8 0.165878 0.235363 0.287943
5.81 0.179746 0.225612 0.288461
5.82 0.193035 0.215045 0.288976
5.83 0.205696 0.203696 0.289488
5.84 0.217683 0.191604 0.289996
5.85 0.228952 0.178808 0.290502
5.86 0.239461 0.165353 0.291004
5.87 0.249173 0.151283 0.291502
5.88 0.258049 0.136647 0.291996
5.89 0.266059 0.121493 0.292486
5.9 0.273171 0.105875 0.292971
5.91 0.279359 0.0898448 0.293451
5.92 0.284599 0.0734584 0.293927
5.93 0.28887 0.0567719 0.294396
5.94 0.292156 0.0398429 0.29486
5.95 0.294442 0.0227297 0.295318
5.96 0.295718 0.00549205 0.295769
5.97 0.295979 -0.0118108 0.296214
5.98 0.29522 -0.0291187 0.296653
5.99 0.293444 -0.0463714 0.297085
6 0.290652 -0.0635087 0.29751
6.01 0.286854 -0.0804713 0.297928
6.02 0.282062 -0.0971993 0.298339
6.03 0.276288 -0.113635 0.298744
6.04 0.269552 -0.129721 0.299142
6.05 0.261876 -0.1454 0.299533
6.06 0.253284 -0.160618 0.299918
6.07 0.243804 -0.175321 0.300297
6.08 0.233469 -0.189457 0.300669
6.09 0.222312 -0.202978 0.301036
6.1 0.21037 -0.215835 0.301397
6.11 0.197684 -0.227982 0.301753
6.12 0.184297 -0.239378 0.302104
6.13 0.170252 -0.24998 0.30245
6.14 0.155599 -0.259753 0.302792
6.15 0.140387 -0.268661 0.303129
6.16 0.124667 -0.276672 0.303462
6.17 0.108493 -0.283757 0.303791
6.18 0.0919198 -0.289892 0.304116
6.19 0.0750037 -0.295054 0.304437
6.2 0.0578029 -0.299223 0.304755
6.21 0.0403757 -0.302385 0.305068
6.22 0.022782 -0.304527 0.305378
6.23 0.00508188 -0.305641 0.305683
6.24 -0.0126643 -0.305722 0.305985
6.25 -0.0303959 -0.304769 0.306281
6.26 -0.0480518 -0.302785 0.306574
6.27 -0.0655718 -0.299773 0.306861
6.28 -0.0828963 -0.295745 0.307143
6.29 -0.0999653 -0.290713 0.30742
6.3 -0.116721 -0.284693 0.307692
6.31 -0.133106 -0.277706 0.307957
6.32 -0.149063 -0.269773 0.308216
6.33 -0.164539 -0.260922 0.308469
6.34 -0.17948 -0.251182 0.308716
6.35 -0.193835 -0.240585 0.308955
6.36 -0.207555 -0.229167 0.309187
6.37 -0.220594 -0.216966 0.309412
6.38 -0.232906 -0.204023 0.30963
6.39 -0.244449 -0.190382 0.30984
6.4 -0.255185 -0.176089 0.310043
6.41 -0.265076 -0.161191 0.310238
6.42 -0.274088 -0.145739 0.310426
6.43 -0.282192 -0.129785 0.310607
6.44 -0.289359 -0.113383 0.310781
6.45 -0.295565 -0.0965878 0.310947
6.46 -0.300789 -0.0794561 0.311107
6.47 -0.305013 -0.0620458 0.31126
6.48 -0.308223 -0.0444157 0.311407
6.49 -0.310408 -0.0266247 0.311548
6.5 -0.311561 -0.00873332 0.311683
6.51 -0.311677 0.0091985 0.311813
6.52 -0.310757 0.0271107 0.311937
6.53 -0.308803 0.0449426 0.312056
6.54 -0.305822 0.0626346 0.312171
6.55 -0.301826 0.0801273 0.31228
6.56 -0.296826 0.0973618 0.312386
6.57 -0.29084 0.114281 0.312487
6.58 -0.283889 0.130827 0.312584
6.59 -0.275996 0.146946 0.312677
6.6 -0.267188 0.162584 0.312766
6.61 -0.257493 0.177687 0.312851
6.62 -0.246947 0.192207 0.312932
6.63 -0.235583 0.206095 0.313008
6.64 -0.22344 0.219304 0.313081
6.65 -0.21056 0.231791 0.31315
6.66 -0.196985 0.243516 0.313214
6.67 -0.182761 0.254438 0.313273
6.68 -0.167936 0.264522 0.313328
6.69 -0.152559 0.273736 0.313378
6.7 -0.136682 0.282049 0.313422
6.71 -0.120359 0.289433 0.313461
6.72 -0.103642 0.295866 0.313494
6.73 -0.0865893 0.301327 0.313521
6.74 -0.0692563 0.305798 0.313542
6.75 -0.0517012 0.309265 0.313557
6.76 -0.0339819 0.311718 0.313565
6.77 -0.0161575 0.31315 0.313566
6.78 0.00171313 0.313556 0.313561
6.79 0.0195712 0.312937 0.313548
6.8 0.0373572 0.311296 0.313529
6.81 0.0550129 0.308638 0.313502
6.82 0.0724805 0.304975 0.313469
6.83 0.0897021 0.300318 0.313429
6.84 0.106622 0.294686 0.313381
6.85 0.123184 0.288096 0.313327
6.86 0.139335 0.280574 0.313267
6.87 0.155022 0.272143 0.313199
6.88 0.170194 0.262834 0.313125
6.89 0.184802 0.252677 0.313045
6.9 0.198799 0.241708 0.31296
6.91 0.21214 0.229963 0.312868
6.92 0.224782 0.217483 0.312771
6.93 0.236685 0.204309 0.312669
6.94 0.247811 0.190485 0.312562
6.95 0.258125 0.176058 0.31245
6.96 0.267594 0.161075 0.312333
6.97 0.276189 0.145588 0.312212
6.98 0.283884 0.129646 0.312087
6.99 0.290654 0.113303 0.311957
7 0.296479 0.0966128 0.311823
7.01 0.301342 0.0796307 0.311686
7.02 0.305228 0.0624123 0.311544
7.03 0.308127 0.0450138 0.311398
7.04 0.310032 0.0274926 0.311248
7.05 0.310937 0.00990586 0.311094
7.06 0.310841 -0.00768982 0.310937
7.07 0.309748 -0.0252364 0.310774
7.08 0.307662 -0.0426777 0.310608
7.09 0.304592 -0.0599571 0.310437
7.1 0.30055 -0.0770191 0.310261
7.11 0.295551 -0.0938087 0.310081
7.12 0.289613 -0.110272 0.309896
7.13 0.282757 -0.126357 0.309706
7.14 0.275008 -0.142013 0.309511
7.15 0.266392 -0.157189 0.30931
7.16 0.256939 -0.171837 0.309104
7.17 0.246681 -0.185912 0.308893
7.18 0.235653 -0.19937 0.308676
7.19 0.223893 -0.212169 0.308454
7.2 0.21144 -0.224268 0.308226
7.21 0.198335 -0.235632 0.307992
7.22 0.184623 -0.246224 0.307753
7.23 0.170348 -0.256013 0.307508
7.24 0.155558 -0.26497 0.307258
7.25 0.140302 -0.273067 0.307002
7.26 0.124629 -0.280282 0.306741
7.27 0.108591 -0.286592 0.306475
7.28 0.0922401 -0.291981 0.306204
7.29 0.07563 -0.296433 0.305929
7.3 0.0588135 -0.299937 0.305649
7.31 0.0418459 -0.302484 0.305365
7.32 0.0247809 -0.304069 0.305077
7.33 0.0076738 -0.304688 0.304785
7.34 -0.0094208 -0.304343 0.304489
7.35 -0.0264484 -0.303038 0.30419
7.36 -0.0433552 -0.300779 0.303888
7.37 -0.0600872 -0.297577 0.303583
7.38 -0.0765919 -0.293444 0.303275
7.39 -0.0928174 -0.288395 0.302964
7.4 -0.108713 -0.282451 0.30265
7.41 -0.124229 -0.275632 0.302334
7.42 -0.139317 -0.267962 0.302014
7.43 -0.15393 -0.259468 0.301693
7.44 -0.168025 -0.250181 0.301368
7.45 -0.181557 -0.240131 0.301041
7.46 -0.194485 -0.229352 0.300711
7.47 -0.20677 -0.217882 0.300378
7.48 -0.218376 -0.205758 0.300041
7.49 -0.229268 -0.193022 0.299702
7.5 -0.239413 -0.179714 0.299359
7.51 -0.248782 -0.16588 0.299012
7.52 -0.257347 -0.151563 0.298662
7.53 -0.265085 -0.136812 0.298308
7.54 -0.271973 -0.121673 0.297949
7.55 -0.277993 -0.106196 0.297586
7.56 -0.283128 -0.0904302 0.297219
7.57 -0.287365 -0.0744267 0.296847
7.58 -0.290694 -0.0582364 0.29647
7.59 -0.293108 -0.0419108 0.296089
7.6 -0.294601 -0.0255013 0.295703
7.61 -0.295173 -0.00905994 0.295312
7.62 -0.294824 0.00736177 0.294916
7.63 -0.293559 0.0237121 0.294516
7.64 -0.291386 0.0399409 0.294111
7.65 -0.288314 0.0559969 0.293701
7.66 -0.284355 0.071831 0.293287
7.67 -0.279526 0.0873941 0.292869
7.68 -0.273845 0.102639 0.292448
7.69 -0.267331 0.117519 0.292022
7.7 -0.26001 0.131988 0.291593
7.71 -0.251907 0.146004 0.29116
7.72 -0.243049 0.159525 0.290725
7.73 -0.233468 0.172509 0.290287
7.74 -0.223195 0.184919 0.289846
7.75 -0.212265 0.196718 0.289404
7.76 -0.200716 0.207871 0.288959
7.77 -0.188585 0.218347 0.288512
7.78 -0.175911 0.228114 0.288064
7.79 -0.162738 0.237147 0.287615
7.8 -0.149107 0.245418 0.287164
7.81 -0.135062 0.252906 0.286712
7.82 -0.12065 0.259591 0.286258
7.83 -0.105915 0.265454 0.285804
7.84 -0.0909058 0.270481 0.285349
7.85 -0.0756689 0.27466 0.284892
7.86 -0.0602523 0.27798 0.284435
7.87 -0.0447054 0.280435 0.283976
7.88 -0.0290756 0.28202 0.283515
7.89 -0.0134126 0.282735 0.283053
7.9 0.00223566 0.28258 0.282589
7.91 0.0178206 0.281559 0.282123
7.92 0.0332945 0.27968 0.281655
7.93 0.0486099 0.276951 0.281184
7.94 0.0637205 0.273384 0.280711
7.95 0.0785802 0.268993 0.280236
7.96 0.0931444 0.263796 0.279757
7.97 0.10737 0.257812 0.279276
7.98 0.121214 0.251061 0.278791
7.99 0.134635 0.24357 0.278303
8 0.147595 0.235362 0.277812
8.01 0.160055 0.226468 0.277318
8.02 0.171979 0.216916 0.27682
8.03 0.183333 0.206739 0.276318
8.04 0.194084 0.195971 0.275814
8.05 0.204203 0.184647 0.275306
8.06 0.213661 0.172805 0.274795
8.07 0.222431 0.160483 0.274281
8.08 0.23049 0.14772 0.273765
8.09 0.237817 0.134559 0.273246
8.1 0.244392 0.121041 0.272724
8.11 0.250199 0.107208 0.2722
8.12 0.255222 0.0931053 0.271675
8.13 0.259452 0.0787763 0.271147
8.14 0.262877 0.0642662 0.270618
8.15 0.265491 0.0496198 0.270088
8.16 0.26729 0.0348829 0.269556
8.17 0.268272 0.0201009 0.269024
8.18 0.268437 0.00531872 0.26849
8.19 0.26779 -0.00941811 0.267955
8.2 0.266335 -0.0240647 0.26742
8.21 0.264081 -0.0385772 0.266884
8.22 0.261038 -0.0529116 0.266346
8.23 0.257219 -0.0670252 0.265808
8.24 0.252639 -0.0808758 0.265268
8.25 0.247316 -0.0944231 0.264728
8.26 0.241269 -0.107626 0.264186
8.27 0.234521 -0.120448 0.263643
8.28 0.227094 -0.132849 0.263098
8.29 0.219015 -0.144796 0.262551
8.3 0.21031 -0.156253 0.262003
8.31 0.201011 -0.167188 0.261452
8.32 0.191147 -0.177571 0.260899
8.33 0.180751 -0.187372 0.260344
8.34 0.169857 -0.196564 0.259786
8.35 0.1585 -0.205124 0.259226
8.36 0.146718 -0.213026 0.258663
8.37 0.134548 -0.220252 0.258097
8.38 0.122028 -0.226782 0.257528
8.39 0.109198 -0.2326 0.256957
8.4 0.0960989 -0.237691 0.256383
8.41 0.0827712 -0.242045 0.255806
8.42 0.0692562 -0.24565 0.255226
8.43 0.0555955 -0.248502 0.254645
8.44 0.0418322 -0.250593 0.25406
8.45 0.0280071 -0.251922 0.253474
8.46 0.0141632 -0.252489 0.252886
8.47 0.000341802 -0.252297 0.252297
8.48 -0.0134146 -0.251348 0.251705
8.49 -0.0270658 -0.24965 0.251113
8.5 -0.0405702 -0.247212 0.250519
8.51 -0.0538883 -0.244046 0.249925
8.52 -0.0669807 -0.240164 0.249329
8.53 -0.0798089 -0.235582 0.248733
8.54 -0.0923356 -0.230317 0.248137
8.55 -0.104525 -0.224389 0.24754
8.56 -0.116341 -0.217819 0.246942
8.57 -0.127751 -0.210631 0.246344
8.58 -0.138721 -0.202849 0.245746
8.59 -0.149223 -0.194499 0.245148
8.6 -0.159225 -0.185611 0.244549
8.61 -0.168701 -0.176214 0.24395
8.62 -0.177625 -0.166338 0.24335
8.63 -0.185973 -0.156016 0.242749
8.64 -0.193723 -0.145282 0.242147
8.65 -0.200854 -0.13417 0.241545
8.66 -0.207348 -0.122715 0.240941
8.67 -0.21319 -0.110954 0.240335
8.68 -0.218365 -0.0989248 0.239728
8.69 -0.222861 -0.0866632 0.239119
8.7 -0.226669 -0.0742086 0.238507
8.71 -0.22978 -0.061599 0.237893
8.72 -0.232189 -0.0488736 0.237277
8.73 -0.233893 -0.0360708 0.236658
8.74 -0.234891 -0.0232298 0.236037
8.75 -0.235182 -0.0103892 0.235412
8.76 -0.234772 0.00241237 0.234784
8.77 -0.233664 0.0151366 0.234153
8.78 -0.231865 0.0277458 0.23352
8.79 -0.229386 0.0402031 0.232883
8.8 -0.226238 0.0524713 0.232243
8.81 -0.222433 0.0645153 0.231601
8.82 -0.217988 0.0763 0.230956
8.83 -0.212918 0.0877915 0.230308
8.84 -0.207244 0.0989569 0.229658
8.85 -0.200985 0.109765 0.229005
8.86 -0.194164 0.120185 0.228351
8.87 -0.186805 0.130188 0.227695
8.88 -0.178932 0.139747 0.227037
8.89 -0.170573 0.148836 0.226379
8.9 -0.161755 0.15743 0.225719
8.91 -0.152508 0.165506 0.225058
8.92 -0.142863 0.173044 0.224397
8.93 -0.13285 0.180024 0.223735
8.94 -0.122502 0.186428 0.223074
8.95 -0.111852 0.19224 0.222412
8.96 -0.100933 0.197448 0.22175
8.97 -0.089781 0.202038 0.221088
8.98 -0.07843 0.206001 0.220426
8.99 -0.0669155 0.20933 0.219765
9 -0.055273 0.212017 0.219103
9.01 -0.0435382 0.214059 0.218442
9.02 -0.0317469 0.215454 0.21778
9.03 -0.0199348 0.216201 0.217118
9.04 -0.00813728 0.216304 0.216457
9.05 0.00360991 0.215764 0.215794
9.06 0.0152725 0.214588 0.215131
9.07 0.0268156 0.212784 0.214467
9.08 0.0382057 0.210362 0.213803
9.09 0.0494093 0.207331 0.213137
9.1 0.0603946 0.203706 0.21247
9.11 0.0711298 0.199501 0.211802
9.12 0.0815842 0.194732 0.211132
9.13 0.0917289 0.189418 0.21046
9.14 0.101536 0.183579 0.209787
9.15 0.110976 0.177234 0.209111
9.16 0.120027 0.170406 0.208434
9.17 0.128661 0.16312 0.207754
9.18 0.136857 0.1554 0.207073
9.19 0.144593 0.147272 0.206389
9.2 0.151849 0.138763 0.205702
9.21 0.158607 0.129902 0.205014
9.22 0.164849 0.120717 0.204323
9.23 0.170562 0.111237 0.20363
9.24 0.175731 0.101495 0.202935
9.25 0.180345 0.0915196 0.202238
9.26 0.184395 0.0813434 0.20154
9.27 0.187871 0.0709985 0.200839
9.28 0.190769 0.060516 0.200137
9.29 0.193082 0.0499296 0.199434
9.3 0.19481 0.0392707 0.198729
9.31 0.195951 0.0285721 0.198023
9.32 0.196505 0.0178659 0.197315
9.33 0.196476 0.00718484 0.196607
9.34 0.195868 -0.00344018 0.195898
9.35 0.194686 -0.0139773 0.195188
9.36 0.19294 -0.0243958 0.194476
9.37 0.190638 -0.0346652 0.193764
9.38 0.187792 -0.0447568 0.193051
9.39 0.184413 -0.0546404 0.192338
9.4 0.180517 -0.0642896 0.191623
9.41 0.176118 -0.0736763 0.190908
9.42 0.171235 -0.082775 0.190192
9.43 0.165884 -0.0915609 0.189476
9.44 0.160086 -0.10001 0.188758
9.45 0.153862 -0.108099 0.18804
9.46 0.147233 -0.115808 0.187321
9.47 0.140223 -0.123117 0.186602
9.48 0.132855 -0.130006 0.185882
9.49 0.125154 -0.136459 0.185161
9.5 0.117145 -0.142461 0.18444
9.51 0.108856 -0.147996 0.183718
9.52 0.100312 -0.153052 0.182996
9.53 0.0915419 -0.15762 0.182274
9.54 0.0825731 -0.161687 0.181552
9.55 0.0734337 -0.165248 0.18083
9.56 0.0641524 -0.168295 0.180108
9.57 0.0547582 -0.170825 0.179387
9.58 0.0452794 -0.172833 0.178666
9.59 0.0357453 -0.174319 0.177946
9.6 0.0261845 -0.175283 0.177228
9.61 0.0166259 -0.175726 0.17651
9.62 0.00709716 -0.175651 0.175794
9.63 -0.00237307 -0.175065 0.175081
9.64 -0.0117576 -0.173971 0.174368
9.65 -0.0210296 -0.17238 0.173658
9.66 -0.0301619 -0.170299 0.172949
9.67 -0.0391295 -0.16774 0.172243
9.68 -0.0479069 -0.164713 0.171539
9.69 -0.0564699 -0.161234 0.170837
9.7 -0.0647951 -0.157316 0.170137
9.71 -0.0728603 -0.152974 0.169439
9.72 -0.0806437 -0.148226 0.168743
9.73 -0.088125 -0.143089 0.168049
9.74 -0.0952848 -0.137581 0.167355
9.75 -0.102106 -0.131725 0.166664
9.76 -0.108569 -0.125538 0.165973
9.77 -0.114661 -0.119043 0.165283
9.78 -0.120366 -0.112262 0.164593
9.79 -0.125672 -0.105218 0.163903
9.8 -0.130565 -0.0979333 0.163212
9.81 -0.135037 -0.0904325 0.162521
9.82 -0.139077 -0.0827393 0.161827
9.83 -0.142678 -0.0748782 0.161133
9.84 -0.145834 -0.0668739 0.160436
9.85 -0.148541 -0.0587512 0.159737
9.86 -0.150793 -0.0505354 0.159035
9.87 -0.152589 -0.0422507 0.158331
9.88 -0.153929 -0.033923 0.157623
9.89 -0.154813 -0.0255761 0.156912
9.9 -0.155243 -0.0172352 0.156197
9.91 -0.155223 -0.00892388 0.155479
9.92 -0.154756 -0.000666518 0.154757
9.93 -0.153849 0.00751389 0.154032
9.94 -0.152509 0.0155937 0.153304
9.95 -0.150744 0.0235514 0.152573
9.96 -0.148565 0.0313643 0.151839
9.97 -0.14598 0.0390122 0.151103
9.98 -0.143003 0.0464737 0.150365
9.99 -0.139645 0.0537305 0.149625
10 -0.135921 0.0607626 0.148885
10.01 -0.131845 0.0675527 0.148144
10.02 -0.127433 0.0740841 0.147403
10.03 -0.122701 0.0803404 0.146663
10.04 -0.117666 0.0863066 0.145925
10.05 -0.112346 0.0919692 0.145189
10.06 -0.106759 0.0973146 0.144456
10.07 -0.100924 0.102331 0.143727
10.08 -0.0948607 0.107009 0.143002
10.09 -0.0885885 0.111337 0.142281
10.1 -0.0821284 0.115308 0.141566
10.11 -0.0754998 0.118913 0.140857
10.12 -0.0687245 0.122148 0.140154
10.13 -0.061823 0.125006 0.139459
10.14 -0.0548161 0.127485 0.13877
10.15 -0.0477251 0.12958 0.13809
10.16 -0.0405712 0.131291 0.137417
10.17 -0.0333747 0.132617 0.136752
10.18 -0.0261571 0.133559 0.136096
10.19 -0.0189384 0.134118 0.135449
10.2 -0.0117391 0.134297 0.13481
10.21 -0.00457918 0.134101 0.134179
10.22 0.00252147 0.133533 0.133557
10.23 0.00954409 0.1326 0.132943
10.24 0.0164698 0.131309 0.132337
10.25 0.02328 0.129667 0.13174
10.26 0.029958 0.127683 0.13115
10.27 0.036486 0.125366 0.130568
10.28 0.0428478 0.122728 0.129992
10.29 0.0490279 0.119778 0.129424
10.3 0.0550111 0.11653 0.128862
10.31 0.0607832 0.112994 0.128305
10.32 0.0663312 0.109185 0.127755
10.33 0.0716416 0.105116 0.127208
10.34 0.0767035 0.100802 0.126667
10.35 0.0815051 0.0962571 0.126129
10.36 0.0860371 0.0914962 0.125594
10.37 0.0902895 0.0865358 0.125063
10.38 0.0942545 0.0813909 0.124533
10.39 0.0979244 0.0760783 0.124004
10.4 0.101293 0.0706145 0.123477
10.41 0.104353 0.0650157 0.12295
10.42 0.107102 0.0592991 0.122423
10.43 0.109535 0.0534814 0.121894
10.44 0.111649 0.0475792 0.121364
10.45 0.113441 0.0416101 0.120831
10.46 0.114911 0.0355901 0.120297
10.47 0.116059 0.0295366 0.119758
10.48 0.116884 0.0234653 0.119216
10.49 0.117389 0.0173938 0.11867
10.5 0.117574 0.0113373 0.11812
10.51 0.117444 0.00531204 0.117565
10.52 0.117003 -0.000666666 0.117005
10.53 0.116253 -0.00658293 0.116439
10.54 0.115201 -0.012423 0.115869
10.55 0.113854 -0.0181713 0.115295
10.56 0.112216 -0.0238147 0.114715
10.57 0.110296 -0.0293389 0.114131
10.58 0.108101 -0.0347315 0.113544
10.59 0.105641 -0.0399795 0.112953
10.6 0.102923 -0.0450713 0.112359
10.61 0.0999584 -0.0499955 0.111764
10.62 0.0967561 -0.054741 0.111168
10.63 0.093327 -0.0592979 0.110572
10.64 0.0896819 -0.0636567 0.109977
10.65 0.0858328 -0.0678077 0.109385
10.66 0.0817907 -0.0717435 0.108797
10.67 0.0775683 -0.075456 0.108215
10.68 0.0731773 -0.0789379 0.107639
10.69 0.0686311 -0.0821835 0.107072
10.7 0.0639418 -0.0851866 0.106514
10.71 0.0591231 -0.0879425 0.105969
10.72 0.0541878 -0.0904463 0.105436
10.73 0.0491495 -0.0926952 0.104919
10.74 0.0440219 -0.0946854 0.104419
10.75 0.0388181 -0.0964148 0.103936
10.76 0.0335516 -0.0978815 0.103472
10.77 0.0282367 -0.0990847 0.10303
10.78 0.022886 -0.100023 0.102608
10.79 0.0175136 -0.100698 0.10221
10.8 0.0121329 -0.10111 0.101835
10.81 0.00675691 -0.10126 0.101485
10.82 0.00139908 -0.10115 0.10116
10.83 -0.00392789 -0.100783 0.10086
10.84 -0.00921057 -0.100162 0.100584
10.85 -0.0144372 -0.0992898 0.100334
10.86 -0.0195945 -0.0981717 0.100108
10.87 -0.0246711 -0.0968121 0.0999062
10.88 -0.0296549 -0.0952157 0.0997269
10.89 -0.0345344 -0.0933894 0.0995701
10.9 -0.0392981 -0.0913379 0.0994332
10.91 -0.043936 -0.0890687 0.0993157
10.92 -0.0484362 -0.0865888 0.0992153
10.93 -0.0527899 -0.0839053 0.0991306
10.94 -0.0569863 -0.0810264 0.0990592
10.95 -0.0610171 -0.0779599 0.0989991
10.96 -0.0648724 -0.0747149 0.0989482
10.97 -0.0685446 -0.0712996 0.0989039
10.98 -0.0720252 -0.0677239 0.0988644
10.99 -0.075307 -0.063997 0.0988269
11 -0.0783822 -0.0601286 0.0987888
11.01 -0.0812453 -0.0561291 0.0987486
11.02 -0.0838892 -0.0520089 0.0987032
11.03 -0.0863088 -0.0477775 0.0986503
11.04 -0.0884989 -0.043447 0.0985885
11.05 -0.0904547 -0.0390271 0.0985148
11.06 -0.0921725 -0.0345296 0.098428
11.07 -0.0936485 -0.0299651 0.0983258
11.08 -0.0948801 -0.0253456 0.0982071
11.09 -0.0958642 -0.0206818 0.0980698
11.1 -0.0965996 -0.0159855 0.0979133
11.11 -0.0970843 -0.0112679 0.097736
11.12 -0.0973176 -0.00654091 0.0975372
11.13 -0.0972995 -0.0018153 0.0973164
11.14 -0.0970303 0.00289661 0.0970735
11.15 -0.0965101 0.00758403 0.0968076
11.16 -0.0957415 0.0122353 0.0965201
11.17 -0.0947254 0.0168391 0.0962105
11.18 -0.093465 0.0213843 0.0958801
11.19 -0.0919627 0.0258599 0.0955294
11.2 -0.0902227 0.0302548 0.0951603
11.21 -0.0882486 0.0345582 0.0947738
11.22 -0.0860454 0.0387601 0.0943724
11.23 -0.083618 0.0428498 0.0939578
11.24 -0.0809725 0.046817 0.0935328
11.25 -0.0781146 0.0506523 0.0930997
11.26 -0.0750517 0.0543463 0.0926622
11.27 -0.0717903 0.0578889 0.0922224
11.28 -0.0683386 0.0612724 0.0917849
11.29 -0.0647047 0.0644871 0.0913526
11.3 -0.0608972 0.0675259 0.0909297
11.31 -0.0569251 0.0703803 0.0905199
11.32 -0.0527981 0.0730435 0.0901276
11.33 -0.0485264 0.075508 0.0897567
11.34 -0.04412 0.0777681 0.0894117
11.35 -0.0395899 0.0798169 0.089096
11.36 -0.0349477 0.0816498 0.0888146
11.37 -0.0302043 0.0832609 0.0885702
11.38 -0.0253715 0.0846468 0.0883674
11.39 -0.0204623 0.0858024 0.0882086
11.4 -0.0154879 0.0867251 0.0880972
11.41 -0.0104621 0.0874119 0.0880357
11.42 -0.00539715 0.0878605 0.0880261
11.43 -0.000306657 0.0880692 0.0880697
11.44 0.00479647 0.0880371 0.0881677
11.45 0.00989823 0.0877639 0.0883203
11.46 0.0149858 0.0872495 0.0885271
11.47 0.0200448 0.0864947 0.0887869
11.48 0.0250619 0.0855014 0.0890987
11.49 0.030023 0.0842713 0.0894596
11.5 0.0349152 0.082807 0.089867
11.51 0.0397236 0.0811129 0.0903176
11.52 0.0444355 0.0791915 0.0908065
11.53 0.0490372 0.0770489 0.0913301
11.54 0.0535153 0.0746893 0.0918825
11.55 0.0578567 0.0721191 0.0924584
11.56 0.0620485 0.0693445 0.093052
11.57 0.0660782 0.0663732 0.0936575
11.58 0.0699336 0.0632121 0.0942681
11.59 0.0736026 0.0598702 0.0948777
11.6 0.077074 0.0563559 0.0954798
11.61 0.0803364 0.0526792 0.0960679
11.62 0.083379 0.0488491 0.0966349
11.63 0.0861926 0.0448772 0.0971757
11.64 0.0887662 0.0407735 0.0976828
11.65 0.0910924 0.0365498 0.0981515
11.66 0.0931618 0.0322179 0.0985754
11.67 0.094967 0.0277899 0.0989496
11.68 0.0965009 0.0232785 0.0992689
11.69 0.0977577 0.0186966 0.0995295
11.7 0.0987308 0.0140574 0.0997266
11.71 0.0997322 0.00941982 0.100176
11.72 0.10076 0.00478204 0.100873
11.73 0.101812 0.000143266 0.101812
11.74 0.102886 -0.00449748 0.102985
11.75 0.103982 -0.0091418 0.104383
11.76 0.105097 -0.0137893 0.105998
11.77 0.106229 -0.0184419 0.107818
11.78 0.107377 -0.0230994 0.109833
11.79 0.108538 -0.0277626 0.112032
11.8 0.10971 -0.0324316 0.114404
11.81 0.110893 -0.0371074 0.116937
11.82 0.112084 -0.0417892 0.119621
11.83 0.113281 -0.0464777 0.122445
11.84 0.114482 -0.0511724 0.125398
11.85 0.115686 -0.0558737 0.128472
11.86 0.11689 -0.0605802 0.131656
11.87 0.118094 -0.0652927 0.134942
11.88 0.119296 -0.0700097 0.138321
11.89 0.120493 -0.074731 0.141786
11.9 0.121684 -0.0794557 0.145328
11.91 0.122867 -0.0841828 0.14894
11.92 0.124042 -0.0889114 0.152616
11.93 0.125206 -0.0936406 0.156349
11.94 0.126358 -0.0983687 0.160133
11.95 0.127497 -0.103095 0.163963
11.96 0.128621 -0.107817 0.167833
11.97 0.129729 -0.112534 0.171736
11.98 0.13082 -0.117244 0.17567
11.99 0.131893 -0.121945 0.179628
12 0.132946 -0.126636 0.183607
12.01 0.133979 -0.131314 0.1876
12.02 0.134991 -0.135977 0.191605
12.03 0.135981 -0.140623 0.195616
12.04 0.136949 -0.14525 0.199631
12.05 0.137892 -0.149855 0.203644
12.06 0.138812 -0.154436 0.207652
12.07 0.139707 -0.158991 0.211651
12.08 0.140577 -0.163516 0.215637
12.09 0.141422 -0.168009 0.219606
12.1 0.14224 -0.172467 0.223556
12.11 0.143034 -0.176887 0.227481
12.12 0.1438 -0.181267 0.231379
12.13 0.144542 -0.185604 0.235247
12.14 0.145257 -0.189893 0.23908
12.15 0.145948 -0.194133 0.242875
12.16 0.146612 -0.19832 0.246629
12.17 0.147252 -0.202451 0.250339
12.18 0.147868 -0.206522 0.254001
12.19 0.14846 -0.210531 0.257611
12.2 0.149029 -0.214474 0.261168
12.21 0.149576 -0.218348 0.264667
12.22 0.150101 -0.222148 0.268105
12.23 0.150606 -0.225873 0.271479
12.24 0.151092 -0.229518 0.274786
12.25 0.15156 -0.23308 0.278023
12.26 0.152011 -0.236556 0.281187
12.27 0.152447 -0.239941 0.284275
12.28 0.152869 -0.243233 0.287283
12.29 0.153278 -0.246428 0.290209
12.3 0.153677 -0.249523 0.29305
12.31 0.154066 -0.252514 0.295803
12.32 0.154448 -0.255397 0.298466
12.33 0.154824 -0.25817 0.301035
12.34 0.155198 -0.260827 0.303508
12.35 0.155569 -0.263368 0.305883
12.36 0.155941 -0.265787 0.308157
12.37 0.156316 -0.268082 0.310326
12.38 0.156695 -0.270249 0.31239
12.39 0.157081 -0.272284 0.314346
12.4 0.157477 -0.274185 0.316191
12.41 0.157884 -0.275949 0.317923
12.42 0.158305 -0.277572 0.319541
12.43 0.158743 -0.279051 0.321043
12.44 0.159199 -0.280383 0.322426
12.45 0.159676 -0.281564 0.323689
12.46 0.160177 -0.282593 0.324832
12.47 0.160703 -0.283466 0.32585
12.48 0.161258 -0.284181 0.326746
12.49 0.161844 -0.284735 0.327517
12.5 0.162462 -0.285125 0.328162
12.51 0.163117 -0.285349 0.328681
12.52 0.16381 -0.285404 0.329073
12.53 0.164544 -0.285287 0.329338
12.54 0.16532 -0.284999 0.329477
12.55 0.166142 -0.284534 0.329488
12.56 0.167011 -0.283892 0.329374
12.57 0.16793 -0.283071 0.329135
12.58 0.168901 -0.282069 0.328772
12.59 0.169927 -0.280885 0.328286
12.6 0.171009 -0.279516 0.327678
12.61 0.172149 -0.277962 0.326953
12.62 0.17335 -0.27622 0.32611
12.63 0.174614 -0.274291 0.325155
12.64 0.175941 -0.272173 0.324088
12.65 0.177335 -0.269865 0.322916
12.66 0.178796 -0.267366 0.32164
12.67 0.180326 -0.264676 0.320267
12.68 0.181928 -0.261795 0.318801
12.69 0.183601 -0.258722 0.317248
12.7 0.185348 -0.255456 0.315614
12.71 0.18717 -0.251999 0.313905
12.72 0.189069 -0.24835 0.312129
12.73 0.191043 -0.244509 0.310293
12.74 0.193096 -0.240477 0.308407
12.75 0.195227 -0.236254 0.306479
12.76 0.197437 -0.231841 0.304519
12.77 0.199727 -0.22724 0.302537
12.78 0.202097 -0.222451 0.300545
12.79 0.204547 -0.217475 0.298555
12.8 0.207079 -0.212314 0.296578
12.81 0.20969 -0.206969 0.294629
12.82 0.212382 -0.201442 0.29272
12.83 0.215153 -0.195735 0.290866
12.84 0.218005 -0.189849 0.289083
12.85 0.220935 -0.183787 0.287385
12.86 0.223944 -0.177552 0.28579
12.87 0.227031 -0.171145 0.284312
12.88 0.230194 -0.164569 0.28297
12.89 0.233432 -0.157826 0.281779
12.9 0.236744 -0.15092 0.280757
12.91 0.240129 -0.143854 0.279921
12.92 0.243584 -0.13663 0.279287
12.93 0.247109 -0.129252 0.278871
12.94 0.250701 -0.121723 0.278689
12.95 0.254358 -0.114047 0.278755
12.96 0.258077 -0.106227 0.279084
12.97 0.261857 -0.098267 0.279689
12.98 0.265695 -0.090171 0.280579
12.99 0.269587 -0.0819428 0.281766
13 0.273532 -0.0735868 0.283257
13.01 0.277526 -0.0651064 0.28506
13.02 0.281565 -0.0565072 0.287179
13.03 0.285647 -0.0477929 0.289618
13.04 0.289767 -0.0389681 0.292376
13.05 0.293923 -0.0300379 0.295454
13.06 0.29811 -0.0210067 0.298849
13.07 0.302324 -0.0118797 0.302558
13.08 0.306562 -0.00266105 0.306574
13.09 0.310819 0.00664276 0.31089
13.1 0.315091 0.0160278 0.315498
13.11 0.319372 0.0254881 0.320388
13.12 0.323659 0.0350186 0.325548
13.13 0.327947 0.0446135 0.330968
13.14 0.332231 0.0542679 0.336634
13.15 0.336506 0.0639751 0.342533
13.16 0.340767 0.0737308 0.348652
13.17 0.345008 0.083528 0.354975
13.18 0.349224 0.0933616 0.361488
13.19 0.35341 0.103225 0.368177
13.2 0.357561 0.113113 0.375026
13.21 0.361671 0.12302 0.38202
13.22 0.365734 0.132938 0.389145
13.23 0.369744 0.142862 0.396384
13.24 0.373697 0.152787 0.403724
13.25 0.377585 0.162704 0.411149
13.26 0.381404 0.172609 0.418644
13.27 0.385148 0.182495 0.426196
13.28 0.38881 0.192355 0.43379
13.29 0.392384 0.202184 0.441411
13.3 0.395865 0.211974 0.449046
13.31 0.399248 0.221721 0.456682
13.32 0.402524 0.231416 0.464305
13.33 0.40569 0.241054 0.471902
13.34 0.408739 0.250628 0.47946
13.35 0.411665 0.260131 0.486966
13.36 0.414462 0.269559 0.494409
13.37 0.417124 0.278903 0.501776
13.38 0.419646 0.288157 0.509056
13.39 0.422022 0.297317 0.516236
13.4 0.424246 0.306373 0.523306
13.41 0.426313 0.315321 0.530255
13.42 0.428217 0.324155 0.537072
13.43 0.429953 0.332867 0.543746
13.44 0.431515 0.341452 0.550267
13.45 0.432898 0.349903 0.556626
13.46 0.434097 0.358215 0.562813
13.47 0.435107 0.366382 0.568818
13.48 0.435923 0.374397 0.574632
13.49 0.43654 0.382254 0.580246
13.5 0.436954 0.389948 0.585652
13.51 0.43716 0.397472 0.590841
13.52 0.437153 0.404822 0.595805
13.53 0.43693 0.411991 0.600537
13.54 0.436487 0.418974 0.605029
13.55 0.435818 0.425766 0.609273
13.56 0.434922 0.43236 0.613264
13.57 0.433794 0.438752 0.616993
13.58 0.432431 0.444936 0.620455
13.59 0.430829 0.450908 0.623644
13.6 0.428987 0.456662 0.626554
13.61 0.4269 0.462193 0.629179
13.62 0.424567 0.467497 0.631515
13.63 0.421984 0.472569 0.633555
13.64 0.419152 0.477404 0.635297
13.65 0.416065 0.481998 0.636736
13.66 0.412725 0.486346 0.637867
13.67 0.409128 0.490445 0.638688
13.68 0.405274 0.49429 0.639195
13.69 0.401162 0.497878 0.639385
13.7 0.396791 0.501203 0.639256
13.71 0.392161 0.504264 0.638805
13.72 0.387271 0.507055 0.638031
13.73 0.382122 0.509575 0.636933
13.74 0.376714 0.511818 0.635508
13.75 0.371046 0.513783 0.633758
13.76 0.365122 0.515466 0.63168
13.77 0.358941 0.516865 0.629276
13.78 0.352504 0.517977 0.626545
13.79 0.345814 0.518799 0.62349
13.8 0.338873 0.519329 0.620111
13.81 0.331682 0.519565 0.61641
13.82 0.324245 0.519505 0.612389
13.83 0.316564 0.519147 0.608051
13.84 0.308641 0.518489 0.603399
13.85 0.300482 0.51753 0.598437
13.86 0.292088 0.516269 0.593168
13.87 0.283464 0.514704 0.587599
13.88 0.274615 0.512835 0.581733
13.89 0.265544 0.510661 0.575576
13.9 0.256256 0.508181 0.569136
13.91 0.246756 0.505395 0.562417
13.92 0.23705 0.502304 0.55543
13.93 0.227143 0.498906 0.54818
13.94 0.217041 0.495203 0.540678
13.95 0.206749 0.491194 0.532932
13.96 0.196275 0.486881 0.524954
13.97 0.185624 0.482264 0.516754
13.98 0.174803 0.477345 0.508345
13.99 0.16382 0.472125 0.499739
14 0.152681 0.466605 0.49095
14.01 0.141394 0.460788 0.481993
14.02 0.129967 0.454675 0.472885
14.03 0.118406 0.448268 0.463642
14.04 0.106721 0.441571 0.454284
14.05 0.0949192 0.434584 0.44483
14.06 0.0830094 0.427313 0.435301
14.07 0.071 0.419759 0.425721
14.08 0.0588997 0.411926 0.416115
14.09 0.046717 0.403817 0.40651
14.1 0.0344617 0.395436 0.396935
14.11 0.0221419 0.386788 0.387421
14.12 0.00976784 0.377876 0.378002
14.13 -0.00265141 0.368705 0.368714
14.14 -0.0151067 0.359278 0.359595
14.15 -0.0275877 0.349602 0.350689
14.16 -0.0400855 0.33968 0.342037
14.17 -0.0525896 0.32952 0.33369
14.18 -0.0650908 0.319125 0.325695
14.19 -0.0775784 0.308501 0.318106
14.2 -0.0900435 0.297655 0.310976
14.21 -0.102475 0.286592 0.304362
14.22 -0.114864 0.275318 0.298318
14.23 -0.127199 0.26384 0.292902
14.24 -0.139472 0.252165 0.288166
14.25 -0.15167 0.240299 0.284161
14.26 -0.163786 0.22825 0.280934
14.27 -0.175807 0.216024 0.278522
14.28 -0.187726 0.203629 0.276958
14.29 -0.199531 0.191072 0.276262
14.3 -0.211212 0.178361 0.276447
14.31 -0.222084 0.164933 0.27663
14.32 -0.232103 0.15084 0.276812
14.33 -0.241228 0.136136 0.27699
14.34 -0.249421 0.120878 0.277168
14.35 -0.256648 0.105123 0.277343
14.36 -0.262879 0.0889358 0.277516
14.37 -0.268089 0.0723764 0.277687
14.38 -0.272254 0.0555107 0.277856
14.39 -0.275358 0.0384042 0.278023
14.4 -0.277384 0.021124 0.278188
14.41 -0.278325 0.00373762 0.27835
14.42 -0.278174 -0.0136862 0.278511
14.43 -0.276931 -0.0310789 0.27867
14.44 -0.274598 -0.0483719 0.278826
14.45 -0.271183 -0.0654968 0.27898
14.46 -0.266697 -0.0823854 0.279132
14.47 -0.261157 -0.0989709 0.279282
14.48 -0.254583 -0.115188 0.279429
14.49 -0.246999 -0.13097 0.279575
14.5 -0.238435 -0.146257 0.279718
14.51 -0.228921 -0.160984 0.279858
14.52 -0.218494 -0.175096 0.279997
14.53 -0.207195 -0.188533 0.280133
14.54 -0.195067 -0.201242 0.280267
14.55 -0.182156 -0.213171 0.280398
14.56 -0.168513 -0.224274 0.280527
14.57 -0.154191 -0.234502 0.280653
14.58 -0.139246 -0.243817 0.280778
14.59 -0.123735 -0.252179 0.280899
14.6 -0.107721 -0.259553 0.281019
14.61 -0.0912639 -0.26591 0.281136
14.62 -0.0744314 -0.271222 0.28125
14.63 -0.0572881 -0.275468 0.281362
14.64 -0.0399027 -0.278629 0.281472
14.65 -0.0223432 -0.280691 0.281578
14.66 -0.00467997 -0.281644 0.281683
14.67 0.013018 -0.281484 0.281785
14.68 0.0306791 -0.28021 0.281884
14.69 0.0482343 -0.277825 0.281981
14.7 0.0656125 -0.274338 0.282075
14.71 0.0827454 -0.269762 0.282168
14.72 0.0995635 -0.264113 0.282256
14.73 0.116 -0.257413 0.282343
14.74 0.131989 -0.249687 0.282427
14.75 0.147466 -0.240966 0.282508
14.76 0.16237 -0.231282 0.282587
14.77 0.176639 -0.220674 0.282663
14.78 0.190217 -0.209183 0.282737
14.79 0.203049 -0.196854 0.282808
14.8 0.215082 -0.183735 0.282876
14.81 0.226269 -0.169879 0.282942
14.82 0.236563 -0.155339 0.283006
14.83 0.245923 -0.140173 0.283066
14.84 0.254311 -0.124441 0.283124
14.85 0.261691 -0.108206 0.283179
14.86 0.268035 -0.0915318 0.283233
14.87 0.273315 -0.0744847 0.283283
14.88 0.277511 -0.0571329 0.283331
14.89 0.280603 -0.0395455 0.283376
14.9 0.28258 -0.0217927 0.283419
14.91 0.283431 -0.00394482 0.283459
14.92 0.283154 0.0139258 0.283496
14.93 0.281748 0.0317484 0.283531
14.94 0.279218 0.0494509 0.283563
14.95 0.275573 0.0669633 0.283593
14.96 0.270828 0.0842138 0.283619
14.97 0.265001 0.101135 0.283644
14.98 0.258114 0.117657 0.283665
14.99 0.250195 0.133714 0.283684
15 0.241274 0.149241 0.283701
15.01 0.231387 0.164177 0.283715
15.02 0.220573 0.17846 0.283726
15.03 0.208875 0.192032 0.283735
15.04 0.19634 0.20484 0.28374
15.05 0.183017 0.21683 0.283744
15.06 0.168959 0.227955 0.283744
15.07 0.154223 0.23817 0.283742
15.08 0.138868 0.247432 0.283737
15.09 0.122955 0.255704 0.28373
15.1 0.106548 0.262954 0.28372
15.11 0.0897124 0.269149 0.283707
15.12 0.0725166 0.274267 0.283691
15.13 0.0550295 0.278284 0.283673
15.14 0.0373211 0.281186 0.283652
15.15 0.0194634 0.282959 0.283628
15.16 0.00152775 0.283597 0.283601
15.17 -0.0164132 0.283096 0.283571
15.18 -0.0342871 0.281459 0.283539
15.19 -0.0520221 0.27869 0.283504
15.2 -0.0695456 0.274802 0.283466
15.21 -0.0867884 0.26981 0.283425
15.22 -0.103679 0.263734 0.283381
15.23 -0.12015 0.256598 0.283335
15.24 -0.136135 0.248431 0.283285
15.25 -0.151568 0.239266 0.283233
15.26 -0.166388 0.229139 0.283178
15.27 -0.180534 0.218092 0.28312
15.28 -0.193949 0.206169 0.283058
15.29 -0.206579 0.193419 0.282994
15.3 -0.218372 0.179893 0.282927
15.31 -0.229281 0.165646 0.282857
15.32 -0.23926 0.150736 0.282784
15.33 -0.248271 0.135223 0.282708
15.34 -0.256276 0.11917 0.282629
15.35 -0.263243 0.102643 0.282547
15.36 -0.269144 0.0857088 0.282462
15.37 -0.273955 0.0684361 0.282374
15.38 -0.277657 0.0508944 0.282282
15.39 -0.280233 0.0331566 0.282188
15.4 -0.281676 0.0152934 0.282091
15.41 -0.281978 -0.00262162 0.28199
15.42 -0.281139 -0.020516 0.281887
15.43 -0.279163 -0.0383165 0.28178
15.44 -0.276058 -0.0559508 0.281671
15.45 -0.271836 -0.0733477 0.281558
15.46 -0.266517 -0.0904355 0.281442
15.47 -0.26012 -0.107145 0.281323
15.48 -0.252674 -0.123409 0.281201
15.49 -0.244209 -0.139161 0.281076
15.5 -0.23476 -0.154336 0.280948
15.51 -0.224365 -0.168874 0.280817
15.52 -0.213068 -0.182714 0.280682
15.53 -0.200916 -0.195802 0.280545
15.54 -0.187958 -0.208083 0.280404
15.55 -0.174248 -0.219509 0.280261
15.56 -0.159841 -0.230032 0.280114
15.57 -0.144799 -0.239611 0.279965
15.58 -0.129181 -0.248207 0.279812
15.59 -0.113054 -0.255785 0.279656
15.6 -0.0964817 -0.262316 0.279497
15.61 -0.0795341 -0.267773 0.279335
15.62 -0.0622796 -0.272134 0.27917
15.63 -0.0447904 -0.275383 0.279002
15.64 -0.0271368 -0.277507 0.278831
15.65 -0.00939251 -0.278498 0.278656
15.66 0.00837079 -0.278354 0.278479
15.67 0.0260794 -0.277074 0.278299
15.68 0.0436617 -0.274668 0.278117
15.69 0.0610449 -0.271143 0.27793
15.7 0.0781583 -0.266517 0.277741
15.71 0.094932 -0.260809 0.277549
15.72 0.111297 -0.254044 0.277354
15.73 0.127187 -0.24625 0.277156
15.74 0.142537 -0.237461 0.276956
15.75 0.157285 -0.227712 0.276752
15.76 0.171371 -0.217047 0.276545
15.77 0.184737 -0.205508 0.276335
15.78 0.197329 -0.193145 0.276122
15.79 0.209096 -0.180009 0.275907
15.8 0.219991 -0.166156 0.275688
15.81 0.229971 -0.151643 0.275467
15.82 0.238993 -0.13653 0.275242
15.83 0.247024 -0.12088 0.275015
15.84 0.254031 -0.104759 0.274784
15.85 0.259987 -0.088234 0.274551
15.86 0.264867 -0.0713726 0.274315
15.87 0.268654 -0.0542454 0.274076
15.88 0.271333 -0.0369224 0.273834
15.89 0.272895 -0.0194768 0.273589
15.9 0.273334 -0.00197928 0.273341
15.91 0.27265 0.0154966 0.27309
15.92 0.270848 0.0328801 0.272837
15.93 0.267937 0.0500981 0.27258
15.94 0.263929 0.0670808 0.272321
15.95 0.258844 0.0837578 0.272058
15.96 0.252703 0.100061 0.271793
15.97 0.245534 0.115923 0.271524
15.98 0.237369 0.131279 0.271253
15.99 0.22824 0.146066 0.270978
16 0.21819 0.160224 0.270701
16.01 0.20726 0.173696 0.27042
16.02 0.195497 0.186426 0.270136
16.03 0.182952 0.198362 0.26985
16.04 0.169677 0.209458 0.26956
16.05 0.155729 0.219667 0.269268
16.06 0.141167 0.22895 0.268972
16.07 0.126052 0.237269 0.268674
16.08 0.110448 0.244591 0.268372
16.09 0.0944205 0.250889 0.268068
16.1 0.0780376 0.256136 0.26776
16.11 0.0613672 0.260314 0.26745
16.12 0.0444792 0.263407 0.267136
16.13 0.027445 0.265404 0.266819
16.14 0.0103347 0.266299 0.266499
16.15 -0.00677919 0.26609 0.266177
16.16 -0.0238267 0.264781 0.265851
16.17 -0.0407357 0.262379 0.265522
16.18 -0.057437 0.258896 0.26519
16.19 -0.0738607 0.254348 0.264855
16.2 -0.0899395 0.248758 0.264517
16.21 -0.105606 0.24215 0.264176
16.22 -0.120798 0.234554 0.263833
16.23 -0.13545 0.226004 0.263486
16.24 -0.149504 0.216539 0.263136
16.25 -0.162903 0.206198 0.262783
16.26 -0.175591 0.195029 0.262428
16.27 -0.187518 0.183077 0.262069
16.28 -0.198635 0.170397 0.261708
16.29 -0.208898 0.157042 0.261344
16.3 -0.218265 0.14307 0.260977
16.31 -0.226701 0.12854 0.260607
16.32 -0.234171 0.113516 0.260234
16.33 -0.240646 0.0980594 0.259858
16.34 -0.246103 0.0822384 0.25948
16.35 -0.250521 0.0661184 0.259099
16.36 -0.253883 0.0497686 0.258715
16.37 -0.256179 0.0332579 0.258328
16.38 -0.2574 0.0166553 0.257939
16.39 -0.257547 3.15069e-05 0.257547
16.4 -0.256619 -0.0165444 0.257152
16.41 -0.254624 -0.0330025 0.256754
16.42 -0.251574 -0.0492747 0.256354
16.43 -0.247483 -0.0652925 0.255951
16.44 -0.242372 -0.08099 0.255545
16.45 -0.236265 -0.0963018 0.255138
16.46 -0.22919 -0.111165 0.254727
16.47 -0.22118 -0.125518 0.254313
16.48 -0.212271 -0.139303 0.253898
16.49 -0.202502 -0.152462 0.253479
16.5 -0.191919 -0.164942 0.253059
16.51 -0.180566 -0.176693 0.252635
16.52 -0.168494 -0.187667 0.252209
16.53 -0.155757 -0.197821 0.25178
16.54 -0.142409 -0.207114 0.251349
16.55 -0.128509 -0.215509 0.250916
16.56 -0.114116 -0.222975 0.25048
16.57 -0.0992932 -0.229481 0.250041
16.58 -0.0841045 -0.235004 0.249601
16.59 -0.0686138 -0.239523 0.249157
16.6 -0.0528888 -0.243022 0.248711
16.61 -0.0369958 -0.245491 0.248263
16.62 -0.0210024 -0.24692 0.247812
16.63 -0.00497666 -0.247309 0.247359
16.64 0.0110137 -0.246657 0.246903
16.65 0.0269013 -0.244972 0.246445
16.66 0.0426197 -0.242264 0.245984
16.67 0.0581022 -0.238548 0.245522
16.68 0.0732847 -0.233841 0.245056
16.69 0.0881037 -0.228169 0.244589
16.7 0.102498 -0.221558 0.244118
16.71 0.116407 -0.214039 0.243646
16.72 0.129776 -0.205647 0.243171
16.73 0.142546 -0.196419 0.242693
16.74 0.154669 -0.1864 0.242214
16.75 0.166094 -0.175633 0.241732
16.76 0.176775 -0.164167 0.241247
16.77 0.18667 -0.152053 0.24076
16.78 0.195738 -0.139344 0.240271
16.79 0.203945 -0.126097 0.239779
16.8 0.211259 -0.11237 0.239285
16.81 0.217651 -0.0982232 0.238788
16.82 0.223099 -0.0837185 0.238289
16.83 0.227582 -0.0689177 0.237788
16.84 0.231084 -0.0538864 0.237284
16.85 0.233596 -0.0386883 0.236779
16.86 0.235109 -0.0233892 0.23627
16.87 0.235622 -0.00805447 0.235759
16.88 0.235135 0.00725005 0.235246
16.89 0.233654 0.0224597 0.234731
16.9 0.23119 0.0375098 0.234213
16.91 0.227758 0.0523368 0.233694
16.92 0.223375 0.0668783 0.233172
16.93 0.218064 0.0810737 0.232648
16.94 0.211852 0.0948635 0.232121
16.95 0.204768 0.10819 0.231593
16.96 0.196847 0.121 0.231062
16.97 0.188125 0.133238 0.230529
16.98 0.178644 0.144857 0.229994
16.99 0.168447 0.155808 0.229457
17 0.15758 0.166047 0.228917
17.01 0.146093 0.175534 0.228376
17.02 0.134039 0.184232 0.227833
17.03 0.12147 0.192105 0.227287
17.04 0.108442 0.199126 0.22674
17.05 0.0950144 0.205266 0.22619
17.06 0.0812457 0.210505 0.225639
17.07 0.0671956 0.214822 0.225086
17.08 0.0529273 0.218203 0.224531
17.09 0.038501 0.22064 0.223974
17.1 0.0239808 0.222124 0.223415
17.11 0.00942847 0.222655 0.222854
17.12 -0.00509303 0.222234 0.222292
17.13 -0.0195219 0.220867 0.221728
17.14 -0.0337961 0.218565 0.221162
17.15 -0.0478555 0.215341 0.220595
17.16 -0.0616404 0.211215 0.220025
17.17 -0.075093 0.206207 0.219454
17.18 -0.0881569 0.200343 0.218881
17.19 -0.100778 0.193654 0.218307
17.2 -0.112904 0.186171 0.217731
17.21 -0.124485 0.17793 0.217153
17.22 -0.135474 0.168971 0.216574
17.23 -0.145826 0.159336 0.215994
17.24 -0.155501 0.149069 0.215411
17.25 -0.164459 0.138217 0.214827
17.26 -0.172666 0.126831 0.214242
17.27 -0.180089 0.114962 0.213655
17.28 -0.186701 0.102664 0.213066
17.29 -0.192478 0.0899913 0.212476
17.3 -0.197398 0.0770014 0.211885
17.31 -0.201445 0.0637509 0.211292
17.32 -0.204605 0.0502999 0.210697
17.33 -0.206871 0.0367055 0.210102
17.34 -0.208235 0.0230289 0.209504
17.35 -0.208697 0.00932883 0.208906
17.36 -0.208261 -0.00433512 0.208306
17.37 -0.206931 -0.0179043 0.207704
17.38 -0.204719 -0.0313197 0.207101
17.39 -0.20164 -0.0445252 0.206497
17.4 -0.19771 -0.0574637 0.205891
17.41 -0.192951 -0.0700813 0.205284
17.42 -0.187389 -0.0823245 0.204676
17.43 -0.181053 -0.0941426 0.204066
17.44 -0.173972 -0.105487 0.203455
17.45 -0.166184 -0.116309 0.202842
17.46 -0.157724 -0.126568 0.202228
17.47 -0.148634 -0.13622 0.201613
17.48 -0.138957 -0.145226 0.200997
17.49 -0.128738 -0.153553 0.200379
17.5 -0.118024 -0.161167 0.199761
17.51 -0.106865 -0.168038 0.19914
17.52 -0.0953117 -0.174142 0.198519
17.53 -0.0834167 -0.179456 0.197896
17.54 -0.0712339 -0.183963 0.197273
17.55 -0.0588176 -0.187645 0.196647
17.56 -0.0462245 -0.190493 0.196021
17.57 -0.0335086 -0.192499 0.195394
17.58 -0.0207279 -0.193659 0.194765
17.59 -0.00793746 -0.193973 0.194135
17.6 0.00480648 -0.193445 0.193505
17.61 0.017449 -0.192082 0.192873
17.62 0.0299345 -0.189895 0.19224
17.63 0.0422108 -0.186898 0.191606
17.64 0.0542242 -0.18311 0.19097
17.65 0.0659249 -0.178553 0.190334
17.66 0.0772627 -0.173249 0.189697
17.67 0.0881911 -0.16723 0.189059
17.68 0.0986648 -0.160522 0.18842
17.69 0.10864 -0.153163 0.18778
17.7 0.118078 -0.145186 0.18714
17.71 0.126939 -0.136632 0.186498
17.72 0.135188 -0.127541 0.185856
17.73 0.142794 -0.117956 0.185213
17.74 0.149728 -0.107923 0.184569
17.75 0.155962 -0.0974894 0.183925
17.76 0.161475 -0.0867023 0.18328
17.77 0.166246 -0.0756118 0.182633
17.78 0.170261 -0.0642685 0.181987
17.79 0.173506 -0.0527236 0.18134
17.8 0.175972 -0.04103 0.180692
17.81 0.177654 -0.0292385 0.180044
17.82 0.178548 -0.017403 0.179395
17.83 0.178658 -0.00557508 0.178745
17.84 0.177988 0.00619313 0.178095
17.85 0.176545 0.0178508 0.177445
17.86 0.174341 0.0293464 0.176794
17.87 0.171393 0.0406319 0.176143
17.88 0.167716 0.0516579 0.175492
17.89 0.163334 0.0623787 0.17484
17.9 0.158269 0.0727484 0.174188
17.91 0.152549 0.0827245 0.173536
17.92 0.146204 0.0922655 0.172883
17.93 0.139266 0.101332 0.17223
17.94 0.131769 0.109889 0.171577
17.95 0.123751 0.1179 0.170923
17.96 0.115251 0.125335 0.17027
17.97 0.10631 0.132166 0.169616
17.98 0.0969697 0.138366 0.168962
17.99 0.0872753 0.143911 0.168308
18 0.0772713 0.148785 0.167654
18.01 0.0670045 0.152968 0.166999
18.02 0.0565222 0.156448 0.166345
18.03 0.0458719 0.159213 0.16569
18.04 0.035103 0.161259 0.165035
18.05 0.0242625 0.16258 0.16438
18.06 0.0134002 0.163176 0.163725
18.07 0.00256345 0.16305 0.163071
18.08 -0.00819945 0.162209 0.162416
18.09 -0.018842 0.16066 0.161761
18.1 -0.0293169 0.158416 0.161106
18.11 -0.0395804 0.155493 0.160451
18.12 -0.0495871 0.151907 0.159796
18.13 -0.0592957 0.147682 0.159141
18.14 -0.0686646 0.142838 0.158486
18.15 -0.0776554 0.137405 0.157831
18.16 -0.0862307 0.131409 0.157176
18.17 -0.0943555 0.124883 0.156521
18.18 -0.101998 0.117859 0.155866
18.19 -0.109127 0.110372 0.155211
18.2 -0.115715 0.102458 0.154556
18.21 -0.121737 0.0941585 0.153902
18.22 -0.127172 0.0855107 0.153247
18.23 -0.131998 0.0765576 0.152593
18.24 -0.136201 0.0673408 0.151939
18.25 -0.139765 0.0579037 0.151284
18.26 -0.142681 0.0482903 0.150631
18.27 -0.144939 0.0385443 0.149977
18.28 -0.146538 0.0287112 0.149324
18.29 -0.147473 0.0188345 0.148671
18.3 -0.147747 0.00895971 0.148018
18.31 -0.147363 -0.000869913 0.147366
18.32 -0.146329 -0.0106102 0.146714
18.33 -0.144655 -0.0202191 0.146061
18.34 -0.142354 -0.0296537 0.14541
18.35 -0.139442 -0.0388747 0.144759
18.36 -0.135936 -0.0478413 0.144108
18.37 -0.131857 -0.0565166 0.143459
18.38 -0.127228 -0.0648635 0.142809
18.39 -0.122076 -0.0728482 0.14216
18.4 -0.116427 -0.0804374 0.141511
18.41 -0.110311 -0.0876008 0.140863
18.42 -0.103759 -0.0943102 0.140216
18.43 -0.0968055 -0.100539 0.139569
18.44 -0.0894838 -0.106264 0.138922
18.45 -0.0818311 -0.111464 0.138277
18.46 -0.0738833 -0.11612 0.137632
18.47 -0.0656799 -0.120216 0.136988
18.48 -0.057259 -0.123739 0.136345
18.49 -0.0486608 -0.126678 0.135702
18.5 -0.0399255 -0.129025 0.135061
18.51 -0.0310931 -0.130774 0.134419
18.52 -0.0222049 -0.131924 0.13378
18.53 -0.0133003 -0.132474 0.13314
18.54 -0.00442065 -0.132428 0.132502
18.55 0.0043955 -0.131791 0.131864
18.56 0.0131083 -0.130572 0.131228
18.57 0.0216802 -0.12878 0.130592
18.58 0.0300729 -0.12643 0.129957
18.59 0.0382518 -0.123537 0.129324
18.6 0.0461803 -0.120119 0.12869
18.61 0.0538264 -0.116197 0.128059
18.62 0.0611574 -0.111792 0.127427
18.63 0.0681439 -0.106931 0.126798
18.64 0.0747571 -0.101636 0.126169
18.65 0.0809709 -0.0959391 0.125541
18.66 0.0867614 -0.0898671 0.124915
18.67 0.0921058 -0.0834521 0.124289
18.68 0.0969845 -0.0767254 0.123664
18.69 0.10138 -0.0697216 0.123041
18.7 0.105277 -0.0624733 0.122418
18.71 0.108662 -0.0550174 0.121796
18.72 0.111526 -0.0473883 0.121176
18.73 0.113859 -0.0396225 0.120557
18.74 0.115658 -0.0317568 0.119939
18.75 0.116918 -0.0238272 0.119321
18.76 0.11764 -0.0158708 0.118705
18.77 0.117824 -0.00792333 0.11809
18.78 0.117476 -2.17055e-05 0.117476
18.79 0.116602 0.00779971 0.116863
18.8 0.115212 0.0155054 0.116251
18.81 0.113317 0.0230622 0.11564
18.82 0.11093 0.0304362 0.11503
18.83 0.108068 0.0375974 0.114421
18.84 0.104748 0.0445136 0.113813
18.85 0.100989 0.0511571 0.113207
18.86 0.0968139 0.0574997 0.112602
18.87 0.0922454 0.0635159 0.111998
18.88 0.0873077 0.0691814 0.111394
18.89 0.0820279 0.0744739 0.110792
18.9 0.076433 0.0793736 0.110192
18.91 0.0705522 0.0838615 0.109592
18.92 0.0644148 0.0879217 0.108993
18.93 0.0580522 0.0915402 0.108396
18.94 0.0514945 0.0947053 0.1078
18.95 0.0447752 0.0974062 0.107204
18.96 0.0379257 0.0996371 0.106611
18.97 0.0309788 0.101391 0.106018
18.98 0.023968 0.102666 0.105427
18.99 0.0169252 0.103461 0.104837
19 0.00988355 0.103778 0.104248
19.01 0.00287463 0.103621 0.10366
19.02 -0.00406886 0.102994 0.103074
19.03 -0.010917 0.101907 0.10249
19.04 -0.0176386 0.100368 0.101906
19.05 -0.024205 0.0983908 0.101324
19.06 -0.0305866 0.0959884 0.100744
19.07 -0.0367581 0.0931766 0.100165
19.08 -0.0426915 0.0899721 0.0995869
19.09 -0.0483634 0.0863955 0.0990111
19.1 -0.0537504 0.0824656 0.0984362
19.11 -0.0588311 0.0782057 0.0978633
19.12 -0.0635854 0.0736379 0.0972915
19.13 -0.067995 0.0687877 0.0967216
19.14 -0.0720441 0.0636793 0.096153
19.15 -0.0757174 0.0583402 0.095586
19.16 -0.0790026 0.0527965 0.0950204
19.17 -0.0818889 0.0470771 0.0944566
19.18 -0.084368 0.0412091 0.0938944
19.19 -0.0864319 0.0352224 0.0933332
19.2 -0.0880778 0.0291452 0.0927746
19.21 -0.0893008 0.0230062 0.0922167
19.22 -0.0901019 0.0168352 0.0916612
19.23 -0.090481 0.0106601 0.0911068
19.24 -0.0904421 0.00451016 0.0905545
19.25 -0.0899895 -0.00158744 0.0900035
19.26 -0.0891304 -0.00760401 0.0894542
19.27 -0.0878734 -0.0135139 0.0889065
19.28 -0.0862292 -0.0192903 0.0883606
19.29 -0.0842095 -0.0249089 0.0878162
19.3 -0.0818283 -0.0303444 0.0872734
19.31 -0.0791011 -0.0355755 0.086733
19.32 -0.0760435 -0.0405789 0.0861931
19.33 -0.0726751 -0.0453349 0.0856559
19.34 -0.0690136 -0.0498243 0.0851195
19.35 -0.0650805 -0.0540294 0.0845852
19.36 -0.0608967 -0.0579342 0.0840523
19.37 -0.0564852 -0.0615239 0.0835211
19.38 -0.0518684 -0.0647863 0.0829915
19.39 -0.047071 -0.0677095 0.0824637
19.4 -0.0421167 -0.0702845 0.0819374
19.41 -0.0370312 -0.0725033 0.0814128
19.42 -0.0318387 -0.0743606 0.0808901
19.43 -0.0265654 -0.0758508 0.0803683
19.44 -0.0212368 -0.0769733 0.0798492
19.45 -0.0158776 -0.0777257 0.0793309
19.46 -0.0105143 -0.0781102 0.0788147
19.47 -0.00517092 -0.078129 0.0782999
19.48 0.000127275 -0.0777868 0.0777869
19.49 0.00535694 -0.0770895 0.0772754
19.5 0.0104934 -0.0760451 0.0767657
19.51 0.0155151 -0.0746626 0.0762576
19.52 0.0203991 -0.0729528 0.0757511
19.53 0.0251252 -0.0709276 0.0752463
19.54 0.0296719 -0.0686006 0.0747426
19.55 0.0340219 -0.0659872 0.0742415
19.56 0.0381562 -0.0631017 0.0737409
19.57 0.0420586 -0.0599633 0.073243
19.58 0.0457142 -0.0565882 0.0727462
19.59 0.0491087 -0.0529963 0.0722515
19.6 0.0522299 -0.0492066 0.0717583
19.61 0.0550664 -0.0452402 0.071267
19.62 0.0576093 -0.0411169 0.0707773
19.63 0.0598499 -0.0368592 0.0702894
19.64 0.0617822 -0.032488 0.0698034
19.65 0.0634007 -0.0280261 0.0693189
19.66 0.0647033 -0.0234948 0.0688369
19.67 0.065686 -0.0189168 0.0683557
19.68 0.066351 -0.0143145 0.0678775
19.69 0.0666974 -0.00970848 0.0674003
19.7 0.0667291 -0.00512201 0.0669254
19.71 0.0664497 -0.000575179 0.0664522
19.72 0.0658648 0.00391034 0.0659808
19.73 0.0649814 0.00831526 0.0655113
19.74 0.0638078 0.0126187 0.0650436
19.75 0.0623536 0.0168031 0.0645779
19.76 0.0606293 0.0208495 0.0641141
19.77 0.0586472 0.0247418 0.0636525
19.78 0.0564194 0.0284626 0.0631923
19.79 0.0539613 0.0319981 0.0627351
19.8 0.0512854 0.0353335 0.0622788
19.81 0.0484097 0.0384559 0.0618252
19.82 0.0453489 0.0413541 0.0613734
19.83 0.0421208 0.0440171 0.0609234
19.84 0.0387426 0.0464362 0.0604757
19.85 0.0352328 0.0486029 0.0600299
19.86 0.031609 0.0505112 0.0595862
19.87 0.0278907 0.0521553 0.0591444
19.88 0.0240961 0.0535317 0.0587049
19.89 0.0202447 0.0546369 0.0582669
19.9 0.016355 0.0554708 0.0578316
19.91 0.0124459 0.0560318 0.0573974
19.92 0.00853715 0.0563226 0.056966
19.93 0.00464556 0.0563449 0.0565361
19.94 0.000790808 0.0561027 0.0561082
19.95 -0.00301032 0.0556011 0.0556826
19.96 -0.00674016 0.0548461 0.0552587
19.97 -0.0103829 0.053845 0.054837
19.98 -0.0139214 0.0526062 0.054417
19.99 -0.0173415 0.051139 0.0539993
20 -0.020628 0.0494534 0.0535832
20.01 -0.0237679 0.0475613 0.0531695
20.02 -0.0267476 0.0454737 0.0527569
20.03 -0.0295561 0.043205 0.0523473
20.04 -0.0321827 0.0407666 0.0519388
20.05 -0.0346167 0.0381745 0.0515326
20.06 -0.0368506 0.0354422 0.0511284
20.07 -0.0388758 0.0325851 0.0507259
20.08 -0.0406864 0.0296185 0.0503254
20.09 -0.0422764 0.0265587 0.0499265
20.1 -0.0436424 0.0234209 0.0495298
20.11 -0.0447802 0.0202219 0.0491344
20.12 -0.045689 0.0169778 0.0487415
20.13 -0.0463668 0.0137047 0.0483498
20.14 -0.0468155 0.0104189 0.0479608
20.15 -0.0470346 0.00713549 0.0475728
20.16 -0.0470282 0.00387182 0.0471873
20.17 -0.0467991 0.000641009 0.0468035
20.18 -0.0463517 -0.00254025 0.0464213
20.19 -0.0456923 -0.00565836 0.0460413
20.2 -0.0448267 -0.00869879 0.0456629
20.21 -0.0437628 -0.0116491 0.0452867
20.22 -0.0425084 -0.0144954 0.0449119
20.23 -0.0410733 -0.0172268 0.0445397
20.24 -0.0394663 -0.0198314 0.0441687
20.25 -0.037699 -0.0222993 0.0438004
20.26 -0.035781 -0.0246204 0.0434332
20.27 -0.0337258 -0.0267858 0.0430687
20.28 -0.0315434 -0.0287886 0.0427056
20.29 -0.029248 -0.0306201 0.0423443
20.3 -0.0268519 -0.032276 0.0419853
20.31 -0.024368 -0.0337502 0.0416278
20.32 -0.0218101 -0.0350392 0.0412726
20.33 -0.0191919 -0.0361392 0.0409191
20.34 -0.0165264 -0.0370491 0.040568
20.35 -0.0138274 -0.0377666 0.0402183
20.36 -0.0111089 -0.0382923 0.0398711
20.37 -0.00838339 -0.038626 0.0395253
20.38 -0.00566524 -0.0387704 0.0391822
20.39 -0.00296593 -0.0387271 0.0388405
20.4 -0.000300093 -0.0384998 0.0385009
20.41 0.00232188 -0.0380931 0.0381638
20.42 0.00488714 -0.0375111 0.0378282
20.43 0.00738449 -0.0367606 0.0374949
20.44 0.00980303 -0.0358472 0.0371634
20.45 0.012133 -0.0347785 0.0368342
20.46 0.0143637 -0.0335619 0.0365064
20.47 0.0164867 -0.0322065 0.0361811
20.48 0.0184935 -0.0307201 0.0358571
20.49 0.0203761 -0.0291135 0.0355356
20.5 0.0221279 -0.0273951 0.0352156
20.51 0.0237419 -0.0255767 0.0348977
20.52 0.0252143 -0.0236675 0.034582
20.53 0.0265385 -0.0216788 0.0342675
20.54 0.0277122 -0.019622 0.0339557
20.55 0.0287313 -0.0175075 0.0336452
20.56 0.0295943 -0.0153471 0.033337
20.57 0.0302988 -0.0131519 0.0330301
20.58 0.0308453 -0.0109334 0.0327257
20.59 0.0312329 -0.00870205 0.0324226
20.6 0.0314634 -0.00647022 0.0321218
20.61 0.0315378 -0.00424723 0.0318225
20.62 0.0314588 -0.00204536 0.0315253
20.63 0.0312296 0.000126929 0.0312299
20.64 0.0308532 0.00225753 0.0309357
20.65 0.0303353 0.00433829 0.030644
20.66 0.0296796 0.00635938 0.0303532
20.67 0.0288929 0.00831171 0.0300647
20.68 0.0279806 0.010187 0.0297774
20.69 0.0269504 0.011978 0.0294923
20.7 0.0258083 0.0136768 0.0292083
20.71 0.0245634 0.0152768 0.0289265
20.72 0.0232222 0.0167727 0.028646
20.73 0.0217944 0.0181579 0.0283673
20.74 0.0202876 0.0194289 0.0280903
20.75 0.0187115 0.0205799 0.0278146
20.76 0.017075 0.0216094 0.0275413
20.77 0.0153867 0.0225129 0.0272687
20.78 0.0136572 0.0232894 0.0269984
20.79 0.0118945 0.0239371 0.0267295
20.8 0.0101087 0.0244557 0.0264625
20.81 0.0083088 0.0248442 0.0261968
20.82 0.00650443 0.0251043 0.0259332
20.83 0.00470352 0.0252363 0.0256709
20.84 0.00291653 0.0252423 0.0254103
20.85 0.00115048 0.025125 0.0251514
20.86 -0.000584793 0.0248869 0.0248938
20.87 -0.00228267 0.0245326 0.0246386
20.88 -0.00393438 0.0240646 0.0243841
20.89 -0.00553296 0.0234894 0.0241322
20.9 -0.00707222 0.0228104 0.0238816
20.91 -0.0085447 0.022034 0.0236328
20.92 -0.00994497 0.0211655 0.0233855
20.93 -0.0112676 0.0202117 0.0231402
20.94 -0.0125076 0.0191781 0.0228963
20.95 -0.0136599 0.0180727 0.0226543
20.96 -0.0147218 0.0169017 0.0224142
20.97 -0.0156884 0.0156725 0.0221756
20.98 -0.0165586 0.0143925 0.0219393
20.99 -0.0173283 0.0130687 0.021704
21 -0.0179974 0.0117093 0.0214713
21.01 -0.0185637 0.0103205 0.0212397
21.02 -0.0190265 0.00891141 0.0210101
21.03 -0.0193862 0.00748816 0.0207821
21.04 -0.0196429 0.00605894 0.0205561
21.05 -0.019797 0.00463038 0.0203313
21.06 -0.0198506 0.00321054 0.0201086
21.07 -0.0198057 0.00180479 0.0198878
21.08 -0.0196636 0.000421427 0.0196681
21.09 -0.0194284 -0.000934396 0.0194509
21.1 -0.0191018 -0.00225564 0.0192345
21.11 -0.018689 -0.00353694 0.0190207
21.12 -0.018192 -0.00477268 0.0188076
21.13 -0.0176168 -0.00595692 0.0185967
21.14 -0.0169671 -0.00708628 0.0183874
21.15 -0.016248 -0.00815493 0.0181797
21.16 -0.0154644 -0.00915962 0.0179735
21.17 -0.0146223 -0.0100964 0.0177693
21.18 -0.0137262 -0.0109627 0.0175667
21.19 -0.0127822 -0.0117542 0.0173651
21.2 -0.0117964 -0.0124705 0.0171659
21.21 -0.0107739 -0.0131078 0.0169674
21.22 -0.0097217 -0.0136661 0.0167712
21.23 -0.00864453 -0.0141431 0.0165758
21.24 -0.00754996 -0.014539 0.0163825
21.25 -0.00644221 -0.0148536 0.0161905
21.26 -0.00532864 -0.0150864 0.0159998
21.27 -0.00421403 -0.0152388 0.0158108
21.28 -0.00310466 -0.0153117 0.0156233
21.29 -0.00200538 -0.0153064 0.0154372
21.3 -0.000922604 -0.0152243 0.0152522
21.31 0.000139646 -0.0150689 0.0150695
21.32 0.00117567 -0.0148409 0.0148874
21.33 0.00218096 -0.0145449 0.0147075
21.34 0.00315151 -0.0141825 0.0145285
21.35 0.00408253 -0.0137586 0.0143515
21.36 0.00497131 -0.0132755 0.0141758
21.37 0.0058128 -0.0127376 0.0140013
21.38 0.00660543 -0.0121492 0.0138288
21.39 0.0073451 -0.011514 0.0136573
21.4 0.00802981 -0.0108364 0.0134872
21.41 0.00865702 -0.0101213 0.0133186
21.42 0.00922578 -0.00937314 0.0131518
21.43 0.00973321 -0.00859602 0.0129856
21.44 0.0101796 -0.00779589 0.0128219
21.45 0.0105634 -0.00697589 0.0126589
21.46 0.0108843 -0.00614217 0.0124978
21.47 0.0111425 -0.00529793 0.0123379
21.48 0.0113376 -0.00444909 0.0121793
21.49 0.0114714 -0.00359915 0.0120228
21.5 0.0115432 -0.00275299 0.011867
21.51 0.0115556 -0.00191476 0.0117131
21.52 0.0115094 -0.00108866 0.0115608
21.53 0.0114067 -0.000278106 0.0114101
21.54 0.0112486 0.000512659 0.0112603
21.55 0.0110391 0.00128027 0.011113
21.56 0.0107784 0.00202203 0.0109664
21.57 0.0104707 0.00273357 0.0108217
21.58 0.010118 0.00341346 0.0106783
21.59 0.00972363 0.00405753 0.0105362
21.6 0.00929069 0.00466495 0.0103961
21.61 0.00882175 0.00523204 0.0102566
21.62 0.00832133 0.00575827 0.0101194
21.63 0.0077917 0.00624124 0.00998317
21.64 0.00723679 0.00668006 0.00984857
21.65 0.00665986 0.00707303 0.00971501
21.66 0.00606523 0.00742021 0.00958366
21.67 0.0054547 0.00772012 0.00945273
21.68 0.00483398 0.00797271 0.0093237
21.69 0.00420466 0.00817852 0.00919605
21.7 0.00357152 0.00833668 0.00906951
21.71 0.00293696 0.00844889 0.0089448
21.72 0.0023048 0.00851437 0.0088208
21.73 0.00167819 0.00853562 0.00869903
21.74 0.00105967 0.00851202 0.00857773
21.75 0.000452811 0.00844594 0.00845807
21.76 -0.000139787 0.00833826 0.00833943
21.77 -0.000715375 0.0081912 0.00822238
21.78 -0.0012718 0.00800548 0.00810587
21.79 -0.00180547 0.00778451 0.00799114
21.8 -0.00231601 0.00752941 0.00787756
21.81 -0.00279953 0.00724245 0.00776469
21.82 -0.00325574 0.00692659 0.00765359
21.83 -0.00368184 0.00658332 0.00754295
21.84 -0.00407718 0.0062163 0.0074341
21.85 -0.00444004 0.00582665 0.00732556
21.86 -0.00476936 0.00541863 0.00721861
21.87 -0.00506456 0.00499387 0.00711256
21.88 -0.00532486 0.00455549 0.00700761
21.89 -0.00554981 0.00410586 0.00690351
21.9 -0.00573924 0.00364868 0.00680087
21.91 -0.00589366 0.00318494 0.00669918
21.92 -0.00601199 0.00271872 0.00659814
21.93 -0.00609622 0.002252 0.00649888
21.94 -0.00614527 0.00178713 0.00639985
21.95 -0.00616112 0.0013271 0.00630243
21.96 -0.00614361 0.000873476 0.00620539
21.97 -0.00609471 0.0004297 0.00610984
21.98 -0.00601504 -3.48325e-06 0.00601504
21.99 -0.00590613 -0.00042308 0.00592126
22 -0.00576945 -0.000827616 0.00582851
22.01 -0.00560674 -0.001215 0.00573688
22.02 -0.00541921 -0.00158469 0.00564615
22.03 -0.00520876 -0.00193337 0.005556
22.04 -0.00497796 -0.00226162 0.00546764
22.05 -0.00472727 -0.00256712 0.00537933
22.06 -0.00446037 -0.00284931 0.00529278
22.07 -0.00417779 -0.00310749 0.00520677
22.08 -0.0038829 -0.00334068 0.00512221
22.09 -0.00357626 -0.00354915 0.00503846
22.1 -0.00326106 -0.0037316 0.00495573
22.11 -0.00293859 -0.00388868 0.00487413
22.12 -0.00261108 -0.00401986 0.00479344
22.13 -0.00228006 -0.0041257 0.00471382
22.14 -0.00194835 -0.00420539 0.0046348
22.15 -0.00161697 -0.00426115 0.00455763
22.16 -0.00128765 -0.00429137 0.00448039
22.17 -0.000963159 -0.00429842 0.004405
22.18 -0.000643539 -0.00428201 0.0043301
22.19 -0.00033183 -0.00424342 0.00425638
22.2 -2.80502e-05 -0.00418345 0.00418354
22.21 0.000264826 -0.00410296 0.00411149
22.22 0.000546947 -0.00400345 0.00404064
22.23 0.000816256 -0.0038856 0.00397042
22.24 0.00107208 -0.00375113 0.00390133
22.25 0.00131296 -0.00360095 0.00383285
22.26 0.00153928 -0.00343713 0.00376607
22.27 0.00174901 -0.00325965 0.00369924
22.28 0.00194211 -0.00307176 0.00363422
22.29 0.00211861 -0.00287296 0.00356965
22.3 0.00227686 -0.00266597 0.00350592
22.31 0.00241784 -0.00245147 0.0034432
22.32 0.00254007 -0.0022313 0.00338093
22.33 0.00264486 -0.00200665 0.00331993
22.34 0.00273095 -0.00177895 0.00325925
22.35 0.00279927 -0.00154984 0.00319967
22.36 0.00284969 -0.00132025 0.00314067
22.37 0.00288303 -0.00109174 0.00308281
22.38 0.00289846 -0.000865266 0.00302486
22.39 0.002898 -0.000642854 0.00296844
22.4 0.00288124 -0.000424144 0.0029123
22.41 0.00284879 -0.00021215 0.00285668
22.42 0.00280226 -6.36731e-06 0.00280227
22.43 0.00274138 0.000191326 0.00274805
22.44 0.00266812 0.000380698 0.00269514
22.45 0.00258221 0.000560475 0.00264234
22.46 0.00248566 0.000730304 0.00259072
22.47 0.00237867 0.000889706 0.00253962
22.48 0.00226264 0.00103779 0.00248929
22.49 0.00213802 0.00117417 0.00243922
22.5 0.00200704 0.0012986 0.00239052
22.51 0.00186912 0.00141105 0.00234193
22.52 0.00172669 0.00151014 0.0022939
22.53 0.00158029 0.00159768 0.0022472
22.54 0.00143059 0.00167188 0.0022004
22.55 0.00127936 0.00173407 0.00215494
22.56 0.00112672 0.0017834 0.0021095
22.57 0.000974477 0.00182099 0.00206533
22.58 0.000822688 0.00184636 0.00202136
22.59 0.000673033 0.00186009 0.0019781
22.6 0.000525692 0.00186268 0.00193544
22.61 0.000382236 0.00185485 0.00189383
22.62 0.000242075 0.00183661 0.0018525
22.63 0.00010763 0.00180872 0.00181192
22.64 -2.23143e-05 0.00177265 0.00177279
22.65 -0.000146161 0.00172714 0.00173331
22.66 -0.000263641 0.00167476 0.00169538
22.67 -0.000374724 0.00161463 0.00165754
22.68 -0.000478537 0.00154863 0.00162088
22.69 -0.000575257 0.00147631 0.00158443
22.7 -0.0006641 0.00139932 0.00154891
22.71 -0.000745625 0.00131789 0.0015142
22.72 -0.000818968 0.00123283 0.00148006
22.73 -0.000884899 0.00114432 0.00144656
22.74 -0.000942316 0.00105384 0.00141369
22.75 -0.000992805 0.000961384 0.001382
22.76 -0.00103457 0.000867156 0.00134992
22.77 -0.00106917 0.00077324 0.00131948
22.78 -0.00109613 0.000678433 0.0012891
22.79 -0.00111559 0.000584774 0.00125957
22.8 -0.00112805 0.000491583 0.00123051
22.81 -0.00113362 0.000400342 0.00120223
22.82 -0.00113288 0.000310602 0.00117468
22.83 -0.00112547 0.000223234 0.0011474
22.84 -0.00111247 0.000138338 0.00112104
22.85 -0.00109348 5.68393e-05 0.00109496
22.86 -0.00106958 -2.18702e-05 0.0010698
22.87 -0.0010399 -9.66874e-05 0.00104438
22.88 -0.00100656 -0.000167254 0.00102037
22.89 -0.000968324 -0.000234495 0.000996313
22.9 -0.000926441 -0.000296602 0.000972762
22.91 -0.00088117 -0.00035483 0.000949929
22.92 -0.000832761 -0.000407954 0.000927317
22.93 -0.000781615 -0.000456653 0.000905237
22.94 -0.000727978 -0.000500108 0.00088321
22.95 -0.000672813 -0.000538736 0.000861924
22.96 -0.000615897 -0.000572093 0.000840607
22.97 -0.00055812 -0.000600858 0.000820078
22.98 -0.000499528 -0.000624055 0.000799358
22.99 -0.000441427 -0.000642785 0.000779762
23 -0.000382451 -0.000656839 0.00076007
23.01 -0.000324823 -0.000665641 0.000740668
23.02 -0.000267601 -0.000670647 0.000722065
23.03 -0.000211586 -0.000670672 0.000703257
23.04 -0.000156937 -0.000666911 0.000685128
23.05 -0.000104179 -0.000658819 0.000667005
23.06 -5.3546e-05 -0.00064735 0.000649561
23.07 -4.90797e-06 -0.000632054 0.000632073
23.08 4.10335e-05 -0.000613924 0.000615294
23.09 8.4361e-05 -0.000592331 0.000598308
23.1 0.000124773 -0.000568723 0.000582249
23.11 0.000162884 -0.00054214 0.00056608
23.12 0.000196811 -0.000513615 0.000550032
23.13 0.000228561 -0.00048366 0.000534946
23.14 0.000256454 -0.000451605 0.000519341
23.15 0.000281276 -0.00041898 0.000504639
23.16 0.000302659 -0.00038517 0.000489856
23.17 0.000321068 -0.000351113 0.000475778
23.18 0.000336371 -0.000316383 0.000461783
23.19 0.000348503 -0.000282073 0.000448353
23.2 0.000357817 -0.000247414 0.000435025
23.21 0.000364349 -0.000213633 0.000422362
23.22 0.000368149 -0.000179775 0.000409699
23.23 0.000368777 -0.000147333 0.000397119
23.24 0.000367962 -0.000115464 0.000385652
23.25 0.000363789 -8.45602e-05 0.000373487
23.26 0.000358134 -5.54179e-05 0.000362396
23.27 0.000350206 -2.71068e-05 0.000351254
23.28 0.000340592 -5.28172e-07 0.000340593
23.29 0.000329073 2.47304e-05 0.000330001
23.3 0.000316028 4.79839e-05 0.00031965
23.31 0.000301641 7.00382e-05 0.000309666
23.32 0.000286041 8.97871e-05 0.000299802
23.33 0.000269315 0.000108102 0.000290201
23.34 0.000251846 0.00012405 0.000280739
23.35 0.000234172 0.000138806 0.00027222
23.36 0.000215109 0.000151278 0.000262977
23.37 0.000196667 0.000162006 0.000254802
23.38 0.000177297 0.000171437 0.000246627
23.39 0.000158063 0.000178673 0.000238554
23.4 0.000138716 0.000184444 0.000230785
23.41 0.00011963 0.00018837 0.000223147
23.42 0.000100732 0.000191006 0.00021594
23.43 8.22519e-05 0.000191573 0.000208484
23.44 6.41659e-05 0.000191096 0.000201581
23.45 4.68179e-05 0.000188904 0.000194619
23.46 3.00124e-05 0.000185801 0.000188209
23.47 1.36419e-05 0.000180739 0.000181254
23.48 -1.09068e-06 0.000175089 0.000175092
23.49 -1.57832e-05 0.000168124 0.000168863
23.5 -2.87046e-05 0.000159799 0.000162356
23.51 -4.07815e-05 0.000151004 0.000156414
23.52 -5.15631e-05 0.000141253 0.00015037
23.53 -6.12535e-05 0.000131027 0.000144638
23.54 -6.95642e-05 0.000120017 0.00013872
23.55 -7.68455e-05 0.000109115 0.000133459
23.56 -8.26776e-05 9.75509e-05 0.000127874
23.57 -8.75201e-05 8.60803e-05 0.000122758
23.58 -9.09559e-05 7.41231e-05 0.000117334
23.59 -9.29891e-05 6.3033e-05 0.000112339
23.6 -9.44909e-05 5.13572e-05 0.000107546
23.61 -9.40162e-05 4.03957e-05 0.000102327
23.62 -9.32631e-05 3.00661e-05 9.79896e-05
23.63 -9.11584e-05 1.99069e-05 9.33067e-05
23.64 -8.8312e-05 1.05058e-05 8.89347e-05
23.65 -8.44843e-05 1.61575e-06 8.44997e-05
23.66 -8.01824e-05 -6.29435e-06 8.04291e-05
23.67 -7.48654e-05 -1.38811e-05 7.61414e-05
23.68 -6.93217e-05 -2.02495e-05 7.22187e-05
23.69 -6.30947e-05 -2.59607e-05 6.82268e-05
23.7 -5.67486e-05 -3.02921e-05 6.43274e-05
23.71 -5.03374e-05 -3.45173e-05 6.10352e-05
23.72 -4.33859e-05 -3.69973e-05 5.70187e-05
23.73 -3.72781e-05 -3.91187e-05 5.40364e-05
23.74 -3.05301e-05 -4.05988e-05 5.07972e-05
23.75 -2.43863e-05 -4.10185e-05 4.77201e-05
23.76 -1.83822e-05 -4.095e-05 4.48866e-05
23.77 -1.2832e-05 -4.01159e-05 4.21182e-05
23.78 -7.35199e-06 -3.89177e-05 3.96061e-05
23.79 -2.75011e-06 -3.68765e-05 3.69789e-05
23.8 1.72411e-06 -3.47333e-05 3.4776e-05
23.81 5.5097e-06 -3.20951e-05 3.25646e-05
23.82 8.9584e-06 -2.96275e-05 3.09522e-05
23.83 1.1973e-05 -2.62189e-05 2.88233e-05
23.84 1.41865e-05 -2.34971e-05 2.74476e-05
23.85 1.66389e-05 -2.01613e-05 2.61406e-05
23.86 1.79017e-05 -1.66489e-05 2.4447e-05
23.87 1.91007e-05 -1.34448e-05 2.33581e-05
23.88 1.97479e-05 -1.00677e-05 2.21661e-05
23.89 2.00845e-05 -6.95271e-06 2.12539e-05
23.9 1.97233e-05 -3.8561e-06 2.00967e-05
23.91 1.95102e-05 -1.22597e-06 1.95487e-05
23.92 1.87506e-05 1.41597e-06 1.8804e-05
23.93 1.79166e-05 3.70827e-06 1.82963e-05
23.94 1.68021e-05 6.17317e-06 1.79003e-05
23.95 1.55778e-05 7.72165e-06 1.73865e-05
23.96 1.44441e-05 9.85092e-06 1.74835e-05
23.97 1.26071e-05 1.12686e-05 1.69092e-05
23.98 1.13962e-05 1.23915e-05 1.68352e-05
23.99 9.76181e-06 1.36418e-05 1.67747e-05
24 8.1861e-06 1.44978e-05 1.66493e-05
24.01 6.50502e-06 1.53362e-05 1.66588e-05
24.02 5.14066e-06 1.59992e-05 1.68048e-05
24.03 3.25608e-06 1.66664e-05 1.69815e-05
24.04 1.6232e-06 1.70566e-05 1.71337e-05
24.05 -2.05198e-07 1.74e-05 1.74012e-05
24.06 -1.87654e-06 1.71523e-05 1.72546e-05
24.07 -3.7073e-06 1.74149e-05 1.78052e-05
24.08 -5.56456e-06 1.67011e-05 1.76037e-05
24.09 -6.82347e-06 1.63751e-05 1.77399e-05
24.1 -8.69857e-06 1.58921e-05 1.81169e-05
24.11 -1.00665e-05 1.50336e-05 1.80927e-05
24.12 -1.14908e-05 1.42637e-05 1.83165e-05
24.13 -1.27126e-05 1.32803e-05 1.83841e-05
24.14 -1.42472e-05 1.21456e-05 1.87216e-05
24.15 -1.51752e-05 1.0874e-05 1.8669e-05
24.16 -1.63058e-05 9.61153e-06 1.89278e-05
24.17 -1.71507e-05 8.10659e-06 1.89701e-05
24.18 -1.80796e-05 6.96458e-06 1.93747e-05
24.19 -1.86358e-05 5.08098e-06 1.93161e-05
24.2 -1.9071e-05 3.88669e-06 1.9463e-05
24.21 -1.98681e-05 2.05431e-06 1.9974e-05
24.22 -1.98034e-05 2.10891e-07 1.98045e-05
24.23 -2.0012e-05 -1.46365e-06 2.00654e-05
24.24 -1.98522e-05 -3.39709e-06 2.01407e-05
24.25 -1.95747e-05 -5.24193e-06 2.02644e-05
24.26 -1.87002e-05 -6.91417e-06 1.99375e-05
24.27 -1.81106e-05 -8.54924e-06 2.0027e-05
24.28 -1.70751e-05 -1.01546e-05 1.98664e-05
24.29 -1.60456e-05 -1.14183e-05 1.96937e-05
24.3 -1.47148e-05 -1.29734e-05 1.96172e-05
24.31 -1.35474e-05 -1.37728e-05 1.9319e-05
24.32 -1.22576e-05 -1.50788e-05 1.94324e-05
24.33 -1.04219e-05 -1.56977e-05 1.88423e-05
24.34 -9.23385e-06 -1.6204e-05 1.86503e-05
24.35 -7.57265e-06 -1.67721e-05 1.84024e-05
24.36 -6.08391e-06 -1.6935e-05 1.79946e-05
24.37 -4.55689e-06 -1.70314e-05 1.76305e-05
24.38 -3.40046e-06 -1.71772e-05 1.75105e-05
24.39 -1.88175e-06 -1.71324e-05 1.72354e-05
24.4 -5.91333e-07 -1.6893e-05 1.69034e-05
24.41 7.53974e-07 -1.67966e-05 1.68135e-05
24.42 1.87649e-06 -1.61687e-05 1.62773e-05
24.43 3.2006e-06 -1.59423e-05 1.62604e-05
24.44 4.36389e-06 -1.50591e-05 1.56787e-05
24.45 4.96311e-06 -1.45437e-05 1.53672e-05
24.46 6.10881e-06 -1.39295e-05 1.52101e-05
24.47 6.72426e-06 -1.30595e-05 1.4689e-05
24.48 7.40105e-06 -1.24223e-05 1.44599e-05
24.49 7.96457e-06 -1.17471e-05 1.41926e-05
24.5 8.73931e-06 -1.08462e-05 1.3929e-05
24.51 9.11973e-06 -1.00929e-05 1.36028e-05
24.52 9.59735e-06 -9.44483e-06 1.34653e-05
24.53 9.89545e-06 -8.56115e-06 1.30848e-05
24.54 1.03752e-05 -8.10755e-06 1.31673e-05
24.55 1.05251e-05 -7.25821e-06 1.27851e-05
24.56 1.0769e-05 -6.92043e-06 1.2801e-05
24.57 1.14685e-05 -6.13739e-06 1.30075e-05
24.58 1.15523e-05 -5.42147e-06 1.27612e-05
24.59 1.20619e-05 -4.8352e-06 1.2995e-05
24.6 1.24037e-05 -3.97772e-06 1.30259e-05
24.61 1.2739e-05 -3.04332e-06 1.30975e-05
24.62 1.27985e-05 -2.34609e-06 1.30117e-05
24.63 1.30987e-05 -1.41911e-06 1.31754e-05
24.64 1.31733e-05 -3.61542e-07 1.31783e-05
24.65 1.33736e-05 4.33879e-07 1.33806e-05
24.66 1.32297e-05 1.64048e-06 1.3331e-05
24.67 1.33294e-05 2.48648e-06 1.35594e-05
24.68 1.32435e-05 3.81053e-06 1.37808e-05
24.69 1.26069e-05 4.67837e-06 1.3447e-05
24.7 1.24899e-05 5.69164e-06 1.37257e-05
24.71 1.18226e-05 6.82744e-06 1.36524e-05
24.72 1.12202e-05 7.72764e-06 1.36238e-05
24.73 1.05227e-05 8.55834e-06 1.35636e-05
24.74 9.90986e-06 9.65601e-06 1.38363e-05
24.75 8.94229e-06 1.05243e-05 1.38104e-05
24.76 8.02237e-06 1.11926e-05 1.37707e-05
24.77 6.79571e-06 1.21163e-05 1.38919e-05
24.78 5.71842e-06 1.25506e-05 1.3792e-05
24.79 4.27988e-06 1.31672e-05 1.38453e-05
24.8 2.82346e-06 1.32121e-05 1.35104e-05
24.81 1.80761e-06 1.35047e-05 1.36251e-05
24.82 1.83398e-07 1.34672e-05 1.34684e-05
24.83 -9.99823e-07 1.31003e-05 1.31384e-05
24.84 -2.25712e-06 1.28026e-05 1.30001e-05
24.85 -3.50137e-06 1.23966e-05 1.28816e-05
24.86 -4.76321e-06 1.15634e-05 1.2506e-05
24.87 -5.72744e-06 1.07719e-05 1.21999e-05
24.88 -6.69724e-06 1.00646e-05 1.20892e-05
24.89 -7.32713e-06 8.91931e-06 1.1543e-05
24.9 -8.05898e-06 8.06676e-06 1.14026e-05
24.91 -8.43072e-06 6.94672e-06 1.0924e-05
24.92 -8.66581e-06 6.15141e-06 1.06271e-05
24.93 -9.26972e-06 4.98753e-06 1.05263e-05
24.94 -9.19889e-06 3.95543e-06 1.00132e-05
24.95 -9.38943e-06 3.08758e-06 9.88406e-06
24.96 -9.38653e-06 2.01177e-06 9.5997e-06
24.97 -9.18158e-06 9.0603e-07 9.22618e-06
24.98 -8.82604e-06 1.32041e-07 8.82703e-06
24.99 -8.5179e-06 -6.89794e-07 8.54579e-06
25 -8.01641e-06 -1.64029e-06 8.1825e-06
25.01 -7.67607e-06 -2.13516e-06 7.96749e-06
25.02 -7.06548e-06 -2.80091e-06 7.6004e-06
25.03 -6.60663e-06 -3.20598e-06 7.34342e-06
25.04 -6.18632e-06 -3.79189e-06 7.25596e-06
25.05 -5.2976e-06 -3.93817e-06 6.60104e-06
25.06 -4.93195e-06 -4.13185e-06 6.434e-06
25.07 -4.28503e-06 -4.3811e-06 6.12826e-06
25.08 -3.7206e-06 -4.38705e-06 5.75231e-06
25.09 -3.34176e-06 -4.26791e-06 5.42056e-06
25.1 -2.99599e-06 -4.43152e-06 5.34924e-06
25.11 -2.54751e-06 -4.48359e-06 5.15678e-06
25.12 -2.27628e-06 -4.3191e-06 4.88222e-06
25.13 -1.73703e-06 -4.5069e-06 4.83005e-06
25.14 -1.43626e-06 -4.44498e-06 4.67126e-06
25.15 -9.92917e-07 -4.5022e-06 4.61039e-06
25.16 -4.64202e-07 -4.24113e-06 4.26645e-06
25.17 -4.0885e-07 -4.32311e-06 4.3424e-06
25.18 1.18654e-07 -4.20044e-06 4.20212e-06
25.19 3.54468e-07 -3.93104e-06 3.94699e-06
25.2 6.01107e-07 -3.82624e-06 3.87317e-06
25.21 1.00547e-06 -3.78376e-06 3.91507e-06
25.22 1.35985e-06 -3.45704e-06 3.71488e-06
25.23 1.56738e-06 -3.1827e-06 3.54771e-06
25.24 1.91979e-06 -3.16387e-06 3.70077e-06
25.25 1.96423e-06 -2.77453e-06 3.39944e-06
25.26 2.18471e-06 -2.60504e-06 3.39988e-06
25.27 2.30272e-06 -2.33181e-06 3.27717e-06
25.28 2.25934e-06 -2.33326e-06 3.24788e-06
25.29 2.65981e-06 -1.96914e-06 3.3094e-06
25.3 2.59789e-06 -1.74567e-06 3.12992e-06
25.31 2.73677e-06 -1.64976e-06 3.19556e-06
25.32 2.87702e-06 -1.31012e-06 3.16127e-06
25.33 2.77975e-06 -8.76608e-07 2.91469e-06
25.34 2.71856e-06 -6.5836e-07 2.79714e-06
25.35 2.73304e-06 -4.14137e-07 2.76424e-06
25.36 2.5315e-06 1.12509e-07 2.534e-06
25.37 2.57325e-06 2.57949e-07 2.58615e-06
25.38 2.41336e-06 5.51913e-07 2.47566e-06
25.39 2.22216e-06 7.45058e-07 2.34374e-06
25.4 2.19684e-06 1.1473e-06 2.47839e-06
25.41 1.69537e-06 1.19715e-06 2.07544e-06
25.42 1.55868e-06 1.3102e-06 2.0362e-06
25.43 1.27067e-06 1.55768e-06 2.01022e-06
25.44 9.14772e-07 1.54555e-06 1.79598e-06
25.45 8.11063e-07 1.42882e-06 1.64297e-06
25.46 6.45356e-07 1.48105e-06 1.61555e-06
25.47 4.05435e-07 1.54645e-06 1.59872e-06
25.48 3.80113e-07 1.31001e-06 1.36404e-06
25.49 1.17873e-07 1.38647e-06 1.39148e-06
25.5 -3.08659e-09 1.34573e-06 1.34573e-06
25.51 -3.63575e-08 1.30314e-06 1.30365e-06
25.52 -2.76052e-07 1.02983e-06 1.06619e-06
25.53 -8.57925e-08 1.03069e-06 1.03425e-06
25.54 -1.82248e-07 9.16587e-07 9.3453e-07
25.55 -2.02194e-07 6.35219e-07 6.66623e-07
25.56 -8.07211e-08 5.38279e-07 5.44298e-07
25.57 -2.14473e-07 5.25019e-07 5.67136e-07
25.58 -2.43322e-07 3.46464e-07 4.23371e-07
25.59 -1.29843e-07 1.20817e-07 1.77358e-07
25.6 -2.17042e-07 2.17086e-07 3.06975e-07
25.61 -2.33227e-08 4.57987e-08 5.13952e-08
25.62 9.45952e-08 -1.56799e-08 9.58859e-08
25.63 1.00294e-07 -5.00295e-08 1.1208e-07
25.64 3.33246e-07 1.75042e-07 3.76421e-07
25.65 1.77419e-07 1.20004e-07 2.14192e-07
25.66 2.29206e-07 1.78314e-07 2.90399e-07
25.67 2.54731e-07 4.11177e-07 4.83688e-07
25.68 9.23184e-08 4.39644e-07 4.49232e-07
25.69 1.73276e-07 3.89298e-07 4.26119e-07
25.7 1.52432e-07 4.69304e-07 4.93438e-07
25.71 -4.13458e-08 6.36065e-07 6.37408e-07
25.72 -1.50331e-08 4.61524e-07 4.61769e-07
25.73 -2.48826e-07 5.5921e-07 6.12071e-07
25.74 -4.25361e-07 5.9303e-07 7.29806e-07
25.75 -4.26214e-07 6.18556e-07 7.5118e-07
25.76 -6.64467e-07 4.01534e-07 7.76368e-07
25.77 -5.50112e-07 4.76066e-07 7.27504e-07
25.78 -5.90617e-07 4.83559e-07 7.6332e-07
25.79 -6.8686e-07 2.68422e-07 7.37447e-07
25.8 -5.82781e-07 2.67321e-07 6.41166e-07
25.81 -7.46735e-07 2.97982e-07 8.03994e-07
25.82 -8.32301e-07 2.09953e-07 8.58374e-07
25.83 -7.47058e-07 -5.06902e-08 7.48776e-07
25.84 -8.87468e-07 1.48746e-09 8.87469e-07
25.85 -7.80919e-07 -2.18536e-07 8.10921e-07
25.86 -6.82323e-07 -4.3703e-07 8.10284e-07
25.87 -7.79321e-07 -6.24525e-07 9.98686e-07
25.88 -6.01872e-07 -5.85189e-07 8.39462e-07
25.89 -6.91809e-07 -7.57886e-07 1.02615e-06
25.9 -6.78617e-07 -8.8808e-07 1.11768e-06
25.91 -5.21451e-07 -7.40858e-07 9.0597e-07
25.92 -5.76772e-07 -7.73567e-07 9.64921e-07
25.93 -3.70066e-07 -8.26739e-07 9.05785e-07
25.94 -2.22541e-07 -7.74557e-07 8.05892e-07
25.95 -2.60999e-07 -5.26433e-07 5.87582e-07
25.96 -7.95857e-08 -5.77632e-07 5.83089e-07
25.97 -1.13254e-07 -4.15561e-07 4.30717e-07
25.98 -1.84839e-07 -2.21037e-07 2.88137e-07
25.99 -1.8112e-08 -8.0633e-08 8.26422e-08
26 -1.14852e-07 -1.50144e-07 1.89035e-07
