0 0.000131843 -0.000378894 0.000401177
0.01 0.000262463 -0.000756216 0.000800469
0.02 0.000390764 -0.00113037 0.001196
0.03 0.000515147 -0.00150028 0.00158626
0.04 0.000635014 -0.0018648 0.00196996
0.05 0.00074876 -0.00222182 0.00234459
0.06 0.000855484 -0.00256995 0.0027086
0.07 0.000954233 -0.00290837 0.00306092
0.08 0.00104354 -0.00323517 0.00339931
0.09 0.001123 -0.00354945 0.00372287
0.1 0.00119151 -0.0038498 0.00402997
0.11 0.0012482 -0.004135 0.00431929
0.12 0.00129235 -0.004404 0.0045897
0.13 0.00132323 -0.0046557 0.00484009
0.14 0.00134054 -0.00488862 0.00506909
0.15 0.00134342 -0.00510207 0.00527597
0.16 0.00133189 -0.00529558 0.0054605
0.17 0.00130528 -0.00546768 0.00562133
0.18 0.00126352 -0.00561737 0.00575772
0.19 0.00120688 -0.00574432 0.00586973
0.2 0.00113471 -0.00584758 0.00595666
0.21 0.00104769 -0.00592716 0.00601905
0.22 0.000945853 -0.00598231 0.00605662
0.23 0.000829528 -0.00601213 0.00606909
0.24 0.000699215 -0.00601664 0.00605713
0.25 0.000555243 -0.00599591 0.00602156
0.26 0.000398585 -0.00594953 0.00596286
0.27 0.000229739 -0.00587725 0.00588174
0.28 4.98939e-05 -0.00577953 0.00577975
0.29 -0.00014038 -0.00565612 0.00565786
0.3 -0.000340085 -0.00550737 0.00551786
0.31 -0.000547571 -0.00533381 0.00536184
0.32 -0.000762207 -0.00513546 0.00519171
0.33 -0.000982328 -0.00491331 0.00501055
0.34 -0.00120683 -0.0046682 0.00482167
0.35 -0.00143434 -0.00440002 0.00462791
0.36 -0.00166312 -0.00410995 0.0044337
0.37 -0.00189196 -0.00379903 0.00424407
0.38 -0.00211913 -0.00346845 0.00406459
0.39 -0.00234326 -0.00311891 0.00390109
0.4 -0.0025625 -0.00275181 0.00376017
0.41 -0.00277538 -0.00236791 0.00364825
0.42 -0.00298064 -0.00196904 0.00357231
0.43 -0.00317611 -0.00155703 0.00353723
0.44 -0.00336073 -0.00113266 0.00354646
0.45 -0.0035325 -0.000697687 0.00360074
0.46 -0.00369025 -0.000254071 0.00369899
0.47 -0.00383271 0.000196905 0.00383777
0.48 -0.00395804 0.000653231 0.00401158
0.49 -0.00406504 0.00111316 0.0042147
0.5 -0.00415236 0.00157487 0.00444098
0.51 -0.00421918 0.00203642 0.00468492
0.52 -0.00426417 0.00249573 0.00494084
0.53 -0.00428626 0.00295134 0.00520408
0.54 -0.00428476 0.00340106 0.0054705
0.55 -0.00425859 0.00384221 0.00573569
0.56 -0.00420755 0.00427355 0.00599723
0.57 -0.00413077 0.00469301 0.00625201
0.58 -0.00402783 0.00509854 0.00649758
0.59 -0.00389888 0.00548839 0.00673229
0.6 -0.00374345 0.00586019 0.00695379
0.61 -0.00356176 0.00621216 0.0071608
0.62 -0.00335368 0.00654289 0.00735232
0.63 -0.00312 0.00685044 0.00752748
0.64 -0.0028612 0.00713273 0.0076852
0.65 -0.00257774 0.00738832 0.00782508
0.66 -0.00227049 0.00761586 0.0079471
0.67 -0.00194004 0.00781324 0.00805049
0.68 -0.00158821 0.0079798 0.00813632
0.69 -0.00121607 0.00811387 0.00820449
0.7 -0.000824748 0.00821424 0.00825554
0.71 -0.000415945 0.00828032 0.00829076
0.72 8.8198e-06 0.00831062 0.00831062
0.73 0.000447317 0.00830437 0.00831641
0.74 0.000897887 0.00826123 0.00830988
0.75 0.00135851 0.00818075 0.00829279
0.76 0.0018269 0.00806211 0.00826651
0.77 0.00230093 0.00790526 0.00823332
0.78 0.002778 0.00771022 0.00819541
0.79 0.00325626 0.00747682 0.00815512
0.8 0.0037327 0.00720591 0.00811531
0.81 0.00420476 0.00689766 0.00807823
0.82 0.00467002 0.00655214 0.00804609
0.83 0.00512592 0.00617099 0.00802223
0.84 0.00557012 0.00575458 0.00800883
0.85 0.00599946 0.0053042 0.00800799
0.86 0.00641124 0.00482115 0.00802169
0.87 0.00680317 0.00430695 0.00805189
0.88 0.00717273 0.00376297 0.00809987
0.89 0.00751764 0.00319124 0.00816694
0.9 0.00783471 0.00259383 0.00825292
0.91 0.00812202 0.00197241 0.00835809
0.92 0.00837719 0.00132982 0.00848208
0.93 0.00859824 0.000668339 0.00862418
0.94 0.008783 -1.00837e-05 0.00878301
0.95 0.0089294 -0.000701944 0.00895695
0.96 0.00903596 -0.00140503 0.00914454
0.97 0.00910097 -0.0021163 0.00934379
0.98 0.00912282 -0.00283264 0.00955247
0.99 0.00910038 -0.00355107 0.00976867
1 0.00903254 -0.00426856 0.00999036
1.01 0.00891895 -0.00498171 0.0102159
1.02 0.00875836 -0.005687 0.0104427
1.03 0.00855033 -0.00638167 0.0106693
1.04 0.00829477 -0.00706185 0.0108937
1.05 0.00799199 -0.00772435 0.0111147
1.06 0.00764245 -0.00836626 0.0113314
1.07 0.00724606 -0.00898347 0.0115416
1.08 0.00680376 -0.00957319 0.0117447
1.09 0.00631653 -0.0101323 0.0119399
1.1 0.00578601 -0.0106572 0.0121266
1.11 0.00521358 -0.0111451 0.0123042
1.12 0.00460064 -0.0115927 0.0124722
1.13 0.00394948 -0.0119974 0.0126307
1.14 0.00326224 -0.0123561 0.0127795
1.15 0.00254139 -0.0126668 0.0129192
1.16 0.00178963 -0.0129264 0.0130496
1.17 0.0010098 -0.0131326 0.0131714
1.18 0.000205248 -0.0132842 0.0132858
1.19 -0.000620899 -0.0133784 0.0133928
1.2 -0.00146528 -0.013414 0.0134938
1.21 -0.00232431 -0.0133895 0.0135897
1.22 -0.00319387 -0.0133034 0.0136815
1.23 -0.00406983 -0.0131553 0.0137704
1.24 -0.00494869 -0.012944 0.0138577
1.25 -0.00582606 -0.0126693 0.0139447
1.26 -0.00669785 -0.0123309 0.0140326
1.27 -0.00755941 -0.0119296 0.014123
1.28 -0.00840629 -0.0114652 0.0142168
1.29 -0.00923438 -0.0109382 0.014315
1.3 -0.0100394 -0.0103505 0.0144195
1.31 -0.0108167 -0.00970281 0.0145308
1.32 -0.0115619 -0.00899724 0.0146502
1.33 -0.0122708 -0.00823547 0.0147782
1.34 -0.0129392 -0.00741924 0.0149154
1.35 -0.0135629 -0.00655172 0.0150624
1.36 -0.0141381 -0.00563585 0.0152201
1.37 -0.0146608 -0.0046746 0.015388
1.38 -0.0151273 -0.00367097 0.0155664
1.39 -0.0155342 -0.002629 0.0157551
1.4 -0.015878 -0.00155265 0.0159538
1.41 -0.0161557 -0.000445793 0.0161619
1.42 -0.0163649 0.000686601 0.0163793
1.43 -0.0165024 0.00184078 0.0166048
1.44 -0.0165663 0.00301145 0.0168378
1.45 -0.0165546 0.00419343 0.0170774
1.46 -0.0164656 0.00538235 0.017323
1.47 -0.0162978 0.00657239 0.0175732
1.48 -0.0160508 0.00775819 0.0178274
1.49 -0.0157233 0.00893405 0.0180842
1.5 -0.0153152 0.0100949 0.0183429
1.51 -0.0148269 0.011235 0.0186027
1.52 -0.0142586 0.0123487 0.0188626
1.53 -0.0136113 0.0134303 0.0191217
1.54 -0.0128864 0.0144737 0.0193791
1.55 -0.0120853 0.0154744 0.0196344
1.56 -0.0112101 0.0164266 0.0198872
1.57 -0.0102636 0.0173246 0.0201366
1.58 -0.00924841 0.0181634 0.0203824
1.59 -0.00816762 0.0189377 0.0206239
1.6 -0.00702491 0.019643 0.0208614
1.61 -0.00582417 0.0202746 0.0210945
1.62 -0.00456987 0.0208279 0.0213234
1.63 -0.0032668 0.0212989 0.0215479
1.64 -0.00191942 0.0216836 0.0217684
1.65 -0.000533105 0.0219788 0.0219853
1.66 0.000886049 0.0221808 0.0221985
1.67 0.00233258 0.0222872 0.0224089
1.68 0.00380046 0.0222956 0.0226172
1.69 0.00528323 0.0222035 0.0228234
1.7 0.00677469 0.0220097 0.0230287
1.71 0.00826783 0.0217124 0.0232332
1.72 0.0097559 0.0213113 0.0234382
1.73 0.0112322 0.020806 0.0236443
1.74 0.0126897 0.0201968 0.0238524
1.75 0.0141208 0.019484 0.0240629
1.76 0.0155189 0.0186687 0.0242766
1.77 0.0168772 0.0177529 0.024495
1.78 0.0181879 0.0167383 0.0247178
1.79 0.0194445 0.0156279 0.0249463
1.8 0.0206398 0.0144245 0.0251807
1.81 0.0217675 0.0131312 0.0254215
1.82 0.0228213 0.0117529 0.0256699
1.83 0.0237945 0.0102934 0.0259255
1.84 0.0246805 0.00875815 0.0261884
1.85 0.0254743 0.00715219 0.0264593
1.86 0.0261702 0.00548138 0.0267381
1.87 0.0267632 0.00375205 0.027025
1.88 0.0272482 0.00197079 0.0273193
1.89 0.027621 0.000144736 0.0276214
1.9 0.0278772 -0.00171916 0.0279302
1.91 0.0280142 -0.00361328 0.0282462
1.92 0.0280285 -0.00552924 0.0285687
1.93 0.0279173 -0.00745939 0.0288967
1.94 0.0276792 -0.00939488 0.0292302
1.95 0.0273125 -0.0113278 0.0295684
1.96 0.0268159 -0.0132489 0.0299103
1.97 0.0261895 -0.0151494 0.0302555
1.98 0.0254334 -0.0170205 0.0306032
1.99 0.0245485 -0.0188533 0.0309528
2 0.0235361 -0.0206389 0.0313035
2.01 0.0223984 -0.0223682 0.0316548
2.02 0.0211375 -0.0240325 0.0320056
2.03 0.0197574 -0.0256234 0.0323561
2.04 0.0182619 -0.0271321 0.0327054
2.05 0.0166548 -0.0285503 0.033053
2.06 0.0149416 -0.0298699 0.0333985
2.07 0.0131277 -0.0310834 0.0337419
2.08 0.0112191 -0.0321835 0.034083
2.09 0.00922304 -0.0331629 0.0344215
2.1 0.00714628 -0.0340147 0.0347573
2.11 0.00499649 -0.034733 0.0350905
2.12 0.00278188 -0.0353125 0.0354219
2.13 0.000511362 -0.0357479 0.0357515
2.14 -0.00180635 -0.0360341 0.0360793
2.15 -0.00416165 -0.0361671 0.0364058
2.16 -0.00654472 -0.0361437 0.0367315
2.17 -0.00894631 -0.0359614 0.0370575
2.18 -0.0113551 -0.0356179 0.0373841
2.19 -0.0137609 -0.0351114 0.0377117
2.2 -0.0161534 -0.0344412 0.0380411
2.21 -0.0185214 -0.0336075 0.0383733
2.22 -0.0208542 -0.0326111 0.0387089
2.23 -0.0231406 -0.0314531 0.0390485
2.24 -0.0253696 -0.0301359 0.0393927
2.25 -0.0275303 -0.0286623 0.0397423
2.26 -0.0296125 -0.0270358 0.0400978
2.27 -0.031605 -0.025261 0.0404598
2.28 -0.0334971 -0.0233429 0.0408283
2.29 -0.0352795 -0.0212875 0.0412044
2.3 -0.0369417 -0.0191013 0.0415879
2.31 -0.0384745 -0.0167915 0.041979
2.32 -0.0398688 -0.0143656 0.0423779
2.33 -0.0411155 -0.0118328 0.0427843
2.34 -0.0422071 -0.00920193 0.0431985
2.35 -0.0431356 -0.00648281 0.04362
2.36 -0.0438939 -0.00368565 0.0440484
2.37 -0.0444757 -0.000821477 0.0444833
2.38 -0.0448757 0.00209895 0.0449247
2.39 -0.0450887 0.00506322 0.0453721
2.4 -0.0451099 0.00805947 0.0458242
2.41 -0.0449363 0.0110753 0.046281
2.42 -0.0445649 0.0140979 0.0467417
2.43 -0.0439943 0.0171143 0.0472059
2.44 -0.0432234 0.0201115 0.0476732
2.45 -0.0422511 0.0230754 0.0481418
2.46 -0.0410787 0.0259933 0.0486119
2.47 -0.039708 0.0288518 0.0490831
2.48 -0.0381413 0.0316374 0.0495548
2.49 -0.036382 0.0343363 0.0500263
2.5 -0.0344341 0.0369358 0.0504972
2.51 -0.0323031 0.0394231 0.0509674
2.52 -0.0299947 0.0417854 0.0514364
2.53 -0.0275165 0.0440106 0.0519046
2.54 -0.0248757 0.0460862 0.0523711
2.55 -0.0220809 0.0480009 0.0528361
2.56 -0.0191419 0.0497445 0.0533004
2.57 -0.0160683 0.0513061 0.0537634
2.58 -0.0128718 0.0526759 0.0542257
2.59 -0.00956384 0.0538447 0.0546874
2.6 -0.00615661 0.0548042 0.0551489
2.61 -0.00266319 0.055547 0.0556108
2.62 0.000902869 0.0560665 0.0560737
2.63 0.00452707 0.0563563 0.0565379
2.64 0.00819535 0.0564113 0.0570035
2.65 0.0118924 0.0562281 0.057472
2.66 0.0156031 0.0558029 0.0579432
2.67 0.0193115 0.0551336 0.0584178
2.68 0.0230015 0.0542197 0.0588968
2.69 0.0266574 0.0530603 0.0593803
2.7 0.0302629 0.0516569 0.0598688
2.71 0.0338015 0.0500112 0.0603627
2.72 0.0372571 0.0481263 0.0608623
2.73 0.0406134 0.0460065 0.0613681
2.74 0.043855 0.0436571 0.0618806
2.75 0.0469656 0.0410843 0.0623994
2.76 0.0499301 0.0382951 0.0629248
2.77 0.0527335 0.0352986 0.0634572
2.78 0.0553614 0.0321037 0.0639964
2.79 0.0577997 0.0287209 0.0645422
2.8 0.0600347 0.0251621 0.0650945
2.81 0.0620538 0.0214386 0.0656528
2.82 0.0638454 0.017564 0.0662173
2.83 0.0653981 0.0135525 0.0667876
2.84 0.0667013 0.00941883 0.067363
2.85 0.0677452 0.00517856 0.0679428
2.86 0.0685221 0.000847736 0.0685273
2.87 0.0690242 -0.00355672 0.0691158
2.88 0.0692454 -0.00801751 0.069708
2.89 0.0691798 -0.0125159 0.0703029
2.9 0.0688233 -0.0170344 0.0709001
2.91 0.068173 -0.0215545 0.0714993
2.92 0.0672276 -0.0260565 0.0721006
2.93 0.065986 -0.0305217 0.0727029
2.94 0.064449 -0.0349303 0.0733062
2.95 0.0626184 -0.0392633 0.0739098
2.96 0.0604975 -0.0435019 0.0745142
2.97 0.058091 -0.0476262 0.0751187
2.98 0.0554049 -0.0516173 0.0757235
2.99 0.0524458 -0.055456 0.0763278
3 0.0492218 -0.0591252 0.0769322
3.01 0.0457428 -0.0626063 0.0775368
3.02 0.0420198 -0.0658821 0.0781417
3.03 0.0380645 -0.0689358 0.0787467
3.04 0.03389 -0.071751 0.079352
3.05 0.0295099 -0.0743132 0.079958
3.06 0.0249401 -0.0766079 0.0805654
3.07 0.0201973 -0.0786212 0.0811741
3.08 0.0152982 -0.0803409 0.0817845
3.09 0.0102605 -0.0817551 0.0823965
3.1 0.0051036 -0.0828541 0.0830111
3.11 -0.00015263 -0.0836285 0.0836287
3.12 -0.0054878 -0.0840707 0.0842496
3.13 -0.0108808 -0.0841736 0.084874
3.14 -0.0163106 -0.083932 0.0855021
3.15 -0.0217552 -0.0833423 0.086135
3.16 -0.0271914 -0.0824019 0.0867724
3.17 -0.032597 -0.0811096 0.0874147
3.18 -0.0379493 -0.0794657 0.0880621
3.19 -0.0432252 -0.0774716 0.0887145
3.2 -0.0484022 -0.0751316 0.089373
3.21 -0.0534572 -0.0724498 0.0900369
3.22 -0.0583675 -0.0694327 0.0907065
3.23 -0.0631108 -0.0660876 0.0913813
3.24 -0.0676656 -0.0624242 0.092062
3.25 -0.0720102 -0.0584533 0.0927484
3.26 -0.0761239 -0.0541869 0.0934402
3.27 -0.0799867 -0.0496381 0.0941372
3.28 -0.0835785 -0.0448219 0.0948387
3.29 -0.0868819 -0.0397543 0.0955451
3.3 -0.0898792 -0.0344531 0.0962563
3.31 -0.0925531 -0.0289365 0.0969711
3.32 -0.0948889 -0.0232243 0.0976897
3.33 -0.0968723 -0.017337 0.0984115
3.34 -0.0984906 -0.0112967 0.0991364
3.35 -0.0997321 -0.00512579 0.0998637
3.36 -0.100587 0.00115194 0.100593
3.37 -0.101045 0.0075124 0.101324
3.38 -0.101101 0.0139309 0.102056
3.39 -0.100749 0.0203821 0.10279
3.4 -0.0999843 0.0268398 0.103524
3.41 -0.098805 0.033278 0.104259
3.42 -0.0972107 0.0396702 0.104994
3.43 -0.0952018 0.0459899 0.105728
3.44 -0.092782 0.0522104 0.106463
3.45 -0.0899551 0.0583051 0.107198
3.46 -0.0867275 0.0642474 0.107932
3.47 -0.0831072 0.0700118 0.108667
3.48 -0.0791038 0.0755724 0.109401
3.49 -0.0747286 0.0809039 0.110135
3.5 -0.0699948 0.0859817 0.11087
3.51 -0.0649172 0.0907827 0.111605
3.52 -0.0595114 0.0952834 0.112341
3.53 -0.0537953 0.0994622 0.113078
3.54 -0.0477888 0.103298 0.113817
3.55 -0.0415115 0.106771 0.114557
3.56 -0.0349863 0.109863 0.115299
3.57 -0.0282357 0.112556 0.116043
3.58 -0.0212846 0.114835 0.116791
3.59 -0.0141585 0.116685 0.117541
3.6 -0.00688377 0.118095 0.118295
3.61 0.000512043 0.119052 0.119053
3.62 0.00800067 0.119547 0.119815
3.63 0.0155528 0.119574 0.120581
3.64 0.0231392 0.119125 0.121352
3.65 0.03073 0.118198 0.122127
3.66 0.0382943 0.11679 0.122908
3.67 0.045802 0.1149 0.123693
3.68 0.0532217 0.112532 0.124483
3.69 0.0605232 0.109688 0.125278
3.7 0.0676755 0.106375 0.126078
3.71 0.0746484 0.1026 0.126882
3.72 0.0814118 0.0983725 0.127691
3.73 0.0879363 0.0937045 0.128504
3.74 0.0941931 0.0886092 0.129321
3.75 0.100154 0.0831024 0.130142
3.76 0.105792 0.0772009 0.130965
3.77 0.11108 0.0709237 0.131792
3.78 0.115995 0.0642917 0.132621
3.79 0.120511 0.0573265 0.133451
3.8 0.124607 0.050053 0.134284
3.81 0.128261 0.0424959 0.135118
3.82 0.131454 0.0346821 0.135952
3.83 0.134168 0.0266399 0.136787
3.84 0.136387 0.0183984 0.137622
3.85 0.138096 0.00998803 0.138457
3.86 0.139284 0.00144012 0.139291
3.87 0.139939 -0.00721282 0.140125
3.88 0.140054 -0.0159379 0.140958
3.89 0.139621 -0.0247015 0.141789
3.9 0.138637 -0.033469 0.14262
3.91 0.1371 -0.0422069 0.14345
3.92 0.135009 -0.0508794 0.144278
3.93 0.132367 -0.0594521 0.145106
3.94 0.129179 -0.0678902 0.145932
3.95 0.12545 -0.076159 0.146758
3.96 0.121191 -0.0842242 0.147584
3.97 0.116412 -0.0920521 0.148409
3.98 0.111126 -0.0996093 0.149235
3.99 0.10535 -0.106864 0.150061
4 0.0991 -0.113783 0.150888
4.01 0.0923964 -0.120337 0.151717
4.02 0.085261 -0.126496 0.152547
4.03 0.0777167 -0.132233 0.15338
4.04 0.0697893 -0.137519 0.154214
4.05 0.0615058 -0.142331 0.155052
4.06 0.0528948 -0.146644 0.155892
4.07 0.0439872 -0.150437 0.156736
4.08 0.0348145 -0.153689 0.157582
4.09 0.0254098 -0.156382 0.158433
4.1 0.0158077 -0.1585 0.159287
4.11 0.00604382 -0.16003 0.160145
4.12 -0.00384582 -0.16096 0.161006
4.13 -0.0138238 -0.161279 0.16187
4.14 -0.0238514 -0.160981 0.162738
4.15 -0.0338913 -0.160061 0.163609
4.16 -0.0439037 -0.158516 0.164483
4.17 -0.0538497 -0.156346 0.16536
4.18 -0.0636902 -0.153554 0.166239
4.19 -0.0733854 -0.150145 0.167119
4.2 -0.0828969 -0.146125 0.168001
4.21 -0.0921859 -0.141504 0.168884
4.22 -0.101214 -0.136296 0.169767
4.23 -0.109945 -0.130513 0.17065
4.24 -0.118341 -0.124174 0.171533
4.25 -0.126367 -0.117297 0.172416
4.26 -0.133988 -0.109904 0.173296
4.27 -0.141171 -0.102019 0.174176
4.28 -0.147886 -0.0936677 0.175054
4.29 -0.154101 -0.0848778 0.17593
4.3 -0.159788 -0.0756787 0.176803
4.31 -0.16492 -0.0661029 0.177674
4.32 -0.169473 -0.0561834 0.178543
4.33 -0.173424 -0.0459554 0.179409
4.34 -0.176752 -0.0354552 0.180273
4.35 -0.17944 -0.0247211 0.181135
4.36 -0.181471 -0.0137919 0.181995
4.37 -0.182832 -0.00270785 0.182852
4.38 -0.183512 0.00848977 0.183708
4.39 -0.183502 0.0197594 0.184563
4.4 -0.182796 0.0310581 0.185416
4.41 -0.181392 0.042343 0.186269
4.42 -0.179289 0.0535714 0.187121
4.43 -0.176488 0.0646991 0.187973
4.44 -0.172994 0.0756831 0.188825
4.45 -0.168817 0.0864803 0.189678
4.46 -0.163964 0.0970479 0.190532
4.47 -0.15845 0.107343 0.191387
4.48 -0.15229 0.117326 0.192243
4.49 -0.145502 0.126954 0.193102
4.5 -0.138107 0.136189 0.193961
4.51 -0.130128 0.144992 0.194823
4.52 -0.121591 0.153326 0.195687
4.53 -0.112524 0.161156 0.196552
4.54 -0.102956 0.168448 0.19742
4.55 -0.0929213 0.175169 0.198289
4.56 -0.0824528 0.181291 0.19916
4.57 -0.0715873 0.186784 0.200033
4.58 -0.0603627 0.191624 0.200907
4.59 -0.0488189 0.195786 0.201781
4.6 -0.0369968 0.19925 0.202656
4.61 -0.0249392 0.201998 0.203532
4.62 -0.0126899 0.204012 0.204407
4.63 -0.000293358 0.205281 0.205282
4.64 0.0122045 0.205794 0.206155
4.65 0.0247572 0.205542 0.207028
4.66 0.0373182 0.204522 0.207899
4.67 0.04984 0.202731 0.208768
4.68 0.0622753 0.200171 0.209634
4.69 0.0745769 0.196845 0.210498
4.7 0.0866973 0.19276 0.21136
4.71 0.0985898 0.187927 0.212218
4.72 0.110208 0.182357 0.213072
4.73 0.121507 0.176067 0.213924
4.74 0.132441 0.169075 0.214772
4.75 0.142967 0.161402 0.215616
4.76 0.153044 0.153072 0.216457
4.77 0.162629 0.144113 0.217293
4.78 0.171684 0.134552 0.218127
4.79 0.180171 0.124421 0.218957
4.8 0.188055 0.113756 0.219784
4.81 0.195303 0.102591 0.220608
4.82 0.201882 0.0909646 0.221429
4.83 0.207765 0.0789181 0.222248
4.84 0.212923 0.0664927 0.223064
4.85 0.217335 0.0537328 0.223879
4.86 0.220977 0.0406835 0.224691
4.87 0.223832 0.0273915 0.225502
4.88 0.225884 0.0139045 0.226311
4.89 0.22712 0.0002716 0.22712
4.9 0.22753 -0.0134577 0.227928
4.91 0.227108 -0.0272324 0.228735
4.92 0.22585 -0.0410024 0.229541
4.93 0.223755 -0.0547162 0.230348
4.94 0.220826 -0.0683227 0.231154
4.95 0.217068 -0.0817706 0.231959
4.96 0.212491 -0.0950096 0.232764
4.97 0.207106 -0.107989 0.233569
4.98 0.200929 -0.12066 0.234374
4.99 0.193976 -0.132972 0.235178
5 0.186271 -0.14488 0.235981
5.01 0.177835 -0.156336 0.236783
5.02 0.168697 -0.167295 0.237584
5.03 0.158886 -0.177714 0.238384
5.04 0.148433 -0.187552 0.239182
5.05 0.137374 -0.196769 0.239978
5.06 0.125746 -0.205327 0.240772
5.07 0.113588 -0.213192 0.241564
5.08 0.100943 -0.22033 0.242352
5.09 0.0878528 -0.226711 0.243138
5.1 0.0743641 -0.232308 0.24392
5.11 0.0605239 -0.237095 0.244698
5.12 0.0463812 -0.241051 0.245473
5.13 0.0319858 -0.244157 0.246243
5.14 0.017389 -0.246397 0.24701
5.15 0.00264331 -0.247758 0.247772
5.16 -0.0121984 -0.248229 0.248529
5.17 -0.0270821 -0.247807 0.249282
5.18 -0.0419541 -0.246486 0.250031
5.19 -0.0567597 -0.244267 0.250774
5.2 -0.0714447 -0.241153 0.251514
5.21 -0.0859551 -0.237152 0.252249
5.22 -0.100237 -0.232274 0.252979
5.23 -0.114238 -0.226531 0.253705
5.24 -0.127904 -0.219941 0.254428
5.25 -0.141186 -0.212523 0.255146
5.26 -0.154032 -0.2043 0.25586
5.27 -0.166395 -0.195299 0.256572
5.28 -0.178226 -0.185548 0.257279
5.29 -0.189481 -0.175079 0.257984
5.3 -0.200116 -0.163927 0.258686
5.31 -0.210089 -0.152128 0.259385
5.32 -0.219362 -0.139724 0.260081
5.33 -0.227897 -0.126755 0.260776
5.34 -0.235661 -0.113266 0.261468
5.35 -0.242623 -0.0993046 0.262159
5.36 -0.248752 -0.0849176 0.262847
5.37 -0.254024 -0.070156 0.263534
5.38 -0.258416 -0.055071 0.264218
5.39 -0.261907 -0.0397161 0.264902
5.4 -0.264483 -0.0241447 0.265582
5.41 -0.266129 -0.008413 0.266262
5.42 -0.266835 0.00742394 0.266939
5.43 -0.266596 0.0233091 0.267613
5.44 -0.265408 0.0391858 0.268286
5.45 -0.263272 0.0549966 0.268955
5.46 -0.260191 0.0706847 0.269621
5.47 -0.256173 0.0861934 0.270285
5.48 -0.251228 0.101466 0.270944
5.49 -0.24537 0.116448 0.2716
5.5 -0.238617 0.131083 0.272251
5.51 -0.23099 0.145318 0.272899
5.52 -0.222512 0.1591 0.273541
5.53 -0.213211 0.17238 0.274178
5.54 -0.203116 0.185107 0.27481
5.55 -0.192262 0.197233 0.275437
5.56 -0.180683 0.208715 0.276058
5.57 -0.168418 0.219507 0.276673
5.58 -0.155509 0.22957 0.277282
5.59 -0.142 0.238864 0.277885
5.6 -0.127935 0.247355 0.278482
5.61 -0.113364 0.25501 0.279072
5.62 -0.0983367 0.261797 0.279657
5.63 -0.0829048 0.267691 0.280235
5.64 -0.0671212 0.272668 0.280807
5.65 -0.0510415 0.276706 0.281374
5.66 -0.0347213 0.279789 0.281935
5.67 -0.0182177 0.281903 0.282491
5.68 -0.00158869 0.283037 0.283041
5.69 0.0151075 0.283183 0.283586
5.7 0.0318119 0.28234 0.284126
5.71 0.0484653 0.280506 0.284662
5.72 0.0650091 0.277686 0.285194
5.73 0.0813842 0.273886 0.285722
5.74 0.0975327 0.269117 0.286246
5.75 0.113396 0.263394 0.286767
5.76 0.128919 0.256732 0.287283
5.77 0.144046 0.249155 0.287797
5.78 0.158721 0.240685 0.288308
5.79 0.172892 0.23135 0.288815
5.8 0.186508 0.221181 0.28932
5.81 0.19952 0.210211 0.289822
5.82 0.21188 0.198476 0.290321
5.83 0.223544 0.186017 0.290816
5.84 0.234468 0.172875 0.291309
5.85 0.244613 0.159093 0.291798
5.86 0.253941 0.14472 0.292284
5.87 0.262418 0.129804 0.292766
5.88 0.270012 0.114395 0.293245
5.89 0.276694 0.0985469 0.293719
5.9 0.282439 0.0823135 0.294189
5.91 0.287224 0.0657509 0.294654
5.92 0.291032 0.0489162 0.295114
5.93 0.293846 0.0318672 0.295569
5.94 0.295655 0.0146627 0.296018
5.95 0.29645 -0.0026372 0.296462
5.96 0.296227 -0.019973 0.296899
5.97 0.294983 -0.0372843 0.29733
5.98 0.292722 -0.0545112 0.297755
5.99 0.28945 -0.0715932 0.298173
6 0.285175 -0.0884714 0.298583
6.01 0.279912 -0.105087 0.298988
6.02 0.273675 -0.121381 0.299385
6.03 0.266486 -0.137297 0.299775
6.04 0.258367 -0.15278 0.300159
6.05 0.249346 -0.167775 0.300536
6.06 0.239451 -0.18223 0.300906
6.07 0.228716 -0.196093 0.30127
6.08 0.217176 -0.209317 0.301627
6.09 0.20487 -0.221854 0.301978
6.1 0.191839 -0.233661 0.302324
6.11 0.178128 -0.244695 0.302664
6.12 0.163783 -0.254917 0.302998
6.13 0.148851 -0.264293 0.303327
6.14 0.133384 -0.272787 0.303651
6.15 0.117434 -0.28037 0.303971
6.16 0.101056 -0.287015 0.304286
6.17 0.0843053 -0.292698 0.304597
6.18 0.0672385 -0.297398 0.304904
6.19 0.0499146 -0.301098 0.305207
6.2 0.0323921 -0.303784 0.305506
6.21 0.0147314 -0.305446 0.305801
6.22 -0.00300777 -0.306077 0.306092
6.23 -0.0207642 -0.305675 0.306379
6.24 -0.0384774 -0.304239 0.306662
6.25 -0.0560868 -0.301773 0.306941
6.26 -0.073532 -0.298286 0.307216
6.27 -0.0907537 -0.293788 0.307486
6.28 -0.107693 -0.288293 0.307751
6.29 -0.124291 -0.28182 0.308011
6.3 -0.140492 -0.274389 0.308265
6.31 -0.15624 -0.266027 0.308514
6.32 -0.171481 -0.256759 0.308757
6.33 -0.186164 -0.246618 0.308994
6.34 -0.200238 -0.235636 0.309224
6.35 -0.213654 -0.223853 0.309448
6.36 -0.226368 -0.211305 0.309665
6.37 -0.238336 -0.198036 0.309875
6.38 -0.249517 -0.18409 0.310077
6.39 -0.259872 -0.169515 0.310272
6.4 -0.269368 -0.154359 0.31046
6.41 -0.27797 -0.138673 0.310641
6.42 -0.28565 -0.122511 0.310813
6.43 -0.292383 -0.105926 0.310979
6.44 -0.298144 -0.0889745 0.311138
6.45 -0.302916 -0.0717138 0.311289
6.46 -0.30668 -0.0542017 0.311433
6.47 -0.309426 -0.0364973 0.311571
6.48 -0.311142 -0.0186599 0.311701
6.49 -0.311825 -0.000749721 0.311826
6.5 -0.311472 0.017173 0.311945
6.51 -0.310083 0.0350483 0.312057
6.52 -0.307664 0.0528162 0.312165
6.53 -0.304224 0.0704167 0.312267
6.54 -0.299773 0.0877913 0.312364
6.55 -0.294328 0.104882 0.312456
6.56 -0.287906 0.121631 0.312544
6.57 -0.28053 0.137982 0.312628
6.58 -0.272224 0.153882 0.312707
6.59 -0.263017 0.169277 0.312782
6.6 -0.25294 0.184115 0.312853
6.61 -0.242027 0.198349 0.31292
6.62 -0.230315 0.211929 0.312984
6.63 -0.217843 0.224812 0.313043
6.64 -0.204653 0.236956 0.313099
6.65 -0.19079 0.248319 0.31315
6.66 -0.176299 0.258864 0.313197
6.67 -0.161231 0.268558 0.313239
6.68 -0.145635 0.277368 0.313277
6.69 -0.129563 0.285266 0.313311
6.7 -0.113069 0.292227 0.313339
6.71 -0.0962083 0.298227 0.313362
6.72 -0.0790368 0.303249 0.313379
6.73 -0.0616116 0.307275 0.313391
6.74 -0.0439909 0.310294 0.313397
6.75 -0.0262327 0.312297 0.313397
6.76 -0.00839593 0.313278 0.313391
6.77 0.00946024 0.313235 0.313378
6.78 0.0272771 0.312168 0.313357
6.79 0.0449959 0.310084 0.313331
6.8 0.0625584 0.306988 0.313298
6.81 0.0799071 0.302895 0.313257
6.82 0.0969848 0.297816 0.31321
6.83 0.113736 0.291771 0.313156
6.84 0.130106 0.284781 0.313094
6.85 0.146042 0.27687 0.313026
6.86 0.161491 0.268065 0.312951
6.87 0.176405 0.258396 0.312869
6.88 0.190734 0.247896 0.312781
6.89 0.204433 0.236601 0.312686
6.9 0.217457 0.224548 0.312585
6.91 0.229767 0.21178 0.312479
6.92 0.24132 0.198338 0.312367
6.93 0.252083 0.184267 0.31225
6.94 0.26202 0.169615 0.312128
6.95 0.271101 0.15443 0.312
6.96 0.279297 0.138763 0.311868
6.97 0.286583 0.122665 0.311731
6.98 0.292937 0.10619 0.31159
6.99 0.298341 0.0893921 0.311445
7 0.302777 0.0723268 0.311296
7.01 0.306234 0.05505 0.311143
7.02 0.308702 0.0376182 0.310985
7.03 0.310175 0.0200883 0.310825
7.04 0.31065 0.00251767 0.31066
7.05 0.310127 -0.015037 0.310491
7.06 0.30861 -0.0325185 0.310319
7.07 0.306107 -0.0498705 0.310142
7.08 0.302626 -0.0670369 0.309962
7.09 0.298181 -0.0839628 0.309777
7.1 0.29279 -0.100594 0.309588
7.11 0.28647 -0.116876 0.309395
7.12 0.279245 -0.132759 0.309197
7.13 0.271139 -0.148192 0.308994
7.14 0.262181 -0.163125 0.308786
7.15 0.252402 -0.177513 0.308574
7.16 0.241835 -0.191309 0.308356
7.17 0.230515 -0.204472 0.308133
7.18 0.218482 -0.216959 0.307905
7.19 0.205774 -0.228733 0.307671
7.2 0.192435 -0.239757 0.307432
7.21 0.178509 -0.249998 0.307188
7.22 0.164042 -0.259424 0.306938
7.23 0.149082 -0.268009 0.306682
7.24 0.133677 -0.275725 0.306421
7.25 0.117879 -0.282552 0.306156
7.26 0.101739 -0.288469 0.305884
7.27 0.0853091 -0.293459 0.305608
7.28 0.0686432 -0.29751 0.305326
7.29 0.0517944 -0.300611 0.30504
7.3 0.0348175 -0.302754 0.30475
7.31 0.0177667 -0.303936 0.304454
7.32 0.000696897 -0.304154 0.304155
7.33 -0.0163379 -0.303413 0.303852
7.34 -0.0332833 -0.301715 0.303545
7.35 -0.0500855 -0.29907 0.303235
7.36 -0.0666915 -0.295488 0.302921
7.37 -0.0830496 -0.290985 0.302604
7.38 -0.0991074 -0.285576 0.302284
7.39 -0.114816 -0.279281 0.301962
7.4 -0.130126 -0.272124 0.301636
7.41 -0.14499 -0.26413 0.301308
7.42 -0.159362 -0.255326 0.300978
7.43 -0.173198 -0.245743 0.300644
7.44 -0.186457 -0.235413 0.300309
7.45 -0.199097 -0.224372 0.299971
7.46 -0.211081 -0.212656 0.29963
7.47 -0.222373 -0.200306 0.299286
7.48 -0.232939 -0.187361 0.298939
7.49 -0.242749 -0.173864 0.29859
7.5 -0.251773 -0.159861 0.298237
7.51 -0.259987 -0.145396 0.297881
7.52 -0.267365 -0.130517 0.297521
7.53 -0.273889 -0.115272 0.297158
7.54 -0.279541 -0.0997099 0.296791
7.55 -0.284304 -0.0838807 0.29642
7.56 -0.288168 -0.0678354 0.296045
7.57 -0.291123 -0.0516248 0.295665
7.58 -0.293164 -0.0353004 0.295281
7.59 -0.294286 -0.0189137 0.294893
7.6 -0.294489 -0.00251656 0.2945
7.61 -0.293776 0.0138403 0.294102
7.62 -0.292153 0.0301047 0.2937
7.63 -0.289627 0.0462274 0.293293
7.64 -0.28621 0.0621575 0.292881
7.65 -0.281915 0.0778461 0.292465
7.66 -0.276759 0.0932455 0.292045
7.67 -0.270761 0.108308 0.29162
7.68 -0.263943 0.122989 0.291191
7.69 -0.25633 0.137243 0.290759
7.7 -0.247948 0.151028 0.290323
7.71 -0.238825 0.164301 0.289883
7.72 -0.228994 0.177025 0.289441
7.73 -0.218487 0.189161 0.288996
7.74 -0.20734 0.200674 0.288548
7.75 -0.195589 0.211531 0.288098
7.76 -0.183274 0.221699 0.287645
7.77 -0.170435 0.231151 0.287191
7.78 -0.157114 0.239859 0.286735
7.79 -0.143354 0.2478 0.286278
7.8 -0.129199 0.254951 0.285819
7.81 -0.114696 0.261295 0.28536
7.82 -0.0998897 0.266813 0.284899
7.83 -0.0848277 0.271493 0.284437
7.84 -0.0695581 0.275323 0.283974
7.85 -0.0541281 0.278294 0.28351
7.86 -0.0385872 0.280402 0.283045
7.87 -0.0229828 0.281642 0.282578
7.88 -0.00736405 0.282015 0.282111
7.89 0.00822066 0.281523 0.281643
7.9 0.0237238 0.28017 0.281173
7.91 0.0390978 0.277965 0.280701
7.92 0.0542952 0.274917 0.280228
7.93 0.0692705 0.27104 0.279752
7.94 0.0839783 0.266349 0.279274
7.95 0.0983747 0.260861 0.278794
7.96 0.112416 0.254598 0.278312
7.97 0.126062 0.24758 0.277826
7.98 0.13927 0.239833 0.277338
7.99 0.152004 0.231384 0.276846
8 0.164225 0.222262 0.276352
8.01 0.175898 0.212497 0.275854
8.02 0.186991 0.202123 0.275353
8.03 0.19747 0.191173 0.274848
8.04 0.207308 0.179683 0.274341
8.05 0.216476 0.167692 0.273829
8.06 0.22495 0.155238 0.273315
8.07 0.232706 0.142361 0.272798
8.08 0.239725 0.129102 0.272278
8.09 0.245987 0.115504 0.271755
8.1 0.251478 0.101609 0.27123
8.11 0.256183 0.0874623 0.270701
8.12 0.260092 0.0731068 0.270171
8.13 0.263196 0.0585883 0.269639
8.14 0.265491 0.0439511 0.269104
8.15 0.266972 0.0292407 0.268569
8.16 0.267639 0.0145027 0.268032
8.17 0.267493 -0.000218367 0.267493
8.18 0.266539 -0.0148774 0.266953
8.19 0.264782 -0.0294299 0.266413
8.2 0.262233 -0.0438322 0.265871
8.21 0.258903 -0.0580409 0.265329
8.22 0.254805 -0.0720138 0.264786
8.23 0.249956 -0.0857092 0.264242
8.24 0.244373 -0.0990872 0.263697
8.25 0.238077 -0.112108 0.263152
8.26 0.231091 -0.124734 0.262605
8.27 0.223438 -0.136928 0.262057
8.28 0.215146 -0.148655 0.261508
8.29 0.206243 -0.159883 0.260957
8.3 0.196758 -0.170579 0.260405
8.31 0.186722 -0.180713 0.259851
8.32 0.17617 -0.190257 0.259295
8.33 0.165135 -0.199185 0.258736
8.34 0.153654 -0.207474 0.258176
8.35 0.141762 -0.2151 0.257613
8.36 0.129498 -0.222044 0.257048
8.37 0.116902 -0.228289 0.25648
8.38 0.104012 -0.233818 0.255909
8.39 0.0908686 -0.238619 0.255335
8.4 0.0775137 -0.242681 0.254759
8.41 0.0639883 -0.245994 0.25418
8.42 0.050334 -0.248554 0.253599
8.43 0.036593 -0.250355 0.253015
8.44 0.0228067 -0.251396 0.252429
8.45 0.0090176 -0.251678 0.25184
8.46 -0.00473322 -0.251204 0.251249
8.47 -0.0184039 -0.249979 0.250656
8.48 -0.0319543 -0.248011 0.250061
8.49 -0.0453434 -0.245309 0.249465
8.5 -0.0585322 -0.241886 0.248867
8.51 -0.0714814 -0.237755 0.248268
8.52 -0.084154 -0.232933 0.247668
8.53 -0.0965119 -0.227437 0.247067
8.54 -0.108521 -0.221289 0.246466
8.55 -0.120145 -0.21451 0.245864
8.56 -0.131353 -0.207123 0.245262
8.57 -0.142111 -0.199154 0.244659
8.58 -0.152392 -0.190631 0.244056
8.59 -0.162164 -0.181582 0.243453
8.6 -0.171403 -0.172036 0.242849
8.61 -0.180083 -0.162026 0.242244
8.62 -0.18818 -0.151585 0.24164
8.63 -0.195674 -0.140745 0.241034
8.64 -0.202546 -0.129541 0.240428
8.65 -0.208776 -0.118011 0.239821
8.66 -0.214352 -0.106188 0.239212
8.67 -0.219258 -0.0941124 0.238603
8.68 -0.223485 -0.0818198 0.237992
8.69 -0.227023 -0.0693495 0.237379
8.7 -0.229865 -0.0567393 0.236765
8.71 -0.232007 -0.0440284 0.236148
8.72 -0.233446 -0.0312552 0.235529
8.73 -0.234181 -0.0184585 0.234908
8.74 -0.234215 -0.00567703 0.234284
8.75 -0.23355 0.00705089 0.233657
8.76 -0.232194 0.019688 0.233027
8.77 -0.230154 0.0321959 0.232395
8.78 -0.227439 0.0445385 0.231759
8.79 -0.224063 0.0566794 0.23112
8.8 -0.220038 0.0685835 0.230478
8.81 -0.215381 0.0802162 0.229834
8.82 -0.210109 0.0915445 0.229186
8.83 -0.204243 0.102536 0.228536
8.84 -0.197802 0.11316 0.227883
8.85 -0.19081 0.123387 0.227228
8.86 -0.183291 0.133188 0.226571
8.87 -0.175271 0.142536 0.225912
8.88 -0.166776 0.151407 0.225251
8.89 -0.157835 0.159775 0.224589
8.9 -0.148478 0.167621 0.223925
8.91 -0.138736 0.174922 0.223261
8.92 -0.128638 0.181661 0.222595
8.93 -0.11822 0.187821 0.221929
8.94 -0.107513 0.193386 0.221262
8.95 -0.0965509 0.198344 0.220596
8.96 -0.0853693 0.202684 0.219929
8.97 -0.0740025 0.206397 0.219262
8.98 -0.0624859 0.209475 0.218596
8.99 -0.0508552 0.211913 0.217929
9 -0.0391452 0.213707 0.217263
9.01 -0.0273926 0.214858 0.216597
9.02 -0.0156324 0.215364 0.215931
9.03 -0.00389963 0.21523 0.215265
9.04 0.00777005 0.214458 0.214599
9.05 0.0193426 0.213057 0.213933
9.06 0.0307835 0.211033 0.213267
9.07 0.0420598 0.208398 0.2126
9.08 0.0531383 0.205162 0.211932
9.09 0.0639876 0.20134 0.211263
9.1 0.0745764 0.196946 0.210593
9.11 0.0848748 0.191999 0.209922
9.12 0.0948541 0.186516 0.20925
9.13 0.104487 0.180517 0.208576
9.14 0.113745 0.174024 0.2079
9.15 0.122606 0.167059 0.207222
9.16 0.131044 0.159647 0.206542
9.17 0.139037 0.151813 0.20586
9.18 0.146564 0.143583 0.205176
9.19 0.153607 0.134985 0.20449
9.2 0.160148 0.126046 0.203801
9.21 0.16617 0.116796 0.20311
9.22 0.171659 0.107265 0.202417
9.23 0.176603 0.0974842 0.201722
9.24 0.18099 0.087483 0.201024
9.25 0.184813 0.0772935 0.200325
9.26 0.188062 0.0669482 0.199623
9.27 0.190733 0.056478 0.198919
9.28 0.192823 0.0459161 0.198214
9.29 0.194328 0.0352941 0.197507
9.3 0.195249 0.0246447 0.196799
9.31 0.195589 0.0139996 0.196089
9.32 0.195349 0.00339093 0.195378
9.33 0.194535 -0.0071504 0.194666
9.34 0.193153 -0.0175927 0.193953
9.35 0.191213 -0.0279062 0.193239
9.36 0.188724 -0.0380604 0.192524
9.37 0.185698 -0.048027 0.191808
9.38 0.182149 -0.0577767 0.191093
9.39 0.17809 -0.0672829 0.190376
9.4 0.173538 -0.0765187 0.189659
9.41 0.16851 -0.0854587 0.188941
9.42 0.163025 -0.0940784 0.188223
9.43 0.157103 -0.102355 0.187505
9.44 0.150766 -0.110266 0.186786
9.45 0.144034 -0.117792 0.186066
9.46 0.136932 -0.124912 0.185346
9.47 0.129483 -0.131609 0.184626
9.48 0.121713 -0.137866 0.183905
9.49 0.113647 -0.143669 0.183184
9.5 0.105312 -0.149004 0.182463
9.51 0.0967346 -0.153858 0.181741
9.52 0.0879424 -0.158223 0.18102
9.53 0.0789631 -0.162087 0.180298
9.54 0.0698253 -0.165446 0.179577
9.55 0.0605569 -0.168292 0.178855
9.56 0.0511871 -0.170622 0.178134
9.57 0.0417439 -0.172433 0.177413
9.58 0.0322567 -0.173724 0.176693
9.59 0.0227533 -0.174497 0.175974
9.6 0.0132625 -0.174753 0.175255
9.61 0.00381173 -0.174496 0.174538
9.62 -0.00557107 -0.173732 0.173822
9.63 -0.0148585 -0.172468 0.173107
9.64 -0.0240247 -0.170711 0.172393
9.65 -0.033043 -0.168472 0.171682
9.66 -0.0418881 -0.165761 0.170972
9.67 -0.0505357 -0.162592 0.170264
9.68 -0.0589621 -0.158977 0.169559
9.69 -0.0671441 -0.154931 0.168855
9.7 -0.07506 -0.15047 0.168153
9.71 -0.0826889 -0.145612 0.167453
9.72 -0.0900109 -0.140375 0.166754
9.73 -0.0970072 -0.134777 0.166058
9.74 -0.103661 -0.128838 0.165363
9.75 -0.109954 -0.12258 0.164669
9.76 -0.115874 -0.116024 0.163976
9.77 -0.121404 -0.109192 0.163284
9.78 -0.126534 -0.102106 0.162593
9.79 -0.131251 -0.0947903 0.161902
9.8 -0.135547 -0.0872686 0.16121
9.81 -0.139412 -0.0795645 0.160518
9.82 -0.142839 -0.0717029 0.159826
9.83 -0.145822 -0.063708 0.159131
9.84 -0.148358 -0.0556047 0.158436
9.85 -0.150442 -0.047418 0.157738
9.86 -0.152075 -0.0391719 0.157039
9.87 -0.153254 -0.0308924 0.156337
9.88 -0.153982 -0.0226024 0.155632
9.89 -0.15426 -0.0143271 0.154924
9.9 -0.154093 -0.00609014 0.154213
9.91 -0.153485 0.00208484 0.153499
9.92 -0.152443 0.0101752 0.152782
9.93 -0.150974 0.0181576 0.152062
9.94 -0.149088 0.0260107 0.15134
9.95 -0.146792 0.0337127 0.150614
9.96 -0.1441 0.0412436 0.149886
9.97 -0.141022 0.0485826 0.149156
9.98 -0.137571 0.0557116 0.148423
9.99 -0.133762 0.0626114 0.14769
10 -0.129609 0.0692653 0.146956
10.01 -0.125127 0.0756564 0.146221
10.02 -0.120334 0.0817695 0.145487
10.03 -0.115247 0.0875899 0.144754
10.04 -0.109882 0.0931046 0.144023
10.05 -0.104259 0.0983004 0.143293
10.06 -0.0983959 0.103167 0.142566
10.07 -0.0923131 0.107693 0.141843
10.08 -0.0860295 0.11187 0.141124
10.09 -0.079566 0.115691 0.14041
10.1 -0.0729419 0.119147 0.139702
10.11 -0.0661792 0.122234 0.138999
10.12 -0.0592976 0.124946 0.138303
10.13 -0.0523182 0.127281 0.137614
10.14 -0.045262 0.129236 0.136933
10.15 -0.0381499 0.13081 0.13626
10.16 -0.0310019 0.132003 0.135594
10.17 -0.0238395 0.132815 0.134938
10.18 -0.0166821 0.133249 0.13429
10.19 -0.00955047 0.133309 0.13365
10.2 -0.00246373 0.132997 0.13302
10.21 0.00455853 0.13232 0.132398
10.22 0.0114974 0.131282 0.131785
10.23 0.0183349 0.129893 0.13118
10.24 0.0250529 0.128158 0.130584
10.25 0.0316344 0.126088 0.129996
10.26 0.0380626 0.123691 0.129415
10.27 0.0443213 0.120979 0.128842
10.28 0.0503956 0.117962 0.128276
10.29 0.0562709 0.114653 0.127717
10.3 0.0619329 0.111063 0.127164
10.31 0.0673692 0.107207 0.126617
10.32 0.0725671 0.103097 0.126075
10.33 0.0775156 0.0987478 0.125538
10.34 0.0822033 0.0941745 0.125005
10.35 0.0866216 0.0893922 0.124476
10.36 0.0907608 0.0844161 0.12395
10.37 0.094613 0.0792621 0.123427
10.38 0.0981714 0.0739463 0.122905
10.39 0.10143 0.0684852 0.122385
10.4 0.104382 0.0628947 0.121866
10.41 0.107025 0.0571918 0.121347
10.42 0.109353 0.0513932 0.120828
10.43 0.111366 0.0455155 0.120308
10.44 0.113061 0.0395755 0.119787
10.45 0.114437 0.0335893 0.119265
10.46 0.115493 0.0275745 0.118739
10.47 0.116232 0.021546 0.118212
10.48 0.116653 0.0155212 0.117681
10.49 0.11676 0.0095155 0.117147
10.5 0.116555 0.00354461 0.116609
10.51 0.116043 -0.00237633 0.116068
10.52 0.115228 -0.00823172 0.115522
10.53 0.114116 -0.014008 0.114972
10.54 0.112712 -0.0196896 0.114419
10.55 0.111023 -0.025264 0.113861
10.56 0.109056 -0.030717 0.1133
10.57 0.10682 -0.0360366 0.112735
10.58 0.104322 -0.0412097 0.112167
10.59 0.101573 -0.0462255 0.111596
10.6 0.0985801 -0.0510722 0.111024
10.61 0.095355 -0.0557394 0.110451
10.62 0.0919077 -0.060217 0.109878
10.63 0.0882491 -0.064496 0.109305
10.64 0.0843908 -0.0685668 0.108735
10.65 0.0803436 -0.0724221 0.108167
10.66 0.0761204 -0.076054 0.107604
10.67 0.0717327 -0.0794556 0.107046
10.68 0.0671933 -0.0826211 0.106495
10.69 0.0625146 -0.0855443 0.105952
10.7 0.0577102 -0.0882211 0.10542
10.71 0.0527923 -0.0906466 0.104899
10.72 0.0477746 -0.0928177 0.104391
10.73 0.0426702 -0.0947313 0.103898
10.74 0.0374925 -0.0963849 0.10342
10.75 0.0322545 -0.0977773 0.10296
10.76 0.0269703 -0.0989074 0.102519
10.77 0.0216524 -0.0997743 0.102097
10.78 0.0163148 -0.100379 0.101696
10.79 0.0109705 -0.100722 0.101318
10.8 0.00563244 -0.100806 0.100963
10.81 0.000314025 -0.10063 0.100631
10.82 -0.0049723 -0.1002 0.100323
10.83 -0.0102136 -0.0995167 0.100039
10.84 -0.0153977 -0.0985851 0.0997803
10.85 -0.0205122 -0.097409 0.0995453
10.86 -0.0255451 -0.0959934 0.0993342
10.87 -0.030485 -0.094343 0.0991461
10.88 -0.0353204 -0.0924645 0.0989809
10.89 -0.0400396 -0.0903629 0.0988364
10.9 -0.0446329 -0.0880458 0.0987125
10.91 -0.0490889 -0.0855198 0.0986071
10.92 -0.0533983 -0.0827922 0.0985187
10.93 -0.0575506 -0.0798712 0.0984453
10.94 -0.0615376 -0.076765 0.0983857
10.95 -0.0653496 -0.073482 0.0983371
10.96 -0.0689787 -0.0700312 0.0982976
10.97 -0.0724165 -0.0664218 0.098265
10.98 -0.0756558 -0.0626635 0.0982371
10.99 -0.0786891 -0.0587659 0.098211
11 -0.0815107 -0.0547389 0.0981852
11.01 -0.0841131 -0.0505934 0.0981565
11.02 -0.086492 -0.0463389 0.0981232
11.03 -0.0886418 -0.0419871 0.0980831
11.04 -0.0905578 -0.037548 0.0980335
11.05 -0.092236 -0.0330337 0.097973
11.06 -0.0936731 -0.0284543 0.0978995
11.07 -0.094866 -0.0238219 0.0978113
11.08 -0.095812 -0.0191474 0.0977066
11.09 -0.0965094 -0.0144426 0.0975841
11.1 -0.096957 -0.00971861 0.0974428
11.11 -0.0971535 -0.00498748 0.0972814
11.12 -0.0970988 -0.000259843 0.0970992
11.13 -0.0967937 0.00445139 0.096896
11.14 -0.0962381 0.00913588 0.0966708
11.15 -0.0954344 0.0137818 0.0964244
11.16 -0.0943836 0.0183776 0.0961562
11.17 -0.093089 0.0229122 0.0958673
11.18 -0.0915529 0.0273745 0.0955578
11.19 -0.0897795 0.0317534 0.0952294
11.2 -0.0877725 0.0360382 0.0948829
11.21 -0.0855368 0.0402183 0.0945202
11.22 -0.0830777 0.0442835 0.0941432
11.23 -0.0804012 0.0482233 0.0937541
11.24 -0.0775125 0.052028 0.0933547
11.25 -0.0744199 0.0556881 0.0929488
11.26 -0.0711295 0.0591938 0.0925381
11.27 -0.0676495 0.0625371 0.0921268
11.28 -0.0639883 0.0657084 0.0917175
11.29 -0.0601546 0.0687003 0.0913143
11.3 -0.0561573 0.0715043 0.0909204
11.31 -0.0520065 0.0741137 0.0905401
11.32 -0.0477119 0.0765209 0.0901769
11.33 -0.0432843 0.0787197 0.089835
11.34 -0.0387344 0.080704 0.0895181
11.35 -0.0340735 0.0824687 0.0892306
11.36 -0.0293131 0.0840077 0.088975
11.37 -0.024465 0.0853182 0.0887566
11.38 -0.019542 0.086395 0.0885775
11.39 -0.0145556 0.0872353 0.0884413
11.4 -0.00951971 0.0878363 0.0883507
11.41 -0.00444668 0.0881961 0.0883081
11.42 0.000649953 0.0883127 0.088315
11.43 0.00575708 0.0881857 0.0883734
11.44 0.0108608 0.0878144 0.0884834
11.45 0.0159477 0.0871994 0.0886457
11.46 0.021004 0.0863416 0.0888596
11.47 0.0260161 0.0852429 0.0891246
11.48 0.0309694 0.0839053 0.0894382
11.49 0.0358513 0.082332 0.0897991
11.5 0.0406471 0.080527 0.0902041
11.51 0.0453437 0.0784935 0.0906492
11.52 0.0499273 0.0762377 0.0911314
11.53 0.054385 0.0737643 0.0916455
11.54 0.0587032 0.07108 0.0921869
11.55 0.0628695 0.0681913 0.0927504
11.56 0.066871 0.0651062 0.0933303
11.57 0.0706956 0.0618324 0.0939208
11.58 0.0743314 0.0583791 0.094516
11.59 0.077767 0.0547546 0.0951093
11.6 0.080991 0.0509702 0.0956949
11.61 0.0839931 0.0470346 0.0962658
11.62 0.0867637 0.0429602 0.0968169
11.63 0.0892922 0.0387572 0.0973407
11.64 0.0915709 0.034438 0.0978325
11.65 0.0935909 0.0300147 0.098286
11.66 0.0953448 0.0255 0.0986959
11.67 0.0968255 0.0209067 0.0990569
11.68 0.0980271 0.0162485 0.0993646
11.69 0.0989439 0.0115388 0.0996144
11.7 0.0995716 0.00679159 0.0998029
11.71 0.100224 0.00204252 0.100245
11.72 0.100901 -0.00270893 0.100938
11.73 0.101599 -0.00746396 0.101873
11.74 0.102318 -0.0122236 0.103046
11.75 0.103054 -0.0169876 0.104445
11.76 0.103807 -0.0217574 0.106062
11.77 0.104573 -0.0265329 0.107887
11.78 0.105352 -0.0313146 0.109907
11.79 0.106141 -0.0361027 0.112113
11.8 0.106938 -0.0408975 0.114492
11.81 0.107742 -0.0456987 0.117033
11.82 0.108551 -0.0505067 0.119725
11.83 0.109362 -0.0553205 0.122558
11.84 0.110174 -0.0601407 0.12552
11.85 0.110986 -0.0649658 0.128602
11.86 0.111795 -0.0697963 0.131794
11.87 0.112601 -0.0746308 0.135088
11.88 0.1134 -0.0794688 0.138473
11.89 0.114192 -0.0843094 0.141943
11.9 0.114975 -0.0891518 0.14549
11.91 0.115747 -0.0939943 0.149105
11.92 0.116508 -0.0988363 0.152783
11.93 0.117256 -0.103676 0.156517
11.94 0.117988 -0.108513 0.160301
11.95 0.118706 -0.113344 0.164128
11.96 0.119406 -0.118169 0.167993
11.97 0.120089 -0.122985 0.171892
11.98 0.120752 -0.127791 0.175817
11.99 0.121396 -0.132585 0.179766
12 0.122019 -0.137365 0.183732
12.01 0.12262 -0.142128 0.187713
12.02 0.123199 -0.146873 0.191702
12.03 0.123755 -0.151596 0.195696
12.04 0.124288 -0.156297 0.199691
12.05 0.124798 -0.160972 0.203682
12.06 0.125283 -0.165618 0.207666
12.07 0.125744 -0.170234 0.211639
12.08 0.126181 -0.174816 0.215597
12.09 0.126593 -0.179362 0.219537
12.1 0.126981 -0.183868 0.223454
12.11 0.127345 -0.188333 0.227346
12.12 0.127685 -0.192752 0.231208
12.13 0.128002 -0.197124 0.235037
12.14 0.128295 -0.201444 0.238829
12.15 0.128566 -0.20571 0.242582
12.16 0.128815 -0.209919 0.246292
12.17 0.129043 -0.214068 0.249954
12.18 0.129251 -0.218153 0.253567
12.19 0.129439 -0.222171 0.257127
12.2 0.12961 -0.226119 0.260631
12.21 0.129763 -0.229993 0.264074
12.22 0.1299 -0.233791 0.267456
12.23 0.130023 -0.237509 0.27077
12.24 0.130133 -0.241144 0.274016
12.25 0.130231 -0.244692 0.27719
12.26 0.13032 -0.24815 0.280289
12.27 0.1304 -0.251516 0.28331
12.28 0.130475 -0.254785 0.28625
12.29 0.130544 -0.257954 0.289105
12.3 0.130612 -0.26102 0.291875
12.31 0.130679 -0.26398 0.294555
12.32 0.130748 -0.266831 0.297142
12.33 0.130821 -0.269568 0.299635
12.34 0.130901 -0.27219 0.30203
12.35 0.130989 -0.274693 0.304326
12.36 0.131088 -0.277073 0.306518
12.37 0.1312 -0.279329 0.308607
12.38 0.131329 -0.281456 0.310588
12.39 0.131477 -0.283451 0.312459
12.4 0.131645 -0.285313 0.31422
12.41 0.131838 -0.287038 0.315867
12.42 0.132056 -0.288622 0.317399
12.43 0.132305 -0.290065 0.318813
12.44 0.132585 -0.291361 0.320109
12.45 0.1329 -0.29251 0.321286
12.46 0.133252 -0.293508 0.32234
12.47 0.133645 -0.294353 0.323272
12.48 0.134081 -0.295042 0.324079
12.49 0.134562 -0.295574 0.324763
12.5 0.135092 -0.295945 0.32532
12.51 0.135674 -0.296154 0.325752
12.52 0.136309 -0.296198 0.326058
12.53 0.137 -0.296077 0.326237
12.54 0.137751 -0.295787 0.32629
12.55 0.138564 -0.295327 0.326218
12.56 0.139441 -0.294695 0.32602
12.57 0.140385 -0.29389 0.325698
12.58 0.141398 -0.292911 0.325254
12.59 0.142482 -0.291755 0.324688
12.6 0.143641 -0.290422 0.324002
12.61 0.144876 -0.28891 0.3232
12.62 0.146189 -0.28722 0.322283
12.63 0.147582 -0.285349 0.321254
12.64 0.149058 -0.283297 0.320118
12.65 0.150618 -0.281063 0.318877
12.66 0.152264 -0.278648 0.317536
12.67 0.153998 -0.27605 0.3161
12.68 0.155822 -0.27327 0.314574
12.69 0.157736 -0.270306 0.312963
12.7 0.159742 -0.267161 0.311275
12.71 0.161841 -0.263832 0.309516
12.72 0.164035 -0.260322 0.307693
12.73 0.166325 -0.25663 0.305815
12.74 0.168711 -0.252757 0.30389
12.75 0.171193 -0.248703 0.301928
12.76 0.173774 -0.24447 0.299938
12.77 0.176452 -0.240059 0.297932
12.78 0.179229 -0.235471 0.295921
12.79 0.182104 -0.230706 0.293917
12.8 0.185078 -0.225767 0.291933
12.81 0.18815 -0.220655 0.289982
12.82 0.19132 -0.215372 0.288077
12.83 0.194588 -0.20992 0.286236
12.84 0.197953 -0.2043 0.284471
12.85 0.201414 -0.198515 0.2828
12.86 0.20497 -0.192566 0.281238
12.87 0.208621 -0.186457 0.279802
12.88 0.212364 -0.18019 0.278508
12.89 0.216199 -0.173767 0.277375
12.9 0.220123 -0.167191 0.276419
12.91 0.224136 -0.160466 0.275656
12.92 0.228235 -0.153593 0.275104
12.93 0.232418 -0.146576 0.274777
12.94 0.236683 -0.139418 0.274693
12.95 0.241027 -0.132124 0.274865
12.96 0.245448 -0.124695 0.275306
12.97 0.249943 -0.117135 0.276029
12.98 0.254509 -0.109449 0.277045
12.99 0.259143 -0.10164 0.278362
13 0.263841 -0.0937106 0.279989
13.01 0.268601 -0.085667 0.281931
13.02 0.273419 -0.0775116 0.284193
13.03 0.27829 -0.0692492 0.286776
13.04 0.283211 -0.0608839 0.289682
13.05 0.288178 -0.0524198 0.292907
13.06 0.293187 -0.0438615 0.29645
13.07 0.298232 -0.0352132 0.300304
13.08 0.30331 -0.02648 0.304464
13.09 0.308417 -0.0176658 0.308922
13.1 0.313546 -0.008776 0.313668
13.11 0.318692 0.000184875 0.318693
13.12 0.323853 0.00921192 0.323984
13.13 0.32902 0.0183005 0.329529
13.14 0.33419 0.0274447 0.335315
13.15 0.339357 0.0366407 0.34133
13.16 0.344515 0.0458823 0.347557
13.17 0.349659 0.0551652 0.353984
13.18 0.354782 0.0644831 0.360595
13.19 0.359879 0.0738318 0.367375
13.2 0.364944 0.0832052 0.374309
13.21 0.369971 0.092598 0.381383
13.22 0.374953 0.102005 0.388581
13.23 0.379885 0.111421 0.395888
13.24 0.384759 0.12084 0.403289
13.25 0.389571 0.130256 0.41077
13.26 0.394312 0.139664 0.418316
13.27 0.398977 0.149059 0.425912
13.28 0.40356 0.158434 0.433546
13.29 0.408053 0.167784 0.441202
13.3 0.412451 0.177103 0.448867
13.31 0.416747 0.186386 0.456528
13.32 0.420934 0.195626 0.464171
13.33 0.425005 0.204819 0.471784
13.34 0.428955 0.213958 0.479354
13.35 0.432777 0.223037 0.486869
13.36 0.436464 0.232052 0.494316
13.37 0.44001 0.240995 0.501684
13.38 0.443409 0.249862 0.508962
13.39 0.446653 0.258646 0.516137
13.4 0.449738 0.267343 0.523199
13.41 0.452657 0.275946 0.530136
13.42 0.455403 0.28445 0.536939
13.43 0.457971 0.292849 0.543597
13.44 0.460356 0.301137 0.550101
13.45 0.462549 0.30931 0.556439
13.46 0.464547 0.317361 0.562603
13.47 0.466344 0.325285 0.568584
13.48 0.467934 0.333077 0.574372
13.49 0.469312 0.340731 0.579958
13.5 0.470473 0.348242 0.585335
13.51 0.471411 0.355606 0.590494
13.52 0.472122 0.362815 0.595427
13.53 0.472601 0.369866 0.600127
13.54 0.472844 0.376753 0.604586
13.55 0.472846 0.383472 0.608797
13.56 0.472603 0.390016 0.612753
13.57 0.47211 0.396383 0.616448
13.58 0.471365 0.402567 0.619875
13.59 0.470363 0.408563 0.623029
13.6 0.469101 0.414366 0.625903
13.61 0.467576 0.419972 0.628493
13.62 0.465784 0.425377 0.630794
13.63 0.463724 0.430576 0.6328
13.64 0.461392 0.435565 0.634507
13.65 0.458787 0.44034 0.635912
13.66 0.455905 0.444897 0.63701
13.67 0.452745 0.449231 0.637798
13.68 0.449306 0.453339 0.638273
13.69 0.445587 0.457217 0.638432
13.7 0.441586 0.460862 0.638273
13.71 0.437302 0.46427 0.637793
13.72 0.432735 0.467437 0.636991
13.73 0.427885 0.47036 0.635865
13.74 0.422751 0.473037 0.634415
13.75 0.417334 0.475463 0.632639
13.76 0.411635 0.477636 0.630539
13.77 0.405654 0.479553 0.628113
13.78 0.399392 0.481212 0.625363
13.79 0.392851 0.482609 0.622289
13.8 0.386033 0.483742 0.618893
13.81 0.378939 0.48461 0.615176
13.82 0.371571 0.485209 0.611141
13.83 0.363933 0.485538 0.60679
13.84 0.356027 0.485595 0.602128
13.85 0.347856 0.485378 0.597156
13.86 0.339424 0.484886 0.591881
13.87 0.330734 0.484116 0.586305
13.88 0.321791 0.483068 0.580435
13.89 0.312598 0.481742 0.574276
13.9 0.303161 0.480135 0.567834
13.91 0.293483 0.478247 0.561117
13.92 0.283572 0.476077 0.554132
13.93 0.27343 0.473625 0.546886
13.94 0.263065 0.470891 0.53939
13.95 0.252483 0.467874 0.531652
13.96 0.241689 0.464575 0.523682
13.97 0.23069 0.460994 0.515493
13.98 0.219494 0.45713 0.507095
13.99 0.208106 0.452987 0.498503
14 0.196534 0.448562 0.489728
14.01 0.184786 0.443859 0.480787
14.02 0.172868 0.438878 0.471696
14.03 0.160791 0.43362 0.462471
14.04 0.14856 0.428086 0.453131
14.05 0.136185 0.42228 0.443697
14.06 0.123675 0.416202 0.434189
14.07 0.111038 0.409856 0.424631
14.08 0.0982824 0.403242 0.415047
14.09 0.0854184 0.396365 0.405465
14.1 0.0724544 0.389227 0.395913
14.11 0.0594008 0.38183 0.386423
14.12 0.0462663 0.374178 0.377028
14.13 0.033061 0.366275 0.367764
14.14 0.0197951 0.358123 0.35867
14.15 0.00647785 0.349727 0.349787
14.16 -0.00688014 0.341091 0.341161
14.17 -0.020269 0.332219 0.332837
14.18 -0.0336781 0.323115 0.324866
14.19 -0.0470975 0.313784 0.317299
14.2 -0.0605165 0.304231 0.310191
14.21 -0.0739247 0.294459 0.303597
14.22 -0.0873111 0.284476 0.297574
14.23 -0.100666 0.274286 0.292175
14.24 -0.113978 0.263894 0.287456
14.25 -0.127237 0.253307 0.283467
14.26 -0.140431 0.242529 0.280252
14.27 -0.153552 0.231568 0.277852
14.28 -0.166586 0.22043 0.276297
14.29 -0.179526 0.20912 0.27561
14.3 -0.192358 0.197646 0.2758
14.31 -0.204459 0.185382 0.275989
14.32 -0.215778 0.172374 0.276175
14.33 -0.22627 0.158672 0.27636
14.34 -0.235892 0.14433 0.276543
14.35 -0.244605 0.129402 0.276724
14.36 -0.252373 0.113944 0.276903
14.37 -0.259163 0.0980193 0.27708
14.38 -0.264949 0.0816873 0.277255
14.39 -0.269704 0.0650123 0.277429
14.4 -0.273408 0.0480589 0.2776
14.41 -0.276045 0.030894 0.277769
14.42 -0.277603 0.0135842 0.277936
14.43 -0.278074 -0.00380198 0.2781
14.44 -0.277455 -0.0211966 0.278263
14.45 -0.275745 -0.0385306 0.278424
14.46 -0.27295 -0.055736 0.278583
14.47 -0.269079 -0.0727445 0.278739
14.48 -0.264146 -0.0894885 0.278893
14.49 -0.258168 -0.105902 0.279045
14.5 -0.251168 -0.121919 0.279195
14.51 -0.243172 -0.137477 0.279343
14.52 -0.234209 -0.152512 0.279488
14.53 -0.224313 -0.166965 0.279631
14.54 -0.213523 -0.180777 0.279772
14.55 -0.201879 -0.193893 0.279911
14.56 -0.189427 -0.206261 0.280047
14.57 -0.176215 -0.21783 0.280181
14.58 -0.162294 -0.228552 0.280313
14.59 -0.147717 -0.238386 0.280443
14.6 -0.132542 -0.247289 0.280569
14.61 -0.116828 -0.255226 0.280694
14.62 -0.100637 -0.262164 0.280816
14.63 -0.0840319 -0.268074 0.280936
14.64 -0.0670785 -0.272931 0.281053
14.65 -0.0498439 -0.276715 0.281168
14.66 -0.0323952 -0.279408 0.28128
14.67 -0.0148026 -0.281 0.28139
14.68 0.00286525 -0.281483 0.281497
14.69 0.0205373 -0.280852 0.281602
14.7 0.0381445 -0.27911 0.281705
14.71 0.0556152 -0.276262 0.281804
14.72 0.0728811 -0.272318 0.281902
14.73 0.0898727 -0.267292 0.281996
14.74 0.106522 -0.261203 0.282089
14.75 0.122762 -0.254075 0.282178
14.76 0.138529 -0.245934 0.282265
14.77 0.153758 -0.236812 0.28235
14.78 0.168389 -0.226744 0.282432
14.79 0.182362 -0.215769 0.282511
14.8 0.195622 -0.203931 0.282588
14.81 0.208114 -0.191275 0.282662
14.82 0.219788 -0.177852 0.282733
14.83 0.230597 -0.163713 0.282802
14.84 0.240496 -0.148916 0.282868
14.85 0.249447 -0.133518 0.282932
14.86 0.25741 -0.11758 0.282993
14.87 0.264355 -0.101165 0.283051
14.88 0.270253 -0.0843396 0.283107
14.89 0.275079 -0.0671694 0.283161
14.9 0.278812 -0.0497232 0.283211
14.91 0.281438 -0.0320706 0.283259
14.92 0.282944 -0.0142818 0.283304
14.93 0.283325 0.00357158 0.283347
14.94 0.282576 0.0214191 0.283387
14.95 0.280702 0.0391881 0.283425
14.96 0.277709 0.0568088 0.28346
14.97 0.273607 0.0742091 0.283492
14.98 0.268413 0.0913204 0.283522
14.99 0.262146 0.108073 0.283549
15 0.254831 0.1244 0.283574
15.01 0.246496 0.140236 0.283596
15.02 0.237175 0.155517 0.283615
15.03 0.226904 0.17018 0.283632
15.04 0.215725 0.184168 0.283646
15.05 0.20368 0.197423 0.283657
15.06 0.190819 0.209892 0.283666
15.07 0.177192 0.221524 0.283672
15.08 0.162854 0.232272 0.283675
15.09 0.147862 0.242093 0.283676
15.1 0.132276 0.250946 0.283674
15.11 0.116158 0.258796 0.283669
15.12 0.0995741 0.265611 0.283662
15.13 0.0825891 0.271362 0.283652
15.14 0.0652725 0.276027 0.283639
15.15 0.047693 0.279585 0.283624
15.16 0.0299217 0.282023 0.283606
15.17 0.0120302 0.28333 0.283585
15.18 -0.00590962 0.2835 0.283562
15.19 -0.0238253 0.282533 0.283535
15.2 -0.0416452 0.280431 0.283506
15.21 -0.059296 0.277203 0.283474
15.22 -0.0767079 0.272862 0.28344
15.23 -0.0938096 0.267426 0.283402
15.24 -0.110532 0.260915 0.283362
15.25 -0.126808 0.253356 0.283319
15.26 -0.142572 0.244779 0.283272
15.27 -0.157759 0.235218 0.283223
15.28 -0.172308 0.224714 0.283172
15.29 -0.18616 0.213306 0.283117
15.3 -0.19926 0.201043 0.283059
15.31 -0.211552 0.187972 0.282998
15.32 -0.22299 0.174149 0.282935
15.33 -0.233525 0.159627 0.282868
15.34 -0.243114 0.144466 0.282799
15.35 -0.251721 0.128728 0.282726
15.36 -0.259308 0.112477 0.282651
15.37 -0.265846 0.0957771 0.282572
15.38 -0.271308 0.0786983 0.282491
15.39 -0.275672 0.0613084 0.282407
15.4 -0.27892 0.0436792 0.282319
15.41 -0.28104 0.0258813 0.282229
15.42 -0.282022 0.00798811 0.282135
15.43 -0.281864 -0.00992838 0.282039
15.44 -0.280566 -0.027795 0.281939
15.45 -0.278133 -0.0455388 0.281837
15.46 -0.274576 -0.0630883 0.281731
15.47 -0.26991 -0.0803716 0.281622
15.48 -0.264154 -0.0973184 0.28151
15.49 -0.257331 -0.11386 0.281395
15.5 -0.24947 -0.129929 0.281277
15.51 -0.240603 -0.14546 0.281156
15.52 -0.230767 -0.160391 0.281032
15.53 -0.220003 -0.174659 0.280904
15.54 -0.208354 -0.188208 0.280774
15.55 -0.19587 -0.200982 0.28064
15.56 -0.1826 -0.212931 0.280504
15.57 -0.168599 -0.224004 0.280364
15.58 -0.153927 -0.234159 0.280221
15.59 -0.138641 -0.243353 0.280075
15.6 -0.122806 -0.25155 0.279926
15.61 -0.106486 -0.258716 0.279774
15.62 -0.0897494 -0.264824 0.279619
15.63 -0.072663 -0.269849 0.279461
15.64 -0.055299 -0.27377 0.279299
15.65 -0.0377267 -0.276574 0.279135
15.66 -0.0200196 -0.278249 0.278968
15.67 -0.00224931 -0.278789 0.278798
15.68 0.0155104 -0.278192 0.278624
15.69 0.0331876 -0.276463 0.278448
15.7 0.0507093 -0.273609 0.278268
15.71 0.0680041 -0.269642 0.278086
15.72 0.085001 -0.264581 0.2779
15.73 0.101631 -0.258447 0.277712
15.74 0.117826 -0.251265 0.27752
15.75 0.13352 -0.243068 0.277326
15.76 0.148649 -0.233887 0.277128
15.77 0.163152 -0.223764 0.276928
15.78 0.176969 -0.21274 0.276725
15.79 0.190045 -0.200862 0.276518
15.8 0.202326 -0.188178 0.276309
15.81 0.213763 -0.174742 0.276097
15.82 0.22431 -0.160611 0.275882
15.83 0.233924 -0.145842 0.275664
15.84 0.242568 -0.130498 0.275443
15.85 0.250205 -0.114642 0.275219
15.86 0.256807 -0.0983404 0.274992
15.87 0.262347 -0.08166 0.274762
15.88 0.266804 -0.0646712 0.27453
15.89 0.27016 -0.047443 0.274294
15.9 0.272403 -0.030048 0.274056
15.91 0.273526 -0.0125571 0.273814
15.92 0.273525 0.00495642 0.27357
15.93 0.272401 0.0224214 0.273322
15.94 0.270161 0.0397649 0.273072
15.95 0.266816 0.0569161 0.272819
15.96 0.26238 0.073804 0.272563
15.97 0.256874 0.0903599 0.272304
15.98 0.250322 0.106515 0.272041
15.99 0.242753 0.122204 0.271777
16 0.234198 0.137361 0.271509
16.01 0.224697 0.151926 0.271238
16.02 0.214287 0.165839 0.270964
16.03 0.203016 0.179043 0.270688
16.04 0.190929 0.191485 0.270408
16.05 0.17808 0.203115 0.270126
16.06 0.164521 0.213885 0.26984
16.07 0.150311 0.223752 0.269552
16.08 0.135509 0.232676 0.26926
16.09 0.120178 0.240623 0.268965
16.1 0.104383 0.247562 0.268668
16.11 0.0881891 0.253463 0.268367
16.12 0.0716654 0.258306 0.268064
16.13 0.0548805 0.262072 0.267757
16.14 0.0379051 0.264747 0.267447
16.15 0.0208096 0.266323 0.267134
16.16 0.00366584 0.266794 0.266819
16.17 -0.0134555 0.26616 0.2665
16.18 -0.0304822 0.264427 0.266178
16.19 -0.0473445 0.261604 0.265854
16.2 -0.063972 0.257705 0.265526
16.21 -0.0802961 0.252747 0.265195
16.22 -0.0962488 0.246754 0.264861
16.23 -0.111766 0.239754 0.264525
16.24 -0.126782 0.231776 0.264185
16.25 -0.141236 0.222857 0.263843
16.26 -0.155069 0.213036 0.263497
16.27 -0.168224 0.202355 0.263148
16.28 -0.180649 0.190862 0.262797
16.29 -0.192292 0.178605 0.262442
16.3 -0.203107 0.165638 0.262085
16.31 -0.21305 0.152017 0.261724
16.32 -0.222082 0.1378 0.261361
16.33 -0.230168 0.123049 0.260995
16.34 -0.237276 0.107824 0.260626
16.35 -0.243377 0.0921928 0.260254
16.36 -0.248451 0.0762202 0.259879
16.37 -0.252476 0.0599743 0.259501
16.38 -0.25544 0.0435241 0.259121
16.39 -0.257332 0.0269385 0.258738
16.4 -0.258147 0.0102876 0.258352
16.41 -0.257885 -0.00635886 0.257964
16.42 -0.25655 -0.0229308 0.257572
16.43 -0.254149 -0.0393594 0.257178
16.44 -0.250695 -0.055576 0.256782
16.45 -0.246207 -0.0715131 0.256382
16.46 -0.240705 -0.0871042 0.25598
16.47 -0.234214 -0.102286 0.255576
16.48 -0.226767 -0.116994 0.255168
16.49 -0.218395 -0.131169 0.254758
16.5 -0.209137 -0.144753 0.254345
16.51 -0.199034 -0.15769 0.25393
16.52 -0.188131 -0.169928 0.253512
16.53 -0.176476 -0.181417 0.253092
16.54 -0.16412 -0.192111 0.252669
16.55 -0.151117 -0.201967 0.252244
16.56 -0.137524 -0.210947 0.251816
16.57 -0.1234 -0.219015 0.251386
16.58 -0.108804 -0.226139 0.250953
16.59 -0.0938029 -0.232293 0.250517
16.6 -0.0784574 -0.237454 0.25008
16.61 -0.062835 -0.241602 0.249639
16.62 -0.047002 -0.244724 0.249197
16.63 -0.0310257 -0.246809 0.248751
16.64 -0.0149739 -0.247852 0.248304
16.65 0.00108532 -0.247851 0.247854
16.66 0.0170842 -0.246811 0.247401
16.67 0.0329554 -0.244737 0.246946
16.68 0.0486322 -0.241644 0.246489
16.69 0.064049 -0.237546 0.246029
16.7 0.0791411 -0.232465 0.245567
16.71 0.0938467 -0.226424 0.245102
16.72 0.108103 -0.219454 0.244635
16.73 0.121854 -0.211586 0.244166
16.74 0.135041 -0.202857 0.243694
16.75 0.147611 -0.193306 0.243221
16.76 0.159511 -0.182977 0.242744
16.77 0.170696 -0.171917 0.242265
16.78 0.181118 -0.160173 0.241784
16.79 0.190738 -0.1478 0.2413
16.8 0.199516 -0.134851 0.240814
16.81 0.207419 -0.121383 0.240326
16.82 0.214416 -0.107456 0.239835
16.83 0.22048 -0.0931304 0.239342
16.84 0.22559 -0.0784675 0.238847
16.85 0.229726 -0.0635323 0.238349
16.86 0.232875 -0.0483882 0.237849
16.87 0.235027 -0.0331011 0.237347
16.88 0.236177 -0.0177361 0.236842
16.89 0.236323 -0.00235948 0.236335
16.9 0.235469 0.0129639 0.235825
16.91 0.233621 0.0281683 0.235313
16.92 0.230793 0.0431899 0.2348
16.93 0.226999 0.0579651 0.234283
16.94 0.22226 0.0724321 0.233765
16.95 0.216599 0.0865302 0.233243
16.96 0.210044 0.1002 0.23272
16.97 0.202628 0.113387 0.232195
16.98 0.194384 0.126034 0.231667
16.99 0.185352 0.138092 0.231138
17 0.175573 0.149509 0.230606
17.01 0.165093 0.160242 0.230072
17.02 0.153958 0.170245 0.229536
17.03 0.14222 0.179481 0.228998
17.04 0.129931 0.187911 0.228457
17.05 0.117146 0.195505 0.227915
17.06 0.103921 0.202232 0.22737
17.07 0.0903159 0.208068 0.226824
17.08 0.0763895 0.212991 0.226276
17.09 0.0622042 0.216985 0.225725
17.1 0.0478206 0.220037 0.225173
17.11 0.033302 0.222136 0.224619
17.12 0.0187107 0.22328 0.224063
17.13 0.00411026 0.223467 0.223505
17.14 -0.0104376 0.2227 0.222945
17.15 -0.0248698 0.220988 0.222383
17.16 -0.0391254 0.218342 0.22182
17.17 -0.0531436 0.214777 0.221254
17.18 -0.066866 0.210314 0.220688
17.19 -0.0802343 0.204975 0.220119
17.2 -0.0931929 0.198788 0.219548
17.21 -0.105689 0.191783 0.218977
17.22 -0.11767 0.183994 0.218403
17.23 -0.129087 0.175458 0.217828
17.24 -0.139893 0.166216 0.217251
17.25 -0.150046 0.15631 0.216672
17.26 -0.159504 0.145788 0.216092
17.27 -0.168231 0.134696 0.21551
17.28 -0.176192 0.123086 0.214927
17.29 -0.183357 0.111009 0.214343
17.3 -0.189697 0.0985215 0.213756
17.31 -0.195192 0.0856781 0.213168
17.32 -0.199821 0.0725356 0.212579
17.33 -0.203568 0.0591536 0.211988
17.34 -0.206421 0.0455895 0.211396
17.35 -0.208374 0.0319038 0.210802
17.36 -0.209421 0.0181558 0.210207
17.37 -0.209564 0.00440587 0.20961
17.38 -0.208806 -0.0092877 0.209012
17.39 -0.207155 -0.0228648 0.208413
17.4 -0.204623 -0.0362683 0.207812
17.41 -0.201225 -0.0494403 0.20721
17.42 -0.196982 -0.0623261 0.206607
17.43 -0.191914 -0.0748702 0.206002
17.44 -0.186051 -0.0870207 0.205396
17.45 -0.179419 -0.0987273 0.204788
17.46 -0.172053 -0.109941 0.204179
17.47 -0.163988 -0.120616 0.203569
17.48 -0.155264 -0.130709 0.202957
17.49 -0.14592 -0.14018 0.202344
17.5 -0.136004 -0.14899 0.20173
17.51 -0.125558 -0.157106 0.201115
17.52 -0.114633 -0.164495 0.200498
17.53 -0.103279 -0.171131 0.19988
17.54 -0.0915464 -0.176986 0.199261
17.55 -0.0794894 -0.182043 0.198641
17.56 -0.0671618 -0.186281 0.198019
17.57 -0.0546198 -0.189689 0.197396
17.58 -0.041918 -0.192255 0.196772
17.59 -0.0291135 -0.193974 0.196147
17.6 -0.0162623 -0.194843 0.19552
17.61 -0.00342096 -0.194863 0.194893
17.62 0.00935525 -0.194039 0.194264
17.63 0.0220098 -0.192379 0.193634
17.64 0.0344895 -0.189897 0.193004
17.65 0.0467395 -0.186607 0.192372
17.66 0.0587092 -0.182529 0.191739
17.67 0.0703467 -0.177686 0.191104
17.68 0.0816039 -0.172103 0.19047
17.69 0.092434 -0.165809 0.189833
17.7 0.102792 -0.158837 0.189196
17.71 0.112635 -0.15122 0.188558
17.72 0.121925 -0.142997 0.18792
17.73 0.130622 -0.134207 0.187279
17.74 0.138694 -0.124892 0.186639
17.75 0.146109 -0.115096 0.185997
17.76 0.152838 -0.104866 0.185355
17.77 0.158857 -0.0942488 0.184712
17.78 0.164143 -0.0832938 0.184068
17.79 0.16868 -0.0720508 0.183424
17.8 0.17245 -0.0605709 0.182778
17.81 0.175443 -0.0489068 0.182132
17.82 0.177651 -0.0371097 0.181486
17.83 0.179069 -0.0252333 0.180839
17.84 0.179697 -0.0133297 0.180191
17.85 0.179537 -0.00145171 0.179543
17.86 0.178594 0.0103493 0.178894
17.87 0.176879 0.0220208 0.178244
17.88 0.174404 0.0335141 0.177595
17.89 0.171185 0.0447782 0.176945
17.9 0.167241 0.0557665 0.176294
17.91 0.162595 0.0664314 0.175643
17.92 0.157273 0.0767291 0.174992
17.93 0.151301 0.0866163 0.174339
17.94 0.144711 0.0960524 0.173687
17.95 0.137536 0.104999 0.173035
17.96 0.129813 0.113421 0.172382
17.97 0.121578 0.121283 0.171729
17.98 0.112873 0.128557 0.171076
17.99 0.103737 0.135213 0.170423
18 0.094216 0.141227 0.16977
18.01 0.084353 0.146577 0.169116
18.02 0.0741948 0.151244 0.168462
18.03 0.0637881 0.155212 0.167809
18.04 0.0531805 0.158469 0.167154
18.05 0.042421 0.161006 0.1665
18.06 0.0315572 0.162816 0.165846
18.07 0.0206388 0.163897 0.165192
18.08 0.00971395 0.16425 0.164537
18.09 -0.0011688 0.163879 0.163883
18.1 -0.0119619 0.16279 0.163229
18.11 -0.0226172 0.160993 0.162574
18.12 -0.0330902 0.158503 0.16192
18.13 -0.043334 0.155334 0.161265
18.14 -0.0533065 0.151506 0.160611
18.15 -0.0629644 0.147042 0.159956
18.16 -0.0722682 0.141966 0.159302
18.17 -0.0811787 0.136304 0.158647
18.18 -0.0896595 0.130088 0.157993
18.19 -0.0976765 0.123348 0.157338
18.2 -0.105197 0.116118 0.156684
18.21 -0.112193 0.108435 0.15603
18.22 -0.118635 0.100336 0.155376
18.23 -0.124501 0.0918604 0.154722
18.24 -0.129768 0.0830493 0.154068
18.25 -0.134418 0.0739438 0.153414
18.26 -0.138435 0.0645873 0.15276
18.27 -0.141806 0.0550235 0.152107
18.28 -0.144521 0.0452962 0.151454
18.29 -0.146575 0.0354508 0.150801
18.3 -0.147961 0.0255314 0.150148
18.31 -0.14868 0.0155837 0.149495
18.32 -0.148735 0.00565186 0.148842
18.33 -0.14813 -0.00421983 0.14819
18.34 -0.146873 -0.013988 0.147538
18.35 -0.144977 -0.023609 0.146886
18.36 -0.142453 -0.0330427 0.146235
18.37 -0.13932 -0.0422468 0.145584
18.38 -0.135595 -0.0511834 0.144934
18.39 -0.131301 -0.0598138 0.144283
18.4 -0.126462 -0.0681028 0.143634
18.41 -0.121104 -0.0760155 0.142984
18.42 -0.115256 -0.0835201 0.142336
18.43 -0.108947 -0.0905865 0.141688
18.44 -0.10221 -0.097187 0.14104
18.45 -0.0950796 -0.103295 0.140393
18.46 -0.0875907 -0.108889 0.139746
18.47 -0.0797789 -0.113948 0.1391
18.48 -0.0716838 -0.118453 0.138455
18.49 -0.0633428 -0.12239 0.13781
18.5 -0.0547962 -0.125745 0.137166
18.51 -0.0460842 -0.12851 0.136523
18.52 -0.037247 -0.130675 0.13588
18.53 -0.028326 -0.132239 0.135239
18.54 -0.0193611 -0.133198 0.134597
18.55 -0.0103938 -0.133554 0.133957
18.56 -0.001464 -0.13331 0.133318
18.57 0.0073886 -0.132474 0.13268
18.58 0.0161251 -0.131054 0.132042
18.59 0.0247061 -0.129062 0.131405
18.6 0.0330964 -0.126512 0.13077
18.61 0.0412581 -0.123421 0.130134
18.62 0.0491578 -0.119808 0.129501
18.63 0.0567617 -0.115693 0.128868
18.64 0.064039 -0.111101 0.128236
18.65 0.0709593 -0.106056 0.127605
18.66 0.077495 -0.100584 0.126975
18.67 0.0836202 -0.0947154 0.126346
18.68 0.0893112 -0.0884793 0.125718
18.69 0.094546 -0.0819074 0.125091
18.7 0.0993058 -0.0750332 0.124465
18.71 0.103574 -0.0678892 0.12384
18.72 0.107334 -0.0605121 0.123216
18.73 0.110576 -0.0529361 0.122594
18.74 0.113289 -0.0451976 0.121972
18.75 0.115466 -0.0373333 0.121352
18.76 0.117103 -0.0293798 0.120732
18.77 0.118197 -0.0213741 0.120114
18.78 0.118748 -0.0133526 0.119496
18.79 0.11876 -0.00535238 0.11888
18.8 0.118237 0.00259098 0.118265
18.81 0.117187 0.0104419 0.117651
18.82 0.11562 0.0181661 0.117038
18.83 0.113548 0.0257285 0.116427
18.84 0.110986 0.0330984 0.115816
18.85 0.107949 0.0402423 0.115206
18.86 0.104458 0.0471312 0.114598
18.87 0.10053 0.0537356 0.11399
18.88 0.0961901 0.0600289 0.113384
18.89 0.0914606 0.0659849 0.112779
18.9 0.0863681 0.0715803 0.112175
18.91 0.0809385 0.0767932 0.111572
18.92 0.0752005 0.0816038 0.11097
18.93 0.0691832 0.0859941 0.110369
18.94 0.0629175 0.0899486 0.10977
18.95 0.056433 0.0934539 0.109171
18.96 0.0497635 0.0964978 0.108574
18.97 0.04294 0.0990725 0.107978
18.98 0.0359955 0.10117 0.107383
18.99 0.0289635 0.102786 0.106789
19 0.0218767 0.103919 0.106196
19.01 0.0147682 0.104568 0.105606
19.02 0.00767044 0.104735 0.105015
19.03 0.000616175 0.104425 0.104427
19.04 -0.0063631 0.103644 0.103839
19.05 -0.013236 0.102401 0.103253
19.06 -0.0199727 0.100707 0.102668
19.07 -0.0265425 0.0985738 0.102085
19.08 -0.032919 0.0960163 0.101503
19.09 -0.0390732 0.0930506 0.100921
19.1 -0.0449806 0.0896957 0.100342
19.11 -0.0506162 0.0859701 0.099764
19.12 -0.0559576 0.081896 0.0991877
19.13 -0.0609831 0.0774949 0.0986123
19.14 -0.0656735 0.0727918 0.098039
19.15 -0.0700108 0.0678104 0.0974667
19.16 -0.0739791 0.0625776 0.0968961
19.17 -0.0775643 0.0571196 0.0963269
19.18 -0.0807541 0.051465 0.0957594
19.19 -0.0835389 0.0456404 0.0951934
19.2 -0.0859092 0.0396762 0.0946287
19.21 -0.0878607 0.0336005 0.0940664
19.22 -0.0893872 0.0274422 0.0935048
19.23 -0.0904881 0.0212312 0.0929455
19.24 -0.091162 0.0149963 0.0923872
19.25 -0.0914116 0.00876679 0.0918311
19.26 -0.0912397 0.00257085 0.0912759
19.27 -0.0906529 -0.00356268 0.0907229
19.28 -0.0896579 -0.00960688 0.0901712
19.29 -0.0882647 -0.0155343 0.0896213
19.3 -0.0864837 -0.02132 0.0890729
19.31 -0.0843283 -0.0269373 0.0885262
19.32 -0.0818126 -0.0323644 0.0879816
19.33 -0.0789517 -0.0375765 0.0874378
19.34 -0.0757644 -0.0425532 0.0868966
19.35 -0.0722677 -0.0472738 0.0863564
19.36 -0.0684824 -0.0517197 0.0858182
19.37 -0.0644288 -0.0558733 0.0852813
19.38 -0.0601298 -0.0597193 0.0847466
19.39 -0.0556071 -0.0632433 0.0842132
19.4 -0.0508851 -0.0664328 0.0836816
19.41 -0.0459875 -0.0692773 0.0831516
19.42 -0.0409399 -0.0717674 0.0826235
19.43 -0.0357662 -0.0738964 0.0820969
19.44 -0.0304933 -0.0756575 0.0815715
19.45 -0.0251464 -0.0770488 0.0810485
19.46 -0.0197507 -0.0780667 0.0805264
19.47 -0.0143329 -0.0787121 0.0800064
19.48 -0.00891777 -0.078986 0.0794878
19.49 -0.0035308 -0.0788922 0.0789712
19.5 0.00180366 -0.078435 0.0784558
19.51 0.00706092 -0.0776219 0.0779423
19.52 0.012218 -0.0764604 0.0774304
19.53 0.0172515 -0.0749607 0.0769202
19.54 0.0221404 -0.0731337 0.0764116
19.55 0.0268622 -0.0709923 0.0759045
19.56 0.0313987 -0.0685508 0.0753996
19.57 0.0357298 -0.0658233 0.0748954
19.58 0.0398385 -0.0628279 0.0743939
19.59 0.0437085 -0.0595804 0.0738935
19.6 0.0473245 -0.0561003 0.0733952
19.61 0.0506729 -0.052406 0.0728981
19.62 0.0537416 -0.0485186 0.0724031
19.63 0.0565198 -0.0444577 0.0719095
19.64 0.058998 -0.0402455 0.0714175
19.65 0.0611691 -0.0359029 0.0709273
19.66 0.0630262 -0.0314533 0.0704387
19.67 0.064566 -0.0269174 0.0699522
19.68 0.0657837 -0.0223188 0.0694667
19.69 0.06668 -0.0176798 0.0689841
19.7 0.0672532 -0.0130217 0.0685022
19.71 0.0675061 -0.00836795 0.0680227
19.72 0.0674412 -0.0037394 0.0675448
19.73 0.0670637 0.000841947 0.067069
19.74 0.0663789 0.00535585 0.0665946
19.75 0.0653949 0.00978112 0.0661224
19.76 0.0641202 0.0140993 0.0656521
19.77 0.0625648 0.0182904 0.0651835
19.78 0.0607398 0.0223381 0.0647171
19.79 0.0586573 0.0262233 0.0642522
19.8 0.0563316 0.0299321 0.0637901
19.81 0.0537751 0.033448 0.0633287
19.82 0.0510054 0.0367575 0.0628702
19.83 0.0480366 0.0398483 0.0624132
19.84 0.0448866 0.0427084 0.0619582
19.85 0.0415721 0.0453279 0.0615049
19.86 0.0381119 0.0476978 0.061054
19.87 0.0345233 0.0498106 0.0606049
19.88 0.030826 0.0516596 0.0601577
19.89 0.0270381 0.0532407 0.0597129
19.9 0.0231796 0.054549 0.0592696
19.91 0.0192689 0.0555837 0.0588289
19.92 0.0153254 0.0563422 0.0583893
19.93 0.0113691 0.0568266 0.0579527
19.94 0.00741713 0.0570373 0.0575175
19.95 0.0034897 0.0569778 0.0570846
19.96 -0.000395974 0.0566524 0.0566538
19.97 -0.00422176 0.0560663 0.0562251
19.98 -0.00797093 0.0552259 0.0557981
19.99 -0.0116261 0.054139 0.0553732
20 -0.0151724 0.0528144 0.0549506
20.01 -0.0185933 0.0512615 0.0545294
20.02 -0.0218759 0.0494915 0.0541107
20.03 -0.0250052 0.0475153 0.0536933
20.04 -0.0279697 0.0453466 0.0532787
20.05 -0.0307574 0.0429966 0.0528652
20.06 -0.0333574 0.0404811 0.0524541
20.07 -0.035761 0.0378132 0.052045
20.08 -0.0379588 0.0350084 0.0516378
20.09 -0.0399439 0.0320817 0.0512323
20.1 -0.0417098 0.0290495 0.0508289
20.11 -0.0432519 0.0259269 0.0504275
20.12 -0.0445651 0.022731 0.0500275
20.13 -0.0456483 0.0194776 0.0496301
20.14 -0.046498 0.0161835 0.0492339
20.15 -0.0471156 0.0128648 0.0488404
20.16 -0.0475 0.00953717 0.0484479
20.17 -0.0476542 0.00621809 0.0480582
20.18 -0.0475802 0.00292131 0.0476698
20.19 -0.047282 -0.000336021 0.0472832
20.2 -0.0467648 -0.00353994 0.0468986
20.21 -0.0460344 -0.00667525 0.0465159
20.22 -0.0450974 -0.00972884 0.0461349
20.23 -0.0439617 -0.0126862 0.0457556
20.24 -0.0426364 -0.015536 0.0453787
20.25 -0.0411298 -0.0182649 0.045003
20.26 -0.0394531 -0.0208632 0.0446298
20.27 -0.0376159 -0.0233193 0.0442578
20.28 -0.0356313 -0.0256243 0.0438884
20.29 -0.033509 -0.0277697 0.0435202
20.3 -0.0312635 -0.0297469 0.0431542
20.31 -0.0289064 -0.0315503 0.0427902
20.32 -0.0264513 -0.0331731 0.0424279
20.33 -0.0239113 -0.0346112 0.0420676
20.34 -0.0213006 -0.0358601 0.0417093
20.35 -0.0186322 -0.0369179 0.0413532
20.36 -0.0159201 -0.0377812 0.0409984
20.37 -0.0131784 -0.0384507 0.0406463
20.38 -0.0104202 -0.0389248 0.0402954
20.39 -0.00765985 -0.0392059 0.0399471
20.4 -0.00490947 -0.0392946 0.0396001
20.41 -0.00218395 -0.0391947 0.0392555
20.42 0.000505954 -0.0389096 0.0389129
20.43 0.00314653 -0.0384433 0.0385719
20.44 0.00572643 -0.0378019 0.0382332
20.45 0.00823405 -0.036991 0.0378964
20.46 0.010659 -0.0360175 0.0375616
20.47 0.0129901 -0.0348884 0.0372283
20.48 0.0152188 -0.033613 0.0368978
20.49 0.0173351 -0.0321985 0.0365684
20.5 0.0193314 -0.0306554 0.0362417
20.51 0.0211999 -0.0289924 0.0359164
20.52 0.0229334 -0.0272207 0.0355936
20.53 0.0245271 -0.0253493 0.0352727
20.54 0.025974 -0.02339 0.0349535
20.55 0.0272712 -0.0213536 0.0346367
20.56 0.0284141 -0.0192509 0.0343214
20.57 0.0294002 -0.0170935 0.0340082
20.58 0.0302268 -0.0148929 0.0336966
20.59 0.030894 -0.0126605 0.0333875
20.6 0.0313995 -0.0104073 0.0330793
20.61 0.0317456 -0.00814547 0.032774
20.62 0.031932 -0.00588506 0.0324698
20.63 0.0319615 -0.00363824 0.0321679
20.64 0.0318363 -0.00141412 0.0318677
20.65 0.0315595 0.00077484 0.031569
20.66 0.031136 0.0029204 0.0312727
20.67 0.0305694 0.00501181 0.0309775
20.68 0.0298659 0.00704015 0.0306845
20.69 0.0290311 0.0089964 0.0303931
20.7 0.0280717 0.010873 0.0301039
20.71 0.0269938 0.0126613 0.0298156
20.72 0.0258064 0.0143548 0.0295302
20.73 0.0245154 0.0159469 0.0292457
20.74 0.0231306 0.0174312 0.0289633
20.75 0.0216593 0.018803 0.0286823
20.76 0.0201113 0.0200565 0.028403
20.77 0.018495 0.0211894 0.0281257
20.78 0.0168198 0.0221964 0.0278493
20.79 0.0150957 0.0230764 0.0275753
20.8 0.0133312 0.0238266 0.0273025
20.81 0.0115362 0.0244464 0.0270316
20.82 0.00972011 0.0249343 0.0267619
20.83 0.00789274 0.0252916 0.0264945
20.84 0.00606221 0.0255177 0.0262279
20.85 0.00423936 0.0256151 0.0259635
20.86 0.00243153 0.0255853 0.0257006
20.87 0.00064873 0.0254308 0.0254391
20.88 -0.00110206 0.0251556 0.0251797
20.89 -0.00281139 0.0247623 0.0249213
20.9 -0.00447261 0.0242566 0.0246655
20.91 -0.00607829 0.0236418 0.0244107
20.92 -0.00762113 0.0229242 0.0241578
20.93 -0.00909497 0.0221088 0.0239065
20.94 -0.010494 0.0212022 0.0236571
20.95 -0.0118126 0.0202096 0.0234087
20.96 -0.0130456 0.0191395 0.0231627
20.97 -0.0141893 0.0179972 0.022918
20.98 -0.0152389 0.0167907 0.022675
20.99 -0.0161924 0.0155273 0.0224341
21 -0.0170454 0.0142141 0.0221943
21.01 -0.0177975 0.0128592 0.021957
21.02 -0.0184456 0.0114694 0.0217206
21.03 -0.0189893 0.0100535 0.0214864
21.04 -0.0194282 0.00861797 0.0212538
21.05 -0.0197622 0.00717109 0.0210231
21.06 -0.0199915 0.00571994 0.0207937
21.07 -0.020118 0.00427265 0.0205667
21.08 -0.0201426 0.00283467 0.0203411
21.09 -0.0200674 0.00141485 0.0201172
21.1 -0.0198955 1.83331e-05 0.0198955
21.11 -0.0196286 -0.00134746 0.0196748
21.12 -0.0192717 -0.00267709 0.0194568
21.13 -0.0188267 -0.00396408 0.0192395
21.14 -0.0182993 -0.00520298 0.0190246
21.15 -0.0176927 -0.00638925 0.018811
21.16 -0.0170124 -0.00751726 0.0185993
21.17 -0.016263 -0.00858317 0.018389
21.18 -0.0154503 -0.00958281 0.0181808
21.19 -0.0145786 -0.0105131 0.0179739
21.2 -0.013655 -0.0113696 0.0177687
21.21 -0.0126841 -0.0121514 0.0175654
21.22 -0.0116721 -0.0128545 0.0173631
21.23 -0.0106257 -0.0134784 0.0171631
21.24 -0.00954975 -0.0140204 0.0169638
21.25 -0.00845169 -0.0144811 0.016767
21.26 -0.00733608 -0.0148589 0.0165712
21.27 -0.00621038 -0.015154 0.0163772
21.28 -0.00507934 -0.0153671 0.0161848
21.29 -0.00394945 -0.0154987 0.015994
21.3 -0.00282567 -0.0155498 0.0158045
21.31 -0.00171491 -0.015522 0.0156165
21.32 -0.000620673 -0.0154178 0.0154303
21.33 0.000450221 -0.0152383 0.015245
21.34 0.00149354 -0.0149877 0.0150619
21.35 0.00250478 -0.0146672 0.0148795
21.36 0.0034791 -0.0142818 0.0146994
21.37 0.00441296 -0.0138333 0.0145201
21.38 0.00530166 -0.0133267 0.0143425
21.39 0.00614293 -0.0127653 0.0141665
21.4 0.00693239 -0.0121535 0.0139916
21.41 0.0076679 -0.0114955 0.0138182
21.42 0.00834647 -0.0107962 0.0136463
21.43 0.00896706 -0.0100596 0.0134761
21.44 0.00952621 -0.00929078 0.0133067
21.45 0.0100244 -0.00849478 0.0131396
21.46 0.0104594 -0.00767514 0.0129733
21.47 0.010831 -0.00683825 0.0128091
21.48 0.0111387 -0.00598718 0.0126458
21.49 0.0113825 -0.0051281 0.0124843
21.5 0.011563 -0.00426439 0.0123243
21.51 0.01168 -0.00340151 0.0121652
21.52 0.0117356 -0.00254345 0.012008
21.53 0.0117304 -0.00169467 0.0118522
21.54 0.0116663 -0.000858844 0.0116979
21.55 0.0115445 -4.09025e-05 0.0115446
21.56 0.0113685 0.000756499 0.0113936
21.57 0.0111387 0.0015294 0.0112432
21.58 0.0108593 0.00227376 0.0110948
21.59 0.0105318 0.00298786 0.0109474
21.6 0.0101602 0.00366734 0.0108018
21.61 0.00974687 0.00431095 0.0106577
21.62 0.00929524 0.00491502 0.0105147
21.63 0.008809 0.00547885 0.0103738
21.64 0.00829088 0.00599964 0.010234
21.65 0.00774478 0.00647653 0.0100959
21.66 0.00717405 0.00690749 0.00995893
21.67 0.0065825 0.00729284 0.00982419
21.68 0.00597281 0.00763011 0.00968984
21.69 0.00535022 0.00791996 0.00955775
21.7 0.00471629 0.00816213 0.00942676
21.71 0.00407642 0.0083558 0.00929713
21.72 0.00343251 0.0085023 0.00916903
21.73 0.0027891 0.00860117 0.00904208
21.74 0.00214872 0.00865426 0.00891702
21.75 0.00151485 0.00866113 0.00879261
21.76 0.000890702 0.00862416 0.00867004
21.77 0.000279141 0.00854385 0.00854841
21.78 -0.000317154 0.00842254 0.00842851
21.79 -0.000895212 0.00826067 0.00830903
21.8 -0.00145238 0.00806201 0.00819179
21.81 -0.00198743 0.00782701 0.0080754
21.82 -0.00249634 0.00755856 0.00796012
21.83 -0.00297921 0.00725903 0.00784661
21.84 -0.00343257 0.00693036 0.00773385
21.85 -0.00385606 0.00657545 0.00762271
21.86 -0.0042473 0.00619612 0.00751208
21.87 -0.00460575 0.00579613 0.00740324
21.88 -0.00493011 0.005377 0.00729507
21.89 -0.00521967 0.00494229 0.00718827
21.9 -0.00547359 0.00449412 0.00708219
21.91 -0.00569212 0.00403616 0.00697788
21.92 -0.00587463 0.00356954 0.00687407
21.93 -0.00602063 0.00309862 0.00677123
21.94 -0.0061319 0.00262488 0.0066701
21.95 -0.00620683 0.00215141 0.00656912
21.96 -0.00624762 0.00168076 0.00646975
21.97 -0.00625394 0.00121525 0.00637092
21.98 -0.00622769 0.000757676 0.00627361
21.99 -0.00616909 0.00030947 0.00617685
22 -0.00608004 -0.000126345 0.00608135
22.01 -0.00596159 -0.000548478 0.00598677
22.02 -0.00581566 -0.000954654 0.0058935
22.03 -0.00564297 -0.00134373 0.00580075
22.04 -0.00544614 -0.00171288 0.00570915
22.05 -0.00522686 -0.00206238 0.00561903
22.06 -0.00498595 -0.00238921 0.00552883
22.07 -0.00472706 -0.00269351 0.0054406
22.08 -0.00445072 -0.00297368 0.00535273
22.09 -0.00416005 -0.0032292 0.00526629
22.1 -0.00385603 -0.00345954 0.00518048
22.11 -0.00354186 -0.00366383 0.00509592
22.12 -0.00321857 -0.0038423 0.00501224
22.13 -0.00288888 -0.00399429 0.0049295
22.14 -0.00255413 -0.00412007 0.00484753
22.15 -0.00221746 -0.00421947 0.00476666
22.16 -0.00187949 -0.00429373 0.00468706
22.17 -0.00154288 -0.00434157 0.00460757
22.18 -0.00120974 -0.00436582 0.00453032
22.19 -0.000880655 -0.00436518 0.00445313
22.2 -0.000558424 -0.0043417 0.00437747
22.21 -0.000243569 -0.00429565 0.00430255
22.22 6.14119e-05 -0.0042283 0.00422874
22.23 0.00035641 -0.00414057 0.00415588
22.24 0.000638932 -0.00403356 0.00408385
22.25 0.000908741 -0.00390868 0.00401293
22.26 0.00116396 -0.00376716 0.00394288
22.27 0.0014049 -0.0036103 0.00387402
22.28 0.00162922 -0.00343901 0.00380541
22.29 0.00183753 -0.00325612 0.00373882
22.3 0.00202879 -0.00306076 0.00367209
22.31 0.00220208 -0.00285659 0.00360684
22.32 0.00235776 -0.00264363 0.00354229
22.33 0.00249478 -0.00242405 0.0034785
22.34 0.00261384 -0.00219884 0.00341571
22.35 0.00271389 -0.00196992 0.00335348
22.36 0.00279613 -0.00173841 0.00329248
22.37 0.00285988 -0.0015057 0.00323204
22.38 0.00290616 -0.00127301 0.00317275
22.39 0.00293433 -0.0010419 0.00311381
22.4 0.00294619 -0.000813578 0.00305646
22.41 0.00294074 -0.000588247 0.002999
22.42 0.00291956 -0.000369041 0.00294279
22.43 0.00288314 -0.000154922 0.0028873
22.44 0.00283182 5.16843e-05 0.00283229
22.45 0.00276706 0.000250557 0.00277838
22.46 0.00268898 0.000440288 0.00272479
22.47 0.00259928 0.000620792 0.00267239
22.48 0.00249798 0.000790826 0.00262017
22.49 0.00238683 0.000949982 0.00256893
22.5 0.00226619 0.00109749 0.00251795
22.51 0.00213791 0.00123332 0.00246815
22.52 0.00200186 0.0013568 0.00241833
22.53 0.0018608 0.0014671 0.00236959
22.54 0.00171428 0.00156567 0.00232165
22.55 0.00156413 0.00165053 0.00227393
22.56 0.00141144 0.00172315 0.00222742
22.57 0.00125664 0.00178275 0.00218113
22.58 0.0011013 0.0018302 0.002136
22.59 0.000945828 0.00186483 0.00209097
22.6 0.000791763 0.00188771 0.00204703
22.61 0.000639364 0.00189866 0.00200342
22.62 0.000490042 0.0018986 0.00196082
22.63 0.000343891 0.00188729 0.00191837
22.64 0.000202798 0.00186599 0.00187698
22.65 6.55169e-05 0.00183523 0.00183639
22.66 -6.5239e-05 0.00179461 0.0017958
22.67 -0.00019038 0.0017463 0.00175664
22.68 -0.000308944 0.0016895 0.00171751
22.69 -0.000420257 0.00162597 0.0016794
22.7 -0.000524227 0.00155548 0.00164144
22.71 -0.000620428 0.00147986 0.00160465
22.72 -0.000708916 0.00139881 0.00156819
22.73 -0.00078911 0.00131389 0.00153265
22.74 -0.000861431 0.00122506 0.00149761
22.75 -0.000925304 0.00113387 0.00146351
22.76 -0.00098175 0.00103999 0.00143018
22.77 -0.00102895 0.000944576 0.00139677
22.78 -0.00106932 0.000848596 0.00136513
22.79 -0.0011012 0.000751582 0.00133324
22.8 -0.00112548 0.000655427 0.00130241
22.81 -0.00114244 0.000559559 0.00127212
22.82 -0.00115228 0.000465419 0.00124272
22.83 -0.00115511 0.000372488 0.00121368
22.84 -0.00115129 0.000282152 0.00118536
22.85 -0.00114135 0.000193935 0.00115771
22.86 -0.00112528 0.000109002 0.00113054
22.87 -0.00110374 2.68407e-05 0.00110407
22.88 -0.0010764 -5.11374e-05 0.00107761
22.89 -0.00104525 -0.000125523 0.00105276
22.9 -0.00100851 -0.000195875 0.00102735
22.91 -0.000968418 -0.000261356 0.00100307
22.92 -0.000924598 -0.00032299 0.000979389
22.93 -0.000877463 -0.000379509 0.000956017
22.94 -0.000827369 -0.000431696 0.000933221
22.95 -0.000774981 -0.000478646 0.000910877
22.96 -0.000720464 -0.000521107 0.000889169
22.97 -0.000664105 -0.000558173 0.000867521
22.98 -0.000606567 -0.000590601 0.000846601
22.99 -0.000548019 -0.000617631 0.000825708
23 -0.000489364 -0.000640354 0.000805934
23.01 -0.000429655 -0.000657744 0.00078564
23.02 -0.000371175 -0.000670541 0.000766417
23.03 -0.000312485 -0.000679069 0.000747517
23.04 -0.000254834 -0.000682416 0.000728445
23.05 -0.000198341 -0.00068187 0.000710131
23.06 -0.000143521 -0.000676773 0.000691824
23.07 -9.02528e-05 -0.000667947 0.000674017
23.08 -3.92677e-05 -0.000655007 0.000656183
23.09 9.36591e-06 -0.000639045 0.000639114
23.1 5.54584e-05 -0.000619484 0.000621962
23.11 9.88327e-05 -0.000597501 0.00060562
23.12 0.000139602 -0.000572152 0.000588937
23.13 0.000176679 -0.000545202 0.000573114
23.14 0.000211604 -0.000515731 0.000557454
23.15 0.00024252 -0.000484318 0.000541645
23.16 0.000270564 -0.000452044 0.000526829
23.17 0.000295101 -0.000418124 0.000511774
23.18 0.00031663 -0.000383612 0.000497407
23.19 0.000334551 -0.000348344 0.000482978
23.2 0.000349594 -0.000313061 0.000469279
23.21 0.00036136 -0.000277197 0.000455433
23.22 0.000370162 -0.000241938 0.000442214
23.23 0.000375879 -0.000206557 0.000428895
23.24 0.000378607 -0.00017261 0.000416098
23.25 0.00037908 -0.000138634 0.000403634
23.26 0.000376165 -0.000106399 0.000390923
23.27 0.000371718 -7.54519e-05 0.000379298
23.28 0.000364549 -4.53686e-05 0.000367361
23.29 0.000355732 -1.72451e-05 0.00035615
23.3 0.000344828 9.46265e-06 0.000344958
23.31 0.000332633 3.44505e-05 0.000334412
23.32 0.000318605 5.79509e-05 0.000323833
23.33 0.000303497 7.92062e-05 0.000313662
23.34 0.000287098 9.90632e-05 0.000303708
23.35 0.000269903 0.00011659 0.000294008
23.36 0.000251935 0.000133011 0.000284892
23.37 0.000233079 0.000146665 0.000275384
23.38 0.000214421 0.000159195 0.000267057
23.39 0.000194601 0.000169885 0.000258323
23.4 0.000175188 0.000178291 0.000249957
23.41 0.000155316 0.00018534 0.000241814
23.42 0.000135727 0.000190501 0.000233907
23.43 0.000116099 0.000193926 0.000226022
23.44 9.71878e-05 0.000195527 0.000218349
23.45 7.85201e-05 0.000195984 0.000211128
23.46 6.06373e-05 0.000194592 0.000203821
23.47 4.32811e-05 0.000192284 0.000197094
23.48 2.6746e-05 0.000188075 0.000189968
23.49 1.1108e-05 0.000183561 0.000183897
23.5 -4.16661e-06 0.000177262 0.000177311
23.51 -1.77314e-05 0.000170057 0.000170979
23.52 -3.09843e-05 0.000162323 0.000165253
23.53 -4.27511e-05 0.000153402 0.000159247
23.54 -5.35956e-05 0.000143847 0.000153507
23.55 -6.31285e-05 0.00013377 0.000147917
23.56 -7.18892e-05 0.000123282 0.000142712
23.57 -7.91645e-05 0.000112035 0.000137182
23.58 -8.55474e-05 0.000100831 0.000132232
23.59 -9.05112e-05 8.89802e-05 0.000126924
23.6 -9.44377e-05 7.76065e-05 0.000122234
23.61 -9.70507e-05 6.54426e-05 0.000117054
23.62 -9.81247e-05 5.41599e-05 0.000112079
23.63 -9.87891e-05 4.29367e-05 0.000107717
23.64 -9.76183e-05 3.19201e-05 0.000102705
23.65 -9.59637e-05 2.16384e-05 9.8373e-05
23.66 -9.32527e-05 1.19197e-05 9.40114e-05
23.67 -8.98663e-05 2.66536e-06 8.99058e-05
23.68 -8.5329e-05 -5.91402e-06 8.55337e-05
23.69 -8.05665e-05 -1.35209e-05 8.16931e-05
23.7 -7.48158e-05 -2.0663e-05 7.76168e-05
23.71 -6.89136e-05 -2.65657e-05 7.38568e-05
23.72 -6.23452e-05 -3.21591e-05 7.01508e-05
23.73 -5.57771e-05 -3.61018e-05 6.64411e-05
23.74 -4.92843e-05 -3.9949e-05 6.34418e-05
23.75 -4.19987e-05 -4.258e-05 5.98075e-05
23.76 -3.55527e-05 -4.43856e-05 5.68689e-05
23.77 -2.86475e-05 -4.55377e-05 5.37993e-05
23.78 -2.20271e-05 -4.59242e-05 5.09335e-05
23.79 -1.556e-05 -4.54147e-05 4.80064e-05
23.8 -9.82877e-06 -4.42393e-05 4.5318e-05
23.81 -4.03722e-06 -4.26084e-05 4.27992e-05
23.82 8.33501e-07 -4.01504e-05 4.0159e-05
23.83 5.51558e-06 -3.76192e-05 3.80214e-05
23.84 9.32315e-06 -3.4261e-05 3.55069e-05
23.85 1.28807e-05 -3.13198e-05 3.3865e-05
23.86 1.60562e-05 -2.74781e-05 3.18253e-05
23.87 1.7982e-05 -2.39348e-05 2.99371e-05
23.88 2.01946e-05 -2.02466e-05 2.85962e-05
23.89 2.13653e-05 -1.6438e-05 2.69571e-05
23.9 2.2088e-05 -1.27368e-05 2.54972e-05
23.91 2.23409e-05 -9.27774e-06 2.41907e-05
23.92 2.25386e-05 -5.94254e-06 2.33089e-05
23.93 2.19192e-05 -2.71556e-06 2.20868e-05
23.94 2.14501e-05 5.95078e-08 2.14502e-05
23.95 2.04046e-05 2.95178e-06 2.0617e-05
23.96 1.94478e-05 5.23538e-06 2.01402e-05
23.97 1.79807e-05 7.87106e-06 1.9628e-05
23.98 1.61913e-05 9.62225e-06 1.88347e-05
23.99 1.49118e-05 1.15666e-05 1.88719e-05
24 1.27163e-05 1.30598e-05 1.82281e-05
24.01 1.09407e-05 1.41807e-05 1.79107e-05
24.02 9.1262e-06 1.51194e-05 1.76602e-05
24.03 7.2822e-06 1.5888e-05 1.74774e-05
24.04 5.16148e-06 1.63674e-05 1.71619e-05
24.05 3.55231e-06 1.66528e-05 1.70274e-05
24.06 1.53368e-06 1.69531e-05 1.70223e-05
24.07 -1.20692e-07 1.67869e-05 1.67874e-05
24.08 -2.00418e-06 1.67876e-05 1.69068e-05
24.09 -3.49869e-06 1.61861e-05 1.65599e-05
24.1 -4.81993e-06 1.60394e-05 1.67479e-05
24.11 -6.60836e-06 1.5291e-05 1.66578e-05
24.12 -7.60958e-06 1.47821e-05 1.66257e-05
24.13 -8.98477e-06 1.42223e-05 1.68226e-05
24.14 -1.03576e-05 1.35101e-05 1.70236e-05
24.15 -1.16455e-05 1.26192e-05 1.71715e-05
24.16 -1.26114e-05 1.17606e-05 1.72442e-05
24.17 -1.40095e-05 1.06499e-05 1.75979e-05
24.18 -1.47997e-05 9.31087e-06 1.7485e-05
24.19 -1.58381e-05 8.13115e-06 1.78034e-05
24.2 -1.63935e-05 6.59726e-06 1.76712e-05
24.21 -1.71419e-05 5.43817e-06 1.79838e-05
24.22 -1.77783e-05 3.64492e-06 1.81481e-05
24.23 -1.77959e-05 2.44186e-06 1.79626e-05
24.24 -1.83111e-05 7.62228e-07 1.83269e-05
24.25 -1.82774e-05 -9.15616e-07 1.83003e-05
24.26 -1.80529e-05 -2.48391e-06 1.8223e-05
24.27 -1.77146e-05 -3.99196e-06 1.81588e-05
24.28 -1.74976e-05 -5.62681e-06 1.83801e-05
24.29 -1.66623e-05 -7.02168e-06 1.80814e-05
24.3 -1.62297e-05 -8.28983e-06 1.82243e-05
24.31 -1.53265e-05 -9.74762e-06 1.81636e-05
24.32 -1.46455e-05 -1.09095e-05 1.82622e-05
24.33 -1.35435e-05 -1.24022e-05 1.83641e-05
24.34 -1.22899e-05 -1.32364e-05 1.80622e-05
24.35 -1.13277e-05 -1.46107e-05 1.84875e-05
24.36 -9.65374e-06 -1.53591e-05 1.8141e-05
24.37 -8.24707e-06 -1.59262e-05 1.79349e-05
24.38 -6.79758e-06 -1.64912e-05 1.78373e-05
24.39 -5.2807e-06 -1.68461e-05 1.76544e-05
24.4 -3.54081e-06 -1.68573e-05 1.72252e-05
24.41 -2.27884e-06 -1.69312e-05 1.70839e-05
24.42 -6.01072e-07 -1.68841e-05 1.68948e-05
24.43 6.80305e-07 -1.64569e-05 1.6471e-05
24.44 2.15413e-06 -1.61248e-05 1.62681e-05
24.45 3.29059e-06 -1.53091e-05 1.56587e-05
24.46 4.2629e-06 -1.49439e-05 1.554e-05
24.47 5.49494e-06 -1.38718e-05 1.49205e-05
24.48 6.08241e-06 -1.32368e-05 1.45674e-05
24.49 6.90081e-06 -1.26346e-05 1.43963e-05
24.5 7.65078e-06 -1.1764e-05 1.40331e-05
24.51 8.28979e-06 -1.09637e-05 1.37449e-05
24.52 8.70354e-06 -1.03288e-05 1.35069e-05
24.53 9.45267e-06 -9.40374e-06 1.33335e-05
24.54 9.71414e-06 -8.45887e-06 1.28809e-05
24.55 1.02026e-05 -7.74562e-06 1.28097e-05
24.56 1.03862e-05 -6.82265e-06 1.24267e-05
24.57 1.0671e-05 -6.2425e-06 1.23628e-05
24.58 1.09359e-05 -5.20547e-06 1.21116e-05
24.59 1.08699e-05 -4.82092e-06 1.1891e-05
24.6 1.11851e-05 -3.98639e-06 1.18743e-05
24.61 1.1209e-05 -3.11397e-06 1.16335e-05
24.62 1.11986e-05 -2.52578e-06 1.14799e-05
24.63 1.12046e-05 -1.87525e-06 1.13604e-05
24.64 1.1319e-05 -1.01589e-06 1.13645e-05
24.65 1.107e-05 -5.02317e-07 1.10814e-05
24.66 1.12423e-05 3.76932e-08 1.12423e-05
24.67 1.11118e-05 8.1454e-07 1.11416e-05
24.68 1.12098e-05 1.40645e-06 1.12977e-05
24.69 1.11309e-05 2.35567e-06 1.13775e-05
24.7 1.10151e-05 2.87167e-06 1.13833e-05
24.71 1.10094e-05 4.0583e-06 1.17336e-05
24.72 1.05974e-05 4.79919e-06 1.16334e-05
24.73 1.03169e-05 5.47596e-06 1.16801e-05
24.74 9.91688e-06 6.42865e-06 1.18183e-05
24.75 9.41485e-06 7.29276e-06 1.1909e-05
24.76 8.70321e-06 7.8779e-06 1.17391e-05
24.77 8.23673e-06 8.7992e-06 1.20528e-05
24.78 7.26519e-06 9.62755e-06 1.20612e-05
24.79 6.51031e-06 1.01644e-05 1.20706e-05
24.8 5.44735e-06 1.08389e-05 1.21307e-05
24.81 4.46197e-06 1.10714e-05 1.19367e-05
24.82 3.41932e-06 1.16766e-05 1.21669e-05
24.83 2.22092e-06 1.15408e-05 1.17525e-05
24.84 1.30927e-06 1.17263e-05 1.17992e-05
24.85 1.5778e-07 1.1924e-05 1.19251e-05
24.86 -9.13956e-07 1.16826e-05 1.17183e-05
24.87 -2.01421e-06 1.14204e-05 1.15966e-05
24.88 -3.01885e-06 1.12757e-05 1.16728e-05
24.89 -4.27318e-06 1.06352e-05 1.14615e-05
24.9 -5.12939e-06 9.89703e-06 1.11473e-05
24.91 -6.17574e-06 9.28579e-06 1.11519e-05
24.92 -6.9313e-06 8.32328e-06 1.08314e-05
24.93 -7.65709e-06 7.61201e-06 1.07969e-05
24.94 -8.26119e-06 6.38208e-06 1.04393e-05
24.95 -8.62075e-06 5.67136e-06 1.0319e-05
24.96 -9.10124e-06 4.56887e-06 1.01837e-05
24.97 -9.20734e-06 3.27505e-06 9.77246e-06
24.98 -9.27391e-06 2.36432e-06 9.57055e-06
24.99 -9.17398e-06 1.38479e-06 9.27791e-06
25 -8.98068e-06 2.21095e-07 8.9834e-06
25.01 -8.47926e-06 -5.02154e-07 8.49412e-06
25.02 -8.2099e-06 -1.15565e-06 8.29083e-06
25.03 -7.64138e-06 -1.98419e-06 7.89479e-06
25.04 -7.20725e-06 -2.45166e-06 7.61283e-06
25.05 -6.71282e-06 -3.16121e-06 7.41992e-06
25.06 -6.19065e-06 -3.37938e-06 7.05297e-06
25.07 -5.71001e-06 -4.01909e-06 6.98264e-06
25.08 -5.00187e-06 -4.30059e-06 6.5965e-06
25.09 -4.48573e-06 -4.29072e-06 6.20742e-06
25.1 -3.83902e-06 -4.59328e-06 5.98634e-06
25.11 -3.21327e-06 -4.72931e-06 5.71764e-06
25.12 -2.62066e-06 -4.54719e-06 5.24832e-06
25.13 -2.21911e-06 -4.67323e-06 5.17335e-06
25.14 -1.55772e-06 -4.74415e-06 4.99334e-06
25.15 -1.18086e-06 -4.50121e-06 4.65353e-06
25.16 -6.94483e-07 -4.49749e-06 4.55079e-06
25.17 -2.88356e-07 -4.16605e-06 4.17602e-06
25.18 8.098e-08 -4.17728e-06 4.17806e-06
25.19 3.86685e-07 -3.75539e-06 3.77524e-06
25.2 4.9368e-07 -3.56041e-06 3.59447e-06
25.21 7.45307e-07 -3.6124e-06 3.68849e-06
25.22 8.34413e-07 -3.3348e-06 3.4376e-06
25.23 9.52626e-07 -3.13011e-06 3.27186e-06
25.24 1.09438e-06 -3.22524e-06 3.40585e-06
25.25 1.41552e-06 -2.96724e-06 3.28759e-06
25.26 1.45732e-06 -2.68977e-06 3.05919e-06
25.27 1.75516e-06 -2.69055e-06 3.21242e-06
25.28 1.88264e-06 -2.37928e-06 3.03402e-06
25.29 2.0221e-06 -2.35662e-06 3.10525e-06
25.3 2.11112e-06 -1.96685e-06 2.88536e-06
25.31 2.18544e-06 -1.93323e-06 2.91779e-06
25.32 2.38776e-06 -1.7208e-06 2.94322e-06
25.33 2.33783e-06 -1.21524e-06 2.63482e-06
25.34 2.4406e-06 -1.05021e-06 2.65696e-06
25.35 2.45267e-06 -8.45048e-07 2.59416e-06
25.36 2.38935e-06 -3.5808e-07 2.41604e-06
25.37 2.19652e-06 -2.12152e-07 2.20674e-06
25.38 2.24092e-06 -1.38353e-07 2.24518e-06
25.39 2.05917e-06 2.39455e-07 2.07305e-06
25.4 2.02895e-06 3.00679e-07 2.05111e-06
25.41 2.00068e-06 6.49816e-07 2.10356e-06
25.42 1.975e-06 6.83549e-07 2.08995e-06
25.43 1.91803e-06 1.01091e-06 2.16813e-06
25.44 1.68392e-06 1.2403e-06 2.09139e-06
25.45 1.64356e-06 1.13185e-06 1.99559e-06
25.46 1.38261e-06 1.35291e-06 1.93442e-06
25.47 1.14824e-06 1.51991e-06 1.90489e-06
25.48 9.95707e-07 1.38429e-06 1.7052e-06
25.49 8.97572e-07 1.50469e-06 1.75206e-06
25.5 5.71272e-07 1.68257e-06 1.77691e-06
25.51 4.68811e-07 1.47838e-06 1.55093e-06
25.52 2.43249e-07 1.5452e-06 1.56423e-06
25.53 1.25747e-08 1.31433e-06 1.31439e-06
25.54 -1.91804e-07 1.29959e-06 1.31367e-06
25.55 -3.32125e-07 1.05018e-06 1.10144e-06
25.56 -2.92611e-07 7.88096e-07 8.40665e-07
25.57 -4.36911e-07 8.76085e-07 9.78987e-07
25.58 -3.65322e-07 6.21154e-07 7.2062e-07
25.59 -2.9698e-07 3.88547e-07 4.89046e-07
25.6 -3.52097e-07 4.54729e-07 5.75109e-07
25.61 -4.45879e-07 2.78098e-07 5.25497e-07
25.62 -3.12649e-07 1.6035e-08 3.1306e-07
25.63 -3.98103e-07 1.2817e-07 4.18226e-07
25.64 -3.51301e-07 -2.88103e-08 3.52481e-07
25.65 -2.73396e-07 5.08835e-08 2.78091e-07
25.66 -1.75183e-07 -2.62733e-08 1.77142e-07
25.67 -1.2719e-07 4.28039e-08 1.342e-07
25.68 -1.86859e-07 1.807e-07 2.5994e-07
25.69 -4.03848e-08 -2.81411e-08 4.92225e-08
25.7 -7.95508e-08 7.70079e-08 1.10718e-07
25.71 -8.11356e-08 2.21957e-07 2.36322e-07
25.72 2.75382e-08 7.0831e-08 7.59959e-08
25.73 1.89117e-07 1.51829e-07 2.42523e-07
25.74 1.02889e-07 3.74176e-07 3.88064e-07
25.75 2.12146e-07 2.37386e-07 3.18367e-07
25.76 1.62847e-07 3.68915e-07 4.03258e-07
25.77 4.66913e-08 3.20586e-07 3.23968e-07
25.78 -1.07546e-07 3.88414e-07 4.03028e-07
25.79 -2.37933e-07 3.68791e-07 4.38884e-07
25.8 -2.5075e-07 2.25008e-07 3.36903e-07
25.81 -4.81094e-07 4.23657e-07 6.41043e-07
25.82 -4.91605e-07 3.3662e-07 5.95809e-07
25.83 -5.26904e-07 1.43516e-07 5.461e-07
25.84 -6.70382e-07 2.35024e-07 7.10386e-07
25.85 -8.27559e-07 1.28117e-07 8.37418e-07
25.86 -7.60807e-07 -1.81008e-07 7.82043e-07
25.87 -8.87265e-07 -1.09062e-07 8.93943e-07
25.88 -8.75942e-07 -2.88917e-07 9.2236e-07
25.89 -8.05885e-07 -3.15584e-07 8.65473e-07
25.9 -7.35576e-07 -3.98936e-07 8.36792e-07
25.91 -7.06705e-07 -4.55035e-07 8.40529e-07
25.92 -8.10358e-07 -3.21536e-07 8.71817e-07
25.93 -6.90576e-07 -5.49095e-07 8.8227e-07
25.94 -7.72525e-07 -5.03406e-07 9.22069e-07
25.95 -8.18918e-07 -3.2687e-07 8.81743e-07
25.96 -6.78165e-07 -4.20302e-07 7.97848e-07
25.97 -5.00636e-07 -3.65331e-07 6.1976e-07
25.98 -4.89727e-07 -7.40521e-08 4.95294e-07
25.99 -2.41107e-07 -1.70165e-07 2.95108e-07
26 -1.00811e-07 -4.85984e-08 1.11913e-07
