0 -0.000741338 0.00086261 0.0011374
0.01 -0.00147826 0.00172249 0.00226985
0.02 -0.00220579 0.0025772 0.00339227
0.03 -0.00291918 0.00342389 0.0044994
0.04 -0.00361439 0.00426027 0.00558692
0.05 -0.00428652 0.00508335 0.00664941
0.06 -0.00493153 0.00589083 0.00768257
0.07 -0.00554525 0.00668018 0.00868185
0.08 -0.00612353 0.0074486 0.00964257
0.09 -0.00666304 0.0081939 0.0105611
0.1 -0.00715989 0.00891348 0.011433
0.11 -0.0076104 0.0096051 0.0122546
0.12 -0.00801206 0.0102664 0.0130227
0.13 -0.00836183 0.010895 0.0137339
0.14 -0.00865706 0.0114888 0.0143853
0.15 -0.00889554 0.0120457 0.0149743
0.16 -0.00907571 0.0125636 0.0154988
0.17 -0.00919543 0.0130404 0.0159564
0.18 -0.00925379 0.0134744 0.0163461
0.19 -0.00924964 0.0138639 0.0166662
0.2 -0.00918248 0.0142068 0.016916
0.21 -0.00905249 0.014502 0.0170955
0.22 -0.00885924 0.0147476 0.017204
0.23 -0.00860335 0.0149426 0.0172423
0.24 -0.00828602 0.0150856 0.0172115
0.25 -0.00790809 0.0151756 0.0171125
0.26 -0.00747106 0.0152118 0.0169475
0.27 -0.00697717 0.0151932 0.0167187
0.28 -0.00642866 0.0151192 0.0164292
0.29 -0.00582789 0.0149893 0.0160824
0.3 -0.00517792 0.0148034 0.0156828
0.31 -0.0044818 0.0145611 0.0152352
0.32 -0.00374311 0.0142625 0.0147455
0.33 -0.00296591 0.013908 0.0142207
0.34 -0.00215355 0.0134977 0.0136684
0.35 -0.00131091 0.0130325 0.0130983
0.36 -0.000442445 0.012513 0.0125209
0.37 0.000447611 0.0119403 0.0119487
0.38 0.00135427 0.0113157 0.0113965
0.39 0.00227228 0.0106404 0.0108803
0.4 0.0031967 0.00991609 0.0104186
0.41 0.00412229 0.00914445 0.0100307
0.42 0.00504371 0.00832769 0.00973599
0.43 0.00595571 0.00746785 0.00955193
0.44 0.00685285 0.00656734 0.00949166
0.45 0.00772977 0.00562907 0.00956221
0.46 0.00858168 0.0046554 0.00976309
0.47 0.00940246 0.00364976 0.010086
0.48 0.0101874 0.00261499 0.0105177
0.49 0.0109317 0.0015546 0.0110417
0.5 0.0116302 0.000472227 0.0116398
0.51 0.0122783 -0.000628687 0.0122944
0.52 0.0128715 -0.00174407 0.0129891
0.53 0.0134055 -0.00287016 0.0137093
0.54 0.0138762 -0.00400263 0.014442
0.55 0.01428 -0.00513753 0.0151761
0.56 0.0146132 -0.00627029 0.0159017
0.57 0.0148731 -0.00739647 0.0166107
0.58 0.0150569 -0.00851178 0.0172962
0.59 0.0151616 -0.00961132 0.0179513
0.6 0.0151856 -0.0106908 0.0185714
0.61 0.0151275 -0.0117456 0.019152
0.62 0.0149853 -0.0127707 0.0196888
0.63 0.0147587 -0.0137621 0.0201796
0.64 0.0144473 -0.0147146 0.0206214
0.65 0.014051 -0.0156241 0.0210129
0.66 0.0135703 -0.0164859 0.0213527
0.67 0.013006 -0.0172958 0.0216402
0.68 0.0123594 -0.0180494 0.0218754
0.69 0.0116327 -0.0187426 0.0220591
0.7 0.0108278 -0.0193715 0.0221922
0.71 0.00994729 -0.0199319 0.0222762
0.72 0.00899481 -0.0204208 0.022314
0.73 0.00797355 -0.0208344 0.0223081
0.74 0.00688716 -0.0211696 0.0222618
0.75 0.00574039 -0.0214238 0.0221795
0.76 0.00453782 -0.0215939 0.0220655
0.77 0.00328456 -0.0216779 0.0219253
0.78 0.00198604 -0.0216734 0.0217642
0.79 0.000647802 -0.0215791 0.0215888
0.8 -0.000723924 -0.0213933 0.0214056
0.81 -0.00212279 -0.0211152 0.0212217
0.82 -0.00354259 -0.0207441 0.0210444
0.83 -0.00497644 -0.0202794 0.0208811
0.84 -0.00641696 -0.0197217 0.0207394
0.85 -0.00785763 -0.019071 0.0206264
0.86 -0.00929119 -0.0183286 0.020549
0.87 -0.0107101 -0.0174957 0.0205136
0.88 -0.0121073 -0.0165739 0.0205251
0.89 -0.0134752 -0.0155656 0.0205881
0.9 -0.0148065 -0.0144731 0.0207051
0.91 -0.0160942 -0.0132993 0.0208781
0.92 -0.0173305 -0.0120478 0.0211067
0.93 -0.0185088 -0.0107221 0.0213902
0.94 -0.0196223 -0.00932666 0.021726
0.95 -0.020664 -0.00786568 0.0221104
0.96 -0.0216271 -0.00634454 0.0225386
0.97 -0.0225062 -0.00476785 0.0230057
0.98 -0.0232949 -0.00314177 0.0235058
0.99 -0.0239875 -0.00147214 0.0240327
1 -0.0245791 0.000234972 0.0245802
1.01 -0.0250648 0.00197264 0.0251424
1.02 -0.0254403 0.00373447 0.0257129
1.03 -0.0257016 0.00551321 0.0262862
1.04 -0.0258449 0.00730159 0.0268565
1.05 -0.0258678 0.00909234 0.0274192
1.06 -0.0257678 0.0108777 0.0279697
1.07 -0.0255427 0.0126499 0.0285035
1.08 -0.0251914 0.014401 0.0290172
1.09 -0.0247134 0.0161235 0.029508
1.1 -0.0241083 0.017809 0.0299728
1.11 -0.0233764 0.0194497 0.0304097
1.12 -0.0225192 0.021038 0.0308174
1.13 -0.0215381 0.0225655 0.0311944
1.14 -0.0204355 0.0240251 0.0315407
1.15 -0.0192143 0.0254087 0.0318558
1.16 -0.0178778 0.0267093 0.0321403
1.17 -0.0164306 0.0279197 0.0323956
1.18 -0.0148771 0.0290328 0.0326226
1.19 -0.0132224 0.0300421 0.0328231
1.2 -0.0114728 0.0309411 0.0329997
1.21 -0.00963455 0.0317242 0.0331549
1.22 -0.00771441 0.0323854 0.0332915
1.23 -0.00571994 0.0329199 0.0334131
1.24 -0.00365908 0.0333231 0.0335233
1.25 -0.00154014 0.0335903 0.0336256
1.26 0.000628099 0.0337186 0.0337244
1.27 0.00283657 0.0337039 0.0338231
1.28 0.00507577 0.0335444 0.0339262
1.29 0.00733568 0.0332379 0.0340378
1.3 0.00960664 0.0327828 0.0341614
1.31 0.0118783 0.0321785 0.0343009
1.32 0.0141399 0.031425 0.0344596
1.33 0.0163811 0.0305226 0.0346405
1.34 0.0185913 0.0294722 0.034846
1.35 0.0207597 0.0282761 0.0350785
1.36 0.0228757 0.0269367 0.0353395
1.37 0.0249285 0.025457 0.0356299
1.38 0.0269079 0.0238413 0.0359506
1.39 0.0288033 0.0220935 0.0363008
1.4 0.0306046 0.0202193 0.0366806
1.41 0.0323019 0.0182244 0.0370883
1.42 0.0338858 0.0161147 0.0375224
1.43 0.035347 0.0138981 0.0379811
1.44 0.0366765 0.0115818 0.0384617
1.45 0.0378663 0.00917405 0.0389618
1.46 0.0389083 0.00668341 0.0394781
1.47 0.0397951 0.0041196 0.0400078
1.48 0.0405203 0.00149203 0.0405477
1.49 0.0410774 -0.00118887 0.0410946
1.5 0.0414612 -0.00391249 0.0416454
1.51 0.0416668 -0.00666806 0.042197
1.52 0.0416903 -0.00944378 0.0427465
1.53 0.0415282 -0.0122285 0.0432912
1.54 0.0411783 -0.0150106 0.0438289
1.55 0.0406386 -0.0177773 0.0443568
1.56 0.0399083 -0.0205169 0.0448734
1.57 0.0389876 -0.023217 0.0453769
1.58 0.0378771 -0.0258655 0.0458661
1.59 0.0365786 -0.0284497 0.0463398
1.6 0.0350946 -0.0309578 0.0467976
1.61 0.0334285 -0.0333774 0.047239
1.62 0.0315849 -0.0356968 0.0476641
1.63 0.0295685 -0.0379042 0.0480731
1.64 0.0273857 -0.0399877 0.0484664
1.65 0.0250431 -0.0419372 0.0488456
1.66 0.0225487 -0.0437416 0.0492115
1.67 0.0199108 -0.0453904 0.0495654
1.68 0.0171386 -0.0468743 0.0499093
1.69 0.0142423 -0.0481841 0.0502449
1.7 0.0112324 -0.0493109 0.050574
1.71 0.00812039 -0.0502471 0.050899
1.72 0.00491833 -0.0509853 0.051222
1.73 0.0016387 -0.0515192 0.0515452
1.74 -0.00170509 -0.051843 0.051871
1.75 -0.00509978 -0.0519518 0.0522015
1.76 -0.00853093 -0.0518412 0.0525384
1.77 -0.0119845 -0.0515089 0.0528847
1.78 -0.0154453 -0.0509519 0.0532415
1.79 -0.0188985 -0.0501689 0.0536104
1.8 -0.022329 -0.0491602 0.0539936
1.81 -0.0257211 -0.0479257 0.0543916
1.82 -0.0290596 -0.0464672 0.0548057
1.83 -0.0323291 -0.0447873 0.0552365
1.84 -0.0355142 -0.0428894 0.0556845
1.85 -0.0385997 -0.0407783 0.0561498
1.86 -0.0415704 -0.0384594 0.0566323
1.87 -0.0444118 -0.035939 0.0571316
1.88 -0.0471092 -0.0332249 0.057647
1.89 -0.0496492 -0.0303256 0.058178
1.9 -0.0520176 -0.02725 0.058723
1.91 -0.0542018 -0.0240086 0.0592811
1.92 -0.0561896 -0.0206129 0.0598511
1.93 -0.0579688 -0.0170743 0.0604311
1.94 -0.0595289 -0.0134058 0.0610197
1.95 -0.0608596 -0.00962084 0.0616153
1.96 -0.0619517 -0.00573363 0.0622165
1.97 -0.0627968 -0.00175909 0.0628214
1.98 -0.0633872 0.00228732 0.0634284
1.99 -0.0637166 0.00638978 0.0640362
2 -0.0637795 0.0105313 0.0646431
2.01 -0.0635718 0.0146954 0.0652482
2.02 -0.0630897 0.0188648 0.0658497
2.03 -0.0623316 0.0230217 0.0664472
2.04 -0.0612966 0.0271483 0.0670396
2.05 -0.0599843 0.0312272 0.0676258
2.06 -0.0583967 0.0352399 0.0682058
2.07 -0.056536 0.0391688 0.0687787
2.08 -0.0544066 0.0429958 0.0693449
2.09 -0.0520131 0.0467033 0.069904
2.1 -0.0493618 0.050274 0.0704561
2.11 -0.0464603 0.0536907 0.0710018
2.12 -0.0433171 0.0569365 0.0715411
2.13 -0.039942 0.0599954 0.072075
2.14 -0.0363456 0.0628516 0.0726039
2.15 -0.0325405 0.0654901 0.0731289
2.16 -0.0285395 0.0678965 0.0736507
2.17 -0.0243565 0.0700574 0.0741706
2.18 -0.0200068 0.0719598 0.0746893
2.19 -0.0155062 0.0735922 0.0752081
2.2 -0.0108717 0.0749436 0.0757281
2.21 -0.00612085 0.0760042 0.0762503
2.22 -0.00127183 0.0767653 0.0767758
2.23 0.00365573 0.0772194 0.0773058
2.24 0.00864271 0.0773597 0.077841
2.25 0.0136689 0.0771816 0.0783827
2.26 0.0187138 0.0766808 0.0789314
2.27 0.023756 0.075855 0.0794879
2.28 0.0287747 0.0747027 0.080053
2.29 0.0337484 0.0732242 0.0806272
2.3 0.0386552 0.0714208 0.0812106
2.31 0.0434742 0.0692956 0.081804
2.32 0.0481835 0.0668527 0.0824071
2.33 0.0527622 0.0640977 0.0830202
2.34 0.0571892 0.0610378 0.0836434
2.35 0.0614435 0.0576813 0.084276
2.36 0.0655054 0.0540379 0.0849179
2.37 0.0693553 0.0501188 0.085569
2.38 0.0729739 0.0459363 0.0862284
2.39 0.076343 0.0415044 0.0868958
2.4 0.0794455 0.0368376 0.0875705
2.41 0.0822645 0.0319522 0.0882519
2.42 0.0847842 0.0268653 0.0889388
2.43 0.0869906 0.0215953 0.089631
2.44 0.0888697 0.0161613 0.0903273
2.45 0.0904099 0.0105836 0.0910273
2.46 0.0916 0.00488341 0.0917301
2.47 0.0924301 -0.000917469 0.0924346
2.48 0.0928924 -0.00679678 0.0931407
2.49 0.0929798 -0.0127309 0.0938473
2.5 0.0926868 -0.0186965 0.0945537
2.51 0.09201 -0.0246689 0.0952596
2.52 0.090947 -0.0306242 0.0959645
2.53 0.0894969 -0.0365374 0.0966678
2.54 0.0876605 -0.0423834 0.097369
2.55 0.0854408 -0.0481377 0.0980682
2.56 0.0828414 -0.0537752 0.0987647
2.57 0.0798685 -0.0592716 0.099459
2.58 0.0765293 -0.0646019 0.100151
2.59 0.0728326 -0.0697424 0.100839
2.6 0.0687895 -0.0746698 0.101526
2.61 0.0644116 -0.0793607 0.10221
2.62 0.0597127 -0.0837933 0.102893
2.63 0.0547082 -0.0879459 0.103573
2.64 0.0494144 -0.0917981 0.104253
2.65 0.0438494 -0.0953301 0.104931
2.66 0.0380326 -0.0985233 0.105609
2.67 0.0319846 -0.101361 0.106288
2.68 0.0257269 -0.103826 0.106966
2.69 0.0192829 -0.105906 0.107647
2.7 0.0126762 -0.107584 0.108329
2.71 0.00593179 -0.108851 0.109013
2.72 -0.000924387 -0.109697 0.109701
2.73 -0.00786611 -0.110111 0.110391
2.74 -0.0148661 -0.110087 0.111086
2.75 -0.0218965 -0.109621 0.111786
2.76 -0.0289294 -0.108708 0.112491
2.77 -0.035936 -0.107346 0.113201
2.78 -0.0428876 -0.105536 0.113917
2.79 -0.0497556 -0.10328 0.11464
2.8 -0.0565111 -0.100581 0.115369
2.81 -0.063125 -0.0974446 0.116104
2.82 -0.0695694 -0.0938787 0.116847
2.83 -0.0758159 -0.0898926 0.117596
2.84 -0.081837 -0.0854972 0.118351
2.85 -0.0876057 -0.0807048 0.119114
2.86 -0.0930959 -0.0755309 0.119882
2.87 -0.098282 -0.0699914 0.120657
2.88 -0.10314 -0.0641044 0.121438
2.89 -0.107645 -0.0578895 0.122224
2.9 -0.111777 -0.0513679 0.123015
2.91 -0.115514 -0.0445621 0.123811
2.92 -0.118836 -0.0374962 0.124611
2.93 -0.121725 -0.0301957 0.125415
2.94 -0.124166 -0.0226868 0.126221
2.95 -0.126141 -0.0149979 0.12703
2.96 -0.12764 -0.0071571 0.12784
2.97 -0.128649 0.000805942 0.128652
2.98 -0.129161 0.0088602 0.129464
2.99 -0.129166 0.016975 0.130277
3 -0.12866 0.0251186 0.131089
3.01 -0.127637 0.0332584 0.131899
3.02 -0.126098 0.0413623 0.132709
3.03 -0.124043 0.0493973 0.133517
3.04 -0.121473 0.0573309 0.134322
3.05 -0.118393 0.0651302 0.135125
3.06 -0.11481 0.072763 0.135926
3.07 -0.110734 0.0801966 0.136724
3.08 -0.106174 0.0873999 0.137519
3.09 -0.101143 0.0943415 0.138312
3.1 -0.0956573 0.100991 0.139102
3.11 -0.0897328 0.107319 0.13989
3.12 -0.0833886 0.113297 0.140676
3.13 -0.0766451 0.118897 0.14146
3.14 -0.0695253 0.124094 0.142243
3.15 -0.062053 0.128862 0.143025
3.16 -0.0542539 0.133179 0.143806
3.17 -0.046156 0.137022 0.144587
3.18 -0.037788 0.140372 0.145369
3.19 -0.0291802 0.143209 0.146152
3.2 -0.0203637 0.145518 0.146936
3.21 -0.0113716 0.147284 0.147722
3.22 -0.00223756 0.148495 0.148511
3.23 0.00700431 0.149139 0.149304
3.24 0.0163181 0.14921 0.1501
3.25 0.0256684 0.1487 0.150899
3.26 0.0350183 0.147607 0.151704
3.27 0.0443315 0.145927 0.152512
3.28 0.053571 0.143663 0.153326
3.29 0.0626994 0.140817 0.154145
3.3 0.07168 0.137395 0.154969
3.31 0.0804762 0.133404 0.155798
3.32 0.0890516 0.128854 0.156632
3.33 0.0973704 0.123759 0.157471
3.34 0.105397 0.118131 0.158315
3.35 0.113099 0.111989 0.159164
3.36 0.120441 0.105352 0.160016
3.37 0.127393 0.0982394 0.160872
3.38 0.133922 0.090676 0.161732
3.39 0.139999 0.0826861 0.162594
3.4 0.145597 0.0742974 0.163458
3.41 0.150689 0.0655386 0.164325
3.42 0.155251 0.0564403 0.165192
3.43 0.159259 0.0470345 0.16606
3.44 0.162694 0.0373551 0.166927
3.45 0.165536 0.027437 0.167794
3.46 0.167769 0.0173168 0.16866
3.47 0.169379 0.00703135 0.169525
3.48 0.170353 -0.00338047 0.170387
3.49 0.170683 -0.0138797 0.171247
3.5 0.170361 -0.0244264 0.172103
3.51 0.169382 -0.0349807 0.172957
3.52 0.167746 -0.0455012 0.173807
3.53 0.16545 -0.0559473 0.174654
3.54 0.1625 -0.0662781 0.175497
3.55 0.158901 -0.0764526 0.176336
3.56 0.15466 -0.0864303 0.177172
3.57 0.149789 -0.096171 0.178004
3.58 0.144301 -0.105635 0.178834
3.59 0.138211 -0.114784 0.17966
3.6 0.131539 -0.12358 0.180484
3.61 0.124304 -0.131986 0.181306
3.62 0.11653 -0.139965 0.182125
3.63 0.108242 -0.147486 0.182944
3.64 0.0994688 -0.154513 0.183762
3.65 0.090238 -0.161017 0.184579
3.66 0.0805824 -0.166969 0.185397
3.67 0.0705351 -0.17234 0.186216
3.68 0.0601318 -0.177105 0.187035
3.69 0.0494091 -0.181242 0.187856
3.7 0.0384057 -0.184729 0.188679
3.71 0.027161 -0.187548 0.189505
3.72 0.0157168 -0.189683 0.190333
3.73 0.00411471 -0.191119 0.191164
3.74 -0.00760238 -0.191847 0.191997
3.75 -0.0193904 -0.191856 0.192834
3.76 -0.0312046 -0.191143 0.193673
3.77 -0.0430009 -0.189703 0.194516
3.78 -0.0547336 -0.187537 0.195361
3.79 -0.0663579 -0.184648 0.196209
3.8 -0.0778285 -0.18104 0.19706
3.81 -0.0891009 -0.176721 0.197912
3.82 -0.100131 -0.171703 0.198767
3.83 -0.110874 -0.166 0.199622
3.84 -0.121288 -0.159628 0.200479
3.85 -0.131331 -0.152605 0.201336
3.86 -0.140962 -0.144954 0.202193
3.87 -0.150141 -0.136699 0.203049
3.88 -0.15883 -0.127867 0.203904
3.89 -0.166994 -0.118486 0.204758
3.9 -0.174597 -0.108589 0.20561
3.91 -0.181606 -0.0982086 0.20646
3.92 -0.187991 -0.0873807 0.207307
3.93 -0.193723 -0.0761427 0.20815
3.94 -0.198777 -0.064534 0.20899
3.95 -0.203128 -0.0525961 0.209827
3.96 -0.206754 -0.0403712 0.210659
3.97 -0.209638 -0.0279031 0.211487
3.98 -0.211763 -0.0152373 0.21231
3.99 -0.213116 -0.00242006 0.21313
4 -0.213687 0.0105018 0.213945
4.01 -0.213468 0.0234807 0.214756
4.02 -0.212455 0.0364677 0.215562
4.03 -0.210646 0.0494151 0.216364
4.04 -0.208042 0.0622733 0.217163
4.05 -0.204649 0.0749942 0.217957
4.06 -0.200474 0.0875292 0.218749
4.07 -0.195527 0.0998298 0.219537
4.08 -0.189821 0.111849 0.220323
4.09 -0.183374 0.12354 0.221107
4.1 -0.176204 0.134857 0.221888
4.11 -0.168333 0.145755 0.222667
4.12 -0.159787 0.156192 0.223445
4.13 -0.150593 0.166124 0.224222
4.14 -0.140781 0.175513 0.224998
4.15 -0.130384 0.18432 0.225774
4.16 -0.119437 0.192508 0.226549
4.17 -0.107977 0.200044 0.227325
4.18 -0.0960441 0.206895 0.228101
4.19 -0.0836792 0.213032 0.228877
4.2 -0.0709256 0.218427 0.229654
4.21 -0.0578285 0.223057 0.230431
4.22 -0.0444343 0.226899 0.231208
4.23 -0.0307908 0.229934 0.231987
4.24 -0.016947 0.232148 0.232765
4.25 -0.00295294 0.233526 0.233544
4.26 0.0111402 0.234058 0.234323
4.27 0.0252815 0.233739 0.235102
4.28 0.0394185 0.232564 0.235881
4.29 0.0534996 0.230533 0.236659
4.3 0.0674718 0.227648 0.237436
4.31 0.0812834 0.223915 0.238212
4.32 0.0948831 0.219343 0.238986
4.33 0.108219 0.213945 0.239758
4.34 0.121241 0.207736 0.240528
4.35 0.133899 0.200734 0.241295
4.36 0.146146 0.192961 0.242059
4.37 0.157933 0.184441 0.242819
4.38 0.169216 0.175201 0.243576
4.39 0.17995 0.165272 0.244329
4.4 0.190093 0.154686 0.245077
4.41 0.199605 0.143478 0.245821
4.42 0.208447 0.131688 0.24656
4.43 0.216585 0.119353 0.247294
4.44 0.223985 0.106518 0.248023
4.45 0.230616 0.0932263 0.248747
4.46 0.23645 0.0795238 0.249465
4.47 0.241462 0.065459 0.250178
4.48 0.24563 0.051081 0.250885
4.49 0.248935 0.0364411 0.251588
4.5 0.25136 0.0215912 0.252285
4.51 0.252892 0.00658398 0.252978
4.52 0.253522 -0.00852637 0.253665
4.53 0.253243 -0.0236855 0.254348
4.54 0.252052 -0.0388385 0.255027
4.55 0.249949 -0.0539307 0.255701
4.56 0.246938 -0.0689068 0.256372
4.57 0.243026 -0.0837117 0.257039
4.58 0.238222 -0.0982916 0.257703
4.59 0.232541 -0.112592 0.258365
4.6 0.225998 -0.126561 0.259023
4.61 0.218615 -0.140145 0.259679
4.62 0.210413 -0.153295 0.260333
4.63 0.20142 -0.165961 0.260984
4.64 0.191663 -0.178095 0.261634
4.65 0.181177 -0.189651 0.262283
4.66 0.169994 -0.200584 0.26293
4.67 0.158153 -0.210855 0.263575
4.68 0.145693 -0.220421 0.26422
4.69 0.132658 -0.229246 0.264862
4.7 0.119091 -0.237296 0.265504
4.71 0.105039 -0.244539 0.266144
4.72 0.0905514 -0.250944 0.266782
4.73 0.0756781 -0.256487 0.267419
4.74 0.0604706 -0.261143 0.268053
4.75 0.0449824 -0.264893 0.268685
4.76 0.0292683 -0.26772 0.269315
4.77 0.0133833 -0.269611 0.269942
4.78 -0.00261605 -0.270554 0.270566
4.79 -0.0186732 -0.270544 0.271187
4.8 -0.0347306 -0.269576 0.271804
4.81 -0.0507312 -0.267651 0.272417
4.82 -0.0666177 -0.264773 0.273025
4.83 -0.0823328 -0.260948 0.273629
4.84 -0.09782 -0.256187 0.274227
4.85 -0.113023 -0.250503 0.27482
4.86 -0.127888 -0.243913 0.275407
4.87 -0.142359 -0.236439 0.275989
4.88 -0.156385 -0.228104 0.276564
4.89 -0.169914 -0.218933 0.277133
4.9 -0.182896 -0.208958 0.277695
4.91 -0.195284 -0.198212 0.278251
4.92 -0.207032 -0.186729 0.278801
4.93 -0.218096 -0.174548 0.279344
4.94 -0.228435 -0.161711 0.27988
4.95 -0.23801 -0.148261 0.280411
4.96 -0.246786 -0.134243 0.280935
4.97 -0.254728 -0.119706 0.281453
4.98 -0.261807 -0.104698 0.281965
4.99 -0.267994 -0.0892734 0.282473
5 -0.273267 -0.0734837 0.282974
5.01 -0.277602 -0.0573839 0.283471
5.02 -0.280984 -0.0410301 0.283964
5.03 -0.283396 -0.0244791 0.284452
5.04 -0.284829 -0.00778863 0.284936
5.05 -0.285275 0.00898281 0.285416
5.06 -0.284729 0.0257768 0.285893
5.07 -0.283191 0.0425337 0.286368
5.08 -0.280664 0.059195 0.286839
5.09 -0.277155 0.0757019 0.287308
5.1 -0.272673 0.0919963 0.287774
5.11 -0.267232 0.10802 0.288238
5.12 -0.260848 0.123716 0.2887
5.13 -0.253543 0.13903 0.28916
5.14 -0.245338 0.153906 0.289617
5.15 -0.236262 0.168292 0.290073
5.16 -0.226344 0.182136 0.290526
5.17 -0.215617 0.195388 0.290976
5.18 -0.204115 0.208002 0.291424
5.19 -0.19188 0.219931 0.291869
5.2 -0.17895 0.231133 0.292311
5.21 -0.16537 0.241567 0.292749
5.22 -0.151185 0.251195 0.293183
5.23 -0.136445 0.259983 0.293612
5.24 -0.121199 0.267897 0.294037
5.25 -0.105499 0.27491 0.294458
5.26 -0.0893984 0.280994 0.294872
5.27 -0.0729532 0.286127 0.295281
5.28 -0.0562195 0.29029 0.295684
5.29 -0.0392547 0.293466 0.29608
5.3 -0.0221169 0.295643 0.29647
5.31 -0.00486583 0.296812 0.296852
5.32 0.0124398 0.296967 0.297227
5.33 0.0297401 0.296105 0.297595
5.34 0.0469752 0.294229 0.297956
5.35 0.0640854 0.291344 0.298309
5.36 0.081012 0.287457 0.298654
5.37 0.0976958 0.282581 0.298992
5.38 0.114079 0.27673 0.299322
5.39 0.130106 0.269926 0.299645
5.4 0.14572 0.262188 0.299961
5.41 0.160867 0.253543 0.30027
5.42 0.175495 0.24402 0.300573
5.43 0.189552 0.233649 0.300869
5.44 0.202991 0.222467 0.301159
5.45 0.215764 0.210509 0.301443
5.46 0.227826 0.197817 0.301722
5.47 0.239136 0.184434 0.301996
5.48 0.249654 0.170403 0.302266
5.49 0.259344 0.155774 0.302531
5.5 0.268171 0.140595 0.302792
5.51 0.276106 0.124918 0.303049
5.52 0.283119 0.108795 0.303303
5.53 0.289186 0.0922819 0.303553
5.54 0.294286 0.0754346 0.3038
5.55 0.298401 0.0583103 0.304044
5.56 0.301515 0.0409667 0.304286
5.57 0.303619 0.0234632 0.304524
5.58 0.304704 0.00585923 0.30476
5.59 0.304765 -0.0117855 0.304993
5.6 0.303802 -0.0294112 0.305222
5.61 0.301817 -0.0469576 0.305448
5.62 0.298818 -0.0643656 0.305671
5.63 0.294813 -0.0815755 0.30589
5.64 0.289815 -0.0985293 0.306105
5.65 0.283841 -0.115169 0.306317
5.66 0.276912 -0.131439 0.306523
5.67 0.269049 -0.147283 0.306725
5.68 0.26028 -0.162649 0.306921
5.69 0.250634 -0.177483 0.307111
5.7 0.240142 -0.191736 0.307296
5.71 0.228841 -0.20536 0.307475
5.72 0.216768 -0.218308 0.307647
5.73 0.203964 -0.230537 0.307812
5.74 0.190471 -0.242005 0.30797
5.75 0.176336 -0.252675 0.308122
5.76 0.161604 -0.26251 0.308265
5.77 0.146327 -0.271478 0.308402
5.78 0.130556 -0.279547 0.308531
5.79 0.114342 -0.286692 0.308653
5.8 0.097741 -0.292889 0.308767
5.81 0.0808085 -0.298116 0.308874
5.82 0.0636008 -0.302357 0.308974
5.83 0.0461759 -0.305598 0.309067
5.84 0.028592 -0.307829 0.309154
5.85 0.0109078 -0.309042 0.309234
5.86 -0.00681758 -0.309233 0.309308
5.87 -0.0245246 -0.308403 0.309376
5.88 -0.0421549 -0.306554 0.309439
5.89 -0.0596492 -0.303694 0.309496
5.9 -0.0769494 -0.299832 0.309549
5.91 -0.0939982 -0.294982 0.309597
5.92 -0.110739 -0.289161 0.30964
5.93 -0.127116 -0.282388 0.309679
5.94 -0.143075 -0.274687 0.309715
5.95 -0.158564 -0.266084 0.309747
5.96 -0.173531 -0.256608 0.309775
5.97 -0.187927 -0.246291 0.3098
5.98 -0.201706 -0.235168 0.309821
5.99 -0.21482 -0.223277 0.309839
6 -0.227229 -0.210657 0.309854
6.01 -0.238891 -0.197352 0.309866
6.02 -0.249769 -0.183404 0.309873
6.03 -0.259826 -0.168863 0.309878
6.04 -0.269032 -0.153774 0.309879
6.05 -0.277356 -0.13819 0.309876
6.06 -0.284771 -0.122162 0.309868
6.07 -0.291255 -0.105744 0.309857
6.08 -0.296786 -0.0889885 0.30984
6.09 -0.301349 -0.0719526 0.30982
6.1 -0.304927 -0.0546923 0.309793
6.11 -0.307512 -0.0372644 0.309762
6.12 -0.309096 -0.0197261 0.309725
6.13 -0.309675 -0.0021357 0.309682
6.14 -0.309248 0.0154498 0.309633
6.15 -0.307818 0.0329723 0.309578
6.16 -0.30539 0.0503748 0.309517
6.17 -0.301975 0.0676004 0.309449
6.18 -0.297585 0.0845931 0.309375
6.19 -0.292235 0.101297 0.309293
6.2 -0.285944 0.11766 0.309206
6.21 -0.278735 0.133628 0.309111
6.22 -0.270632 0.149148 0.30901
6.23 -0.261663 0.164173 0.308902
6.24 -0.251858 0.178653 0.308787
6.25 -0.241252 0.192542 0.308667
6.26 -0.229879 0.205797 0.30854
6.27 -0.217778 0.218374 0.308407
6.28 -0.204989 0.230235 0.308268
6.29 -0.191556 0.241343 0.308123
6.3 -0.177523 0.251661 0.307973
6.31 -0.162936 0.261159 0.307818
6.32 -0.147844 0.269808 0.307659
6.33 -0.132296 0.27758 0.307495
6.34 -0.116345 0.284453 0.307326
6.35 -0.100042 0.290405 0.307154
6.36 -0.0834398 0.29542 0.306978
6.37 -0.0665942 0.299483 0.306798
6.38 -0.0495591 0.302583 0.306615
6.39 -0.0323904 0.304712 0.306429
6.4 -0.0151433 0.305865 0.306239
6.41 0.00212621 0.30604 0.306048
6.42 0.0193624 0.305239 0.305853
6.43 0.0365101 0.303467 0.305655
6.44 0.0535144 0.300731 0.305455
6.45 0.0703202 0.297043 0.305253
6.46 0.0868747 0.292415 0.305047
6.47 0.103125 0.286866 0.304839
6.48 0.11902 0.280415 0.304628
6.49 0.134509 0.273085 0.304414
6.5 0.149543 0.264901 0.304197
6.51 0.164076 0.255892 0.303976
6.52 0.178063 0.246088 0.303752
6.53 0.191459 0.235523 0.303525
6.54 0.204223 0.224232 0.303293
6.55 0.216316 0.212253 0.303058
6.56 0.227702 0.199626 0.302818
6.57 0.238345 0.186393 0.302574
6.58 0.248214 0.172598 0.302325
6.59 0.257279 0.158285 0.302071
6.6 0.265513 0.143502 0.301812
6.61 0.272893 0.128298 0.301548
6.62 0.279397 0.112721 0.301278
6.63 0.285007 0.096822 0.301004
6.64 0.289707 0.0806521 0.300724
6.65 0.293485 0.0642638 0.300438
6.66 0.296331 0.0477092 0.300147
6.67 0.29824 0.0310412 0.299851
6.68 0.299207 0.0143133 0.299549
6.69 0.299233 -0.00242147 0.299243
6.7 0.298319 -0.0191107 0.298931
6.71 0.296473 -0.0357012 0.298614
6.72 0.293701 -0.0521412 0.298293
6.73 0.290016 -0.068379 0.297968
6.74 0.285431 -0.0843639 0.297638
6.75 0.279965 -0.100046 0.297304
6.76 0.273637 -0.115378 0.296967
6.77 0.266469 -0.130311 0.296626
6.78 0.258487 -0.144801 0.296282
6.79 0.249718 -0.158802 0.295934
6.8 0.240193 -0.172272 0.295585
6.81 0.229943 -0.185171 0.295232
6.82 0.219004 -0.197459 0.294877
6.83 0.207411 -0.209101 0.294521
6.84 0.195203 -0.220061 0.294161
6.85 0.182421 -0.230307 0.293801
6.86 0.169106 -0.23981 0.293438
6.87 0.155302 -0.248542 0.293073
6.88 0.141054 -0.256479 0.292707
6.89 0.126407 -0.263597 0.292339
6.9 0.11141 -0.269877 0.291969
6.91 0.0961091 -0.275304 0.291598
6.92 0.0805545 -0.279861 0.291224
6.93 0.064795 -0.283539 0.290848
6.94 0.0488807 -0.286328 0.29047
6.95 0.0328618 -0.288223 0.29009
6.96 0.0167883 -0.28922 0.289707
6.97 0.000711063 -0.289321 0.289322
6.98 -0.0153202 -0.288527 0.288933
6.99 -0.031256 -0.286844 0.288542
7 -0.0470466 -0.28428 0.288147
7.01 -0.0626436 -0.280847 0.287748
7.02 -0.0779994 -0.276557 0.287346
7.03 -0.0930669 -0.271429 0.286941
7.04 -0.107801 -0.265479 0.286531
7.05 -0.122156 -0.25873 0.286118
7.06 -0.136089 -0.251205 0.2857
7.07 -0.14956 -0.242931 0.285279
7.08 -0.162527 -0.233936 0.284853
7.09 -0.174953 -0.22425 0.284424
7.1 -0.186801 -0.213906 0.28399
7.11 -0.198037 -0.202938 0.283553
7.12 -0.208627 -0.191383 0.283113
7.13 -0.218543 -0.179278 0.282669
7.14 -0.227755 -0.166663 0.282221
7.15 -0.236238 -0.153578 0.281771
7.16 -0.243969 -0.140066 0.281318
7.17 -0.250927 -0.126171 0.280862
7.18 -0.257093 -0.111935 0.280404
7.19 -0.262451 -0.0974058 0.279943
7.2 -0.266988 -0.0826275 0.279481
7.21 -0.270693 -0.0676477 0.279018
7.22 -0.273558 -0.0525124 0.278553
7.23 -0.275578 -0.0372692 0.278087
7.24 -0.27675 -0.0219658 0.27762
7.25 -0.277073 -0.00664895 0.277152
7.26 -0.276549 0.00863381 0.276684
7.27 -0.275185 0.023836 0.276215
7.28 -0.272987 0.038911 0.275746
7.29 -0.269965 0.0538129 0.275276
7.3 -0.266133 0.0684969 0.274806
7.31 -0.261504 0.0829187 0.274335
7.32 -0.256097 0.0970349 0.273864
7.33 -0.249932 0.110804 0.273392
7.34 -0.243029 0.124184 0.272919
7.35 -0.235414 0.137137 0.272445
7.36 -0.227112 0.149624 0.27197
7.37 -0.218153 0.16161 0.271493
7.38 -0.208565 0.173059 0.271014
7.39 -0.198381 0.183939 0.270533
7.4 -0.187634 0.194218 0.27005
7.41 -0.17636 0.203869 0.269565
7.42 -0.164595 0.212863 0.269077
7.43 -0.152377 0.221177 0.268586
7.44 -0.139746 0.228788 0.268091
7.45 -0.126741 0.235676 0.267594
7.46 -0.113404 0.241822 0.267092
7.47 -0.0997768 0.247212 0.266588
7.48 -0.0859023 0.251831 0.266079
7.49 -0.0718234 0.25567 0.265567
7.5 -0.0575844 0.25872 0.265051
7.51 -0.0432286 0.260976 0.264532
7.52 -0.0288007 0.262433 0.264009
7.53 -0.0143449 0.263091 0.263482
7.54 9.50253e-05 0.262952 0.262952
7.55 0.0144752 0.262019 0.262419
7.56 0.0287521 0.2603 0.261883
7.57 0.0428832 0.257802 0.261344
7.58 0.0568257 0.254537 0.260803
7.59 0.0705386 0.250518 0.26026
7.6 0.0839809 0.245761 0.259714
7.61 0.0971135 0.240284 0.259167
7.62 0.109897 0.234107 0.258619
7.63 0.122296 0.227251 0.258069
7.64 0.134273 0.219742 0.257518
7.65 0.145795 0.211603 0.256967
7.66 0.156828 0.202864 0.256415
7.67 0.167341 0.193553 0.255863
7.68 0.177305 0.183702 0.255311
7.69 0.186693 0.173342 0.254758
7.7 0.195478 0.162508 0.254205
7.71 0.203636 0.151235 0.253653
7.72 0.211147 0.139558 0.2531
7.73 0.21799 0.127516 0.252547
7.74 0.224148 0.115146 0.251994
7.75 0.229605 0.102487 0.25144
7.76 0.234348 0.0895795 0.250886
7.77 0.238367 0.0764633 0.250331
7.78 0.241652 0.063179 0.249775
7.79 0.244198 0.0497676 0.249218
7.8 0.246 0.0362703 0.24866
7.81 0.247057 0.0227282 0.2481
7.82 0.247368 0.0091829 0.247538
7.83 0.246936 -0.0043256 0.246974
7.84 0.245767 -0.0177559 0.246408
7.85 0.243868 -0.0310685 0.245839
7.86 0.241247 -0.0442231 0.245267
7.87 0.237918 -0.0571818 0.244693
7.88 0.233892 -0.0699057 0.244116
7.89 0.229186 -0.082358 0.243535
7.9 0.223818 -0.0945025 0.242951
7.91 0.217807 -0.106304 0.242364
7.92 0.211174 -0.11773 0.241774
7.93 0.203943 -0.128746 0.241181
7.94 0.196139 -0.139322 0.240585
7.95 0.187787 -0.149429 0.239986
7.96 0.178918 -0.159039 0.239384
7.97 0.169558 -0.168125 0.23878
7.98 0.159741 -0.176662 0.238173
7.99 0.149496 -0.184628 0.237564
8 0.138859 -0.192003 0.236953
8.01 0.127862 -0.198766 0.236341
8.02 0.116542 -0.204902 0.235726
8.03 0.104933 -0.210395 0.23511
8.04 0.0930734 -0.215231 0.234493
8.05 0.0809989 -0.219401 0.233875
8.06 0.0687477 -0.222895 0.233256
8.07 0.0563571 -0.225706 0.232636
8.08 0.0438661 -0.227831 0.232015
8.09 0.0313122 -0.229265 0.231394
8.1 0.0187341 -0.23001 0.230772
8.11 0.00616913 -0.230066 0.230148
8.12 -0.00634431 -0.229437 0.229525
8.13 -0.0187693 -0.228129 0.2289
8.14 -0.0310687 -0.226151 0.228275
8.15 -0.0432062 -0.223511 0.227648
8.16 -0.0551462 -0.220221 0.227021
8.17 -0.0668543 -0.216296 0.226392
8.18 -0.0782959 -0.21175 0.225762
8.19 -0.0894389 -0.206601 0.225129
8.2 -0.100251 -0.200868 0.224496
8.21 -0.110702 -0.194572 0.22386
8.22 -0.120763 -0.187735 0.223222
8.23 -0.130405 -0.18038 0.222581
8.24 -0.139603 -0.172533 0.221938
8.25 -0.148331 -0.16422 0.221293
8.26 -0.156566 -0.15547 0.220644
8.27 -0.164287 -0.146311 0.219993
8.28 -0.171473 -0.136773 0.219339
8.29 -0.178106 -0.126886 0.218682
8.3 -0.184169 -0.116684 0.218022
8.31 -0.189649 -0.106199 0.217358
8.32 -0.194532 -0.0954628 0.216693
8.33 -0.198807 -0.0845103 0.216024
8.34 -0.202466 -0.0733758 0.215352
8.35 -0.205502 -0.0620933 0.214678
8.36 -0.207909 -0.0506981 0.214001
8.37 -0.209685 -0.0392248 0.213322
8.38 -0.210828 -0.0277086 0.212641
8.39 -0.211339 -0.0161842 0.211958
8.4 -0.211221 -0.00468579 0.211273
8.41 -0.210479 0.00675188 0.210587
8.42 -0.209118 0.0180949 0.209899
8.43 -0.207147 0.0293102 0.20921
8.44 -0.204576 0.0403649 0.208521
8.45 -0.201418 0.0512268 0.20783
8.46 -0.197685 0.061865 0.207139
8.47 -0.193392 0.0722487 0.206447
8.48 -0.188558 0.0823491 0.205756
8.49 -0.183199 0.0921375 0.205064
8.5 -0.177336 0.101587 0.204372
8.51 -0.170989 0.110671 0.203679
8.52 -0.164181 0.119366 0.202987
8.53 -0.156937 0.127648 0.202295
8.54 -0.14928 0.135496 0.201603
8.55 -0.141237 0.142888 0.20091
8.56 -0.132834 0.149807 0.200217
8.57 -0.1241 0.156234 0.199524
8.58 -0.115063 0.162155 0.198831
8.59 -0.105751 0.167555 0.198137
8.6 -0.0961962 0.172422 0.197442
8.61 -0.0864276 0.176746 0.196746
8.62 -0.0764763 0.180517 0.196049
8.63 -0.0663733 0.183729 0.19535
8.64 -0.0561498 0.186376 0.19465
8.65 -0.0458378 0.188454 0.193949
8.66 -0.0354683 0.189963 0.193245
8.67 -0.0250727 0.190901 0.19254
8.68 -0.0146825 0.19127 0.191833
8.69 -0.0043282 0.191074 0.191123
8.7 0.00595946 0.190318 0.190411
8.71 0.0161498 0.189008 0.189697
8.72 0.0262144 0.187153 0.18898
8.73 0.0361235 0.184763 0.188261
8.74 0.0458492 0.181849 0.18754
8.75 0.0553638 0.178425 0.186817
8.76 0.0646411 0.174504 0.186091
8.77 0.0736552 0.170102 0.185364
8.78 0.0823817 0.165237 0.184635
8.79 0.090797 0.159927 0.183904
8.8 0.098879 0.154191 0.183172
8.81 0.106606 0.14805 0.182439
8.82 0.113959 0.141527 0.181705
8.83 0.120919 0.134643 0.18097
8.84 0.127468 0.127421 0.180234
8.85 0.133592 0.119888 0.179499
8.86 0.139274 0.112066 0.178763
8.87 0.144504 0.103984 0.178028
8.88 0.149268 0.0956658 0.177293
8.89 0.153557 0.0871391 0.176559
8.9 0.157363 0.0784307 0.175825
8.91 0.160679 0.0695685 0.175093
8.92 0.163499 0.0605796 0.174361
8.93 0.16582 0.051492 0.173631
8.94 0.167639 0.0423335 0.172902
8.95 0.168956 0.0331321 0.172174
8.96 0.169771 0.0239142 0.171447
8.97 0.170087 0.0147086 0.170722
8.98 0.169907 0.00554117 0.169997
8.99 0.169237 -0.00356065 0.169274
9 0.168082 -0.0125711 0.168552
9.01 0.166452 -0.0214645 0.16783
9.02 0.164355 -0.0302161 0.16711
9.03 0.161803 -0.038801 0.16639
9.04 0.158806 -0.047196 0.165671
9.05 0.155378 -0.0553783 0.164952
9.06 0.151534 -0.0633261 0.164234
9.07 0.147288 -0.0710181 0.163516
9.08 0.142657 -0.078435 0.162798
9.09 0.137659 -0.0855572 0.16208
9.1 0.13231 -0.0923676 0.161362
9.11 0.126632 -0.098849 0.160645
9.12 0.120642 -0.104986 0.159927
9.13 0.114363 -0.110764 0.159209
9.14 0.107814 -0.116171 0.158491
9.15 0.101019 -0.121193 0.157774
9.16 0.0939986 -0.125821 0.157057
9.17 0.0867761 -0.130046 0.15634
9.18 0.0793741 -0.13386 0.155623
9.19 0.0718164 -0.137255 0.154908
9.2 0.064126 -0.140226 0.154193
9.21 0.0563271 -0.14277 0.15348
9.22 0.0484423 -0.144883 0.152767
9.23 0.0404963 -0.146564 0.152056
9.24 0.032512 -0.147814 0.151347
9.25 0.0245128 -0.148632 0.150639
9.26 0.0165219 -0.149021 0.149934
9.27 0.0085623 -0.148985 0.149231
9.28 0.000656174 -0.148529 0.148531
9.29 -0.00717442 -0.147658 0.147833
9.3 -0.0149081 -0.14638 0.147137
9.31 -0.0225233 -0.144703 0.146445
9.32 -0.0300001 -0.142635 0.145756
9.33 -0.0373186 -0.140188 0.14507
9.34 -0.0444597 -0.137372 0.144387
9.35 -0.0514055 -0.134199 0.143708
9.36 -0.0581379 -0.130683 0.143031
9.37 -0.0646407 -0.126836 0.142358
9.38 -0.0708977 -0.122674 0.141688
9.39 -0.0768944 -0.118212 0.141021
9.4 -0.0826165 -0.113466 0.140357
9.41 -0.0880515 -0.108452 0.139696
9.42 -0.0931868 -0.103187 0.139037
9.43 -0.0980119 -0.0976897 0.138382
9.44 -0.102516 -0.0919767 0.137729
9.45 -0.106692 -0.086067 0.137079
9.46 -0.11053 -0.0799788 0.136431
9.47 -0.114024 -0.0737315 0.135786
9.48 -0.117169 -0.0673441 0.135143
9.49 -0.119959 -0.0608355 0.134503
9.5 -0.122391 -0.0542254 0.133865
9.51 -0.124463 -0.0475328 0.13323
9.52 -0.126172 -0.0407772 0.132598
9.53 -0.127519 -0.0339779 0.131968
9.54 -0.128503 -0.027154 0.131341
9.55 -0.129127 -0.0203239 0.130717
9.56 -0.129393 -0.0135068 0.130096
9.57 -0.129304 -0.00672077 0.129479
9.58 -0.128865 1.59323e-05 0.128865
9.59 -0.128081 0.00668624 0.128255
9.6 -0.126957 0.0132718 0.127649
9.61 -0.125502 0.019757 0.127048
9.62 -0.123723 0.0261247 0.126451
9.63 -0.121627 0.0323599 0.125859
9.64 -0.119226 0.038447 0.125272
9.65 -0.116528 0.0443713 0.12469
9.66 -0.113545 0.050119 0.124114
9.67 -0.110286 0.0556774 0.123544
9.68 -0.106765 0.0610329 0.122979
9.69 -0.102994 0.0661744 0.122421
9.7 -0.0989851 0.0710901 0.121868
9.71 -0.0947518 0.07577 0.121322
9.72 -0.0903081 0.080204 0.120782
9.73 -0.0856675 0.0843839 0.120248
9.74 -0.080845 0.0883007 0.11972
9.75 -0.0758545 0.0919475 0.119198
9.76 -0.0707114 0.0953179 0.118683
9.77 -0.0654305 0.0984058 0.118173
9.78 -0.0600271 0.101206 0.117669
9.79 -0.0545161 0.103715 0.11717
9.8 -0.0489135 0.105929 0.116677
9.81 -0.0432341 0.107846 0.116189
9.82 -0.0374936 0.109463 0.115707
9.83 -0.0317069 0.11078 0.115228
9.84 -0.0258897 0.111796 0.114755
9.85 -0.0200563 0.112513 0.114286
9.86 -0.0142228 0.11293 0.113822
9.87 -0.00840301 0.11305 0.113362
9.88 -0.00261156 0.112875 0.112906
9.89 0.00313704 0.11241 0.112454
9.9 0.00882895 0.111658 0.112006
9.91 0.0144506 0.110623 0.111562
9.92 0.0199884 0.10931 0.111123
9.93 0.0254299 0.107727 0.110687
9.94 0.0307619 0.105878 0.110257
9.95 0.0359728 0.103772 0.10983
9.96 0.0410507 0.101415 0.109408
9.97 0.0459842 0.0988156 0.108991
9.98 0.0507624 0.095983 0.10858
9.99 0.055375 0.092925 0.108173
10 0.0598125 0.0896518 0.107773
10.01 0.064065 0.0861731 0.107378
10.02 0.0681241 0.082499 0.106991
10.03 0.0719811 0.0786402 0.106609
10.04 0.0756285 0.0746074 0.106235
10.05 0.079059 0.0704114 0.105868
10.06 0.0822662 0.0660647 0.10551
10.07 0.0852434 0.0615779 0.105158
10.08 0.0879855 0.0569634 0.104815
10.09 0.0904871 0.0522332 0.104481
10.1 0.0927445 0.0473996 0.104155
10.11 0.0947528 0.0424747 0.103837
10.12 0.0965097 0.0374709 0.103529
10.13 0.0980121 0.0324013 0.103229
10.14 0.099258 0.0272777 0.102938
10.15 0.100246 0.0221135 0.102656
10.16 0.100974 0.0169208 0.102382
10.17 0.101444 0.0117123 0.102117
10.18 0.101654 0.00650059 0.101862
10.19 0.101606 0.00129857 0.101614
10.2 0.1013 -0.0038819 0.101375
10.21 0.100739 -0.00902818 0.101143
10.22 0.0999259 -0.0141286 0.10092
10.23 0.0988622 -0.0191704 0.100704
10.24 0.0975523 -0.0241423 0.100495
10.25 0.0959999 -0.0290322 0.100294
10.26 0.0942094 -0.0338293 0.100099
10.27 0.0921864 -0.0385218 0.0999113
10.28 0.089936 -0.043099 0.0997297
10.29 0.0874641 -0.0475503 0.099554
10.3 0.0847777 -0.0518656 0.0993846
10.31 0.0818834 -0.0560339 0.0992204
10.32 0.0787887 -0.0600467 0.0990619
10.33 0.0755014 -0.0638939 0.0989085
10.34 0.0720298 -0.0675669 0.0987602
10.35 0.0683831 -0.0710568 0.098617
10.36 0.0645697 -0.0743556 0.0984785
10.37 0.0605995 -0.0774551 0.0983443
10.38 0.0564818 -0.0803485 0.0982144
10.39 0.0522276 -0.0830287 0.0980892
10.4 0.0478468 -0.0854891 0.0979678
10.41 0.0433504 -0.0877236 0.0978504
10.42 0.0387493 -0.0897272 0.0977368
10.43 0.0340554 -0.0914945 0.0976269
10.44 0.0292793 -0.0930216 0.0975207
10.45 0.0244341 -0.094304 0.0974181
10.46 0.0195308 -0.0953385 0.0973185
10.47 0.0145822 -0.0961227 0.0972225
10.48 0.00960019 -0.0966537 0.0971293
10.49 0.00459783 -0.0969303 0.0970393
10.5 -0.000413029 -0.0969511 0.0969519
10.51 -0.00541931 -0.0967162 0.0968679
10.52 -0.0104082 -0.096225 0.0967862
10.53 -0.0153672 -0.0954786 0.0967073
10.54 -0.0202836 -0.0944781 0.0966309
10.55 -0.0251445 -0.0932259 0.0965573
10.56 -0.0299378 -0.091724 0.0964861
10.57 -0.03465 -0.0899764 0.0964177
10.58 -0.0392694 -0.0879857 0.0963513
10.59 -0.043784 -0.0857572 0.0962878
10.6 -0.0481811 -0.0832956 0.0962267
10.61 -0.0524495 -0.080607 0.0961688
10.62 -0.0565769 -0.077697 0.0961133
10.63 -0.0605527 -0.0745729 0.0960612
10.64 -0.0643653 -0.071242 0.096012
10.65 -0.0680046 -0.0677123 0.0959665
10.66 -0.0714597 -0.0639926 0.0959246
10.67 -0.0747212 -0.0600919 0.0958869
10.68 -0.0777793 -0.0560196 0.0958531
10.69 -0.0806255 -0.0517868 0.0958245
10.7 -0.0832503 -0.0474032 0.0958002
10.71 -0.085647 -0.0428805 0.0957817
10.72 -0.0878071 -0.0382306 0.0957688
10.73 -0.0897246 -0.0334653 0.0957624
10.74 -0.0913923 -0.0285974 0.095762
10.75 -0.0928052 -0.0236396 0.0957686
10.76 -0.0939579 -0.0186052 0.0957823
10.77 -0.0948466 -0.0135076 0.0958037
10.78 -0.0954672 -0.00836142 0.0958326
10.79 -0.0958167 -0.0031802 0.0958695
10.8 -0.0958929 0.00202167 0.0959142
10.81 -0.095695 0.00722953 0.0959677
10.82 -0.0952212 0.0124284 0.0960288
10.83 -0.0944725 0.0176038 0.0960987
10.84 -0.0934493 0.0227403 0.0961763
10.85 -0.092153 0.0278238 0.0962618
10.86 -0.0905865 0.0328385 0.0963549
10.87 -0.0887527 0.0377701 0.0964553
10.88 -0.0866555 0.0426036 0.0965622
10.89 -0.0843 0.0473247 0.0966753
10.9 -0.0816918 0.0519184 0.096794
10.91 -0.078837 0.056371 0.0969173
10.92 -0.0757428 0.0606683 0.0970444
10.93 -0.0724172 0.0647974 0.0971749
10.94 -0.0688691 0.068744 0.0973072
10.95 -0.0651074 0.0724963 0.0974408
10.96 -0.0611427 0.0760413 0.0975741
10.97 -0.0569851 0.0793676 0.0977063
10.98 -0.0526471 0.0824643 0.097837
10.99 -0.04814 0.0853202 0.0979642
11 -0.043477 0.0879254 0.0980873
11.01 -0.038671 0.0902707 0.0982052
11.02 -0.0337365 0.0923478 0.0983172
11.03 -0.0286873 0.0941485 0.098422
11.04 -0.0235389 0.0956658 0.0985192
11.05 -0.018306 0.0968935 0.0986076
11.06 -0.013005 0.0978262 0.0986869
11.07 -0.00765083 0.0984596 0.0987564
11.08 -0.00226121 0.0987899 0.0988158
11.09 0.00314838 0.0988142 0.0988643
11.1 0.00856062 0.0985316 0.0989027
11.11 0.0139584 0.0979401 0.0989298
11.12 0.0193249 0.097041 0.0989465
11.13 0.0246432 0.0958346 0.0989523
11.14 0.0298961 0.0943239 0.0989483
11.15 0.0350665 0.0925114 0.0989344
11.16 0.0401375 0.0904018 0.0989116
11.17 0.0450926 0.0879997 0.0988802
11.18 0.0499155 0.0853117 0.0988415
11.19 0.05459 0.0823446 0.0987963
11.2 0.0591001 0.0791074 0.0987461
11.21 0.0634304 0.0756078 0.0986912
11.22 0.0675665 0.0718566 0.0986337
11.23 0.0714934 0.0678645 0.0985743
11.24 0.0751981 0.0636433 0.0985151
11.25 0.0786667 0.0592054 0.0984568
11.26 0.0818872 0.0545643 0.0984011
11.27 0.0848477 0.0497341 0.0983494
11.28 0.0875375 0.0447298 0.0983035
11.29 0.0899462 0.0395669 0.0982642
11.3 0.0920649 0.0342617 0.0982334
11.31 0.0938849 0.0288308 0.098212
11.32 0.0953995 0.0232919 0.0982018
11.33 0.0966014 0.0176624 0.0982028
11.34 0.0974861 0.0119606 0.0982171
11.35 0.0980488 0.00620557 0.098245
11.36 0.0982868 0.000415366 0.0982877
11.37 0.0981975 -0.00538976 0.0983453
11.38 0.09778 -0.0111912 0.0984184
11.39 0.0970343 -0.0169694 0.098507
11.4 0.0959621 -0.0227051 0.0986116
11.41 0.0945654 -0.0283781 0.0987316
11.42 0.0928478 -0.0339696 0.0988668
11.43 0.0908136 -0.0394602 0.0990163
11.44 0.0884692 -0.0448313 0.0991799
11.45 0.0858212 -0.0500636 0.0993561
11.46 0.0828778 -0.0551394 0.0995444
11.47 0.0796481 -0.0600402 0.0997429
11.48 0.0761417 -0.0647493 0.0999502
11.49 0.0723709 -0.0692495 0.100165
11.5 0.0683469 -0.0735247 0.100385
11.51 0.0640834 -0.0775593 0.100609
11.52 0.0595943 -0.0813388 0.100834
11.53 0.0548949 -0.084849 0.101058
11.54 0.0500004 -0.0880772 0.10128
11.55 0.0449281 -0.0910109 0.101496
11.56 0.0396944 -0.0936393 0.101705
11.57 0.0343185 -0.0959519 0.101905
11.58 0.0288178 -0.09794 0.102092
11.59 0.0232126 -0.0995951 0.102264
11.6 0.0175211 -0.10091 0.10242
11.61 0.0117644 -0.101881 0.102558
11.62 0.0059623 -0.102501 0.102674
11.63 0.000135772 -0.102768 0.102768
11.64 -0.00569488 -0.10268 0.102838
11.65 -0.0115086 -0.102236 0.102882
11.66 -0.0172848 -0.101437 0.102899
11.67 -0.0230018 -0.100284 0.102888
11.68 -0.0286396 -0.0987801 0.102848
11.69 -0.0341774 -0.0969298 0.102779
11.7 -0.0395954 -0.0947384 0.10268
11.71 -0.0449998 -0.0925163 0.10288
11.72 -0.0503883 -0.0902627 0.103375
11.73 -0.0557587 -0.0879782 0.104159
11.74 -0.0611074 -0.085662 0.105224
11.75 -0.0664327 -0.0833149 0.106558
11.76 -0.0717311 -0.0809365 0.108148
11.77 -0.0770002 -0.0785271 0.10998
11.78 -0.0822372 -0.0760869 0.112036
11.79 -0.0874393 -0.0736166 0.114302
11.8 -0.0926032 -0.0711162 0.11676
11.81 -0.0977269 -0.0685862 0.119393
11.82 -0.102807 -0.0660272 0.122184
11.83 -0.107841 -0.0634402 0.125117
11.84 -0.112826 -0.0608259 0.128177
11.85 -0.117759 -0.0581848 0.131349
11.86 -0.122637 -0.0555185 0.134618
11.87 -0.127458 -0.052827 0.137972
11.88 -0.132219 -0.0501127 0.141397
11.89 -0.136916 -0.0473762 0.144881
11.9 -0.141548 -0.0446187 0.148414
11.91 -0.146112 -0.0418416 0.151985
11.92 -0.150605 -0.0390469 0.155585
11.93 -0.155025 -0.0362358 0.159204
11.94 -0.159369 -0.0334105 0.162833
11.95 -0.163634 -0.0305721 0.166466
11.96 -0.167818 -0.0277231 0.170093
11.97 -0.17192 -0.0248649 0.173709
11.98 -0.175936 -0.0220005 0.177306
11.99 -0.179863 -0.0191309 0.180878
12 -0.183702 -0.0162593 0.18442
12.01 -0.187448 -0.0133875 0.187925
12.02 -0.1911 -0.0105182 0.191389
12.03 -0.194656 -0.00765364 0.194807
12.04 -0.198115 -0.00479681 0.198173
12.05 -0.201474 -0.00194981 0.201484
12.06 -0.204733 0.000883855 0.204735
12.07 -0.207888 0.00370195 0.207921
12.08 -0.210939 0.00650151 0.211039
12.09 -0.213885 0.00927962 0.214086
12.1 -0.216724 0.0120332 0.217057
12.11 -0.219454 0.0147586 0.219949
12.12 -0.222075 0.017454 0.22276
12.13 -0.224586 0.0201152 0.225485
12.14 -0.226985 0.0227395 0.228121
12.15 -0.229273 0.0253233 0.230667
12.16 -0.231448 0.0278632 0.233119
12.17 -0.233509 0.0303562 0.235474
12.18 -0.235457 0.0327993 0.237731
12.19 -0.237291 0.0351882 0.239886
12.2 -0.23901 0.0375204 0.241937
12.21 -0.240615 0.0397917 0.243883
12.22 -0.242105 0.0419993 0.245721
12.23 -0.243481 0.0441392 0.247449
12.24 -0.244742 0.0462086 0.249066
12.25 -0.24589 0.0482031 0.25057
12.26 -0.246923 0.0501199 0.251959
12.27 -0.247844 0.0519554 0.253231
12.28 -0.248652 0.053706 0.254386
12.29 -0.249349 0.0553682 0.255422
12.3 -0.249935 0.056939 0.256339
12.31 -0.250411 0.0584145 0.257134
12.32 -0.250778 0.0597914 0.257807
12.33 -0.251038 0.0610666 0.258359
12.34 -0.251191 0.0622363 0.258786
12.35 -0.251239 0.063298 0.25909
12.36 -0.251184 0.0642476 0.25927
12.37 -0.251027 0.0650826 0.259327
12.38 -0.25077 0.0657988 0.259258
12.39 -0.250413 0.0663943 0.259066
12.4 -0.249961 0.0668656 0.25875
12.41 -0.249413 0.0672097 0.25831
12.42 -0.248773 0.0674236 0.257748
12.43 -0.248042 0.0675045 0.257063
12.44 -0.247222 0.0674493 0.256258
12.45 -0.246315 0.0672564 0.255333
12.46 -0.245325 0.0669219 0.254289
12.47 -0.244253 0.0664439 0.253129
12.48 -0.243101 0.0658196 0.251854
12.49 -0.241872 0.0650473 0.250466
12.5 -0.240569 0.0641242 0.248968
12.51 -0.239193 0.0630486 0.247363
12.52 -0.237747 0.0618182 0.245653
12.53 -0.236235 0.0604308 0.243842
12.54 -0.234658 0.0588852 0.241934
12.55 -0.233019 0.0571794 0.239932
12.56 -0.231322 0.0553117 0.237843
12.57 -0.229567 0.0532809 0.235669
12.58 -0.227759 0.0510858 0.233418
12.59 -0.225899 0.0487246 0.231095
12.6 -0.223992 0.0461971 0.228706
12.61 -0.222038 0.0435016 0.226259
12.62 -0.220041 0.0406382 0.223762
12.63 -0.218004 0.0376054 0.221223
12.64 -0.215929 0.0344035 0.218652
12.65 -0.213818 0.0310312 0.216059
12.66 -0.211675 0.0274892 0.213453
12.67 -0.209502 0.0237772 0.210847
12.68 -0.207302 0.0198954 0.208254
12.69 -0.205076 0.0158435 0.205687
12.7 -0.202828 0.0116228 0.203161
12.71 -0.20056 0.00723306 0.200691
12.72 -0.198274 0.00267606 0.198292
12.73 -0.195973 -0.00204795 0.195984
12.74 -0.193659 -0.00693787 0.193783
12.75 -0.191334 -0.0119927 0.19171
12.76 -0.189 -0.0172104 0.189782
12.77 -0.18666 -0.0225894 0.188021
12.78 -0.184315 -0.0281286 0.186449
12.79 -0.181967 -0.0338255 0.185085
12.8 -0.179619 -0.0396785 0.18395
12.81 -0.177272 -0.0456849 0.183064
12.82 -0.174928 -0.0518424 0.182448
12.83 -0.172589 -0.0581484 0.182121
12.84 -0.170256 -0.0646008 0.1821
12.85 -0.167931 -0.0711957 0.182399
12.86 -0.165615 -0.0779311 0.183034
12.87 -0.16331 -0.0848026 0.184015
12.88 -0.161016 -0.091808 0.185351
12.89 -0.158736 -0.098943 0.187047
12.9 -0.15647 -0.106204 0.189109
12.91 -0.154219 -0.113588 0.191535
12.92 -0.151984 -0.12109 0.194324
12.93 -0.149766 -0.128706 0.197472
12.94 -0.147566 -0.136432 0.200972
12.95 -0.145384 -0.144264 0.204814
12.96 -0.143222 -0.152197 0.208989
12.97 -0.141079 -0.160226 0.213484
12.98 -0.138955 -0.168347 0.218287
12.99 -0.136852 -0.176554 0.223383
13 -0.134769 -0.184843 0.228757
13.01 -0.132706 -0.193209 0.234394
13.02 -0.130664 -0.201645 0.240279
13.03 -0.128642 -0.210148 0.246396
13.04 -0.12664 -0.21871 0.252729
13.05 -0.124658 -0.227327 0.259263
13.06 -0.122696 -0.235994 0.265984
13.07 -0.120753 -0.244703 0.272875
13.08 -0.118828 -0.25345 0.279923
13.09 -0.11692 -0.262228 0.287113
13.1 -0.115031 -0.271031 0.294432
13.11 -0.113157 -0.279854 0.301866
13.12 -0.111299 -0.28869 0.309401
13.13 -0.109455 -0.297532 0.317026
13.14 -0.107625 -0.306374 0.324728
13.15 -0.105807 -0.315211 0.332495
13.16 -0.104 -0.324035 0.340315
13.17 -0.102203 -0.33284 0.348178
13.18 -0.100414 -0.341619 0.356071
13.19 -0.0986321 -0.350366 0.363985
13.2 -0.0968557 -0.359074 0.371908
13.21 -0.0950837 -0.367737 0.379831
13.22 -0.0933133 -0.376348 0.387744
13.23 -0.0915444 -0.3849 0.395636
13.24 -0.089774 -0.393386 0.4035
13.25 -0.0880014 -0.4018 0.411324
13.26 -0.0862241 -0.410134 0.4191
13.27 -0.0844404 -0.418383 0.426819
13.28 -0.0826485 -0.42654 0.434473
13.29 -0.0808466 -0.434596 0.442052
13.3 -0.0790326 -0.442547 0.449548
13.31 -0.0772047 -0.450384 0.456954
13.32 -0.0753608 -0.458102 0.46426
13.33 -0.0734993 -0.465694 0.471458
13.34 -0.0716178 -0.473153 0.478542
13.35 -0.0697144 -0.480472 0.485503
13.36 -0.0677876 -0.487645 0.492334
13.37 -0.0658347 -0.494665 0.499027
13.38 -0.0638546 -0.501527 0.505575
13.39 -0.0618446 -0.508223 0.511972
13.4 -0.0598032 -0.514746 0.518209
13.41 -0.0577281 -0.521092 0.52428
13.42 -0.0556184 -0.527253 0.530178
13.43 -0.0534714 -0.533223 0.535898
13.44 -0.0512856 -0.538997 0.541432
13.45 -0.049059 -0.544569 0.546774
13.46 -0.0467905 -0.549932 0.551919
13.47 -0.0444779 -0.555081 0.55686
13.48 -0.0421205 -0.56001 0.561591
13.49 -0.0397155 -0.564714 0.566109
13.5 -0.0372621 -0.569186 0.570405
13.51 -0.0347592 -0.573423 0.574476
13.52 -0.0322052 -0.577418 0.578315
13.53 -0.0295994 -0.581167 0.58192
13.54 -0.0269397 -0.584665 0.585285
13.55 -0.0242257 -0.587906 0.588405
13.56 -0.0214563 -0.590887 0.591276
13.57 -0.0186311 -0.593602 0.593894
13.58 -0.0157489 -0.596048 0.596256
13.59 -0.0128087 -0.59822 0.598358
13.6 -0.00981014 -0.600114 0.600195
13.61 -0.00675346 -0.601727 0.601765
13.62 -0.00363739 -0.603054 0.603065
13.63 -0.000462797 -0.604093 0.604093
13.64 0.00277189 -0.60484 0.604846
13.65 0.00606583 -0.605291 0.605321
13.66 0.00941917 -0.605444 0.605517
13.67 0.0128309 -0.605296 0.605432
13.68 0.016302 -0.604845 0.605064
13.69 0.0198313 -0.604088 0.604413
13.7 0.0234187 -0.603022 0.603477
13.71 0.0270627 -0.601646 0.602255
13.72 0.0307631 -0.599959 0.600747
13.73 0.0345184 -0.597958 0.598953
13.74 0.0383286 -0.595643 0.596875
13.75 0.0421918 -0.59301 0.594509
13.76 0.0461065 -0.590062 0.59186
13.77 0.0500716 -0.586795 0.588927
13.78 0.0540853 -0.58321 0.585713
13.79 0.0581465 -0.579307 0.582218
13.8 0.0622529 -0.575085 0.578444
13.81 0.0664026 -0.570543 0.574395
13.82 0.0705933 -0.565684 0.570072
13.83 0.0748235 -0.560507 0.565479
13.84 0.0790904 -0.555013 0.56062
13.85 0.083392 -0.549203 0.555498
13.86 0.0877249 -0.543078 0.550118
13.87 0.0920876 -0.536639 0.544483
13.88 0.096476 -0.529889 0.5386
13.89 0.100889 -0.522829 0.532474
13.9 0.105322 -0.51546 0.526109
13.91 0.109772 -0.507785 0.519515
13.92 0.114236 -0.499807 0.512696
13.93 0.118712 -0.491529 0.505661
13.94 0.123194 -0.482953 0.498418
13.95 0.127681 -0.474083 0.490975
13.96 0.132167 -0.464921 0.483342
13.97 0.13665 -0.455471 0.475529
13.98 0.141126 -0.445738 0.467546
13.99 0.14559 -0.435725 0.459405
14 0.150038 -0.425436 0.451118
14.01 0.154467 -0.414877 0.442699
14.02 0.158872 -0.404051 0.434163
14.03 0.163249 -0.392963 0.425523
14.04 0.167593 -0.381618 0.416797
14.05 0.171901 -0.370023 0.408003
14.06 0.176168 -0.358181 0.39916
14.07 0.180388 -0.346099 0.390288
14.08 0.184559 -0.333784 0.38141
14.09 0.188675 -0.32124 0.372549
14.1 0.192731 -0.308474 0.363732
14.11 0.196723 -0.295492 0.354986
14.12 0.200646 -0.282302 0.346343
14.13 0.204495 -0.26891 0.337832
14.14 0.208265 -0.255323 0.329491
14.15 0.211953 -0.241549 0.321356
14.16 0.215553 -0.227594 0.313468
14.17 0.21906 -0.213467 0.305868
14.18 0.222469 -0.199175 0.298603
14.19 0.225777 -0.184727 0.291718
14.2 0.228978 -0.170129 0.285263
14.21 0.232068 -0.155391 0.279288
14.22 0.235041 -0.140521 0.273844
14.23 0.237894 -0.125527 0.268981
14.24 0.240623 -0.110419 0.264748
14.25 0.243222 -0.0952041 0.261191
14.26 0.245687 -0.0798925 0.25835
14.27 0.248014 -0.0644929 0.256263
14.28 0.2502 -0.0490142 0.254955
14.29 0.252239 -0.0334663 0.254449
14.3 0.254128 -0.017858 0.254754
14.31 0.25505 -0.00214193 0.255059
14.32 0.254998 0.0136218 0.255361
14.33 0.25397 0.0293728 0.255663
14.34 0.251967 0.0450509 0.255963
14.35 0.248995 0.0605948 0.256262
14.36 0.245061 0.0759454 0.256559
14.37 0.240179 0.0910422 0.256856
14.38 0.234365 0.105827 0.257151
14.39 0.227639 0.120242 0.257444
14.4 0.220023 0.134232 0.257737
14.41 0.211545 0.147739 0.258028
14.42 0.202236 0.160713 0.258318
14.43 0.192129 0.1731 0.258606
14.44 0.181261 0.184853 0.258894
14.45 0.169671 0.195923 0.259179
14.46 0.157403 0.206267 0.259464
14.47 0.144501 0.215843 0.259747
14.48 0.131015 0.224612 0.260029
14.49 0.116994 0.232537 0.26031
14.5 0.102492 0.239588 0.26059
14.51 0.0875623 0.245733 0.260868
14.52 0.0722627 0.250947 0.261144
14.53 0.0566501 0.255208 0.26142
14.54 0.0407849 0.258496 0.261694
14.55 0.0247273 0.260797 0.261967
14.56 0.008539 0.262099 0.262238
14.57 -0.00771788 0.262395 0.262508
14.58 -0.0239805 0.26168 0.262777
14.59 -0.0401863 0.259957 0.263044
14.6 -0.0562722 0.257227 0.26331
14.61 -0.072176 0.2535 0.263575
14.62 -0.0878355 0.248788 0.263838
14.63 -0.10319 0.243106 0.2641
14.64 -0.118178 0.236475 0.26436
14.65 -0.132742 0.228917 0.264619
14.66 -0.146825 0.220459 0.264877
14.67 -0.160369 0.211133 0.265133
14.68 -0.173323 0.200973 0.265388
14.69 -0.185633 0.190015 0.265641
14.7 -0.197252 0.1783 0.265893
14.71 -0.208131 0.165873 0.266144
14.72 -0.218229 0.152779 0.266393
14.73 -0.227502 0.139068 0.26664
14.74 -0.235914 0.124792 0.266887
14.75 -0.24343 0.110004 0.267131
14.76 -0.250018 0.0947617 0.267374
14.77 -0.255651 0.0791224 0.267615
14.78 -0.260306 0.0631467 0.267856
14.79 -0.263961 0.0468949 0.268094
14.8 -0.2666 0.0304308 0.268331
14.81 -0.268211 0.013817 0.268566
14.82 -0.268785 -0.0028818 0.2688
14.83 -0.268317 -0.0196009 0.269032
14.84 -0.266808 -0.0362749 0.269263
14.85 -0.264261 -0.0528397 0.269492
14.86 -0.260683 -0.0692292 0.269719
14.87 -0.256086 -0.0853804 0.269944
14.88 -0.250486 -0.101229 0.270168
14.89 -0.243904 -0.116713 0.27039
14.9 -0.236361 -0.131771 0.27061
14.91 -0.227887 -0.146343 0.270829
14.92 -0.218511 -0.160372 0.271046
14.93 -0.208269 -0.173802 0.271262
14.94 -0.197199 -0.186578 0.271475
14.95 -0.185342 -0.198651 0.271687
14.96 -0.172743 -0.20997 0.271897
14.97 -0.159451 -0.220491 0.272105
14.98 -0.145515 -0.230171 0.272311
14.99 -0.130989 -0.238969 0.272515
15 -0.115928 -0.246851 0.272718
15.01 -0.100391 -0.253783 0.272918
15.02 -0.0844372 -0.259737 0.273117
15.03 -0.0681285 -0.264686 0.273313
15.04 -0.0515283 -0.26861 0.273508
15.05 -0.0347005 -0.271492 0.273701
15.06 -0.0177114 -0.273318 0.273891
15.07 -0.000626903 -0.274079 0.27408
15.08 0.016486 -0.273771 0.274267
15.09 0.0335602 -0.272391 0.274451
15.1 0.0505282 -0.269946 0.274634
15.11 0.0673241 -0.26644 0.274814
15.12 0.0838803 -0.261887 0.274992
15.13 0.100133 -0.256303 0.275169
15.14 0.116016 -0.249708 0.275343
15.15 0.131467 -0.242126 0.275515
15.16 0.146425 -0.233585 0.275685
15.17 0.16083 -0.224118 0.275854
15.18 0.174624 -0.213759 0.276019
15.19 0.187753 -0.202549 0.276183
15.2 0.200162 -0.190529 0.276345
15.21 0.211803 -0.177747 0.276504
15.22 0.222628 -0.164251 0.276661
15.23 0.232593 -0.150093 0.276817
15.24 0.241657 -0.135328 0.276969
15.25 0.249784 -0.120014 0.27712
15.26 0.25694 -0.104209 0.277269
15.27 0.263096 -0.0879764 0.277415
15.28 0.268225 -0.0713781 0.277559
15.29 0.272305 -0.0544801 0.277701
15.3 0.27532 -0.0373482 0.277841
15.31 0.277255 -0.0200499 0.277979
15.32 0.278102 -0.00265327 0.278114
15.33 0.277855 0.014773 0.278247
15.34 0.276515 0.0321604 0.278378
15.35 0.274084 0.0494396 0.278507
15.36 0.270572 0.0665426 0.278634
15.37 0.265989 0.0834014 0.278758
15.38 0.260355 0.0999486 0.27888
15.39 0.253688 0.116119 0.279
15.4 0.246015 0.131847 0.279118
15.41 0.237363 0.147072 0.279234
15.42 0.227767 0.16173 0.279347
15.43 0.217264 0.175764 0.279458
15.44 0.205893 0.189118 0.279566
15.45 0.193699 0.201737 0.279673
15.46 0.180728 0.213571 0.279777
15.47 0.167033 0.224572 0.279879
15.48 0.152665 0.234694 0.279979
15.49 0.137682 0.243898 0.280077
15.5 0.122142 0.252145 0.280171
15.51 0.106107 0.259402 0.280264
15.52 0.0896383 0.265638 0.280355
15.53 0.0728026 0.270828 0.280443
15.54 0.0556653 0.274951 0.280529
15.55 0.0382953 0.277987 0.280612
15.56 0.0207603 0.279925 0.280694
15.57 0.00313082 0.280755 0.280773
15.58 -0.0145237 0.280474 0.280849
15.59 -0.0321327 0.27908 0.280924
15.6 -0.0496264 0.276579 0.280996
15.61 -0.0669341 0.272979 0.281065
15.62 -0.083988 0.268294 0.281133
15.63 -0.100719 0.262541 0.281197
15.64 -0.11706 0.255742 0.28126
15.65 -0.132946 0.247924 0.28132
15.66 -0.148313 0.239117 0.281378
15.67 -0.163099 0.229354 0.281433
15.68 -0.177244 0.218675 0.281486
15.69 -0.190693 0.20712 0.281536
15.7 -0.20339 0.194736 0.281584
15.71 -0.215284 0.181571 0.281629
15.72 -0.226326 0.167677 0.281672
15.73 -0.236473 0.15311 0.281713
15.74 -0.245682 0.137926 0.28175
15.75 -0.253917 0.122187 0.281786
15.76 -0.261142 0.105955 0.281818
15.77 -0.26733 0.0892938 0.281849
15.78 -0.272454 0.0722706 0.281876
15.79 -0.276493 0.0549536 0.281901
15.8 -0.27943 0.0374114 0.281924
15.81 -0.281253 0.0197149 0.281944
15.82 -0.281954 0.0019342 0.281961
15.83 -0.281529 -0.0158588 0.281975
15.84 -0.279979 -0.0335929 0.281987
15.85 -0.277309 -0.0511968 0.281996
15.86 -0.273531 -0.0686001 0.282002
15.87 -0.268658 -0.0857318 0.282006
15.88 -0.26271 -0.102524 0.282007
15.89 -0.25571 -0.118908 0.282005
15.9 -0.247685 -0.134819 0.282
15.91 -0.238668 -0.150192 0.281993
15.92 -0.228694 -0.164965 0.281983
15.93 -0.217803 -0.179078 0.28197
15.94 -0.206039 -0.192474 0.281954
15.95 -0.193448 -0.205099 0.281935
15.96 -0.180081 -0.216901 0.281914
15.97 -0.165992 -0.227834 0.281889
15.98 -0.151238 -0.237851 0.281862
15.99 -0.135877 -0.246914 0.281832
16 -0.119973 -0.254985 0.281799
16.01 -0.103587 -0.262031 0.281763
16.02 -0.0867874 -0.268024 0.281724
16.03 -0.0696413 -0.272939 0.281683
16.04 -0.0522178 -0.276756 0.281639
16.05 -0.0345876 -0.279459 0.281592
16.06 -0.0168216 -0.281038 0.281541
16.07 0.00100812 -0.281487 0.281488
16.08 0.0188296 -0.280802 0.281432
16.09 0.0365706 -0.278987 0.281374
16.1 0.0541596 -0.276049 0.281312
16.11 0.071525 -0.272001 0.281248
16.12 0.088597 -0.266857 0.28118
16.13 0.105306 -0.260641 0.28111
16.14 0.121584 -0.253375 0.281037
16.15 0.137366 -0.245091 0.28096
16.16 0.152587 -0.235821 0.280882
16.17 0.167187 -0.225604 0.2808
16.18 0.181105 -0.214481 0.280715
16.19 0.194285 -0.202497 0.280627
16.2 0.206674 -0.189702 0.280537
16.21 0.218223 -0.176146 0.280444
16.22 0.228883 -0.161887 0.280348
16.23 0.238613 -0.14698 0.280249
16.24 0.247372 -0.131488 0.280147
16.25 0.255126 -0.115474 0.280042
16.26 0.261844 -0.099002 0.279935
16.27 0.267497 -0.0821396 0.279825
16.28 0.272064 -0.0649562 0.279711
16.29 0.275527 -0.0475211 0.279595
16.3 0.277872 -0.0299056 0.279477
16.31 0.279089 -0.0121814 0.279355
16.32 0.279175 0.00557904 0.279231
16.33 0.278129 0.0233039 0.279104
16.34 0.275956 0.0409204 0.278974
16.35 0.272666 0.0583571 0.278841
16.36 0.268272 0.075543 0.278705
16.37 0.262793 0.0924081 0.278567
16.38 0.256252 0.108884 0.278425
16.39 0.248677 0.124903 0.278282
16.4 0.240097 0.1404 0.278135
16.41 0.23055 0.155313 0.277985
16.42 0.220075 0.169581 0.277832
16.43 0.208716 0.183145 0.277677
16.44 0.196518 0.195952 0.277519
16.45 0.183533 0.207949 0.277358
16.46 0.169815 0.219088 0.277194
16.47 0.155419 0.229323 0.277027
16.48 0.140406 0.238613 0.276858
16.49 0.124837 0.246922 0.276685
16.5 0.108776 0.254215 0.27651
16.51 0.0922903 0.260464 0.276331
16.52 0.0754472 0.265644 0.27615
16.53 0.0583152 0.269735 0.275966
16.54 0.0409664 0.27272 0.275779
16.55 0.0234707 0.274588 0.27559
16.56 0.00590088 0.275334 0.275397
16.57 -0.0116713 0.274954 0.275201
16.58 -0.0291731 0.273451 0.275002
16.59 -0.0465335 0.270832 0.274801
16.6 -0.0636803 0.26711 0.274596
16.61 -0.080544 0.262301 0.274389
16.62 -0.097055 0.256425 0.274178
16.63 -0.113146 0.249509 0.273965
16.64 -0.128752 0.24158 0.273748
16.65 -0.143807 0.232675 0.273529
16.66 -0.158253 0.222828 0.273306
16.67 -0.172028 0.212084 0.273081
16.68 -0.185077 0.200486 0.272852
16.69 -0.197348 0.188085 0.272621
16.7 -0.20879 0.174931 0.272386
16.71 -0.219358 0.16108 0.272149
16.72 -0.229009 0.146591 0.271908
16.73 -0.237704 0.131523 0.271665
16.74 -0.245409 0.11594 0.271418
16.75 -0.252093 0.0999071 0.271168
16.76 -0.25773 0.0834907 0.270916
16.77 -0.262298 0.0667591 0.27066
16.78 -0.26578 0.0497827 0.270402
16.79 -0.268162 0.0326308 0.27014
16.8 -0.269437 0.0153761 0.269876
16.81 -0.269601 -0.00191084 0.269608
16.82 -0.268655 -0.019158 0.269338
16.83 -0.266605 -0.0362942 0.269064
16.84 -0.26346 -0.0532481 0.268787
16.85 -0.259236 -0.0699507 0.268508
16.86 -0.253952 -0.0863322 0.268225
16.87 -0.247631 -0.102326 0.26794
16.88 -0.240302 -0.117866 0.267651
16.89 -0.231996 -0.132888 0.26736
16.9 -0.22275 -0.147332 0.267066
16.91 -0.212604 -0.161137 0.266769
16.92 -0.201601 -0.174249 0.266469
16.93 -0.189789 -0.186613 0.266166
16.94 -0.177218 -0.19818 0.26586
16.95 -0.163942 -0.208903 0.265551
16.96 -0.150017 -0.218739 0.265239
16.97 -0.135503 -0.22765 0.264925
16.98 -0.12046 -0.235599 0.264608
16.99 -0.104954 -0.242555 0.264288
17 -0.0890478 -0.248492 0.263965
17.01 -0.0728103 -0.253386 0.263639
17.02 -0.056309 -0.25722 0.263311
17.03 -0.0396131 -0.259979 0.262979
17.04 -0.0227933 -0.261655 0.262645
17.05 -0.00591877 -0.262242 0.262308
17.06 0.0109388 -0.26174 0.261969
17.07 0.02771 -0.260155 0.261627
17.08 0.0443247 -0.257495 0.261282
17.09 0.0607141 -0.253772 0.260934
17.1 0.0768099 -0.249006 0.260584
17.11 0.0925465 -0.243218 0.260231
17.12 0.107858 -0.236435 0.259875
17.13 0.122682 -0.228688 0.259517
17.14 0.136956 -0.22001 0.259155
17.15 0.150625 -0.210441 0.258792
17.16 0.16363 -0.200022 0.258426
17.17 0.175921 -0.1888 0.258057
17.18 0.187446 -0.176822 0.257686
17.19 0.198159 -0.164142 0.257312
17.2 0.208018 -0.150812 0.256936
17.21 0.216983 -0.136892 0.256557
17.22 0.22502 -0.12244 0.256175
17.23 0.232095 -0.10752 0.255791
17.24 0.238184 -0.0921929 0.255404
17.25 0.243261 -0.0765263 0.255014
17.26 0.24731 -0.0605855 0.254622
17.27 0.250314 -0.0444387 0.254228
17.28 0.252265 -0.028154 0.253831
17.29 0.253156 -0.0118 0.253431
17.3 0.252988 0.00455392 0.253029
17.31 0.251763 0.0208398 0.252624
17.32 0.24949 0.0369886 0.252217
17.33 0.246181 0.0529333 0.251807
17.34 0.241852 0.0686072 0.251395
17.35 0.236525 0.0839451 0.25098
17.36 0.230225 0.0988831 0.250563
17.37 0.222982 0.11336 0.250143
17.38 0.214827 0.127316 0.24972
17.39 0.205799 0.140694 0.249295
17.4 0.195938 0.153438 0.248868
17.41 0.185288 0.165498 0.248438
17.42 0.173896 0.176823 0.248005
17.43 0.161813 0.18737 0.24757
17.44 0.149091 0.197094 0.247132
17.45 0.135787 0.205959 0.246692
17.46 0.121957 0.213928 0.246249
17.47 0.107663 0.220972 0.245804
17.48 0.0929663 0.227062 0.245357
17.49 0.0779305 0.232177 0.244907
17.5 0.0626191 0.236298 0.244454
17.51 0.0470994 0.23941 0.243999
17.52 0.0314364 0.241504 0.243542
17.53 0.0156979 0.242574 0.243081
17.54 -4.9786e-05 0.242619 0.242619
17.55 -0.0157395 0.241642 0.242154
17.56 -0.0313051 0.239651 0.241687
17.57 -0.0466812 0.236657 0.241217
17.58 -0.0618028 0.232677 0.240745
17.59 -0.0766069 0.227731 0.240271
17.6 -0.0910319 0.221844 0.239795
17.61 -0.105018 0.215042 0.239315
17.62 -0.118506 0.20736 0.238834
17.63 -0.131443 0.198831 0.23835
17.64 -0.143773 0.189496 0.237864
17.65 -0.155448 0.179398 0.237376
17.66 -0.166419 0.168581 0.236885
17.67 -0.176643 0.157095 0.236393
17.68 -0.186079 0.14499 0.235898
17.69 -0.194691 0.132322 0.235401
17.7 -0.202443 0.119145 0.234901
17.71 -0.209306 0.105518 0.2344
17.72 -0.215256 0.0915001 0.233896
17.73 -0.220269 0.0771534 0.23339
17.74 -0.224327 0.0625394 0.232882
17.75 -0.227419 0.0477226 0.232372
17.76 -0.229533 0.0327654 0.23186
17.77 -0.230665 0.0177339 0.231345
17.78 -0.230814 0.00269126 0.230829
17.79 -0.229982 -0.0122977 0.230311
17.8 -0.228179 -0.0271694 0.229791
17.81 -0.225415 -0.0418606 0.229269
17.82 -0.221706 -0.0563095 0.228745
17.83 -0.217071 -0.0704554 0.228219
17.84 -0.211535 -0.0842388 0.227691
17.85 -0.205124 -0.0976024 0.227161
17.86 -0.19787 -0.110491 0.22663
17.87 -0.189807 -0.122851 0.226096
17.88 -0.180975 -0.134632 0.225561
17.89 -0.171411 -0.145786 0.225023
17.9 -0.161163 -0.156268 0.224484
17.91 -0.150276 -0.166036 0.223944
17.92 -0.138799 -0.175051 0.223401
17.93 -0.126785 -0.183278 0.222857
17.94 -0.114287 -0.190685 0.222311
17.95 -0.101362 -0.197243 0.221764
17.96 -0.088065 -0.202929 0.221214
17.97 -0.0744568 -0.207722 0.220663
17.98 -0.0605963 -0.211605 0.22011
17.99 -0.0465447 -0.214566 0.219556
18 -0.0323624 -0.216596 0.219
18.01 -0.0181122 -0.217691 0.218443
18.02 -0.00385402 -0.21785 0.217884
18.03 0.0103492 -0.217077 0.217323
18.04 0.0244378 -0.215379 0.216761
18.05 0.0383509 -0.212768 0.216197
18.06 0.05203 -0.209261 0.215632
18.07 0.0654167 -0.204874 0.215065
18.08 0.0784552 -0.199633 0.214496
18.09 0.0910906 -0.193563 0.213926
18.1 0.103271 -0.186696 0.213354
18.11 0.114944 -0.179063 0.212781
18.12 0.126065 -0.170702 0.212207
18.13 0.136586 -0.161652 0.21163
18.14 0.146465 -0.151957 0.211052
18.15 0.155664 -0.141661 0.210473
18.16 0.164144 -0.13081 0.209892
18.17 0.171874 -0.119457 0.20931
18.18 0.178823 -0.10765 0.208726
18.19 0.184966 -0.0954455 0.20814
18.2 0.19028 -0.0828965 0.207553
18.21 0.194747 -0.0700598 0.206965
18.22 0.19835 -0.056992 0.206376
18.23 0.20108 -0.0437514 0.205785
18.24 0.202928 -0.0303959 0.205192
18.25 0.203892 -0.0169846 0.204598
18.26 0.203972 -0.00357489 0.204003
18.27 0.203171 0.00977339 0.203406
18.28 0.201499 0.0230044 0.202808
18.29 0.198967 0.0360598 0.202208
18.3 0.195592 0.0488848 0.201608
18.31 0.191391 0.0614242 0.201006
18.32 0.186388 0.0736257 0.200402
18.33 0.180609 0.0854375 0.199798
18.34 0.174083 0.0968107 0.199192
18.35 0.166844 0.107698 0.198584
18.36 0.158926 0.118055 0.197976
18.37 0.150368 0.127839 0.197366
18.38 0.14121 0.137012 0.196755
18.39 0.131497 0.145536 0.196143
18.4 0.121274 0.153377 0.19553
18.41 0.110587 0.160507 0.194915
18.42 0.0994868 0.166897 0.1943
18.43 0.0880242 0.172525 0.193683
18.44 0.0762508 0.17737 0.193066
18.45 0.06422 0.181416 0.192447
18.46 0.0519859 0.184649 0.191828
18.47 0.0396034 0.187061 0.191207
18.48 0.0271269 0.188645 0.190586
18.49 0.0146122 0.189401 0.189964
18.5 0.00211363 0.189328 0.18934
18.51 -0.0103136 0.188434 0.188716
18.52 -0.0226166 0.186727 0.188091
18.53 -0.0347406 0.184218 0.187465
18.54 -0.0466356 0.180925 0.186839
18.55 -0.0582495 0.176866 0.186212
18.56 -0.0695339 0.172065 0.185584
18.57 -0.0804409 0.166546 0.184955
18.58 -0.0909258 0.160338 0.184325
18.59 -0.100944 0.153474 0.183695
18.6 -0.110457 0.145986 0.183065
18.61 -0.119423 0.137913 0.182433
18.62 -0.127809 0.129293 0.181801
18.63 -0.13558 0.120167 0.181168
18.64 -0.142707 0.110579 0.180536
18.65 -0.149163 0.100574 0.179902
18.66 -0.154923 0.0901989 0.179268
18.67 -0.159967 0.0795012 0.178633
18.68 -0.164277 0.0685302 0.177998
18.69 -0.167839 0.0573361 0.177363
18.7 -0.170643 0.0459696 0.176726
18.71 -0.172681 0.0344816 0.17609
18.72 -0.173949 0.0229237 0.175453
18.73 -0.174447 0.0113475 0.174816
18.74 -0.174178 -0.000196596 0.174178
18.75 -0.173148 -0.0116572 0.17354
18.76 -0.171367 -0.0229849 0.172901
18.77 -0.168848 -0.0341299 0.172263
18.78 -0.165607 -0.0450455 0.171624
18.79 -0.161662 -0.0556834 0.170984
18.8 -0.157038 -0.0660002 0.170344
18.81 -0.151758 -0.0759515 0.169703
18.82 -0.145851 -0.0854962 0.169063
18.83 -0.139347 -0.0945949 0.168422
18.84 -0.13228 -0.103211 0.167781
18.85 -0.124683 -0.111309 0.167139
18.86 -0.116595 -0.118857 0.166497
18.87 -0.108055 -0.125825 0.165855
18.88 -0.0991045 -0.132188 0.165213
18.89 -0.089785 -0.13792 0.16457
18.9 -0.0801419 -0.143002 0.163927
18.91 -0.0702189 -0.147415 0.163284
18.92 -0.0600631 -0.151144 0.162641
18.93 -0.049721 -0.154179 0.161998
18.94 -0.0392396 -0.15651 0.161354
18.95 -0.0286668 -0.158132 0.16071
18.96 -0.0180503 -0.159045 0.160066
18.97 -0.00743734 -0.159248 0.159421
18.98 0.00312479 -0.158746 0.158777
18.99 0.013589 -0.157547 0.158132
19 0.0239103 -0.155662 0.157487
19.01 0.0340429 -0.153103 0.156842
19.02 0.0439441 -0.149888 0.156197
19.03 0.0535703 -0.146037 0.155552
19.04 0.0628824 -0.14157 0.154907
19.05 0.0718395 -0.136513 0.154262
19.06 0.080406 -0.130894 0.153617
19.07 0.0885458 -0.12474 0.152972
19.08 0.0962264 -0.118085 0.152327
19.09 0.103417 -0.110961 0.151682
19.1 0.110089 -0.103405 0.151037
19.11 0.116217 -0.0954532 0.150392
19.12 0.121779 -0.0871453 0.149748
19.13 0.126753 -0.0785199 0.149103
19.14 0.131122 -0.0696196 0.148459
19.15 0.134873 -0.0604851 0.147814
19.16 0.137991 -0.0511605 0.14717
19.17 0.140471 -0.0416879 0.146527
19.18 0.142304 -0.0321117 0.145883
19.19 0.14349 -0.0224755 0.145239
19.2 0.144026 -0.0128228 0.144596
19.21 0.143918 -0.00319716 0.143953
19.22 0.14317 0.00635837 0.143311
19.23 0.141791 0.0158018 0.142669
19.24 0.139793 0.0250918 0.142027
19.25 0.13719 0.0341875 0.141386
19.26 0.133999 0.0430506 0.140745
19.27 0.13024 0.0516424 0.140105
19.28 0.125933 0.0599277 0.139465
19.29 0.121104 0.0678706 0.138826
19.3 0.115778 0.07544 0.138187
19.31 0.109983 0.0826037 0.137549
19.32 0.103751 0.0893339 0.136912
19.33 0.0971115 0.0956038 0.136275
19.34 0.0900993 0.10139 0.135638
19.35 0.0827489 0.106669 0.135002
19.36 0.0750967 0.111423 0.134368
19.37 0.0671788 0.115635 0.133733
19.38 0.0590348 0.119291 0.133099
19.39 0.0507018 0.122379 0.132466
19.4 0.0422202 0.12489 0.131834
19.41 0.0336288 0.126819 0.131202
19.42 0.0249681 0.128162 0.130571
19.43 0.0162772 0.128918 0.129941
19.44 0.00759566 0.129088 0.129311
19.45 -0.00103689 0.128679 0.128683
19.46 -0.00958264 0.127696 0.128055
19.47 -0.0180034 0.126149 0.127428
19.48 -0.0262623 0.124051 0.126801
19.49 -0.0343234 0.121417 0.126176
19.5 -0.0421527 0.118263 0.12555
19.51 -0.0497157 0.114608 0.124926
19.52 -0.0569819 0.110473 0.124303
19.53 -0.0639201 0.105882 0.123681
19.54 -0.0705031 0.100861 0.123059
19.55 -0.076703 0.095434 0.122438
19.56 -0.0824968 0.0896321 0.121818
19.57 -0.087861 0.0834836 0.121198
19.58 -0.0927758 0.077021 0.12058
19.59 -0.0972231 0.0702756 0.119962
19.6 -0.101187 0.0632813 0.119346
19.61 -0.104655 0.056072 0.118729
19.62 -0.107615 0.0486834 0.118114
19.63 -0.110059 0.0411494 0.1175
19.64 -0.111981 0.0335076 0.116886
19.65 -0.113377 0.0257923 0.116274
19.66 -0.114246 0.0180403 0.115662
19.67 -0.11459 0.0102867 0.115051
19.68 -0.114412 0.00256733 0.114441
19.69 -0.113719 -0.00508319 0.113832
19.7 -0.112517 -0.0126308 0.113224
19.71 -0.110819 -0.0200416 0.112617
19.72 -0.108636 -0.0272835 0.11201
19.73 -0.105985 -0.034325 0.111405
19.74 -0.102881 -0.041136 0.1108
19.75 -0.0993444 -0.0476874 0.110197
19.76 -0.0953943 -0.0539528 0.109595
19.77 -0.0910541 -0.0599052 0.108993
19.78 -0.0863475 -0.0655221 0.108393
19.79 -0.0812994 -0.0707798 0.107793
19.8 -0.0759374 -0.0756593 0.107195
19.81 -0.0702884 -0.080141 0.106598
19.82 -0.0643825 -0.0842094 0.106002
19.83 -0.0582482 -0.0878499 0.105406
19.84 -0.0519172 -0.0910503 0.104812
19.85 -0.0454202 -0.0938009 0.104219
19.86 -0.0387889 -0.0960939 0.103627
19.87 -0.0320549 -0.0979234 0.103036
19.88 -0.0252513 -0.0992863 0.102447
19.89 -0.0184084 -0.100182 0.101859
19.9 -0.0115597 -0.10061 0.101272
19.91 -0.00473586 -0.100575 0.100686
19.92 0.00203178 -0.10008 0.100101
19.93 0.00871259 -0.0991359 0.099518
19.94 0.015277 -0.097749 0.0989356
19.95 0.0216956 -0.0959323 0.098355
19.96 0.0279414 -0.0936981 0.0977755
19.97 0.0339865 -0.0910618 0.0971974
19.98 0.039806 -0.0880399 0.0966206
19.99 0.0453753 -0.0846509 0.0960452
20 0.0506721 -0.080914 0.0954711
20.01 0.0556737 -0.0768512 0.0948983
20.02 0.0603623 -0.0724845 0.0943272
20.03 0.064718 -0.0678374 0.0937568
20.04 0.0687258 -0.0629355 0.0931886
20.05 0.0723704 -0.057803 0.0926211
20.06 0.0756397 -0.0524678 0.0920556
20.07 0.0785226 -0.0469556 0.0914911
20.08 0.0810104 -0.0412951 0.0909284
20.09 0.0830965 -0.0355131 0.0903671
20.1 0.0847755 -0.0296388 0.0898073
20.11 0.0860447 -0.0236998 0.0892489
20.12 0.086903 -0.0177249 0.0886922
20.13 0.0873513 -0.0117412 0.0881368
20.14 0.0873919 -0.00577821 0.0875827
20.15 0.0870306 0.000138301 0.0870307
20.16 0.0862724 0.00598047 0.0864795
20.17 0.0851272 0.0117222 0.0859305
20.18 0.0836034 0.0173383 0.0853823
20.19 0.081714 0.0228039 0.0848363
20.2 0.079471 0.0280957 0.0842912
20.21 0.07689 0.0331907 0.0837478
20.22 0.0739867 0.0380682 0.0832059
20.23 0.0707787 0.0427075 0.0826653
20.24 0.0672847 0.0470903 0.0821263
20.25 0.0635248 0.0511988 0.0815887
20.26 0.0595192 0.0550183 0.0810527
20.27 0.0552904 0.0585328 0.0805178
20.28 0.0508607 0.0617317 0.0799851
20.29 0.0462527 0.0646025 0.0794531
20.3 0.0414916 0.0671367 0.0789233
20.31 0.0365999 0.0693263 0.0783944
20.32 0.0316037 0.0711656 0.0778674
20.33 0.0265264 0.0726504 0.0773417
20.34 0.0213941 0.0737781 0.0768174
20.35 0.0162307 0.0745484 0.0762948
20.36 0.0110613 0.0749618 0.0757735
20.37 0.00590989 0.0750214 0.0752538
20.38 0.000801039 0.0747312 0.0747355
20.39 -0.00424279 0.0740978 0.0742191
20.4 -0.00919762 0.0731274 0.0737035
20.41 -0.0140419 0.0718306 0.0731903
20.42 -0.0187545 0.0702163 0.0726778
20.43 -0.023314 0.0682976 0.0721673
20.44 -0.0277022 0.0660868 0.071658
20.45 -0.0318996 0.0635987 0.0711504
20.46 -0.0358899 0.0608486 0.0706444
20.47 -0.039656 0.0578531 0.0701398
20.48 -0.0431845 0.05463 0.0696371
20.49 -0.0464609 0.0511971 0.0691358
20.5 -0.0494739 0.0475739 0.0686363
20.51 -0.0522122 0.04378 0.0681381
20.52 -0.0546678 0.0398359 0.0676422
20.53 -0.0568316 0.0357617 0.0671471
20.54 -0.0586986 0.0315799 0.0666544
20.55 -0.0602637 0.02731 0.0661631
20.56 -0.0615235 0.0229752 0.0656735
20.57 -0.062477 0.0185957 0.0651857
20.58 -0.0631235 0.0141937 0.0646996
20.59 -0.0634649 0.00978967 0.0642155
20.6 -0.0635032 0.00540518 0.0637328
20.61 -0.0632434 0.0010602 0.0632523
20.62 -0.0626903 -0.00322487 0.0627732
20.63 -0.0618516 -0.00743084 0.0622963
20.64 -0.0607343 -0.0115384 0.0618207
20.65 -0.0593494 -0.01553 0.0613477
20.66 -0.0577056 -0.0193883 0.0608757
20.67 -0.0558162 -0.0230962 0.060406
20.68 -0.0536927 -0.0266399 0.0599382
20.69 -0.0513493 -0.0300031 0.0594721
20.7 -0.0488001 -0.033174 0.0590082
20.71 -0.0460605 -0.0361395 0.058546
20.72 -0.0431463 -0.0388893 0.058086
20.73 -0.0400739 -0.0414126 0.0576274
20.74 -0.0368607 -0.0437018 0.0571713
20.75 -0.0335236 -0.0457487 0.0567167
20.76 -0.030081 -0.0475481 0.0562645
20.77 -0.0265503 -0.0490941 0.0558135
20.78 -0.0229506 -0.0503845 0.0553654
20.79 -0.0192988 -0.0514161 0.0549187
20.8 -0.0156148 -0.052188 0.054474
20.81 -0.011915 -0.0527015 0.0540316
20.82 -0.00821853 -0.0529566 0.0535906
20.83 -0.00454241 -0.0529574 0.0531519
20.84 -0.000904326 -0.0527071 0.0527148
20.85 0.0026792 -0.0522114 0.0522801
20.86 0.00619156 -0.0514757 0.0518467
20.87 0.0096171 -0.0505084 0.0514158
20.88 0.0129409 -0.0493168 0.0509864
20.89 0.0161484 -0.0479112 0.0505594
20.9 0.0192263 -0.0463005 0.0501337
20.91 0.0221614 -0.0444973 0.0497105
20.92 0.0249429 -0.042512 0.0492892
20.93 0.0275582 -0.0403577 0.0488692
20.94 0.0299994 -0.0380478 0.048452
20.95 0.0322559 -0.0355951 0.048036
20.96 0.0343207 -0.0330147 0.0476223
20.97 0.0361866 -0.0303204 0.0472101
20.98 0.0378483 -0.0275279 0.0468004
20.99 0.0393005 -0.0246514 0.046392
21 0.0405403 -0.0217071 0.045986
21.01 0.0415649 -0.0187095 0.0455816
21.02 0.0423731 -0.015675 0.0451794
21.03 0.0429643 -0.0126177 0.0447788
21.04 0.0433394 -0.00955433 0.0443801
21.05 0.043501 -0.00649835 0.0439837
21.06 0.0434502 -0.00346571 0.0435882
21.07 0.0431931 -0.000470192 0.0431957
21.08 0.0427329 0.0024743 0.0428044
21.09 0.0420762 0.00535402 0.0424155
21.1 0.0412291 0.00815643 0.0420282
21.11 0.0401999 0.0108689 0.0416433
21.12 0.0389956 0.0134804 0.0412599
21.13 0.0376263 0.0159791 0.0408788
21.14 0.0361008 0.0183558 0.0404995
21.15 0.0344301 0.0206001 0.0401223
21.16 0.0326241 0.0227045 0.0397471
21.17 0.0306947 0.0246599 0.0393736
21.18 0.0286537 0.0264612 0.0390029
21.19 0.026512 0.0281006 0.0386332
21.2 0.0242833 0.0295743 0.0382665
21.21 0.021979 0.0308777 0.0379013
21.22 0.0196124 0.0320075 0.0375384
21.23 0.0171957 0.0329614 0.0371772
21.24 0.0147424 0.0337382 0.0368185
21.25 0.0122642 0.034337 0.0364615
21.26 0.00977485 0.0347584 0.0361067
21.27 0.0072857 0.0350038 0.035754
21.28 0.00481004 0.035075 0.0354033
21.29 0.00235853 0.0349755 0.035055
21.3 -5.61415e-05 0.0347082 0.0347082
21.31 -0.00242351 0.034279 0.0343646
21.32 -0.00473295 0.0336912 0.0340221
21.33 -0.0069736 0.0329525 0.0336823
21.34 -0.00913655 0.0320684 0.0333445
21.35 -0.0112121 0.0310464 0.0330089
21.36 -0.0131922 0.0298939 0.0326753
21.37 -0.0150684 0.0286197 0.0323441
21.38 -0.0168344 0.0272317 0.032015
21.39 -0.0184825 0.0257395 0.0316879
21.4 -0.0200082 0.0241522 0.0313633
21.41 -0.0214051 0.0224796 0.0310405
21.42 -0.0226702 0.0207316 0.0307203
21.43 -0.0237985 0.0189178 0.0304015
21.44 -0.0247882 0.0170497 0.0300857
21.45 -0.0256366 0.0151357 0.0297713
21.46 -0.0263423 0.0131881 0.0294591
21.47 -0.0269051 0.0112159 0.0291493
21.48 -0.0273245 0.00923008 0.0288413
21.49 -0.0276017 0.00724014 0.0285355
21.5 -0.027738 0.00525684 0.0282317
21.51 -0.0277359 0.00328888 0.0279302
21.52 -0.0275976 0.0013465 0.0276304
21.53 -0.0273274 -0.000561638 0.0273331
21.54 -0.0269282 -0.00242646 0.0270373
21.55 -0.026406 -0.00423964 0.0267441
21.56 -0.0257643 -0.00599357 0.0264523
21.57 -0.0250104 -0.00767962 0.0261629
21.58 -0.0241492 -0.00929244 0.0258754
21.59 -0.0231877 -0.0108239 0.0255896
21.6 -0.0221331 -0.0122691 0.0253062
21.61 -0.020992 -0.013622 0.0250245
21.62 -0.0197723 -0.0148784 0.0247449
21.63 -0.0184817 -0.016033 0.024467
21.64 -0.0171283 -0.0170834 0.0241914
21.65 -0.0157198 -0.0180254 0.0239171
21.66 -0.0142653 -0.0188574 0.0236453
21.67 -0.0127721 -0.0195769 0.0233748
21.68 -0.0112498 -0.0201832 0.0231067
21.69 -0.00970532 -0.0206756 0.0228402
21.7 -0.00814862 -0.0210537 0.0225756
21.71 -0.00658632 -0.021319 0.0223132
21.72 -0.00502724 -0.0214716 0.0220523
21.73 -0.00347915 -0.0215141 0.0217936
21.74 -0.00194957 -0.0214481 0.0215365
21.75 -0.000445555 -0.021277 0.0212817
21.76 0.00102514 -0.0210032 0.0210282
21.77 0.00245631 -0.0206316 0.0207773
21.78 0.00384156 -0.020165 0.0205277
21.79 0.00517445 -0.0196093 0.0202805
21.8 0.00645013 -0.0189681 0.0200348
21.81 0.00766247 -0.0182478 0.0197913
21.82 0.00880818 -0.017453 0.0195497
21.83 0.0098812 -0.0165899 0.0193097
21.84 0.0108793 -0.0156647 0.0190721
21.85 0.0117983 -0.014683 0.0188359
21.86 0.0126355 -0.0136518 0.0186018
21.87 0.0133885 -0.0125771 0.0183694
21.88 0.0140559 -0.0114659 0.0181394
21.89 0.0146356 -0.0103241 0.0179106
21.9 0.0151274 -0.00915941 0.0176843
21.91 0.0155308 -0.00797695 0.0174596
21.92 0.0158456 -0.00678461 0.017237
21.93 0.0160728 -0.00558747 0.0170163
21.94 0.0162127 -0.00439299 0.0167973
21.95 0.0162679 -0.00320614 0.0165808
21.96 0.0162386 -0.00203359 0.0163654
21.97 0.0161286 -0.000880923 0.0161526
21.98 0.0159395 0.000247005 0.0159414
21.99 0.0156747 0.00134421 0.0157322
22 0.0153372 0.00240638 0.0155248
22.01 0.0149311 0.00342871 0.0153197
22.02 0.0144593 0.00440725 0.015116
22.03 0.0139268 0.00533726 0.0149145
22.04 0.0133373 0.00621644 0.0147148
22.05 0.0126954 0.00704006 0.0145167
22.06 0.012006 0.00780667 0.0143209
22.07 0.0112734 0.00851238 0.0141262
22.08 0.0105035 0.00915642 0.0139343
22.09 0.00969988 0.00973602 0.0137433
22.1 0.00886905 0.0102502 0.0135546
22.11 0.00801488 0.0106985 0.0133677
22.12 0.00714313 0.0110795 0.0131825
22.13 0.00625822 0.0113934 0.012999
22.14 0.00536591 0.0116404 0.0128176
22.15 0.00446994 0.0118209 0.0126378
22.16 0.00357629 0.0119353 0.0124596
22.17 0.00268864 0.0119858 0.0122836
22.18 0.00181201 0.0119724 0.0121087
22.19 0.000950508 0.0118983 0.0119362
22.2 0.000108115 0.0117642 0.0117647
22.21 -0.000710781 0.0115739 0.0115957
22.22 -0.00150341 0.0113285 0.0114278
22.23 -0.00226512 0.0110315 0.0112616
22.24 -0.00299384 0.0106859 0.0110973
22.25 -0.00368578 0.0102945 0.0109345
22.26 -0.00433882 0.00986071 0.0107731
22.27 -0.00494988 0.00938845 0.0106134
22.28 -0.0055179 0.00888087 0.0104555
22.29 -0.00603975 0.00834155 0.0102985
22.3 -0.00651522 0.00777515 0.010144
22.31 -0.00694215 0.00718425 0.00999034
22.32 -0.00732023 0.00657396 0.00983883
22.33 -0.00764851 0.0059468 0.00968835
22.34 -0.00792671 0.00530802 0.0095398
22.35 -0.00815515 0.00466012 0.00939272
22.36 -0.00833327 0.00400766 0.00924687
22.37 -0.00846251 0.00335408 0.00910296
22.38 -0.00854297 0.00270306 0.00896041
22.39 -0.00857605 0.00205757 0.00881942
22.4 -0.00856257 0.00142181 0.00867981
22.41 -0.00850495 0.000798117 0.00854232
22.42 -0.0084034 0.000189649 0.00840554
22.43 -0.00826135 -0.00040022 0.00827104
22.44 -0.00807956 -0.000969812 0.00813755
22.45 -0.00786108 -0.00151554 0.00800584
22.46 -0.00760768 -0.00203637 0.00787551
22.47 -0.00732215 -0.0025289 0.00774656
22.48 -0.00700725 -0.0029926 0.00761953
22.49 -0.00666492 -0.00342498 0.00749344
22.5 -0.00629887 -0.00382517 0.00736937
22.51 -0.00591117 -0.00419172 0.00724655
22.52 -0.00550493 -0.00452431 0.00712557
22.53 -0.00508263 -0.00482138 0.00700563
22.54 -0.00464795 -0.00508325 0.00688787
22.55 -0.00420215 -0.00530933 0.00677104
22.56 -0.00374972 -0.00549922 0.00665596
22.57 -0.00329198 -0.00565388 0.00654244
22.58 -0.00283254 -0.00577267 0.00643016
22.59 -0.00237329 -0.00585725 0.0063198
22.6 -0.00191712 -0.00590712 0.00621043
22.61 -0.00146646 -0.0059244 0.00610319
22.62 -0.00102291 -0.00590904 0.00599692
22.63 -0.00058948 -0.0058629 0.00589246
22.64 -0.000167646 -0.00578674 0.00578917
22.65 0.000240601 -0.00568257 0.00568766
22.66 0.000633593 -0.00555104 0.00558708
22.67 0.00100893 -0.00539473 0.00548827
22.68 0.00136667 -0.00521473 0.00539084
22.69 0.00170367 -0.00501287 0.00529446
22.7 0.0020203 -0.00479149 0.0052
22.71 0.00231448 -0.00455168 0.00510633
22.72 0.00258619 -0.00429626 0.0050146
22.73 0.00283412 -0.00402613 0.00492362
22.74 0.0030579 -0.0037444 0.00483439
22.75 0.00325745 -0.00345193 0.00474624
22.76 0.003432 -0.00315152 0.00465947
22.77 0.00358161 -0.00284454 0.00457377
22.78 0.00370656 -0.0025335 0.00448968
22.79 0.00380689 -0.00221936 0.00440658
22.8 0.00388234 -0.00190509 0.00432457
22.81 0.00393471 -0.00159139 0.00424435
22.82 0.00396287 -0.00128046 0.0041646
22.83 0.00396887 -0.000974021 0.00408665
22.84 0.0039524 -0.000673168 0.00400931
22.85 0.00391513 -0.000379979 0.00393353
22.86 0.0038573 -9.51426e-05 0.00385848
22.87 0.00378034 0.000179105 0.00378458
22.88 0.00368536 0.000442562 0.00371184
22.89 0.00357346 0.000693346 0.00364011
22.9 0.00344573 0.000930973 0.00356928
22.91 0.00330392 0.00115407 0.00349968
22.92 0.00314907 0.00136281 0.00343131
22.93 0.00298211 0.00155517 0.00336326
22.94 0.0028056 0.00173196 0.00329713
22.95 0.00261942 0.00189197 0.00323124
22.96 0.00242632 0.00203497 0.00316672
22.97 0.00222667 0.00216108 0.00310295
22.98 0.00202273 0.00226979 0.00304029
22.99 0.00181512 0.0023617 0.00297864
23 0.00160569 0.00243611 0.00291768
23.01 0.00139549 0.00249421 0.00285805
23.02 0.00118588 0.00253553 0.00279914
23.03 0.000977737 0.00256091 0.00274121
23.04 0.000772696 0.00257033 0.00268397
23.05 0.000571578 0.00256532 0.00262823
23.06 0.000375094 0.00254497 0.00257247
23.07 0.000185273 0.0025115 0.00251832
23.08 1.59829e-06 0.00246478 0.00246478
23.09 -0.000173755 0.00240573 0.002412
23.1 -0.000341179 0.00233557 0.00236036
23.11 -0.000499138 0.00225473 0.00230932
23.12 -0.000647896 0.00216471 0.00225959
23.13 -0.000786343 0.00206559 0.00221021
23.14 -0.000914492 0.00195928 0.0021622
23.15 -0.00103176 0.00184598 0.00211476
23.16 -0.00113819 0.00172704 0.00206837
23.17 -0.00123322 0.00160298 0.00202247
23.18 -0.00131707 0.00147574 0.001978
23.19 -0.0013899 0.00134462 0.00193386
23.2 -0.00145099 0.00121214 0.00189068
23.21 -0.00150172 0.00107819 0.00184869
23.22 -0.00154096 0.000943748 0.00180699
23.23 -0.00157 0.00080986 0.00176657
23.24 -0.00158824 0.000676953 0.00172649
23.25 -0.00159677 0.000546164 0.00168759
23.26 -0.00159523 0.000417578 0.00164898
23.27 -0.00158461 0.000292576 0.00161139
23.28 -0.00156499 0.000171287 0.00157434
23.29 -0.00153726 5.44911e-05 0.00153822
23.3 -0.00150146 -5.76813e-05 0.00150257
23.31 -0.00145866 -0.00016377 0.00146782
23.32 -0.00140921 -0.000265038 0.00143392
23.33 -0.00135325 -0.000359492 0.00140019
23.34 -0.00129235 -0.00044783 0.00136775
23.35 -0.00122594 -0.000529542 0.00133542
23.36 -0.00115561 -0.000604306 0.00130408
23.37 -0.00108121 -0.000672091 0.00127308
23.38 -0.00100408 -0.000732611 0.00124294
23.39 -0.000924083 -0.000786157 0.00121325
23.4 -0.000842436 -0.000832307 0.00118424
23.41 -0.000759254 -0.000871351 0.00115573
23.42 -0.000675478 -0.00090326 0.0011279
23.43 -0.000591048 -0.000928475 0.00110064
23.44 -0.000507239 -0.000946111 0.00107351
23.45 -0.000424086 -0.000957894 0.00104757
23.46 -0.000341893 -0.000962489 0.00102141
23.47 -0.000262012 -0.00096106 0.000996136
23.48 -0.000183794 -0.000953616 0.000971166
23.49 -0.00010855 -0.000940468 0.000946712
23.5 -3.59664e-05 -0.000921957 0.000922658
23.51 3.29413e-05 -0.000898456 0.00089906
23.52 9.86443e-05 -0.00087046 0.000876031
23.53 0.000160171 -0.000838147 0.000853314
23.54 0.000217783 -0.000802061 0.000831102
23.55 0.000270807 -0.00076246 0.000809124
23.56 0.000319765 -0.000720238 0.000788031
23.57 0.000363656 -0.000674761 0.000766517
23.58 0.000402972 -0.000628016 0.000746184
23.59 0.000437904 -0.000578973 0.000725927
23.6 0.000467482 -0.000528972 0.00070594
23.61 0.000492948 -0.000478089 0.000686708
23.62 0.000513398 -0.000426744 0.000667599
23.63 0.000529608 -0.000375281 0.000649092
23.64 0.000541 -0.000324085 0.000630644
23.65 0.000548491 -0.000273572 0.00061293
23.66 0.000551552 -0.0002239 0.000595265
23.67 0.000550842 -0.000175607 0.000578156
23.68 0.000546168 -0.000128727 0.000561133
23.69 0.000538478 -8.40568e-05 0.000544999
23.7 0.000527117 -4.0807e-05 0.000528694
23.71 0.00051295 -5.41866e-07 0.00051295
23.72 0.000496488 3.79242e-05 0.000497934
23.73 0.000476991 7.35836e-05 0.000482633
23.74 0.000455932 0.000106686 0.000468248
23.75 0.000432712 0.000137062 0.000453901
23.76 0.000408179 0.000164719 0.000440162
23.77 0.000382055 0.000189493 0.000426466
23.78 0.000355295 0.000211457 0.000413459
23.79 0.000327538 0.0002307 0.000400629
23.8 0.000299457 0.000247123 0.000388257
23.81 0.000270799 0.000261043 0.000376133
23.82 0.000242583 0.000272096 0.00036453
23.83 0.000213943 0.000281184 0.000353321
23.84 0.000185721 0.000287199 0.000342017
23.85 0.000158313 0.000291442 0.000331664
23.86 0.00013092 0.000293117 0.000321026
23.87 0.000104783 0.000292759 0.000310946
23.88 7.9347e-05 0.000290388 0.000301033
23.89 5.51063e-05 0.000286275 0.00029153
23.9 3.1768e-05 0.000280363 0.000282157
23.91 9.95596e-06 0.000273017 0.000273199
23.92 -1.07921e-05 0.000264311 0.000264531
23.93 -2.99999e-05 0.000254308 0.000256071
23.94 -4.81839e-05 0.000243281 0.000248007
23.95 -6.43666e-05 0.000231064 0.000239862
23.96 -7.96053e-05 0.000218421 0.000232476
23.97 -9.32632e-05 0.000204498 0.000224761
23.98 -0.000105074 0.000190585 0.000217631
23.99 -0.000115966 0.000175922 0.000210705
24 -0.000125061 0.000161077 0.000203927
24.01 -0.000132879 0.000145984 0.000197404
24.02 -0.000139244 0.000130909 0.000191118
24.03 -0.000144473 0.000115614 0.000185038
24.04 -0.000148095 0.000100506 0.000178979
24.05 -0.000150678 8.55637e-05 0.000173277
24.06 -0.000151739 7.08388e-05 0.00016746
24.07 -0.000152019 5.65937e-05 0.000162212
24.08 -0.000150587 4.26567e-05 0.000156512
24.09 -0.00014853 2.97068e-05 0.000151472
24.1 -0.000145489 1.67917e-05 0.000146455
24.11 -0.000141161 5.15241e-06 0.000141255
24.12 -0.000136545 -6.13024e-06 0.000136682
24.13 -0.000130896 -1.65595e-05 0.00013194
24.14 -0.000124694 -2.62194e-05 0.000127421
24.15 -0.000117859 -3.49214e-05 0.000122924
24.16 -0.000110759 -4.2953e-05 0.000118796
24.17 -0.00010298 -4.99923e-05 0.000114473
24.18 -9.52002e-05 -5.61213e-05 0.000110511
24.19 -8.69033e-05 -6.15024e-05 0.000106465
24.2 -7.89191e-05 -6.59415e-05 0.000102842
24.21 -7.03726e-05 -6.9763e-05 9.90918e-05
24.22 -6.21616e-05 -7.23957e-05 9.54212e-05
24.23 -5.40741e-05 -7.48801e-05 9.23636e-05
24.24 -4.56709e-05 -7.59944e-05 8.86622e-05
24.25 -3.79087e-05 -7.66961e-05 8.55533e-05
24.26 -3.01265e-05 -7.66372e-05 8.2346e-05
24.27 -2.26991e-05 -7.58831e-05 7.92054e-05
24.28 -1.55847e-05 -7.44236e-05 7.60378e-05
24.29 -9.07757e-06 -7.26197e-05 7.31848e-05
24.3 -2.73783e-06 -7.02503e-05 7.03036e-05
24.31 2.84161e-06 -6.74298e-05 6.74896e-05
24.32 8.2519e-06 -6.43638e-05 6.48906e-05
24.33 1.27759e-05 -6.09375e-05 6.22623e-05
24.34 1.72436e-05 -5.73853e-05 5.99201e-05
24.35 2.09751e-05 -5.32648e-05 5.72459e-05
24.36 2.41196e-05 -4.96181e-05 5.51699e-05
24.37 2.71548e-05 -4.53033e-05 5.28183e-05
24.38 2.93468e-05 -4.12474e-05 5.06219e-05
24.39 3.12658e-05 -3.72489e-05 4.86315e-05
24.4 3.27981e-05 -3.3243e-05 4.66992e-05
24.41 3.39735e-05 -2.92084e-05 4.48032e-05
24.42 3.46773e-05 -2.54752e-05 4.3029e-05
24.43 3.53347e-05 -2.17029e-05 4.14676e-05
24.44 3.54142e-05 -1.80321e-05 3.97407e-05
24.45 3.55413e-05 -1.45358e-05 3.83989e-05
24.46 3.50297e-05 -1.11927e-05 3.67744e-05
24.47 3.46365e-05 -8.13116e-06 3.55781e-05
24.48 3.38343e-05 -4.87332e-06 3.41834e-05
24.49 3.27397e-05 -2.44584e-06 3.2831e-05
24.5 3.18089e-05 3.3985e-07 3.18107e-05
24.51 3.04798e-05 2.75757e-06 3.06043e-05
24.52 2.91385e-05 4.92302e-06 2.95514e-05
24.53 2.77456e-05 7.00639e-06 2.86166e-05
24.54 2.62494e-05 9.05827e-06 2.77684e-05
24.55 2.45222e-05 1.06936e-05 2.67524e-05
24.56 2.29742e-05 1.22932e-05 2.60564e-05
24.57 2.10585e-05 1.37096e-05 2.51279e-05
24.58 1.94211e-05 1.49317e-05 2.44976e-05
24.59 1.74318e-05 1.60083e-05 2.36671e-05
24.6 1.57289e-05 1.67985e-05 2.30128e-05
24.61 1.38816e-05 1.79139e-05 2.26629e-05
24.62 1.19116e-05 1.82605e-05 2.18021e-05
24.63 1.01542e-05 1.89494e-05 2.14985e-05
24.64 8.14241e-06 1.93668e-05 2.10088e-05
24.65 6.1587e-06 1.9461e-05 2.04123e-05
24.66 4.20876e-06 1.94332e-05 1.98837e-05
24.67 2.30964e-06 1.93869e-05 1.9524e-05
24.68 2.94963e-07 1.89112e-05 1.89135e-05
24.69 -1.32188e-06 1.84122e-05 1.84596e-05
24.7 -3.18882e-06 1.77967e-05 1.80801e-05
24.71 -4.63078e-06 1.69734e-05 1.75937e-05
24.72 -6.24832e-06 1.60868e-05 1.72576e-05
24.73 -7.54511e-06 1.48331e-05 1.66418e-05
24.74 -8.78005e-06 1.39637e-05 1.64946e-05
24.75 -9.99127e-06 1.23657e-05 1.58977e-05
24.76 -1.07939e-05 1.10733e-05 1.54637e-05
24.77 -1.16144e-05 9.7326e-06 1.51531e-05
24.78 -1.21748e-05 8.15826e-06 1.46555e-05
24.79 -1.25472e-05 6.65566e-06 1.42032e-05
24.8 -1.2741e-05 5.33504e-06 1.38129e-05
24.81 -1.29835e-05 3.77255e-06 1.35205e-05
24.82 -1.27963e-05 2.31376e-06 1.30038e-05
24.83 -1.27993e-05 9.40879e-07 1.28338e-05
24.84 -1.2403e-05 -4.76124e-07 1.24122e-05
24.85 -1.20467e-05 -1.74619e-06 1.21726e-05
24.86 -1.14022e-05 -3.1786e-06 1.18369e-05
24.87 -1.0647e-05 -4.00069e-06 1.13738e-05
24.88 -9.86239e-06 -5.23793e-06 1.1167e-05
24.89 -8.80625e-06 -6.06645e-06 1.06935e-05
24.9 -7.86635e-06 -6.64117e-06 1.02949e-05
24.91 -6.84206e-06 -7.32951e-06 1.00267e-05
24.92 -5.77035e-06 -7.83655e-06 9.73183e-06
24.93 -4.67665e-06 -7.98797e-06 9.25628e-06
24.94 -3.75312e-06 -8.26062e-06 9.07324e-06
24.95 -2.55737e-06 -8.31011e-06 8.69471e-06
24.96 -1.68808e-06 -8.1699e-06 8.34247e-06
24.97 -6.71873e-07 -7.99625e-06 8.02443e-06
24.98 1.26192e-07 -7.61826e-06 7.6193e-06
24.99 9.22383e-07 -7.45066e-06 7.50754e-06
25 1.57127e-06 -6.74005e-06 6.92078e-06
25.01 2.0718e-06 -6.45269e-06 6.77714e-06
25.02 2.65751e-06 -5.99703e-06 6.55948e-06
25.03 3.04383e-06 -5.30395e-06 6.11529e-06
25.04 3.42533e-06 -4.8328e-06 5.92358e-06
25.05 3.80646e-06 -4.34399e-06 5.77576e-06
25.06 4.12798e-06 -3.57837e-06 5.46305e-06
25.07 4.21249e-06 -3.06239e-06 5.208e-06
25.08 4.47978e-06 -2.49564e-06 5.12802e-06
25.09 4.39417e-06 -1.88043e-06 4.77962e-06
25.1 4.41094e-06 -1.40327e-06 4.62878e-06
25.11 4.25834e-06 -8.16117e-07 4.33584e-06
25.12 4.16888e-06 -5.93873e-07 4.21097e-06
25.13 3.99409e-06 4.29581e-08 3.99432e-06
25.14 3.76588e-06 2.8865e-07 3.77692e-06
25.15 3.65911e-06 5.05409e-07 3.69384e-06
25.16 3.38153e-06 9.35206e-07 3.50847e-06
25.17 3.12641e-06 1.11228e-06 3.31838e-06
25.18 2.88775e-06 1.15322e-06 3.1095e-06
25.19 2.69963e-06 1.4472e-06 3.06307e-06
25.2 2.34916e-06 1.48793e-06 2.78074e-06
25.21 2.3291e-06 1.52087e-06 2.78168e-06
25.22 2.08737e-06 1.68949e-06 2.68543e-06
25.23 2.00379e-06 1.69178e-06 2.62246e-06
25.24 1.846e-06 1.90653e-06 2.65378e-06
25.25 1.72732e-06 1.78545e-06 2.48425e-06
25.26 1.52653e-06 2.05731e-06 2.5618e-06
25.27 1.22843e-06 2.08813e-06 2.42267e-06
25.28 1.08419e-06 1.99345e-06 2.26921e-06
25.29 7.78546e-07 2.17698e-06 2.312e-06
25.3 5.47335e-07 2.19566e-06 2.26285e-06
25.31 3.49616e-07 2.06252e-06 2.09194e-06
25.32 1.97539e-07 2.21262e-06 2.22142e-06
25.33 -1.59227e-07 2.17985e-06 2.18566e-06
25.34 -2.43982e-07 2.06065e-06 2.07504e-06
25.35 -5.48455e-07 2.11112e-06 2.1812e-06
25.36 -7.75812e-07 1.94426e-06 2.09333e-06
25.37 -9.91157e-07 1.96649e-06 2.20215e-06
25.38 -1.12792e-06 1.66004e-06 2.00697e-06
25.39 -1.25135e-06 1.65006e-06 2.07089e-06
25.4 -1.40793e-06 1.54117e-06 2.08746e-06
25.41 -1.37827e-06 1.22781e-06 1.84585e-06
25.42 -1.51717e-06 1.20775e-06 1.93919e-06
25.43 -1.62835e-06 1.07793e-06 1.95281e-06
25.44 -1.69436e-06 7.34863e-07 1.84686e-06
25.45 -1.71752e-06 6.66142e-07 1.84218e-06
25.46 -1.90049e-06 4.77782e-07 1.95963e-06
25.47 -1.78107e-06 1.55809e-07 1.78788e-06
25.48 -1.76578e-06 4.45389e-08 1.76634e-06
25.49 -1.67951e-06 -2.41794e-07 1.69682e-06
25.5 -1.5684e-06 -3.15454e-07 1.59981e-06
25.51 -1.39483e-06 -6.30706e-07 1.5308e-06
25.52 -1.27363e-06 -7.25857e-07 1.46595e-06
25.53 -1.21053e-06 -7.85762e-07 1.4432e-06
25.54 -9.50685e-07 -1.0913e-06 1.44732e-06
25.55 -8.16335e-07 -1.09949e-06 1.36941e-06
25.56 -6.49224e-07 -1.09055e-06 1.26917e-06
25.57 -4.04012e-07 -1.29723e-06 1.35868e-06
25.58 -1.30097e-07 -1.20181e-06 1.20884e-06
25.59 -7.68599e-08 -1.11444e-06 1.11709e-06
25.6 1.74686e-07 -1.16384e-06 1.17687e-06
25.61 2.42337e-07 -9.6821e-07 9.98077e-07
25.62 2.96647e-07 -9.42451e-07 9.88035e-07
25.63 3.19817e-07 -7.27334e-07 7.94543e-07
25.64 4.11578e-07 -7.06338e-07 8.17502e-07
25.65 4.69927e-07 -5.78923e-07 7.45642e-07
25.66 4.37621e-07 -3.23451e-07 5.4418e-07
25.67 5.91865e-07 -3.64551e-07 6.95127e-07
25.68 5.8628e-07 -2.01283e-07 6.19871e-07
25.69 5.4913e-07 3.46615e-08 5.50223e-07
25.7 5.338e-07 -1.91988e-08 5.34145e-07
25.71 5.58791e-07 1.25651e-07 5.72744e-07
25.72 3.63568e-07 2.93102e-07 4.67002e-07
25.73 4.08608e-07 2.1932e-07 4.63747e-07
25.74 3.49984e-07 3.60065e-07 5.02131e-07
25.75 2.97021e-07 3.26906e-07 4.41689e-07
25.76 2.29437e-07 4.0876e-07 4.68749e-07
25.77 1.92538e-07 3.54133e-07 4.03089e-07
25.78 1.33072e-07 2.82378e-07 3.12163e-07
25.79 -7.42705e-08 3.88254e-07 3.95293e-07
25.8 -5.29522e-08 1.96167e-07 2.03188e-07
25.81 -1.42912e-07 1.06642e-07 1.78315e-07
25.82 -1.97823e-07 1.67669e-07 2.5932e-07
25.83 -1.58682e-07 -6.38587e-08 1.71049e-07
25.84 -1.00099e-08 -1.63165e-07 1.63472e-07
25.85 -6.43758e-08 -1.21341e-07 1.37361e-07
25.86 6.97354e-08 -3.4669e-07 3.53634e-07
25.87 1.27492e-07 -3.41158e-07 3.64201e-07
25.88 1.16024e-07 -4.39721e-07 4.54771e-07
25.89 1.14027e-07 -4.53544e-07 4.67658e-07
25.9 1.48639e-07 -4.85698e-07 5.07933e-07
25.91 2.02131e-07 -5.99424e-07 6.32587e-07
25.92 1.08711e-07 -4.4475e-07 4.57843e-07
25.93 2.21267e-07 -5.32659e-07 5.76788e-07
25.94 2.06641e-07 -5.6499e-07 6.01593e-07
25.95 1.21021e-07 -3.62569e-07 3.82233e-07
25.96 7.01776e-08 -4.09937e-07 4.159e-07
25.97 9.98567e-08 -3.96607e-07 4.08985e-07
25.98 -6.97506e-08 -1.68985e-07 1.82814e-07
25.99 -4.2994e-08 -2.08281e-07 2.12672e-07
26 -2.2664e-09 -8.59829e-08 8.60128e-08
