0 -0.000471898 0.00119122 0.00128128
0.01 -0.000939586 0.00237783 0.00255674
0.02 -0.00139964 0.00355552 0.00382109
0.03 -0.00184778 0.00471933 0.00506817
0.04 -0.00228027 0.00586521 0.00629288
0.05 -0.00269352 0.00698884 0.00748992
0.06 -0.00308373 0.00808566 0.00865374
0.07 -0.00344761 0.00915133 0.00977921
0.08 -0.00378175 0.0101819 0.0108616
0.09 -0.0040832 0.0111735 0.0118962
0.1 -0.00434872 0.0121217 0.0128782
0.11 -0.00457626 0.0130232 0.0138039
0.12 -0.00476283 0.0138743 0.0146691
0.13 -0.00490646 0.0146715 0.0154702
0.14 -0.00500556 0.0154115 0.016204
0.15 -0.00505807 0.016091 0.0168672
0.16 -0.00506299 0.0167075 0.0174578
0.17 -0.00501932 0.0172582 0.0179733
0.18 -0.00492624 0.0177404 0.0184117
0.19 -0.00478364 0.0181522 0.018772
0.2 -0.00459134 0.0184916 0.0190531
0.21 -0.00434972 0.0187568 0.0192546
0.22 -0.00405939 0.0189461 0.0193761
0.23 -0.00372165 0.0190585 0.0194185
0.24 -0.00333733 0.0190931 0.0193825
0.25 -0.0029085 0.0190491 0.0192699
0.26 -0.00243718 0.0189263 0.0190825
0.27 -0.0019252 0.0187242 0.0188229
0.28 -0.00137567 0.0184436 0.0184948
0.29 -0.000791147 0.0180844 0.0181017
0.3 -0.000174846 0.0176475 0.0176484
0.31 0.000469697 0.0171343 0.0171407
0.32 0.00113902 0.0165461 0.0165852
0.33 0.00182915 0.0158843 0.0159892
0.34 0.00253592 0.0151509 0.0153616
0.35 0.00325517 0.0143483 0.0147129
0.36 0.0039826 0.0134788 0.0140548
0.37 0.00471337 0.0125453 0.0134015
0.38 0.00544287 0.0115509 0.012769
0.39 0.00616676 0.010499 0.0121761
0.4 0.00687955 0.00939328 0.0116431
0.41 0.00757708 0.00823715 0.0111921
0.42 0.00825408 0.00703498 0.0108453
0.43 0.00890591 0.00579133 0.0106233
0.44 0.00952789 0.00451036 0.0105415
0.45 0.0101152 0.00319697 0.0106084
0.46 0.0106632 0.00185605 0.0108235
0.47 0.0111677 0.000492848 0.0111786
0.48 0.0116244 -0.000887749 0.0116583
0.49 0.012029 -0.00228013 0.0122432
0.5 0.012378 -0.00367891 0.0129131
0.51 0.0126677 -0.00507825 0.0136476
0.52 0.0128943 -0.00647244 0.0144276
0.53 0.0130555 -0.0078562 0.015237
0.54 0.013148 -0.00922317 0.0160604
0.55 0.0131698 -0.0105678 0.0168855
0.56 0.0131187 -0.0118844 0.0177014
0.57 0.0129927 -0.0131671 0.0184982
0.58 0.012791 -0.0144101 0.0192682
0.59 0.0125125 -0.0156078 0.0200041
0.6 0.0121565 -0.0167548 0.0207003
0.61 0.0117231 -0.0178455 0.0213517
0.62 0.0112129 -0.0188748 0.0219542
0.63 0.0106264 -0.0198373 0.0225042
0.64 0.0099647 -0.0207283 0.0229991
0.65 0.0092298 -0.0215433 0.0234372
0.66 0.00842346 -0.0222771 0.0238164
0.67 0.00754838 -0.022926 0.0241367
0.68 0.0066075 -0.0234864 0.0243981
0.69 0.00560388 -0.0239539 0.0246007
0.7 0.00454178 -0.0243258 0.0247462
0.71 0.00342489 -0.0245989 0.0248361
0.72 0.00225783 -0.0247706 0.0248733
0.73 0.00104553 -0.0248386 0.0248606
0.74 -0.000206637 -0.0248012 0.0248021
0.75 -0.00149344 -0.0246569 0.0247021
0.76 -0.00280889 -0.0244048 0.0245659
0.77 -0.00414671 -0.0240443 0.0243992
0.78 -0.0055009 -0.0235748 0.0242081
0.79 -0.00686461 -0.0229972 0.0239999
0.8 -0.00823133 -0.0223121 0.0237821
0.81 -0.00959404 -0.0215205 0.0235622
0.82 -0.0109455 -0.0206246 0.023349
0.83 -0.012279 -0.0196261 0.0231507
0.84 -0.0135873 -0.0185278 0.022976
0.85 -0.0148628 -0.0173328 0.0228326
0.86 -0.0160988 -0.0160445 0.0227288
0.87 -0.0172881 -0.014667 0.0226716
0.88 -0.0184236 -0.0132048 0.0226671
0.89 -0.0194982 -0.0116627 0.02272
0.9 -0.0205055 -0.0100458 0.0228341
0.91 -0.0214388 -0.0083603 0.0230112
0.92 -0.022292 -0.00661165 0.0232518
0.93 -0.0230588 -0.00480652 0.0235544
0.94 -0.0237336 -0.002952 0.0239165
0.95 -0.0243112 -0.0010548 0.0243341
0.96 -0.0247864 0.000877307 0.0248019
0.97 -0.0251545 0.00283693 0.025314
0.98 -0.0254118 0.00481606 0.0258641
0.99 -0.0255542 0.00680646 0.0264451
1 -0.0255786 0.00879988 0.02705
1.01 -0.0254822 0.0107879 0.0276717
1.02 -0.0252631 0.0127617 0.0283035
1.03 -0.0249195 0.0147125 0.0289385
1.04 -0.0244505 0.016632 0.0295711
1.05 -0.0238554 0.0185111 0.0301951
1.06 -0.0231348 0.020341 0.0308054
1.07 -0.0222892 0.0221134 0.0313977
1.08 -0.0213199 0.0238192 0.031967
1.09 -0.0202289 0.0254504 0.0325105
1.1 -0.0190192 0.0269985 0.033025
1.11 -0.0176936 0.0284555 0.0335079
1.12 -0.0162561 0.0298139 0.0339578
1.13 -0.0147113 0.0310659 0.0343732
1.14 -0.0130643 0.0322044 0.0347534
1.15 -0.0113204 0.0332226 0.0350983
1.16 -0.00948596 0.0341143 0.0354086
1.17 -0.00756778 0.0348732 0.0356849
1.18 -0.00557324 0.0354941 0.035929
1.19 -0.00351003 0.0359721 0.0361429
1.2 -0.0013861 0.0363023 0.0363287
1.21 0.000789445 0.0364815 0.03649
1.22 0.00300774 0.0365058 0.0366295
1.23 0.00525949 0.0363728 0.0367511
1.24 0.00753478 0.0360806 0.0368589
1.25 0.00982344 0.0356275 0.036957
1.26 0.0121152 0.035013 0.0370498
1.27 0.0143998 0.0342371 0.037142
1.28 0.0166663 0.0333003 0.0372381
1.29 0.0189041 0.0322039 0.0373424
1.3 0.0211022 0.0309501 0.0374595
1.31 0.02325 0.0295418 0.0375937
1.32 0.0253366 0.0279822 0.0377484
1.33 0.027351 0.026276 0.0379276
1.34 0.0292829 0.0244275 0.0381339
1.35 0.0311222 0.0224428 0.0383702
1.36 0.0328583 0.0203281 0.0386381
1.37 0.0344815 0.0180901 0.0389387
1.38 0.0359823 0.0157367 0.039273
1.39 0.0373518 0.013276 0.039641
1.4 0.038581 0.0107168 0.0400417
1.41 0.0396618 0.00806845 0.0404742
1.42 0.0405868 0.00534112 0.0409368
1.43 0.041349 0.00254486 0.0414272
1.44 0.0419416 -0.000309146 0.0419427
1.45 0.0423589 -0.00320937 0.0424803
1.46 0.042596 -0.00614465 0.0430369
1.47 0.0426485 -0.0091024 0.0436091
1.48 0.0425127 -0.0120704 0.044193
1.49 0.0421859 -0.0150364 0.0447855
1.5 0.0416661 -0.0179871 0.0453828
1.51 0.0409523 -0.02091 0.0459818
1.52 0.0400438 -0.0237919 0.0465785
1.53 0.0389415 -0.0266198 0.0471705
1.54 0.0376469 -0.0293805 0.0477546
1.55 0.0361624 -0.0320615 0.0483286
1.56 0.0344909 -0.0346495 0.0488898
1.57 0.0326369 -0.037132 0.0494364
1.58 0.0306053 -0.0394971 0.0499671
1.59 0.028402 -0.0417321 0.0504801
1.6 0.0260336 -0.0438258 0.050975
1.61 0.023508 -0.0457669 0.0514513
1.62 0.0208336 -0.0475444 0.0519087
1.63 0.0180196 -0.0491485 0.0523477
1.64 0.0150758 -0.0505691 0.0527685
1.65 0.0120133 -0.0517975 0.0531724
1.66 0.00884335 -0.0528254 0.0535605
1.67 0.00557801 -0.0536451 0.0539343
1.68 0.00223011 -0.0542497 0.0542955
1.69 -0.0011869 -0.0546334 0.0546463
1.7 -0.00465937 -0.0547912 0.0549889
1.71 -0.00817296 -0.0547182 0.0553252
1.72 -0.0117132 -0.054412 0.0556585
1.73 -0.0152647 -0.0538697 0.0559907
1.74 -0.0188123 -0.05309 0.0563245
1.75 -0.0223404 -0.0520727 0.0566627
1.76 -0.0258333 -0.0508181 0.0570074
1.77 -0.029275 -0.0493282 0.0573611
1.78 -0.0326499 -0.0476056 0.0577262
1.79 -0.0359422 -0.0456538 0.0581043
1.8 -0.0391363 -0.0434776 0.0584975
1.81 -0.0422163 -0.0410831 0.0589071
1.82 -0.0451675 -0.0384768 0.0593343
1.83 -0.0479745 -0.0356662 0.0597799
1.84 -0.0506234 -0.0326609 0.0602451
1.85 -0.0530996 -0.0294701 0.0607293
1.86 -0.05539 -0.0261045 0.0612332
1.87 -0.0574818 -0.022576 0.0617562
1.88 -0.0593623 -0.0188966 0.0622974
1.89 -0.0610204 -0.01508 0.0628562
1.9 -0.0624454 -0.01114 0.0634313
1.91 -0.0636275 -0.00709126 0.0640214
1.92 -0.0645577 -0.00294959 0.0646251
1.93 -0.0652281 0.00126897 0.0652405
1.94 -0.0656318 0.00554817 0.0658659
1.95 -0.0657629 0.00987055 0.0664995
1.96 -0.0656165 0.0142184 0.0671394
1.97 -0.0651889 0.0185741 0.0677834
1.98 -0.0644778 0.0229194 0.0684302
1.99 -0.0634819 0.0272355 0.0690777
2 -0.0622008 0.0315042 0.0697241
2.01 -0.060636 0.0357064 0.0703681
2.02 -0.0587895 0.0398241 0.0710082
2.03 -0.056665 0.0438383 0.071643
2.04 -0.0542676 0.0477307 0.0722717
2.05 -0.0516032 0.0514832 0.0728931
2.06 -0.0486792 0.0550782 0.073507
2.07 -0.0455041 0.0584979 0.0741123
2.08 -0.0420877 0.0617257 0.074709
2.09 -0.0384407 0.0647454 0.0752971
2.1 -0.0345755 0.0675413 0.0758768
2.11 -0.0305049 0.0700981 0.076448
2.12 -0.0262434 0.0724021 0.0770115
2.13 -0.0218063 0.0744397 0.0775679
2.14 -0.0172094 0.076199 0.0781182
2.15 -0.0124702 0.0776683 0.078663
2.16 -0.00760648 0.0788374 0.0792035
2.17 -0.00263685 0.0796975 0.0797411
2.18 0.00241902 0.0802403 0.0802768
2.19 0.00754117 0.0804589 0.0808115
2.2 0.012709 0.080348 0.081347
2.21 0.0179016 0.0799037 0.0818844
2.22 0.0230972 0.0791227 0.082425
2.23 0.0282743 0.0780038 0.0829701
2.24 0.0334106 0.0765469 0.0835207
2.25 0.0384841 0.0747534 0.0840779
2.26 0.043473 0.0726259 0.0846429
2.27 0.0483546 0.0701685 0.0852161
2.28 0.0531074 0.0673872 0.0857988
2.29 0.0577098 0.064289 0.0863916
2.3 0.0621401 0.0608823 0.0869945
2.31 0.0663777 0.0571767 0.0876081
2.32 0.0704023 0.0531838 0.0882327
2.33 0.0741943 0.0489161 0.0888683
2.34 0.0777344 0.0443874 0.0895147
2.35 0.0810047 0.039613 0.0901718
2.36 0.0839878 0.0346093 0.0908392
2.37 0.0866674 0.0293939 0.0915164
2.38 0.0890286 0.0239853 0.0922029
2.39 0.0910565 0.0184032 0.0928976
2.4 0.0927393 0.0126684 0.0936006
2.41 0.0940648 0.00680247 0.0943104
2.42 0.0950226 0.000827734 0.0950262
2.43 0.0956043 -0.00523273 0.0957474
2.44 0.0958024 -0.0113549 0.0964729
2.45 0.0956108 -0.0175148 0.0972019
2.46 0.0950254 -0.0236875 0.0979333
2.47 0.0940435 -0.029848 0.0986665
2.48 0.0926639 -0.0359705 0.0994005
2.49 0.090887 -0.0420297 0.100135
2.5 0.0887151 -0.0479999 0.100868
2.51 0.0861517 -0.0538556 0.1016
2.52 0.0832032 -0.0595714 0.10233
2.53 0.0798758 -0.0651222 0.103058
2.54 0.0761787 -0.0704831 0.103784
2.55 0.0721226 -0.0756299 0.104506
2.56 0.0677194 -0.0805386 0.105225
2.57 0.0629825 -0.0851867 0.105941
2.58 0.0579274 -0.0895516 0.106654
2.59 0.0525706 -0.0936122 0.107363
2.6 0.0469305 -0.0973479 0.10807
2.61 0.0410262 -0.10074 0.108773
2.62 0.0348787 -0.10377 0.109474
2.63 0.0285099 -0.106421 0.110173
2.64 0.0219436 -0.108677 0.110871
2.65 0.0152032 -0.110526 0.111567
2.66 0.00831467 -0.111954 0.112262
2.67 0.00130422 -0.11295 0.112958
2.68 -0.00580156 -0.113505 0.113653
2.69 -0.0129748 -0.113612 0.11435
2.7 -0.0201871 -0.113264 0.115049
2.71 -0.0274098 -0.112458 0.115751
2.72 -0.0346137 -0.111192 0.116455
2.73 -0.0417695 -0.109464 0.117163
2.74 -0.0488476 -0.107277 0.117875
2.75 -0.0558184 -0.104633 0.118591
2.76 -0.0626526 -0.101539 0.119313
2.77 -0.0693212 -0.098001 0.12004
2.78 -0.0757948 -0.0940283 0.120773
2.79 -0.0820452 -0.0896319 0.121512
2.8 -0.088045 -0.0848241 0.122258
2.81 -0.0937666 -0.07962 0.12301
2.82 -0.0991842 -0.0740356 0.123769
2.83 -0.104272 -0.0680892 0.124535
2.84 -0.109007 -0.0618003 0.125307
2.85 -0.113365 -0.0551902 0.126085
2.86 -0.117324 -0.0482819 0.12687
2.87 -0.120864 -0.0410997 0.127661
2.88 -0.123967 -0.0336689 0.128458
2.89 -0.126615 -0.0260167 0.12926
2.9 -0.128791 -0.0181715 0.130067
2.91 -0.130483 -0.0101619 0.130878
2.92 -0.131678 -0.0020182 0.131693
2.93 -0.132365 0.00622811 0.132512
2.94 -0.132537 0.0145459 0.133333
2.95 -0.132187 0.0229024 0.134157
2.96 -0.131311 0.031265 0.134982
2.97 -0.129907 0.0396003 0.135808
2.98 -0.127973 0.0478748 0.136635
2.99 -0.125513 0.0560551 0.137462
3 -0.12253 0.0641078 0.138288
3.01 -0.119031 0.0719994 0.139113
3.02 -0.115024 0.0796964 0.139936
3.03 -0.11052 0.0871673 0.140758
3.04 -0.10553 0.0943792 0.141577
3.05 -0.100071 0.101301 0.142394
3.06 -0.0941576 0.107902 0.143208
3.07 -0.0878095 0.114154 0.14402
3.08 -0.081047 0.120027 0.144828
3.09 -0.0738928 0.125495 0.145634
3.1 -0.0663709 0.130531 0.146436
3.11 -0.0585072 0.135113 0.147236
3.12 -0.0503292 0.139216 0.148034
3.13 -0.0418661 0.142819 0.148829
3.14 -0.0331481 0.145905 0.149623
3.15 -0.0242072 0.148454 0.150415
3.16 -0.0150763 0.150452 0.151206
3.17 -0.00578937 0.151886 0.151996
3.18 0.0036188 0.152744 0.152787
3.19 0.0131121 0.153016 0.153577
3.2 0.0226545 0.152697 0.154369
3.21 0.0322087 0.151782 0.155162
3.22 0.0417376 0.150268 0.155957
3.23 0.0512036 0.148156 0.156754
3.24 0.0605688 0.145447 0.157555
3.25 0.0697957 0.142147 0.158358
3.26 0.078847 0.138264 0.159166
3.27 0.0876857 0.133806 0.159978
3.28 0.0962747 0.128786 0.160794
3.29 0.104579 0.123218 0.161615
3.3 0.112562 0.117118 0.16244
3.31 0.120191 0.110505 0.16327
3.32 0.127433 0.1034 0.164106
3.33 0.134255 0.0958267 0.164946
3.34 0.140627 0.0878096 0.165791
3.35 0.146521 0.0793762 0.16664
3.36 0.151908 0.0705549 0.167493
3.37 0.156763 0.0613768 0.16835
3.38 0.161063 0.0518741 0.169211
3.39 0.164786 0.0420809 0.170074
3.4 0.167912 0.0320323 0.17094
3.41 0.170424 0.0217651 0.171808
3.42 0.172306 0.0113168 0.172677
3.43 0.173545 0.00072642 0.173547
3.44 0.174132 -0.00996639 0.174417
3.45 0.174057 -0.0207212 0.175287
3.46 0.173317 -0.0314972 0.176155
3.47 0.171906 -0.0422526 0.177022
3.48 0.169825 -0.0529463 0.177887
3.49 0.167077 -0.0635362 0.17875
3.5 0.163666 -0.0739809 0.17961
3.51 0.159599 -0.0842387 0.180466
3.52 0.154887 -0.0942687 0.181319
3.53 0.149543 -0.10403 0.182169
3.54 0.143581 -0.113484 0.183014
3.55 0.137019 -0.122591 0.183855
3.56 0.129877 -0.131314 0.184692
3.57 0.122178 -0.139615 0.185526
3.58 0.113948 -0.147459 0.186355
3.59 0.105212 -0.154814 0.187181
3.6 0.096 -0.161645 0.188003
3.61 0.0863446 -0.167925 0.188823
3.62 0.0762778 -0.173623 0.18964
3.63 0.0658354 -0.178713 0.190454
3.64 0.0550542 -0.183172 0.191267
3.65 0.0439726 -0.186977 0.192078
3.66 0.0326304 -0.190109 0.192889
3.67 0.0210691 -0.192549 0.193699
3.68 0.00933065 -0.194285 0.194509
3.69 -0.00254126 -0.195303 0.19532
3.7 -0.0145025 -0.195595 0.196132
3.71 -0.0265085 -0.195153 0.196945
3.72 -0.0385139 -0.193974 0.197761
3.73 -0.0504728 -0.192057 0.198578
3.74 -0.0623399 -0.189402 0.199398
3.75 -0.074069 -0.186016 0.20022
3.76 -0.0856148 -0.181905 0.201045
3.77 -0.0969322 -0.177079 0.201873
3.78 -0.107977 -0.171552 0.202704
3.79 -0.118704 -0.165339 0.203538
3.8 -0.129072 -0.158459 0.204374
3.81 -0.139038 -0.150932 0.205212
3.82 -0.148562 -0.142783 0.206053
3.83 -0.157605 -0.134038 0.206895
3.84 -0.166129 -0.124726 0.207738
3.85 -0.174098 -0.114877 0.208583
3.86 -0.181478 -0.104525 0.209427
3.87 -0.188238 -0.0937059 0.210272
3.88 -0.194347 -0.0824563 0.211116
3.89 -0.199779 -0.0708157 0.211959
3.9 -0.204507 -0.0588253 0.212799
3.91 -0.20851 -0.0465275 0.213638
3.92 -0.211767 -0.0339665 0.214474
3.93 -0.214262 -0.0211875 0.215307
3.94 -0.215979 -0.00823694 0.216136
3.95 -0.216907 0.00483806 0.216961
3.96 -0.217038 0.017989 0.217782
3.97 -0.216365 0.0311676 0.218598
3.98 -0.214886 0.0443248 0.21941
3.99 -0.212601 0.0574108 0.220216
4 -0.209514 0.070377 0.221018
4.01 -0.20563 0.0831737 0.221815
4.02 -0.20096 0.0957525 0.222606
4.03 -0.195516 0.108065 0.223393
4.04 -0.189313 0.120064 0.224176
4.05 -0.182369 0.131702 0.224954
4.06 -0.174707 0.142935 0.225727
4.07 -0.166349 0.153717 0.226497
4.08 -0.157323 0.164007 0.227264
4.09 -0.147659 0.173762 0.228027
4.1 -0.137387 0.182944 0.228787
4.11 -0.126544 0.191514 0.229545
4.12 -0.115164 0.199438 0.230301
4.13 -0.103289 0.206683 0.231055
4.14 -0.0909581 0.213217 0.231807
4.15 -0.0782151 0.219012 0.232559
4.16 -0.0651045 0.224042 0.23331
4.17 -0.0516727 0.228286 0.234061
4.18 -0.0379678 0.231721 0.234811
4.19 -0.0240385 0.234332 0.235562
4.2 -0.009935 0.236103 0.236312
4.21 0.00429164 0.237024 0.237063
4.22 0.0185894 0.237087 0.237815
4.23 0.0329062 0.236286 0.238566
4.24 0.0471897 0.23462 0.239319
4.25 0.0613865 0.23209 0.240071
4.26 0.0754447 0.228701 0.240823
4.27 0.0893113 0.22446 0.241576
4.28 0.102935 0.219379 0.242328
4.29 0.116263 0.213472 0.243079
4.3 0.129247 0.206756 0.24383
4.31 0.141836 0.199252 0.244579
4.32 0.153983 0.190983 0.245326
4.33 0.165641 0.181975 0.246072
4.34 0.176764 0.172257 0.246816
4.35 0.187309 0.161863 0.247557
4.36 0.197236 0.150825 0.248295
4.37 0.206504 0.139182 0.249029
4.38 0.215077 0.126972 0.24976
4.39 0.222919 0.114238 0.250486
4.4 0.23 0.101023 0.251208
4.41 0.236289 0.0873728 0.251925
4.42 0.24176 0.0733359 0.252638
4.43 0.246388 0.0589607 0.253345
4.44 0.250155 0.0442983 0.254047
4.45 0.253041 0.0294004 0.254743
4.46 0.255032 0.0143202 0.255434
4.47 0.256117 -0.000888802 0.256119
4.48 0.256288 -0.0161717 0.256798
4.49 0.255541 -0.0314735 0.257472
4.5 0.253873 -0.0467391 0.25814
4.51 0.251288 -0.0619129 0.258802
4.52 0.24779 -0.0769398 0.25946
4.53 0.243388 -0.0917647 0.260112
4.54 0.238094 -0.106333 0.260759
4.55 0.231924 -0.120592 0.261402
4.56 0.224896 -0.134488 0.26204
4.57 0.217032 -0.147969 0.262674
4.58 0.208357 -0.160986 0.263305
4.59 0.198899 -0.17349 0.263931
4.6 0.18869 -0.185433 0.264555
4.61 0.177761 -0.196771 0.265175
4.62 0.166152 -0.20746 0.265793
4.63 0.153899 -0.217459 0.266408
4.64 0.141045 -0.22673 0.267021
4.65 0.127633 -0.235237 0.267632
4.66 0.113711 -0.242946 0.268241
4.67 0.0993244 -0.249828 0.268848
4.68 0.0845249 -0.255853 0.269453
4.69 0.0693632 -0.260997 0.270057
4.7 0.0538926 -0.26524 0.270659
4.71 0.0381668 -0.268561 0.27126
4.72 0.0222417 -0.270947 0.271859
4.73 0.00617313 -0.272386 0.272456
4.74 -0.00998205 -0.272868 0.273051
4.75 -0.0261665 -0.27239 0.273644
4.76 -0.0423224 -0.270949 0.274235
4.77 -0.0583923 -0.268547 0.274822
4.78 -0.0743187 -0.265191 0.275408
4.79 -0.0900445 -0.260887 0.27599
4.8 -0.105513 -0.25565 0.276568
4.81 -0.120669 -0.249493 0.277142
4.82 -0.135456 -0.242438 0.277713
4.83 -0.149822 -0.234504 0.278278
4.84 -0.163715 -0.225719 0.27884
4.85 -0.177083 -0.21611 0.279395
4.86 -0.189878 -0.205709 0.279946
4.87 -0.202053 -0.19455 0.280491
4.88 -0.213562 -0.182671 0.28103
4.89 -0.224364 -0.170112 0.281562
4.9 -0.234418 -0.156914 0.282089
4.91 -0.243687 -0.143124 0.282609
4.92 -0.252135 -0.128787 0.283122
4.93 -0.25973 -0.113953 0.283629
4.94 -0.266445 -0.0986728 0.284129
4.95 -0.272252 -0.0829987 0.284622
4.96 -0.277129 -0.0669854 0.285109
4.97 -0.281056 -0.0506876 0.28559
4.98 -0.284017 -0.0341624 0.286064
4.99 -0.285999 -0.0174671 0.286532
5 -0.286994 -0.000659941 0.286995
5.01 -0.286995 0.0162007 0.287452
5.02 -0.285999 0.0330554 0.287903
5.03 -0.284009 0.0498455 0.28835
5.04 -0.281028 0.0665119 0.288791
5.05 -0.277065 0.0829959 0.289229
5.06 -0.272132 0.0992396 0.289662
5.07 -0.266243 0.115186 0.290092
5.08 -0.259418 0.130778 0.290518
5.09 -0.251678 0.14596 0.29094
5.1 -0.243048 0.16068 0.29136
5.11 -0.233557 0.174885 0.291777
5.12 -0.223236 0.188524 0.292191
5.13 -0.21212 0.201548 0.292603
5.14 -0.200245 0.213912 0.293012
5.15 -0.187651 0.22557 0.293419
5.16 -0.174382 0.236481 0.293824
5.17 -0.160481 0.246606 0.294226
5.18 -0.145996 0.255908 0.294625
5.19 -0.130977 0.264354 0.295022
5.2 -0.115474 0.271912 0.295415
5.21 -0.0995396 0.278555 0.295806
5.22 -0.0832299 0.284259 0.296193
5.23 -0.0665994 0.289002 0.296576
5.24 -0.0497057 0.292766 0.296956
5.25 -0.0326067 0.295537 0.29733
5.26 -0.0153612 0.297304 0.2977
5.27 0.00197184 0.298058 0.298065
5.28 0.0193323 0.297797 0.298424
5.29 0.0366608 0.29652 0.298778
5.3 0.0538974 0.294229 0.299125
5.31 0.0709827 0.290931 0.299465
5.32 0.0878578 0.286637 0.299799
5.33 0.104465 0.281359 0.300126
5.34 0.120745 0.275115 0.300446
5.35 0.136644 0.267924 0.300757
5.36 0.152106 0.259812 0.301062
5.37 0.167078 0.250803 0.301359
5.38 0.181507 0.240929 0.301648
5.39 0.195344 0.230222 0.30193
5.4 0.208541 0.218718 0.302204
5.41 0.221052 0.206456 0.30247
5.42 0.232835 0.193477 0.30273
5.43 0.243847 0.179824 0.302982
5.44 0.254052 0.165544 0.303228
5.45 0.263413 0.150684 0.303467
5.46 0.271899 0.135296 0.3037
5.47 0.279479 0.11943 0.303928
5.48 0.286127 0.103142 0.30415
5.49 0.291821 0.0864855 0.304367
5.5 0.296539 0.0695174 0.304579
5.51 0.300267 0.0522951 0.304786
5.52 0.302989 0.0348772 0.30499
5.53 0.304698 0.0173225 0.30519
5.54 0.305386 -0.000309268 0.305387
5.55 0.305052 -0.0179585 0.30558
5.56 0.303694 -0.0355655 0.30577
5.57 0.301319 -0.0530704 0.305957
5.58 0.297933 -0.0704139 0.306141
5.59 0.293548 -0.0875378 0.306322
5.6 0.288178 -0.104383 0.3065
5.61 0.281841 -0.120894 0.306676
5.62 0.274559 -0.137015 0.306848
5.63 0.266356 -0.15269 0.307018
5.64 0.257259 -0.167867 0.307184
5.65 0.247299 -0.182496 0.307346
5.66 0.23651 -0.196525 0.307505
5.67 0.224928 -0.209909 0.307659
5.68 0.212591 -0.222603 0.307809
5.69 0.199541 -0.234563 0.307955
5.7 0.185822 -0.24575 0.308095
5.71 0.17148 -0.256126 0.30823
5.72 0.156563 -0.265657 0.308359
5.73 0.141121 -0.27431 0.308482
5.74 0.125207 -0.282058 0.308599
5.75 0.108872 -0.288874 0.308709
5.76 0.0921725 -0.294736 0.308813
5.77 0.0751638 -0.299625 0.308909
5.78 0.057903 -0.303524 0.308998
5.79 0.040447 -0.306422 0.30908
5.8 0.0228548 -0.308308 0.309154
5.81 0.00518478 -0.309178 0.309221
5.82 -0.0125043 -0.309028 0.309281
5.83 -0.0301538 -0.30786 0.309334
5.84 -0.0477046 -0.305679 0.309379
5.85 -0.0650991 -0.302492 0.309417
5.86 -0.082279 -0.29831 0.309449
5.87 -0.0991883 -0.293148 0.309474
5.88 -0.115771 -0.287024 0.309493
5.89 -0.131971 -0.279959 0.309505
5.9 -0.147737 -0.271978 0.309513
5.91 -0.163016 -0.263106 0.309514
5.92 -0.177759 -0.253375 0.309511
5.93 -0.191916 -0.242817 0.309503
5.94 -0.205442 -0.231469 0.309491
5.95 -0.218294 -0.219368 0.309474
5.96 -0.230428 -0.206555 0.309454
5.97 -0.241806 -0.193072 0.30943
5.98 -0.25239 -0.178967 0.309403
5.99 -0.262149 -0.164284 0.309372
6 -0.271049 -0.149074 0.309339
6.01 -0.279062 -0.133386 0.309302
6.02 -0.286164 -0.117274 0.309262
6.03 -0.292332 -0.10079 0.309219
6.04 -0.297547 -0.0839897 0.309173
6.05 -0.301792 -0.0669278 0.309125
6.06 -0.305056 -0.0496608 0.309072
6.07 -0.307329 -0.0322456 0.309016
6.08 -0.308605 -0.0147395 0.308957
6.09 -0.30888 0.00280046 0.308893
6.1 -0.308156 0.0203165 0.308825
6.11 -0.306436 0.037752 0.308752
6.12 -0.303727 0.0550492 0.308675
6.13 -0.300039 0.0721527 0.308593
6.14 -0.295387 0.089007 0.308506
6.15 -0.289786 0.105557 0.308412
6.16 -0.283256 0.12175 0.308314
6.17 -0.275821 0.137534 0.308209
6.18 -0.267505 0.152857 0.308098
6.19 -0.258337 0.167672 0.30798
6.2 -0.248348 0.18193 0.307856
6.21 -0.237573 0.195587 0.307726
6.22 -0.226047 0.2086 0.307589
6.23 -0.213809 0.220927 0.307446
6.24 -0.200901 0.232529 0.307296
6.25 -0.187364 0.243371 0.30714
6.26 -0.173245 0.253419 0.306977
6.27 -0.158589 0.262642 0.306808
6.28 -0.143446 0.271012 0.306633
6.29 -0.127864 0.278503 0.306453
6.3 -0.111896 0.285094 0.306266
6.31 -0.0955932 0.290764 0.306075
6.32 -0.0790092 0.295498 0.305878
6.33 -0.0621976 0.299282 0.305677
6.34 -0.0452135 0.302106 0.305471
6.35 -0.0281115 0.303964 0.305261
6.36 -0.0109474 0.30485 0.305047
6.37 0.00622454 0.304765 0.304829
6.38 0.0233482 0.303712 0.304608
6.39 0.0403691 0.301695 0.304383
6.4 0.0572332 0.298723 0.304156
6.41 0.0738864 0.294808 0.303926
6.42 0.0902758 0.289965 0.303693
6.43 0.10635 0.284212 0.303458
6.44 0.122058 0.277569 0.303221
6.45 0.13735 0.27006 0.302981
6.46 0.15218 0.26171 0.302739
6.47 0.166499 0.252548 0.302494
6.48 0.180265 0.242607 0.302247
6.49 0.193434 0.231918 0.301998
6.5 0.205966 0.220519 0.301746
6.51 0.217823 0.208447 0.301491
6.52 0.228969 0.195742 0.301234
6.53 0.239371 0.182448 0.300974
6.54 0.248996 0.168606 0.300711
6.55 0.257817 0.154264 0.300444
6.56 0.265807 0.139467 0.300174
6.57 0.272944 0.124263 0.2999
6.58 0.279208 0.108704 0.299622
6.59 0.28458 0.092837 0.29934
6.6 0.289047 0.0767149 0.299054
6.61 0.292596 0.0603888 0.298763
6.62 0.29522 0.0439114 0.298468
6.63 0.296912 0.0273345 0.298167
6.64 0.29767 0.0107112 0.297862
6.65 0.297493 -0.0059059 0.297552
6.66 0.296386 -0.0224647 0.297237
6.67 0.294355 -0.038913 0.296916
6.68 0.291408 -0.0551992 0.29659
6.69 0.287558 -0.0712732 0.29626
6.7 0.28282 -0.0870843 0.295924
6.71 0.277211 -0.102584 0.295583
6.72 0.270752 -0.117724 0.295238
6.73 0.263464 -0.132459 0.294888
6.74 0.255376 -0.146743 0.294534
6.75 0.246512 -0.160533 0.294175
6.76 0.236905 -0.173787 0.293812
6.77 0.226586 -0.186465 0.293446
6.78 0.215591 -0.19853 0.293076
6.79 0.203955 -0.209946 0.292703
6.8 0.191718 -0.220679 0.292327
6.81 0.178919 -0.230698 0.291948
6.82 0.165601 -0.239974 0.291567
6.83 0.151807 -0.248479 0.291183
6.84 0.137581 -0.256192 0.290797
6.85 0.12297 -0.263089 0.290409
6.86 0.10802 -0.269153 0.29002
6.87 0.0927787 -0.274366 0.289628
6.88 0.0772954 -0.278716 0.289236
6.89 0.0616186 -0.282193 0.288842
6.9 0.045798 -0.284787 0.288446
6.91 0.0298835 -0.286495 0.288049
6.92 0.0139245 -0.287314 0.287651
6.93 -0.00202895 -0.287244 0.287252
6.94 -0.0179269 -0.28629 0.286851
6.95 -0.0337208 -0.284456 0.286448
6.96 -0.0493615 -0.281752 0.286043
6.97 -0.0648014 -0.278189 0.285636
6.98 -0.0799932 -0.273781 0.285228
6.99 -0.0948905 -0.268545 0.284817
7 -0.109448 -0.262501 0.284404
7.01 -0.123623 -0.255668 0.283988
7.02 -0.137372 -0.248073 0.283569
7.03 -0.150654 -0.239741 0.283147
7.04 -0.163431 -0.2307 0.282722
7.05 -0.175663 -0.220981 0.282294
7.06 -0.187316 -0.210617 0.281863
7.07 -0.198356 -0.199641 0.281428
7.08 -0.208751 -0.18809 0.280989
7.09 -0.218472 -0.176002 0.280547
7.1 -0.22749 -0.163416 0.280101
7.11 -0.235782 -0.150373 0.279651
7.12 -0.243323 -0.136914 0.279198
7.13 -0.250095 -0.123082 0.278741
7.14 -0.256079 -0.108923 0.278281
7.15 -0.261259 -0.0944792 0.277818
7.16 -0.265624 -0.0797974 0.277351
7.17 -0.269162 -0.0649236 0.276881
7.18 -0.271866 -0.0499041 0.276409
7.19 -0.273732 -0.0347852 0.275933
7.2 -0.274757 -0.0196144 0.275456
7.21 -0.27494 -0.00443775 0.274976
7.22 -0.274286 0.0106976 0.274495
7.23 -0.272799 0.0257457 0.274012
7.24 -0.270488 0.040661 0.273527
7.25 -0.267362 0.0553979 0.273041
7.26 -0.263436 0.0699122 0.272555
7.27 -0.258722 0.0841605 0.272067
7.28 -0.253241 0.0981002 0.271578
7.29 -0.247012 0.11169 0.27109
7.3 -0.240057 0.124889 0.2706
7.31 -0.232399 0.13766 0.27011
7.32 -0.224067 0.149964 0.26962
7.33 -0.215087 0.161766 0.26913
7.34 -0.20549 0.173033 0.268639
7.35 -0.195308 0.183732 0.268147
7.36 -0.184575 0.193832 0.267654
7.37 -0.173325 0.203306 0.267161
7.38 -0.161595 0.212128 0.266667
7.39 -0.149423 0.220272 0.266171
7.4 -0.136848 0.227718 0.265674
7.41 -0.12391 0.234445 0.265176
7.42 -0.11065 0.240436 0.264675
7.43 -0.0971096 0.245676 0.264172
7.44 -0.0833311 0.250153 0.263667
7.45 -0.0693574 0.253855 0.263159
7.46 -0.0552323 0.256776 0.262649
7.47 -0.040999 0.258909 0.262135
7.48 -0.026701 0.260252 0.261618
7.49 -0.0123827 0.260804 0.261098
7.5 0.00191302 0.260567 0.260574
7.51 0.0161425 0.259546 0.260047
7.52 0.0302629 0.257746 0.259516
7.53 0.0442322 0.255177 0.258982
7.54 0.0580084 0.251849 0.258444
7.55 0.0715509 0.247778 0.257902
7.56 0.0848198 0.242978 0.257357
7.57 0.097776 0.237467 0.256808
7.58 0.110382 0.231265 0.256257
7.59 0.1226 0.224395 0.255702
7.6 0.134397 0.21688 0.255146
7.61 0.145738 0.208746 0.254586
7.62 0.15659 0.20002 0.254025
7.63 0.166924 0.190732 0.253461
7.64 0.176711 0.180914 0.252896
7.65 0.185924 0.170595 0.25233
7.66 0.194536 0.159812 0.251762
7.67 0.202527 0.148598 0.251194
7.68 0.209874 0.136989 0.250625
7.69 0.216557 0.125023 0.250055
7.7 0.222561 0.112737 0.249486
7.71 0.22787 0.10017 0.248915
7.72 0.232472 0.087362 0.248346
7.73 0.236356 0.0743525 0.247775
7.74 0.239514 0.0611815 0.247205
7.75 0.24194 0.0478903 0.246635
7.76 0.243631 0.0345189 0.246064
7.77 0.244584 0.0211087 0.245493
7.78 0.244802 0.00770015 0.244923
7.79 0.244285 -0.00566635 0.244351
7.8 0.243041 -0.0189505 0.243779
7.81 0.241077 -0.0321123 0.243206
7.82 0.238401 -0.0451131 0.242632
7.83 0.235026 -0.0579144 0.242056
7.84 0.230965 -0.0704788 0.241479
7.85 0.226235 -0.082769 0.2409
7.86 0.220852 -0.0947501 0.240319
7.87 0.214837 -0.106387 0.239735
7.88 0.20821 -0.117647 0.239149
7.89 0.200996 -0.128498 0.23856
7.9 0.193219 -0.138909 0.237969
7.91 0.184904 -0.148851 0.237374
7.92 0.176081 -0.158298 0.236776
7.93 0.166779 -0.167222 0.236175
7.94 0.157027 -0.175601 0.23557
7.95 0.146858 -0.183411 0.234962
7.96 0.136305 -0.190634 0.234351
7.97 0.125401 -0.197249 0.233736
7.98 0.114182 -0.203241 0.233119
7.99 0.102682 -0.208595 0.232498
8 0.0909383 -0.213298 0.231875
8.01 0.0789873 -0.217341 0.231249
8.02 0.0668657 -0.220714 0.23062
8.03 0.0546114 -0.223411 0.229989
8.04 0.0422619 -0.225429 0.229356
8.05 0.0298551 -0.226764 0.228721
8.06 0.017428 -0.227417 0.228084
8.07 0.00501891 -0.227391 0.227446
8.08 -0.00733563 -0.226688 0.226807
8.09 -0.019598 -0.225316 0.226166
8.1 -0.0317327 -0.223281 0.225525
8.11 -0.043703 -0.220596 0.224883
8.12 -0.0554749 -0.21727 0.22424
8.13 -0.0670134 -0.213318 0.223597
8.14 -0.0782855 -0.208756 0.222953
8.15 -0.0892588 -0.203602 0.222308
8.16 -0.0999023 -0.197873 0.221663
8.17 -0.110186 -0.191592 0.221016
8.18 -0.12008 -0.184779 0.220369
8.19 -0.129559 -0.17746 0.219722
8.2 -0.138596 -0.169659 0.219073
8.21 -0.147165 -0.161402 0.218423
8.22 -0.155246 -0.152718 0.217771
8.23 -0.162817 -0.143634 0.217117
8.24 -0.169857 -0.134181 0.216462
8.25 -0.17635 -0.124389 0.215805
8.26 -0.182278 -0.11429 0.215146
8.27 -0.187629 -0.103916 0.214484
8.28 -0.19239 -0.0933006 0.21382
8.29 -0.196549 -0.0824762 0.213153
8.3 -0.2001 -0.071477 0.212483
8.31 -0.203035 -0.0603371 0.21181
8.32 -0.205349 -0.0490907 0.211135
8.33 -0.207039 -0.0377726 0.210457
8.34 -0.208106 -0.0264166 0.209776
8.35 -0.208549 -0.0150574 0.209092
8.36 -0.208372 -0.00372858 0.208405
8.37 -0.207579 0.00753531 0.207716
8.38 -0.206178 0.0187017 0.207024
8.39 -0.204176 0.0297378 0.20633
8.4 -0.201583 0.0406111 0.205634
8.41 -0.198413 0.0512905 0.204935
8.42 -0.194678 0.0617454 0.204235
8.43 -0.190393 0.0719459 0.203533
8.44 -0.185575 0.0818636 0.20283
8.45 -0.180244 0.0914705 0.202125
8.46 -0.174417 0.10074 0.20142
8.47 -0.168117 0.109648 0.200714
8.48 -0.161365 0.118169 0.200007
8.49 -0.154187 0.126281 0.1993
8.5 -0.146604 0.133963 0.198592
8.51 -0.138645 0.141195 0.197885
8.52 -0.130335 0.147959 0.197177
8.53 -0.121701 0.154238 0.19647
8.54 -0.112773 0.160016 0.195763
8.55 -0.103579 0.165282 0.195056
8.56 -0.0941489 0.170022 0.194349
8.57 -0.0845123 0.174227 0.193642
8.58 -0.0746994 0.177887 0.192935
8.59 -0.0647415 0.180998 0.192228
8.6 -0.0546691 0.183553 0.191521
8.61 -0.0445135 0.185549 0.190814
8.62 -0.0343052 0.186985 0.190106
8.63 -0.0240752 0.187861 0.189398
8.64 -0.0138545 0.188179 0.188689
8.65 -0.00367285 0.187943 0.187979
8.66 0.00643908 0.187157 0.187268
8.67 0.016452 0.185829 0.186556
8.68 0.0263373 0.183967 0.185842
8.69 0.0360661 0.181581 0.185128
8.7 0.045611 0.178681 0.184411
8.71 0.0549455 0.175283 0.183693
8.72 0.0640431 0.171399 0.182973
8.73 0.0728792 0.167045 0.182251
8.74 0.0814296 0.162238 0.181527
8.75 0.0896719 0.156997 0.180801
8.76 0.0975839 0.15134 0.180073
8.77 0.105145 0.145288 0.179344
8.78 0.112336 0.138863 0.178613
8.79 0.11914 0.132087 0.17788
8.8 0.125539 0.124982 0.177145
8.81 0.131517 0.117573 0.17641
8.82 0.137062 0.109885 0.175673
8.83 0.142162 0.101943 0.174935
8.84 0.146803 0.0937716 0.174196
8.85 0.150979 0.0853983 0.173457
8.86 0.154679 0.0768494 0.172718
8.87 0.157899 0.0681517 0.171979
8.88 0.160633 0.0593321 0.17124
8.89 0.162877 0.0504179 0.170502
8.9 0.16463 0.0414364 0.169764
8.91 0.165891 0.032414 0.169028
8.92 0.166661 0.0233781 0.168292
8.93 0.166942 0.0143556 0.167559
8.94 0.166739 0.00537248 0.166826
8.95 0.166057 -0.00354541 0.166095
8.96 0.164903 -0.0123719 0.165366
8.97 0.163284 -0.0210829 0.164639
8.98 0.16121 -0.029653 0.163914
8.99 0.158691 -0.0380595 0.163191
9 0.155739 -0.0462788 0.16247
9.01 0.152367 -0.0542892 0.16175
9.02 0.14859 -0.0620689 0.161033
9.03 0.144422 -0.0695983 0.160317
9.04 0.139879 -0.0768574 0.159603
9.05 0.134979 -0.083828 0.158891
9.06 0.129738 -0.0904927 0.15818
9.07 0.124177 -0.0968356 0.157471
9.08 0.118314 -0.102841 0.156762
9.09 0.112169 -0.108496 0.156055
9.1 0.105763 -0.113787 0.155349
9.11 0.0991177 -0.118703 0.154644
9.12 0.0922542 -0.123234 0.15394
9.13 0.0851944 -0.127371 0.153236
9.14 0.077961 -0.131105 0.152534
9.15 0.0705763 -0.134431 0.151831
9.16 0.0630637 -0.137344 0.15113
9.17 0.0554455 -0.139839 0.15043
9.18 0.0477449 -0.141913 0.14973
9.19 0.0399845 -0.143567 0.149031
9.2 0.0321874 -0.144799 0.148333
9.21 0.0243757 -0.14561 0.147636
9.22 0.0165729 -0.146003 0.146941
9.23 0.00879976 -0.145982 0.146247
9.24 0.00107878 -0.145551 0.145555
9.25 -0.00656902 -0.144715 0.144864
9.26 -0.0141226 -0.143483 0.144176
9.27 -0.0215619 -0.141861 0.14349
9.28 -0.0288672 -0.139859 0.142807
9.29 -0.0360192 -0.137486 0.142126
9.3 -0.0429996 -0.134754 0.141448
9.31 -0.049791 -0.131674 0.140773
9.32 -0.0563761 -0.128258 0.140102
9.33 -0.0627392 -0.124521 0.139434
9.34 -0.0688644 -0.120477 0.13877
9.35 -0.0747378 -0.11614 0.138109
9.36 -0.080346 -0.111525 0.137453
9.37 -0.085676 -0.106649 0.136801
9.38 -0.0907164 -0.101528 0.136152
9.39 -0.0954565 -0.0961797 0.135508
9.4 -0.0998867 -0.0906207 0.134868
9.41 -0.103998 -0.084869 0.134232
9.42 -0.107783 -0.0789429 0.133601
9.43 -0.111235 -0.0728602 0.132973
9.44 -0.114349 -0.06664 0.13235
9.45 -0.117119 -0.0603005 0.13173
9.46 -0.119542 -0.0538608 0.131115
9.47 -0.121614 -0.0473387 0.130503
9.48 -0.123336 -0.0407538 0.129895
9.49 -0.124706 -0.0341242 0.129291
9.5 -0.125725 -0.0274684 0.12869
9.51 -0.126392 -0.0208047 0.128093
9.52 -0.126712 -0.014151 0.1275
9.53 -0.126687 -0.00752524 0.12691
9.54 -0.12632 -0.000944593 0.126324
9.55 -0.125617 0.00557347 0.125741
9.56 -0.124584 0.0120127 0.125162
9.57 -0.123227 0.0183568 0.124587
9.58 -0.121553 0.0245899 0.124016
9.59 -0.11957 0.0306968 0.123448
9.6 -0.117288 0.0366633 0.122885
9.61 -0.114715 0.0424744 0.122326
9.62 -0.111861 0.0481174 0.121771
9.63 -0.108738 0.0535787 0.121221
9.64 -0.105356 0.0588467 0.120676
9.65 -0.101727 0.0639096 0.120137
9.66 -0.0978632 0.0687566 0.119602
9.67 -0.0937775 0.073377 0.119073
9.68 -0.0894827 0.0777622 0.11855
9.69 -0.0849921 0.0819027 0.118033
9.7 -0.08032 0.0857909 0.117522
9.71 -0.0754798 0.0894191 0.117017
9.72 -0.0704861 0.0927816 0.116519
9.73 -0.0653534 0.0958714 0.116028
9.74 -0.0600959 0.0986846 0.115543
9.75 -0.0547289 0.101216 0.115065
9.76 -0.0492665 0.103463 0.114594
9.77 -0.043724 0.105421 0.114129
9.78 -0.0381163 0.107091 0.113672
9.79 -0.0324583 0.108468 0.113221
9.8 -0.026764 0.109554 0.112776
9.81 -0.0210489 0.110349 0.112338
9.82 -0.0153271 0.110852 0.111907
9.83 -0.00961322 0.111066 0.111482
9.84 -0.00392105 0.110993 0.111062
9.85 0.00173485 0.110635 0.110649
9.86 0.00734174 0.109996 0.110241
9.87 0.0128851 0.109081 0.109839
9.88 0.0183528 0.107892 0.109442
9.89 0.0237316 0.106437 0.10905
9.9 0.0290089 0.10472 0.108664
9.91 0.0341728 0.102749 0.108282
9.92 0.0392119 0.100529 0.107906
9.93 0.0441144 0.0980687 0.107534
9.94 0.0488702 0.0953754 0.107167
9.95 0.0534681 0.0924577 0.106805
9.96 0.0578987 0.089324 0.106447
9.97 0.0621523 0.0859838 0.106095
9.98 0.0662205 0.082446 0.105747
9.99 0.0700941 0.0787217 0.105405
10 0.0737653 0.0748198 0.105068
10.01 0.0772271 0.0707519 0.104737
10.02 0.0804721 0.0665283 0.104412
10.03 0.0834941 0.0621603 0.104092
10.04 0.0862872 0.0576591 0.103779
10.05 0.0888463 0.0530367 0.103472
10.06 0.0911664 0.0483042 0.103173
10.07 0.0932434 0.0434745 0.10288
10.08 0.0950735 0.0385587 0.102595
10.09 0.096654 0.0335696 0.102318
10.1 0.097982 0.0285193 0.102048
10.11 0.0990561 0.0234207 0.101787
10.12 0.0998739 0.0182856 0.101534
10.13 0.100436 0.0131266 0.10129
10.14 0.10074 0.00795657 0.101054
10.15 0.100788 0.00278742 0.100827
10.16 0.10058 -0.00236794 0.100608
10.17 0.100118 -0.00749749 0.100399
10.18 0.0994036 -0.0125888 0.100198
10.19 0.0984394 -0.0176298 0.100006
10.2 0.0972276 -0.0226083 0.0998216
10.21 0.0957727 -0.0275129 0.0996462
10.22 0.0940782 -0.0323314 0.0994788
10.23 0.0921492 -0.0370527 0.0993196
10.24 0.0899899 -0.0416649 0.0991673
10.25 0.0876066 -0.0461581 0.0990227
10.26 0.0850052 -0.0505206 0.0988848
10.27 0.0821921 -0.0547427 0.0987538
10.28 0.0791747 -0.0588136 0.098629
10.29 0.0759601 -0.0627238 0.0985099
10.3 0.0725562 -0.0664638 0.0983963
10.31 0.0689718 -0.0700249 0.0982883
10.32 0.0652152 -0.0733975 0.0981846
10.33 0.061296 -0.0765743 0.0980858
10.34 0.0572236 -0.0795469 0.0979911
10.35 0.053008 -0.0823082 0.0979004
10.36 0.0486597 -0.0848508 0.0978132
10.37 0.044189 -0.0871691 0.0977298
10.38 0.0396074 -0.0892563 0.0976495
10.39 0.0349257 -0.0911075 0.0975724
10.4 0.0301563 -0.0927175 0.0974984
10.41 0.0253104 -0.0940818 0.0974269
10.42 0.0204001 -0.0951969 0.0973581
10.43 0.0154379 -0.0960597 0.0972923
10.44 0.0104368 -0.0966669 0.0972287
10.45 0.00540847 -0.0970172 0.0971679
10.46 0.000366591 -0.0971085 0.0971092
10.47 -0.00467653 -0.0969404 0.0970531
10.48 -0.00970724 -0.0965126 0.0969995
10.49 -0.0147132 -0.0958253 0.0969483
10.5 -0.0196804 -0.0948798 0.0968994
10.51 -0.0245968 -0.0936776 0.0968529
10.52 -0.0294486 -0.0922213 0.0968091
10.53 -0.0342232 -0.0905134 0.0967673
10.54 -0.0389078 -0.0885579 0.0967281
10.55 -0.0434896 -0.0863592 0.0966916
10.56 -0.0479556 -0.0839222 0.0966576
10.57 -0.0522943 -0.0812521 0.0966261
10.58 -0.0564925 -0.0783556 0.0965971
10.59 -0.0605395 -0.0752391 0.096571
10.6 -0.0644231 -0.0719108 0.0965479
10.61 -0.068132 -0.068378 0.0965273
10.62 -0.0716555 -0.0646499 0.0965097
10.63 -0.0749834 -0.0607352 0.096495
10.64 -0.0781058 -0.0566445 0.0964838
10.65 -0.0810126 -0.0523876 0.0964754
10.66 -0.0836955 -0.0479758 0.0964708
10.67 -0.0861455 -0.0434204 0.0964696
10.68 -0.0883552 -0.0387334 0.0964723
10.69 -0.0903167 -0.0339269 0.0964787
10.7 -0.0920239 -0.0290143 0.0964895
10.71 -0.0934704 -0.024008 0.0965044
10.72 -0.0946513 -0.0189225 0.0965243
10.73 -0.0955613 -0.0137714 0.0965485
10.74 -0.0961972 -0.00856893 0.0965781
10.75 -0.0965552 -0.00332948 0.0966125
10.76 -0.0966338 0.00193189 0.0966531
10.77 -0.0964304 0.00720003 0.0966988
10.78 -0.0959449 0.0124603 0.0967506
10.79 -0.0951767 0.017697 0.096808
10.8 -0.0941271 0.0228951 0.0968715
10.81 -0.0927975 0.0280392 0.0969411
10.82 -0.0911908 0.0331138 0.0970169
10.83 -0.0893094 0.0381038 0.0970982
10.84 -0.0871587 0.0429941 0.0971861
10.85 -0.0847428 0.0477693 0.0972793
10.86 -0.0820679 0.0524153 0.0973782
10.87 -0.0791406 0.0569168 0.0974821
10.88 -0.0759686 0.0612603 0.0975913
10.89 -0.0725601 0.065431 0.0977046
10.9 -0.068924 0.0694162 0.0978219
10.91 -0.0650704 0.0732022 0.0979424
10.92 -0.0610096 0.076777 0.0980657
10.93 -0.0567535 0.0801284 0.0981912
10.94 -0.0523139 0.0832447 0.098318
10.95 -0.0477032 0.0861148 0.0984447
10.96 -0.0429351 0.0887296 0.0985717
10.97 -0.0380235 0.0910785 0.0986969
10.98 -0.0329827 0.0931534 0.0988201
10.99 -0.0278282 0.0949461 0.0989402
11 -0.0225748 0.0964496 0.0990563
11.01 -0.0172392 0.0976576 0.0991675
11.02 -0.0118371 0.0985647 0.099273
11.03 -0.00638577 0.0991665 0.0993719
11.04 -0.00090151 0.0994594 0.0994635
11.05 0.0045978 0.099441 0.0995473
11.06 0.010095 0.0991095 0.0996223
11.07 0.0155725 0.0984641 0.0996879
11.08 0.0210133 0.0975057 0.0997443
11.09 0.0263988 0.0962355 0.0997906
11.1 0.0317123 0.0946559 0.0998269
11.11 0.0369357 0.0927705 0.099853
11.12 0.0420522 0.0905833 0.0998685
11.13 0.0470445 0.0881007 0.0998745
11.14 0.051896 0.0853286 0.0998707
11.15 0.0565899 0.082275 0.0998578
11.16 0.0611104 0.0789478 0.099836
11.17 0.0654419 0.0753573 0.0998067
11.18 0.0695693 0.0715133 0.09977
11.19 0.0734782 0.0674276 0.0997273
11.2 0.0771548 0.063112 0.0996794
11.21 0.0805856 0.0585805 0.0996279
11.22 0.0837586 0.053846 0.0995736
11.23 0.0866619 0.0489243 0.0995182
11.24 0.0892843 0.0438298 0.0994622
11.25 0.0916169 0.0385795 0.0994084
11.26 0.0936497 0.0331897 0.0993571
11.27 0.095375 0.0276783 0.0993101
11.28 0.0967854 0.0220625 0.0992682
11.29 0.0978755 0.0163611 0.0992336
11.3 0.0986398 0.0105927 0.0992069
11.31 0.0990747 0.00477665 0.0991898
11.32 0.0991772 -0.00106775 0.0991829
11.33 0.0989458 -0.00692073 0.0991876
11.34 0.0983797 -0.0127631 0.0992042
11.35 0.0974803 -0.0185742 0.0992341
11.36 0.0962484 -0.0243345 0.099277
11.37 0.0946879 -0.0300247 0.0993342
11.38 0.0928023 -0.0356242 0.0994049
11.39 0.0905974 -0.0411143 0.0994901
11.4 0.0880793 -0.0464754 0.0995888
11.41 0.0852559 -0.0516892 0.0997013
11.42 0.0821359 -0.0567366 0.0998266
11.43 0.0787292 -0.0616002 0.0999643
11.44 0.0750464 -0.066262 0.100113
11.45 0.0710996 -0.0707058 0.100272
11.46 0.0669016 -0.0749153 0.10044
11.47 0.0624669 -0.0788755 0.100615
11.48 0.0578097 -0.082571 0.100797
11.49 0.0529457 -0.0859892 0.100982
11.5 0.0478919 -0.0891165 0.10117
11.51 0.0426649 -0.0919419 0.101359
11.52 0.0372835 -0.094454 0.101546
11.53 0.0317658 -0.0966435 0.10173
11.54 0.0261312 -0.0985015 0.101909
11.55 0.0203992 -0.100021 0.10208
11.56 0.0145905 -0.101195 0.102242
11.57 0.00872505 -0.10202 0.102392
11.58 0.00282414 -0.10249 0.102529
11.59 -0.00309144 -0.102605 0.102652
11.6 -0.00899982 -0.102362 0.102757
11.61 -0.0148807 -0.101761 0.102843
11.62 -0.0207117 -0.100803 0.102909
11.63 -0.0264726 -0.0994922 0.102954
11.64 -0.0321414 -0.0978314 0.102976
11.65 -0.037698 -0.0958255 0.102974
11.66 -0.0431216 -0.0934811 0.102947
11.67 -0.0483927 -0.0908059 0.102896
11.68 -0.053491 -0.0878091 0.102819
11.69 -0.058398 -0.0845002 0.102716
11.7 -0.0630949 -0.0808909 0.102588
11.71 -0.0677666 -0.077252 0.102763
11.72 -0.0724096 -0.0735849 0.103237
11.73 -0.0770222 -0.0698899 0.104005
11.74 -0.0816009 -0.0661688 0.105057
11.75 -0.0861431 -0.0624218 0.106382
11.76 -0.0906467 -0.0586512 0.107967
11.77 -0.0951081 -0.0548571 0.109795
11.78 -0.0995253 -0.0510415 0.11185
11.79 -0.103895 -0.0472056 0.114117
11.8 -0.108216 -0.0433512 0.116576
11.81 -0.112483 -0.0394794 0.11921
11.82 -0.116695 -0.0355922 0.122003
11.83 -0.12085 -0.0316908 0.124936
11.84 -0.124945 -0.0277775 0.127995
11.85 -0.128976 -0.0238538 0.131163
11.86 -0.132943 -0.0199221 0.134427
11.87 -0.136841 -0.0159839 0.137771
11.88 -0.14067 -0.0120412 0.141184
11.89 -0.144426 -0.00809693 0.144653
11.9 -0.148108 -0.00415251 0.148166
11.91 -0.151713 -0.000210825 0.151713
11.92 -0.155239 0.00372614 0.155284
11.93 -0.158685 0.00765563 0.158869
11.94 -0.162048 0.0115754 0.162461
11.95 -0.165326 0.0154826 0.166049
11.96 -0.168518 0.019375 0.169628
11.97 -0.171622 0.0232493 0.173189
11.98 -0.174637 0.0271032 0.176727
11.99 -0.17756 0.0309334 0.180234
12 -0.180391 0.034738 0.183705
12.01 -0.183129 0.0385127 0.187135
12.02 -0.185772 0.0422556 0.190517
12.03 -0.188319 0.0459629 0.193847
12.04 -0.190769 0.049632 0.197119
12.05 -0.193121 0.0532597 0.200331
12.06 -0.195376 0.056843 0.203477
12.07 -0.197531 0.060378 0.206553
12.08 -0.199587 0.0638621 0.209555
12.09 -0.201543 0.0672918 0.21248
12.1 -0.203399 0.0706641 0.215324
12.11 -0.205154 0.0739751 0.218084
12.12 -0.206809 0.0772219 0.220756
12.13 -0.208365 0.0804012 0.223339
12.14 -0.209819 0.0835092 0.225827
12.15 -0.211175 0.0865432 0.22822
12.16 -0.21243 0.0894992 0.230514
12.17 -0.213587 0.0923743 0.232707
12.18 -0.214646 0.095165 0.234796
12.19 -0.215608 0.0978679 0.23678
12.2 -0.216472 0.100479 0.238655
12.21 -0.217242 0.102997 0.240421
12.22 -0.217916 0.105416 0.242075
12.23 -0.218498 0.107735 0.243615
12.24 -0.218988 0.109949 0.24504
12.25 -0.219387 0.112056 0.246348
12.26 -0.219697 0.114053 0.247538
12.27 -0.21992 0.115936 0.248608
12.28 -0.220057 0.117702 0.249558
12.29 -0.220111 0.119349 0.250385
12.3 -0.220082 0.120873 0.25109
12.31 -0.219974 0.122271 0.251672
12.32 -0.219788 0.123541 0.252129
12.33 -0.219526 0.12468 0.252461
12.34 -0.219191 0.125685 0.252669
12.35 -0.218785 0.126553 0.25275
12.36 -0.218311 0.127283 0.252706
12.37 -0.21777 0.127871 0.252537
12.38 -0.217167 0.128315 0.252242
12.39 -0.216502 0.128613 0.251822
12.4 -0.215779 0.128763 0.251278
12.41 -0.215001 0.128763 0.25061
12.42 -0.214171 0.12861 0.249819
12.43 -0.213291 0.128302 0.248906
12.44 -0.212364 0.127838 0.247873
12.45 -0.211394 0.127217 0.246721
12.46 -0.210383 0.126435 0.245452
12.47 -0.209334 0.125493 0.244068
12.48 -0.208251 0.124388 0.242571
12.49 -0.207136 0.12312 0.240964
12.5 -0.205993 0.121686 0.23925
12.51 -0.204825 0.120086 0.237432
12.52 -0.203634 0.11832 0.235513
12.53 -0.202424 0.116385 0.233497
12.54 -0.201198 0.114281 0.231389
12.55 -0.19996 0.112009 0.229194
12.56 -0.198712 0.109566 0.226916
12.57 -0.197457 0.106953 0.224562
12.58 -0.196198 0.10417 0.222137
12.59 -0.194939 0.101217 0.219649
12.6 -0.193681 0.0980921 0.217105
12.61 -0.19243 0.0947975 0.214513
12.62 -0.191186 0.0913326 0.211881
12.63 -0.189953 0.0876981 0.20922
12.64 -0.188734 0.0838938 0.20654
12.65 -0.187531 0.0799213 0.203851
12.66 -0.186347 0.0757807 0.201167
12.67 -0.185185 0.0714737 0.198499
12.68 -0.184047 0.0670003 0.195863
12.69 -0.182936 0.0623623 0.193273
12.7 -0.181853 0.0575608 0.190745
12.71 -0.180801 0.0525976 0.188297
12.72 -0.179783 0.0474736 0.185945
12.73 -0.1788 0.0421914 0.18371
12.74 -0.177854 0.0367517 0.181612
12.75 -0.176947 0.0311576 0.179669
12.76 -0.176081 0.0254105 0.177905
12.77 -0.175258 0.0195132 0.176341
12.78 -0.174478 0.0134674 0.174997
12.79 -0.173744 0.00727632 0.173896
12.8 -0.173056 0.000942363 0.173059
12.81 -0.172417 -0.00553225 0.172505
12.82 -0.171826 -0.0121438 0.172254
12.83 -0.171285 -0.0188897 0.172323
12.84 -0.170794 -0.0257666 0.172727
12.85 -0.170355 -0.0327713 0.173478
12.86 -0.169967 -0.0399005 0.174588
12.87 -0.169632 -0.0471509 0.176063
12.88 -0.169349 -0.0545179 0.177908
12.89 -0.169119 -0.0619989 0.180125
12.9 -0.168942 -0.0695891 0.182713
12.91 -0.168817 -0.0772857 0.185667
12.92 -0.168744 -0.0850834 0.188981
12.93 -0.168724 -0.0929788 0.192647
12.94 -0.168754 -0.100967 0.196653
12.95 -0.168836 -0.109044 0.200988
12.96 -0.168968 -0.117205 0.205638
12.97 -0.169148 -0.125446 0.21059
12.98 -0.169377 -0.133762 0.215826
12.99 -0.169653 -0.142148 0.221333
13 -0.169974 -0.150599 0.227093
13.01 -0.17034 -0.159111 0.233093
13.02 -0.170748 -0.167678 0.239314
13.03 -0.171198 -0.176295 0.245742
13.04 -0.171687 -0.184958 0.252361
13.05 -0.172213 -0.19366 0.259156
13.06 -0.172775 -0.202397 0.266112
13.07 -0.17337 -0.211163 0.273216
13.08 -0.173996 -0.219953 0.280454
13.09 -0.174651 -0.228762 0.287811
13.1 -0.175332 -0.237583 0.295275
13.11 -0.176037 -0.246412 0.302833
13.12 -0.176763 -0.255242 0.310474
13.13 -0.177508 -0.264069 0.318185
13.14 -0.178269 -0.272886 0.325955
13.15 -0.179042 -0.281688 0.333772
13.16 -0.179824 -0.290469 0.341627
13.17 -0.180614 -0.299223 0.349508
13.18 -0.181407 -0.307945 0.357405
13.19 -0.1822 -0.316629 0.365309
13.2 -0.182991 -0.325268 0.373209
13.21 -0.183775 -0.333858 0.381096
13.22 -0.184549 -0.342392 0.388961
13.23 -0.18531 -0.350865 0.396795
13.24 -0.186055 -0.359271 0.404589
13.25 -0.186779 -0.367604 0.412334
13.26 -0.187479 -0.375859 0.420022
13.27 -0.188152 -0.384029 0.427644
13.28 -0.188794 -0.392109 0.435192
13.29 -0.1894 -0.400093 0.442659
13.3 -0.189968 -0.407975 0.450035
13.31 -0.190494 -0.415751 0.457315
13.32 -0.190974 -0.423413 0.464489
13.33 -0.191403 -0.430958 0.47155
13.34 -0.191779 -0.438378 0.478492
13.35 -0.192098 -0.445669 0.485306
13.36 -0.192355 -0.452825 0.491986
13.37 -0.192547 -0.45984 0.498525
13.38 -0.192671 -0.46671 0.504916
13.39 -0.192723 -0.473429 0.511152
13.4 -0.192698 -0.479991 0.517227
13.41 -0.192595 -0.486392 0.523134
13.42 -0.192408 -0.492626 0.528867
13.43 -0.192134 -0.498688 0.53442
13.44 -0.191771 -0.504573 0.539787
13.45 -0.191314 -0.510277 0.544962
13.46 -0.19076 -0.515794 0.549939
13.47 -0.190107 -0.521119 0.554712
13.48 -0.189351 -0.526248 0.559277
13.49 -0.188489 -0.531176 0.563628
13.5 -0.187517 -0.535899 0.567759
13.51 -0.186434 -0.540413 0.571667
13.52 -0.185236 -0.544712 0.575346
13.53 -0.183921 -0.548792 0.578792
13.54 -0.182486 -0.552651 0.582
13.55 -0.180929 -0.556282 0.584966
13.56 -0.179248 -0.559684 0.587687
13.57 -0.17744 -0.56285 0.590157
13.58 -0.175503 -0.565779 0.592374
13.59 -0.173435 -0.568466 0.594334
13.6 -0.171236 -0.570908 0.596035
13.61 -0.168902 -0.573101 0.597472
13.62 -0.166433 -0.575043 0.598644
13.63 -0.163828 -0.576729 0.599547
13.64 -0.161085 -0.578158 0.600179
13.65 -0.158202 -0.579326 0.600538
13.66 -0.155181 -0.58023 0.600623
13.67 -0.152019 -0.580869 0.600432
13.68 -0.148717 -0.581239 0.599963
13.69 -0.145274 -0.581339 0.599216
13.7 -0.14169 -0.581165 0.598188
13.71 -0.137964 -0.580717 0.596881
13.72 -0.134098 -0.579993 0.595293
13.73 -0.130091 -0.57899 0.593425
13.74 -0.125945 -0.577707 0.591276
13.75 -0.121659 -0.576142 0.588847
13.76 -0.117235 -0.574296 0.58614
13.77 -0.112674 -0.572166 0.583155
13.78 -0.107977 -0.569751 0.579893
13.79 -0.103146 -0.567052 0.576356
13.8 -0.0981822 -0.564066 0.572547
13.81 -0.0930876 -0.560795 0.568468
13.82 -0.0878639 -0.557237 0.564122
13.83 -0.0825138 -0.553393 0.559511
13.84 -0.0770392 -0.549262 0.554639
13.85 -0.0714431 -0.544846 0.54951
13.86 -0.0657276 -0.540144 0.544128
13.87 -0.0598961 -0.535157 0.538498
13.88 -0.0539515 -0.529886 0.532625
13.89 -0.0478973 -0.524332 0.526515
13.9 -0.0417361 -0.518495 0.520172
13.91 -0.0354726 -0.512378 0.513604
13.92 -0.0291091 -0.505982 0.506818
13.93 -0.022651 -0.499307 0.499821
13.94 -0.0161012 -0.492358 0.492621
13.95 -0.00946443 -0.485134 0.485226
13.96 -0.0027444 -0.477639 0.477646
13.97 0.00405344 -0.469873 0.469891
13.98 0.0109249 -0.461842 0.461971
13.99 0.0178652 -0.453546 0.453898
14 0.0248695 -0.444989 0.445683
14.01 0.0319326 -0.436173 0.43734
14.02 0.0390496 -0.427102 0.428884
14.03 0.0462145 -0.417779 0.420328
14.04 0.0534224 -0.408209 0.41169
14.05 0.0606681 -0.398394 0.402987
14.06 0.067945 -0.388338 0.394237
14.07 0.0752483 -0.378045 0.385461
14.08 0.082571 -0.36752 0.376681
14.09 0.0899081 -0.356767 0.367921
14.1 0.097253 -0.34579 0.359206
14.11 0.1046 -0.334595 0.350563
14.12 0.111942 -0.323185 0.342023
14.13 0.119274 -0.311567 0.333617
14.14 0.126588 -0.299745 0.325379
14.15 0.13388 -0.287725 0.317347
14.16 0.14114 -0.275511 0.309559
14.17 0.148365 -0.263111 0.302059
14.18 0.155546 -0.250529 0.294889
14.19 0.162677 -0.237773 0.288097
14.2 0.169752 -0.224847 0.28173
14.21 0.176764 -0.211758 0.275839
14.22 0.183706 -0.198513 0.270472
14.23 0.190572 -0.185118 0.265681
14.24 0.197355 -0.171581 0.261512
14.25 0.204047 -0.157907 0.258011
14.26 0.210644 -0.144104 0.255219
14.27 0.217137 -0.13018 0.253171
14.28 0.223521 -0.116141 0.251894
14.29 0.229789 -0.101995 0.251408
14.3 0.235935 -0.0877493 0.251724
14.31 0.241196 -0.0731313 0.252039
14.32 0.245551 -0.058196 0.252353
14.33 0.24898 -0.0429988 0.252666
14.34 0.251467 -0.0275978 0.252977
14.35 0.253001 -0.0120514 0.253287
14.36 0.253571 0.00358112 0.253597
14.37 0.253174 0.0192404 0.253904
14.38 0.251809 0.0348661 0.254211
14.39 0.249477 0.0503987 0.254517
14.4 0.246185 0.0657777 0.254821
14.41 0.241942 0.0809438 0.255124
14.42 0.236764 0.0958378 0.255425
14.43 0.230666 0.110403 0.255726
14.44 0.22367 0.124581 0.256025
14.45 0.2158 0.138317 0.256323
14.46 0.207084 0.151557 0.256619
14.47 0.197553 0.164249 0.256914
14.48 0.187242 0.176341 0.257208
14.49 0.176188 0.187788 0.2575
14.5 0.164432 0.198541 0.257791
14.51 0.152017 0.208558 0.258081
14.52 0.13899 0.217799 0.258369
14.53 0.125398 0.226227 0.258656
14.54 0.111293 0.233805 0.258942
14.55 0.096728 0.240504 0.259227
14.56 0.0817571 0.246295 0.25951
14.57 0.0664383 0.251152 0.259791
14.58 0.0508285 0.255057 0.260072
14.59 0.0349879 0.257989 0.260351
14.6 0.0189766 0.259937 0.260629
14.61 0.00285632 0.260889 0.260905
14.62 -0.0133114 0.260841 0.26118
14.63 -0.029464 0.259788 0.261453
14.64 -0.0455391 0.257734 0.261726
14.65 -0.0614743 0.254682 0.261997
14.66 -0.077208 0.250644 0.262266
14.67 -0.0926789 0.245632 0.262534
14.68 -0.107826 0.239662 0.262801
14.69 -0.122591 0.232756 0.263066
14.7 -0.136915 0.224938 0.26333
14.71 -0.150742 0.216237 0.263593
14.72 -0.164016 0.206683 0.263854
14.73 -0.176687 0.196311 0.264114
14.74 -0.188702 0.18516 0.264372
14.75 -0.200013 0.173272 0.264629
14.76 -0.210577 0.16069 0.264885
14.77 -0.220349 0.147462 0.265139
14.78 -0.22929 0.133637 0.265392
14.79 -0.237364 0.119267 0.265643
14.8 -0.244536 0.104408 0.265892
14.81 -0.250778 0.089115 0.266141
14.82 -0.256063 0.0734465 0.266388
14.83 -0.260368 0.0574631 0.266634
14.84 -0.263674 0.0412252 0.266877
14.85 -0.265966 0.0247965 0.26712
14.86 -0.267234 0.00823976 0.267361
14.87 -0.267469 -0.00838123 0.2676
14.88 -0.266669 -0.0250022 0.267838
14.89 -0.264834 -0.0415577 0.268074
14.9 -0.261969 -0.0579839 0.268309
14.91 -0.258083 -0.0742158 0.268542
14.92 -0.25319 -0.0901912 0.268774
14.93 -0.247305 -0.105846 0.269004
14.94 -0.24045 -0.12112 0.269233
14.95 -0.232649 -0.135951 0.269459
14.96 -0.223931 -0.150282 0.269684
14.97 -0.214327 -0.164055 0.269908
14.98 -0.203874 -0.177216 0.27013
14.99 -0.19261 -0.189712 0.27035
15 -0.180578 -0.201492 0.270568
15.01 -0.167822 -0.21251 0.270785
15.02 -0.154392 -0.222721 0.271
15.03 -0.140337 -0.232083 0.271214
15.04 -0.125713 -0.240558 0.271426
15.05 -0.110573 -0.248111 0.271635
15.06 -0.0949789 -0.254711 0.271843
15.07 -0.078988 -0.26033 0.27205
15.08 -0.0626627 -0.264944 0.272254
15.09 -0.0460666 -0.268534 0.272457
15.1 -0.0292634 -0.271082 0.272657
15.11 -0.0123195 -0.272578 0.272856
15.12 0.00469969 -0.273012 0.273053
15.13 0.0217277 -0.272383 0.273248
15.14 0.038698 -0.270689 0.273441
15.15 0.0555432 -0.267936 0.273632
15.16 0.0721977 -0.264132 0.273821
15.17 0.0885951 -0.259291 0.274009
15.18 0.104672 -0.253429 0.274194
15.19 0.120363 -0.246568 0.274377
15.2 0.135607 -0.238732 0.274559
15.21 0.150342 -0.229952 0.274737
15.22 0.164511 -0.220259 0.274915
15.23 0.178057 -0.209691 0.27509
15.24 0.190924 -0.198287 0.275263
15.25 0.203063 -0.18609 0.275434
15.26 0.214422 -0.173148 0.275603
15.27 0.224957 -0.159509 0.275769
15.28 0.234625 -0.145227 0.275934
15.29 0.243385 -0.130357 0.276096
15.3 0.251203 -0.114956 0.276257
15.31 0.258046 -0.0990837 0.276415
15.32 0.263885 -0.082803 0.276571
15.33 0.268695 -0.0661762 0.276725
15.34 0.272457 -0.0492691 0.276876
15.35 0.275154 -0.0321474 0.277026
15.36 0.276773 -0.0148787 0.277173
15.37 0.277307 0.00246901 0.277318
15.38 0.276751 0.0198275 0.27746
15.39 0.275107 0.0371285 0.277601
15.4 0.272378 0.0543031 0.277739
15.41 0.268576 0.0712837 0.277875
15.42 0.263713 0.0880026 0.278009
15.43 0.257806 0.104393 0.27814
15.44 0.250878 0.120391 0.27827
15.45 0.242955 0.135932 0.278397
15.46 0.234067 0.150954 0.278522
15.47 0.224247 0.165396 0.278644
15.48 0.213534 0.179201 0.278765
15.49 0.201968 0.192314 0.278883
15.5 0.189594 0.204681 0.278999
15.51 0.176461 0.216253 0.279112
15.52 0.162619 0.226983 0.279224
15.53 0.148122 0.236826 0.279333
15.54 0.133027 0.245745 0.27944
15.55 0.117394 0.2537 0.279544
15.56 0.101283 0.260661 0.279647
15.57 0.0847569 0.266598 0.279747
15.58 0.0678828 0.271486 0.279844
15.59 0.0507256 0.275306 0.27994
15.6 0.0333545 0.278039 0.280033
15.61 0.0158368 0.279676 0.280124
15.62 -0.00175676 0.280207 0.280212
15.63 -0.0193571 0.279629 0.280298
15.64 -0.036894 0.277944 0.280382
15.65 -0.054298 0.275157 0.280464
15.66 -0.0714989 0.271279 0.280543
15.67 -0.0884293 0.266323 0.28062
15.68 -0.10502 0.260307 0.280694
15.69 -0.121207 0.253257 0.280767
15.7 -0.136923 0.245196 0.280836
15.71 -0.152106 0.236159 0.280904
15.72 -0.166694 0.226178 0.280969
15.73 -0.18063 0.215294 0.281032
15.74 -0.193858 0.203549 0.281092
15.75 -0.206322 0.190988 0.28115
15.76 -0.217975 0.177662 0.281206
15.77 -0.228767 0.163623 0.281259
15.78 -0.238656 0.148925 0.28131
15.79 -0.2476 0.133629 0.281358
15.8 -0.255564 0.117793 0.281404
15.81 -0.262515 0.101481 0.281447
15.82 -0.268425 0.0847579 0.281488
15.83 -0.273268 0.06769 0.281527
15.84 -0.277025 0.0503456 0.281563
15.85 -0.27968 0.0327934 0.281596
15.86 -0.281221 0.0151042 0.281627
15.87 -0.281643 -0.00265216 0.281655
15.88 -0.280941 -0.0204038 0.281681
15.89 -0.279119 -0.03808 0.281704
15.9 -0.276182 -0.0556098 0.281725
15.91 -0.272142 -0.0729231 0.281743
15.92 -0.267015 -0.0899495 0.281759
15.93 -0.26082 -0.106622 0.281772
15.94 -0.253581 -0.122871 0.281782
15.95 -0.245328 -0.138634 0.28179
15.96 -0.236092 -0.153846 0.281794
15.97 -0.225911 -0.168445 0.281797
15.98 -0.214824 -0.182373 0.281796
15.99 -0.202877 -0.195573 0.281794
16 -0.190115 -0.207992 0.281788
16.01 -0.176591 -0.21958 0.281779
16.02 -0.162358 -0.230289 0.281768
16.03 -0.147475 -0.240076 0.281754
16.04 -0.131999 -0.248902 0.281737
16.05 -0.115994 -0.256729 0.281717
16.06 -0.0995231 -0.263528 0.281695
16.07 -0.0826539 -0.269269 0.281669
16.08 -0.0654534 -0.27393 0.281641
16.09 -0.0479912 -0.277491 0.28161
16.1 -0.0303375 -0.279938 0.281577
16.11 -0.0125637 -0.281259 0.28154
16.12 0.00525848 -0.281452 0.281501
16.13 0.0230572 -0.280512 0.281458
16.14 0.0407603 -0.278445 0.281413
16.15 0.0582964 -0.275259 0.281365
16.16 0.0755944 -0.270967 0.281314
16.17 0.0925846 -0.265585 0.28126
16.18 0.109198 -0.259135 0.281203
16.19 0.125367 -0.251644 0.281144
16.2 0.141027 -0.243142 0.281081
16.21 0.156114 -0.233663 0.281016
16.22 0.170567 -0.223245 0.280947
16.23 0.184328 -0.211931 0.280876
16.24 0.19734 -0.199766 0.280802
16.25 0.209551 -0.186801 0.280725
16.26 0.220912 -0.173087 0.280644
16.27 0.231377 -0.158681 0.280562
16.28 0.240902 -0.143641 0.280476
16.29 0.249451 -0.128028 0.280387
16.3 0.256987 -0.111906 0.280295
16.31 0.263482 -0.09534 0.280201
16.32 0.268909 -0.0783972 0.280104
16.33 0.273245 -0.0611475 0.280003
16.34 0.276474 -0.0436602 0.2799
16.35 0.278583 -0.026007 0.279794
16.36 0.279564 -0.00825933 0.279685
16.37 0.279412 0.00951019 0.279574
16.38 0.278129 0.0272296 0.279459
16.39 0.275722 0.0448267 0.279342
16.4 0.272199 0.0622297 0.279222
16.41 0.267575 0.0793682 0.279098
16.42 0.261872 0.0961723 0.278973
16.43 0.25511 0.112574 0.278844
16.44 0.247319 0.128506 0.278712
16.45 0.238532 0.143904 0.278578
16.46 0.228783 0.158705 0.27844
16.47 0.218115 0.17285 0.278301
16.48 0.20657 0.18628 0.278158
16.49 0.194197 0.198943 0.278012
16.5 0.181046 0.210785 0.277863
16.51 0.167171 0.221761 0.277712
16.52 0.15263 0.231824 0.277558
16.53 0.137483 0.240935 0.277401
16.54 0.121791 0.249057 0.277241
16.55 0.10562 0.256158 0.277078
16.56 0.089035 0.262208 0.276912
16.57 0.0721057 0.267186 0.276745
16.58 0.0549003 0.27107 0.276573
16.59 0.0374908 0.273845 0.276399
16.6 0.0199473 0.275501 0.276223
16.61 0.0023427 0.276033 0.276043
16.62 -0.0152515 0.275439 0.275861
16.63 -0.0327624 0.273722 0.275675
16.64 -0.0501193 0.27089 0.275488
16.65 -0.0672501 0.266956 0.275296
16.66 -0.0840855 0.261937 0.275103
16.67 -0.100556 0.255855 0.274906
16.68 -0.116595 0.248735 0.274707
16.69 -0.132136 0.240608 0.274504
16.7 -0.147117 0.231509 0.274299
16.71 -0.161476 0.221474 0.27409
16.72 -0.175154 0.210548 0.273879
16.73 -0.188097 0.198775 0.273665
16.74 -0.200252 0.186206 0.273447
16.75 -0.211569 0.172892 0.273227
16.76 -0.222003 0.15889 0.273004
16.77 -0.231513 0.144257 0.272779
16.78 -0.240059 0.129055 0.272549
16.79 -0.247607 0.113347 0.272318
16.8 -0.254129 0.0971986 0.272083
16.81 -0.259598 0.0806769 0.271845
16.82 -0.263992 0.0638508 0.271604
16.83 -0.267296 0.04679 0.271361
16.84 -0.269497 0.0295645 0.271114
16.85 -0.270587 0.0122472 0.270864
16.86 -0.270564 -0.00509178 0.270612
16.87 -0.269428 -0.0223797 0.270356
16.88 -0.267186 -0.0395456 0.270097
16.89 -0.26385 -0.0565183 0.269835
16.9 -0.259434 -0.0732284 0.269571
16.91 -0.253958 -0.0896063 0.269303
16.92 -0.247447 -0.105585 0.269032
16.93 -0.239929 -0.1211 0.268758
16.94 -0.231437 -0.136086 0.268482
16.95 -0.222008 -0.150483 0.268202
16.96 -0.211682 -0.164231 0.26792
16.97 -0.200502 -0.177276 0.267634
16.98 -0.188519 -0.189563 0.267346
16.99 -0.175782 -0.201044 0.267054
17 -0.162346 -0.211671 0.26676
17.01 -0.148267 -0.221402 0.266462
17.02 -0.133605 -0.2302 0.266162
17.03 -0.118423 -0.238027 0.265859
17.04 -0.102783 -0.244855 0.265553
17.05 -0.0867528 -0.250656 0.265244
17.06 -0.070399 -0.255407 0.264932
17.07 -0.0537899 -0.259093 0.264617
17.08 -0.0369956 -0.261697 0.2643
17.09 -0.0200863 -0.263214 0.263979
17.1 -0.00313201 -0.263637 0.263656
17.11 0.0137954 -0.262968 0.26333
17.12 0.0306267 -0.261212 0.263001
17.13 0.0472912 -0.258377 0.262669
17.14 0.06372 -0.254478 0.262335
17.15 0.079845 -0.249535 0.261998
17.16 0.0956001 -0.243568 0.261658
17.17 0.110919 -0.236606 0.261315
17.18 0.125741 -0.228679 0.260969
17.19 0.140003 -0.219823 0.260621
17.2 0.153649 -0.210078 0.26027
17.21 0.166621 -0.199484 0.259916
17.22 0.178868 -0.18809 0.25956
17.23 0.19034 -0.175943 0.259201
17.24 0.200991 -0.163097 0.25884
17.25 0.210778 -0.149607 0.258475
17.26 0.219662 -0.135531 0.258109
17.27 0.227608 -0.120929 0.257739
17.28 0.234586 -0.105864 0.257367
17.29 0.240568 -0.0903994 0.256993
17.3 0.245532 -0.0746014 0.256615
17.31 0.24946 -0.0585362 0.256236
17.32 0.252337 -0.0422729 0.255853
17.33 0.254154 -0.0258791 0.255468
17.34 0.254906 -0.00942466 0.25508
17.35 0.254594 0.00702157 0.254691
17.36 0.25322 0.0233909 0.254298
17.37 0.250794 0.0396141 0.253903
17.38 0.247328 0.0556244 0.253506
17.39 0.242839 0.0713545 0.253105
17.4 0.23735 0.0867392 0.252703
17.41 0.230886 0.101715 0.252298
17.42 0.223476 0.11622 0.25189
17.43 0.215155 0.130194 0.25148
17.44 0.20596 0.14358 0.251068
17.45 0.195932 0.156324 0.250652
17.46 0.185116 0.168373 0.250235
17.47 0.173559 0.179679 0.249815
17.48 0.161313 0.190197 0.249393
17.49 0.14843 0.199884 0.248968
17.5 0.134967 0.208702 0.248541
17.51 0.120983 0.216616 0.248111
17.52 0.106537 0.223595 0.247679
17.53 0.0916923 0.229613 0.247244
17.54 0.0765131 0.234648 0.246807
17.55 0.0610635 0.23868 0.246367
17.56 0.0454108 0.241696 0.245925
17.57 0.0296205 0.243687 0.245481
17.58 0.013761 0.244647 0.245034
17.59 -0.00210153 0.244575 0.244584
17.6 -0.0178991 0.243475 0.244132
17.61 -0.0335656 0.241355 0.243678
17.62 -0.0490348 0.238227 0.243221
17.63 -0.0642419 0.234107 0.242762
17.64 -0.0791236 0.229017 0.2423
17.65 -0.0936175 0.222981 0.241836
17.66 -0.107664 0.216027 0.24137
17.67 -0.121204 0.20819 0.240901
17.68 -0.134183 0.199503 0.24043
17.69 -0.146547 0.190008 0.239956
17.7 -0.158246 0.179747 0.239481
17.71 -0.169233 0.168767 0.239002
17.72 -0.179463 0.157117 0.238522
17.73 -0.188895 0.144848 0.238039
17.74 -0.197494 0.132016 0.237554
17.75 -0.205223 0.118676 0.237066
17.76 -0.212055 0.104887 0.236577
17.77 -0.217963 0.0907099 0.236085
17.78 -0.222925 0.0762059 0.235591
17.79 -0.226924 0.061438 0.235094
17.8 -0.229947 0.0464704 0.234596
17.81 -0.231984 0.0313669 0.234095
17.82 -0.23303 0.0161936 0.233592
17.83 -0.233085 0.00101394 0.233087
17.84 -0.232151 -0.014106 0.232579
17.85 -0.230238 -0.0291028 0.23207
17.86 -0.227356 -0.0439125 0.231558
17.87 -0.223524 -0.058473 0.231045
17.88 -0.218758 -0.0727228 0.230529
17.89 -0.213086 -0.0866025 0.230012
17.9 -0.206533 -0.100054 0.229492
17.91 -0.199132 -0.113023 0.228971
17.92 -0.190917 -0.125453 0.228447
17.93 -0.181929 -0.137296 0.227922
17.94 -0.172206 -0.148503 0.227394
17.95 -0.161795 -0.159028 0.226865
17.96 -0.150743 -0.16883 0.226334
17.97 -0.1391 -0.177868 0.2258
17.98 -0.126918 -0.186109 0.225266
17.99 -0.114252 -0.193519 0.224728
18 -0.101157 -0.200071 0.22419
18.01 -0.087693 -0.20574 0.223649
18.02 -0.0739181 -0.210507 0.223107
18.03 -0.0598927 -0.214353 0.222564
18.04 -0.0456784 -0.217268 0.222018
18.05 -0.0313367 -0.219242 0.22147
18.06 -0.0169302 -0.220272 0.220922
18.07 -0.00252014 -0.220356 0.220371
18.08 0.0118302 -0.2195 0.219818
18.09 0.026061 -0.21771 0.219264
18.1 0.0401103 -0.214999 0.218709
18.11 0.0539196 -0.211383 0.218152
18.12 0.0674299 -0.206881 0.217593
18.13 0.0805851 -0.201517 0.217033
18.14 0.0933296 -0.195318 0.21647
18.15 0.105611 -0.188314 0.215907
18.16 0.117378 -0.18054 0.215342
18.17 0.128583 -0.172032 0.214776
18.18 0.13918 -0.16283 0.214207
18.19 0.149127 -0.152979 0.213638
18.2 0.158383 -0.142522 0.213067
18.21 0.166911 -0.131509 0.212494
18.22 0.17468 -0.119988 0.211921
18.23 0.181658 -0.108014 0.211345
18.24 0.18782 -0.0956391 0.210768
18.25 0.193143 -0.0829191 0.21019
18.26 0.197608 -0.0699107 0.20961
18.27 0.2012 -0.0566716 0.209029
18.28 0.203908 -0.0432604 0.208446
18.29 0.205724 -0.0297355 0.207862
18.3 0.206646 -0.0161566 0.207277
18.31 0.206673 -0.00258229 0.20669
18.32 0.205812 0.0109282 0.206102
18.33 0.204068 0.0243175 0.205512
18.34 0.201456 0.0375268 0.204921
18.35 0.19799 0.0505015 0.204329
18.36 0.19369 0.063185 0.203735
18.37 0.188579 0.0755247 0.20314
18.38 0.182683 0.0874683 0.202544
18.39 0.176034 0.0989666 0.201946
18.4 0.168662 0.109971 0.201347
18.41 0.160605 0.120438 0.200747
18.42 0.151901 0.130323 0.200145
18.43 0.142591 0.139588 0.199542
18.44 0.132719 0.148195 0.198938
18.45 0.122333 0.156111 0.198333
18.46 0.111478 0.163304 0.197726
18.47 0.100206 0.169747 0.197118
18.48 0.0885671 0.175418 0.196509
18.49 0.0766154 0.180295 0.195898
18.5 0.0644043 0.184361 0.195287
18.51 0.0519885 0.187604 0.194674
18.52 0.0394235 0.190014 0.19406
18.53 0.0267647 0.191585 0.193445
18.54 0.0140685 0.192316 0.192829
18.55 0.00138975 0.192207 0.192212
18.56 -0.0112155 0.191266 0.191595
18.57 -0.0236932 0.1895 0.190975
18.58 -0.0359888 0.186923 0.190356
18.59 -0.0480509 0.183549 0.189734
18.6 -0.0598263 0.1794 0.189112
18.61 -0.0712671 0.174498 0.18849
18.62 -0.0823238 0.168868 0.187866
18.63 -0.0929513 0.16254 0.187241
18.64 -0.103105 0.155547 0.186616
18.65 -0.112744 0.147922 0.18599
18.66 -0.121829 0.139703 0.185362
18.67 -0.130323 0.13093 0.184735
18.68 -0.138193 0.121645 0.184106
18.69 -0.145409 0.111892 0.183477
18.7 -0.151943 0.101716 0.182846
18.71 -0.15777 0.0911654 0.182216
18.72 -0.16287 0.0802877 0.181584
18.73 -0.167225 0.0691343 0.180952
18.74 -0.17082 0.0577548 0.18032
18.75 -0.173645 0.046201 0.179686
18.76 -0.175693 0.0345249 0.179053
18.77 -0.176959 0.0227786 0.178419
18.78 -0.177443 0.011014 0.177784
18.79 -0.177148 -0.000716835 0.177149
18.8 -0.17608 -0.0123624 0.176514
18.81 -0.17425 -0.0238724 0.175877
18.82 -0.17167 -0.0351965 0.175241
18.83 -0.168357 -0.0462867 0.174604
18.84 -0.164331 -0.0570949 0.173967
18.85 -0.159614 -0.0675767 0.173329
18.86 -0.154231 -0.0776863 0.172691
18.87 -0.148211 -0.0873834 0.172053
18.88 -0.141584 -0.0966267 0.171414
18.89 -0.134385 -0.105379 0.170775
18.9 -0.126649 -0.113606 0.170136
18.91 -0.118414 -0.121273 0.169496
18.92 -0.109719 -0.128352 0.168856
18.93 -0.100607 -0.134814 0.168216
18.94 -0.0911196 -0.140637 0.167575
18.95 -0.0813034 -0.145798 0.166935
18.96 -0.0712025 -0.150279 0.166294
18.97 -0.0608651 -0.154066 0.165653
18.98 -0.0503371 -0.157146 0.165011
18.99 -0.0396678 -0.159511 0.164369
19 -0.028905 -0.161156 0.163728
19.01 -0.0180969 -0.162078 0.163085
19.02 -0.00729227 -0.16228 0.162443
19.03 0.00346126 -0.161764 0.161801
19.04 0.0141162 -0.160539 0.161158
19.05 0.0246262 -0.158615 0.160515
19.06 0.0349451 -0.156006 0.159872
19.07 0.0450292 -0.152729 0.159229
19.08 0.0548346 -0.148804 0.158586
19.09 0.0643205 -0.144252 0.157942
19.1 0.0734461 -0.139099 0.157299
19.11 0.082175 -0.133372 0.156655
19.12 0.0904694 -0.127101 0.156011
19.13 0.0982975 -0.120319 0.155367
19.14 0.105627 -0.113058 0.154723
19.15 0.112429 -0.105357 0.154079
19.16 0.118678 -0.0972517 0.153435
19.17 0.12435 -0.0887821 0.152791
19.18 0.129424 -0.0799885 0.152147
19.19 0.133882 -0.0709136 0.151503
19.2 0.137709 -0.061599 0.150859
19.21 0.140894 -0.0520894 0.150215
19.22 0.143427 -0.0424278 0.149571
19.23 0.145301 -0.0326599 0.148927
19.24 0.146515 -0.0228289 0.148283
19.25 0.147067 -0.0129804 0.147639
19.26 0.146962 -0.00315825 0.146996
19.27 0.146204 0.00659409 0.146352
19.28 0.144802 0.0162331 0.145709
19.29 0.142768 0.0257165 0.145066
19.3 0.140117 0.0350034 0.144423
19.31 0.136865 0.0440537 0.14378
19.32 0.133033 0.0528283 0.143138
19.33 0.128641 0.0612909 0.142496
19.34 0.123716 0.0694055 0.141854
19.35 0.118282 0.0771393 0.141213
19.36 0.11237 0.0844598 0.140572
19.37 0.106009 0.0913393 0.139931
19.38 0.0992326 0.0977488 0.139291
19.39 0.0920748 0.103665 0.138651
19.4 0.0845701 0.109065 0.138012
19.41 0.0767563 0.113929 0.137373
19.42 0.0686707 0.11824 0.136735
19.43 0.0603524 0.121984 0.136097
19.44 0.0518403 0.125148 0.13546
19.45 0.0431756 0.127723 0.134823
19.46 0.0343972 0.129703 0.134187
19.47 0.0255471 0.131085 0.133552
19.48 0.0166645 0.131868 0.132917
19.49 0.00779089 0.132053 0.132282
19.5 -0.00103474 0.131645 0.131649
19.51 -0.00977249 0.130651 0.131016
19.52 -0.0183835 0.129081 0.130384
19.53 -0.0268309 0.126948 0.129752
19.54 -0.0350771 0.124265 0.129121
19.55 -0.0430873 0.121051 0.128491
19.56 -0.0508271 0.117325 0.127862
19.57 -0.0582647 0.113108 0.127233
19.58 -0.0653682 0.108425 0.126605
19.59 -0.0721099 0.103299 0.125978
19.6 -0.0784615 0.0977599 0.125352
19.61 -0.084399 0.0918351 0.124727
19.62 -0.0898981 0.0855554 0.124102
19.63 -0.0949395 0.0789531 0.123479
19.64 -0.0995034 0.0720601 0.122856
19.65 -0.103574 0.0649118 0.122234
19.66 -0.107138 0.0575418 0.121613
19.67 -0.110184 0.0499864 0.120993
19.68 -0.112703 0.0422813 0.120373
19.69 -0.114689 0.0344634 0.119755
19.7 -0.116137 0.0265685 0.119137
19.71 -0.117046 0.0186344 0.11852
19.72 -0.117418 0.0106962 0.117904
19.73 -0.117255 0.00279138 0.117288
19.74 -0.116565 -0.00504535 0.116674
19.75 -0.115355 -0.0127782 0.11606
19.76 -0.113636 -0.0203735 0.115448
19.77 -0.111421 -0.0277979 0.114836
19.78 -0.108725 -0.0350187 0.114225
19.79 -0.105565 -0.042006 0.113615
19.8 -0.10196 -0.0487295 0.113006
19.81 -0.0979311 -0.0551614 0.112398
19.82 -0.0935015 -0.0612751 0.111791
19.83 -0.0886946 -0.0670465 0.111184
19.84 -0.0835371 -0.0724516 0.110579
19.85 -0.0780557 -0.0774707 0.109975
19.86 -0.072279 -0.0820836 0.109371
19.87 -0.0662367 -0.0862745 0.108769
19.88 -0.0599587 -0.0900275 0.108167
19.89 -0.0534772 -0.0933312 0.107566
19.9 -0.0468227 -0.0961742 0.106967
19.91 -0.040029 -0.0985486 0.106368
19.92 -0.0331276 -0.100449 0.10577
19.93 -0.0261521 -0.101871 0.105174
19.94 -0.0191348 -0.102813 0.104578
19.95 -0.0121091 -0.103276 0.103984
19.96 -0.00510622 -0.103264 0.10339
19.97 0.00184032 -0.102781 0.102798
19.98 0.00870061 -0.101836 0.102207
19.99 0.0154432 -0.100436 0.101616
20 0.0220386 -0.0985947 0.101028
20.01 0.0284582 -0.0963237 0.10044
20.02 0.0346741 -0.0936398 0.0998534
20.03 0.0406605 -0.0905585 0.0992679
20.04 0.0463914 -0.0870993 0.0986836
20.05 0.0518442 -0.0832822 0.0981008
20.06 0.0569963 -0.0791289 0.097519
20.07 0.0618276 -0.074662 0.0969385
20.08 0.0663189 -0.0699063 0.0963592
20.09 0.0704546 -0.0648865 0.0957816
20.1 0.0742179 -0.059629 0.0952046
20.11 0.0775975 -0.054161 0.0946297
20.12 0.0805807 -0.0485095 0.0940555
20.13 0.0831593 -0.0427039 0.0934832
20.14 0.0853254 -0.0367715 0.0929116
20.15 0.0870742 -0.0307427 0.0923419
20.16 0.0884023 -0.024645 0.0917733
20.17 0.0893082 -0.0185088 0.091206
20.18 0.0897935 -0.0123621 0.0906405
20.19 0.0898602 -0.00623398 0.0900762
20.2 0.0895132 -0.000152148 0.0895134
20.21 0.088759 0.005855 0.0889519
20.22 0.0876064 0.0117617 0.0883924
20.23 0.0860644 0.0175404 0.0878336
20.24 0.0841463 0.0231667 0.0872771
20.25 0.081864 0.0286161 0.0867214
20.26 0.079234 0.0338652 0.0861678
20.27 0.0762714 0.0388925 0.0856151
20.28 0.0729952 0.0436766 0.0850644
20.29 0.0694236 0.0481992 0.0845151
20.3 0.0655773 0.0524414 0.0839671
20.31 0.0614775 0.0563878 0.083421
20.32 0.0571463 0.0600231 0.0828763
20.33 0.0526066 0.0633346 0.0823331
20.34 0.0478826 0.0663102 0.0817911
20.35 0.0429984 0.0689414 0.0812513
20.36 0.0379786 0.0712186 0.0807122
20.37 0.032849 0.0731371 0.0801754
20.38 0.027634 0.0746916 0.0796396
20.39 0.0223603 0.0758797 0.0791057
20.4 0.0170519 0.0767004 0.078573
20.41 0.0117355 0.0771546 0.078042
20.42 0.00643484 0.0772452 0.0775128
20.43 0.00117546 0.0769757 0.0769847
20.44 -0.00401902 0.0763528 0.0764585
20.45 -0.00912475 0.0753834 0.0759336
20.46 -0.0141193 0.0740768 0.0754104
20.47 -0.01898 0.0724432 0.0748883
20.48 -0.0236866 0.0704956 0.0743686
20.49 -0.0282184 0.0682456 0.0738495
20.5 -0.0325562 0.0657096 0.0733325
20.51 -0.0366832 0.0629019 0.0728169
20.52 -0.0405813 0.0598403 0.0723028
20.53 -0.0442366 0.0565418 0.0717903
20.54 -0.0476337 0.0530259 0.0712792
20.55 -0.0507615 0.0493118 0.0707699
20.56 -0.0536075 0.0454195 0.0702616
20.57 -0.0561631 0.0413703 0.0697553
20.58 -0.0584196 0.0371853 0.0692502
20.59 -0.060371 0.0328863 0.0687471
20.6 -0.0620114 0.0284949 0.0682449
20.61 -0.0633387 0.024034 0.0677453
20.62 -0.0643497 0.0195243 0.0672465
20.63 -0.0650448 0.0149895 0.0667496
20.64 -0.0654252 0.0104499 0.0662545
20.65 -0.065493 0.00592851 0.0657607
20.66 -0.065253 0.00144525 0.065269
20.67 -0.06471 -0.00297806 0.0647785
20.68 -0.0638719 -0.00732199 0.0642902
20.69 -0.0627458 -0.0115668 0.063803
20.7 -0.0613424 -0.0156936 0.0633181
20.71 -0.0596715 -0.0196847 0.0628346
20.72 -0.0577458 -0.0235233 0.0623532
20.73 -0.055577 -0.0271929 0.0618729
20.74 -0.0531806 -0.0306788 0.0613952
20.75 -0.0505698 -0.0339674 0.0609187
20.76 -0.0477613 -0.037045 0.060444
20.77 -0.0447711 -0.0399015 0.0599715
20.78 -0.0416162 -0.042525 0.0595003
20.79 -0.0383142 -0.044908 0.0590314
20.8 -0.034883 -0.0470416 0.0585639
20.81 -0.0313413 -0.0489204 0.0580989
20.82 -0.0277069 -0.0505387 0.0576353
20.83 -0.0239995 -0.0518931 0.057174
20.84 -0.0202372 -0.0529809 0.0567144
20.85 -0.0164392 -0.0538016 0.056257
20.86 -0.0126238 -0.0543544 0.0558011
20.87 -0.0088104 -0.0546419 0.0553476
20.88 -0.00501578 -0.0546663 0.054896
20.89 -0.00125937 -0.0544313 0.0544459
20.9 0.00244271 -0.0539433 0.0539985
20.91 0.00607276 -0.0532071 0.0535525
20.92 0.00961512 -0.0522314 0.053109
20.93 0.0130538 -0.0510237 0.0526671
20.94 0.0163742 -0.0495944 0.0522275
20.95 0.0195623 -0.0479529 0.0517896
20.96 0.0226047 -0.0461113 0.0513539
20.97 0.0254893 -0.0440811 0.05092
20.98 0.0282047 -0.0418757 0.0504884
20.99 0.0307407 -0.0395076 0.0500584
21 0.0330874 -0.0369921 0.0496305
21.01 0.0352379 -0.0343427 0.049205
21.02 0.0371834 -0.0315746 0.0487808
21.03 0.0389196 -0.0287036 0.0483594
21.04 0.0404402 -0.0257444 0.0479394
21.05 0.0417424 -0.0227134 0.0475219
21.06 0.0428228 -0.0196259 0.0471059
21.07 0.0436803 -0.0164984 0.0466923
21.08 0.0443144 -0.0133458 0.0462804
21.09 0.0447256 -0.0101847 0.0458706
21.1 0.0449159 -0.00702983 0.0454626
21.11 0.044888 -0.00389709 0.0450569
21.12 0.0446458 -0.000800165 0.044653
21.13 0.0441938 0.002245 0.0442508
21.14 0.0435389 0.00522598 0.0438514
21.15 0.0426858 0.00812856 0.0434529
21.16 0.0416442 0.01094 0.0430572
21.17 0.0404207 0.0136486 0.0426629
21.18 0.0390256 0.0162425 0.0422708
21.19 0.037468 0.0187116 0.0418804
21.2 0.035759 0.0210452 0.0414922
21.21 0.0339089 0.0232353 0.0411059
21.22 0.0319299 0.0252729 0.0407215
21.23 0.0298336 0.0271515 0.0403392
21.24 0.0276327 0.0288641 0.0399588
21.25 0.0253393 0.0304063 0.0395806
21.26 0.0229666 0.0317721 0.0392038
21.27 0.0205282 0.0329598 0.0388299
21.28 0.0180359 0.0339654 0.038457
21.29 0.0155046 0.0347881 0.0380868
21.3 0.012946 0.035427 0.0377183
21.31 0.0103742 0.0358824 0.037352
21.32 0.00780125 0.0361556 0.0369876
21.33 0.00524068 0.0362485 0.0366253
21.34 0.00270377 0.0361643 0.0362652
21.35 0.000203539 0.0359064 0.035907
21.36 -0.00224922 0.0354798 0.035551
21.37 -0.00464251 0.0348893 0.0351968
21.38 -0.00696668 0.0341416 0.0348451
21.39 -0.00921061 0.0332424 0.0344948
21.4 -0.0113652 0.0322006 0.0341474
21.41 -0.0134221 0.0310223 0.0338014
21.42 -0.015372 0.0297176 0.033458
21.43 -0.0172084 0.0282945 0.0331166
21.44 -0.0189238 0.0267627 0.0327773
21.45 -0.0205128 0.0251317 0.0324403
21.46 -0.0219692 0.0234117 0.0321053
21.47 -0.0232894 0.0216127 0.0317727
21.48 -0.0244687 0.0197454 0.031442
21.49 -0.025505 0.0178202 0.0311137
21.5 -0.026395 0.015848 0.0307872
21.51 -0.0271385 0.0138395 0.0304636
21.52 -0.0277336 0.0118047 0.0301414
21.53 -0.0281812 0.00975571 0.0298221
21.54 -0.0284819 0.00770091 0.0295046
21.55 -0.0286367 0.00565238 0.0291893
21.56 -0.0286486 0.003619 0.0288763
21.57 -0.0285198 0.00161109 0.0285652
21.58 -0.0282543 -0.000362281 0.0282566
21.59 -0.0278556 -0.00229142 0.0279497
21.6 -0.0273294 -0.00416834 0.0276455
21.61 -0.02668 -0.00598428 0.0273429
21.62 -0.0259141 -0.00773174 0.0270429
21.63 -0.0250369 -0.00940336 0.0267446
21.64 -0.0240566 -0.0109924 0.026449
21.65 -0.0229785 -0.0124932 0.0261551
21.66 -0.0218115 -0.0138988 0.0258635
21.67 -0.0205625 -0.0152062 0.0255743
21.68 -0.0192396 -0.016409 0.0252867
21.69 -0.0178512 -0.0175047 0.0250016
21.7 -0.0164053 -0.0184894 0.0247183
21.71 -0.0149108 -0.0193612 0.0244374
21.72 -0.0133758 -0.0201172 0.0241581
21.73 -0.0118094 -0.0207572 0.0238814
21.74 -0.0102194 -0.0212796 0.0236063
21.75 -0.00861513 -0.0216849 0.0233335
21.76 -0.00700403 -0.0219732 0.0230624
21.77 -0.00539565 -0.0221458 0.0227937
21.78 -0.00379642 -0.0222045 0.0225267
21.79 -0.00221602 -0.0221507 0.0222613
21.8 -0.0006606 -0.0219887 0.0219986
21.81 0.000861734 -0.02172 0.0217371
21.82 0.00234403 -0.0213496 0.0214779
21.83 0.00377994 -0.0208811 0.0212205
21.84 0.00516304 -0.0203196 0.0209653
21.85 0.00648747 -0.0196693 0.0207115
21.86 0.00774787 -0.0189366 0.0204603
21.87 0.0089395 -0.018126 0.0202105
21.88 0.0100573 -0.0172443 0.0199629
21.89 0.0110981 -0.016297 0.019717
21.9 0.0120573 -0.0152913 0.0194731
21.91 0.0129332 -0.014233 0.0192314
21.92 0.0137217 -0.0131289 0.0189908
21.93 0.0144224 -0.0119863 0.018753
21.94 0.0150327 -0.0108111 0.0185166
21.95 0.0155521 -0.00961096 0.0182822
21.96 0.0159801 -0.00839203 0.0180497
21.97 0.0163169 -0.00716157 0.0178193
21.98 0.0165623 -0.0059255 0.0175904
21.99 0.016718 -0.00469129 0.0173637
22 0.016785 -0.00346427 0.0171388
22.01 0.0167651 -0.0022516 0.0169156
22.02 0.016661 -0.00105819 0.0166946
22.03 0.0164748 0.000109172 0.0164752
22.04 0.0162105 0.00124618 0.0162583
22.05 0.0158699 0.00234707 0.0160425
22.06 0.0154584 0.00340704 0.0158294
22.07 0.0149787 0.00442229 0.0156179
22.08 0.0144356 0.00538784 0.0154083
22.09 0.0138333 0.00630068 0.0152006
22.1 0.0131768 0.00715691 0.014995
22.11 0.0124703 0.00795408 0.014791
22.12 0.0117195 0.00868884 0.0145891
22.13 0.010929 0.00936003 0.0143893
22.14 0.010104 0.00996468 0.014191
22.15 0.00924996 0.0105026 0.0139953
22.16 0.00837156 0.0109716 0.0138007
22.17 0.00747488 0.0113721 0.0136088
22.18 0.00656364 0.011703 0.013418
22.19 0.00564476 0.0119647 0.0132295
22.2 0.00472175 0.0121582 0.0130428
22.21 0.00380044 0.0122833 0.0128578
22.22 0.00288517 0.012342 0.0126748
22.23 0.00198111 0.0123355 0.0124935
22.24 0.00109176 0.0122658 0.0123143
22.25 0.000222389 0.0121345 0.0121365
22.26 -0.000623702 0.0119449 0.0119612
22.27 -0.00144247 0.0116984 0.011787
22.28 -0.00223033 0.0113991 0.0116153
22.29 -0.00298417 0.0110487 0.0114446
22.3 -0.0037004 0.0106519 0.0112764
22.31 -0.00437741 0.0102108 0.0111096
22.32 -0.00501117 0.00972975 0.0109444
22.33 -0.00560103 0.00921235 0.0107814
22.34 -0.00614414 0.00866185 0.0106197
22.35 -0.00663952 0.00808264 0.01046
22.36 -0.00708529 0.00747845 0.0103019
22.37 -0.00748139 0.00685303 0.0101457
22.38 -0.00782599 0.00621024 0.00999065
22.39 -0.00811969 0.00555464 0.00983785
22.4 -0.00836168 0.00488899 0.00968607
22.41 -0.00855262 0.00421847 0.00953639
22.42 -0.00869268 0.00354551 0.00938794
22.43 -0.00878258 0.00287522 0.00924124
22.44 -0.00882387 0.00220971 0.00909635
22.45 -0.00881673 0.0015535 0.00895255
22.46 -0.00876382 0.000909458 0.00881089
22.47 -0.00866586 0.000280479 0.0086704
22.48 -0.0085253 -0.000330252 0.0085317
22.49 -0.00834369 -0.000919759 0.00839423
22.5 -0.00812398 -0.00148602 0.00825877
22.51 -0.00786754 -0.00202633 0.0081243
22.52 -0.007578 -0.0025382 0.00799178
22.53 -0.00725698 -0.00302063 0.00786053
22.54 -0.00690801 -0.00347078 0.00773091
22.55 -0.00653328 -0.00388836 0.00760283
22.56 -0.00613593 -0.00427086 0.00747596
22.57 -0.00571902 -0.00461867 0.00735114
22.58 -0.00528474 -0.00492978 0.00722711
22.59 -0.00483707 -0.00520422 0.00710501
22.6 -0.00437797 -0.00544163 0.00698412
22.61 -0.00391098 -0.00564182 0.00686483
22.62 -0.00343858 -0.00580454 0.0067466
22.63 -0.00296411 -0.00593087 0.00663032
22.64 -0.00248934 -0.00602083 0.00651515
22.65 -0.00201818 -0.00607503 0.00640148
22.66 -0.00155178 -0.00609511 0.00628955
22.67 -0.00109369 -0.00608117 0.00617874
22.68 -0.000645295 -0.00603546 0.00606986
22.69 -0.000209273 -0.00595811 0.00596178
22.7 0.000212467 -0.00585206 0.00585592
22.71 0.000618588 -0.00571752 0.00575089
22.72 0.00100641 -0.00555713 0.00564753
22.73 0.00137548 -0.00537236 0.00554565
22.74 0.00172371 -0.00516528 0.0054453
22.75 0.00205029 -0.00493733 0.00534611
22.76 0.00235375 -0.00469127 0.00524864
22.77 0.00263418 -0.00442848 0.0051527
22.78 0.00288939 -0.00415099 0.0050576
22.79 0.00312042 -0.00386139 0.00496461
22.8 0.00332554 -0.00356091 0.0048723
22.81 0.00350544 -0.00325253 0.00478195
22.82 0.00365942 -0.00293715 0.00469236
22.83 0.00378782 -0.00261815 0.0046046
22.84 0.00389113 -0.00229604 0.00451804
22.85 0.00396893 -0.00197373 0.00443261
22.86 0.00402262 -0.00165248 0.00434881
22.87 0.00405223 -0.00133431 0.00426625
22.88 0.00405859 -0.00102033 0.00418489
22.89 0.00404234 -0.000712963 0.00410473
22.9 0.00400513 -0.000412865 0.00402635
22.91 0.00394649 -0.00012185 0.00394837
22.92 0.00386917 0.000158687 0.00387243
22.93 0.00377293 0.000428008 0.00379713
22.94 0.00365993 0.000684398 0.00372337
22.95 0.00353075 0.000927775 0.00365061
22.96 0.00338713 0.00115616 0.00357901
22.97 0.00323033 0.00137002 0.00350884
22.98 0.00306127 0.00156769 0.00343934
22.99 0.00288193 0.00174923 0.00337125
23 0.00269341 0.0019138 0.0033041
23.01 0.00249697 0.00206159 0.00323806
23.02 0.00229415 0.00219155 0.0031727
23.03 0.00208687 0.00230456 0.00310902
23.04 0.00187524 0.00239987 0.00304564
23.05 0.00166218 0.00247791 0.00298378
23.06 0.00144768 0.00253902 0.00292274
23.07 0.0012339 0.00258306 0.00286264
23.08 0.00102135 0.00261105 0.0028037
23.09 0.00081177 0.00262255 0.00274531
23.1 0.000606 0.00261915 0.00268834
23.11 0.000404941 0.00260047 0.00263181
23.12 0.000209964 0.00256789 0.00257646
23.13 2.18712e-05 0.00252175 0.00252184
23.14 -0.000158765 0.00246328 0.00246839
23.15 -0.000330962 0.00239258 0.00241536
23.16 -0.000493644 0.00231159 0.00236371
23.17 -0.00064739 0.00222016 0.00231262
23.18 -0.000790173 0.00211986 0.00226234
23.19 -0.000922849 0.00201157 0.00221316
23.2 -0.00104408 0.00189589 0.00216437
23.21 -0.00115437 0.00177446 0.0021169
23.22 -0.00125276 0.0016474 0.00206962
23.23 -0.00133962 0.00151678 0.00202366
23.24 -0.00141489 0.00138249 0.00197817
23.25 -0.00147838 0.00124631 0.00193362
23.26 -0.0015303 0.00110867 0.0018897
23.27 -0.00157111 0.000970876 0.00184688
23.28 -0.00160082 0.000833012 0.00180459
23.29 -0.00161937 0.000697103 0.00176304
23.3 -0.00162819 0.000562631 0.00172266
23.31 -0.00162626 0.000431177 0.00168245
23.32 -0.00161532 0.000303269 0.00164354
23.33 -0.00159486 0.000179152 0.00160489
23.34 -0.00156633 6.00338e-05 0.00156748
23.35 -0.00152943 -5.43734e-05 0.0015304
23.36 -0.0014854 -0.000162665 0.00149428
23.37 -0.00143461 -0.000265474 0.00145896
23.38 -0.00137758 -0.000361659 0.00142426
23.39 -0.00131489 -0.000451368 0.0013902
23.4 -0.00124744 -0.000533986 0.00135693
23.41 -0.00117559 -0.000610047 0.00132445
23.42 -0.00109979 -0.000678119 0.00129205
23.43 -0.00102153 -0.000739546 0.00126113
23.44 -0.00094022 -0.000793334 0.0012302
23.45 -0.000857662 -0.000839691 0.00120028
23.46 -0.000773468 -0.000879052 0.00117089
23.47 -0.00068904 -0.000910993 0.00114223
23.48 -0.000604091 -0.0009362 0.00111418
23.49 -0.000519766 -0.000954187 0.00108657
23.5 -0.000436235 -0.0009659 0.00105984
23.51 -0.000354041 -0.000970967 0.0010335
23.52 -0.000273505 -0.000969927 0.00100775
23.53 -0.000195412 -0.000962851 0.000982481
23.54 -0.000119718 -0.000950701 0.000958209
23.55 -4.68409e-05 -0.000932535 0.000933711
23.56 2.24399e-05 -0.000910192 0.000910469
23.57 8.87815e-05 -0.000882976 0.000887428
23.58 0.000150899 -0.000851498 0.000864765
23.59 0.000209493 -0.000816404 0.000842854
23.6 0.000263535 -0.000777685 0.000821124
23.61 0.000313599 -0.000736058 0.000800078
23.62 0.000358896 -0.000691518 0.000779104
23.63 0.000399736 -0.000645037 0.000758855
23.64 0.000435865 -0.000596547 0.000738815
23.65 0.000467471 -0.000546704 0.000719315
23.66 0.000494201 -0.000495707 0.000699972
23.67 0.000516585 -0.000444572 0.000681546
23.68 0.00053443 -0.000392389 0.000663012
23.69 0.000547558 -0.000341011 0.000645065
23.7 0.000556856 -0.000289726 0.000627718
23.71 0.000561422 -0.000239126 0.000610226
23.72 0.000562422 -0.000189776 0.000593577
23.73 0.000559192 -0.000141678 0.00057686
23.74 0.000552719 -9.52887e-05 0.000560872
23.75 0.000542559 -5.05661e-05 0.00054491
23.76 0.000529441 -8.20423e-06 0.000529504
23.77 0.000513319 3.20903e-05 0.000514321
23.78 0.000494665 6.98791e-05 0.000499576
23.79 0.000473353 0.000105258 0.000484915
23.8 0.00045018 0.000137421 0.000470687
23.81 0.000425031 0.000167545 0.000456861
23.82 0.000398087 0.000194027 0.000442854
23.83 0.000370405 0.000217873 0.000429731
23.84 0.000341136 0.000238751 0.000416385
23.85 0.00031173 0.000256518 0.000403705
23.86 0.000281494 0.000271416 0.000391031
23.87 0.00025145 0.000283411 0.000378878
23.88 0.00022117 0.000292824 0.000366963
23.89 0.000191378 0.000299291 0.000355248
23.9 0.000161979 0.000303413 0.000343943
23.91 0.000133388 0.000305002 0.000332894
23.92 0.000105444 0.000304473 0.000322214
23.93 7.8853e-05 0.000301313 0.00031146
23.94 5.32858e-05 0.000296901 0.000301645
23.95 2.88186e-05 0.000290034 0.000291462
23.96 6.26886e-06 0.000281841 0.00028191
23.97 -1.54699e-05 0.000272235 0.000272674
23.98 -3.52174e-05 0.000261237 0.0002636
23.99 -5.37276e-05 0.000249121 0.000254849
24 -7.04191e-05 0.000236029 0.00024631
24.01 -8.57214e-05 0.000222207 0.000238168
24.02 -9.91971e-05 0.000207515 0.000230006
24.03 -0.000111167 0.000192458 0.000222258
24.04 -0.000121405 0.000176991 0.000214628
24.05 -0.00013035 0.000161467 0.000207515
24.06 -0.00013743 0.000145477 0.000200127
24.07 -0.000143311 0.000130176 0.000193608
24.08 -0.000147963 0.000114438 0.000187054
24.09 -0.000150789 9.92253e-05 0.000180508
24.1 -0.000152977 8.43095e-05 0.000174671
24.11 -0.000153541 6.97117e-05 0.000168626
24.12 -0.000153187 5.55592e-05 0.000162951
24.13 -0.000151655 4.19913e-05 0.000157361
24.14 -0.000149351 2.9071e-05 0.000152154
24.15 -0.000145976 1.66765e-05 0.000146926
24.16 -0.000141972 5.07936e-06 0.000142063
24.17 -0.000137102 -5.87421e-06 0.000137228
24.18 -0.000131856 -1.59861e-05 0.000132821
24.19 -0.000125634 -2.5723e-05 0.000128241
24.2 -0.00011914 -3.41568e-05 0.00012394
24.21 -0.000112314 -4.23453e-05 0.000120031
24.22 -0.000104574 -4.94259e-05 0.000115666
24.23 -9.71317e-05 -5.5722e-05 0.00011198
24.24 -8.90719e-05 -6.11944e-05 0.000108067
24.25 -8.10015e-05 -6.58728e-05 0.000104405
24.26 -7.27676e-05 -6.96814e-05 0.00010075
24.27 -6.47015e-05 -7.27125e-05 9.73314e-05
24.28 -5.64259e-05 -7.51124e-05 9.39455e-05
24.29 -4.84293e-05 -7.66909e-05 9.07022e-05
24.3 -4.03985e-05 -7.76572e-05 8.75367e-05
24.31 -3.2842e-05 -7.78093e-05 8.44564e-05
24.32 -2.51516e-05 -7.76496e-05 8.16214e-05
24.33 -1.80094e-05 -7.63565e-05 7.84516e-05
24.34 -1.13821e-05 -7.50463e-05 7.59045e-05
24.35 -4.5725e-06 -7.28974e-05 7.30407e-05
24.36 1.21577e-06 -7.04328e-05 7.04432e-05
24.37 6.95247e-06 -6.75668e-05 6.79235e-05
24.38 1.21598e-05 -6.43806e-05 6.55189e-05
24.39 1.6995e-05 -6.08501e-05 6.31788e-05
24.4 2.1175e-05 -5.69862e-05 6.07931e-05
24.41 2.51375e-05 -5.29821e-05 5.8643e-05
24.42 2.84002e-05 -4.86455e-05 5.6329e-05
24.43 3.13166e-05 -4.42712e-05 5.42279e-05
24.44 3.34701e-05 -3.96817e-05 5.19122e-05
24.45 3.5486e-05 -3.53949e-05 5.01204e-05
24.46 3.6837e-05 -3.06823e-05 4.79413e-05
24.47 3.75323e-05 -2.65656e-05 4.59827e-05
24.48 3.83903e-05 -2.22177e-05 4.43558e-05
24.49 3.82845e-05 -1.81382e-05 4.23639e-05
24.5 3.81054e-05 -1.42244e-05 4.06738e-05
24.51 3.7588e-05 -1.04697e-05 3.90189e-05
24.52 3.67855e-05 -6.94025e-06 3.74345e-05
24.53 3.55535e-05 -3.6149e-06 3.57368e-05
24.54 3.43581e-05 -6.26215e-07 3.43638e-05
24.55 3.27861e-05 2.18838e-06 3.28591e-05
24.56 3.12221e-05 4.66747e-06 3.15691e-05
24.57 2.9311e-05 7.02348e-06 3.01407e-05
24.58 2.76185e-05 8.90259e-06 2.90179e-05
24.59 2.56968e-05 1.09812e-05 2.79448e-05
24.6 2.34785e-05 1.23766e-05 2.65409e-05
24.61 2.17471e-05 1.38722e-05 2.57948e-05
24.62 1.95017e-05 1.50138e-05 2.46116e-05
24.63 1.7426e-05 1.58615e-05 2.35638e-05
24.64 1.54561e-05 1.65433e-05 2.264e-05
24.65 1.34909e-05 1.69895e-05 2.16944e-05
24.66 1.14515e-05 1.72359e-05 2.06933e-05
24.67 9.76992e-06 1.73314e-05 1.98955e-05
24.68 7.96465e-06 1.73515e-05 1.90922e-05
24.69 6.40973e-06 1.72088e-05 1.83638e-05
24.7 4.72589e-06 1.70765e-05 1.77184e-05
24.71 3.39653e-06 1.66276e-05 1.6971e-05
24.72 2.03613e-06 1.64677e-05 1.65931e-05
24.73 5.2365e-07 1.57815e-05 1.57902e-05
24.74 -4.10392e-07 1.53755e-05 1.5381e-05
24.75 -1.6847e-06 1.48109e-05 1.49064e-05
24.76 -2.78723e-06 1.41527e-05 1.44246e-05
24.77 -3.71332e-06 1.35683e-05 1.40672e-05
24.78 -4.64287e-06 1.29299e-05 1.37382e-05
24.79 -5.70374e-06 1.21941e-05 1.34621e-05
24.8 -6.43204e-06 1.14158e-05 1.31031e-05
24.81 -7.33592e-06 1.0597e-05 1.28885e-05
24.82 -8.01969e-06 9.61216e-06 1.25183e-05
24.83 -8.80183e-06 8.6965e-06 1.23734e-05
24.84 -9.25761e-06 7.51499e-06 1.19239e-05
24.85 -9.66841e-06 6.70151e-06 1.17639e-05
24.86 -1.02301e-05 5.44176e-06 1.15874e-05
24.87 -1.02282e-05 4.53357e-06 1.11879e-05
24.88 -1.0488e-05 3.51871e-06 1.10625e-05
24.89 -1.0608e-05 2.39288e-06 1.08745e-05
24.9 -1.05056e-05 1.3962e-06 1.05979e-05
24.91 -1.0328e-05 3.63704e-07 1.03344e-05
24.92 -1.02589e-05 -7.00535e-07 1.02828e-05
24.93 -9.77886e-06 -1.68821e-06 9.92352e-06
24.94 -9.41203e-06 -2.55398e-06 9.75239e-06
24.95 -8.8308e-06 -3.46384e-06 9.48585e-06
24.96 -8.32875e-06 -4.14449e-06 9.30295e-06
24.97 -7.5926e-06 -5.00184e-06 9.09209e-06
24.98 -6.81823e-06 -5.4259e-06 8.7137e-06
24.99 -6.26548e-06 -6.233e-06 8.83779e-06
25 -5.22698e-06 -6.64075e-06 8.45109e-06
25.01 -4.43315e-06 -7.00129e-06 8.28679e-06
25.02 -3.58825e-06 -7.41701e-06 8.23939e-06
25.03 -2.59404e-06 -7.49212e-06 7.92848e-06
25.04 -1.59657e-06 -7.4994e-06 7.66747e-06
25.05 -8.39479e-07 -7.44847e-06 7.49562e-06
25.06 1.42109e-07 -7.25226e-06 7.25365e-06
25.07 8.94404e-07 -6.92685e-06 6.98435e-06
25.08 1.6505e-06 -6.65806e-06 6.85958e-06
25.09 2.2345e-06 -6.17808e-06 6.56975e-06
25.1 2.86668e-06 -5.85923e-06 6.52292e-06
25.11 3.44968e-06 -5.14446e-06 6.19401e-06
25.12 3.69372e-06 -4.75594e-06 6.02184e-06
25.13 4.21133e-06 -4.07623e-06 5.86097e-06
25.14 4.43216e-06 -3.35305e-06 5.5576e-06
25.15 4.49614e-06 -2.87725e-06 5.33797e-06
25.16 4.62215e-06 -2.21155e-06 5.12399e-06
25.17 4.67302e-06 -1.59825e-06 4.93878e-06
25.18 4.45115e-06 -1.14297e-06 4.59556e-06
25.19 4.44638e-06 -6.09825e-07 4.488e-06
25.2 4.25818e-06 -5.9519e-08 4.25859e-06
25.21 4.0951e-06 3.31313e-07 4.10848e-06
25.22 3.82729e-06 8.73983e-07 3.92581e-06
25.23 3.60272e-06 1.15341e-06 3.78285e-06
25.24 3.374e-06 1.6806e-06 3.76939e-06
25.25 2.8806e-06 1.79336e-06 3.39323e-06
25.26 2.65787e-06 2.03185e-06 3.34554e-06
25.27 2.28835e-06 2.28663e-06 3.235e-06
25.28 1.84066e-06 2.22217e-06 2.88549e-06
25.29 1.55533e-06 2.32983e-06 2.80128e-06
25.3 1.31426e-06 2.42125e-06 2.75495e-06
25.31 8.7117e-07 2.31005e-06 2.46886e-06
25.32 6.95436e-07 2.27914e-06 2.38288e-06
25.33 4.17455e-07 2.27473e-06 2.31272e-06
25.34 1.95728e-07 2.05146e-06 2.06078e-06
25.35 -3.62742e-08 2.01061e-06 2.01094e-06
25.36 -1.78565e-07 1.73921e-06 1.74835e-06
25.37 -2.28788e-07 1.76619e-06 1.78094e-06
25.38 -4.40775e-07 1.51296e-06 1.57586e-06
25.39 -3.88955e-07 1.43175e-06 1.48365e-06
25.4 -4.03961e-07 1.49228e-06 1.54599e-06
25.41 -5.39956e-07 1.26053e-06 1.37131e-06
25.42 -5.75975e-07 1.22078e-06 1.34984e-06
25.43 -5.50896e-07 1.20571e-06 1.32561e-06
25.44 -7.80607e-07 9.94773e-07 1.26448e-06
25.45 -7.72568e-07 8.69253e-07 1.16295e-06
25.46 -8.52549e-07 8.65533e-07 1.2149e-06
25.47 -9.0804e-07 6.48704e-07 1.11595e-06
25.48 -9.60948e-07 6.80489e-07 1.17749e-06
25.49 -9.72209e-07 5.10665e-07 1.09817e-06
25.5 -9.22024e-07 5.96185e-07 1.09798e-06
25.51 -1.07091e-06 4.27393e-07 1.15304e-06
25.52 -1.02193e-06 3.22522e-07 1.07162e-06
25.53 -1.01013e-06 4.12289e-07 1.09103e-06
25.54 -1.08593e-06 1.66134e-07 1.09857e-06
25.55 -1.07431e-06 1.30827e-07 1.08225e-06
25.56 -9.39893e-07 1.76822e-07 9.56382e-07
25.57 -1.02585e-06 4.01263e-08 1.02664e-06
25.58 -9.35351e-07 -2.7084e-08 9.35743e-07
25.59 -8.89905e-07 2.29583e-08 8.90201e-07
25.6 -8.91868e-07 -1.98193e-07 9.13624e-07
25.61 -8.96606e-07 -2.27814e-07 9.25096e-07
25.62 -8.70132e-07 -4.46496e-07 9.78002e-07
25.63 -7.54583e-07 -4.65646e-07 8.86691e-07
25.64 -7.59708e-07 -6.35792e-07 9.90651e-07
25.65 -5.85921e-07 -7.8547e-07 9.79933e-07
25.66 -3.81585e-07 -6.50115e-07 7.53828e-07
25.67 -2.80233e-07 -8.31112e-07 8.77085e-07
25.68 -1.35469e-07 -8.46962e-07 8.57728e-07
25.69 1.13846e-07 -7.44115e-07 7.52774e-07
25.7 1.33935e-07 -8.62526e-07 8.72863e-07
25.71 2.77722e-07 -8.99062e-07 9.40979e-07
25.72 4.11996e-07 -7.4728e-07 8.53327e-07
25.73 4.8417e-07 -8.39461e-07 9.6908e-07
25.74 5.485e-07 -7.00246e-07 8.89492e-07
25.75 6.18484e-07 -6.8433e-07 9.22404e-07
25.76 6.96397e-07 -5.3646e-07 8.79067e-07
25.77 6.17481e-07 -4.91448e-07 7.8918e-07
25.78 5.95955e-07 -5.28466e-07 7.96517e-07
25.79 5.89763e-07 -3.03926e-07 6.63469e-07
25.8 4.69663e-07 -3.79755e-07 6.03984e-07
25.81 3.84781e-07 -3.4559e-07 5.17194e-07
25.82 4.45892e-07 -1.19709e-07 4.61682e-07
25.83 3.15317e-07 -1.06703e-07 3.32882e-07
25.84 2.95669e-07 -5.70414e-08 3.01121e-07
25.85 2.9164e-07 2.12492e-07 3.60842e-07
25.86 2.09792e-07 1.56498e-07 2.61733e-07
25.87 1.02543e-07 2.8555e-07 3.03404e-07
25.88 2.71853e-08 2.95471e-07 2.96719e-07
25.89 -3.23123e-08 3.62688e-07 3.64124e-07
25.9 -1.54575e-07 3.94161e-07 4.23387e-07
25.91 -2.09888e-07 3.05387e-07 3.70559e-07
25.92 -1.8742e-07 4.99617e-07 5.33614e-07
25.93 -2.44786e-07 3.92821e-07 4.62848e-07
25.94 -3.19307e-07 3.34373e-07 4.62345e-07
25.95 -2.11562e-07 4.35557e-07 4.84219e-07
25.96 -3.0066e-07 3.06846e-07 4.29594e-07
25.97 -2.97034e-07 1.40527e-07 3.28599e-07
25.98 -2.17813e-07 2.474e-07 3.29619e-07
25.99 -1.723e-07 5.54881e-08 1.81014e-07
26 -1.22961e-07 4.42115e-08 1.30668e-07
