0 0.000849969 0.00151953 0.0017411
0.01 0.00169832 0.00303105 0.00347441
0.02 0.00254364 0.0045265 0.00519224
0.03 0.00338466 0.00599807 0.00688714
0.04 0.00421933 0.00743817 0.00855156
0.05 0.00504646 0.00883873 0.0101779
0.06 0.00586439 0.0101928 0.0117594
0.07 0.00667147 0.011493 0.013289
0.08 0.00746633 0.0127322 0.0147599
0.09 0.0082468 0.0139038 0.0161656
0.1 0.00901176 0.0150018 0.0175004
0.11 0.0097592 0.0160198 0.0187583
0.12 0.0104872 0.0169525 0.0199341
0.13 0.0111941 0.0177946 0.0210227
0.14 0.0118782 0.0185414 0.0220198
0.15 0.0125375 0.0191886 0.0229214
0.16 0.0131698 0.0197324 0.0237237
0.17 0.0137737 0.0201694 0.0244238
0.18 0.014347 0.0204973 0.0250195
0.19 0.0148876 0.0207135 0.0255086
0.2 0.0153936 0.0208163 0.0258898
0.21 0.0158629 0.0208048 0.0261625
0.22 0.0162939 0.0206783 0.0263265
0.23 0.0166842 0.0204368 0.0263822
0.24 0.0170317 0.0200809 0.026331
0.25 0.0173349 0.0196118 0.0261748
0.26 0.0175915 0.0190313 0.0259162
0.27 0.0177997 0.0183416 0.0255586
0.28 0.0179577 0.0175454 0.0251062
0.29 0.018064 0.0166463 0.0245644
0.3 0.0181165 0.0156483 0.023939
0.31 0.0181139 0.0145554 0.0232373
0.32 0.0180547 0.0133729 0.0224679
0.33 0.0179375 0.0121062 0.0216406
0.34 0.0177612 0.0107609 0.0207667
0.35 0.0175244 0.00934349 0.0198597
0.36 0.0172266 0.00786048 0.0189353
0.37 0.0168671 0.00631895 0.0180119
0.38 0.0164448 0.0047263 0.0171105
0.39 0.0159598 0.00309022 0.0162562
0.4 0.0154119 0.0014186 0.015477
0.41 0.0148012 -0.000280134 0.0148038
0.42 0.0141277 -0.00199795 0.0142683
0.43 0.0133925 -0.00372618 0.0139012
0.44 0.0125961 -0.00545598 0.0137269
0.45 0.0117396 -0.00717878 0.0137605
0.46 0.0108243 -0.00888592 0.0140045
0.47 0.00985173 -0.0105681 0.0144479
0.48 0.00882418 -0.0122172 0.0150707
0.49 0.0077434 -0.0138241 0.0158451
0.5 0.00661186 -0.0153805 0.0167415
0.51 0.00543269 -0.0168781 0.0177309
0.52 0.00420857 -0.0183086 0.0187861
0.53 0.00294288 -0.019664 0.019883
0.54 0.00163907 -0.0209369 0.021001
0.55 0.000301344 -0.0221199 0.0221219
0.56 -0.00106649 -0.0232058 0.0232303
0.57 -0.00245999 -0.0241887 0.0243135
0.58 -0.00387446 -0.025062 0.0253597
0.59 -0.00530519 -0.0258201 0.0263594
0.6 -0.00674688 -0.0264581 0.0273048
0.61 -0.00819481 -0.0269711 0.0281885
0.62 -0.00964299 -0.0273552 0.0290051
0.63 -0.0110859 -0.027607 0.0297497
0.64 -0.0125179 -0.0277234 0.0304185
0.65 -0.0139331 -0.0277023 0.0310089
0.66 -0.0153253 -0.027542 0.0315187
0.67 -0.0166885 -0.0272414 0.0319468
0.68 -0.0180168 -0.0268001 0.0322932
0.69 -0.0193038 -0.0262188 0.0325586
0.7 -0.0205433 -0.0254979 0.032744
0.71 -0.0217292 -0.0246396 0.0328522
0.72 -0.0228554 -0.0236461 0.0328863
0.73 -0.0239162 -0.0225201 0.0328503
0.74 -0.0249051 -0.0212657 0.0327489
0.75 -0.0258169 -0.0198869 0.0325883
0.76 -0.0266459 -0.0183885 0.032375
0.77 -0.0273864 -0.0167767 0.0321165
0.78 -0.0280336 -0.015057 0.0318213
0.79 -0.0285824 -0.0132365 0.0314986
0.8 -0.0290285 -0.0113225 0.0311585
0.81 -0.0293674 -0.00932266 0.0308116
0.82 -0.0295953 -0.00724534 0.0304693
0.83 -0.0297087 -0.00509954 0.0301432
0.84 -0.0297045 -0.00289437 0.0298452
0.85 -0.0295799 -0.000639313 0.0295868
0.86 -0.0293325 0.0016552 0.0293791
0.87 -0.028961 0.0039795 0.0292331
0.88 -0.0284637 0.00632261 0.0291575
0.89 -0.0278399 0.00867386 0.0291598
0.9 -0.0270896 0.0110225 0.0292463
0.91 -0.0262129 0.0133571 0.0294198
0.92 -0.0252106 0.0156667 0.029682
0.93 -0.0240841 0.0179402 0.0300315
0.94 -0.0228356 0.0201662 0.0304654
0.95 -0.0214676 0.0223338 0.0309783
0.96 -0.0199831 0.024432 0.0315634
0.97 -0.018386 0.0264499 0.0322125
0.98 -0.0166805 0.0283769 0.0329164
0.99 -0.0148716 0.030203 0.0336658
1 -0.0129644 0.0319178 0.0344502
1.01 -0.0109651 0.033512 0.0352603
1.02 -0.00888037 0.0349766 0.0360864
1.03 -0.00671683 0.0363025 0.0369187
1.04 -0.00448228 0.0374819 0.037749
1.05 -0.00218449 0.038507 0.0385689
1.06 0.000167789 0.0393707 0.039371
1.07 0.00256608 0.0400668 0.0401489
1.08 0.00500097 0.0405894 0.0408964
1.09 0.00746272 0.0409337 0.0416084
1.1 0.00994153 0.0410954 0.0422808
1.11 0.0124273 0.0410712 0.0429101
1.12 0.0149097 0.0408579 0.0434932
1.13 0.0173778 0.0404542 0.0440287
1.14 0.0198209 0.0398589 0.0445151
1.15 0.0222284 0.0390715 0.044952
1.16 0.024589 0.0380934 0.0453401
1.17 0.0268918 0.0369255 0.04568
1.18 0.0291258 0.0355706 0.0459737
1.19 0.0312805 0.0340319 0.0462238
1.2 0.0333448 0.0323136 0.0464332
1.21 0.0353081 0.0304207 0.0466056
1.22 0.0371605 0.0283592 0.0467455
1.23 0.0388916 0.0261358 0.0468576
1.24 0.0404918 0.023758 0.0469471
1.25 0.0419518 0.0212345 0.0470198
1.26 0.0432629 0.0185739 0.0470815
1.27 0.0444167 0.0157864 0.0471386
1.28 0.0454049 0.0128829 0.0471972
1.29 0.0462206 0.00987379 0.0472635
1.3 0.0468571 0.00677173 0.0473439
1.31 0.0473082 0.00358875 0.0474441
1.32 0.0475684 0.000337876 0.0475696
1.33 0.0476335 -0.00296727 0.0477258
1.34 0.0474995 -0.00631304 0.0479172
1.35 0.0471632 -0.009685 0.0481474
1.36 0.0466225 -0.0130685 0.0484194
1.37 0.0458759 -0.0164489 0.0487357
1.38 0.044923 -0.0198112 0.0490974
1.39 0.043764 -0.02314 0.049505
1.4 0.0424002 -0.0264201 0.049958
1.41 0.040834 -0.0296368 0.0504555
1.42 0.0390683 -0.0327742 0.0509949
1.43 0.0371069 -0.0358179 0.0515737
1.44 0.0349548 -0.0387529 0.0521883
1.45 0.0326181 -0.0415645 0.0528351
1.46 0.0301032 -0.0442389 0.0535096
1.47 0.0274179 -0.0467618 0.054207
1.48 0.0245705 -0.0491203 0.0549228
1.49 0.0215706 -0.0513015 0.0556519
1.5 0.0184279 -0.0532933 0.0563893
1.51 0.0151536 -0.0550838 0.0571302
1.52 0.0117592 -0.0566628 0.0578701
1.53 0.00825732 -0.05802 0.0586046
1.54 0.00466071 -0.059146 0.0593293
1.55 0.000983246 -0.060033 0.060041
1.56 -0.00276089 -0.0606732 0.0607359
1.57 -0.00655688 -0.0610604 0.0614115
1.58 -0.0103898 -0.0611893 0.0620651
1.59 -0.0142436 -0.0610552 0.0626947
1.6 -0.0181026 -0.0606554 0.0632991
1.61 -0.0219503 -0.0599873 0.0638771
1.62 -0.0257704 -0.0590499 0.0644283
1.63 -0.0295461 -0.0578436 0.0649527
1.64 -0.033261 -0.0563697 0.0654511
1.65 -0.0368982 -0.0546305 0.0659239
1.66 -0.0404412 -0.0526296 0.066373
1.67 -0.0438734 -0.0503724 0.0668001
1.68 -0.0471783 -0.0478643 0.067207
1.69 -0.0503403 -0.0451128 0.0675967
1.7 -0.0533437 -0.0421261 0.0679717
1.71 -0.056173 -0.0389137 0.0683351
1.72 -0.0588139 -0.0354864 0.0686903
1.73 -0.0612522 -0.0318553 0.0690405
1.74 -0.0634742 -0.0280334 0.0693891
1.75 -0.0654673 -0.0240344 0.0697397
1.76 -0.0672196 -0.0198727 0.0700957
1.77 -0.0687199 -0.0155638 0.0704603
1.78 -0.0699581 -0.0111243 0.070837
1.79 -0.0709248 -0.00657122 0.0712286
1.8 -0.0716118 -0.00192197 0.0716376
1.81 -0.072012 0.00280443 0.0720666
1.82 -0.0721191 0.00758935 0.0725173
1.83 -0.0719284 0.012413 0.0729916
1.84 -0.0714362 0.0172556 0.0734907
1.85 -0.0706398 0.0220969 0.0740152
1.86 -0.0695382 0.026916 0.0745656
1.87 -0.0681312 0.0316923 0.0751417
1.88 -0.0664202 0.0364053 0.0757429
1.89 -0.0644078 0.0410339 0.0763685
1.9 -0.062098 0.0455572 0.077017
1.91 -0.0594958 0.0499548 0.0776868
1.92 -0.0566081 0.0542067 0.0783763
1.93 -0.0534427 0.0582923 0.0790829
1.94 -0.0500084 0.0621927 0.0798046
1.95 -0.0463159 0.0658887 0.0805387
1.96 -0.0423767 0.0693622 0.0812829
1.97 -0.0382035 0.0725954 0.0820342
1.98 -0.0338108 0.0755713 0.0827901
1.99 -0.0292131 0.0782744 0.0835481
2 -0.024427 0.0806893 0.0843056
2.01 -0.0194695 0.0828019 0.0850601
2.02 -0.0143588 0.0845998 0.0858097
2.03 -0.0091138 0.086071 0.0865522
2.04 -0.00375467 0.0872051 0.0872859
2.05 0.00169824 0.0879926 0.0880089
2.06 0.00722362 0.088426 0.0887206
2.07 0.0127994 0.0884987 0.0894195
2.08 0.0184035 0.0882057 0.0901051
2.09 0.0240129 0.0875433 0.0907769
2.1 0.0296044 0.0865096 0.0914349
2.11 0.0351552 0.0851042 0.0920794
2.12 0.0406411 0.0833277 0.0927103
2.13 0.046039 0.0811828 0.0933286
2.14 0.0513254 0.0786739 0.0939355
2.15 0.0564768 0.0758064 0.0945317
2.16 0.0614703 0.0725879 0.0951188
2.17 0.0662832 0.0690269 0.0956984
2.18 0.0708934 0.0651343 0.0962722
2.19 0.0752787 0.0609214 0.0968417
2.2 0.0794187 0.0564019 0.097409
2.21 0.0832927 0.0515904 0.0979758
2.22 0.0868815 0.0465034 0.0985442
2.23 0.0901666 0.0411581 0.0991161
2.24 0.0931301 0.0355735 0.0996929
2.25 0.0957563 0.0297695 0.100277
2.26 0.0980296 0.0237673 0.10087
2.27 0.099936 0.017589 0.101472
2.28 0.101463 0.011258 0.102086
2.29 0.1026 0.00479841 0.102712
2.3 0.103337 -0.0017648 0.103352
2.31 0.103665 -0.00840615 0.104005
2.32 0.103578 -0.0150992 0.104673
2.33 0.103072 -0.0218172 0.105355
2.34 0.102142 -0.0285331 0.106053
2.35 0.100788 -0.0352192 0.106764
2.36 0.0990088 -0.041848 0.10749
2.37 0.0968075 -0.0483916 0.108229
2.38 0.0941868 -0.0548222 0.10898
2.39 0.0911524 -0.0611124 0.109743
2.4 0.087712 -0.0672349 0.110517
2.41 0.0838738 -0.0731626 0.1113
2.42 0.0796488 -0.0788692 0.112091
2.43 0.0750493 -0.0843289 0.112888
2.44 0.0700895 -0.0895163 0.113691
2.45 0.0647847 -0.0944074 0.114498
2.46 0.0591526 -0.0989789 0.115308
2.47 0.0532118 -0.103208 0.116118
2.48 0.0469827 -0.107075 0.116929
2.49 0.0404871 -0.110559 0.117739
2.5 0.0337476 -0.113641 0.118546
2.51 0.0267891 -0.116305 0.11935
2.52 0.0196369 -0.118534 0.12015
2.53 0.0123171 -0.120316 0.120945
2.54 0.00485779 -0.121637 0.121734
2.55 -0.00271287 -0.122487 0.122518
2.56 -0.0103656 -0.122858 0.123295
2.57 -0.0180708 -0.122742 0.124066
2.58 -0.0257978 -0.122135 0.12483
2.59 -0.0335161 -0.121033 0.125588
2.6 -0.0411942 -0.119436 0.12634
2.61 -0.0488011 -0.117343 0.127087
2.62 -0.0563055 -0.114759 0.127828
2.63 -0.0636757 -0.111689 0.128565
2.64 -0.0708812 -0.108138 0.129298
2.65 -0.0778913 -0.104116 0.130028
2.66 -0.0846752 -0.099634 0.130755
2.67 -0.0912039 -0.0947051 0.131481
2.68 -0.0974479 -0.089344 0.132206
2.69 -0.10338 -0.0835675 0.132932
2.7 -0.108971 -0.0773942 0.133658
2.71 -0.114197 -0.0708444 0.134387
2.72 -0.119033 -0.0639401 0.135119
2.73 -0.123454 -0.0567052 0.135855
2.74 -0.12744 -0.0491651 0.136595
2.75 -0.130968 -0.0413466 0.13734
2.76 -0.134021 -0.0332774 0.13809
2.77 -0.13658 -0.0249876 0.138847
2.78 -0.138632 -0.0165075 0.139611
2.79 -0.140161 -0.00786858 0.140382
2.8 -0.141157 0.000896131 0.14116
2.81 -0.14161 0.00975342 0.141945
2.82 -0.141511 0.018669 0.142738
2.83 -0.140858 0.0276083 0.143538
2.84 -0.139644 0.0365362 0.144345
2.85 -0.137871 0.0454171 0.145159
2.86 -0.135538 0.0542155 0.145979
2.87 -0.13265 0.062896 0.146806
2.88 -0.129213 0.0714232 0.147639
2.89 -0.125233 0.0797613 0.148476
2.9 -0.120722 0.0878763 0.149319
2.91 -0.115692 0.0957338 0.150165
2.92 -0.110157 0.1033 0.151014
2.93 -0.104134 0.110543 0.151867
2.94 -0.0976419 0.11743 0.152721
2.95 -0.0907019 0.123932 0.153577
2.96 -0.0833365 0.130018 0.154433
2.97 -0.0755705 0.135661 0.15529
2.98 -0.0674304 0.140835 0.156146
2.99 -0.0589446 0.145515 0.157
3 -0.050143 0.149678 0.157853
3.01 -0.041057 0.153301 0.158704
3.02 -0.0317192 0.156368 0.159553
3.03 -0.0221641 0.158859 0.160398
3.04 -0.0124267 0.16076 0.16124
3.05 -0.00254346 0.162058 0.162078
3.06 0.00744851 0.162743 0.162913
3.07 0.0175111 0.162805 0.163744
3.08 0.027606 0.162239 0.164571
3.09 0.0376939 0.161041 0.165394
3.1 0.0477358 0.159211 0.166214
3.11 0.0576918 0.15675 0.167029
3.12 0.0675226 0.15366 0.167842
3.13 0.0771889 0.14995 0.168651
3.14 0.0866517 0.145628 0.169458
3.15 0.095872 0.140704 0.170261
3.16 0.104813 0.135193 0.171063
3.17 0.113436 0.129111 0.171864
3.18 0.121705 0.122476 0.172663
3.19 0.129587 0.115309 0.173462
3.2 0.137045 0.107634 0.17426
3.21 0.144049 0.0994752 0.175058
3.22 0.150567 0.0908604 0.175858
3.23 0.156569 0.0818188 0.176658
3.24 0.162028 0.0723818 0.17746
3.25 0.166919 0.0625823 0.178265
3.26 0.171217 0.052455 0.179072
3.27 0.174901 0.042036 0.179881
3.28 0.177952 0.0313631 0.180694
3.29 0.180352 0.0204754 0.181511
3.3 0.182087 0.00941249 0.18233
3.31 0.183146 -0.00178388 0.183154
3.32 0.183517 -0.0130725 0.183982
3.33 0.183194 -0.0244103 0.184814
3.34 0.182173 -0.0357545 0.185649
3.35 0.180452 -0.0470616 0.186488
3.36 0.178032 -0.0582879 0.187331
3.37 0.174916 -0.0693899 0.188177
3.38 0.171111 -0.080324 0.189026
3.39 0.166626 -0.0910472 0.189879
3.4 0.161473 -0.101517 0.190733
3.41 0.155665 -0.111691 0.191589
3.42 0.149221 -0.121528 0.192447
3.43 0.142159 -0.130989 0.193306
3.44 0.134502 -0.140033 0.194165
3.45 0.126274 -0.148624 0.195024
3.46 0.117503 -0.156726 0.195882
3.47 0.108217 -0.164303 0.19674
3.48 0.0984485 -0.171323 0.197595
3.49 0.0882298 -0.177756 0.198448
3.5 0.0775971 -0.183572 0.199298
3.51 0.0665874 -0.188744 0.200146
3.52 0.0552395 -0.193249 0.200989
3.53 0.0435941 -0.197064 0.201828
3.54 0.0316932 -0.20017 0.202663
3.55 0.0195798 -0.20255 0.203494
3.56 0.00729808 -0.204189 0.204319
3.57 -0.00510632 -0.205077 0.20514
3.58 -0.0175881 -0.205204 0.205956
3.59 -0.0301001 -0.204564 0.206767
3.6 -0.0425957 -0.203155 0.207572
3.61 -0.0550277 -0.200976 0.208374
3.62 -0.0673484 -0.198031 0.20917
3.63 -0.079511 -0.194325 0.209963
3.64 -0.0914687 -0.189867 0.210751
3.65 -0.103175 -0.184668 0.211536
3.66 -0.114584 -0.178743 0.212317
3.67 -0.125651 -0.17211 0.213096
3.68 -0.136333 -0.164788 0.213873
3.69 -0.146585 -0.1568 0.214647
3.7 -0.156369 -0.148172 0.215421
3.71 -0.165642 -0.138933 0.216194
3.72 -0.174369 -0.129112 0.216966
3.73 -0.182511 -0.118743 0.217738
3.74 -0.190035 -0.107861 0.218511
3.75 -0.196909 -0.0965026 0.219285
3.76 -0.203103 -0.0847088 0.22006
3.77 -0.20859 -0.0725201 0.220837
3.78 -0.213344 -0.0599794 0.221615
3.79 -0.217344 -0.0471313 0.222395
3.8 -0.220569 -0.0340222 0.223178
3.81 -0.223003 -0.020699 0.223962
3.82 -0.224632 -0.00720996 0.224748
3.83 -0.225445 0.00639545 0.225535
3.84 -0.225433 0.0200676 0.226325
3.85 -0.224593 0.0337557 0.227116
3.86 -0.222922 0.0474093 0.227907
3.87 -0.220421 0.0609777 0.2287
3.88 -0.217095 0.0744092 0.229493
3.89 -0.212951 0.0876541 0.230285
3.9 -0.207999 0.100662 0.231077
3.91 -0.202254 0.113383 0.231867
3.92 -0.195732 0.125769 0.232656
3.93 -0.188453 0.137771 0.233442
3.94 -0.180439 0.149344 0.234226
3.95 -0.171715 0.160442 0.235006
3.96 -0.162311 0.171022 0.235783
3.97 -0.152256 0.181041 0.236554
3.98 -0.141585 0.19046 0.237321
3.99 -0.130333 0.199241 0.238083
4 -0.118538 0.207348 0.238839
4.01 -0.10624 0.214747 0.23959
4.02 -0.0934838 0.221408 0.240335
4.03 -0.0803119 0.227302 0.241073
4.04 -0.0667708 0.232404 0.241805
4.05 -0.0529084 0.23669 0.242531
4.06 -0.0387739 0.240141 0.243251
4.07 -0.0244177 0.24274 0.243965
4.08 -0.0098911 0.244473 0.244673
4.09 0.00475359 0.245329 0.245375
4.1 0.0194633 0.245301 0.246072
4.11 0.0341845 0.244385 0.246765
4.12 0.0488637 0.24258 0.247452
4.13 0.0634471 0.239887 0.248136
4.14 0.0778805 0.236313 0.248816
4.15 0.0921111 0.231866 0.249492
4.16 0.106086 0.226559 0.250166
4.17 0.119753 0.220406 0.250838
4.18 0.13306 0.213427 0.251508
4.19 0.145959 0.205642 0.252176
4.2 0.158399 0.197077 0.252843
4.21 0.170334 0.187758 0.253509
4.22 0.181718 0.177717 0.254175
4.23 0.192507 0.166987 0.254841
4.24 0.20266 0.155603 0.255506
4.25 0.212136 0.143605 0.256172
4.26 0.220899 0.131032 0.256838
4.27 0.228913 0.117928 0.257504
4.28 0.236147 0.104338 0.25817
4.29 0.24257 0.0903091 0.258836
4.3 0.248157 0.0758904 0.259502
4.31 0.252883 0.0611319 0.260167
4.32 0.256728 0.046086 0.260832
4.33 0.259674 0.0308053 0.261495
4.34 0.261707 0.0153444 0.262157
4.35 0.262816 -0.000242264 0.262816
4.36 0.262994 -0.0158985 0.263474
4.37 0.262235 -0.0315685 0.264128
4.38 0.260539 -0.047196 0.264779
4.39 0.257908 -0.0627247 0.265426
4.4 0.254349 -0.0780983 0.266069
4.41 0.24987 -0.0932613 0.266707
4.42 0.244484 -0.108158 0.26734
4.43 0.238206 -0.122735 0.267967
4.44 0.231057 -0.136938 0.268588
4.45 0.223059 -0.150716 0.269203
4.46 0.214236 -0.164016 0.269812
4.47 0.204619 -0.176791 0.270414
4.48 0.194237 -0.188993 0.27101
4.49 0.183126 -0.200575 0.271598
4.5 0.171323 -0.211496 0.27218
4.51 0.158868 -0.221713 0.272755
4.52 0.145802 -0.231187 0.273323
4.53 0.13217 -0.239883 0.273885
4.54 0.11802 -0.247767 0.27444
4.55 0.103399 -0.254809 0.274989
4.56 0.0883583 -0.26098 0.275532
4.57 0.0729497 -0.266257 0.276069
4.58 0.0572271 -0.270616 0.276601
4.59 0.0412453 -0.274041 0.277128
4.6 0.0250601 -0.276517 0.27765
4.61 0.00872812 -0.278031 0.278168
4.62 -0.00769273 -0.278575 0.278681
4.63 -0.0241448 -0.278145 0.279191
4.64 -0.04057 -0.276739 0.279697
4.65 -0.0569102 -0.274361 0.280201
4.66 -0.0731072 -0.271014 0.280701
4.67 -0.0891034 -0.266709 0.281199
4.68 -0.104842 -0.261457 0.281694
4.69 -0.120266 -0.255276 0.282187
4.7 -0.135321 -0.248184 0.282678
4.71 -0.149953 -0.240203 0.283167
4.72 -0.164108 -0.231361 0.283653
4.73 -0.177737 -0.221685 0.284138
4.74 -0.19079 -0.211207 0.284621
4.75 -0.203219 -0.199963 0.285102
4.76 -0.214979 -0.187989 0.28558
4.77 -0.226027 -0.175327 0.286056
4.78 -0.236324 -0.162019 0.286529
4.79 -0.24583 -0.14811 0.287
4.8 -0.254511 -0.133648 0.287468
4.81 -0.262335 -0.118681 0.287932
4.82 -0.269272 -0.103262 0.288393
4.83 -0.275297 -0.0874425 0.28885
4.84 -0.280385 -0.0712776 0.289303
4.85 -0.284518 -0.0548228 0.289752
4.86 -0.287679 -0.0381351 0.290195
4.87 -0.289854 -0.0212718 0.290634
4.88 -0.291035 -0.00429194 0.291067
4.89 -0.291216 0.0127461 0.291494
4.9 -0.290392 0.0297829 0.291916
4.91 -0.288567 0.0467594 0.292331
4.92 -0.285744 0.0636164 0.29274
4.93 -0.281931 0.080295 0.293142
4.94 -0.277139 0.0967368 0.293537
4.95 -0.271384 0.112885 0.293926
4.96 -0.264684 0.128683 0.294308
4.97 -0.257061 0.144075 0.294683
4.98 -0.248539 0.159007 0.29505
4.99 -0.239146 0.173428 0.295411
5 -0.228914 0.187285 0.295765
5.01 -0.217876 0.200531 0.296113
5.02 -0.20607 0.213119 0.296454
5.03 -0.193536 0.225005 0.296789
5.04 -0.180315 0.236146 0.297117
5.05 -0.166452 0.246504 0.29744
5.06 -0.151994 0.256041 0.297757
5.07 -0.13699 0.264723 0.298068
5.08 -0.121492 0.27252 0.298375
5.09 -0.105551 0.279404 0.298677
5.1 -0.0892217 0.28535 0.298974
5.11 -0.0725604 0.290337 0.299267
5.12 -0.0556235 0.294346 0.299556
5.13 -0.0384688 0.297363 0.299841
5.14 -0.021155 0.299376 0.300122
5.15 -0.00374119 0.300377 0.300401
5.16 0.013713 0.300363 0.300676
5.17 0.0311479 0.299331 0.300948
5.18 0.048504 0.297286 0.301217
5.19 0.0657217 0.294232 0.301483
5.2 0.082742 0.29018 0.301746
5.21 0.0995075 0.285142 0.302006
5.22 0.11596 0.279135 0.302263
5.23 0.132043 0.272179 0.302517
5.24 0.147701 0.264297 0.302768
5.25 0.162883 0.255515 0.303016
5.26 0.177534 0.245862 0.303259
5.27 0.191605 0.235371 0.303499
5.28 0.205048 0.224076 0.303735
5.29 0.217818 0.212017 0.303967
5.3 0.229869 0.199232 0.304193
5.31 0.241162 0.185766 0.304415
5.32 0.251658 0.171664 0.304631
5.33 0.26132 0.156972 0.304841
5.34 0.270116 0.141742 0.305046
5.35 0.278015 0.126022 0.305245
5.36 0.284992 0.109868 0.305436
5.37 0.291021 0.0933337 0.305622
5.38 0.296083 0.0764738 0.3058
5.39 0.30016 0.0593457 0.305971
5.4 0.303239 0.0420069 0.306134
5.41 0.305308 0.0245159 0.306291
5.42 0.306361 0.00693163 0.30644
5.43 0.306395 -0.0106872 0.306581
5.44 0.305409 -0.0282812 0.306715
5.45 0.303406 -0.0457913 0.306842
5.46 0.300394 -0.0631585 0.306962
5.47 0.296383 -0.0803254 0.307075
5.48 0.291385 -0.0972335 0.30718
5.49 0.285419 -0.113827 0.307279
5.5 0.278504 -0.13005 0.307372
5.51 0.270664 -0.145849 0.307458
5.52 0.261924 -0.16117 0.307539
5.53 0.252316 -0.175964 0.307614
5.54 0.241871 -0.19018 0.307685
5.55 0.230624 -0.203771 0.30775
5.56 0.218613 -0.216693 0.307811
5.57 0.205879 -0.228903 0.307868
5.58 0.192464 -0.24036 0.307921
5.59 0.178414 -0.251027 0.307971
5.6 0.163775 -0.260868 0.308017
5.61 0.148596 -0.269853 0.30806
5.62 0.132929 -0.27795 0.308101
5.63 0.116825 -0.285134 0.308138
5.64 0.100339 -0.291381 0.308174
5.65 0.0835251 -0.296672 0.308206
5.66 0.0664394 -0.30099 0.308236
5.67 0.0491388 -0.304321 0.308263
5.68 0.0316809 -0.306655 0.308288
5.69 0.0141233 -0.307986 0.308309
5.7 -0.00347589 -0.308308 0.308328
5.71 -0.0210583 -0.307623 0.308343
5.72 -0.0385658 -0.305933 0.308355
5.73 -0.0559414 -0.303246 0.308363
5.74 -0.073127 -0.29957 0.308366
5.75 -0.0900669 -0.294919 0.308366
5.76 -0.106705 -0.28931 0.30836
5.77 -0.122988 -0.282761 0.30835
5.78 -0.138862 -0.275295 0.308334
5.79 -0.154275 -0.266938 0.308312
5.8 -0.169177 -0.257718 0.308285
5.81 -0.18352 -0.247667 0.308251
5.82 -0.197258 -0.236818 0.30821
5.83 -0.210347 -0.225207 0.308163
5.84 -0.222744 -0.212875 0.308108
5.85 -0.234411 -0.199862 0.308047
5.86 -0.245309 -0.186211 0.307979
5.87 -0.255404 -0.171968 0.307903
5.88 -0.264665 -0.157181 0.307821
5.89 -0.273063 -0.141898 0.307731
5.9 -0.280571 -0.126169 0.307634
5.91 -0.287167 -0.110048 0.307531
5.92 -0.29283 -0.0935862 0.307421
5.93 -0.297543 -0.0768383 0.307305
5.94 -0.301294 -0.0598594 0.307182
5.95 -0.30407 -0.0427046 0.307054
5.96 -0.305866 -0.0254304 0.306921
5.97 -0.306676 -0.00809272 0.306783
5.98 -0.3065 0.00925165 0.306639
5.99 -0.30534 0.0265473 0.306492
6 -0.303202 0.0437374 0.30634
6.01 -0.300094 0.0607672 0.306185
6.02 -0.296029 0.0775814 0.306026
6.03 -0.29102 0.0941261 0.305864
6.04 -0.285087 0.110349 0.305699
6.05 -0.278251 0.126197 0.305531
6.06 -0.270535 0.14162 0.305361
6.07 -0.261965 0.156571 0.305189
6.08 -0.252572 0.171 0.305014
6.09 -0.242386 0.184863 0.304837
6.1 -0.231443 0.198117 0.304658
6.11 -0.21978 0.210719 0.304476
6.12 -0.207435 0.222631 0.304292
6.13 -0.194449 0.233816 0.304106
6.14 -0.180866 0.244239 0.303917
6.15 -0.16673 0.253869 0.303725
6.16 -0.152089 0.262677 0.30353
6.17 -0.136989 0.270636 0.303331
6.18 -0.121481 0.277722 0.303129
6.19 -0.105614 0.283915 0.302923
6.2 -0.0894418 0.289197 0.302712
6.21 -0.073015 0.293553 0.302498
6.22 -0.0563872 0.296972 0.302278
6.23 -0.0396117 0.299445 0.302053
6.24 -0.0227427 0.300965 0.301823
6.25 -0.00583373 0.301532 0.301588
6.26 0.0110607 0.301144 0.301347
6.27 0.0278874 0.299807 0.301101
6.28 0.0445927 0.297525 0.300849
6.29 0.0611238 0.29431 0.30059
6.3 0.077429 0.290173 0.300326
6.31 0.093457 0.285131 0.300056
6.32 0.109157 0.279201 0.299781
6.33 0.124482 0.272405 0.2995
6.34 0.139382 0.264766 0.299213
6.35 0.153813 0.256312 0.298921
6.36 0.167729 0.24707 0.298625
6.37 0.181089 0.237073 0.298323
6.38 0.193851 0.226354 0.298017
6.39 0.205977 0.214949 0.297708
6.4 0.217431 0.202896 0.297394
6.41 0.228177 0.190235 0.297076
6.42 0.238185 0.177008 0.296756
6.43 0.247425 0.163258 0.296433
6.44 0.25587 0.14903 0.296107
6.45 0.263496 0.13437 0.295779
6.46 0.270281 0.119326 0.295449
6.47 0.276206 0.103945 0.295118
6.48 0.281256 0.0882789 0.294785
6.49 0.285417 0.0723758 0.29445
6.5 0.288678 0.0562873 0.294114
6.51 0.291033 0.0400642 0.293778
6.52 0.292476 0.0237582 0.293439
6.53 0.293006 0.00742016 0.2931
6.54 0.292624 -0.00889818 0.292759
6.55 0.291334 -0.0251457 0.292418
6.56 0.289143 -0.041272 0.292074
6.57 0.286061 -0.0572269 0.291729
6.58 0.2821 -0.0729606 0.291382
6.59 0.277275 -0.0884253 0.291034
6.6 0.271604 -0.103573 0.290682
6.61 0.265108 -0.118358 0.290328
6.62 0.257809 -0.132734 0.289972
6.63 0.249732 -0.14666 0.289612
6.64 0.240906 -0.160091 0.289249
6.65 0.231361 -0.17299 0.288883
6.66 0.221128 -0.185316 0.288512
6.67 0.210241 -0.197033 0.288138
6.68 0.198738 -0.208108 0.287759
6.69 0.186654 -0.218508 0.287377
6.7 0.174031 -0.228202 0.28699
6.71 0.160909 -0.237164 0.286598
6.72 0.14733 -0.245368 0.286202
6.73 0.133338 -0.252791 0.285801
6.74 0.118979 -0.259413 0.285396
6.75 0.104297 -0.265216 0.284986
6.76 0.089339 -0.270185 0.284572
6.77 0.0741527 -0.274308 0.284154
6.78 0.0587861 -0.277575 0.283732
6.79 0.0432869 -0.279979 0.283305
6.8 0.0277036 -0.281515 0.282875
6.81 0.0120848 -0.282183 0.282442
6.82 -0.00352112 -0.281983 0.282005
6.83 -0.0190662 -0.280919 0.281566
6.84 -0.0345025 -0.278998 0.281123
6.85 -0.0497832 -0.276228 0.280679
6.86 -0.0648609 -0.272622 0.280232
6.87 -0.0796908 -0.268193 0.279783
6.88 -0.0942277 -0.262959 0.279332
6.89 -0.108428 -0.256939 0.27888
6.9 -0.122249 -0.250153 0.278426
6.91 -0.13565 -0.242626 0.277972
6.92 -0.148591 -0.234384 0.277516
6.93 -0.161034 -0.225455 0.277059
6.94 -0.172943 -0.215869 0.276602
6.95 -0.184283 -0.205658 0.276144
6.96 -0.195022 -0.194857 0.275686
6.97 -0.205129 -0.183499 0.275226
6.98 -0.214575 -0.171623 0.274766
6.99 -0.223334 -0.159266 0.274306
7 -0.231382 -0.146469 0.273845
7.01 -0.238697 -0.133273 0.273383
7.02 -0.24526 -0.11972 0.27292
7.03 -0.251053 -0.105851 0.272456
7.04 -0.256062 -0.0917125 0.27199
7.05 -0.260274 -0.0773472 0.271524
7.06 -0.26368 -0.0628005 0.271055
7.07 -0.266273 -0.0481174 0.270585
7.08 -0.268047 -0.0333435 0.270113
7.09 -0.269002 -0.018524 0.269639
7.1 -0.269136 -0.00370486 0.269162
7.11 -0.268454 0.0110696 0.268683
7.12 -0.266961 0.0257533 0.268201
7.13 -0.264664 0.0403028 0.267716
7.14 -0.261575 0.0546739 0.267228
7.15 -0.257705 0.0688236 0.266736
7.16 -0.253069 0.0827096 0.266242
7.17 -0.247686 0.0962911 0.265745
7.18 -0.241574 0.109528 0.265244
7.19 -0.234756 0.122381 0.26474
7.2 -0.227255 0.134813 0.264233
7.21 -0.219096 0.146787 0.263723
7.22 -0.210308 0.158271 0.263209
7.23 -0.20092 0.16923 0.262693
7.24 -0.190963 0.179634 0.262174
7.25 -0.18047 0.189453 0.261652
7.26 -0.169475 0.198661 0.261128
7.27 -0.158013 0.207231 0.260601
7.28 -0.146123 0.215142 0.260073
7.29 -0.13384 0.222371 0.259542
7.3 -0.121206 0.2289 0.25901
7.31 -0.108259 0.234713 0.258477
7.32 -0.0950408 0.239794 0.257942
7.33 -0.0815918 0.244132 0.257405
7.34 -0.0679545 0.247717 0.256868
7.35 -0.0541708 0.250541 0.256331
7.36 -0.0402838 0.2526 0.255792
7.37 -0.026335 0.253891 0.255253
7.38 -0.0123682 0.254413 0.254713
7.39 0.0015749 0.254168 0.254173
7.4 0.0154521 0.253161 0.253632
7.41 0.0292213 0.251398 0.25309
7.42 0.0428416 0.248888 0.252548
7.43 0.0562724 0.245643 0.252006
7.44 0.0694736 0.241674 0.251462
7.45 0.0824068 0.236999 0.250917
7.46 0.0950338 0.231635 0.250372
7.47 0.107318 0.2256 0.249825
7.48 0.119223 0.218916 0.249276
7.49 0.130716 0.211607 0.248726
7.5 0.141764 0.203699 0.248174
7.51 0.152335 0.195216 0.247619
7.52 0.162399 0.186189 0.247062
7.53 0.171929 0.176646 0.246503
7.54 0.180899 0.16662 0.24594
7.55 0.189285 0.156142 0.245375
7.56 0.197062 0.145248 0.244807
7.57 0.204213 0.13397 0.244236
7.58 0.210717 0.122347 0.243661
7.59 0.216559 0.110414 0.243083
7.6 0.221725 0.0982092 0.242501
7.61 0.226201 0.0857702 0.241916
7.62 0.229979 0.0731364 0.241328
7.63 0.23305 0.060346 0.240736
7.64 0.235409 0.0474394 0.240142
7.65 0.237053 0.0344553 0.239544
7.66 0.23798 0.0214336 0.238943
7.67 0.23819 0.00841377 0.238339
7.68 0.237689 -0.0045652 0.237733
7.69 0.23648 -0.0174645 0.237124
7.7 0.234571 -0.0302452 0.236513
7.71 0.231972 -0.04287 0.2359
7.72 0.228695 -0.0553014 0.235286
7.73 0.224752 -0.0675031 0.23467
7.74 0.22016 -0.0794394 0.234054
7.75 0.214936 -0.0910762 0.233436
7.76 0.209099 -0.10238 0.232817
7.77 0.202669 -0.113318 0.232198
7.78 0.195671 -0.12386 0.231578
7.79 0.188128 -0.133976 0.230958
7.8 0.180065 -0.143639 0.230338
7.81 0.171511 -0.15282 0.229718
7.82 0.162494 -0.161497 0.229097
7.83 0.153042 -0.169645 0.228476
7.84 0.143189 -0.177243 0.227855
7.85 0.132965 -0.184271 0.227234
7.86 0.122403 -0.190711 0.226612
7.87 0.111537 -0.196547 0.22599
7.88 0.100402 -0.201766 0.225367
7.89 0.0890329 -0.206355 0.224743
7.9 0.077465 -0.210304 0.224117
7.91 0.0657342 -0.213605 0.22349
7.92 0.0538768 -0.216252 0.222862
7.93 0.0419297 -0.21824 0.222232
7.94 0.0299287 -0.219569 0.221599
7.95 0.0179103 -0.220237 0.220964
7.96 0.00591139 -0.220247 0.220326
7.97 -0.00603276 -0.219602 0.219685
7.98 -0.0178866 -0.21831 0.219041
7.99 -0.0296148 -0.216377 0.218394
8 -0.0411833 -0.213814 0.217744
8.01 -0.0525581 -0.210631 0.217089
8.02 -0.0637065 -0.206843 0.216432
8.03 -0.0745963 -0.202465 0.21577
8.04 -0.0851968 -0.197514 0.215105
8.05 -0.0954777 -0.192008 0.214437
8.06 -0.105411 -0.185968 0.213765
8.07 -0.114968 -0.179414 0.213089
8.08 -0.124124 -0.172371 0.212411
8.09 -0.132852 -0.164862 0.211729
8.1 -0.141132 -0.156914 0.211045
8.11 -0.148939 -0.148552 0.210358
8.12 -0.156255 -0.139806 0.209669
8.13 -0.16306 -0.130703 0.208978
8.14 -0.169338 -0.121274 0.208285
8.15 -0.175073 -0.111548 0.20759
8.16 -0.180253 -0.101559 0.206895
8.17 -0.184865 -0.091336 0.206197
8.18 -0.1889 -0.0809126 0.2055
8.19 -0.19235 -0.0703217 0.204801
8.2 -0.195208 -0.0595958 0.204102
8.21 -0.19747 -0.0487681 0.203403
8.22 -0.199134 -0.0378718 0.202704
8.23 -0.2002 -0.0269402 0.202004
8.24 -0.200667 -0.016006 0.201304
8.25 -0.20054 -0.00510253 0.200605
8.26 -0.199823 0.00573841 0.199905
8.27 -0.198522 0.0164841 0.199205
8.28 -0.196646 0.0271037 0.198505
8.29 -0.194204 0.0375659 0.197804
8.3 -0.191209 0.0478412 0.197103
8.31 -0.187673 0.0578996 0.196402
8.32 -0.183611 0.0677131 0.195699
8.33 -0.179039 0.0772541 0.194996
8.34 -0.173975 0.0864964 0.194291
8.35 -0.168438 0.0954143 0.193585
8.36 -0.162447 0.103984 0.192878
8.37 -0.156025 0.112183 0.192169
8.38 -0.149193 0.119989 0.191458
8.39 -0.141976 0.127383 0.190745
8.4 -0.134398 0.134345 0.19003
8.41 -0.126484 0.140859 0.189313
8.42 -0.118261 0.146908 0.188594
8.43 -0.109756 0.152479 0.187873
8.44 -0.100996 0.157559 0.187149
8.45 -0.0920092 0.162137 0.186424
8.46 -0.0828245 0.166203 0.185697
8.47 -0.0734708 0.16975 0.184967
8.48 -0.0639772 0.172772 0.184237
8.49 -0.0543731 0.175264 0.183504
8.5 -0.0446878 0.177223 0.18277
8.51 -0.0349513 0.178649 0.182036
8.52 -0.025192 0.179541 0.1813
8.53 -0.0154397 0.179902 0.180563
8.54 -0.00572286 0.179736 0.179827
8.55 0.00392956 0.179047 0.17909
8.56 0.0134902 0.177842 0.178353
8.57 0.0229312 0.17613 0.177617
8.58 0.0322258 0.17392 0.176881
8.59 0.0413478 0.171224 0.176145
8.6 0.0502722 0.168053 0.175411
8.61 0.0589738 0.164421 0.174678
8.62 0.0674296 0.160344 0.173946
8.63 0.0756162 0.155838 0.173215
8.64 0.0835129 0.15092 0.172485
8.65 0.0910984 0.145608 0.171757
8.66 0.0983536 0.139921 0.171031
8.67 0.10526 0.133881 0.170305
8.68 0.111801 0.127508 0.169581
8.69 0.11796 0.120823 0.168858
8.7 0.123724 0.113851 0.168136
8.71 0.129079 0.106613 0.167415
8.72 0.134013 0.0991329 0.166694
8.73 0.138517 0.0914363 0.165974
8.74 0.14258 0.0835469 0.165255
8.75 0.146196 0.0754902 0.164536
8.76 0.149358 0.0672903 0.163816
8.77 0.152062 0.0589738 0.163098
8.78 0.154304 0.050565 0.162378
8.79 0.156083 0.04209 0.161659
8.8 0.157398 0.0335734 0.160939
8.81 0.15825 0.025041 0.160219
8.82 0.158641 0.0165171 0.159499
8.83 0.158575 0.00802655 0.158778
8.84 0.158056 -0.00040643 0.158057
8.85 0.157092 -0.00875808 0.157336
8.86 0.155689 -0.0170053 0.156615
8.87 0.153856 -0.0251251 0.155894
8.88 0.151603 -0.0330962 0.155173
8.89 0.148941 -0.0408966 0.154453
8.9 0.145881 -0.0485058 0.153734
8.91 0.142437 -0.0559044 0.153015
8.92 0.138623 -0.063073 0.152298
8.93 0.134454 -0.069994 0.151582
8.94 0.129946 -0.0766499 0.150868
8.95 0.125115 -0.0830249 0.150156
8.96 0.119978 -0.0891038 0.149447
8.97 0.114554 -0.0948726 0.14874
8.98 0.108861 -0.100318 0.148035
8.99 0.102919 -0.105428 0.147334
9 0.0967456 -0.110193 0.146636
9.01 0.0903631 -0.114602 0.145942
9.02 0.0837906 -0.118647 0.145251
9.03 0.0770496 -0.122321 0.144565
9.04 0.0701605 -0.125616 0.143882
9.05 0.0631444 -0.12853 0.143203
9.06 0.0560227 -0.131056 0.142528
9.07 0.0488163 -0.133193 0.141857
9.08 0.0415466 -0.13494 0.141191
9.09 0.0342346 -0.136295 0.140529
9.1 0.0269013 -0.137259 0.13987
9.11 0.0195669 -0.137834 0.139216
9.12 0.0122523 -0.138023 0.138566
9.13 0.00497769 -0.13783 0.137919
9.14 -0.00223764 -0.137258 0.137277
9.15 -0.00937426 -0.136316 0.136638
9.16 -0.016413 -0.135009 0.136003
9.17 -0.0233362 -0.133344 0.135371
9.18 -0.0301256 -0.131332 0.134743
9.19 -0.0367647 -0.12898 0.134118
9.2 -0.0432366 -0.1263 0.133496
9.21 -0.0495257 -0.123302 0.132877
9.22 -0.0556168 -0.119999 0.132261
9.23 -0.0614961 -0.116402 0.131648
9.24 -0.0671495 -0.112525 0.131038
9.25 -0.0725648 -0.108382 0.130431
9.26 -0.0777297 -0.103986 0.129827
9.27 -0.0826337 -0.0993531 0.129226
9.28 -0.0872658 -0.0944975 0.128628
9.29 -0.0916178 -0.089435 0.128033
9.3 -0.0956804 -0.0841818 0.127441
9.31 -0.0994467 -0.0787536 0.126853
9.32 -0.10291 -0.0731674 0.126269
9.33 -0.106064 -0.0674394 0.125689
9.34 -0.108904 -0.0615865 0.125112
9.35 -0.111427 -0.0556255 0.12454
9.36 -0.113629 -0.0495738 0.123972
9.37 -0.115508 -0.0434476 0.123409
9.38 -0.117063 -0.0372645 0.122851
9.39 -0.118293 -0.0310409 0.122298
9.4 -0.119199 -0.0247937 0.121751
9.41 -0.119782 -0.0185392 0.121209
9.42 -0.120045 -0.0122944 0.120673
9.43 -0.119989 -0.00607437 0.120143
9.44 -0.119619 0.000104026 0.119619
9.45 -0.118939 0.00622582 0.119102
9.46 -0.117954 0.0122759 0.118591
9.47 -0.11667 0.0182394 0.118087
9.48 -0.115093 0.0241018 0.11759
9.49 -0.113231 0.0298495 0.117099
9.5 -0.11109 0.0354686 0.116615
9.51 -0.10868 0.0409467 0.116138
9.52 -0.106009 0.0462706 0.115667
9.53 -0.103087 0.0514291 0.115204
9.54 -0.0999233 0.0564104 0.114747
9.55 -0.0965281 0.061204 0.114296
9.56 -0.0929128 0.0657994 0.113852
9.57 -0.0890878 0.0701869 0.113414
9.58 -0.085065 0.0743581 0.112983
9.59 -0.0808563 0.0783042 0.112558
9.6 -0.0764737 0.0820175 0.112139
9.61 -0.0719295 0.0854911 0.111725
9.62 -0.0672368 0.0887185 0.111318
9.63 -0.0624077 0.0916938 0.110916
9.64 -0.0574561 0.0944119 0.110521
9.65 -0.0523942 0.0968685 0.11013
9.66 -0.0472361 0.0990597 0.109745
9.67 -0.0419946 0.100982 0.109366
9.68 -0.0366837 0.102634 0.108993
9.69 -0.0313162 0.104012 0.108625
9.7 -0.0259059 0.105117 0.108262
9.71 -0.0204663 0.105947 0.107906
9.72 -0.0150106 0.106503 0.107555
9.73 -0.00955206 0.106784 0.107211
9.74 -0.00410416 0.106793 0.106872
9.75 0.00132042 0.106531 0.106539
9.76 0.00670849 0.106001 0.106213
9.77 0.0120478 0.105205 0.105893
9.78 0.0173253 0.104149 0.10558
9.79 0.0225291 0.102834 0.105273
9.8 0.0276469 0.101267 0.104974
9.81 0.0326669 0.0994527 0.10468
9.82 0.0375781 0.0973967 0.104395
9.83 0.0423685 0.095105 0.104116
9.84 0.0470281 0.0925846 0.103844
9.85 0.0515457 0.0898427 0.103579
9.86 0.0559115 0.0868869 0.103322
9.87 0.0601157 0.0837251 0.103072
9.88 0.064149 0.080366 0.102829
9.89 0.0680019 0.0768181 0.102593
9.9 0.0716667 0.0730912 0.102364
9.91 0.0751345 0.0691943 0.102142
9.92 0.0783981 0.0651378 0.101927
9.93 0.0814499 0.0609315 0.101719
9.94 0.0842839 0.0565861 0.101517
9.95 0.0868929 0.0521126 0.101322
9.96 0.089272 0.0475216 0.101133
9.97 0.0914155 0.0428249 0.100949
9.98 0.093319 0.0380336 0.100772
9.99 0.0949781 0.0331596 0.1006
10 0.0963894 0.0282148 0.100434
10.01 0.0975496 0.0232112 0.100273
10.02 0.0984567 0.0181606 0.100118
10.03 0.0991081 0.0130761 0.099967
10.04 0.0995028 0.00796938 0.0998215
10.05 0.0996399 0.00285296 0.0996807
10.06 0.0995193 -0.00226083 0.0995449
10.07 0.0991412 -0.00735892 0.099414
10.08 0.0985066 -0.0124297 0.0992877
10.09 0.0976173 -0.0174601 0.0991665
10.1 0.0964749 -0.0224381 0.0990499
10.11 0.0950826 -0.0273513 0.0989383
10.12 0.0934434 -0.0321875 0.0988317
10.13 0.0915613 -0.0369347 0.0987301
10.14 0.0894408 -0.0415813 0.0986339
10.15 0.087087 -0.0461147 0.0985429
10.16 0.0845051 -0.0505246 0.0984573
10.17 0.0817018 -0.0547989 0.0983773
10.18 0.0786836 -0.0589272 0.0983032
10.19 0.0754581 -0.0628983 0.098235
10.2 0.0720325 -0.0667022 0.0981726
10.21 0.0684159 -0.0703285 0.0981164
10.22 0.0646164 -0.0737678 0.0980661
10.23 0.0606441 -0.0770106 0.0980222
10.24 0.0565083 -0.0800481 0.0979841
10.25 0.0522195 -0.0828719 0.0979522
10.26 0.0477885 -0.0854742 0.0979264
10.27 0.0432266 -0.087847 0.0979063
10.28 0.0385446 -0.0899838 0.0978916
10.29 0.0337555 -0.0918781 0.0978826
10.3 0.0288707 -0.093524 0.0978788
10.31 0.0239036 -0.0949163 0.0978799
10.32 0.0188667 -0.09605 0.0978854
10.33 0.0137734 -0.0969216 0.0978954
10.34 0.0086367 -0.0975272 0.0979089
10.35 0.00347082 -0.0978647 0.0979262
10.36 -0.00171072 -0.0979313 0.0979462
10.37 -0.00689396 -0.0977262 0.0979691
10.38 -0.0120647 -0.0972487 0.0979942
10.39 -0.0172084 -0.0964987 0.0980211
10.4 -0.0223116 -0.0954767 0.0980491
10.41 -0.0273595 -0.0941854 0.0980787
10.42 -0.0323382 -0.0926256 0.0981084
10.43 -0.0372333 -0.0908017 0.098139
10.44 -0.0420309 -0.0887164 0.0981692
10.45 -0.0467175 -0.0863749 0.0981995
10.46 -0.0512788 -0.0837821 0.0982291
10.47 -0.0557021 -0.0809447 0.0982586
10.48 -0.0599735 -0.0778687 0.0982871
10.49 -0.0640809 -0.0745621 0.0983152
10.5 -0.0680111 -0.0710333 0.0983424
10.51 -0.0717524 -0.0672909 0.0983691
10.52 -0.0752931 -0.0633444 0.0983949
10.53 -0.0786221 -0.0592047 0.0984207
10.54 -0.0817283 -0.0548822 0.0984458
10.55 -0.0846022 -0.0503891 0.0984713
10.56 -0.0872335 -0.0457371 0.0984965
10.57 -0.0896139 -0.040939 0.0985224
10.58 -0.0917349 -0.0360087 0.0985491
10.59 -0.093589 -0.0309594 0.0985769
10.6 -0.095169 -0.0258059 0.0986057
10.61 -0.0964694 -0.0205626 0.0986365
10.62 -0.0974842 -0.015245 0.0986691
10.63 -0.0982091 -0.00986833 0.0987037
10.64 -0.0986405 -0.00444843 0.0987407
10.65 -0.0987757 0.000998451 0.0987807
10.66 -0.0986123 0.00645593 0.0988234
10.67 -0.0981497 0.0119079 0.0988694
10.68 -0.0973871 0.0173371 0.0989183
10.69 -0.0963258 0.0227277 0.0989708
10.7 -0.0949674 0.0280622 0.0990268
10.71 -0.0933141 0.0333244 0.099086
10.72 -0.0913698 0.0384973 0.0991488
10.73 -0.0891387 0.0435651 0.0992151
10.74 -0.0866265 0.0485108 0.0992847
10.75 -0.0838391 0.053319 0.0993575
10.76 -0.0807842 0.0579737 0.0994336
10.77 -0.0774698 0.0624599 0.0995128
10.78 -0.0739049 0.066762 0.0995947
10.79 -0.0700994 0.0708664 0.0996793
10.8 -0.0660641 0.0747582 0.099766
10.81 -0.0618102 0.0784252 0.099855
10.82 -0.0573509 0.0818537 0.0999458
10.83 -0.0526986 0.085032 0.100038
10.84 -0.0478676 0.087949 0.100132
10.85 -0.0428721 0.0905938 0.100226
10.86 -0.0377278 0.0929566 0.100321
10.87 -0.0324499 0.0950288 0.100416
10.88 -0.0270554 0.0968022 0.100512
10.89 -0.0215608 0.0982697 0.100607
10.9 -0.0159838 0.0994251 0.100702
10.91 -0.0103418 0.100263 0.100795
10.92 -0.00465337 0.10078 0.100888
10.93 0.00106394 0.100973 0.100978
10.94 0.00679021 0.100839 0.101067
10.95 0.0125078 0.100377 0.101153
10.96 0.0181972 0.0995883 0.101237
10.97 0.0238394 0.0984731 0.101318
10.98 0.0294157 0.0970344 0.101395
10.99 0.0349073 0.0952748 0.101468
11 0.0402952 0.0931995 0.101537
11.01 0.0455611 0.0908137 0.101602
11.02 0.0506869 0.0881244 0.101662
11.03 0.0556547 0.0851388 0.101716
11.04 0.0604471 0.0818663 0.101764
11.05 0.0650473 0.0783163 0.101807
11.06 0.0694389 0.0745005 0.101843
11.07 0.0736058 0.0704294 0.101873
11.08 0.0775336 0.0661169 0.101897
11.09 0.0812073 0.0615762 0.101913
11.1 0.084614 0.0568217 0.101923
11.11 0.0877403 0.051869 0.101925
11.12 0.0905752 0.0467342 0.101921
11.13 0.0931071 0.041434 0.10191
11.14 0.0953267 0.0359861 0.101893
11.15 0.0972248 0.0304084 0.101869
11.16 0.0987941 0.0247196 0.10184
11.17 0.100028 0.018939 0.101805
11.18 0.10092 0.0130862 0.101765
11.19 0.101467 0.00718101 0.101721
11.2 0.101666 0.00124345 0.101674
11.21 0.101514 -0.0047056 0.101623
11.22 0.101012 -0.0106461 0.101571
11.23 0.100159 -0.0165568 0.101518
11.24 0.0989579 -0.0224178 0.101465
11.25 0.0974113 -0.0282078 0.101413
11.26 0.095524 -0.0339069 0.101363
11.27 0.093301 -0.0394947 0.101316
11.28 0.0907498 -0.0449516 0.101273
11.29 0.0878782 -0.0502577 0.101234
11.3 0.0846955 -0.0553943 0.101202
11.31 0.0812116 -0.0603425 0.101176
11.32 0.0774388 -0.0650853 0.101158
11.33 0.0733893 -0.0696042 0.101147
11.34 0.069077 -0.0738838 0.101146
11.35 0.0645166 -0.0779077 0.101153
11.36 0.0597234 -0.0816613 0.10117
11.37 0.0547146 -0.0851307 0.101197
11.38 0.0495071 -0.088303 0.101234
11.39 0.0441194 -0.0911658 0.10128
11.4 0.0385703 -0.093709 0.101336
11.41 0.0328798 -0.0959223 0.101401
11.42 0.0270675 -0.0977974 0.101474
11.43 0.0211547 -0.0993266 0.101554
11.44 0.015162 -0.100504 0.101642
11.45 0.00911174 -0.101326 0.101734
11.46 0.00302487 -0.101786 0.101831
11.47 -0.00307558 -0.101885 0.101931
11.48 -0.00916838 -0.10162 0.102033
11.49 -0.0152308 -0.100992 0.102134
11.5 -0.0212408 -0.100003 0.102234
11.51 -0.0271761 -0.0986553 0.10233
11.52 -0.0330154 -0.0969542 0.102421
11.53 -0.0387365 -0.0949051 0.102506
11.54 -0.0443187 -0.0925148 0.102582
11.55 -0.0497409 -0.089792 0.102649
11.56 -0.0549834 -0.0867458 0.102703
11.57 -0.0600261 -0.0833877 0.102745
11.58 -0.0648503 -0.0797288 0.102773
11.59 -0.0694377 -0.0757833 0.102785
11.6 -0.0737714 -0.0715641 0.10278
11.61 -0.077835 -0.0670877 0.102757
11.62 -0.0816123 -0.0623698 0.102716
11.63 -0.08509 -0.0574279 0.102656
11.64 -0.088254 -0.0522798 0.102577
11.65 -0.0910924 -0.0469449 0.102478
11.66 -0.0935942 -0.0414423 0.102359
11.67 -0.0957498 -0.0357928 0.102221
11.68 -0.0975505 -0.0300169 0.102064
11.69 -0.0989897 -0.0241366 0.10189
11.7 -0.100061 -0.0181732 0.101698
11.71 -0.10108 -0.0122074 0.101815
11.72 -0.102047 -0.00624204 0.102238
11.73 -0.10296 -0.000280745 0.102961
11.74 -0.103819 0.00567296 0.103974
11.75 -0.104622 0.0116165 0.105265
11.76 -0.105369 0.0175456 0.10682
11.77 -0.10606 0.0234573 0.108623
11.78 -0.106693 0.0293481 0.110656
11.79 -0.107269 0.0352143 0.112901
11.8 -0.107786 0.0410524 0.115339
11.81 -0.108244 0.046859 0.117952
11.82 -0.108643 0.05263 0.12072
11.83 -0.108983 0.0583623 0.123627
11.84 -0.109264 0.064052 0.126654
11.85 -0.109485 0.0696959 0.129786
11.86 -0.109646 0.0752895 0.133006
11.87 -0.109747 0.08083 0.136301
11.88 -0.109789 0.0863134 0.139656
11.89 -0.109772 0.0917363 0.143057
11.9 -0.109696 0.0970949 0.146494
11.91 -0.109561 0.102386 0.149955
11.92 -0.109369 0.107605 0.153429
11.93 -0.109119 0.11275 0.156906
11.94 -0.108813 0.117817 0.160378
11.95 -0.10845 0.122802 0.163834
11.96 -0.108033 0.127701 0.167269
11.97 -0.107562 0.132513 0.170673
11.98 -0.107039 0.137232 0.174041
11.99 -0.106464 0.141857 0.177364
12 -0.105839 0.146383 0.180638
12.01 -0.105165 0.150808 0.183855
12.02 -0.104444 0.155129 0.187013
12.03 -0.103677 0.159343 0.190103
12.04 -0.102867 0.163446 0.193123
12.05 -0.102014 0.167437 0.196066
12.06 -0.101122 0.171312 0.19893
12.07 -0.100191 0.175067 0.20171
12.08 -0.099224 0.178703 0.204402
12.09 -0.0982233 0.182214 0.207002
12.1 -0.0971912 0.1856 0.209508
12.11 -0.09613 0.188858 0.211915
12.12 -0.0950419 0.191985 0.214222
12.13 -0.09393 0.194979 0.216425
12.14 -0.0927962 0.19784 0.218521
12.15 -0.0916444 0.200563 0.220509
12.16 -0.0904762 0.203148 0.222385
12.17 -0.0892949 0.205593 0.224148
12.18 -0.0881036 0.207897 0.225795
12.19 -0.0869053 0.210057 0.227325
12.2 -0.0857024 0.212073 0.228735
12.21 -0.0844991 0.213943 0.230025
12.22 -0.0832976 0.215666 0.231193
12.23 -0.082102 0.217241 0.232238
12.24 -0.0809146 0.218667 0.233157
12.25 -0.0797396 0.219943 0.233951
12.26 -0.0785798 0.221068 0.234619
12.27 -0.0774391 0.222043 0.235159
12.28 -0.0763204 0.222865 0.235571
12.29 -0.0752272 0.223535 0.235854
12.3 -0.0741633 0.224053 0.236009
12.31 -0.073132 0.224419 0.236034
12.32 -0.0721367 0.224632 0.23593
12.33 -0.0711812 0.224692 0.235698
12.34 -0.0702686 0.2246 0.235336
12.35 -0.0694027 0.224356 0.234846
12.36 -0.0685869 0.22396 0.234227
12.37 -0.0678244 0.223413 0.233482
12.38 -0.0671191 0.222716 0.23261
12.39 -0.066474 0.221868 0.231612
12.4 -0.0658932 0.220871 0.230491
12.41 -0.0653787 0.219726 0.229247
12.42 -0.064935 0.218434 0.227882
12.43 -0.0645649 0.216997 0.226398
12.44 -0.0642716 0.215414 0.224798
12.45 -0.0640583 0.213688 0.223083
12.46 -0.0639284 0.211819 0.221256
12.47 -0.063884 0.209811 0.219321
12.48 -0.0639294 0.207663 0.217281
12.49 -0.0640661 0.205379 0.215139
12.5 -0.0642979 0.202959 0.2129
12.51 -0.0646269 0.200406 0.210568
12.52 -0.0650563 0.197721 0.208149
12.53 -0.065588 0.194907 0.205646
12.54 -0.0662249 0.191966 0.203068
12.55 -0.0669691 0.1889 0.20042
12.56 -0.0678231 0.185711 0.197708
12.57 -0.068789 0.182402 0.194942
12.58 -0.0698685 0.178975 0.19213
12.59 -0.0710636 0.175433 0.18928
12.6 -0.0723763 0.171779 0.186403
12.61 -0.0738082 0.168013 0.183511
12.62 -0.0753605 0.164141 0.180614
12.63 -0.0770353 0.160164 0.177727
12.64 -0.0788333 0.156086 0.174864
12.65 -0.0807562 0.151908 0.172039
12.66 -0.082804 0.147634 0.16927
12.67 -0.084979 0.143267 0.166574
12.68 -0.0872808 0.13881 0.16397
12.69 -0.0897107 0.134266 0.161479
12.7 -0.0922687 0.129637 0.15912
12.71 -0.0949555 0.124928 0.156919
12.72 -0.0977706 0.12014 0.154896
12.73 -0.100715 0.115278 0.153077
12.74 -0.103788 0.110343 0.151484
12.75 -0.106989 0.10534 0.150144
12.76 -0.110319 0.100271 0.149079
12.77 -0.113776 0.0951403 0.148312
12.78 -0.117359 0.0899495 0.147865
12.79 -0.121068 0.0847029 0.147757
12.8 -0.124902 0.0794026 0.148004
12.81 -0.128859 0.0740527 0.148622
12.82 -0.132939 0.0686556 0.149621
12.83 -0.137139 0.0632145 0.151007
12.84 -0.141457 0.0577326 0.152785
12.85 -0.145893 0.0522133 0.154955
12.86 -0.150444 0.0466586 0.157513
12.87 -0.155107 0.0410724 0.160453
12.88 -0.159881 0.0354571 0.163765
12.89 -0.164762 0.0298159 0.167438
12.9 -0.169749 0.0241517 0.171459
12.91 -0.174838 0.0184671 0.175811
12.92 -0.180027 0.0127653 0.180479
12.93 -0.185312 0.00704865 0.185446
12.94 -0.19069 0.00132029 0.190694
12.95 -0.196158 -0.00441759 0.196207
12.96 -0.201711 -0.0101617 0.201967
12.97 -0.207347 -0.0159098 0.207956
12.98 -0.213062 -0.0216593 0.21416
12.99 -0.21885 -0.0274079 0.22056
13 -0.224709 -0.0331528 0.227142
13.01 -0.230634 -0.0388921 0.23389
13.02 -0.23662 -0.0446223 0.240791
13.03 -0.242664 -0.0503424 0.247831
13.04 -0.248759 -0.0560493 0.254995
13.05 -0.254902 -0.0617412 0.262273
13.06 -0.261087 -0.0674153 0.269651
13.07 -0.26731 -0.0730702 0.277117
13.08 -0.273565 -0.0787034 0.284661
13.09 -0.279847 -0.0843129 0.292273
13.1 -0.286151 -0.0898966 0.29994
13.11 -0.292471 -0.0954532 0.307654
13.12 -0.298802 -0.10098 0.315403
13.13 -0.305137 -0.106475 0.323181
13.14 -0.311472 -0.111937 0.330975
13.15 -0.317801 -0.117365 0.33878
13.16 -0.324116 -0.122755 0.346584
13.17 -0.330414 -0.128108 0.35438
13.18 -0.336688 -0.13342 0.36216
13.19 -0.342931 -0.138691 0.369915
13.2 -0.349138 -0.143919 0.377638
13.21 -0.355302 -0.149103 0.38532
13.22 -0.361418 -0.154241 0.392955
13.23 -0.367479 -0.159331 0.400534
13.24 -0.373479 -0.164372 0.40805
13.25 -0.379412 -0.169364 0.415497
13.26 -0.385271 -0.174304 0.422866
13.27 -0.39105 -0.179191 0.430151
13.28 -0.396744 -0.184025 0.437345
13.29 -0.402345 -0.188804 0.444442
13.3 -0.407848 -0.193527 0.451434
13.31 -0.413246 -0.198192 0.458315
13.32 -0.418534 -0.202799 0.465078
13.33 -0.423704 -0.207347 0.471718
13.34 -0.428752 -0.211835 0.478228
13.35 -0.43367 -0.216261 0.484601
13.36 -0.438453 -0.220625 0.490832
13.37 -0.443095 -0.224926 0.496915
13.38 -0.44759 -0.229162 0.502844
13.39 -0.451932 -0.233334 0.508613
13.4 -0.456115 -0.23744 0.514217
13.41 -0.460134 -0.24148 0.51965
13.42 -0.463983 -0.245451 0.524906
13.43 -0.467656 -0.249355 0.529982
13.44 -0.471149 -0.253189 0.53487
13.45 -0.474455 -0.256954 0.539567
13.46 -0.477569 -0.260648 0.544067
13.47 -0.480487 -0.26427 0.548367
13.48 -0.483202 -0.26782 0.55246
13.49 -0.485711 -0.271297 0.556343
13.5 -0.488009 -0.274701 0.560012
13.51 -0.490091 -0.27803 0.563462
13.52 -0.491952 -0.281283 0.566689
13.53 -0.493587 -0.284461 0.56969
13.54 -0.494994 -0.287562 0.57246
13.55 -0.496167 -0.290585 0.574997
13.56 -0.497102 -0.29353 0.577296
13.57 -0.497797 -0.296395 0.579355
13.58 -0.498247 -0.299181 0.581171
13.59 -0.498448 -0.301887 0.58274
13.6 -0.498398 -0.30451 0.584061
13.61 -0.498093 -0.307051 0.58513
13.62 -0.49753 -0.309509 0.585946
13.63 -0.496707 -0.311883 0.586506
13.64 -0.49562 -0.314172 0.586808
13.65 -0.494269 -0.316375 0.586851
13.66 -0.492649 -0.318491 0.586634
13.67 -0.490759 -0.320519 0.586154
13.68 -0.488598 -0.322459 0.585412
13.69 -0.486163 -0.324308 0.584406
13.7 -0.483454 -0.326067 0.583136
13.71 -0.480468 -0.327733 0.5816
13.72 -0.477206 -0.329307 0.579801
13.73 -0.473666 -0.330786 0.577736
13.74 -0.469847 -0.332171 0.575407
13.75 -0.465749 -0.333459 0.572815
13.76 -0.461373 -0.334649 0.56996
13.77 -0.456717 -0.33574 0.566844
13.78 -0.451783 -0.336732 0.563468
13.79 -0.44657 -0.337621 0.559833
13.8 -0.441081 -0.338409 0.555943
13.81 -0.435314 -0.339093 0.551799
13.82 -0.429273 -0.339671 0.547404
13.83 -0.422957 -0.340143 0.542761
13.84 -0.416369 -0.340507 0.537873
13.85 -0.40951 -0.340762 0.532745
13.86 -0.402383 -0.340906 0.527379
13.87 -0.39499 -0.340938 0.521781
13.88 -0.387333 -0.340856 0.515955
13.89 -0.379416 -0.34066 0.509907
13.9 -0.371241 -0.340347 0.503643
13.91 -0.362811 -0.339916 0.497167
13.92 -0.354131 -0.339367 0.490488
13.93 -0.345203 -0.338697 0.483612
13.94 -0.336031 -0.337904 0.476546
13.95 -0.326621 -0.336989 0.4693
13.96 -0.316975 -0.335948 0.461881
13.97 -0.307099 -0.334781 0.4543
13.98 -0.296998 -0.333487 0.446566
13.99 -0.286675 -0.332064 0.43869
14 -0.276137 -0.33051 0.430684
14.01 -0.26539 -0.328825 0.422561
14.02 -0.254437 -0.327007 0.414333
14.03 -0.243286 -0.325055 0.406016
14.04 -0.231942 -0.322968 0.397625
14.05 -0.220412 -0.320744 0.389177
14.06 -0.208701 -0.318383 0.380689
14.07 -0.196816 -0.315883 0.372181
14.08 -0.184765 -0.313243 0.363674
14.09 -0.172553 -0.310461 0.355191
14.1 -0.160189 -0.307539 0.346757
14.11 -0.147678 -0.304473 0.338397
14.12 -0.135028 -0.301264 0.33014
14.13 -0.122248 -0.29791 0.322017
14.14 -0.109345 -0.294411 0.314061
14.15 -0.0963252 -0.290767 0.306307
14.16 -0.0831982 -0.286976 0.298793
14.17 -0.0699714 -0.283038 0.291558
14.18 -0.0566534 -0.278952 0.284647
14.19 -0.0432519 -0.274719 0.278103
14.2 -0.029776 -0.270338 0.271972
14.21 -0.0162333 -0.265808 0.266303
14.22 -0.00263356 -0.26113 0.261143
14.23 0.0110157 -0.256303 0.25654
14.24 0.024705 -0.251328 0.252539
14.25 0.0384256 -0.246204 0.249185
14.26 0.0521684 -0.240932 0.246516
14.27 0.065925 -0.235513 0.244566
14.28 0.0796856 -0.229946 0.243362
14.29 0.0934416 -0.224233 0.242923
14.3 0.107183 -0.218373 0.243259
14.31 0.120559 -0.211669 0.243594
14.32 0.133516 -0.204144 0.243929
14.33 0.146005 -0.195824 0.244263
14.34 0.157976 -0.186737 0.244596
14.35 0.169382 -0.176916 0.244928
14.36 0.180179 -0.166397 0.24526
14.37 0.190322 -0.155216 0.24559
14.38 0.199772 -0.143415 0.24592
14.39 0.20849 -0.131036 0.246249
14.4 0.216442 -0.118124 0.246577
14.41 0.223593 -0.104729 0.246905
14.42 0.229915 -0.0908973 0.247231
14.43 0.235381 -0.0766824 0.247557
14.44 0.239968 -0.0621365 0.247882
14.45 0.243654 -0.0473146 0.248206
14.46 0.246425 -0.0322716 0.248529
14.47 0.248265 -0.0170645 0.248851
14.48 0.249167 -0.0017513 0.249173
14.49 0.249121 0.0136106 0.249493
14.5 0.248128 0.0289619 0.249812
14.51 0.246187 0.0442446 0.250131
14.52 0.243302 0.0593997 0.250448
14.53 0.239483 0.0743691 0.250765
14.54 0.234741 0.0890946 0.25108
14.55 0.229091 0.10352 0.251394
14.56 0.222553 0.117588 0.251708
14.57 0.215148 0.131245 0.25202
14.58 0.206903 0.144437 0.252331
14.59 0.197847 0.157112 0.252641
14.6 0.188012 0.16922 0.25295
14.61 0.177433 0.180713 0.253258
14.62 0.166149 0.191545 0.253564
14.63 0.154202 0.201672 0.25387
14.64 0.141635 0.211055 0.254174
14.65 0.128494 0.219655 0.254478
14.66 0.114828 0.227436 0.254779
14.67 0.100689 0.234366 0.25508
14.68 0.0861297 0.240417 0.255379
14.69 0.0712044 0.245563 0.255678
14.7 0.0559691 0.249781 0.255975
14.71 0.0404824 0.253053 0.25627
14.72 0.0248023 0.255363 0.256565
14.73 0.00898947 0.2567 0.256858
14.74 -0.00689643 0.257057 0.25715
14.75 -0.0227939 0.256429 0.25744
14.76 -0.038642 0.254816 0.257729
14.77 -0.0543796 0.252221 0.258016
14.78 -0.0699459 0.248652 0.258303
14.79 -0.0852799 0.24412 0.258587
14.8 -0.100323 0.238641 0.258871
14.81 -0.115015 0.232232 0.259153
14.82 -0.129299 0.224917 0.259434
14.83 -0.14312 0.21672 0.259713
14.84 -0.156422 0.207672 0.259991
14.85 -0.169152 0.197804 0.260267
14.86 -0.181261 0.187154 0.260542
14.87 -0.1927 0.17576 0.260816
14.88 -0.203423 0.163664 0.261087
14.89 -0.213386 0.150912 0.261358
14.9 -0.22255 0.13755 0.261627
14.91 -0.230878 0.12363 0.261895
14.92 -0.238334 0.109203 0.262161
14.93 -0.244888 0.0943246 0.262426
14.94 -0.250513 0.0790505 0.262689
14.95 -0.255184 0.0634393 0.262951
14.96 -0.258881 0.0475499 0.263211
14.97 -0.261587 0.031444 0.26347
14.98 -0.26329 0.0151829 0.263727
14.99 -0.263981 -0.00117018 0.263983
15 -0.263654 -0.0175533 0.264238
15.01 -0.262309 -0.0339018 0.26449
15.02 -0.259948 -0.050153 0.264742
15.03 -0.256578 -0.0662433 0.264991
15.04 -0.25221 -0.0821102 0.26524
15.05 -0.246859 -0.0976914 0.265487
15.06 -0.240543 -0.112926 0.265732
15.07 -0.233285 -0.127754 0.265975
15.08 -0.22511 -0.142118 0.266218
15.09 -0.216048 -0.155959 0.266458
15.1 -0.206133 -0.169224 0.266698
15.11 -0.195401 -0.181859 0.266935
15.12 -0.183892 -0.193815 0.267171
15.13 -0.171649 -0.205043 0.267406
15.14 -0.158718 -0.215498 0.267639
15.15 -0.145148 -0.225137 0.267871
15.16 -0.13099 -0.233922 0.268101
15.17 -0.116298 -0.241817 0.268329
15.18 -0.101128 -0.248788 0.268556
15.19 -0.0855379 -0.254807 0.268782
15.2 -0.069588 -0.259849 0.269005
15.21 -0.0533392 -0.263891 0.269227
15.22 -0.0368544 -0.266915 0.269448
15.23 -0.0201971 -0.26891 0.269667
15.24 -0.00343198 -0.269862 0.269884
15.25 0.0133757 -0.269769 0.2701
15.26 0.0301608 -0.268626 0.270314
15.27 0.0468571 -0.266438 0.270526
15.28 0.0634003 -0.263209 0.270737
15.29 0.0797247 -0.258951 0.270946
15.3 0.0957665 -0.253679 0.271154
15.31 0.111462 -0.247411 0.271359
15.32 0.12675 -0.240168 0.271563
15.33 0.14157 -0.231979 0.271765
15.34 0.155862 -0.222873 0.271966
15.35 0.16957 -0.212884 0.272165
15.36 0.182639 -0.202049 0.272362
15.37 0.195017 -0.190409 0.272557
15.38 0.206654 -0.178008 0.27275
15.39 0.217502 -0.164893 0.272942
15.4 0.227519 -0.151115 0.273132
15.41 0.236663 -0.136726 0.273319
15.42 0.244897 -0.12178 0.273505
15.43 0.252187 -0.106337 0.273689
15.44 0.258502 -0.0904552 0.273871
15.45 0.263816 -0.0741964 0.274051
15.46 0.268107 -0.0576242 0.27423
15.47 0.271356 -0.040802 0.274406
15.48 0.273547 -0.0237968 0.27458
15.49 0.274672 -0.006674 0.274753
15.5 0.274722 0.0104986 0.274923
15.51 0.273698 0.0276539 0.275091
15.52 0.2716 0.0447243 0.275257
15.53 0.268435 0.0616426 0.275422
15.54 0.264214 0.0783419 0.275584
15.55 0.258952 0.0947562 0.275744
15.56 0.252667 0.11082 0.275902
15.57 0.245383 0.12647 0.276058
15.58 0.237128 0.141644 0.276211
15.59 0.227931 0.156281 0.276363
15.6 0.217828 0.170323 0.276512
15.61 0.206858 0.183713 0.27666
15.62 0.195061 0.196398 0.276805
15.63 0.182484 0.208325 0.276948
15.64 0.169175 0.219449 0.277088
15.65 0.155186 0.229722 0.277227
15.66 0.14057 0.239103 0.277363
15.67 0.125385 0.247554 0.277497
15.68 0.10969 0.255041 0.277629
15.69 0.0935456 0.261532 0.277758
15.7 0.0770157 0.267 0.277886
15.71 0.060165 0.271422 0.27801
15.72 0.0430601 0.27478 0.278133
15.73 0.0257674 0.277058 0.278253
15.74 0.00835657 0.278246 0.278371
15.75 -0.00910503 0.278338 0.278487
15.76 -0.0265471 0.277333 0.2786
15.77 -0.0439013 0.275232 0.278712
15.78 -0.0610984 0.272044 0.27882
15.79 -0.0780703 0.267778 0.278927
15.8 -0.0947487 0.262451 0.279031
15.81 -0.111068 0.256084 0.279132
15.82 -0.126962 0.248698 0.279232
15.83 -0.142369 0.240324 0.279329
15.84 -0.157225 0.230993 0.279423
15.85 -0.171472 0.220741 0.279516
15.86 -0.185051 0.209607 0.279605
15.87 -0.19791 0.197636 0.279693
15.88 -0.209995 0.184873 0.279778
15.89 -0.221257 0.171369 0.279861
15.9 -0.231652 0.157177 0.279941
15.91 -0.241136 0.142352 0.280019
15.92 -0.249672 0.126953 0.280095
15.93 -0.257224 0.11104 0.280168
15.94 -0.263762 0.0946764 0.280239
15.95 -0.269258 0.0779271 0.280308
15.96 -0.273689 0.060858 0.280374
15.97 -0.277037 0.0435374 0.280437
15.98 -0.279288 0.0260336 0.280499
15.99 -0.280431 0.00841653 0.280557
16 -0.280462 -0.0092435 0.280614
16.01 -0.279378 -0.026877 0.280668
16.02 -0.277184 -0.0444124 0.280719
16.03 -0.273887 -0.0617804 0.280769
16.04 -0.2695 -0.078911 0.280815
16.05 -0.264039 -0.0957364 0.28086
16.06 -0.257526 -0.112188 0.280902
16.07 -0.249985 -0.128202 0.280942
16.08 -0.241446 -0.143711 0.280979
16.09 -0.231942 -0.158655 0.281013
16.1 -0.221511 -0.172972 0.281046
16.11 -0.210194 -0.186607 0.281076
16.12 -0.198035 -0.199502 0.281103
16.13 -0.185083 -0.211606 0.281128
16.14 -0.171388 -0.222871 0.28115
16.15 -0.157007 -0.23325 0.28117
16.16 -0.141994 -0.242702 0.281188
16.17 -0.126411 -0.251188 0.281203
16.18 -0.110319 -0.258673 0.281215
16.19 -0.093783 -0.265127 0.281225
16.2 -0.0768685 -0.270523 0.281232
16.21 -0.0596439 -0.27484 0.281237
16.22 -0.0421777 -0.278058 0.281239
16.23 -0.0245404 -0.280166 0.281239
16.24 -0.00680178 -0.281154 0.281236
16.25 0.0109659 -0.281016 0.28123
16.26 0.0286918 -0.279755 0.281222
16.27 0.0463043 -0.277373 0.281211
16.28 0.0637325 -0.273881 0.281198
16.29 0.0809068 -0.269291 0.281182
16.3 0.0977572 -0.263622 0.281164
16.31 0.114216 -0.256896 0.281142
16.32 0.130217 -0.24914 0.281118
16.33 0.145695 -0.240386 0.281091
16.34 0.160588 -0.230667 0.281062
16.35 0.174836 -0.220023 0.28103
16.36 0.18838 -0.208497 0.280995
16.37 0.201167 -0.196134 0.280957
16.38 0.213144 -0.182985 0.280916
16.39 0.224263 -0.169103 0.280873
16.4 0.234479 -0.154543 0.280827
16.41 0.24375 -0.139365 0.280778
16.42 0.252038 -0.123628 0.280727
16.43 0.259311 -0.107399 0.280672
16.44 0.265539 -0.0907401 0.280615
16.45 0.270696 -0.0737211 0.280555
16.46 0.274761 -0.0564098 0.280492
16.47 0.277718 -0.0388767 0.280426
16.48 0.279555 -0.0211921 0.280357
16.49 0.280265 -0.00342863 0.280286
16.5 0.279844 0.0143426 0.280211
16.51 0.278295 0.0320484 0.280134
16.52 0.275624 0.0496186 0.280054
16.53 0.27184 0.0669806 0.279971
16.54 0.266962 0.0840644 0.279885
16.55 0.261008 0.100801 0.279796
16.56 0.254002 0.117121 0.279704
16.57 0.245973 0.132961 0.279609
16.58 0.236955 0.148254 0.279512
16.59 0.226983 0.162939 0.279411
16.6 0.216099 0.176957 0.279308
16.61 0.204348 0.190251 0.279201
16.62 0.191776 0.202766 0.279092
16.63 0.178436 0.214453 0.278979
16.64 0.164383 0.225263 0.278864
16.65 0.149674 0.235153 0.278746
16.66 0.134368 0.244083 0.278624
16.67 0.11853 0.252018 0.2785
16.68 0.102222 0.258925 0.278373
16.69 0.0855126 0.264777 0.278243
16.7 0.0684696 0.26955 0.27811
16.71 0.0511627 0.273226 0.277975
16.72 0.0336624 0.275789 0.277836
16.73 0.016041 0.277231 0.277694
16.74 -0.00163045 0.277545 0.27755
16.75 -0.0192788 0.276732 0.277402
16.76 -0.0368333 0.274795 0.277252
16.77 -0.0542208 0.271742 0.277099
16.78 -0.0713715 0.267588 0.276943
16.79 -0.0882143 0.26235 0.276784
16.8 -0.104682 0.25605 0.276622
16.81 -0.120707 0.248714 0.276458
16.82 -0.136223 0.240374 0.27629
16.83 -0.151168 0.231064 0.27612
16.84 -0.165481 0.220823 0.275947
16.85 -0.179103 0.209693 0.27577
16.86 -0.191981 0.197722 0.275592
16.87 -0.204061 0.184959 0.27541
16.88 -0.215295 0.171456 0.275226
16.89 -0.225637 0.157271 0.275038
16.9 -0.235045 0.142461 0.274848
16.91 -0.243483 0.127088 0.274655
16.92 -0.250916 0.111215 0.274459
16.93 -0.257316 0.0949091 0.274261
16.94 -0.262655 0.0782363 0.27406
16.95 -0.266914 0.0612661 0.273856
16.96 -0.270077 0.0440682 0.273648
16.97 -0.272131 0.0267135 0.273439
16.98 -0.273069 0.00927391 0.273226
16.99 -0.272889 -0.00817929 0.273011
17 -0.271592 -0.0255743 0.272793
17.01 -0.269185 -0.0428389 0.272572
17.02 -0.265679 -0.059903 0.272348
17.03 -0.26109 -0.0766959 0.272122
17.04 -0.255439 -0.0931497 0.271893
17.05 -0.248748 -0.109196 0.271661
17.06 -0.241049 -0.12477 0.271426
17.07 -0.232372 -0.139807 0.271188
17.08 -0.222757 -0.154246 0.270947
17.09 -0.212242 -0.168029 0.270704
17.1 -0.200874 -0.181099 0.270458
17.11 -0.188699 -0.193404 0.270208
17.12 -0.17577 -0.204893 0.269956
17.13 -0.162141 -0.215521 0.269701
17.14 -0.147869 -0.225244 0.269444
17.15 -0.133014 -0.234023 0.269183
17.16 -0.117638 -0.241825 0.26892
17.17 -0.101806 -0.248617 0.268653
17.18 -0.0855838 -0.254373 0.268384
17.19 -0.069039 -0.259071 0.268112
17.2 -0.0522412 -0.262693 0.267837
17.21 -0.03526 -0.265226 0.267559
17.22 -0.0181662 -0.266661 0.267279
17.23 -0.00103053 -0.266993 0.266995
17.24 0.0160752 -0.266224 0.266709
17.25 0.0330807 -0.264358 0.266419
17.26 0.0499154 -0.261404 0.266127
17.27 0.0665092 -0.257377 0.265832
17.28 0.0827945 -0.252296 0.265533
17.29 0.0987031 -0.246183 0.265232
17.3 0.11417 -0.239065 0.264928
17.31 0.129132 -0.230975 0.264621
17.32 0.143528 -0.221947 0.264312
17.33 0.157298 -0.212021 0.263999
17.34 0.170387 -0.201239 0.263683
17.35 0.182741 -0.189649 0.263365
17.36 0.19431 -0.1773 0.263043
17.37 0.205048 -0.164245 0.262719
17.38 0.214913 -0.15054 0.262392
17.39 0.223862 -0.136243 0.262062
17.4 0.231863 -0.121415 0.261729
17.41 0.238883 -0.10612 0.261393
17.42 0.244896 -0.0904214 0.261055
17.43 0.249877 -0.0743856 0.260714
17.44 0.253809 -0.0580812 0.26037
17.45 0.256678 -0.041576 0.260023
17.46 0.258473 -0.0249403 0.259673
17.47 0.25919 -0.00824317 0.259321
17.48 0.258828 0.0084453 0.258966
17.49 0.257391 0.0250555 0.258608
17.5 0.254888 0.0415175 0.258247
17.51 0.251331 0.0577636 0.257884
17.52 0.246738 0.0737256 0.257517
17.53 0.241131 0.0893378 0.257149
17.54 0.234535 0.104536 0.256777
17.55 0.226981 0.119256 0.256403
17.56 0.218502 0.13344 0.256026
17.57 0.209137 0.147027 0.255647
17.58 0.198927 0.159964 0.255265
17.59 0.187916 0.172196 0.25488
17.6 0.176154 0.183676 0.254493
17.61 0.16369 0.194356 0.254104
17.62 0.15058 0.204194 0.253712
17.63 0.13688 0.213151 0.253317
17.64 0.12265 0.221191 0.25292
17.65 0.107949 0.228283 0.25252
17.66 0.0928428 0.234401 0.252118
17.67 0.0773933 0.23952 0.251713
17.68 0.0616684 0.243622 0.251306
17.69 0.0457338 0.246693 0.250897
17.7 0.0296581 0.248723 0.250485
17.71 0.013508 0.249705 0.25007
17.72 -0.00264709 0.249639 0.249653
17.73 -0.01874 0.248529 0.249234
17.74 -0.0347022 0.24638 0.248812
17.75 -0.0504677 0.243207 0.248388
17.76 -0.06597 0.239025 0.247962
17.77 -0.0811455 0.233855 0.247534
17.78 -0.0959299 0.227721 0.247102
17.79 -0.110263 0.220653 0.246669
17.8 -0.124085 0.212682 0.246233
17.81 -0.137339 0.203846 0.245795
17.82 -0.149972 0.194183 0.245354
17.83 -0.161931 0.183739 0.244912
17.84 -0.173169 0.172558 0.244466
17.85 -0.18364 0.160691 0.244019
17.86 -0.193302 0.148191 0.243569
17.87 -0.202117 0.135111 0.243118
17.88 -0.21005 0.121509 0.242663
17.89 -0.217071 0.107445 0.242207
17.9 -0.223153 0.0929787 0.241748
17.91 -0.228272 0.0781737 0.241287
17.92 -0.232412 0.0630937 0.240824
17.93 -0.235557 0.0478029 0.240358
17.94 -0.237697 0.032368 0.239891
17.95 -0.238826 0.0168537 0.23942
17.96 -0.238944 0.00132722 0.238948
17.97 -0.238053 -0.0141465 0.238473
17.98 -0.236161 -0.0295009 0.237997
17.99 -0.233279 -0.0446722 0.237518
18 -0.229422 -0.0595957 0.237036
18.01 -0.224611 -0.0742095 0.236553
18.02 -0.21887 -0.088452 0.236067
18.03 -0.212225 -0.102264 0.235579
18.04 -0.204709 -0.115589 0.235089
18.05 -0.196358 -0.128371 0.234597
18.06 -0.187209 -0.140559 0.234102
18.07 -0.177304 -0.152101 0.233606
18.08 -0.166689 -0.162953 0.233107
18.09 -0.155412 -0.173069 0.232606
18.1 -0.143522 -0.18241 0.232103
18.11 -0.131073 -0.190938 0.231598
18.12 -0.118121 -0.198621 0.23109
18.13 -0.104723 -0.205428 0.230581
18.14 -0.0909368 -0.211335 0.230069
18.15 -0.076824 -0.216319 0.229556
18.16 -0.0624454 -0.220363 0.22904
18.17 -0.0478642 -0.223453 0.228522
18.18 -0.0331436 -0.225581 0.228002
18.19 -0.0183467 -0.226739 0.22748
18.2 -0.00353763 -0.226929 0.226957
18.21 0.0112212 -0.226152 0.226431
18.22 0.0258655 -0.224417 0.225903
18.23 0.0403338 -0.221734 0.225373
18.24 0.0545641 -0.21812 0.224841
18.25 0.0684976 -0.213593 0.224307
18.26 0.082075 -0.208177 0.223772
18.27 0.09524 -0.201898 0.223234
18.28 0.107937 -0.194788 0.222695
18.29 0.120115 -0.186882 0.222154
18.3 0.131722 -0.178215 0.221611
18.31 0.142714 -0.168829 0.221067
18.32 0.153043 -0.158766 0.22052
18.33 0.162669 -0.148075 0.219972
18.34 0.171554 -0.136803 0.219422
18.35 0.179663 -0.125001 0.21887
18.36 0.186965 -0.112722 0.218317
18.37 0.193432 -0.100022 0.217762
18.38 0.19904 -0.0869558 0.217205
18.39 0.203768 -0.0735836 0.216647
18.4 0.207601 -0.0599632 0.216087
18.41 0.210526 -0.0461545 0.215526
18.42 0.212535 -0.0322174 0.214963
18.43 0.213623 -0.0182134 0.214398
18.44 0.213792 -0.00420295 0.213833
18.45 0.213042 0.00975381 0.213265
18.46 0.211384 0.0235966 0.212697
18.47 0.208827 0.0372671 0.212126
18.48 0.205388 0.0507059 0.211554
18.49 0.201085 0.063857 0.210981
18.5 0.195943 0.0766644 0.210407
18.51 0.189986 0.0890753 0.209831
18.52 0.183245 0.101037 0.209254
18.53 0.175752 0.112502 0.208675
18.54 0.167544 0.12342 0.208095
18.55 0.15866 0.13375 0.207514
18.56 0.149142 0.143447 0.206931
18.57 0.139035 0.152475 0.206348
18.58 0.128383 0.160797 0.205762
18.59 0.117239 0.168381 0.205175
18.6 0.10565 0.175197 0.204588
18.61 0.0936719 0.181221 0.203998
18.62 0.0813564 0.18643 0.203408
18.63 0.0687597 0.190805 0.202817
18.64 0.0559374 0.194333 0.202224
18.65 0.042947 0.197003 0.20163
18.66 0.0298452 0.198807 0.201035
18.67 0.01669 0.199742 0.200438
18.68 0.00353827 0.199809 0.199841
18.69 -0.00955213 0.199013 0.199242
18.7 -0.022525 0.197361 0.198642
18.71 -0.0353244 0.194865 0.198041
18.72 -0.0478955 0.191541 0.197439
18.73 -0.0601855 0.187408 0.196835
18.74 -0.0721413 0.182489 0.196231
18.75 -0.0837137 0.176809 0.195625
18.76 -0.0948536 0.170397 0.195019
18.77 -0.105516 0.163285 0.194411
18.78 -0.115655 0.155509 0.193802
18.79 -0.125232 0.147106 0.193192
18.8 -0.134206 0.138116 0.192581
18.81 -0.142543 0.128583 0.191969
18.82 -0.150209 0.11855 0.191356
18.83 -0.157176 0.108065 0.190742
18.84 -0.163416 0.0971762 0.190126
18.85 -0.168906 0.0859341 0.18951
18.86 -0.173628 0.0743887 0.188893
18.87 -0.177564 0.0625938 0.188274
18.88 -0.180704 0.0506015 0.187655
18.89 -0.183036 0.0384663 0.187034
18.9 -0.184557 0.0262417 0.186413
18.91 -0.185264 0.0139826 0.185791
18.92 -0.18516 0.001742 0.185168
18.93 -0.184249 -0.0104255 0.184543
18.94 -0.182541 -0.0224678 0.183919
18.95 -0.180048 -0.0343321 0.183292
18.96 -0.176788 -0.0459679 0.182666
18.97 -0.172776 -0.0573254 0.182038
18.98 -0.168039 -0.0683561 0.18141
18.99 -0.162599 -0.0790145 0.180781
19 -0.156486 -0.0892548 0.180151
19.01 -0.149731 -0.0990359 0.17952
19.02 -0.142368 -0.108317 0.178889
19.03 -0.134433 -0.11706 0.178256
19.04 -0.125965 -0.125231 0.177623
19.05 -0.117005 -0.132798 0.17699
19.06 -0.107595 -0.13973 0.176356
19.07 -0.0977811 -0.146002 0.175721
19.08 -0.0876075 -0.151591 0.175085
19.09 -0.0771226 -0.156476 0.17445
19.1 -0.0663738 -0.16064 0.173813
19.11 -0.0554117 -0.164071 0.173176
19.12 -0.0442847 -0.166758 0.172538
19.13 -0.0330442 -0.168694 0.1719
19.14 -0.02174 -0.169876 0.171261
19.15 -0.0104229 -0.170304 0.170623
19.16 0.000857441 -0.169981 0.169983
19.17 0.0120508 -0.168914 0.169344
19.18 0.0231092 -0.167114 0.168704
19.19 0.0339837 -0.164591 0.168063
19.2 0.0446283 -0.161365 0.167423
19.21 0.0549971 -0.157453 0.166782
19.22 0.0650462 -0.152878 0.166141
19.23 0.0747336 -0.147665 0.165499
19.24 0.0840184 -0.141841 0.164858
19.25 0.0928633 -0.135437 0.164216
19.26 0.101231 -0.128486 0.163573
19.27 0.109089 -0.121021 0.162931
19.28 0.116406 -0.113081 0.162289
19.29 0.123153 -0.104704 0.161646
19.3 0.129304 -0.0959295 0.161003
19.31 0.134838 -0.0868005 0.160361
19.32 0.139732 -0.0773596 0.159717
19.33 0.143972 -0.0676518 0.159075
19.34 0.147542 -0.0577214 0.158431
19.35 0.150432 -0.0476152 0.157788
19.36 0.152634 -0.0373783 0.157144
19.37 0.154144 -0.0270587 0.156501
19.38 0.15496 -0.0167015 0.155858
19.39 0.155084 -0.00635445 0.155214
19.4 0.154521 0.00393746 0.154571
19.41 0.153278 0.0141281 0.153927
19.42 0.151366 0.0241733 0.153284
19.43 0.148799 0.0340287 0.15264
19.44 0.145594 0.0436526 0.151997
19.45 0.141769 0.053003 0.151353
19.46 0.137347 0.0620409 0.15071
19.47 0.132353 0.0707281 0.150066
19.48 0.126813 0.0790284 0.149422
19.49 0.120756 0.0869082 0.148779
19.5 0.114214 0.094335 0.148135
19.51 0.10722 0.10128 0.147492
19.52 0.0998089 0.107715 0.146848
19.53 0.0920173 0.113616 0.146205
19.54 0.0838832 0.118961 0.145562
19.55 0.0754459 0.12373 0.144918
19.56 0.066746 0.127907 0.144275
19.57 0.0578245 0.131478 0.143632
19.58 0.0487233 0.134432 0.142989
19.59 0.0394854 0.136761 0.142347
19.6 0.0301523 0.138459 0.141704
19.61 0.0207681 0.139524 0.141061
19.62 0.0113742 0.139958 0.140419
19.63 0.00201407 0.139763 0.139777
19.64 -0.00727148 0.138945 0.139135
19.65 -0.0164403 0.137514 0.138493
19.66 -0.0254528 0.135482 0.137852
19.67 -0.0342693 0.132862 0.137211
19.68 -0.0428521 0.129673 0.13657
19.69 -0.051164 0.125932 0.135929
19.7 -0.0591707 0.121663 0.135289
19.71 -0.066838 0.116888 0.134648
19.72 -0.0741347 0.111635 0.134009
19.73 -0.0810313 0.105931 0.13337
19.74 -0.0874998 0.0998058 0.132731
19.75 -0.0935156 0.0932907 0.132092
19.76 -0.0990546 0.0864193 0.131454
19.77 -0.104097 0.0792256 0.130816
19.78 -0.108624 0.0717451 0.130179
19.79 -0.112621 0.0640146 0.129542
19.8 -0.116073 0.056071 0.128906
19.81 -0.11897 0.0479524 0.128271
19.82 -0.121305 0.0396974 0.127636
19.83 -0.123073 0.0313444 0.127002
19.84 -0.124269 0.022932 0.126367
19.85 -0.124896 0.0144997 0.125735
19.86 -0.124954 0.00608454 0.125102
19.87 -0.12445 -0.00227388 0.12447
19.88 -0.12339 -0.0105396 0.123839
19.89 -0.121785 -0.0186748 0.123209
19.9 -0.119649 -0.0266449 0.12258
19.91 -0.116994 -0.0344142 0.12195
19.92 -0.113839 -0.0419504 0.121323
19.93 -0.110203 -0.0492208 0.120695
19.94 -0.106107 -0.0561954 0.120069
19.95 -0.101573 -0.0628449 0.119443
19.96 -0.0966286 -0.0691429 0.118818
19.97 -0.0912977 -0.0750637 0.118194
19.98 -0.0856106 -0.0805842 0.117571
19.99 -0.0795949 -0.0856837 0.116949
20 -0.0732826 -0.0903422 0.116327
20.01 -0.0667048 -0.0945442 0.115707
20.02 -0.0598945 -0.098274 0.115087
20.03 -0.0528849 -0.10152 0.114469
20.04 -0.0457099 -0.104272 0.113851
20.05 -0.0384044 -0.106524 0.113235
20.06 -0.0310023 -0.108268 0.112619
20.07 -0.0235392 -0.109503 0.112005
20.08 -0.0160494 -0.110228 0.111391
20.09 -0.00856758 -0.110446 0.110778
20.1 -0.00112748 -0.11016 0.110166
20.11 0.00623616 -0.109378 0.109555
20.12 0.013492 -0.108107 0.108945
20.13 0.0206065 -0.106359 0.108336
20.14 0.0275496 -0.104147 0.107729
20.15 0.0342904 -0.101485 0.107122
20.16 0.0408009 -0.0983917 0.106516
20.17 0.0470531 -0.0948846 0.105911
20.18 0.0530213 -0.0909853 0.105307
20.19 0.058681 -0.0867149 0.104704
20.2 0.0640096 -0.0820977 0.104102
20.21 0.0689861 -0.0771584 0.103501
20.22 0.0735916 -0.0719237 0.102902
20.23 0.0778089 -0.0664199 0.102303
20.24 0.0816225 -0.0606768 0.101705
20.25 0.0850202 -0.0547221 0.101109
20.26 0.0879896 -0.0485864 0.100513
20.27 0.0905232 -0.0422998 0.0999186
20.28 0.0926129 -0.0358928 0.0993249
20.29 0.0942549 -0.0293967 0.0987328
20.3 0.095446 -0.0228421 0.0981412
20.31 0.0961865 -0.0162606 0.0975512
20.32 0.0964773 -0.00968214 0.0969619
20.33 0.0963229 -0.00313791 0.096374
20.34 0.0957286 0.00334269 0.095787
20.35 0.0947028 0.00972997 0.0952013
20.36 0.0932545 0.0159962 0.0946165
20.37 0.0913961 0.0221124 0.094033
20.38 0.0891406 0.0280536 0.0934508
20.39 0.0865028 0.0337927 0.0928692
20.4 0.0835006 0.0393066 0.0922895
20.41 0.0801509 0.0445716 0.0917104
20.42 0.0764746 0.0495667 0.091133
20.43 0.0724917 0.0542717 0.0905564
20.44 0.0682255 0.0586682 0.0899816
20.45 0.0636981 0.0627398 0.0894076
20.46 0.0589347 0.066471 0.0888352
20.47 0.0539597 0.0698491 0.088264
20.48 0.0487995 0.0728622 0.0876943
20.49 0.0434793 0.0755013 0.0871258
20.5 0.0380274 0.0777579 0.0865585
20.51 0.0324695 0.0796275 0.0859931
20.52 0.0268335 0.0811045 0.0854282
20.53 0.0211469 0.0821887 0.0848657
20.54 0.0154361 0.0828786 0.0843039
20.55 0.00972901 0.0831769 0.083744
20.56 0.00405138 0.0830865 0.0831852
20.57 -0.00156986 0.0826134 0.0826283
20.58 -0.00711008 0.081764 0.0820726
20.59 -0.0125434 0.0805477 0.0815185
20.6 -0.0178467 0.0789746 0.080966
20.61 -0.022996 0.0770568 0.0804149
20.62 -0.0279702 0.0748076 0.0798656
20.63 -0.0327469 0.0722419 0.0793174
20.64 -0.0373079 0.0693763 0.0787715
20.65 -0.0416334 0.0662271 0.0782264
20.66 -0.0457068 0.0628144 0.0776837
20.67 -0.0495124 0.059156 0.0771421
20.68 -0.0530355 0.0552736 0.0766024
20.69 -0.0562638 0.0511875 0.0760642
20.7 -0.0591856 0.0469204 0.0755278
20.71 -0.0617917 0.0424939 0.074993
20.72 -0.0640737 0.0379318 0.0744597
20.73 -0.0660255 0.0332567 0.0739282
20.74 -0.0676421 0.0284928 0.0733982
20.75 -0.068921 0.0236631 0.0728701
20.76 -0.0698598 0.0187919 0.0723432
20.77 -0.0704602 0.0139023 0.0718186
20.78 -0.0707225 0.00901738 0.071295
20.79 -0.0706512 0.00416117 0.0707737
20.8 -0.0702508 -0.000645221 0.0702538
20.81 -0.0695278 -0.00537848 0.0697355
20.82 -0.0684901 -0.0100181 0.0692189
20.83 -0.0671473 -0.0145429 0.0687041
20.84 -0.0655097 -0.0189336 0.0681909
20.85 -0.0635894 -0.0231706 0.0676793
20.86 -0.0613998 -0.0272367 0.0671697
20.87 -0.0589546 -0.0311145 0.0666615
20.88 -0.0562696 -0.034789 0.0661555
20.89 -0.0533604 -0.0382447 0.0656505
20.9 -0.050245 -0.0414695 0.0651481
20.91 -0.0469396 -0.0444506 0.0646466
20.92 -0.0434647 -0.0471773 0.0641473
20.93 -0.0398375 -0.0496412 0.0636496
20.94 -0.0360788 -0.0518333 0.0631535
20.95 -0.0322077 -0.053748 0.0626592
20.96 -0.0282449 -0.0553797 0.0621666
20.97 -0.02421 -0.0567256 0.0616759
20.98 -0.0201242 -0.0577825 0.0611866
20.99 -0.0160071 -0.0585508 0.0606994
21 -0.0118791 -0.0590301 0.0602135
21.01 -0.00776023 -0.0592237 0.0597299
21.02 -0.0036699 -0.0591335 0.0592473
21.03 0.000372357 -0.0587661 0.0587673
21.04 0.00434875 -0.0581259 0.0582883
21.05 0.0082397 -0.0572211 0.0578113
21.06 0.0120297 -0.0560602 0.0573364
21.07 0.0157005 -0.0546523 0.0568628
21.08 0.0192375 -0.0530086 0.0563914
21.09 0.022625 -0.0511405 0.0559217
21.1 0.0258499 -0.0490606 0.0554541
21.11 0.0288983 -0.046782 0.0549879
21.12 0.0317594 -0.0443194 0.0545241
21.13 0.0344217 -0.041687 0.0540616
21.14 0.0368759 -0.038901 0.0536015
21.15 0.0391133 -0.0359763 0.0531427
21.16 0.041127 -0.0329307 0.0526864
21.17 0.0429109 -0.0297793 0.0522318
21.18 0.0444595 -0.0265406 0.0517788
21.19 0.0457707 -0.0232306 0.0513285
21.2 0.0468404 -0.0198669 0.0508795
21.21 0.0476688 -0.0164667 0.0504328
21.22 0.0482552 -0.0130471 0.0499879
21.23 0.0486015 -0.00962472 0.0495454
21.24 0.0487093 -0.00621643 0.0491043
21.25 0.048583 -0.00283856 0.0486659
21.26 0.0482265 0.000493448 0.048229
21.27 0.0476463 0.00376356 0.0477947
21.28 0.0468482 0.00695783 0.0473621
21.29 0.0458408 0.0100611 0.0469319
21.3 0.044632 0.0130613 0.0465039
21.31 0.0432311 0.0159441 0.0460776
21.32 0.0416492 0.018699 0.0456542
21.33 0.0398958 0.0213139 0.0452323
21.34 0.0379837 0.023779 0.044813
21.35 0.0359242 0.0260849 0.0443956
21.36 0.0337304 0.0282234 0.0439807
21.37 0.0314148 0.0301866 0.0435674
21.38 0.0289918 0.0319687 0.0431569
21.39 0.0264741 0.0335639 0.0427483
21.4 0.0238767 0.0349678 0.042342
21.41 0.0212126 0.0361774 0.0419378
21.42 0.0184972 0.0371898 0.0415359
21.43 0.0157436 0.0380045 0.0411364
21.44 0.0129666 0.0386198 0.0407385
21.45 0.0101802 0.0390381 0.0403436
21.46 0.0073977 0.0392593 0.0399502
21.47 0.00463329 0.0392871 0.0395594
21.48 0.00189974 0.0391245 0.0391706
21.49 -0.000789925 0.0387763 0.0387843
21.5 -0.00342363 0.0382469 0.0383998
21.51 -0.00598888 0.0375433 0.0380179
21.52 -0.00847546 0.0366714 0.0376381
21.53 -0.0108713 0.0356391 0.0372603
21.54 -0.0131678 0.0344545 0.036885
21.55 -0.0153541 0.0331261 0.0365115
21.56 -0.017423 0.0316637 0.0361407
21.57 -0.0193651 0.0300762 0.0357713
21.58 -0.0211743 0.0283752 0.0354049
21.59 -0.0228439 0.0265698 0.03504
21.6 -0.0243682 0.0246722 0.0346775
21.61 -0.0257429 0.0226929 0.0343171
21.62 -0.0269639 0.0206438 0.033959
21.63 -0.0280282 0.0185357 0.0336028
21.64 -0.0289335 0.0163813 0.033249
21.65 -0.0296791 0.0141911 0.0328974
21.66 -0.0302634 0.0119776 0.0325475
21.67 -0.0306881 0.00975173 0.0322002
21.68 -0.030953 0.00752519 0.0318546
21.69 -0.0310613 0.00530895 0.0315117
21.7 -0.0310144 0.0031135 0.0311703
21.71 -0.0308171 0.000950349 0.0308317
21.72 -0.0304724 -0.00117177 0.0304949
21.73 -0.0299857 -0.00324187 0.0301604
21.74 -0.0293622 -0.00525146 0.0298281
21.75 -0.028608 -0.00719136 0.029498
21.76 -0.0277294 -0.00905383 0.02917
21.77 -0.0267336 -0.0108302 0.0288441
21.78 -0.0256283 -0.0125148 0.0285207
21.79 -0.0244208 -0.0140997 0.0281989
21.8 -0.0231203 -0.0155802 0.0278799
21.81 -0.0217342 -0.0169504 0.0275626
21.82 -0.0202727 -0.0182063 0.027248
21.83 -0.0187432 -0.019344 0.0269351
21.84 -0.0171566 -0.02036 0.0266248
21.85 -0.0155207 -0.0212526 0.0263167
21.86 -0.0138456 -0.0220192 0.0260105
21.87 -0.0121406 -0.0226594 0.0257069
21.88 -0.0104147 -0.0231725 0.0254053
21.89 -0.00867705 -0.023559 0.0251061
21.9 -0.00693722 -0.0238192 0.0248089
21.91 -0.00520347 -0.0239559 0.0245145
21.92 -0.00348451 -0.0239697 0.0242217
21.93 -0.00178908 -0.0238649 0.0239319
21.94 -0.000124453 -0.0236435 0.0236438
21.95 0.00150081 -0.0233102 0.0233584
21.96 0.00308051 -0.0228686 0.0230752
21.97 0.00460626 -0.0223238 0.0227941
21.98 0.00607317 -0.0216811 0.0225156
21.99 0.00747396 -0.0209455 0.022239
22 0.00880368 -0.0201235 0.021965
22.01 0.0100571 -0.0192209 0.0216931
22.02 0.0112299 -0.0182445 0.0214237
22.03 0.0123174 -0.0172005 0.021156
22.04 0.0133171 -0.0160968 0.0208914
22.05 0.0142252 -0.0149389 0.0206283
22.06 0.0150395 -0.0137356 0.0203679
22.07 0.0157583 -0.0124927 0.0201095
22.08 0.0163797 -0.0112187 0.0198534
22.09 0.0169039 -0.00991984 0.0195996
22.1 0.0173291 -0.0086042 0.0193476
22.11 0.0176571 -0.00727835 0.0190984
22.12 0.0178874 -0.00594946 0.0188509
22.13 0.018022 -0.00462467 0.0186059
22.14 0.0180621 -0.00331025 0.0183629
22.15 0.0180103 -0.00201287 0.0181225
22.16 0.0178683 -0.00073868 0.0178835
22.17 0.0176402 0.000506044 0.0176474
22.18 0.0173281 0.00171651 0.0174129
22.19 0.0169366 0.00288592 0.0171807
22.2 0.0164693 0.0040108 0.0169507
22.21 0.0159305 0.00508508 0.0167224
22.22 0.0153251 0.00610565 0.0164966
22.23 0.0146573 0.00706746 0.0162722
22.24 0.0139332 0.00796805 0.0160506
22.25 0.0131567 0.00880366 0.0158305
22.26 0.0123343 0.0095717 0.0156126
22.27 0.0114708 0.0102701 0.0153966
22.28 0.0105722 0.010897 0.0151827
22.29 0.00964342 0.0114506 0.0149704
22.3 0.00869133 0.0119303 0.0147605
22.31 0.00772015 0.0123357 0.0145523
22.32 0.00673667 0.0126657 0.0143458
22.33 0.00574573 0.012922 0.0141418
22.34 0.00475288 0.0131039 0.0139392
22.35 0.00376362 0.0132136 0.0137392
22.36 0.00278259 0.0132514 0.0135404
22.37 0.00181541 0.0132201 0.0133442
22.38 0.000865989 0.0131209 0.0131495
22.39 -6.03045e-05 0.0129565 0.0129566
22.4 -0.000959829 0.0127297 0.0127658
22.41 -0.00182807 0.0124433 0.0125769
22.42 -0.00266178 0.0121003 0.0123896
22.43 -0.00345664 0.0117046 0.0122043
22.44 -0.00421076 0.0112596 0.0120212
22.45 -0.00491992 0.0107686 0.0118393
22.46 -0.0055827 0.0102366 0.01166
22.47 -0.00619633 0.00966641 0.0114819
22.48 -0.00675909 0.00906332 0.0113061
22.49 -0.00726951 0.0084304 0.0111318
22.5 -0.00772617 0.00777311 0.0109597
22.51 -0.0081286 0.00709468 0.0107893
22.52 -0.00847564 0.00640002 0.0106206
22.53 -0.00876778 0.00569318 0.010454
22.54 -0.00900454 0.00497843 0.0102891
22.55 -0.00918682 0.00425937 0.0101262
22.56 -0.00931462 0.00354084 0.00996492
22.57 -0.00939006 0.00282591 0.00980607
22.58 -0.00941278 0.00211845 0.00964823
22.59 -0.0093858 0.00142268 0.00949301
22.6 -0.00930968 0.000740884 0.00933911
22.61 -0.00918693 7.75303e-05 0.00918726
22.62 -0.00901938 -0.000565525 0.00903709
22.63 -0.00880951 -0.00118428 0.00888876
22.64 -0.00855981 -0.00177725 0.00874237
22.65 -0.00827257 -0.00234122 0.00859748
22.66 -0.00795109 -0.00287456 0.00845476
22.67 -0.00759764 -0.00337496 0.00831352
22.68 -0.00721552 -0.00384142 0.00817437
22.69 -0.0068073 -0.00427143 0.00803644
22.7 -0.00637685 -0.00466492 0.007901
22.71 -0.00592581 -0.00502028 0.00776649
22.72 -0.00545901 -0.00533667 0.00763419
22.73 -0.00497805 -0.0056144 0.0075035
22.74 -0.00448696 -0.0058522 0.00737435
22.75 -0.00398818 -0.0060511 0.00724717
22.76 -0.00348513 -0.00621031 0.00712138
22.77 -0.00298035 -0.00633121 0.00699762
22.78 -0.00247664 -0.00641353 0.0068751
22.79 -0.00197709 -0.00645874 0.00675457
22.8 -0.00148382 -0.00646725 0.00663528
22.81 -0.000999613 -0.00644087 0.00651798
22.82 -0.000526743 -0.00637995 0.00640166
22.83 -6.78387e-05 -0.0062871 0.00628746
22.84 0.000376054 -0.00616297 0.00617443
22.85 0.000801396 -0.00600965 0.00606285
22.86 0.00120804 -0.00582931 0.00595317
22.87 0.00159322 -0.00562309 0.00584444
22.88 0.0019562 -0.00539389 0.00573766
22.89 0.00229522 -0.00514297 0.00563189
22.9 0.00260959 -0.00487321 0.00552795
22.91 0.00289822 -0.00458607 0.00542509
22.92 0.00316014 -0.00428446 0.00532382
22.93 0.00339518 -0.00396997 0.00522379
22.94 0.00360278 -0.00364547 0.00512537
22.95 0.00378265 -0.0033124 0.00502796
22.96 0.00393476 -0.00297394 0.0049322
22.97 0.00405988 -0.00263117 0.00483794
22.98 0.00415696 -0.00228691 0.0047445
22.99 0.00422803 -0.00194304 0.00465314
23 0.00427235 -0.00160105 0.00456249
23.01 0.00429141 -0.00126353 0.00447355
23.02 0.0042855 -0.000931607 0.00438559
23.03 0.00425602 -0.000607526 0.00429917
23.04 0.00420371 -0.000292299 0.00421386
23.05 0.00412978 1.18784e-05 0.0041298
23.06 0.00403561 0.000304419 0.00404708
23.07 0.00392251 0.000583379 0.00396566
23.08 0.00379159 0.000848367 0.00388534
23.09 0.00364454 0.00109748 0.0038062
23.1 0.00348309 0.00133104 0.00372875
23.11 0.0033077 0.00154715 0.00365165
23.12 0.00312147 0.00174589 0.00357655
23.13 0.00292447 0.00192677 0.00350214
23.14 0.00271935 0.002089 0.0034291
23.15 0.00250697 0.00223287 0.00335717
23.16 0.00228944 0.00235792 0.00328654
23.17 0.00206773 0.00246462 0.00321712
23.18 0.00184367 0.00255247 0.00314869
23.19 0.0016184 0.00262257 0.00308174
23.2 0.00139357 0.00267443 0.00301573
23.21 0.00116997 0.00270923 0.00295106
23.22 0.000949343 0.00272661 0.00288715
23.23 0.000732821 0.00272835 0.00282505
23.24 0.000520795 0.00271372 0.00276324
23.25 0.000315664 0.00268458 0.00270308
23.26 0.000116859 0.00264132 0.00264391
23.27 -7.35575e-05 0.00258458 0.00258563
23.28 -0.000255609 0.00251569 0.00252864
23.29 -0.000428042 0.00243526 0.00247259
23.3 -0.000590788 0.0023445 0.00241779
23.31 -0.000742792 0.00224393 0.00236367
23.32 -0.000884065 0.00213523 0.00231101
23.33 -0.00101379 0.00201867 0.00225894
23.34 -0.00113222 0.00189587 0.00220822
23.35 -0.00123862 0.0017672 0.00215805
23.36 -0.00133315 0.00163466 0.00210937
23.37 -0.00141616 0.00149784 0.00206132
23.38 -0.00148668 0.00135903 0.00201424
23.39 -0.00154614 0.00121837 0.0019685
23.4 -0.00159353 0.00107676 0.00192321
23.41 -0.00162986 0.000935412 0.00187921
23.42 -0.00165488 0.000794803 0.00183585
23.43 -0.00166935 0.000655921 0.00179359
23.44 -0.00167312 0.000519199 0.00175183
23.45 -0.00166718 0.000385909 0.00171126
23.46 -0.00165145 0.000256069 0.00167118
23.47 -0.00162694 0.0001308 0.00163218
23.48 -0.00159371 1.02024e-05 0.00159374
23.49 -0.00155263 -0.000104483 0.00155614
23.5 -0.00150437 -0.000214028 0.00151952
23.51 -0.00144887 -0.000316663 0.00148307
23.52 -0.00138783 -0.000412969 0.00144797
23.53 -0.00132073 -0.000502459 0.00141308
23.54 -0.00124908 -0.000584531 0.00137909
23.55 -0.00117306 -0.000659356 0.00134566
23.56 -0.00109364 -0.000726627 0.00131303
23.57 -0.00101105 -0.000786386 0.00128087
23.58 -0.000926536 -0.000838297 0.00124948
23.59 -0.000840054 -0.000882844 0.00121865
23.6 -0.000752789 -0.000919709 0.00118851
23.61 -0.000664827 -0.000949324 0.00115897
23.62 -0.000577152 -0.000971242 0.00112979
23.63 -0.000490096 -0.000986747 0.00110176
23.64 -0.000403967 -0.000994597 0.0010735
23.65 -0.000320009 -0.000996253 0.00104639
23.66 -0.000237662 -0.000991496 0.00101958
23.67 -0.000158298 -0.00098055 0.000993245
23.68 -8.1716e-05 -0.000964053 0.00096751
23.69 -8.65318e-06 -0.000942307 0.000942347
23.7 6.10477e-05 -0.000915657 0.00091769
23.71 0.000126382 -0.000884449 0.000893433
23.72 0.000187965 -0.000849342 0.000869892
23.73 0.000244825 -0.000810455 0.000846627
23.74 0.000297393 -0.000768534 0.000824067
23.75 0.000345045 -0.000723469 0.000801538
23.76 0.000388081 -0.000676772 0.000780145
23.77 0.000426389 -0.000627429 0.0007586
23.78 0.000459511 -0.000577241 0.000737806
23.79 0.000488405 -0.000525881 0.000717698
23.8 0.000512148 -0.000473803 0.0006977
23.81 0.000531541 -0.000421594 0.000678437
23.82 0.000546312 -0.000369515 0.000659544
23.83 0.000556974 -0.000317755 0.00064124
23.84 0.000563032 -0.000266777 0.000623036
23.85 0.000565525 -0.000216906 0.000605695
23.86 0.000563832 -0.000168274 0.000588407
23.87 0.000558785 -0.000121399 0.00057182
23.88 0.00055013 -7.60204e-05 0.000555358
23.89 0.000538571 -3.32703e-05 0.000539597
23.9 0.000524078 8.03068e-06 0.00052414
23.91 0.000506723 4.63988e-05 0.000508843
23.92 0.000487501 8.256e-05 0.000494443
23.93 0.000465663 0.000116227 0.000479949
23.94 0.000442261 0.000147102 0.000466083
23.95 0.000417135 0.000175262 0.000452459
23.96 0.000390823 0.000200754 0.000439369
23.97 0.000363091 0.000223335 0.000426278
23.98 0.000334958 0.000243128 0.000413894
23.99 0.000305905 0.000260262 0.000401639
24 0.000276692 0.000274539 0.000389782
24.01 0.00024715 0.000286493 0.000378366
24.02 0.000217859 0.000295425 0.000367067
24.03 0.000188624 0.000302504 0.000356493
24.04 0.000159638 0.000306639 0.000345704
24.05 0.000131619 0.000308742 0.000335627
24.06 0.000103771 0.000308654 0.000325631
24.07 7.7106e-05 0.00030632 0.000315876
24.08 5.13296e-05 0.000302075 0.000306405
24.09 2.67252e-05 0.000296104 0.000297308
24.1 3.10788e-06 0.000288265 0.000288282
24.11 -1.88203e-05 0.000278972 0.000279606
24.12 -3.97032e-05 0.000268296 0.000271218
24.13 -5.89193e-05 0.000256179 0.000262867
24.14 -7.67826e-05 0.000243163 0.000254998
24.15 -9.28272e-05 0.000228753 0.00024687
24.16 -0.000107486 0.000214 0.000239477
24.17 -0.000120481 0.000198051 0.000231819
24.18 -0.000131473 0.000181929 0.000224462
24.19 -0.000141316 0.000165367 0.000217523
24.2 -0.000149155 0.000148523 0.00021049
24.21 -0.000155508 0.000131643 0.000203746
24.22 -0.000160316 0.000114928 0.000197255
24.23 -0.000163783 9.81275e-05 0.000190929
24.24 -0.000165464 8.1782e-05 0.000184572
24.25 -0.000166145 6.57667e-05 0.000178688
24.26 -0.000165232 5.00934e-05 0.000172659
24.27 -0.000163272 3.52523e-05 0.000167034
24.28 -0.000159865 2.0736e-05 0.000161204
24.29 -0.000155671 7.4307e-06 0.000155848
24.3 -0.000150388 -5.51985e-06 0.000150489
24.31 -0.000143985 -1.7199e-05 0.000145009
24.32 -0.000137311 -2.81383e-05 0.000140164
24.33 -0.000129567 -3.8105e-05 0.000135054
24.34 -0.000121411 -4.70557e-05 0.000130211
24.35 -0.00011283 -5.48854e-05 0.000125472
24.36 -0.000103969 -6.1918e-05 0.00012101
24.37 -9.45768e-05 -6.76608e-05 0.000116287
24.38 -8.54416e-05 -7.24687e-05 0.000112036
24.39 -7.59636e-05 -7.64002e-05 0.000107738
24.4 -6.67957e-05 -7.91121e-05 0.000103539
24.41 -5.75296e-05 -8.12892e-05 9.95871e-05
24.42 -4.87869e-05 -8.22411e-05 9.5623e-05
24.43 -4.02025e-05 -8.28421e-05 9.20818e-05
24.44 -3.17453e-05 -8.23639e-05 8.82699e-05
24.45 -2.41281e-05 -8.14451e-05 8.49439e-05
24.46 -1.64753e-05 -7.98706e-05 8.15522e-05
24.47 -9.42428e-06 -7.77009e-05 7.82704e-05
24.48 -2.91201e-06 -7.50016e-05 7.50581e-05
24.49 3.1112e-06 -7.20667e-05 7.21339e-05
24.5 8.79598e-06 -6.8529e-05 6.90912e-05
24.51 1.35859e-05 -6.48283e-05 6.62366e-05
24.52 1.81669e-05 -6.10052e-05 6.36527e-05
24.53 2.199e-05 -5.67297e-05 6.08426e-05
24.54 2.5535e-05 -5.26579e-05 5.85226e-05
24.55 2.83546e-05 -4.81837e-05 5.59075e-05
24.56 3.08381e-05 -4.39796e-05 5.3714e-05
24.57 3.30274e-05 -3.94646e-05 5.14613e-05
24.58 3.43473e-05 -3.52442e-05 4.92127e-05
24.59 3.56915e-05 -3.10199e-05 4.72876e-05
24.6 3.64463e-05 -2.68902e-05 4.52926e-05
24.61 3.67812e-05 -2.29392e-05 4.33482e-05
24.62 3.6908e-05 -1.92818e-05 4.16412e-05
24.63 3.68707e-05 -1.55718e-05 4.00242e-05
24.64 3.63053e-05 -1.21857e-05 3.82957e-05
24.65 3.58604e-05 -9.0409e-06 3.69825e-05
24.66 3.49797e-05 -5.80152e-06 3.54575e-05
24.67 3.40916e-05 -3.0459e-06 3.42274e-05
24.68 3.28307e-05 -2.26155e-07 3.28315e-05
24.69 3.15277e-05 2.17332e-06 3.16025e-05
24.7 3.01902e-05 4.6308e-06 3.05433e-05
24.71 2.83912e-05 6.62991e-06 2.9155e-05
24.72 2.69053e-05 8.59132e-06 2.82437e-05
24.73 2.51738e-05 1.03739e-05 2.72275e-05
24.74 2.33043e-05 1.19371e-05 2.61837e-05
24.75 2.15427e-05 1.32446e-05 2.52885e-05
24.76 1.97574e-05 1.45978e-05 2.45652e-05
24.77 1.76608e-05 1.55547e-05 2.35341e-05
24.78 1.58837e-05 1.6319e-05 2.27728e-05
24.79 1.38067e-05 1.71109e-05 2.19865e-05
24.8 1.19517e-05 1.7419e-05 2.1125e-05
24.81 9.95078e-06 1.77913e-05 2.0385e-05
24.82 8.13912e-06 1.78221e-05 1.95927e-05
24.83 6.44619e-06 1.79531e-05 1.90753e-05
24.84 4.53501e-06 1.76666e-05 1.82394e-05
24.85 3.04125e-06 1.74832e-05 1.77458e-05
24.86 1.41556e-06 1.71142e-05 1.71726e-05
24.87 -2.12117e-07 1.65701e-05 1.65714e-05
24.88 -1.59529e-06 1.58768e-05 1.59568e-05
24.89 -2.88972e-06 1.52464e-05 1.55178e-05
24.9 -4.30297e-06 1.42989e-05 1.49323e-05
24.91 -5.21103e-06 1.33032e-05 1.42874e-05
24.92 -6.30033e-06 1.24396e-05 1.39441e-05
24.93 -7.03016e-06 1.12065e-05 1.32291e-05
24.94 -7.79085e-06 1.01818e-05 1.28205e-05
24.95 -8.343e-06 8.95185e-06 1.22369e-05
24.96 -8.71163e-06 7.88867e-06 1.17526e-05
24.97 -9.2181e-06 6.55318e-06 1.13101e-05
24.98 -9.26941e-06 5.4589e-06 1.07574e-05
24.99 -9.3635e-06 4.32499e-06 1.03141e-05
25 -9.38362e-06 3.17511e-06 9.90625e-06
25.01 -9.10366e-06 2.14353e-06 9.35262e-06
25.02 -8.77315e-06 1.31807e-06 8.87161e-06
25.03 -8.56664e-06 3.7518e-07 8.57485e-06
25.04 -7.9547e-06 -4.01402e-07 7.96482e-06
25.05 -7.65579e-06 -9.25676e-07 7.71155e-06
25.06 -7.11793e-06 -1.68348e-06 7.3143e-06
25.07 -6.68129e-06 -2.109e-06 7.00625e-06
25.08 -6.19578e-06 -2.61612e-06 6.72546e-06
25.09 -5.59032e-06 -2.91539e-06 6.30486e-06
25.1 -5.20936e-06 -3.37359e-06 6.20633e-06
25.11 -4.52937e-06 -3.5315e-06 5.74341e-06
25.12 -4.0273e-06 -3.71666e-06 5.48021e-06
25.13 -3.60038e-06 -3.93283e-06 5.33196e-06
25.14 -3.02684e-06 -3.98653e-06 5.00542e-06
25.15 -2.57283e-06 -3.95676e-06 4.71968e-06
25.16 -2.28485e-06 -4.05683e-06 4.65601e-06
25.17 -1.6868e-06 -4.01389e-06 4.35392e-06
25.18 -1.42416e-06 -3.80149e-06 4.0595e-06
25.19 -9.75882e-07 -3.84028e-06 3.96233e-06
25.2 -6.13334e-07 -3.5952e-06 3.64714e-06
25.21 -3.18239e-07 -3.446e-06 3.46066e-06
25.22 3.3502e-08 -3.20089e-06 3.20107e-06
25.23 1.42139e-07 -3.12855e-06 3.13177e-06
25.24 4.20054e-07 -2.84075e-06 2.87164e-06
25.25 5.48916e-07 -2.68613e-06 2.74164e-06
25.26 6.03695e-07 -2.63468e-06 2.70296e-06
25.27 8.44952e-07 -2.45482e-06 2.59617e-06
25.28 9.87231e-07 -2.29952e-06 2.50248e-06
25.29 1.0309e-06 -2.30555e-06 2.52554e-06
25.3 1.3727e-06 -2.16536e-06 2.5638e-06
25.31 1.37093e-06 -1.94751e-06 2.38165e-06
25.32 1.55672e-06 -1.98418e-06 2.52197e-06
25.33 1.6611e-06 -1.75311e-06 2.41508e-06
25.34 1.71809e-06 -1.63828e-06 2.37398e-06
25.35 1.86918e-06 -1.45119e-06 2.36639e-06
25.36 1.8801e-06 -1.39489e-06 2.34105e-06
25.37 2.0511e-06 -1.10727e-06 2.33089e-06
25.38 2.1313e-06 -9.4524e-07 2.33151e-06
25.39 2.12802e-06 -8.33176e-07 2.28531e-06
25.4 2.24496e-06 -5.43317e-07 2.30977e-06
25.41 2.22705e-06 -3.17496e-07 2.24957e-06
25.42 2.06718e-06 -2.25423e-07 2.07944e-06
25.43 2.17589e-06 1.66747e-08 2.17595e-06
25.44 1.94652e-06 2.74032e-07 1.96572e-06
25.45 1.9354e-06 2.81054e-07 1.9557e-06
25.46 1.87258e-06 5.69478e-07 1.95726e-06
25.47 1.75205e-06 7.16844e-07 1.89303e-06
25.48 1.72453e-06 9.18859e-07 1.95405e-06
25.49 1.52659e-06 1.02215e-06 1.83719e-06
25.5 1.42458e-06 1.30944e-06 1.93495e-06
25.51 1.23522e-06 1.44542e-06 1.90132e-06
25.52 9.62067e-07 1.50769e-06 1.78849e-06
25.53 8.23788e-07 1.73955e-06 1.92475e-06
25.54 6.20927e-07 1.82455e-06 1.92731e-06
25.55 3.23208e-07 1.79741e-06 1.82624e-06
25.56 3.11762e-07 1.90065e-06 1.92605e-06
25.57 -1.07078e-08 1.96226e-06 1.96229e-06
25.58 -1.37504e-07 1.77153e-06 1.77686e-06
25.59 -3.11824e-07 1.82962e-06 1.856e-06
25.6 -5.78893e-07 1.68687e-06 1.78344e-06
25.61 -6.84992e-07 1.54623e-06 1.69117e-06
25.62 -9.17142e-07 1.32903e-06 1.61476e-06
25.63 -9.94656e-07 1.23266e-06 1.58392e-06
25.64 -1.0494e-06 1.00946e-06 1.45611e-06
25.65 -1.15299e-06 7.35057e-07 1.36736e-06
25.66 -1.0931e-06 6.71449e-07 1.28285e-06
25.67 -1.09392e-06 4.52231e-07 1.18371e-06
25.68 -1.18621e-06 2.02221e-07 1.20333e-06
25.69 -1.02194e-06 1.21382e-07 1.02912e-06
25.7 -1.12909e-06 -1.58422e-09 1.12909e-06
25.71 -1.03945e-06 -3.00134e-07 1.08192e-06
25.72 -9.25288e-07 -3.08077e-07 9.75228e-07
25.73 -9.04399e-07 -4.81236e-07 1.02446e-06
25.74 -7.03916e-07 -6.14198e-07 9.34204e-07
25.75 -6.28159e-07 -7.35896e-07 9.67536e-07
25.76 -5.06725e-07 -7.40363e-07 8.97166e-07
25.77 -3.74249e-07 -8.31609e-07 9.11941e-07
25.78 -3.77447e-07 -9.41014e-07 1.01389e-06
25.79 -2.53374e-07 -8.10318e-07 8.49008e-07
25.8 -1.88179e-07 -8.6448e-07 8.84724e-07
25.81 -2.0719e-07 -8.79174e-07 9.03257e-07
25.82 2.53523e-08 -7.24591e-07 7.25034e-07
25.83 -4.00047e-09 -6.39979e-07 6.39991e-07
25.84 1.20893e-07 -6.72952e-07 6.83724e-07
25.85 2.26404e-07 -4.35452e-07 4.90792e-07
25.86 1.86226e-07 -3.74319e-07 4.18085e-07
25.87 2.59625e-07 -2.98771e-07 3.95815e-07
25.88 2.23348e-07 -2.00225e-07 2.99957e-07
25.89 1.91104e-07 -6.86639e-08 2.03066e-07
25.9 2.2984e-07 -5.0401e-08 2.35301e-07
25.91 1.53284e-07 -7.57947e-08 1.70999e-07
25.92 2.03654e-07 8.35595e-08 2.2013e-07
25.93 2.17704e-07 1.2698e-09 2.17708e-07
25.94 9.62237e-08 -3.95102e-08 1.04019e-07
25.95 2.04643e-07 5.51409e-08 2.11942e-07
25.96 3.85589e-08 3.61683e-08 5.28672e-08
25.97 2.27435e-08 -7.96864e-08 8.28685e-08
25.98 2.36541e-08 6.48921e-08 6.90689e-08
25.99 -6.07539e-08 8.45199e-09 6.1339e-08
26 -7.15326e-10 -2.7514e-08 2.75233e-08
