0 0.0014508 0.00129379 0.00194389
0.01 0.00289696 0.00257982 0.00387916
0.02 0.00433412 0.00385025 0.00579733
0.03 0.00575775 0.00509717 0.00768979
0.04 0.00716304 0.00631331 0.00954814
0.05 0.00854598 0.00749122 0.0113645
0.06 0.00990185 0.00862351 0.0131306
0.07 0.0112263 0.00970326 0.0148386
0.08 0.0125155 0.0107238 0.0164814
0.09 0.0137646 0.0116788 0.0180516
0.1 0.01497 0.012562 0.0195424
0.11 0.0161275 0.0133681 0.0209476
0.12 0.0172331 0.0140917 0.0222611
0.13 0.0182831 0.0147282 0.0234775
0.14 0.019274 0.0152729 0.0245916
0.15 0.0202021 0.0157223 0.0255991
0.16 0.0210639 0.0160731 0.0264959
0.17 0.0218567 0.0163224 0.0272789
0.18 0.0225769 0.016468 0.0279448
0.19 0.0232219 0.0165084 0.0284918
0.2 0.0237892 0.0164424 0.0289185
0.21 0.0242757 0.0162697 0.0292235
0.22 0.02468 0.01599 0.0294071
0.23 0.0249994 0.0156044 0.0294698
0.24 0.0252323 0.0151141 0.0294127
0.25 0.0253772 0.0145209 0.029238
0.26 0.0254327 0.0138275 0.0289486
0.27 0.0253976 0.0130367 0.0285481
0.28 0.0252712 0.0121524 0.0280413
0.29 0.025053 0.0111782 0.0274337
0.3 0.0247426 0.0101193 0.026732
0.31 0.0243404 0.00898056 0.0259443
0.32 0.0238463 0.00776772 0.0250795
0.33 0.0232609 0.00648683 0.0241484
0.34 0.0225855 0.00514451 0.023164
0.35 0.0218208 0.00374775 0.0221403
0.36 0.0209688 0.00230351 0.021095
0.37 0.0200313 0.000819557 0.0200481
0.38 0.0190101 -0.000696024 0.0190228
0.39 0.0179081 -0.00223537 0.018047
0.4 0.0167277 -0.00379004 0.0171517
0.41 0.0154722 -0.00535158 0.0163716
0.42 0.014145 -0.00691109 0.0157431
0.43 0.01275 -0.00846032 0.0153016
0.44 0.0112908 -0.00999029 0.0150761
0.45 0.00977208 -0.0114923 0.0150853
0.46 0.00819836 -0.0129575 0.0153333
0.47 0.00657417 -0.0143775 0.0158092
0.48 0.00490521 -0.0157438 0.0164903
0.49 0.00319643 -0.017048 0.0173451
0.5 0.0014536 -0.0182822 0.0183399
0.51 -0.000317164 -0.0194388 0.0194414
0.52 -0.00211016 -0.0205101 0.0206184
0.53 -0.00391891 -0.0214891 0.0218436
0.54 -0.00573697 -0.0223691 0.0230931
0.55 -0.00755782 -0.0231441 0.0243469
0.56 -0.00937471 -0.0238079 0.0255871
0.57 -0.0111805 -0.0243554 0.0267991
0.58 -0.0129686 -0.0247821 0.0279703
0.59 -0.0147319 -0.0250834 0.0290897
0.6 -0.0164631 -0.0252561 0.030148
0.61 -0.0181555 -0.0252966 0.0311375
0.62 -0.0198018 -0.0252033 0.0320518
0.63 -0.0213949 -0.0249741 0.0328854
0.64 -0.0229281 -0.024608 0.0336341
0.65 -0.0243942 -0.0241047 0.0342945
0.66 -0.0257866 -0.0234647 0.0348646
0.67 -0.0270987 -0.0226889 0.035343
0.68 -0.028324 -0.021779 0.0357292
0.69 -0.0294564 -0.0207376 0.036024
0.7 -0.03049 -0.0195678 0.036229
0.71 -0.0314188 -0.0182734 0.0363463
0.72 -0.0322374 -0.0168589 0.0363796
0.73 -0.0329412 -0.0153295 0.0363334
0.74 -0.0335248 -0.0136912 0.0362127
0.75 -0.0339844 -0.01195 0.0360242
0.76 -0.0343158 -0.0101131 0.035775
0.77 -0.0345155 -0.00818853 0.0354735
0.78 -0.0345806 -0.00618394 0.0351291
0.79 -0.0345082 -0.00410822 0.0347518
0.8 -0.0342963 -0.00197049 0.0343529
0.81 -0.0339436 0.000219538 0.0339443
0.82 -0.0334488 0.00245216 0.0335386
0.83 -0.0328115 0.00471698 0.0331489
0.84 -0.0320319 0.00700324 0.0327886
0.85 -0.0311106 0.00930014 0.0324709
0.86 -0.0300485 0.0115965 0.0322086
0.87 -0.028848 0.0138814 0.0320141
0.88 -0.0275111 0.016143 0.0318976
0.89 -0.0260409 0.0183702 0.0318684
0.9 -0.0244414 0.0205517 0.0319336
0.91 -0.0227163 0.0226757 0.032097
0.92 -0.0208708 0.0247313 0.0323608
0.93 -0.0189101 0.0267072 0.0327241
0.94 -0.0168401 0.0285929 0.0331835
0.95 -0.0146675 0.0303775 0.0337332
0.96 -0.0123996 0.0320508 0.0343657
0.97 -0.0100436 0.0336031 0.0350719
0.98 -0.00760777 0.0350249 0.0358416
0.99 -0.00510093 0.0363071 0.0366637
1 -0.00253164 0.0374413 0.0375267
1.01 9.02182e-05 0.0384198 0.0384199
1.02 0.00275494 0.0392353 0.0393319
1.03 0.00545236 0.039881 0.0402519
1.04 0.00817166 0.0403515 0.0411706
1.05 0.0109024 0.0406412 0.0420781
1.06 0.0136334 0.0407461 0.0429664
1.07 0.0163531 0.0406623 0.0438274
1.08 0.0190505 0.0403873 0.0446549
1.09 0.0217139 0.0399194 0.0454428
1.1 0.0243315 0.0392572 0.046186
1.11 0.0268919 0.0384008 0.0468807
1.12 0.0293836 0.037351 0.0475236
1.13 0.0317948 0.0361096 0.0481125
1.14 0.0341145 0.0346787 0.0486458
1.15 0.0363314 0.0330623 0.0491231
1.16 0.0384344 0.0312649 0.0495448
1.17 0.040413 0.0292913 0.0499118
1.18 0.0422566 0.0271482 0.050226
1.19 0.0439555 0.0248425 0.05049
1.2 0.0455004 0.0223821 0.0507075
1.21 0.0468818 0.019776 0.0508822
1.22 0.0480915 0.0170333 0.0510188
1.23 0.0491216 0.0141648 0.0511231
1.24 0.0499646 0.0111812 0.0512004
1.25 0.0506139 0.00809448 0.0512571
1.26 0.0510638 0.00491658 0.0513
1.27 0.051309 0.00166102 0.0513359
1.28 0.0513451 -0.00165905 0.0513719
1.29 0.0511684 -0.00502982 0.0514151
1.3 0.0507762 -0.00843635 0.0514722
1.31 0.0501666 -0.0118643 0.0515505
1.32 0.0493386 -0.0152984 0.051656
1.33 0.0482918 -0.0187233 0.0517944
1.34 0.0470275 -0.0221235 0.0519715
1.35 0.0455472 -0.0254833 0.0521914
1.36 0.0438535 -0.0287872 0.0524579
1.37 0.04195 -0.0320195 0.0527736
1.38 0.0398416 -0.0351646 0.0531404
1.39 0.0375333 -0.038207 0.0535586
1.4 0.0350319 -0.0411319 0.0540284
1.41 0.0323447 -0.0439242 0.0545482
1.42 0.0294799 -0.0465692 0.0551158
1.43 0.0264468 -0.0490535 0.0557286
1.44 0.0232551 -0.0513631 0.0563823
1.45 0.0199157 -0.0534853 0.0570728
1.46 0.0164406 -0.0554078 0.0577954
1.47 0.0128415 -0.0571189 0.0585446
1.48 0.00913206 -0.0586082 0.0593153
1.49 0.00532596 -0.0598653 0.0601018
1.5 0.00143757 -0.0608815 0.0608984
1.51 -0.00251836 -0.0616484 0.0616998
1.52 -0.00652606 -0.0621592 0.0625008
1.53 -0.0105698 -0.0624074 0.0632962
1.54 -0.014633 -0.0623881 0.0640812
1.55 -0.0186993 -0.0620977 0.064852
1.56 -0.0227514 -0.0615326 0.065604
1.57 -0.0267724 -0.060692 0.0663346
1.58 -0.0307449 -0.0595749 0.0670404
1.59 -0.0346518 -0.0581822 0.0677194
1.6 -0.0384755 -0.0565161 0.0683698
1.61 -0.0421988 -0.0545795 0.0689903
1.62 -0.0458049 -0.0523769 0.0695803
1.63 -0.0492766 -0.049914 0.0701398
1.64 -0.0525975 -0.0471975 0.070669
1.65 -0.0557515 -0.0442355 0.0711689
1.66 -0.0587231 -0.0410374 0.0716412
1.67 -0.061497 -0.0376134 0.0720878
1.68 -0.0640586 -0.0339748 0.0725106
1.69 -0.0663943 -0.0301347 0.0729129
1.7 -0.0684908 -0.0261061 0.0732975
1.71 -0.0703359 -0.0219039 0.0736677
1.72 -0.0719181 -0.0175439 0.074027
1.73 -0.0732271 -0.013042 0.0743795
1.74 -0.0742535 -0.00841617 0.0747289
1.75 -0.0749885 -0.00368396 0.0750789
1.76 -0.0754251 0.00113575 0.0754336
1.77 -0.075557 0.00602363 0.0757967
1.78 -0.0753793 0.0109596 0.0761719
1.79 -0.0748882 0.0159235 0.0765624
1.8 -0.0740812 0.0208944 0.0769715
1.81 -0.0729574 0.0258511 0.077402
1.82 -0.0715165 0.0307727 0.0778561
1.83 -0.0697601 0.0356372 0.0783357
1.84 -0.0676909 0.0404236 0.0788424
1.85 -0.0653132 0.0451106 0.0793775
1.86 -0.0626323 0.0496763 0.0799408
1.87 -0.0596549 0.0541003 0.0805329
1.88 -0.0563896 0.0583616 0.0811533
1.89 -0.0528454 0.06244 0.0818009
1.9 -0.0490332 0.0663158 0.0824745
1.91 -0.044965 0.0699699 0.0831724
1.92 -0.0406542 0.0733839 0.0838925
1.93 -0.0361151 0.0765401 0.0846327
1.94 -0.0313631 0.0794217 0.08539
1.95 -0.0264153 0.0820127 0.0861618
1.96 -0.021289 0.0842988 0.0869454
1.97 -0.0160031 0.0862659 0.0877377
1.98 -0.010577 0.0879014 0.0885355
1.99 -0.00503134 0.0891946 0.0893364
2 0.000612642 0.0901349 0.090137
2.01 0.00633332 0.0907141 0.0909349
2.02 0.012108 0.0909247 0.0917274
2.03 0.0179136 0.0907612 0.0925122
2.04 0.0237269 0.0902193 0.0932872
2.05 0.029524 0.0892964 0.0940506
2.06 0.0352811 0.0879913 0.094801
2.07 0.0409736 0.0863045 0.0955369
2.08 0.0465778 0.0842381 0.0962577
2.09 0.0520693 0.0817955 0.0969625
2.1 0.0574243 0.0789824 0.0976513
2.11 0.0626189 0.0758058 0.0983242
2.12 0.0676299 0.0722737 0.0989812
2.13 0.0724345 0.0683968 0.0996236
2.14 0.07701 0.0641864 0.100252
2.15 0.081335 0.0596559 0.100867
2.16 0.0853888 0.0548198 0.101471
2.17 0.089151 0.0496944 0.102066
2.18 0.0926027 0.0442973 0.102652
2.19 0.0957257 0.0386473 0.103233
2.2 0.0985035 0.0327644 0.10381
2.21 0.10092 0.0266702 0.104384
2.22 0.102961 0.0203871 0.10496
2.23 0.104613 0.0139385 0.105538
2.24 0.105865 0.00734881 0.10612
2.25 0.106707 0.000643865 0.106709
2.26 0.10713 -0.0061507 0.107306
2.27 0.107127 -0.013008 0.107914
2.28 0.106693 -0.0199005 0.108533
2.29 0.105824 -0.0268006 0.109165
2.3 0.104519 -0.0336801 0.109812
2.31 0.102778 -0.0405106 0.110473
2.32 0.100601 -0.0472636 0.111151
2.33 0.0979935 -0.0539103 0.111844
2.34 0.09496 -0.0604227 0.112554
2.35 0.0915075 -0.0667726 0.113279
2.36 0.0876452 -0.0729319 0.114021
2.37 0.0833837 -0.0788735 0.114778
2.38 0.0787351 -0.0845709 0.115548
2.39 0.0737142 -0.0899976 0.116333
2.4 0.0683361 -0.0951285 0.117129
2.41 0.0626186 -0.0999395 0.117936
2.42 0.0565807 -0.104407 0.118753
2.43 0.0502429 -0.10851 0.119577
2.44 0.0436272 -0.112227 0.120408
2.45 0.0367569 -0.115538 0.121244
2.46 0.0296567 -0.118425 0.122082
2.47 0.0223524 -0.120873 0.122922
2.48 0.0148711 -0.122865 0.123762
2.49 0.00724045 -0.12439 0.1246
2.5 -0.000510588 -0.125435 0.125436
2.51 -0.00835189 -0.125991 0.126267
2.52 -0.0162538 -0.12605 0.127094
2.53 -0.0241849 -0.125607 0.127914
2.54 -0.032114 -0.124658 0.128728
2.55 -0.0400094 -0.123201 0.129534
2.56 -0.047839 -0.121236 0.130333
2.57 -0.055571 -0.118766 0.131124
2.58 -0.0631734 -0.115795 0.131906
2.59 -0.0706143 -0.112329 0.132681
2.6 -0.0778624 -0.108378 0.133448
2.61 -0.084887 -0.103952 0.134208
2.62 -0.0916572 -0.0990625 0.134961
2.63 -0.0981435 -0.0937253 0.135708
2.64 -0.104317 -0.0879569 0.13645
2.65 -0.11015 -0.0817755 0.137187
2.66 -0.115616 -0.0752015 0.137921
2.67 -0.120688 -0.0682568 0.138653
2.68 -0.125343 -0.0609656 0.139383
2.69 -0.129557 -0.0533528 0.140113
2.7 -0.13331 -0.0454458 0.140843
2.71 -0.136581 -0.0372727 0.141575
2.72 -0.139353 -0.0288635 0.14231
2.73 -0.141609 -0.0202488 0.143049
2.74 -0.143335 -0.011461 0.143792
2.75 -0.144518 -0.00253305 0.144541
2.76 -0.14515 0.00650103 0.145295
2.77 -0.14522 0.0156065 0.146057
2.78 -0.144724 0.0247483 0.146825
2.79 -0.143657 0.0338904 0.147601
2.8 -0.142019 0.0429967 0.148385
2.81 -0.139808 0.0520311 0.149176
2.82 -0.137029 0.0609569 0.149976
2.83 -0.133687 0.0697383 0.150784
2.84 -0.129789 0.0783388 0.151599
2.85 -0.125345 0.0867231 0.152422
2.86 -0.120368 0.0948561 0.153251
2.87 -0.11487 0.102703 0.154088
2.88 -0.10887 0.110231 0.15493
2.89 -0.102384 0.117406 0.155778
2.9 -0.0954358 0.124199 0.156631
2.91 -0.0880458 0.130577 0.157488
2.92 -0.0802395 0.136513 0.158348
2.93 -0.0720432 0.141978 0.159211
2.94 -0.0634854 0.146948 0.160075
2.95 -0.0545961 0.151398 0.160941
2.96 -0.0454068 0.155305 0.161807
2.97 -0.0359505 0.15865 0.162672
2.98 -0.0262619 0.161414 0.163536
2.99 -0.0163761 0.163581 0.164399
3 -0.00632992 0.165138 0.165259
3.01 0.00383883 0.166072 0.166117
3.02 0.0140918 0.166375 0.166971
3.03 0.0243901 0.166039 0.167821
3.04 0.0346938 0.16506 0.168667
3.05 0.0449633 0.163437 0.169509
3.06 0.0551582 0.161169 0.170346
3.07 0.0652386 0.15826 0.171179
3.08 0.0751642 0.154716 0.172008
3.09 0.0848951 0.150544 0.172832
3.1 0.0943919 0.145756 0.173651
3.11 0.103616 0.140364 0.174466
3.12 0.11253 0.134385 0.175278
3.13 0.121095 0.127836 0.176085
3.14 0.129277 0.120738 0.17689
3.15 0.13704 0.113113 0.177692
3.16 0.14435 0.104986 0.178491
3.17 0.151176 0.0963855 0.179288
3.18 0.157487 0.0873394 0.180084
3.19 0.163255 0.0778791 0.180879
3.2 0.168452 0.0680376 0.181674
3.21 0.173055 0.0578498 0.182468
3.22 0.17704 0.0473516 0.183263
3.23 0.180388 0.0365809 0.184059
3.24 0.183079 0.0255772 0.184857
3.25 0.185099 0.0143802 0.185657
3.26 0.186434 0.00303163 0.186458
3.27 0.187073 -0.00842616 0.187263
3.28 0.187009 -0.0199502 0.18807
3.29 0.186236 -0.0314972 0.188881
3.3 0.184752 -0.0430227 0.189695
3.31 0.182556 -0.054483 0.190513
3.32 0.179652 -0.0658334 0.191334
3.33 0.176044 -0.0770301 0.192159
3.34 0.171741 -0.088029 0.192988
3.35 0.166755 -0.0987864 0.19382
3.36 0.161099 -0.10926 0.194655
3.37 0.154789 -0.119407 0.195493
3.38 0.147844 -0.129187 0.196335
3.39 0.140286 -0.13856 0.197178
3.4 0.13214 -0.147488 0.198024
3.41 0.123431 -0.155932 0.198871
3.42 0.114188 -0.163857 0.19972
3.43 0.104443 -0.17123 0.200569
3.44 0.0942294 -0.178018 0.201419
3.45 0.0835815 -0.184192 0.202268
3.46 0.0725369 -0.189723 0.203117
3.47 0.0611347 -0.194586 0.203964
3.48 0.049415 -0.198759 0.204809
3.49 0.0374201 -0.202219 0.205652
3.5 0.0251936 -0.20495 0.206492
3.51 0.0127793 -0.206935 0.207329
3.52 0.000223347 -0.208162 0.208162
3.53 -0.0124282 -0.208622 0.208991
3.54 -0.0251282 -0.208306 0.209816
3.55 -0.0378295 -0.207211 0.210636
3.56 -0.050484 -0.205335 0.21145
3.57 -0.063044 -0.202682 0.21226
3.58 -0.0754616 -0.199254 0.213065
3.59 -0.0876891 -0.19506 0.213864
3.6 -0.0996797 -0.19011 0.214658
3.61 -0.111386 -0.184419 0.215447
3.62 -0.122764 -0.178002 0.21623
3.63 -0.133767 -0.170879 0.21701
3.64 -0.144353 -0.163071 0.217784
3.65 -0.154478 -0.154604 0.218554
3.66 -0.164103 -0.145506 0.219321
3.67 -0.173188 -0.135805 0.220084
3.68 -0.181695 -0.125535 0.220844
3.69 -0.18959 -0.11473 0.221602
3.7 -0.196839 -0.103427 0.222357
3.71 -0.203411 -0.0916658 0.223111
3.72 -0.209277 -0.0794866 0.223864
3.73 -0.214411 -0.0669328 0.224615
3.74 -0.21879 -0.0540483 0.225367
3.75 -0.222393 -0.0408795 0.226119
3.76 -0.225202 -0.0274733 0.226871
3.77 -0.227202 -0.0138783 0.227625
3.78 -0.228379 -0.000143842 0.228379
3.79 -0.228727 0.0136799 0.229135
3.8 -0.228237 0.0275422 0.229893
3.81 -0.226907 0.0413919 0.230652
3.82 -0.224738 0.0551777 0.231412
3.83 -0.221732 0.0688479 0.232175
3.84 -0.217895 0.0823517 0.232938
3.85 -0.213238 0.0956378 0.233703
3.86 -0.207773 0.108656 0.234469
3.87 -0.201516 0.121357 0.235236
3.88 -0.194484 0.133692 0.236003
3.89 -0.186701 0.145614 0.236771
3.9 -0.178189 0.157075 0.237537
3.91 -0.168978 0.168032 0.238303
3.92 -0.159097 0.178442 0.239068
3.93 -0.148579 0.188263 0.23983
3.94 -0.137459 0.197456 0.24059
3.95 -0.125774 0.205984 0.241347
3.96 -0.113565 0.213812 0.2421
3.97 -0.100874 0.220908 0.24285
3.98 -0.0877439 0.227243 0.243594
3.99 -0.0742219 0.232788 0.244334
4 -0.0603551 0.23752 0.245068
4.01 -0.0461923 0.241417 0.245797
4.02 -0.0317838 0.244461 0.246519
4.03 -0.0171812 0.246638 0.247235
4.04 -0.00243671 0.247933 0.247945
4.05 0.0123966 0.248339 0.248648
4.06 0.0272648 0.24785 0.249345
4.07 0.0421143 0.246463 0.250035
4.08 0.0568908 0.244179 0.250719
4.09 0.0715399 0.241002 0.251396
4.1 0.0860081 0.23694 0.252068
4.11 0.100242 0.232004 0.252734
4.12 0.114188 0.226207 0.253394
4.13 0.127795 0.219566 0.254049
4.14 0.141012 0.212103 0.2547
4.15 0.153789 0.20384 0.255347
4.16 0.166079 0.194803 0.255989
4.17 0.177834 0.185024 0.256629
4.18 0.189009 0.174532 0.257266
4.19 0.199562 0.163364 0.257901
4.2 0.209452 0.151557 0.258533
4.21 0.218639 0.139151 0.259165
4.22 0.22709 0.126189 0.259795
4.23 0.234769 0.112714 0.260424
4.24 0.241645 0.0987743 0.261053
4.25 0.247691 0.0844171 0.261682
4.26 0.252882 0.069693 0.26231
4.27 0.257196 0.0546536 0.262938
4.28 0.260612 0.0393514 0.263567
4.29 0.263117 0.0238413 0.264195
4.3 0.264697 0.0081774 0.264823
4.31 0.265343 -0.00758397 0.265451
4.32 0.265048 -0.0233869 0.266078
4.33 0.263812 -0.0391747 0.266704
4.34 0.261634 -0.0548908 0.26733
4.35 0.258518 -0.0704783 0.267953
4.36 0.254473 -0.0858814 0.268575
4.37 0.24951 -0.101044 0.269194
4.38 0.243643 -0.115911 0.26981
4.39 0.23689 -0.130428 0.270422
4.4 0.229272 -0.144542 0.271031
4.41 0.220813 -0.158201 0.271636
4.42 0.21154 -0.171356 0.272235
4.43 0.201484 -0.183957 0.272829
4.44 0.190678 -0.195958 0.273418
4.45 0.179158 -0.207313 0.274
4.46 0.166962 -0.217981 0.274576
4.47 0.154132 -0.227922 0.275146
4.48 0.140712 -0.237098 0.275708
4.49 0.126746 -0.245473 0.276264
4.5 0.112284 -0.253016 0.276812
4.51 0.097374 -0.259697 0.277352
4.52 0.0820687 -0.26549 0.277886
4.53 0.0664206 -0.270373 0.278412
4.54 0.0504841 -0.274324 0.278931
4.55 0.0343152 -0.277328 0.279443
4.56 0.0179696 -0.279371 0.279948
4.57 0.00150524 -0.280443 0.280447
4.58 -0.0150204 -0.280538 0.280939
4.59 -0.031549 -0.279652 0.281426
4.6 -0.0480222 -0.277787 0.281908
4.61 -0.0643819 -0.274947 0.282384
4.62 -0.0805702 -0.271138 0.282856
4.63 -0.0965294 -0.266372 0.283323
4.64 -0.112203 -0.260663 0.283786
4.65 -0.127535 -0.254029 0.284246
4.66 -0.142471 -0.24649 0.284703
4.67 -0.156957 -0.238073 0.285156
4.68 -0.170941 -0.228802 0.285607
4.69 -0.184374 -0.21871 0.286055
4.7 -0.197206 -0.20783 0.286502
4.71 -0.209391 -0.196197 0.286946
4.72 -0.220886 -0.183852 0.287388
4.73 -0.231647 -0.170835 0.287828
4.74 -0.241637 -0.157192 0.288267
4.75 -0.250819 -0.142967 0.288703
4.76 -0.259158 -0.12821 0.289138
4.77 -0.266624 -0.112971 0.28957
4.78 -0.273189 -0.0973023 0.29
4.79 -0.278828 -0.0812575 0.290427
4.8 -0.28352 -0.0648916 0.290852
4.81 -0.287247 -0.0482615 0.291273
4.82 -0.289994 -0.0314238 0.291692
4.83 -0.291749 -0.0144373 0.292106
4.84 -0.292505 0.00263952 0.292517
4.85 -0.292257 0.0197475 0.292923
4.86 -0.291004 0.0368272 0.293325
4.87 -0.288749 0.0538195 0.293721
4.88 -0.285498 0.0706656 0.294113
4.89 -0.28126 0.0873064 0.294499
4.9 -0.27605 0.103685 0.294879
4.91 -0.269882 0.119743 0.295253
4.92 -0.262778 0.135425 0.295621
4.93 -0.254759 0.150676 0.295982
4.94 -0.245854 0.165443 0.296337
4.95 -0.23609 0.179675 0.296684
4.96 -0.225501 0.193322 0.297025
4.97 -0.214122 0.206335 0.297359
4.98 -0.201991 0.218669 0.297685
4.99 -0.189148 0.230282 0.298005
5 -0.175638 0.241132 0.298317
5.01 -0.161506 0.25118 0.298623
5.02 -0.146799 0.260393 0.298922
5.03 -0.131568 0.268736 0.299214
5.04 -0.115863 0.276181 0.2995
5.05 -0.0997395 0.2827 0.299779
5.06 -0.0832508 0.288272 0.300052
5.07 -0.0664537 0.292875 0.30032
5.08 -0.0494048 0.296494 0.300582
5.09 -0.0321628 0.299114 0.300838
5.1 -0.014786 0.300727 0.30109
5.11 0.00266623 0.301325 0.301337
5.12 0.0201342 0.300907 0.30158
5.13 0.0375588 0.299472 0.301818
5.14 0.0548803 0.297025 0.302053
5.15 0.0720394 0.293574 0.302283
5.16 0.0889782 0.289129 0.302511
5.17 0.105638 0.283705 0.302734
5.18 0.121963 0.277321 0.302955
5.19 0.137897 0.269996 0.303173
5.2 0.153387 0.261757 0.303387
5.21 0.168378 0.252629 0.303599
5.22 0.18282 0.242644 0.303808
5.23 0.196663 0.231836 0.304014
5.24 0.209862 0.22024 0.304216
5.25 0.22237 0.207895 0.304416
5.26 0.234146 0.194844 0.304612
5.27 0.245148 0.181129 0.304804
5.28 0.255341 0.166797 0.304993
5.29 0.264689 0.151897 0.305177
5.3 0.273161 0.136478 0.305358
5.31 0.280728 0.120593 0.305533
5.32 0.287364 0.104294 0.305704
5.33 0.293046 0.0876372 0.30587
5.34 0.297757 0.0706779 0.306031
5.35 0.30148 0.0534732 0.306185
5.36 0.304202 0.0360809 0.306334
5.37 0.305914 0.0185594 0.306477
5.38 0.306611 0.000967573 0.306613
5.39 0.306291 -0.0166359 0.306742
5.4 0.304954 -0.0341918 0.306865
5.41 0.302605 -0.0516413 0.30698
5.42 0.299253 -0.0689264 0.307089
5.43 0.294909 -0.085989 0.30719
5.44 0.289588 -0.102773 0.307283
5.45 0.283307 -0.119221 0.30737
5.46 0.276088 -0.135279 0.307449
5.47 0.267956 -0.150894 0.307521
5.48 0.258938 -0.166015 0.307587
5.49 0.249064 -0.18059 0.307645
5.5 0.238367 -0.194571 0.307696
5.51 0.226885 -0.207914 0.307741
5.52 0.214655 -0.220572 0.307781
5.53 0.201718 -0.232506 0.307814
5.54 0.188118 -0.243676 0.307841
5.55 0.173901 -0.254044 0.307863
5.56 0.159113 -0.263579 0.307881
5.57 0.143805 -0.272247 0.307894
5.58 0.128027 -0.280023 0.307902
5.59 0.111832 -0.28688 0.307907
5.6 0.0952746 -0.292797 0.307908
5.61 0.0784087 -0.297754 0.307905
5.62 0.0612908 -0.301737 0.307899
5.63 0.0439777 -0.304734 0.307891
5.64 0.0265266 -0.306734 0.307879
5.65 0.00899508 -0.307733 0.307865
5.66 -0.00855884 -0.307729 0.307848
5.67 -0.0260773 -0.306722 0.307829
5.68 -0.0435031 -0.304718 0.307807
5.69 -0.0607784 -0.301722 0.307783
5.7 -0.0778473 -0.297747 0.307756
5.71 -0.0946534 -0.292807 0.307726
5.72 -0.111142 -0.286919 0.307694
5.73 -0.12726 -0.280104 0.307658
5.74 -0.142954 -0.272385 0.307619
5.75 -0.158174 -0.263788 0.307576
5.76 -0.17287 -0.254342 0.307529
5.77 -0.186995 -0.244081 0.307478
5.78 -0.200504 -0.233038 0.307423
5.79 -0.213354 -0.22125 0.307362
5.8 -0.225503 -0.208757 0.307297
5.81 -0.236912 -0.195601 0.307225
5.82 -0.247547 -0.181826 0.307149
5.83 -0.257373 -0.167477 0.307066
5.84 -0.266359 -0.152601 0.306976
5.85 -0.274478 -0.137249 0.306881
5.86 -0.281705 -0.121471 0.306778
5.87 -0.288017 -0.105318 0.306669
5.88 -0.293396 -0.0888433 0.306553
5.89 -0.297826 -0.0721014 0.30643
5.9 -0.301294 -0.0551468 0.3063
5.91 -0.303791 -0.0380346 0.306163
5.92 -0.30531 -0.0208205 0.306019
5.93 -0.305848 -0.00356041 0.305869
5.94 -0.305406 0.0136899 0.305713
5.95 -0.303986 0.0308746 0.305549
5.96 -0.301595 0.0479387 0.305381
5.97 -0.298242 0.0648269 0.305207
5.98 -0.293941 0.0814854 0.305027
5.99 -0.288708 0.0978609 0.304842
6 -0.28256 0.113901 0.304653
6.01 -0.275519 0.129556 0.30446
6.02 -0.267611 0.144775 0.304262
6.03 -0.258863 0.15951 0.304062
6.04 -0.249303 0.173716 0.303857
6.05 -0.238966 0.187347 0.30365
6.06 -0.227885 0.200361 0.303441
6.07 -0.216098 0.212718 0.303228
6.08 -0.203645 0.22438 0.303014
6.09 -0.190566 0.23531 0.302797
6.1 -0.176905 0.245476 0.302579
6.11 -0.162707 0.254847 0.302358
6.12 -0.148019 0.263394 0.302136
6.13 -0.132889 0.271093 0.301912
6.14 -0.117366 0.27792 0.301686
6.15 -0.101501 0.283856 0.301458
6.16 -0.0853448 0.288884 0.301227
6.17 -0.0689503 0.292991 0.300995
6.18 -0.0523699 0.296165 0.300759
6.19 -0.0356568 0.298398 0.300521
6.2 -0.0188647 0.299686 0.300279
6.21 -0.00204723 0.300027 0.300034
6.22 0.0147426 0.299423 0.299786
6.23 0.0314509 0.297878 0.299533
6.24 0.0480254 0.295398 0.299276
6.25 0.0644136 0.291995 0.299015
6.26 0.0805643 0.287681 0.298749
6.27 0.096427 0.282473 0.298478
6.28 0.111952 0.276389 0.298202
6.29 0.127092 0.269451 0.29792
6.3 0.141799 0.261684 0.297633
6.31 0.156028 0.253114 0.29734
6.32 0.169737 0.24377 0.297042
6.33 0.182882 0.233684 0.296739
6.34 0.195425 0.22289 0.29643
6.35 0.207327 0.211424 0.296116
6.36 0.218553 0.199324 0.295796
6.37 0.229069 0.18663 0.295471
6.38 0.238845 0.173383 0.295142
6.39 0.247852 0.159627 0.294808
6.4 0.256065 0.145407 0.29447
6.41 0.263459 0.130768 0.294127
6.42 0.270014 0.115759 0.293781
6.43 0.275712 0.100426 0.293432
6.44 0.280538 0.0848196 0.29308
6.45 0.284479 0.0689891 0.292725
6.46 0.287527 0.0529847 0.292368
6.47 0.289673 0.0368575 0.292008
6.48 0.290915 0.0206578 0.291647
6.49 0.291251 0.00443687 0.291284
6.5 0.290683 -0.0117547 0.29092
6.51 0.289216 -0.0278661 0.290555
6.52 0.286857 -0.0438475 0.290189
6.53 0.283617 -0.0596493 0.289822
6.54 0.279509 -0.0752227 0.289454
6.55 0.274547 -0.0905198 0.289085
6.56 0.268751 -0.105494 0.288715
6.57 0.262142 -0.1201 0.288344
6.58 0.254742 -0.134293 0.287972
6.59 0.246577 -0.14803 0.287599
6.6 0.237676 -0.161271 0.287225
6.61 0.228067 -0.173975 0.286848
6.62 0.217785 -0.186105 0.28647
6.63 0.206862 -0.197625 0.28609
6.64 0.195335 -0.208502 0.285708
6.65 0.183242 -0.218704 0.285322
6.66 0.170622 -0.228201 0.284934
6.67 0.157515 -0.236968 0.284543
6.68 0.143965 -0.244978 0.284148
6.69 0.130015 -0.25221 0.28375
6.7 0.115709 -0.258645 0.283347
6.71 0.101093 -0.264265 0.282941
6.72 0.0862132 -0.269055 0.282531
6.73 0.0711162 -0.273005 0.282116
6.74 0.0558493 -0.276104 0.281696
6.75 0.0404605 -0.278347 0.281273
6.76 0.0249974 -0.27973 0.280844
6.77 0.00950842 -0.280251 0.280412
6.78 -0.00595911 -0.279912 0.279975
6.79 -0.0213576 -0.278717 0.279534
6.8 -0.0366397 -0.276673 0.279089
6.81 -0.0517589 -0.27379 0.27864
6.82 -0.0666696 -0.27008 0.278187
6.83 -0.0813262 -0.265557 0.277731
6.84 -0.0956851 -0.260239 0.277272
6.85 -0.109703 -0.254144 0.27681
6.86 -0.123338 -0.247295 0.276346
6.87 -0.136551 -0.239715 0.275879
6.88 -0.149301 -0.231431 0.27541
6.89 -0.161552 -0.22247 0.27494
6.9 -0.173269 -0.212863 0.274468
6.91 -0.184416 -0.202642 0.273995
6.92 -0.194963 -0.191841 0.273521
6.93 -0.204879 -0.180495 0.273046
6.94 -0.214137 -0.168641 0.27257
6.95 -0.222711 -0.156317 0.272094
6.96 -0.230576 -0.143564 0.271617
6.97 -0.237713 -0.13042 0.27114
6.98 -0.244102 -0.11693 0.270663
6.99 -0.249726 -0.103134 0.270185
7 -0.254572 -0.0890773 0.269707
7.01 -0.258628 -0.0748029 0.269228
7.02 -0.261884 -0.0603555 0.268749
7.03 -0.264335 -0.0457802 0.26827
7.04 -0.265975 -0.0311217 0.267789
7.05 -0.266802 -0.0164252 0.267308
7.06 -0.26682 -0.00173557 0.266825
7.07 -0.266029 0.0129021 0.266341
7.08 -0.264436 0.027444 0.265856
7.09 -0.262049 0.0418454 0.265369
7.1 -0.258879 0.0560639 0.26488
7.11 -0.254939 0.0700561 0.264389
7.12 -0.250244 0.0837814 0.263896
7.13 -0.244811 0.0971982 0.2634
7.14 -0.23866 0.110268 0.262902
7.15 -0.231813 0.122951 0.262401
7.16 -0.224294 0.135212 0.261897
7.17 -0.216128 0.147014 0.26139
7.18 -0.207343 0.158325 0.26088
7.19 -0.197969 0.169111 0.260366
7.2 -0.188036 0.179344 0.259849
7.21 -0.177578 0.188992 0.25933
7.22 -0.166627 0.198031 0.258806
7.23 -0.15522 0.206435 0.25828
7.24 -0.143393 0.214182 0.257751
7.25 -0.131185 0.221251 0.257218
7.26 -0.118633 0.227623 0.256683
7.27 -0.105777 0.233284 0.256145
7.28 -0.0926577 0.238218 0.255604
7.29 -0.0793163 0.242415 0.255061
7.3 -0.0657939 0.245864 0.254515
7.31 -0.0521324 0.248559 0.253967
7.32 -0.0383737 0.250496 0.253418
7.33 -0.0245603 0.251671 0.252866
7.34 -0.0107337 0.252085 0.252314
7.35 0.00306344 0.251741 0.25176
7.36 0.0167903 0.250643 0.251204
7.37 0.030405 0.248797 0.250648
7.38 0.0438672 0.246214 0.250091
7.39 0.0571367 0.242904 0.249533
7.4 0.0701744 0.238881 0.248975
7.41 0.0829419 0.23416 0.248416
7.42 0.0954017 0.22876 0.247856
7.43 0.107518 0.222699 0.247296
7.44 0.119256 0.216 0.246735
7.45 0.130581 0.208686 0.246173
7.46 0.141461 0.200781 0.24561
7.47 0.151867 0.192314 0.245047
7.48 0.161768 0.183311 0.244482
7.49 0.171137 0.173803 0.243916
7.5 0.179948 0.163821 0.243349
7.51 0.188179 0.153398 0.24278
7.52 0.195806 0.142568 0.24221
7.53 0.20281 0.131364 0.241637
7.54 0.209173 0.119824 0.241063
7.55 0.214879 0.107982 0.240486
7.56 0.219914 0.0958777 0.239906
7.57 0.224266 0.0835476 0.239323
7.58 0.227927 0.0710301 0.238738
7.59 0.230887 0.0583644 0.23815
7.6 0.233142 0.0455888 0.237558
7.61 0.23469 0.0327431 0.236963
7.62 0.235529 0.0198656 0.236365
7.63 0.23566 0.00699587 0.235763
7.64 0.235086 -0.0058277 0.235158
7.65 0.233814 -0.0185665 0.23455
7.66 0.231851 -0.0311832 0.233939
7.67 0.229207 -0.0436398 0.233324
7.68 0.225892 -0.0559001 0.232706
7.69 0.221922 -0.0679282 0.232085
7.7 0.217311 -0.0796894 0.231462
7.71 0.212078 -0.0911491 0.230836
7.72 0.206241 -0.102276 0.230208
7.73 0.199821 -0.113036 0.229577
7.74 0.192841 -0.123402 0.228945
7.75 0.185326 -0.133342 0.228311
7.76 0.177301 -0.142831 0.227676
7.77 0.168792 -0.151841 0.227039
7.78 0.15983 -0.16035 0.226401
7.79 0.150442 -0.168333 0.225763
7.8 0.140661 -0.17577 0.225124
7.81 0.130517 -0.182643 0.224484
7.82 0.120044 -0.188933 0.223844
7.83 0.109275 -0.194625 0.223204
7.84 0.0982441 -0.199706 0.222563
7.85 0.0869863 -0.204164 0.221922
7.86 0.0755365 -0.207989 0.221281
7.87 0.063931 -0.211175 0.22064
7.88 0.0522049 -0.213714 0.219998
7.89 0.0403948 -0.215604 0.219355
7.9 0.0285365 -0.216842 0.218712
7.91 0.016666 -0.21743 0.218068
7.92 0.00481896 -0.217369 0.217423
7.93 -0.00696893 -0.216664 0.216777
7.94 -0.0186626 -0.215321 0.216129
7.95 -0.0302277 -0.213348 0.215479
7.96 -0.0416304 -0.210755 0.214827
7.97 -0.0528371 -0.207554 0.214174
7.98 -0.0638158 -0.203758 0.213517
7.99 -0.0745348 -0.199382 0.212858
8 -0.0849638 -0.194444 0.212196
8.01 -0.0950735 -0.188962 0.211532
8.02 -0.104835 -0.182956 0.210863
8.03 -0.114223 -0.176447 0.210192
8.04 -0.12321 -0.169459 0.209517
8.05 -0.131773 -0.162016 0.208838
8.06 -0.139889 -0.154143 0.208156
8.07 -0.147537 -0.145866 0.207471
8.08 -0.154696 -0.137214 0.206781
8.09 -0.16135 -0.128214 0.206089
8.1 -0.167481 -0.118897 0.205393
8.11 -0.173076 -0.109292 0.204695
8.12 -0.17812 -0.0994297 0.203993
8.13 -0.182604 -0.0893424 0.203289
8.14 -0.186517 -0.0790613 0.202582
8.15 -0.189853 -0.0686187 0.201873
8.16 -0.192605 -0.0580472 0.201162
8.17 -0.19477 -0.0473793 0.20045
8.18 -0.196345 -0.0366475 0.199736
8.19 -0.19733 -0.0258846 0.199021
8.2 -0.197728 -0.0151229 0.198305
8.21 -0.19754 -0.00439459 0.197589
8.22 -0.196772 0.00626837 0.196872
8.23 -0.195431 0.0168347 0.196155
8.24 -0.193526 0.0272736 0.195438
8.25 -0.191066 0.0375546 0.194721
8.26 -0.188062 0.0476483 0.194004
8.27 -0.184529 0.0575265 0.193288
8.28 -0.180482 0.0671605 0.192572
8.29 -0.175935 0.0765241 0.191857
8.3 -0.170907 0.0855913 0.191142
8.31 -0.165417 0.0943374 0.190427
8.32 -0.159485 0.102739 0.189712
8.33 -0.153131 0.110774 0.188997
8.34 -0.146379 0.118421 0.188282
8.35 -0.139252 0.12566 0.187568
8.36 -0.131774 0.132474 0.186852
8.37 -0.12397 0.138846 0.186136
8.38 -0.115865 0.14476 0.185419
8.39 -0.107488 0.150203 0.184701
8.4 -0.0988642 0.155162 0.183982
8.41 -0.0900218 0.159627 0.183262
8.42 -0.0809892 0.16359 0.18254
8.43 -0.0717945 0.167042 0.181817
8.44 -0.0624664 0.169977 0.181092
8.45 -0.0530337 0.172392 0.180365
8.46 -0.0435251 0.174284 0.179637
8.47 -0.0339693 0.175653 0.178907
8.48 -0.0243955 0.176498 0.178176
8.49 -0.0148313 0.176822 0.177443
8.5 -0.00530526 0.176628 0.176708
8.51 0.00415498 0.175923 0.175972
8.52 0.0135218 0.174713 0.175235
8.53 0.0227693 0.173006 0.174498
8.54 0.0318704 0.170811 0.173759
8.55 0.0408003 0.16814 0.17302
8.56 0.0495341 0.165006 0.17228
8.57 0.0580482 0.161421 0.171541
8.58 0.0663196 0.1574 0.170801
8.59 0.0743263 0.152961 0.170063
8.6 0.0820472 0.148119 0.169325
8.61 0.0894629 0.142892 0.168588
8.62 0.0965541 0.137301 0.167852
8.63 0.103304 0.131365 0.167118
8.64 0.109695 0.125104 0.166385
8.65 0.115713 0.11854 0.165654
8.66 0.121343 0.111696 0.164925
8.67 0.126574 0.104594 0.164198
8.68 0.131393 0.0972579 0.163472
8.69 0.135791 0.0897105 0.162749
8.7 0.13976 0.0819766 0.162028
8.71 0.143292 0.0740805 0.161308
8.72 0.146381 0.0660468 0.160591
8.73 0.149023 0.0578999 0.159875
8.74 0.151214 0.0496654 0.159162
8.75 0.152954 0.0413669 0.158449
8.76 0.154241 0.0330301 0.157738
8.77 0.155077 0.0246788 0.157029
8.78 0.155464 0.0163378 0.156321
8.79 0.155406 0.00803026 0.155613
8.8 0.154906 -0.000219464 0.154907
8.81 0.153973 -0.008389 0.154201
8.82 0.152612 -0.0164553 0.153496
8.83 0.150832 -0.0243965 0.152792
8.84 0.148642 -0.0321912 0.152088
8.85 0.146054 -0.039819 0.151385
8.86 0.14308 -0.0472593 0.150682
8.87 0.13973 -0.0544938 0.14998
8.88 0.13602 -0.0615035 0.149279
8.89 0.131964 -0.0682715 0.148578
8.9 0.127577 -0.0747809 0.147879
8.91 0.122875 -0.0810162 0.14718
8.92 0.117875 -0.0869631 0.146482
8.93 0.112594 -0.0926078 0.145786
8.94 0.107051 -0.0979379 0.145092
8.95 0.101264 -0.102942 0.1444
8.96 0.0952516 -0.107609 0.14371
8.97 0.0890338 -0.111931 0.143023
8.98 0.0826303 -0.115898 0.142338
8.99 0.0760606 -0.119505 0.141657
9 0.0693458 -0.122745 0.140979
9.01 0.0625056 -0.125612 0.140305
9.02 0.0555611 -0.128105 0.139635
9.03 0.0485323 -0.130219 0.138969
9.04 0.04144 -0.131953 0.138307
9.05 0.0343045 -0.133307 0.13765
9.06 0.0271461 -0.134282 0.136998
9.07 0.0199847 -0.134878 0.136351
9.08 0.0128401 -0.1351 0.135709
9.09 0.00573205 -0.13495 0.135072
9.1 -0.00132065 -0.134433 0.13444
9.11 -0.00829949 -0.133555 0.133813
9.12 -0.0151858 -0.132323 0.133191
9.13 -0.021962 -0.130742 0.132574
9.14 -0.028611 -0.128824 0.131963
9.15 -0.0351162 -0.126575 0.131356
9.16 -0.0414616 -0.124006 0.130754
9.17 -0.0476318 -0.121128 0.130156
9.18 -0.0536124 -0.117951 0.129564
9.19 -0.0593893 -0.114488 0.128975
9.2 -0.0649495 -0.110752 0.128391
9.21 -0.0702802 -0.106754 0.127812
9.22 -0.0753703 -0.10251 0.127236
9.23 -0.0802087 -0.0980328 0.126664
9.24 -0.0847856 -0.0933373 0.126097
9.25 -0.0890914 -0.0884379 0.125533
9.26 -0.0931185 -0.0833503 0.124973
9.27 -0.0968585 -0.0780896 0.124417
9.28 -0.100306 -0.0726719 0.123865
9.29 -0.103454 -0.0671127 0.123316
9.3 -0.106298 -0.0614284 0.122771
9.31 -0.108835 -0.0556352 0.12223
9.32 -0.11106 -0.0497492 0.121694
9.33 -0.112972 -0.0437869 0.121161
9.34 -0.114569 -0.0377641 0.120633
9.35 -0.115851 -0.0316973 0.120109
9.36 -0.116817 -0.0256026 0.11959
9.37 -0.117468 -0.0194958 0.119075
9.38 -0.117807 -0.0133926 0.118566
9.39 -0.117835 -0.00730887 0.118061
9.4 -0.117556 -0.00125928 0.117563
9.41 -0.116974 0.00474037 0.11707
9.42 -0.116093 0.0106762 0.116582
9.43 -0.114918 0.0165332 0.116102
9.44 -0.113456 0.0222978 0.115627
9.45 -0.111714 0.0279559 0.115158
9.46 -0.109697 0.0334951 0.114697
9.47 -0.107415 0.0389021 0.114242
9.48 -0.104875 0.0441649 0.113795
9.49 -0.102086 0.0492716 0.113354
9.5 -0.099057 0.0542114 0.112921
9.51 -0.0957985 0.0589728 0.112495
9.52 -0.0923203 0.0635465 0.112077
9.53 -0.0886332 0.0679219 0.111666
9.54 -0.0847476 0.072091 0.111262
9.55 -0.0806755 0.0760445 0.110866
9.56 -0.0764279 0.0797746 0.110477
9.57 -0.072017 0.0832744 0.110096
9.58 -0.0674544 0.0865371 0.109721
9.59 -0.0627532 0.0895564 0.109354
9.6 -0.0579253 0.0923271 0.108994
9.61 -0.0529837 0.0948442 0.10864
9.62 -0.047941 0.0971035 0.108293
9.63 -0.0428105 0.0991014 0.107953
9.64 -0.0376048 0.100835 0.107619
9.65 -0.0323373 0.102302 0.107291
9.66 -0.0270204 0.1035 0.106969
9.67 -0.0216684 0.104429 0.106654
9.68 -0.0162932 0.105088 0.106344
9.69 -0.0109083 0.105477 0.10604
9.7 -0.00552668 0.105597 0.105742
9.71 -0.000161194 0.105449 0.105449
9.72 0.00517573 0.105035 0.105162
9.73 0.0104711 0.104357 0.104881
9.74 0.0157128 0.103418 0.104605
9.75 0.0208883 0.102223 0.104335
9.76 0.0259861 0.100775 0.104071
9.77 0.0309938 0.0990778 0.103812
9.78 0.0359006 0.0971379 0.10356
9.79 0.0406945 0.0949611 0.103313
9.8 0.0453649 0.0925523 0.103072
9.81 0.0499012 0.0899195 0.102838
9.82 0.0542927 0.0870691 0.10261
9.83 0.05853 0.0840089 0.102388
9.84 0.0626028 0.0807467 0.102172
9.85 0.0665022 0.0772915 0.101963
9.86 0.0702193 0.0736514 0.101761
9.87 0.0737456 0.0698363 0.101565
9.88 0.0770729 0.0658553 0.101376
9.89 0.080194 0.0617187 0.101194
9.9 0.0831015 0.0574366 0.101019
9.91 0.0857888 0.0530201 0.100851
9.92 0.0882492 0.0484792 0.100688
9.93 0.0904782 0.0438259 0.100534
9.94 0.0924692 0.0390713 0.100385
9.95 0.0942185 0.0342269 0.100243
9.96 0.0957215 0.029305 0.100107
9.97 0.096975 0.0243172 0.0999774
9.98 0.0979755 0.0192761 0.0998537
9.99 0.0987209 0.014194 0.099736
10 0.0992088 0.00908307 0.0996238
10.01 0.0994386 0.00395611 0.0995173
10.02 0.0994089 -0.00117403 0.0994158
10.03 0.09912 -0.00629477 0.0993197
10.04 0.0985718 -0.0113934 0.0992281
10.05 0.0977662 -0.0164575 0.0991417
10.06 0.0967038 -0.0214736 0.0990593
10.07 0.0953878 -0.0264301 0.0989817
10.08 0.0938207 -0.0313137 0.0989084
10.09 0.0920058 -0.0361124 0.0988391
10.1 0.0899477 -0.0408135 0.0987741
10.11 0.0876507 -0.0454052 0.0987131
10.12 0.0851201 -0.0498754 0.0986559
10.13 0.0823621 -0.0542128 0.0986029
10.14 0.0793831 -0.0584052 0.0985538
10.15 0.07619 -0.0624423 0.0985087
10.16 0.0727906 -0.0663125 0.0984673
10.17 0.0691932 -0.0700061 0.0984304
10.18 0.0654065 -0.073512 0.0983972
10.19 0.0614395 -0.0768215 0.0983685
10.2 0.0573027 -0.0799245 0.0983439
10.21 0.053006 -0.0828125 0.0983237
10.22 0.0485606 -0.0854772 0.0983081
10.23 0.0439773 -0.0879104 0.0982967
10.24 0.0392682 -0.090105 0.0982899
10.25 0.0344453 -0.0920545 0.0982879
10.26 0.0295214 -0.0937521 0.0982903
10.27 0.024509 -0.0951927 0.0982972
10.28 0.0194219 -0.0963711 0.0983087
10.29 0.0142731 -0.0972832 0.0983247
10.3 0.00907716 -0.097925 0.0983448
10.31 0.00384729 -0.098294 0.0983692
10.32 -0.0014012 -0.0983877 0.0983977
10.33 -0.00665477 -0.0982046 0.0984298
10.34 -0.0118981 -0.097744 0.0984655
10.35 -0.0171169 -0.0970054 0.098504
10.36 -0.0222964 -0.0959904 0.0985458
10.37 -0.0274218 -0.0946998 0.0985901
10.38 -0.0324778 -0.0931362 0.0986365
10.39 -0.0374507 -0.0913025 0.0986849
10.4 -0.0423251 -0.0892029 0.0987348
10.41 -0.0470871 -0.0868413 0.0987857
10.42 -0.051722 -0.0842239 0.0988374
10.43 -0.0562164 -0.0813562 0.0988894
10.44 -0.0605561 -0.0782458 0.0989416
10.45 -0.0647279 -0.0748997 0.0989932
10.46 -0.0687187 -0.0713271 0.0990445
10.47 -0.072516 -0.0675364 0.0990946
10.48 -0.076108 -0.0635381 0.0991439
10.49 -0.0794825 -0.0593427 0.0991919
10.5 -0.0826288 -0.0549615 0.0992385
10.51 -0.0855364 -0.050406 0.0992837
10.52 -0.0881953 -0.0456896 0.0993275
10.53 -0.0905962 -0.0408246 0.0993696
10.54 -0.0927309 -0.0358253 0.0994106
10.55 -0.0945913 -0.0307055 0.0994502
10.56 -0.0961708 -0.0254805 0.0994891
10.57 -0.0974627 -0.020165 0.0995269
10.58 -0.0984622 -0.014775 0.0995645
10.59 -0.0991639 -0.00932603 0.0996015
10.6 -0.0995651 -0.00383463 0.0996389
10.61 -0.0996624 0.00168223 0.0996766
10.62 -0.0994541 0.0072085 0.099715
10.63 -0.0989392 0.0127267 0.0997544
10.64 -0.0981181 0.0182197 0.0997954
10.65 -0.0969911 0.0236707 0.0998378
10.66 -0.0955609 0.0290624 0.0998825
10.67 -0.0938299 0.0343775 0.0999293
10.68 -0.0918024 0.0395994 0.099979
10.69 -0.0894829 0.0447105 0.100031
10.7 -0.0868775 0.0496949 0.100086
10.71 -0.0839927 0.0545356 0.100144
10.72 -0.0808367 0.0592173 0.100206
10.73 -0.0774179 0.0637234 0.100271
10.74 -0.0737456 0.0680394 0.100338
10.75 -0.069831 0.0721502 0.100409
10.76 -0.0656848 0.0760419 0.100483
10.77 -0.0613193 0.0797006 0.10056
10.78 -0.0567478 0.0831138 0.100639
10.79 -0.0519837 0.0862688 0.10072
10.8 -0.0470418 0.0891548 0.100804
10.81 -0.0419372 0.0917603 0.100889
10.82 -0.0366854 0.0940764 0.100976
10.83 -0.0313032 0.0960936 0.101064
10.84 -0.0258072 0.0978045 0.101152
10.85 -0.0202155 0.0992014 0.10124
10.86 -0.0145452 0.100279 0.101328
10.87 -0.00881532 0.101032 0.101416
10.88 -0.003044 0.101457 0.101502
10.89 0.0027495 0.10155 0.101587
10.9 0.00854649 0.101311 0.10167
10.91 0.0143272 0.100737 0.101751
10.92 0.0200728 0.0998316 0.10183
10.93 0.0257634 0.0985943 0.101905
10.94 0.0313805 0.0970284 0.101977
10.95 0.0369043 0.0951383 0.102045
10.96 0.0423162 0.0929287 0.10211
10.97 0.0475971 0.0904061 0.10217
10.98 0.0527293 0.0875774 0.102226
10.99 0.0576941 0.0844518 0.102278
11 0.0624744 0.0810379 0.102324
11.01 0.0670533 0.077347 0.102366
11.02 0.0714143 0.0733902 0.102402
11.03 0.0755414 0.0691805 0.102433
11.04 0.0794202 0.0647311 0.102458
11.05 0.0830357 0.0600566 0.102478
11.06 0.0863753 0.0551718 0.102492
11.07 0.0894261 0.0500939 0.102501
11.08 0.0921765 0.0448387 0.102504
11.09 0.0946161 0.0394245 0.102501
11.1 0.0967351 0.0338689 0.102493
11.11 0.0985253 0.0281914 0.102479
11.12 0.0999791 0.0224107 0.10246
11.13 0.101091 0.016547 0.102436
11.14 0.101854 0.0106203 0.102407
11.15 0.102267 0.00465108 0.102373
11.16 0.102326 -0.00133995 0.102335
11.17 0.10203 -0.00733162 0.102293
11.18 0.101378 -0.0133036 0.102247
11.19 0.100373 -0.0192342 0.102199
11.2 0.0990155 -0.0251027 0.102148
11.21 0.0973107 -0.0308884 0.102095
11.22 0.0952627 -0.0365706 0.102041
11.23 0.0928785 -0.0421292 0.101987
11.24 0.0901651 -0.0475439 0.101932
11.25 0.0871316 -0.0527958 0.101879
11.26 0.0837878 -0.0578652 0.101827
11.27 0.0801449 -0.0627344 0.101778
11.28 0.076215 -0.0673849 0.101732
11.29 0.0720116 -0.0718003 0.101691
11.3 0.0675489 -0.0759643 0.101653
11.31 0.0628429 -0.0798614 0.101622
11.32 0.0579091 -0.0834768 0.101596
11.33 0.0527653 -0.086798 0.101578
11.34 0.0474294 -0.0898115 0.101566
11.35 0.0419202 -0.0925068 0.101562
11.36 0.0362575 -0.0948729 0.101565
11.37 0.0304612 -0.0969015 0.101577
11.38 0.0245525 -0.0985842 0.101596
11.39 0.0185522 -0.0999147 0.101622
11.4 0.0124823 -0.100887 0.101657
11.41 0.00636426 -0.101498 0.101698
11.42 0.000220832 -0.101745 0.101745
11.43 -0.00592558 -0.101626 0.101799
11.44 -0.0120528 -0.101141 0.101857
11.45 -0.0181383 -0.100293 0.10192
11.46 -0.0241592 -0.0990818 0.101985
11.47 -0.0300942 -0.0975134 0.102052
11.48 -0.0359202 -0.0955928 0.102119
11.49 -0.0416166 -0.0933266 0.102185
11.5 -0.0471615 -0.090723 0.102249
11.51 -0.0525346 -0.0877909 0.102309
11.52 -0.0577155 -0.0845412 0.102364
11.53 -0.0626853 -0.0809852 0.102411
11.54 -0.0674248 -0.0771365 0.102451
11.55 -0.0719165 -0.0730087 0.10248
11.56 -0.0761427 -0.0686168 0.102499
11.57 -0.0800885 -0.0639772 0.102505
11.58 -0.0837379 -0.0591071 0.102497
11.59 -0.0870777 -0.0540239 0.102475
11.6 -0.0900946 -0.0487475 0.102437
11.61 -0.0927773 -0.0432963 0.102383
11.62 -0.0951156 -0.0376915 0.102311
11.63 -0.0970999 -0.0319535 0.102222
11.64 -0.0987229 -0.0261041 0.102116
11.65 -0.0999782 -0.0201647 0.101991
11.66 -0.100861 -0.0141582 0.10185
11.67 -0.101367 -0.00810678 0.10169
11.68 -0.101494 -0.00203339 0.101515
11.69 -0.101242 0.00403961 0.101323
11.7 -0.100612 0.0100886 0.101117
11.71 -0.0999271 0.0161236 0.10122
11.72 -0.0991883 0.0221407 0.101629
11.73 -0.0983949 0.0281368 0.102339
11.74 -0.0975485 0.0341078 0.10334
11.75 -0.0966484 0.0400503 0.104618
11.76 -0.0956959 0.045961 0.106161
11.77 -0.094691 0.0518358 0.107951
11.78 -0.0936348 0.0576711 0.10997
11.79 -0.0925273 0.0634632 0.1122
11.8 -0.0913698 0.0692088 0.114622
11.81 -0.0901628 0.0749038 0.117217
11.82 -0.0889078 0.0805447 0.119967
11.83 -0.087605 0.0861279 0.122852
11.84 -0.0862561 0.0916497 0.125856
11.85 -0.0848618 0.0971063 0.128962
11.86 -0.0834237 0.102495 0.132154
11.87 -0.0819429 0.107811 0.135417
11.88 -0.0804206 0.113051 0.138737
11.89 -0.0788587 0.118212 0.142101
11.9 -0.0772584 0.123291 0.145498
11.91 -0.0756215 0.128284 0.148914
11.92 -0.0739495 0.133187 0.15234
11.93 -0.0722443 0.137999 0.155765
11.94 -0.0705078 0.142714 0.159182
11.95 -0.068742 0.147331 0.162579
11.96 -0.0669488 0.151847 0.16595
11.97 -0.0651303 0.156257 0.169287
11.98 -0.0632885 0.16056 0.172583
11.99 -0.0614263 0.164752 0.175831
12 -0.0595448 0.168832 0.179025
12.01 -0.0576476 0.172796 0.182158
12.02 -0.0557364 0.176642 0.185226
12.03 -0.0538142 0.180367 0.188224
12.04 -0.0518829 0.183969 0.191146
12.05 -0.0499459 0.187447 0.193987
12.06 -0.0480053 0.190798 0.196744
12.07 -0.0460645 0.194019 0.199413
12.08 -0.0441256 0.19711 0.201989
12.09 -0.0421921 0.200068 0.204469
12.1 -0.0402663 0.202892 0.206849
12.11 -0.0383519 0.205581 0.209127
12.12 -0.0364511 0.208132 0.2113
12.13 -0.0345676 0.210545 0.213364
12.14 -0.0327046 0.212819 0.215318
12.15 -0.0308647 0.214953 0.217158
12.16 -0.0290516 0.216946 0.218882
12.17 -0.0272681 0.218796 0.220489
12.18 -0.0255178 0.220505 0.221976
12.19 -0.0238038 0.22207 0.223343
12.2 -0.0221297 0.223492 0.224585
12.21 -0.0204984 0.224771 0.225704
12.22 -0.0189134 0.225906 0.226697
12.23 -0.0173781 0.226898 0.227562
12.24 -0.0158961 0.227746 0.2283
12.25 -0.0144699 0.228451 0.228909
12.26 -0.0131042 0.229014 0.229389
12.27 -0.0118011 0.229434 0.229738
12.28 -0.0105647 0.229714 0.229956
12.29 -0.00939791 0.229852 0.230044
12.3 -0.00830423 0.22985 0.23
12.31 -0.00728699 0.22971 0.229825
12.32 -0.00634953 0.229432 0.22952
12.33 -0.00549464 0.229017 0.229083
12.34 -0.00472594 0.228468 0.228516
12.35 -0.00404644 0.227784 0.22782
12.36 -0.00345924 0.226969 0.226996
12.37 -0.00296747 0.226023 0.226043
12.38 -0.00257414 0.224949 0.224964
12.39 -0.00228225 0.223748 0.223759
12.4 -0.00209441 0.222422 0.222432
12.41 -0.00201397 0.220973 0.220982
12.42 -0.00204279 0.219403 0.219413
12.43 -0.00218457 0.217715 0.217726
12.44 -0.00244134 0.215911 0.215924
12.45 -0.00281577 0.213992 0.214011
12.46 -0.00330998 0.211962 0.211988
12.47 -0.00392686 0.209824 0.20986
12.48 -0.00466818 0.207579 0.207631
12.49 -0.0055364 0.20523 0.205304
12.5 -0.00653307 0.20278 0.202885
12.51 -0.00766097 0.200232 0.200378
12.52 -0.00892078 0.197588 0.197789
12.53 -0.0103153 0.194852 0.195125
12.54 -0.0118452 0.192025 0.19239
12.55 -0.0135126 0.189113 0.189595
12.56 -0.0153188 0.186116 0.186746
12.57 -0.0172648 0.183039 0.183851
12.58 -0.0193516 0.179884 0.180922
12.59 -0.0215805 0.176654 0.177967
12.6 -0.0239521 0.173352 0.174999
12.61 -0.0264674 0.169983 0.172031
12.62 -0.0291266 0.166547 0.169075
12.63 -0.0319302 0.16305 0.166147
12.64 -0.0348787 0.159493 0.163262
12.65 -0.037972 0.15588 0.160439
12.66 -0.0412102 0.152215 0.157695
12.67 -0.0445928 0.1485 0.155051
12.68 -0.0481206 0.144738 0.152528
12.69 -0.051792 0.140933 0.150148
12.7 -0.055607 0.137088 0.147936
12.71 -0.0595647 0.133205 0.145916
12.72 -0.0636645 0.129288 0.144113
12.73 -0.0679049 0.12534 0.142553
12.74 -0.0722855 0.121364 0.14126
12.75 -0.076804 0.117363 0.14026
12.76 -0.0814601 0.11334 0.139577
12.77 -0.0862511 0.109297 0.139231
12.78 -0.0911765 0.105238 0.139242
12.79 -0.0962331 0.101165 0.139625
12.8 -0.10142 0.0970822 0.140396
12.81 -0.106735 0.0929899 0.141561
12.82 -0.112174 0.0888925 0.143126
12.83 -0.117737 0.0847917 0.145092
12.84 -0.12342 0.0806906 0.147457
12.85 -0.129221 0.0765912 0.150214
12.86 -0.135137 0.0724962 0.153355
12.87 -0.141164 0.0684074 0.156866
12.88 -0.1473 0.0643278 0.160733
12.89 -0.153541 0.0602586 0.164942
12.9 -0.159884 0.0562028 0.169475
12.91 -0.166326 0.0521615 0.174313
12.92 -0.172862 0.0481373 0.179439
12.93 -0.17949 0.0441316 0.184835
12.94 -0.186204 0.0401461 0.190482
12.95 -0.193001 0.0361827 0.196364
12.96 -0.199877 0.0322428 0.202461
12.97 -0.206828 0.0283281 0.208759
12.98 -0.213849 0.0244396 0.215241
12.99 -0.220936 0.0205786 0.221892
13 -0.228083 0.0167465 0.228697
13.01 -0.235287 0.0129446 0.235643
13.02 -0.242543 0.00917312 0.242716
13.03 -0.249845 0.00543392 0.249904
13.04 -0.257188 0.00172714 0.257194
13.05 -0.264569 -0.00194591 0.264576
13.06 -0.27198 -0.0055853 0.272037
13.07 -0.279416 -0.00918949 0.279567
13.08 -0.286874 -0.012759 0.287157
13.09 -0.294346 -0.0162925 0.294796
13.1 -0.301828 -0.0197902 0.302476
13.11 -0.309313 -0.0232518 0.310186
13.12 -0.316796 -0.0266773 0.317918
13.13 -0.324272 -0.0300659 0.325663
13.14 -0.331734 -0.0334184 0.333413
13.15 -0.339177 -0.0367343 0.34116
13.16 -0.346594 -0.0400141 0.348896
13.17 -0.35398 -0.0432575 0.356613
13.18 -0.361329 -0.0464652 0.364304
13.19 -0.368634 -0.0496373 0.371961
13.2 -0.37589 -0.052774 0.379576
13.21 -0.383089 -0.0558761 0.387143
13.22 -0.390228 -0.0589436 0.394654
13.23 -0.397298 -0.0619777 0.402103
13.24 -0.404294 -0.0649785 0.409483
13.25 -0.41121 -0.0679465 0.416786
13.26 -0.41804 -0.0708825 0.424007
13.27 -0.424777 -0.0737875 0.431138
13.28 -0.431415 -0.0766615 0.438174
13.29 -0.437949 -0.0795062 0.445107
13.3 -0.444371 -0.0823214 0.451932
13.31 -0.450677 -0.0851086 0.458643
13.32 -0.456859 -0.0878682 0.465232
13.33 -0.462912 -0.0906016 0.471695
13.34 -0.46883 -0.0933087 0.478026
13.35 -0.474608 -0.0959914 0.484218
13.36 -0.480238 -0.0986502 0.490266
13.37 -0.485716 -0.101286 0.496164
13.38 -0.491035 -0.103899 0.501907
13.39 -0.496191 -0.106491 0.507489
13.4 -0.501176 -0.109063 0.512906
13.41 -0.505987 -0.111615 0.518151
13.42 -0.510617 -0.114148 0.52322
13.43 -0.515061 -0.116664 0.528109
13.44 -0.519314 -0.119163 0.532811
13.45 -0.523371 -0.121646 0.537322
13.46 -0.527226 -0.124114 0.541638
13.47 -0.530875 -0.126567 0.545754
13.48 -0.534313 -0.129007 0.549666
13.49 -0.537535 -0.131434 0.55337
13.5 -0.540536 -0.133848 0.556861
13.51 -0.543312 -0.136251 0.560136
13.52 -0.545859 -0.138644 0.563191
13.53 -0.548173 -0.141025 0.566023
13.54 -0.550248 -0.143398 0.568626
13.55 -0.552082 -0.145761 0.571
13.56 -0.55367 -0.148115 0.57314
13.57 -0.555009 -0.150461 0.575043
13.58 -0.556096 -0.152799 0.576706
13.59 -0.556926 -0.155129 0.578127
13.6 -0.557497 -0.157452 0.579305
13.61 -0.557805 -0.159767 0.580234
13.62 -0.557848 -0.162075 0.580915
13.63 -0.557623 -0.164376 0.581346
13.64 -0.557127 -0.16667 0.581523
13.65 -0.556358 -0.168956 0.581447
13.66 -0.555313 -0.171236 0.581115
13.67 -0.55399 -0.173507 0.580526
13.68 -0.552389 -0.175771 0.57968
13.69 -0.550506 -0.178026 0.578576
13.7 -0.54834 -0.180272 0.577213
13.71 -0.54589 -0.182509 0.575592
13.72 -0.543155 -0.184735 0.573711
13.73 -0.540134 -0.186952 0.571573
13.74 -0.536825 -0.189156 0.569176
13.75 -0.533229 -0.191348 0.566522
13.76 -0.529344 -0.193526 0.563611
13.77 -0.525171 -0.19569 0.560446
13.78 -0.52071 -0.197839 0.557027
13.79 -0.51596 -0.199971 0.553356
13.8 -0.510923 -0.202084 0.549436
13.81 -0.505598 -0.204178 0.545269
13.82 -0.499987 -0.206251 0.540857
13.83 -0.49409 -0.208301 0.536204
13.84 -0.487908 -0.210328 0.531312
13.85 -0.481444 -0.212328 0.526186
13.86 -0.474698 -0.214301 0.520829
13.87 -0.467672 -0.216244 0.515246
13.88 -0.460368 -0.218156 0.509442
13.89 -0.452789 -0.220033 0.503421
13.9 -0.444937 -0.221876 0.49719
13.91 -0.436814 -0.22368 0.490754
13.92 -0.428424 -0.225444 0.48412
13.93 -0.419769 -0.227166 0.477295
13.94 -0.410852 -0.228843 0.470285
13.95 -0.401677 -0.230472 0.463101
13.96 -0.392248 -0.232052 0.455749
13.97 -0.382568 -0.233579 0.448239
13.98 -0.372642 -0.235052 0.440581
13.99 -0.362474 -0.236467 0.432786
14 -0.352068 -0.237821 0.424866
14.01 -0.341428 -0.239113 0.416831
14.02 -0.330561 -0.240338 0.408696
14.03 -0.319469 -0.241495 0.400476
14.04 -0.30816 -0.242581 0.392184
14.05 -0.296638 -0.243592 0.383837
14.06 -0.284909 -0.244526 0.375455
14.07 -0.272978 -0.24538 0.367054
14.08 -0.260852 -0.246151 0.358656
14.09 -0.248537 -0.246836 0.350283
14.1 -0.236038 -0.247431 0.34196
14.11 -0.223363 -0.247936 0.333712
14.12 -0.210518 -0.248346 0.325566
14.13 -0.197509 -0.248658 0.317555
14.14 -0.184345 -0.24887 0.309708
14.15 -0.171031 -0.248979 0.302063
14.16 -0.157575 -0.248981 0.294655
14.17 -0.143984 -0.248875 0.287524
14.18 -0.130266 -0.248657 0.280713
14.19 -0.116429 -0.248325 0.274264
14.2 -0.10248 -0.247875 0.268224
14.21 -0.0884266 -0.247307 0.26264
14.22 -0.0742775 -0.246616 0.257558
14.23 -0.0600411 -0.2458 0.253027
14.24 -0.0457246 -0.244857 0.24909
14.25 -0.0313372 -0.243785 0.245791
14.26 -0.0168866 -0.242581 0.243168
14.27 -0.00238193 -0.241243 0.241255
14.28 0.0121687 -0.239769 0.240078
14.29 0.0267563 -0.238157 0.239655
14.3 0.0413726 -0.236404 0.239997
14.31 0.0558759 -0.233753 0.240338
14.32 0.0702111 -0.23021 0.240679
14.33 0.084323 -0.225786 0.241018
14.34 0.0981582 -0.220496 0.241358
14.35 0.111662 -0.214356 0.241696
14.36 0.124784 -0.207387 0.242033
14.37 0.137471 -0.199612 0.24237
14.38 0.149675 -0.19106 0.242706
14.39 0.161347 -0.181759 0.243041
14.4 0.172442 -0.171743 0.243376
14.41 0.182916 -0.161047 0.24371
14.42 0.192727 -0.14971 0.244043
14.43 0.201835 -0.137774 0.244375
14.44 0.210204 -0.125281 0.244706
14.45 0.217799 -0.112277 0.245036
14.46 0.22459 -0.0988113 0.245366
14.47 0.230548 -0.084932 0.245695
14.48 0.235648 -0.0706919 0.246023
14.49 0.239868 -0.0561432 0.24635
14.5 0.243188 -0.0413408 0.246677
14.51 0.245594 -0.0263401 0.247003
14.52 0.247073 -0.0111978 0.247327
14.53 0.247618 0.00402889 0.247651
14.54 0.247223 0.0192822 0.247974
14.55 0.245887 0.0345038 0.248296
14.56 0.243612 0.0496362 0.248617
14.57 0.240404 0.0646207 0.248938
14.58 0.236272 0.0793999 0.249257
14.59 0.231231 0.0939166 0.249576
14.6 0.225295 0.108115 0.249893
14.61 0.218485 0.12194 0.25021
14.62 0.210824 0.135337 0.250525
14.63 0.20234 0.148254 0.25084
14.64 0.193062 0.16064 0.251154
14.65 0.183024 0.172446 0.251466
14.66 0.172261 0.183625 0.251778
14.67 0.160812 0.194134 0.252088
14.68 0.148721 0.203929 0.252398
14.69 0.13603 0.21297 0.252706
14.7 0.122787 0.221222 0.253014
14.71 0.109041 0.22865 0.25332
14.72 0.0948437 0.235224 0.253625
14.73 0.0802472 0.240916 0.253929
14.74 0.0653074 0.245701 0.254232
14.75 0.0500795 0.249559 0.254534
14.76 0.0346224 0.252472 0.254835
14.77 0.0189939 0.254426 0.255134
14.78 0.00325387 0.255412 0.255432
14.79 -0.0125376 0.255422 0.255729
14.8 -0.0283199 0.254454 0.256025
14.81 -0.0440325 0.252509 0.256319
14.82 -0.0596146 0.249592 0.256612
14.83 -0.0750061 0.245711 0.256904
14.84 -0.0901469 0.240879 0.257195
14.85 -0.104979 0.235112 0.257484
14.86 -0.119443 0.228429 0.257772
14.87 -0.133483 0.220854 0.258058
14.88 -0.147044 0.212413 0.258343
14.89 -0.160072 0.203137 0.258627
14.9 -0.172517 0.19306 0.258909
14.91 -0.184327 0.182217 0.25919
14.92 -0.195456 0.17065 0.25947
14.93 -0.20586 0.1584 0.259748
14.94 -0.215496 0.145514 0.260025
14.95 -0.224325 0.132038 0.2603
14.96 -0.232312 0.118025 0.260574
14.97 -0.239422 0.103526 0.260846
14.98 -0.245627 0.0885971 0.261117
14.99 -0.2509 0.0732938 0.261386
15 -0.255219 0.0576747 0.261654
15.01 -0.258563 0.0417992 0.26192
15.02 -0.26092 0.0257289 0.262185
15.03 -0.262276 0.00952431 0.262449
15.04 -0.262624 -0.00675125 0.262711
15.05 -0.26196 -0.0230357 0.262971
15.06 -0.260285 -0.0392656 0.26323
15.07 -0.257602 -0.0553781 0.263487
15.08 -0.25392 -0.0713101 0.263743
15.09 -0.24925 -0.0870005 0.263997
15.1 -0.243608 -0.102387 0.26425
15.11 -0.237014 -0.11741 0.264501
15.12 -0.229492 -0.132009 0.26475
15.13 -0.221067 -0.146129 0.264999
15.14 -0.211772 -0.159711 0.265245
15.15 -0.20164 -0.172704 0.26549
15.16 -0.190708 -0.185054 0.265734
15.17 -0.179017 -0.196713 0.265976
15.18 -0.166611 -0.207634 0.266216
15.19 -0.153536 -0.217773 0.266455
15.2 -0.139842 -0.227088 0.266692
15.21 -0.125581 -0.235542 0.266928
15.22 -0.110806 -0.2431 0.267162
15.23 -0.0955738 -0.249731 0.267395
15.24 -0.0799429 -0.255407 0.267626
15.25 -0.0639735 -0.260103 0.267855
15.26 -0.0477265 -0.263801 0.268083
15.27 -0.0312648 -0.266482 0.268309
15.28 -0.0146518 -0.268134 0.268535
15.29 0.00204822 -0.26875 0.268757
15.3 0.0187699 -0.268323 0.268979
15.31 0.0354489 -0.266855 0.269199
15.32 0.0520197 -0.264347 0.269417
15.33 0.0684175 -0.260809 0.269634
15.34 0.084578 -0.256252 0.269849
15.35 0.100438 -0.250691 0.270062
15.36 0.115935 -0.244146 0.270274
15.37 0.131008 -0.236641 0.270484
15.38 0.145596 -0.228202 0.270693
15.39 0.159643 -0.218862 0.2709
15.4 0.173091 -0.208656 0.271105
15.41 0.185889 -0.19762 0.271308
15.42 0.197984 -0.185796 0.27151
15.43 0.209327 -0.17323 0.27171
15.44 0.219874 -0.159968 0.271908
15.45 0.22958 -0.146062 0.272105
15.46 0.238407 -0.131565 0.2723
15.47 0.246319 -0.116532 0.272493
15.48 0.253282 -0.101021 0.272684
15.49 0.259268 -0.0850916 0.272874
15.5 0.264251 -0.0688057 0.273062
15.51 0.26821 -0.0522271 0.273248
15.52 0.271128 -0.0354191 0.273432
15.53 0.272991 -0.0184482 0.273614
15.54 0.273791 -0.0013794 0.273794
15.55 0.273521 0.0157192 0.273972
15.56 0.272182 0.0327812 0.274149
15.57 0.269776 0.0497393 0.274323
15.58 0.266312 0.066527 0.274496
15.59 0.261801 0.0830779 0.274667
15.6 0.256259 0.0993266 0.274835
15.61 0.249706 0.115208 0.275002
15.62 0.242166 0.130661 0.275167
15.63 0.233667 0.145622 0.275329
15.64 0.224241 0.160032 0.27549
15.65 0.213924 0.173834 0.275648
15.66 0.202755 0.186972 0.275805
15.67 0.190776 0.199394 0.275959
15.68 0.178033 0.211049 0.276111
15.69 0.164576 0.22189 0.276261
15.7 0.150456 0.231873 0.276409
15.71 0.135728 0.240958 0.276555
15.72 0.120449 0.249107 0.276699
15.73 0.104679 0.256287 0.27684
15.74 0.0884791 0.262467 0.276979
15.75 0.0719128 0.267623 0.277117
15.76 0.0550445 0.271732 0.277251
15.77 0.0379413 0.274777 0.277384
15.78 0.0206694 0.276743 0.277514
15.79 0.00329817 0.277623 0.277642
15.8 -0.0141051 0.27741 0.277768
15.81 -0.0314704 0.276104 0.277892
15.82 -0.0487302 0.273709 0.278013
15.83 -0.065815 0.270233 0.278132
15.84 -0.0826574 0.265688 0.278249
15.85 -0.0991905 0.260091 0.278363
15.86 -0.115348 0.253462 0.278475
15.87 -0.131066 0.245827 0.278585
15.88 -0.146281 0.237216 0.278692
15.89 -0.160932 0.227659 0.278797
15.9 -0.174961 0.217195 0.2789
15.91 -0.188312 0.205864 0.279
15.92 -0.200929 0.19371 0.279098
15.93 -0.212763 0.18078 0.279194
15.94 -0.223765 0.167124 0.279287
15.95 -0.233892 0.152797 0.279378
15.96 -0.2431 0.137854 0.279466
15.97 -0.251355 0.122353 0.279552
15.98 -0.25862 0.106357 0.279636
15.99 -0.264867 0.0899282 0.279717
16 -0.27007 0.0731316 0.279796
16.01 -0.274206 0.056033 0.279873
16.02 -0.277258 0.0387011 0.279946
16.03 -0.279214 0.0212042 0.280018
16.04 -0.280064 0.00361166 0.280087
16.05 -0.279804 -0.0140059 0.280154
16.06 -0.278433 -0.0315788 0.280218
16.07 -0.275957 -0.0490367 0.28028
16.08 -0.272384 -0.0663106 0.28034
16.09 -0.267728 -0.0833304 0.280397
16.1 -0.262006 -0.100029 0.280451
16.11 -0.25524 -0.116338 0.280503
16.12 -0.247457 -0.132194 0.280553
16.13 -0.238686 -0.147532 0.280601
16.14 -0.228962 -0.162291 0.280645
16.15 -0.218322 -0.176411 0.280688
16.16 -0.20681 -0.189836 0.280728
16.17 -0.19447 -0.202511 0.280765
16.18 -0.181351 -0.214385 0.280801
16.19 -0.167504 -0.22541 0.280833
16.2 -0.152986 -0.235541 0.280864
16.21 -0.137852 -0.244738 0.280891
16.22 -0.122165 -0.252962 0.280917
16.23 -0.105985 -0.260181 0.280939
16.24 -0.0893774 -0.266365 0.28096
16.25 -0.0724087 -0.271487 0.280978
16.26 -0.0551469 -0.275529 0.280993
16.27 -0.03766 -0.278471 0.281006
16.28 -0.0200195 -0.280302 0.281016
16.29 -0.00229478 -0.281015 0.281024
16.3 0.0154425 -0.280605 0.281029
16.31 0.0331215 -0.279074 0.281033
16.32 0.050671 -0.276427 0.281033
16.33 0.0680204 -0.272674 0.28103
16.34 0.0851001 -0.267831 0.281026
16.35 0.101841 -0.261916 0.281018
16.36 0.118176 -0.254951 0.281008
16.37 0.134039 -0.246966 0.280996
16.38 0.149367 -0.237991 0.280981
16.39 0.164097 -0.228063 0.280963
16.4 0.178169 -0.21722 0.280943
16.41 0.191528 -0.205507 0.28092
16.42 0.204118 -0.19297 0.280895
16.43 0.215889 -0.179659 0.280866
16.44 0.226794 -0.165629 0.280836
16.45 0.236788 -0.150934 0.280802
16.46 0.24583 -0.135635 0.280765
16.47 0.253883 -0.119793 0.280726
16.48 0.260916 -0.103472 0.280685
16.49 0.2669 -0.0867377 0.28064
16.5 0.271809 -0.0696574 0.280593
16.51 0.275624 -0.0523002 0.280543
16.52 0.278331 -0.0347364 0.28049
16.53 0.279916 -0.0170366 0.280434
16.54 0.280375 0.000726959 0.280376
16.55 0.279705 0.0184835 0.280315
16.56 0.277908 0.0361597 0.28025
16.57 0.274993 0.0536854 0.280184
16.58 0.27097 0.0709886 0.280114
16.59 0.265856 0.0879997 0.280042
16.6 0.259672 0.104649 0.279966
16.61 0.252443 0.120871 0.279888
16.62 0.244199 0.136598 0.279807
16.63 0.234972 0.151766 0.279723
16.64 0.224801 0.166315 0.279636
16.65 0.213727 0.180186 0.279546
16.66 0.201795 0.193321 0.279454
16.67 0.189054 0.205669 0.279358
16.68 0.175555 0.217179 0.27926
16.69 0.161354 0.227803 0.279158
16.7 0.146508 0.237501 0.279054
16.71 0.131079 0.246231 0.278947
16.72 0.115129 0.253959 0.278837
16.73 0.0987228 0.260654 0.278723
16.74 0.0819281 0.266289 0.278607
16.75 0.064813 0.270841 0.278488
16.76 0.0474477 0.274293 0.278367
16.77 0.0299025 0.27663 0.278242
16.78 0.0122495 0.277844 0.278114
16.79 -0.0054396 0.27793 0.277983
16.8 -0.0230923 0.276889 0.27785
16.81 -0.0406373 0.274724 0.277713
16.82 -0.0580017 0.271446 0.277574
16.83 -0.0751163 0.267069 0.277431
16.84 -0.09191 0.26161 0.277286
16.85 -0.108316 0.255094 0.277138
16.86 -0.124266 0.247547 0.276987
16.87 -0.139695 0.239001 0.276833
16.88 -0.154541 0.229491 0.276675
16.89 -0.168744 0.219058 0.276516
16.9 -0.182246 0.207743 0.276353
16.91 -0.194993 0.195595 0.276187
16.92 -0.206931 0.182662 0.276018
16.93 -0.218014 0.169001 0.275847
16.94 -0.228197 0.154666 0.275672
16.95 -0.237438 0.139717 0.275495
16.96 -0.245701 0.124215 0.275315
16.97 -0.252952 0.108226 0.275132
16.98 -0.259163 0.0918134 0.274946
16.99 -0.26431 0.0750466 0.274757
17 -0.268371 0.0579942 0.274566
17.01 -0.271332 0.0407265 0.274372
17.02 -0.273182 0.0233145 0.274175
17.03 -0.273913 0.00582979 0.273975
17.04 -0.273524 -0.0116557 0.273772
17.05 -0.272017 -0.0290701 0.273566
17.06 -0.269402 -0.046342 0.273358
17.07 -0.265687 -0.0634006 0.273147
17.08 -0.260892 -0.0801757 0.272933
17.09 -0.255035 -0.0965997 0.272717
17.1 -0.248143 -0.112604 0.272497
17.11 -0.240246 -0.128124 0.272275
17.12 -0.231376 -0.143096 0.27205
17.13 -0.221572 -0.157459 0.271822
17.14 -0.210874 -0.171155 0.271592
17.15 -0.199329 -0.184129 0.271358
17.16 -0.186984 -0.196326 0.271122
17.17 -0.173893 -0.207699 0.270883
17.18 -0.160109 -0.218202 0.270641
17.19 -0.14569 -0.227792 0.270397
17.2 -0.130697 -0.23643 0.27015
17.21 -0.115193 -0.244083 0.2699
17.22 -0.0992406 -0.25072 0.269647
17.23 -0.0829091 -0.256315 0.269391
17.24 -0.0662648 -0.260847 0.269133
17.25 -0.0493777 -0.264298 0.268871
17.26 -0.0323176 -0.266656 0.268607
17.27 -0.0151556 -0.267912 0.26834
17.28 0.00203761 -0.268063 0.268071
17.29 0.01919 -0.267109 0.267798
17.3 0.0362312 -0.265058 0.267523
17.31 0.0530907 -0.261918 0.267244
17.32 0.0696991 -0.257705 0.266964
17.33 0.0859876 -0.252436 0.266679
17.34 0.101889 -0.246138 0.266393
17.35 0.117338 -0.238836 0.266103
17.36 0.132272 -0.230563 0.265811
17.37 0.146629 -0.221355 0.265515
17.38 0.160351 -0.211253 0.265217
17.39 0.173381 -0.200298 0.264916
17.4 0.185667 -0.188539 0.264612
17.41 0.19716 -0.176026 0.264305
17.42 0.207812 -0.162812 0.263995
17.43 0.217581 -0.148954 0.263683
17.44 0.226428 -0.134509 0.263367
17.45 0.234318 -0.119541 0.263049
17.46 0.241219 -0.104111 0.262728
17.47 0.247106 -0.0882863 0.262404
17.48 0.251955 -0.0721316 0.262077
17.49 0.255748 -0.0557167 0.261747
17.5 0.258473 -0.0391088 0.261415
17.51 0.260118 -0.0223788 0.261079
17.52 0.260681 -0.00559657 0.260741
17.53 0.26016 0.0111677 0.2604
17.54 0.258561 0.0278446 0.260056
17.55 0.255892 0.0443639 0.25971
17.56 0.252167 0.0606577 0.25936
17.57 0.247404 0.0766576 0.259008
17.58 0.241625 0.0922977 0.258653
17.59 0.234856 0.107513 0.258295
17.6 0.227128 0.122242 0.257935
17.61 0.218475 0.136424 0.257571
17.62 0.208937 0.149999 0.257205
17.63 0.198555 0.162913 0.256836
17.64 0.187374 0.175114 0.256465
17.65 0.175444 0.186552 0.256091
17.66 0.162816 0.197181 0.255714
17.67 0.149545 0.206959 0.255334
17.68 0.135688 0.215846 0.254952
17.69 0.121305 0.223808 0.254568
17.7 0.106457 0.230812 0.25418
17.71 0.0912081 0.236835 0.25379
17.72 0.0756231 0.24185 0.253398
17.73 0.0597686 0.245842 0.253003
17.74 0.0437111 0.248795 0.252605
17.75 0.02752 0.250699 0.252205
17.76 0.0112622 0.251551 0.251803
17.77 -0.00499257 0.251348 0.251398
17.78 -0.0211769 0.250096 0.250991
17.79 -0.0372225 0.2478 0.250581
17.8 -0.0530623 0.244476 0.250168
17.81 -0.0686295 0.240139 0.249753
17.82 -0.0838607 0.23481 0.249336
17.83 -0.0986917 0.228515 0.248916
17.84 -0.113062 0.221284 0.248494
17.85 -0.126911 0.213148 0.24807
17.86 -0.140184 0.204146 0.247643
17.87 -0.152825 0.194317 0.247214
17.88 -0.164783 0.183707 0.246783
17.89 -0.17601 0.172361 0.246349
17.9 -0.18646 0.16033 0.245913
17.91 -0.196092 0.147667 0.245474
17.92 -0.204868 0.134426 0.245034
17.93 -0.212753 0.120667 0.244591
17.94 -0.219717 0.106449 0.244145
17.95 -0.225733 0.0918323 0.243698
17.96 -0.230779 0.0768813 0.243248
17.97 -0.234837 0.0616597 0.242797
17.98 -0.237891 0.0462327 0.242342
17.99 -0.239934 0.0306669 0.241886
18 -0.240959 0.0150278 0.241427
18.01 -0.240965 -0.000617142 0.240966
18.02 -0.239956 -0.016203 0.240503
18.03 -0.23794 -0.0316623 0.240037
18.04 -0.234928 -0.0469308 0.23957
18.05 -0.230936 -0.0619442 0.2391
18.06 -0.225986 -0.07664 0.238628
18.07 -0.2201 -0.0909563 0.238154
18.08 -0.213308 -0.104834 0.237677
18.09 -0.205641 -0.118216 0.237198
18.1 -0.197135 -0.131046 0.236718
18.11 -0.187829 -0.143273 0.236235
18.12 -0.177766 -0.154846 0.23575
18.13 -0.16699 -0.165719 0.235263
18.14 -0.155552 -0.175847 0.234773
18.15 -0.1435 -0.185191 0.234282
18.16 -0.13089 -0.193713 0.233788
18.17 -0.117777 -0.20138 0.233293
18.18 -0.104219 -0.208163 0.232795
18.19 -0.0902742 -0.214036 0.232295
18.2 -0.0760051 -0.218977 0.231793
18.21 -0.0614727 -0.22297 0.231289
18.22 -0.0467409 -0.225999 0.230782
18.23 -0.0318729 -0.228058 0.230274
18.24 -0.0169327 -0.229138 0.229763
18.25 -0.00198472 -0.229242 0.229251
18.26 0.0129076 -0.228372 0.228736
18.27 0.02768 -0.226535 0.22822
18.28 0.0422707 -0.223743 0.227701
18.29 0.0566171 -0.220012 0.22718
18.3 0.0706599 -0.215362 0.226658
18.31 0.0843393 -0.209816 0.226133
18.32 0.0975985 -0.203403 0.225606
18.33 0.110382 -0.196152 0.225077
18.34 0.122638 -0.188099 0.224547
18.35 0.134315 -0.179281 0.224014
18.36 0.145367 -0.16974 0.22348
18.37 0.155748 -0.159519 0.222943
18.38 0.165416 -0.148666 0.222405
18.39 0.174334 -0.13723 0.221865
18.4 0.182465 -0.125262 0.221324
18.41 0.18978 -0.112815 0.22078
18.42 0.196249 -0.0999468 0.220234
18.43 0.20185 -0.0867129 0.219687
18.44 0.20656 -0.0731727 0.219138
18.45 0.210366 -0.0593853 0.218587
18.46 0.213253 -0.0454115 0.218035
18.47 0.215215 -0.0313116 0.21748
18.48 0.216245 -0.0171481 0.216924
18.49 0.216347 -0.00298104 0.216367
18.5 0.21552 0.011128 0.215807
18.51 0.213776 0.0251182 0.215247
18.52 0.211125 0.0389306 0.214684
18.53 0.207583 0.0525058 0.214121
18.54 0.203169 0.065787 0.213555
18.55 0.197908 0.0787175 0.212988
18.56 0.191824 0.0912441 0.212419
18.57 0.18495 0.103314 0.211849
18.58 0.177318 0.114878 0.211278
18.59 0.168964 0.125888 0.210705
18.6 0.159929 0.1363 0.210131
18.61 0.150256 0.14607 0.209555
18.62 0.139989 0.155162 0.208979
18.63 0.129174 0.163538 0.2084
18.64 0.117863 0.171166 0.207821
18.65 0.106105 0.178016 0.207239
18.66 0.0939561 0.184064 0.206657
18.67 0.0814684 0.189286 0.206074
18.68 0.0686991 0.193665 0.205489
18.69 0.0557038 0.197186 0.204903
18.7 0.0425409 0.199837 0.204315
18.71 0.0292681 0.201613 0.203726
18.72 0.0159438 0.20251 0.203137
18.73 0.00262532 0.202529 0.202546
18.74 -0.0106287 0.201673 0.201953
18.75 -0.0237619 0.199953 0.20136
18.76 -0.0367172 0.197379 0.200765
18.77 -0.0494392 0.193968 0.200169
18.78 -0.0618746 0.189738 0.199572
18.79 -0.0739702 0.184714 0.198974
18.8 -0.0856757 0.178919 0.198375
18.81 -0.0969418 0.172386 0.197774
18.82 -0.107723 0.165145 0.197173
18.83 -0.117973 0.157233 0.19657
18.84 -0.127652 0.148687 0.195966
18.85 -0.136721 0.139548 0.195362
18.86 -0.145142 0.129859 0.194756
18.87 -0.152884 0.119667 0.194149
18.88 -0.159916 0.109017 0.193541
18.89 -0.166212 0.0979597 0.192931
18.9 -0.171748 0.0865457 0.192321
18.91 -0.176504 0.0748257 0.19171
18.92 -0.180465 0.062854 0.191098
18.93 -0.183618 0.0506833 0.190484
18.94 -0.185952 0.0383691 0.18987
18.95 -0.187465 0.0259652 0.189254
18.96 -0.188152 0.0135273 0.188638
18.97 -0.188017 0.001109 0.188021
18.98 -0.187065 -0.0112346 0.187402
18.99 -0.185305 -0.0234504 0.186783
19 -0.182749 -0.0354845 0.186162
19.01 -0.179415 -0.0472867 0.185542
19.02 -0.175319 -0.0588059 0.184919
19.03 -0.170488 -0.0699935 0.184296
19.04 -0.164944 -0.0808024 0.183672
19.05 -0.158718 -0.091187 0.183047
19.06 -0.15184 -0.101105 0.182422
19.07 -0.144346 -0.110516 0.181795
19.08 -0.136272 -0.119381 0.181168
19.09 -0.127657 -0.127664 0.18054
19.1 -0.118543 -0.135334 0.17991
19.11 -0.108973 -0.14236 0.17928
19.12 -0.0989917 -0.148716 0.17865
19.13 -0.0886464 -0.154377 0.178018
19.14 -0.0779848 -0.159324 0.177386
19.15 -0.0670558 -0.163539 0.176753
19.16 -0.0559104 -0.167009 0.176119
19.17 -0.0445974 -0.169723 0.175485
19.18 -0.0331695 -0.171675 0.17485
19.19 -0.0216767 -0.17286 0.174214
19.2 -0.0101712 -0.17328 0.173578
19.21 0.0012969 -0.172936 0.172941
19.22 0.0126765 -0.171836 0.172303
19.23 0.0239186 -0.169991 0.171665
19.24 0.0349739 -0.167412 0.171026
19.25 0.0457952 -0.164118 0.170388
19.26 0.0563359 -0.160127 0.169748
19.27 0.066552 -0.155462 0.169108
19.28 0.0763998 -0.150148 0.168467
19.29 0.0858386 -0.144214 0.167827
19.3 0.0948299 -0.137689 0.167185
19.31 0.103336 -0.130608 0.166544
19.32 0.111324 -0.123005 0.165902
19.33 0.118762 -0.114919 0.16526
19.34 0.12562 -0.106388 0.164617
19.35 0.131872 -0.0974535 0.163974
19.36 0.137497 -0.088158 0.163331
19.37 0.142471 -0.0785453 0.162688
19.38 0.146779 -0.0686606 0.162044
19.39 0.150406 -0.05855 0.1614
19.4 0.153342 -0.04826 0.160757
19.41 0.155578 -0.037837 0.160113
19.42 0.157109 -0.0273294 0.159469
19.43 0.157935 -0.0167832 0.158824
19.44 0.158056 -0.0062475 0.158179
19.45 0.157478 0.00423248 0.157535
19.46 0.156209 0.0146099 0.156891
19.47 0.154259 0.0248399 0.156246
19.48 0.151642 0.0348772 0.155601
19.49 0.148376 0.0446791 0.154957
19.5 0.144479 0.0542033 0.154312
19.51 0.139974 0.0634104 0.153667
19.52 0.134886 0.0722609 0.153023
19.53 0.129242 0.0807186 0.152378
19.54 0.123071 0.0887482 0.151733
19.55 0.116407 0.0963174 0.151088
19.56 0.109281 0.103397 0.150444
19.57 0.10173 0.109958 0.149799
19.58 0.0937903 0.115976 0.149154
19.59 0.0855011 0.121428 0.14851
19.6 0.0769025 0.126294 0.147865
19.61 0.0680353 0.130557 0.147221
19.62 0.058941 0.134204 0.146577
19.63 0.0496625 0.137221 0.145932
19.64 0.0402433 0.139603 0.145288
19.65 0.0307266 0.141342 0.144643
19.66 0.021156 0.142437 0.143999
19.67 0.0115743 0.142887 0.143355
19.68 0.00202563 0.142697 0.142711
19.69 -0.00744866 0.141872 0.142067
19.7 -0.0168047 0.140422 0.141424
19.71 -0.0260033 0.138358 0.14078
19.72 -0.0350036 0.135695 0.140137
19.73 -0.0437671 0.13245 0.139494
19.74 -0.0522558 0.128643 0.138851
19.75 -0.0604342 0.124295 0.138208
19.76 -0.0682678 0.119431 0.137565
19.77 -0.075725 0.114078 0.136923
19.78 -0.0827749 0.108263 0.136281
19.79 -0.0893893 0.102017 0.135639
19.8 -0.0955422 0.0953723 0.134997
19.81 -0.10121 0.0883629 0.134356
19.82 -0.106372 0.0810225 0.133715
19.83 -0.111008 0.0733883 0.133074
19.84 -0.115103 0.0654968 0.132433
19.85 -0.118643 0.0573862 0.131792
19.86 -0.121617 0.0490957 0.131153
19.87 -0.124017 0.0406641 0.130513
19.88 -0.125837 0.0321306 0.129874
19.89 -0.127074 0.023535 0.129235
19.9 -0.127729 0.0149173 0.128597
19.91 -0.127803 0.00631602 0.127959
19.92 -0.127303 -0.00222928 0.127322
19.93 -0.126234 -0.0106813 0.126685
19.94 -0.124609 -0.0190016 0.126049
19.95 -0.122438 -0.0271547 0.125413
19.96 -0.119738 -0.0351038 0.124778
19.97 -0.116527 -0.0428161 0.124144
19.98 -0.112822 -0.0502582 0.12351
19.99 -0.108646 -0.057399 0.122877
20 -0.104023 -0.0642088 0.122244
20.01 -0.0989775 -0.0706604 0.121612
20.02 -0.093537 -0.0767271 0.12098
20.03 -0.0877308 -0.0823861 0.12035
20.04 -0.0815873 -0.0876151 0.11972
20.05 -0.0751396 -0.0923945 0.119091
20.06 -0.0684187 -0.0967074 0.118463
20.07 -0.0614592 -0.100538 0.117835
20.08 -0.054294 -0.103875 0.117209
20.09 -0.0469588 -0.106707 0.116583
20.1 -0.0394883 -0.109028 0.115958
20.11 -0.0319178 -0.11083 0.115334
20.12 -0.0242834 -0.112111 0.114711
20.13 -0.0166201 -0.112872 0.114089
20.14 -0.00896332 -0.113113 0.113468
20.15 -0.00134799 -0.112839 0.112847
20.16 0.00619129 -0.112057 0.112228
20.17 0.0136215 -0.110775 0.11161
20.18 0.0209088 -0.109005 0.110992
20.19 0.0280225 -0.106759 0.110376
20.2 0.0349305 -0.104054 0.10976
20.21 0.0416049 -0.100905 0.109146
20.22 0.048016 -0.0973327 0.108532
20.23 0.0541385 -0.093358 0.10792
20.24 0.0599467 -0.0890023 0.107308
20.25 0.0654175 -0.084291 0.106698
20.26 0.0705294 -0.0792484 0.106088
20.27 0.0752629 -0.073902 0.10548
20.28 0.0796 -0.0682791 0.104872
20.29 0.0835255 -0.0624093 0.104266
20.3 0.0870257 -0.0563212 0.103661
20.31 0.0900888 -0.0500465 0.103056
20.32 0.0927063 -0.043615 0.102453
20.33 0.09487 -0.0370588 0.101851
20.34 0.0965762 -0.030409 0.101251
20.35 0.0978208 -0.0236976 0.10065
20.36 0.0986045 -0.0169562 0.100052
20.37 0.0989278 -0.0102158 0.0994538
20.38 0.098795 -0.00350849 0.0988573
20.39 0.0982116 0.00313618 0.0982617
20.4 0.0971857 0.00968749 0.0976673
20.41 0.0957265 0.0161165 0.0970737
20.42 0.0938466 0.0223946 0.0964816
20.43 0.0915588 0.0284951 0.0958905
20.44 0.0888787 0.0343906 0.0953003
20.45 0.0858235 0.0400577 0.0947117
20.46 0.0824112 0.0454714 0.0941236
20.47 0.0786626 0.0506106 0.0935373
20.48 0.074598 0.0554536 0.0929514
20.49 0.0702413 0.0599825 0.0923674
20.5 0.0656149 0.0641793 0.091784
20.51 0.0607448 0.0680285 0.091202
20.52 0.0556556 0.0715167 0.0906211
20.53 0.0503744 0.0746318 0.0900416
20.54 0.0449274 0.0773638 0.089463
20.55 0.0393429 0.0797049 0.0888861
20.56 0.0336474 0.081649 0.0883103
20.57 0.0278702 0.0831912 0.0877355
20.58 0.022038 0.0843306 0.0871626
20.59 0.0161794 0.0850653 0.0865903
20.6 0.0103219 0.0853984 0.0860199
20.61 0.0044928 0.085332 0.0854502
20.62 -0.00128076 0.0848729 0.0848825
20.63 -0.00697308 0.0840269 0.0843157
20.64 -0.0125576 0.0828036 0.0837504
20.65 -0.0180107 0.0812134 0.0831866
20.66 -0.0233076 0.0792686 0.0826242
20.67 -0.0284262 0.0769823 0.082063
20.68 -0.0333442 0.0743705 0.0815035
20.69 -0.0380422 0.071449 0.0809454
20.7 -0.0424994 0.0682356 0.0803884
20.71 -0.0466998 0.0647498 0.0798336
20.72 -0.0506257 0.0610106 0.0792796
20.73 -0.0542632 0.05704 0.0787277
20.74 -0.0575985 0.0528586 0.0781769
20.75 -0.0606205 0.04849 0.0776281
20.76 -0.063319 0.0439561 0.0770806
20.77 -0.0656853 0.0392814 0.0765348
20.78 -0.0677136 0.034489 0.0759909
20.79 -0.0693981 0.0296037 0.0754484
20.8 -0.070736 0.024649 0.0749076
20.81 -0.0717256 0.0196501 0.0743685
20.82 -0.0723673 0.01463 0.0738313
20.83 -0.0726619 0.00961375 0.0732951
20.84 -0.0726144 0.00462436 0.0727615
20.85 -0.0722281 -0.000315178 0.0722288
20.86 -0.0715109 -0.0051815 0.0716984
20.87 -0.0704699 -0.00995365 0.0711694
20.88 -0.0691151 -0.0146094 0.0706423
20.89 -0.0674569 -0.0191295 0.0701169
20.9 -0.0655076 -0.0234933 0.069593
20.91 -0.0632808 -0.0276834 0.0690712
20.92 -0.0607905 -0.0316817 0.0685508
20.93 -0.0580526 -0.0354725 0.0680323
20.94 -0.0550836 -0.0390403 0.0675155
20.95 -0.0519009 -0.0423722 0.0670008
20.96 -0.0485223 -0.0454547 0.0664872
20.97 -0.0449678 -0.0482779 0.0659762
20.98 -0.0412553 -0.0508316 0.0654663
20.99 -0.0374062 -0.0531075 0.0649586
21 -0.0334395 -0.0550993 0.0644526
21.01 -0.029377 -0.0568013 0.0639483
21.02 -0.0252384 -0.05821 0.0634459
21.03 -0.0210454 -0.0593225 0.062945
21.04 -0.0168183 -0.0601389 0.0624463
21.05 -0.0125781 -0.0606585 0.0619489
21.06 -0.00834503 -0.0608843 0.0614536
21.07 -0.00413953 -0.0608191 0.0609598
21.08 1.91999e-05 -0.0604683 0.0604683
21.09 0.00411163 -0.0598367 0.0599778
21.1 0.00811899 -0.0589334 0.0594901
21.11 0.0120243 -0.0577652 0.0590034
21.12 0.0158089 -0.056343 0.0585188
21.13 0.0194582 -0.0546769 0.0580361
21.14 0.0229553 -0.0527791 0.057555
21.15 0.026287 -0.0506622 0.0570759
21.16 0.0294388 -0.0483397 0.0565983
21.17 0.0323995 -0.0458267 0.0561232
21.18 0.0351569 -0.0431374 0.0556493
21.19 0.0377019 -0.0402884 0.0551778
21.2 0.0400248 -0.0372954 0.0547077
21.21 0.0421189 -0.0341758 0.0542401
21.22 0.0439769 -0.0309456 0.0537736
21.23 0.0455944 -0.0276239 0.0533097
21.24 0.0469673 -0.0242263 0.0528473
21.25 0.0480925 -0.0207722 0.0523867
21.26 0.0489698 -0.0172781 0.0519285
21.27 0.0495978 -0.0137622 0.0514717
21.28 0.0499787 -0.0102416 0.0510173
21.29 0.050114 -0.00673365 0.0505644
21.3 0.0500081 -0.00325506 0.0501139
21.31 0.0496646 0.000177982 0.0496649
21.32 0.0490902 0.00354932 0.0492184
21.33 0.048291 0.00684375 0.0487735
21.34 0.0472752 0.0100466 0.048331
21.35 0.0460509 0.013144 0.04789
21.36 0.0446287 0.0161221 0.0474515
21.37 0.0430181 0.0189698 0.047015
21.38 0.0412305 0.0216738 0.0465801
21.39 0.0392783 0.0242252 0.0461481
21.4 0.037173 0.0266132 0.0457175
21.41 0.0349286 0.0288296 0.0452897
21.42 0.0325577 0.0308664 0.0448635
21.43 0.0300748 0.0327172 0.04444
21.44 0.0274933 0.0343762 0.0440182
21.45 0.0248285 0.0358388 0.043599
21.46 0.0220941 0.0371013 0.0431817
21.47 0.0193053 0.0381615 0.0427668
21.48 0.0164761 0.0390179 0.0423539
21.49 0.0136223 0.0396696 0.0419434
21.5 0.0107567 0.0401184 0.0415354
21.51 0.00789482 0.0403642 0.041129
21.52 0.00505013 0.0404114 0.0407257
21.53 0.00223589 0.0402619 0.040324
21.54 -0.000534042 0.0399214 0.0399249
21.55 -0.00324747 0.0393942 0.0395279
21.56 -0.00589168 0.0386873 0.0391334
21.57 -0.0084556 0.0378068 0.0387408
21.58 -0.0109274 0.0367611 0.0383509
21.59 -0.0132975 0.035558 0.0379631
21.6 -0.0155556 0.0342068 0.0375776
21.61 -0.0176934 0.0327167 0.0371946
21.62 -0.0197017 0.031098 0.0368136
21.63 -0.0215748 0.0293611 0.0364355
21.64 -0.0233044 0.0275164 0.0360589
21.65 -0.0248859 0.0255763 0.0356855
21.66 -0.026314 0.0235506 0.0353137
21.67 -0.0275846 0.0214525 0.0349446
21.68 -0.0286948 0.0192927 0.0345775
21.69 -0.0296421 0.0170841 0.0342129
21.7 -0.0304252 0.0148374 0.0338503
21.71 -0.0310434 0.0125659 0.0334902
21.72 -0.0314971 0.0102801 0.0331323
21.73 -0.0317872 0.00799255 0.0327766
21.74 -0.031916 0.00571394 0.0324234
21.75 -0.0318851 0.00345617 0.0320719
21.76 -0.0316996 0.00122932 0.0317235
21.77 -0.0313617 -0.000955783 0.0313763
21.78 -0.0308779 -0.00308869 0.031032
21.79 -0.0302526 -0.0051609 0.0306896
21.8 -0.0294924 -0.00716207 0.0303496
21.81 -0.0286037 -0.0090847 0.0300117
21.82 -0.027594 -0.0109201 0.0296762
21.83 -0.0264705 -0.0126617 0.0293429
21.84 -0.0252416 -0.0143018 0.0290117
21.85 -0.0239156 -0.0158355 0.028683
21.86 -0.0225011 -0.0172563 0.0283563
21.87 -0.0210074 -0.0185604 0.0280321
21.88 -0.0194432 -0.0197428 0.0277095
21.89 -0.017819 -0.0208013 0.02739
21.9 -0.0161427 -0.0217324 0.0270719
21.91 -0.0144258 -0.0225345 0.0267564
21.92 -0.0126762 -0.0232069 0.0264432
21.93 -0.0109045 -0.023748 0.0261319
21.94 -0.00911978 -0.0241592 0.0258232
21.95 -0.00733148 -0.0244406 0.0255165
21.96 -0.00554846 -0.0245942 0.0252123
21.97 -0.00378012 -0.0246214 0.0249099
21.98 -0.00203466 -0.024526 0.0246103
21.99 -0.000320625 -0.0243103 0.0243124
22 0.00135391 -0.023979 0.0240172
22.01 0.00298169 -0.0235357 0.0237238
22.02 0.004555 -0.0229864 0.0234333
22.03 0.00606804 -0.022335 0.0231446
22.04 0.00751323 -0.0215883 0.0228583
22.05 0.00888641 -0.0207522 0.0225748
22.06 0.0101809 -0.0198323 0.0222929
22.07 0.0113929 -0.0188364 0.0220138
22.08 0.0125177 -0.0177705 0.0217367
22.09 0.0135521 -0.0166422 0.0214621
22.1 0.0144923 -0.0154585 0.0211894
22.11 0.0153367 -0.0142272 0.0209196
22.12 0.0160827 -0.0129551 0.0206515
22.13 0.0167291 -0.0116505 0.0203862
22.14 0.017275 -0.01032 0.0201229
22.15 0.0177202 -0.00897216 0.0198622
22.16 0.018065 -0.00761286 0.0196036
22.17 0.0183095 -0.00625072 0.0193471
22.18 0.0184561 -0.00489192 0.0190934
22.19 0.0185051 -0.00354354 0.0188414
22.2 0.01846 -0.00221252 0.0185921
22.21 0.0183225 -0.000904947 0.0183449
22.22 0.0180963 0.000372956 0.0181002
22.23 0.0177841 0.00161533 0.0178573
22.24 0.0173907 0.00281665 0.0176173
22.25 0.016919 0.00397219 0.0173791
22.26 0.0163745 0.00507644 0.0171434
22.27 0.0157612 0.00612605 0.0169099
22.28 0.0150844 0.00711576 0.0166785
22.29 0.0143489 0.00804347 0.0164496
22.3 0.0135601 0.00890439 0.0162223
22.31 0.012724 0.00969718 0.015998
22.32 0.011845 0.0104186 0.015775
22.33 0.0109302 0.0110671 0.0155547
22.34 0.00998417 0.0116413 0.0153363
22.35 0.00901333 0.0121401 0.0151203
22.36 0.00802282 0.0125627 0.014906
22.37 0.00701918 0.0129093 0.0146941
22.38 0.00600688 0.0131799 0.0144842
22.39 0.00499253 0.0133747 0.0142762
22.4 0.00398066 0.0134957 0.0140705
22.41 0.00297726 0.013543 0.0138664
22.42 0.00198668 0.0135196 0.0136648
22.43 0.00101429 0.0134263 0.0134646
22.44 6.48561e-05 0.0132669 0.0132671
22.45 -0.000858129 0.0130428 0.013071
22.46 -0.00174925 0.0127578 0.0128772
22.47 -0.00260576 0.0124148 0.0126853
22.48 -0.00342349 0.0120172 0.0124954
22.49 -0.00419953 0.0115686 0.0123073
22.5 -0.0049304 0.0110732 0.0121212
22.51 -0.00561435 0.0105344 0.0119371
22.52 -0.00624794 0.00995652 0.0117545
22.53 -0.0068303 0.00934422 0.0115744
22.54 -0.00735881 0.00870093 0.0113955
22.55 -0.00783309 0.00803199 0.0112192
22.56 -0.00825146 0.00734066 0.0110441
22.57 -0.00861356 0.00663258 0.0108713
22.58 -0.00891956 0.00591067 0.0107002
22.59 -0.00916844 0.00518039 0.0105308
22.6 -0.00936163 0.00444533 0.0103634
22.61 -0.00949904 0.00370977 0.0101978
22.62 -0.00958192 0.00297765 0.0100339
22.63 -0.00961121 0.00225324 0.0098718
22.64 -0.00958901 0.00153965 0.00971183
22.65 -0.00951606 0.000840835 0.00955313
22.66 -0.00939555 0.000160214 0.00939691
22.67 -0.00922843 -0.000499603 0.00924195
22.68 -0.00901818 -0.00113501 0.00908933
22.69 -0.00876636 -0.00174407 0.00893816
22.7 -0.00847626 -0.00232333 0.00878891
22.71 -0.00815055 -0.00287185 0.00864171
22.72 -0.00779176 -0.00338624 0.00849577
22.73 -0.00740356 -0.0038658 0.00835207
22.74 -0.0069885 -0.00430855 0.00820991
22.75 -0.00654996 -0.00471349 0.00806964
22.76 -0.00609105 -0.0050792 0.0079309
22.77 -0.00561525 -0.00540578 0.00779445
22.78 -0.00512493 -0.00569183 0.0076591
22.79 -0.00462449 -0.00593765 0.00752606
22.8 -0.00411559 -0.00614319 0.00739438
22.81 -0.00360266 -0.00630837 0.00726462
22.82 -0.0030875 -0.00643404 0.0071365
22.83 -0.00257399 -0.00652019 0.00700987
22.84 -0.00206428 -0.00656878 0.0068855
22.85 -0.00156128 -0.00657939 0.0067621
22.86 -0.00106771 -0.00655459 0.00664099
22.87 -0.000585621 -0.00649496 0.0065213
22.88 -0.000117481 -0.00640235 0.00640343
22.89 0.000334647 -0.00627804 0.00628696
22.9 0.00076878 -0.00612457 0.00617263
22.91 0.00118357 -0.00594272 0.00605944
22.92 0.00157641 -0.00573538 0.00594808
22.93 0.00194721 -0.00550412 0.0058384
22.94 0.00229329 -0.0052511 0.00573003
22.95 0.00261476 -0.00497865 0.00562351
22.96 0.00290973 -0.00468858 0.00551809
22.97 0.00317827 -0.00438393 0.00541482
22.98 0.00341927 -0.00406568 0.00531236
22.99 0.00363254 -0.00373739 0.00521185
23 0.00381802 -0.00340034 0.00511269
23.01 0.00397539 -0.00305713 0.00501495
23.02 0.00410483 -0.00270967 0.00491853
23.03 0.00420666 -0.00236064 0.00482376
23.04 0.0042814 -0.0020111 0.00473021
23.05 0.00432899 -0.00166415 0.00463783
23.06 0.00435129 -0.00132088 0.00454736
23.07 0.00434778 -0.000983469 0.00445763
23.08 0.00432062 -0.000653627 0.00436978
23.09 0.00426989 -0.000332672 0.00428283
23.1 0.00419757 -2.27245e-05 0.00419763
23.11 0.00410412 0.000275856 0.00411338
23.12 0.00399133 0.00056059 0.00403051
23.13 0.00386052 0.000831308 0.00394901
23.14 0.00371285 0.00108647 0.00386855
23.15 0.00355003 0.00132536 0.00378937
23.16 0.00337369 0.00154685 0.0037114
23.17 0.0031852 0.00175112 0.00363482
23.18 0.00298598 0.00193648 0.00355894
23.19 0.0027784 0.00210369 0.00348497
23.2 0.0025628 0.00225177 0.00341151
23.21 0.00234195 0.00238087 0.00333966
23.22 0.00211639 0.00249108 0.00326873
23.23 0.00188848 0.00258211 0.00319901
23.24 0.00165881 0.00265485 0.00313048
23.25 0.00142962 0.00270874 0.00306285
23.26 0.00120182 0.00274506 0.00299662
23.27 0.000976737 0.00276379 0.0029313
23.28 0.000755726 0.00276581 0.0028672
23.29 0.00054004 0.00275156 0.00280406
23.3 0.000330326 0.00272248 0.00274244
23.31 0.000127848 0.00267822 0.00268127
23.32 -6.62247e-05 0.00262104 0.00262188
23.33 -0.000251968 0.00255069 0.0025631
23.34 -0.000427515 0.00246879 0.00250553
23.35 -0.000593244 0.00237612 0.00244906
23.36 -0.000747705 0.00227358 0.00239338
23.37 -0.000891385 0.00216256 0.00233907
23.38 -0.00102292 0.00204361 0.00228532
23.39 -0.00114282 0.00191838 0.00223298
23.4 -0.0012506 0.00178737 0.00218144
23.41 -0.00134614 0.00165201 0.00213101
23.42 -0.00142929 0.00151296 0.00208133
23.43 -0.0015006 0.00137175 0.0020331
23.44 -0.00155955 0.00122836 0.00198521
23.45 -0.00160652 0.00108506 0.00193863
23.46 -0.00164227 0.000941417 0.00189296
23.47 -0.00166614 0.000799247 0.00184793
23.48 -0.00167957 0.000658944 0.0018042
23.49 -0.00168206 0.000521276 0.00176098
23.5 -0.00167502 0.000387122 0.00171917
23.51 -0.00165795 0.000256819 0.00167773
23.52 -0.00163228 0.000131353 0.00163756
23.53 -0.00159811 1.07301e-05 0.00159815
23.54 -0.00155606 -0.00010409 0.00155954
23.55 -0.00150669 -0.000213057 0.00152168
23.56 -0.00145104 -0.000315384 0.00148492
23.57 -0.00138904 -0.000411444 0.0014487
23.58 -0.00132182 -0.000499847 0.00141318
23.59 -0.0012502 -0.000581707 0.00137891
23.6 -0.00117403 -0.000655782 0.00134477
23.61 -0.00109496 -0.000722533 0.00131187
23.62 -0.00101267 -0.000781835 0.00127936
23.63 -0.000928623 -0.000833519 0.00124784
23.64 -0.000842548 -0.000877793 0.00121672
23.65 -0.00075585 -0.000914472 0.00118641
23.66 -0.000668599 -0.00094405 0.00115683
23.67 -0.000581468 -0.000966178 0.00112765
23.68 -0.000494994 -0.000981485 0.00109924
23.69 -0.000409971 -0.000989873 0.00107141
23.7 -0.000326201 -0.000992065 0.00104432
23.71 -0.000244792 -0.000987524 0.00101741
23.72 -0.000165961 -0.000977783 0.000991768
23.73 -8.95752e-05 -0.000961954 0.000966116
23.74 -1.68943e-05 -0.000941162 0.000941314
23.75 5.27591e-05 -0.000915524 0.000917043
23.76 0.000118234 -0.000885327 0.000893187
23.77 0.000180073 -0.000851066 0.000869908
23.78 0.000237345 -0.000813069 0.000847003
23.79 0.000290392 -0.000771961 0.000824773
23.8 0.000338855 -0.000727767 0.000802788
23.81 0.000382707 -0.000681349 0.000781473
23.82 0.0004216 -0.00063283 0.000760408
23.83 0.000456179 -0.000582855 0.000740148
23.84 0.000485574 -0.000531312 0.000719774
23.85 0.000510375 -0.000479592 0.000700351
23.86 0.000530718 -0.000426825 0.000681059
23.87 0.000546027 -0.00037443 0.000662075
23.88 0.000557323 -0.000322278 0.000643795
23.89 0.000563923 -0.000270827 0.000625585
23.9 0.000566713 -0.000220364 0.000608049
23.91 0.000565291 -0.000171328 0.000590683
23.92 0.00056041 -0.000123899 0.000573942
23.93 0.000551921 -7.81135e-05 0.000557422
23.94 0.000540366 -3.45627e-05 0.00054147
23.95 0.000525587 6.8973e-06 0.000525632
23.96 0.000508536 4.59277e-05 0.000510605
23.97 0.000488556 8.26694e-05 0.000495501
23.98 0.000466673 0.000116233 0.00048093
23.99 0.000442952 0.00014772 0.000466935
24 0.000417234 0.000175859 0.000452781
24.01 0.000390631 0.000201356 0.000439473
24.02 0.000362547 0.000223959 0.000426143
24.03 0.000333943 0.000243753 0.000413441
24.04 0.000304524 0.000260631 0.000400828
24.05 0.000274985 0.000274775 0.000388739
24.06 0.000245134 0.00028635 0.000376944
24.07 0.000215557 0.00029505 0.000365403
24.08 0.000186044 0.000301321 0.000354128
24.09 0.000157378 0.000305126 0.000343322
24.1 0.000128966 0.000306695 0.000332707
24.11 0.000101717 0.000305703 0.000322181
24.12 7.54101e-05 0.000303302 0.000312537
24.13 4.99171e-05 0.000298446 0.000302591
24.14 2.60656e-05 0.000292158 0.000293318
24.15 3.05795e-06 0.000284229 0.000284245
24.16 -1.83219e-05 0.00027484 0.00027545
24.17 -3.84973e-05 0.000264056 0.000266847
24.18 -5.7051e-05 0.000252139 0.000258512
24.19 -7.42934e-05 0.000239273 0.000250542
24.2 -8.97899e-05 0.000225308 0.00024254
24.21 -0.000103946 0.000210767 0.000235005
24.22 -0.000116245 0.000195636 0.000227567
24.23 -0.000127324 0.000180071 0.000220538
24.24 -0.000136543 0.000163943 0.000213357
24.25 -0.00014437 0.000148157 0.000206865
24.26 -0.000150893 0.000131667 0.000200262
24.27 -0.000155559 0.000115587 0.000193801
24.28 -0.000159253 9.95485e-05 0.000187807
24.29 -0.000161269 8.37101e-05 0.000181701
24.3 -0.000162122 6.82292e-05 0.000175894
24.31 -0.000161637 5.32485e-05 0.000170182
24.32 -0.000160128 3.8839e-05 0.000164771
24.33 -0.000157336 2.48982e-05 0.000159294
24.34 -0.000153797 1.17438e-05 0.000154245
24.35 -0.000149101 -6.84907e-07 0.000149102
24.36 -0.000143875 -1.24392e-05 0.000144412
24.37 -0.000137586 -2.35019e-05 0.000139579
24.38 -0.000130837 -3.33019e-05 0.000135009
24.39 -0.000123508 -4.28319e-05 0.000130724
24.4 -0.000115368 -5.09652e-05 0.000126124
24.41 -0.000107204 -5.83503e-05 0.000122055
24.42 -9.83897e-05 -6.48169e-05 0.000117821
24.43 -8.94677e-05 -7.0325e-05 0.000113798
24.44 -8.03627e-05 -7.48542e-05 0.000109824
24.45 -7.12829e-05 -7.85287e-05 0.000106057
24.46 -6.19858e-05 -8.13572e-05 0.00010228
24.47 -5.30693e-05 -8.32521e-05 9.87282e-05
24.48 -4.40133e-05 -8.42784e-05 9.5079e-05
24.49 -3.54414e-05 -8.45913e-05 9.17157e-05
24.5 -2.689e-05 -8.41552e-05 8.83469e-05
24.51 -1.89476e-05 -8.26742e-05 8.48177e-05
24.52 -1.13418e-05 -8.11189e-05 8.1908e-05
24.53 -4.04603e-06 -7.84326e-05 7.85369e-05
24.54 2.36913e-06 -7.55181e-05 7.55553e-05
24.55 8.58776e-06 -7.21507e-05 7.266e-05
24.56 1.40933e-05 -6.83575e-05 6.97951e-05
24.57 1.90727e-05 -6.42233e-05 6.69956e-05
24.58 2.34491e-05 -5.99036e-05 6.43297e-05
24.59 2.74954e-05 -5.53541e-05 6.18067e-05
24.6 3.06657e-05 -5.06259e-05 5.91893e-05
24.61 3.35871e-05 -4.57991e-05 5.67948e-05
24.62 3.57523e-05 -4.10197e-05 5.44137e-05
24.63 3.75768e-05 -3.6265e-05 5.22223e-05
24.64 3.87029e-05 -3.13336e-05 4.97966e-05
24.65 3.94906e-05 -2.70374e-05 4.78595e-05
24.66 3.9937e-05 -2.23266e-05 4.57541e-05
24.67 3.96817e-05 -1.81229e-05 4.36243e-05
24.68 3.94373e-05 -1.40735e-05 4.18732e-05
24.69 3.865e-05 -1.01575e-05 3.99625e-05
24.7 3.76021e-05 -6.53206e-06 3.81653e-05
24.71 3.62696e-05 -3.21953e-06 3.64122e-05
24.72 3.48634e-05 -1.6237e-07 3.48638e-05
24.73 3.29781e-05 2.59645e-06 3.30801e-05
24.74 3.12414e-05 5.05278e-06 3.16473e-05
24.75 2.92502e-05 7.1686e-06 3.01158e-05
24.76 2.73259e-05 9.02499e-06 2.87777e-05
24.77 2.52557e-05 1.08172e-05 2.74747e-05
24.78 2.33285e-05 1.1947e-05 2.62097e-05
24.79 2.14172e-05 1.33922e-05 2.52596e-05
24.8 1.92787e-05 1.42728e-05 2.39871e-05
24.81 1.7515e-05 1.50276e-05 2.30783e-05
24.82 1.55151e-05 1.57164e-05 2.20845e-05
24.83 1.36114e-05 1.6126e-05 2.11026e-05
24.84 1.17966e-05 1.63786e-05 2.01847e-05
24.85 1.01324e-05 1.65572e-05 1.94115e-05
24.86 8.3067e-06 1.65642e-05 1.85303e-05
24.87 6.84078e-06 1.6497e-05 1.78591e-05
24.88 5.27276e-06 1.62828e-05 1.71152e-05
24.89 3.84264e-06 1.59899e-05 1.64451e-05
24.9 2.38839e-06 1.57341e-05 1.59144e-05
24.91 1.14066e-06 1.50309e-05 1.50741e-05
24.92 -9.32701e-08 1.47225e-05 1.47228e-05
24.93 -1.3704e-06 1.39661e-05 1.40331e-05
24.94 -2.2159e-06 1.32676e-05 1.34513e-05
24.95 -3.24544e-06 1.26455e-05 1.30553e-05
24.96 -4.0819e-06 1.18543e-05 1.25374e-05
24.97 -4.77839e-06 1.10783e-05 1.20649e-05
24.98 -5.41627e-06 1.03686e-05 1.16981e-05
24.99 -6.17862e-06 9.51449e-06 1.13446e-05
25 -6.61808e-06 8.73716e-06 1.09607e-05
25.01 -7.19506e-06 7.85949e-06 1.06555e-05
25.02 -7.62993e-06 6.9803e-06 1.03412e-05
25.03 -8.0224e-06 6.19358e-06 1.01351e-05
25.04 -8.1879e-06 5.09917e-06 9.6459e-06
25.05 -8.38861e-06 4.4469e-06 9.4944e-06
25.06 -8.53333e-06 3.4181e-06 9.19245e-06
25.07 -8.33913e-06 2.57446e-06 8.72749e-06
25.08 -8.38831e-06 1.81803e-06 8.58307e-06
25.09 -8.21995e-06 9.38255e-07 8.27332e-06
25.1 -7.93657e-06 1.39251e-07 7.93779e-06
25.11 -7.62036e-06 -5.34546e-07 7.63908e-06
25.12 -7.35513e-06 -1.31634e-06 7.472e-06
25.13 -6.74407e-06 -1.89911e-06 7.00636e-06
25.14 -6.29781e-06 -2.47254e-06 6.76579e-06
25.15 -5.75004e-06 -2.99349e-06 6.48258e-06
25.16 -5.18103e-06 -3.29524e-06 6.14017e-06
25.17 -4.55086e-06 -3.81353e-06 5.93746e-06
25.18 -4.06292e-06 -3.86952e-06 5.61075e-06
25.19 -3.56512e-06 -4.22373e-06 5.52721e-06
25.2 -2.87103e-06 -4.34335e-06 5.20649e-06
25.21 -2.50325e-06 -4.35281e-06 5.02128e-06
25.22 -1.92522e-06 -4.46084e-06 4.85855e-06
25.23 -1.34782e-06 -4.41622e-06 4.61731e-06
25.24 -8.6866e-07 -4.26456e-06 4.35213e-06
25.25 -4.75963e-07 -4.20798e-06 4.23481e-06
25.26 7.76597e-08 -3.97319e-06 3.97395e-06
25.27 3.68679e-07 -3.7645e-06 3.78251e-06
25.28 6.60588e-07 -3.57698e-06 3.63747e-06
25.29 9.46116e-07 -3.22011e-06 3.35622e-06
25.3 1.20625e-06 -3.11247e-06 3.33803e-06
25.31 1.3188e-06 -2.65227e-06 2.96206e-06
25.32 1.46983e-06 -2.49854e-06 2.89881e-06
25.33 1.71878e-06 -2.18028e-06 2.7763e-06
25.34 1.62151e-06 -1.82172e-06 2.43884e-06
25.35 1.72342e-06 -1.63401e-06 2.3749e-06
25.36 1.74475e-06 -1.33875e-06 2.19918e-06
25.37 1.63322e-06 -1.05322e-06 1.94336e-06
25.38 1.52332e-06 -9.30142e-07 1.78484e-06
25.39 1.56563e-06 -6.8887e-07 1.71048e-06
25.4 1.42598e-06 -5.4722e-07 1.52737e-06
25.41 1.38583e-06 -4.71243e-07 1.46376e-06
25.42 1.41802e-06 -2.58784e-07 1.44144e-06
25.43 1.41759e-06 -3.00804e-07 1.44915e-06
25.44 1.33951e-06 -6.17001e-08 1.34093e-06
25.45 1.33901e-06 -9.74042e-08 1.34255e-06
25.46 1.39553e-06 -4.16487e-09 1.39554e-06
25.47 1.18496e-06 1.21445e-07 1.19117e-06
25.48 1.24726e-06 9.28782e-08 1.25072e-06
25.49 1.25187e-06 1.96522e-07 1.2672e-06
25.5 1.14823e-06 3.04872e-07 1.18802e-06
25.51 1.15373e-06 2.81946e-07 1.18769e-06
25.52 1.21789e-06 4.39805e-07 1.29486e-06
25.53 1.08762e-06 4.87697e-07 1.19196e-06
25.54 1.04029e-06 5.12944e-07 1.15988e-06
25.55 1.00241e-06 6.82332e-07 1.2126e-06
25.56 8.98588e-07 5.95348e-07 1.07791e-06
25.57 7.48461e-07 7.76524e-07 1.07851e-06
25.58 7.31445e-07 7.08372e-07 1.01824e-06
25.59 7.30992e-07 7.63463e-07 1.05699e-06
25.6 5.3898e-07 8.36578e-07 9.9517e-07
25.61 6.21832e-07 7.89222e-07 1.00476e-06
25.62 5.66528e-07 8.61792e-07 1.03133e-06
25.63 3.83157e-07 9.26811e-07 1.00289e-06
25.64 3.1904e-07 8.6507e-07 9.22027e-07
25.65 2.42358e-07 9.82627e-07 1.01207e-06
25.66 4.06642e-09 9.70102e-07 9.7011e-07
25.67 -9.47445e-08 9.24161e-07 9.29004e-07
25.68 -1.6583e-07 1.04731e-06 1.06036e-06
25.69 -3.10314e-07 8.83062e-07 9.35998e-07
25.7 -4.54133e-07 9.94881e-07 1.09363e-06
25.71 -4.89673e-07 8.75046e-07 1.00274e-06
25.72 -5.84549e-07 8.36767e-07 1.02072e-06
25.73 -8.26108e-07 8.11878e-07 1.15827e-06
25.74 -7.84533e-07 6.49749e-07 1.01866e-06
25.75 -8.76328e-07 5.77053e-07 1.04926e-06
25.76 -1.00033e-06 4.76748e-07 1.10813e-06
25.77 -9.02443e-07 2.69497e-07 9.41824e-07
25.78 -8.35533e-07 2.16179e-07 8.63046e-07
25.79 -8.58721e-07 6.90369e-08 8.61491e-07
25.8 -7.48141e-07 -1.10716e-07 7.56289e-07
25.81 -6.551e-07 -8.91812e-08 6.61143e-07
25.82 -6.66312e-07 -3.41749e-07 7.48841e-07
25.83 -6.53771e-07 -3.09326e-07 7.23256e-07
25.84 -5.44895e-07 -4.56865e-07 7.11081e-07
25.85 -5.12789e-07 -5.43947e-07 7.4755e-07
25.86 -5.4699e-07 -5.5831e-07 7.81606e-07
25.87 -3.23597e-07 -6.93417e-07 7.65207e-07
25.88 -2.85131e-07 -7.08682e-07 7.63891e-07
25.89 -2.83369e-07 -7.27073e-07 7.80341e-07
25.9 -1.05369e-07 -8.18105e-07 8.24863e-07
25.91 -7.23672e-08 -7.59443e-07 7.62883e-07
25.92 -1.01431e-07 -7.72675e-07 7.79304e-07
25.93 -1.15362e-08 -8.07233e-07 8.07316e-07
25.94 5.47601e-08 -6.48535e-07 6.50843e-07
25.95 3.50105e-08 -7.3334e-07 7.34175e-07
25.96 8.14452e-08 -5.42716e-07 5.48793e-07
25.97 1.76649e-07 -5.03352e-07 5.33449e-07
25.98 1.37775e-07 -4.12821e-07 4.35205e-07
25.99 5.19533e-08 -2.27139e-07 2.33004e-07
26 1.32458e-07 -1.65094e-07 2.11663e-07
