0 0.00251837 -0.00132295 0.00284471
0.01 0.00502414 -0.00264343 0.00567712
0.02 0.00750423 -0.00395892 0.00848448
0.03 0.00994612 -0.0052672 0.0112547
0.04 0.0123377 -0.00656537 0.0139758
0.05 0.0146663 -0.00785112 0.0166356
0.06 0.0169204 -0.0091219 0.0192226
0.07 0.0190884 -0.0103751 0.0217258
0.08 0.0211589 -0.0116082 0.024134
0.09 0.0231218 -0.0128183 0.0264372
0.1 0.0249662 -0.0140033 0.0286252
0.11 0.0266829 -0.0151599 0.0306888
0.12 0.028263 -0.0162856 0.0326193
0.13 0.029698 -0.0173777 0.0344087
0.14 0.03098 -0.0184334 0.0360493
0.15 0.0321026 -0.0194497 0.0375349
0.16 0.0330592 -0.0204239 0.0388593
0.17 0.0338443 -0.0213531 0.0400174
0.18 0.0344538 -0.0222344 0.0410053
0.19 0.0348836 -0.0230647 0.0418192
0.2 0.0351309 -0.0238413 0.0424569
0.21 0.035194 -0.0245612 0.042917
0.22 0.0350712 -0.0252216 0.0431986
0.23 0.0347629 -0.0258193 0.0433024
0.24 0.0342693 -0.0263521 0.0432299
0.25 0.0335922 -0.0268168 0.0429834
0.26 0.0327341 -0.0272107 0.042567
0.27 0.0316984 -0.0275314 0.0419853
0.28 0.0304891 -0.0277761 0.0412444
0.29 0.0291116 -0.0279427 0.0403519
0.3 0.0275718 -0.0280285 0.0393166
0.31 0.0258761 -0.0280317 0.038149
0.32 0.0240324 -0.0279503 0.0368616
0.33 0.0220488 -0.0277823 0.0354684
0.34 0.0199343 -0.0275262 0.0339863
0.35 0.0176989 -0.0271805 0.0324351
0.36 0.0153524 -0.0267443 0.0308375
0.37 0.012906 -0.0262163 0.0292208
0.38 0.0103712 -0.0255961 0.0276174
0.39 0.00775956 -0.0248833 0.0260651
0.4 0.00508387 -0.0240777 0.0246085
0.41 0.00235675 -0.0231796 0.0232991
0.42 -0.000408833 -0.0221894 0.0221932
0.43 -0.00319952 -0.0211083 0.0213494
0.44 -0.00600146 -0.0199371 0.0208208
0.45 -0.00880142 -0.0186777 0.0206476
0.46 -0.0115853 -0.0173321 0.0208476
0.47 -0.0143394 -0.0159024 0.0214128
0.48 -0.0170501 -0.0143915 0.022312
0.49 -0.0197035 -0.0128024 0.0234974
0.5 -0.0222865 -0.0111387 0.024915
0.51 -0.0247857 -0.0094041 0.0265097
0.52 -0.0271879 -0.00760303 0.0282309
0.53 -0.0294811 -0.00574025 0.0300347
0.54 -0.0316528 -0.00382063 0.0318826
0.55 -0.0336914 -0.00184969 0.0337421
0.56 -0.0355859 0.000166972 0.0355862
0.57 -0.0373257 0.00222296 0.0373918
0.58 -0.0389008 0.00431199 0.039139
0.59 -0.0403021 0.0064273 0.0408114
0.6 -0.0415214 0.00856153 0.0423949
0.61 -0.0425506 0.0107075 0.0438772
0.62 -0.0433834 0.0128575 0.0452486
0.63 -0.0440133 0.0150037 0.0465003
0.64 -0.0444356 0.0171379 0.047626
0.65 -0.0446461 0.0192519 0.0486201
0.66 -0.0446414 0.0213373 0.0494787
0.67 -0.0444195 0.0233854 0.0501993
0.68 -0.0439793 0.0253877 0.050781
0.69 -0.0433202 0.0273353 0.0512236
0.7 -0.0424432 0.0292197 0.0515288
0.71 -0.0413502 0.0310322 0.0516994
0.72 -0.0400439 0.0327639 0.0517396
0.73 -0.0385281 0.0344067 0.051655
0.74 -0.0368079 0.0359518 0.0514524
0.75 -0.0348888 0.0373911 0.0511402
0.76 -0.0327781 0.0387165 0.0507284
0.77 -0.030483 0.0399205 0.050228
0.78 -0.0280125 0.0409954 0.049652
0.79 -0.0253763 0.0419343 0.0490147
0.8 -0.0225844 0.0427304 0.0483316
0.81 -0.0196484 0.0433775 0.04762
0.82 -0.0165802 0.0438696 0.0468983
0.83 -0.0133926 0.0442014 0.0461858
0.84 -0.0100988 0.0443682 0.045503
0.85 -0.00671306 0.0443658 0.0448708
0.86 -0.00324991 0.0441903 0.0443096
0.87 0.00027567 0.043839 0.0438399
0.88 0.00384797 0.0433094 0.04348
0.89 0.00745137 0.0425998 0.0432466
0.9 0.0110692 0.0417093 0.0431532
0.91 0.0146855 0.0406378 0.0432099
0.92 0.0182837 0.0393857 0.0434226
0.93 0.0218465 0.0379543 0.0437927
0.94 0.0253579 0.0363458 0.0443175
0.95 0.0288009 0.034563 0.0449899
0.96 0.032159 0.0326096 0.0457994
0.97 0.0354159 0.0304899 0.0467324
0.98 0.0385558 0.0282092 0.0477735
0.99 0.0415627 0.0257737 0.0489055
1 0.0444215 0.02319 0.0501104
1.01 0.0471176 0.0204659 0.0513704
1.02 0.0496365 0.0176095 0.0526676
1.03 0.0519651 0.01463 0.0539853
1.04 0.0540902 0.011537 0.0553069
1.05 0.0559997 0.00834115 0.0566175
1.06 0.057683 0.00505338 0.057904
1.07 0.059129 0.00168549 0.059153
1.08 0.0603286 -0.00175026 0.060354
1.09 0.0612736 -0.00524115 0.0614973
1.1 0.0619563 -0.0087738 0.0625745
1.11 0.0623706 -0.0123346 0.0635785
1.12 0.0625112 -0.0159095 0.064504
1.13 0.0623743 -0.0194838 0.0653465
1.14 0.0619567 -0.0230432 0.0661031
1.15 0.0612572 -0.0265724 0.0667722
1.16 0.0602749 -0.0300563 0.0673532
1.17 0.0590113 -0.03348 0.0678472
1.18 0.0574679 -0.0368281 0.068256
1.19 0.0556482 -0.0400856 0.0685826
1.2 0.0535571 -0.0432373 0.0688318
1.21 0.0512 -0.0462683 0.0690086
1.22 0.048584 -0.0491639 0.0691194
1.23 0.0457177 -0.0519099 0.0691719
1.24 0.0426103 -0.0544923 0.069174
1.25 0.0392725 -0.0568974 0.069135
1.26 0.0357159 -0.0591126 0.0690646
1.27 0.0319536 -0.0611249 0.0689731
1.28 0.0279992 -0.0629229 0.0688713
1.29 0.0238679 -0.0644954 0.0687701
1.3 0.0195751 -0.0658318 0.0686805
1.31 0.0151378 -0.0669228 0.0686135
1.32 0.0105735 -0.0677597 0.0685797
1.33 0.00590001 -0.0683346 0.0685889
1.34 0.00113687 -0.0686411 0.0686505
1.35 -0.00369664 -0.0686731 0.0687726
1.36 -0.00858069 -0.068426 0.068962
1.37 -0.0134944 -0.0678963 0.0692244
1.38 -0.0184172 -0.0670815 0.0695638
1.39 -0.0233276 -0.0659801 0.0699825
1.4 -0.0282048 -0.0645923 0.0704818
1.41 -0.0330268 -0.062919 0.0710603
1.42 -0.0377725 -0.0609624 0.071716
1.43 -0.0424204 -0.0587263 0.0724449
1.44 -0.0469495 -0.056215 0.0732419
1.45 -0.0513388 -0.0534349 0.074101
1.46 -0.0555675 -0.050393 0.0750147
1.47 -0.0596161 -0.0470978 0.0759755
1.48 -0.0634645 -0.0435589 0.0769748
1.49 -0.067094 -0.0397872 0.078004
1.5 -0.0704865 -0.0357944 0.0790543
1.51 -0.0736245 -0.0315937 0.080117
1.52 -0.0764916 -0.0271992 0.0811835
1.53 -0.079072 -0.022626 0.0822455
1.54 -0.0813516 -0.0178902 0.0832956
1.55 -0.0833168 -0.0130089 0.0843263
1.56 -0.0849554 -0.00800002 0.0853313
1.57 -0.0862565 -0.00288232 0.0863046
1.58 -0.0872105 0.00232494 0.0872415
1.59 -0.0878092 0.00760165 0.0881377
1.6 -0.0880454 0.0129267 0.0889893
1.61 -0.0879142 0.0182795 0.0897945
1.62 -0.0874114 0.0236381 0.0905512
1.63 -0.0865346 0.0289804 0.0912584
1.64 -0.085283 0.0342844 0.0919163
1.65 -0.0836573 0.0395278 0.0925256
1.66 -0.08166 0.0446879 0.093088
1.67 -0.0792948 0.0497427 0.0936056
1.68 -0.0765674 0.0546696 0.0940815
1.69 -0.0734847 0.0594466 0.0945193
1.7 -0.0700555 0.0640521 0.0949234
1.71 -0.0662899 0.0684644 0.0952981
1.72 -0.0621996 0.072663 0.0956489
1.73 -0.0577981 0.0766278 0.0959814
1.74 -0.0530996 0.0803388 0.0963011
1.75 -0.0481205 0.0837776 0.096614
1.76 -0.0428784 0.0869264 0.0969265
1.77 -0.0373915 0.0897678 0.0972439
1.78 -0.0316801 0.0922865 0.0975727
1.79 -0.025765 0.0944674 0.097918
1.8 -0.0196689 0.0962973 0.0982855
1.81 -0.0134144 0.0977637 0.0986797
1.82 -0.00702597 0.0988557 0.0991051
1.83 -0.000528312 0.0995638 0.0995652
1.84 0.00605286 0.0998803 0.100063
1.85 0.0126914 0.099798 0.100602
1.86 0.0193606 0.0993122 0.101182
1.87 0.0260329 0.09842 0.101805
1.88 0.0326812 0.097119 0.10247
1.89 0.0392777 0.0954094 0.103178
1.9 0.0457945 0.093293 0.103927
1.91 0.0522041 0.0907728 0.104714
1.92 0.0584787 0.087854 0.105537
1.93 0.0645912 0.0845432 0.106393
1.94 0.0705143 0.0808488 0.107279
1.95 0.0762218 0.076781 0.10819
1.96 0.0816879 0.0723515 0.109122
1.97 0.0868873 0.0675734 0.110071
1.98 0.0917959 0.0624621 0.111032
1.99 0.0963901 0.0570339 0.112
2 0.100648 0.0513064 0.112971
2.01 0.104548 0.0452998 0.11394
2.02 0.10807 0.0390345 0.114904
2.03 0.111197 0.0325325 0.115858
2.04 0.11391 0.0258176 0.116799
2.05 0.116194 0.0189138 0.117723
2.06 0.118035 0.011847 0.118628
2.07 0.119421 0.00464352 0.119511
2.08 0.120341 -0.00266915 0.12037
2.09 0.120786 -0.0100628 0.121204
2.1 0.120749 -0.0175087 0.122012
2.11 0.120225 -0.0249776 0.122793
2.12 0.119212 -0.0324396 0.123547
2.13 0.117708 -0.0398644 0.124275
2.14 0.115713 -0.0472224 0.124977
2.15 0.11323 -0.0544825 0.125656
2.16 0.110265 -0.0616146 0.126312
2.17 0.106824 -0.0685889 0.126948
2.18 0.102915 -0.0753752 0.127566
2.19 0.0985508 -0.0819445 0.128168
2.2 0.0937426 -0.0882677 0.128759
2.21 0.0885057 -0.0943168 0.12934
2.22 0.0828565 -0.100064 0.129916
2.23 0.0768135 -0.105484 0.130488
2.24 0.0703968 -0.110551 0.131062
2.25 0.0636281 -0.11524 0.131639
2.26 0.0565312 -0.119528 0.132223
2.27 0.049131 -0.123395 0.132816
2.28 0.041454 -0.12682 0.133423
2.29 0.0335283 -0.129784 0.134045
2.3 0.0253829 -0.13227 0.134683
2.31 0.0170481 -0.134264 0.135342
2.32 0.00855536 -0.135751 0.136021
2.33 -6.30737e-05 -0.136722 0.136722
2.34 -0.00877405 -0.137165 0.137446
2.35 -0.0175437 -0.137075 0.138193
2.36 -0.0263378 -0.136444 0.138963
2.37 -0.0351216 -0.135271 0.139756
2.38 -0.0438597 -0.133554 0.140571
2.39 -0.0525174 -0.131294 0.141408
2.4 -0.0610593 -0.128494 0.142264
2.41 -0.0694503 -0.12516 0.143137
2.42 -0.0776558 -0.121299 0.144027
2.43 -0.0856413 -0.116921 0.144931
2.44 -0.093373 -0.112038 0.145846
2.45 -0.100818 -0.106665 0.146771
2.46 -0.107944 -0.100816 0.147702
2.47 -0.11472 -0.0945113 0.148637
2.48 -0.121115 -0.0877702 0.149574
2.49 -0.127101 -0.080615 0.150511
2.5 -0.132651 -0.0730697 0.151444
2.51 -0.137738 -0.06516 0.152373
2.52 -0.142337 -0.0569134 0.153294
2.53 -0.146427 -0.048359 0.154206
2.54 -0.149986 -0.0395275 0.155107
2.55 -0.152996 -0.0304506 0.155997
2.56 -0.155439 -0.0211615 0.156873
2.57 -0.157301 -0.0116949 0.157735
2.58 -0.158569 -0.00208569 0.158583
2.59 -0.159232 0.00762952 0.159415
2.6 -0.159284 0.017414 0.160233
2.61 -0.158716 0.0272299 0.161035
2.62 -0.157528 0.0370392 0.161824
2.63 -0.155717 0.0468038 0.162598
2.64 -0.153284 0.0564848 0.16336
2.65 -0.150235 0.0660439 0.164111
2.66 -0.146575 0.0754426 0.164851
2.67 -0.142314 0.0846429 0.165583
2.68 -0.137462 0.0936069 0.166307
2.69 -0.132034 0.102298 0.167026
2.7 -0.126044 0.110679 0.167741
2.71 -0.119513 0.118715 0.168454
2.72 -0.112461 0.126373 0.169167
2.73 -0.10491 0.133617 0.169881
2.74 -0.0968853 0.140418 0.170599
2.75 -0.0884145 0.146744 0.171321
2.76 -0.0795267 0.152567 0.17205
2.77 -0.0702525 0.157859 0.172786
2.78 -0.0606246 0.162596 0.173531
2.79 -0.0506776 0.166755 0.174285
2.8 -0.040447 0.170313 0.17505
2.81 -0.02997 0.173254 0.175827
2.82 -0.0192852 0.175558 0.176615
2.83 -0.00843234 0.177214 0.177414
2.84 0.00254872 0.178207 0.178225
2.85 0.013616 0.17853 0.179048
2.86 0.024728 0.178174 0.179882
2.87 0.035842 0.177136 0.180726
2.88 0.0469154 0.175415 0.18158
2.89 0.0579054 0.17301 0.182443
2.9 0.0687687 0.169926 0.183314
2.91 0.0794629 0.166169 0.184191
2.92 0.0899456 0.161747 0.185074
2.93 0.100175 0.156673 0.185961
2.94 0.110109 0.15096 0.18685
2.95 0.119709 0.144625 0.187741
2.96 0.128935 0.137688 0.188633
2.97 0.137747 0.130171 0.189522
2.98 0.146111 0.122096 0.19041
2.99 0.15399 0.113492 0.191294
3 0.161351 0.104386 0.192173
3.01 0.168161 0.0948096 0.193046
3.02 0.17439 0.0847955 0.193913
3.03 0.180011 0.0743786 0.194772
3.04 0.184998 0.0635955 0.195624
3.05 0.189327 0.0524846 0.196467
3.06 0.192976 0.0410853 0.197301
3.07 0.195927 0.0294391 0.198126
3.08 0.198163 0.0175886 0.198942
3.09 0.199672 0.00557694 0.19975
3.1 0.200441 -0.00655138 0.200548
3.11 0.200464 -0.0187509 0.201339
3.12 0.199733 -0.0309764 0.202121
3.13 0.198248 -0.0431813 0.202896
3.14 0.196008 -0.0553195 0.203665
3.15 0.193016 -0.0673444 0.204427
3.16 0.189279 -0.0792097 0.205184
3.17 0.184805 -0.0908695 0.205937
3.18 0.179607 -0.102278 0.206687
3.19 0.173699 -0.113391 0.207434
3.2 0.167098 -0.124164 0.208179
3.21 0.159825 -0.134554 0.208923
3.22 0.151903 -0.14452 0.209668
3.23 0.143357 -0.15402 0.210412
3.24 0.134216 -0.163016 0.211159
3.25 0.124508 -0.171471 0.211907
3.26 0.114268 -0.179349 0.212658
3.27 0.103531 -0.186618 0.213412
3.28 0.092333 -0.193244 0.21417
3.29 0.0807135 -0.199201 0.214932
3.3 0.0687133 -0.204459 0.215697
3.31 0.0563749 -0.208997 0.216467
3.32 0.0437424 -0.212791 0.217241
3.33 0.0308612 -0.215823 0.218018
3.34 0.0177779 -0.218077 0.2188
3.35 0.00453995 -0.219539 0.219586
3.36 -0.00880389 -0.220199 0.220375
3.37 -0.0222048 -0.22005 0.221167
3.38 -0.0356129 -0.219086 0.221962
3.39 -0.0489786 -0.217307 0.222759
3.4 -0.0622517 -0.214715 0.223557
3.41 -0.0753822 -0.211313 0.224356
3.42 -0.0883205 -0.207111 0.225156
3.43 -0.101017 -0.202118 0.225956
3.44 -0.113424 -0.196348 0.226754
3.45 -0.125493 -0.189819 0.227551
3.46 -0.137178 -0.18255 0.228347
3.47 -0.148433 -0.174563 0.229139
3.48 -0.159213 -0.165886 0.229928
3.49 -0.169477 -0.156544 0.230713
3.5 -0.179184 -0.146571 0.231495
3.51 -0.188293 -0.135997 0.232271
3.52 -0.19677 -0.124861 0.233042
3.53 -0.204578 -0.113199 0.233807
3.54 -0.211685 -0.101051 0.234567
3.55 -0.218061 -0.0884612 0.235321
3.56 -0.223678 -0.0754717 0.236068
3.57 -0.228513 -0.0621291 0.236808
3.58 -0.232543 -0.0484805 0.237543
3.59 -0.235748 -0.0345743 0.23827
3.6 -0.238113 -0.0204609 0.238991
3.61 -0.239625 -0.00619052 0.239705
3.62 -0.240274 0.00818474 0.240413
3.63 -0.240052 0.0226129 0.241115
3.64 -0.238958 0.037041 0.241811
3.65 -0.236988 0.0514165 0.242502
3.66 -0.234148 0.065686 0.243187
3.67 -0.230443 0.0797969 0.243867
3.68 -0.225881 0.0936968 0.244543
3.69 -0.220477 0.107334 0.245215
3.7 -0.214245 0.120656 0.245883
3.71 -0.207204 0.133614 0.246549
3.72 -0.199376 0.146159 0.247211
3.73 -0.190785 0.158243 0.247871
3.74 -0.181461 0.169819 0.248528
3.75 -0.171433 0.180843 0.249185
3.76 -0.160734 0.191271 0.24984
3.77 -0.1494 0.201065 0.250494
3.78 -0.13747 0.210184 0.251148
3.79 -0.124985 0.218593 0.251802
3.8 -0.111987 0.226258 0.252455
3.81 -0.0985207 0.233148 0.253109
3.82 -0.0846338 0.239234 0.253763
3.83 -0.0703748 0.244491 0.254418
3.84 -0.0557933 0.248896 0.255072
3.85 -0.040941 0.252429 0.255728
3.86 -0.0258708 0.255075 0.256383
3.87 -0.0106356 0.256819 0.257039
3.88 0.00470948 0.257652 0.257695
3.89 0.0201097 0.257567 0.258351
3.9 0.0355096 0.25656 0.259006
3.91 0.0508538 0.254631 0.25966
3.92 0.0660864 0.251784 0.260313
3.93 0.0811522 0.248026 0.260964
3.94 0.0959963 0.243365 0.261614
3.95 0.110564 0.237816 0.262261
3.96 0.124803 0.231395 0.262905
3.97 0.138659 0.224121 0.263546
3.98 0.152082 0.216018 0.264183
3.99 0.165022 0.207112 0.264816
4 0.17743 0.197431 0.265444
4.01 0.189261 0.187008 0.266067
4.02 0.200469 0.175877 0.266684
4.03 0.211012 0.164075 0.267296
4.04 0.220851 0.151643 0.267901
4.05 0.229947 0.138622 0.268499
4.06 0.238265 0.125058 0.269091
4.07 0.245774 0.110996 0.269676
4.08 0.252443 0.0964859 0.270253
4.09 0.258245 0.081577 0.270823
4.1 0.263158 0.0663214 0.271386
4.11 0.26716 0.0507724 0.271942
4.12 0.270235 0.0349846 0.27249
4.13 0.272368 0.0190129 0.273031
4.14 0.27355 0.00291424 0.273565
4.15 0.273773 -0.013255 0.274093
4.16 0.273032 -0.0294375 0.274614
4.17 0.271329 -0.0455759 0.27513
4.18 0.268665 -0.0616125 0.275639
4.19 0.265048 -0.0774905 0.276144
4.2 0.260488 -0.0931529 0.276643
4.21 0.254998 -0.108544 0.277138
4.22 0.248595 -0.123608 0.277629
4.23 0.241298 -0.138291 0.278117
4.24 0.233132 -0.152539 0.278602
4.25 0.224123 -0.166303 0.279084
4.26 0.2143 -0.17953 0.279563
4.27 0.203696 -0.192174 0.280041
4.28 0.192347 -0.204188 0.280518
4.29 0.180289 -0.215529 0.280993
4.3 0.167565 -0.226153 0.281466
4.31 0.154217 -0.236023 0.281939
4.32 0.14029 -0.245102 0.282411
4.33 0.125833 -0.253355 0.282883
4.34 0.110894 -0.260752 0.283354
4.35 0.0955258 -0.267265 0.283823
4.36 0.0797804 -0.272868 0.284292
4.37 0.0637124 -0.27754 0.284759
4.38 0.0473773 -0.281263 0.285225
4.39 0.030832 -0.284021 0.28569
4.4 0.0141339 -0.285802 0.286152
4.41 -0.00265901 -0.286599 0.286611
4.42 -0.0194881 -0.286405 0.287067
4.43 -0.0362947 -0.28522 0.28752
4.44 -0.0530199 -0.283046 0.287969
4.45 -0.0696055 -0.279888 0.288413
4.46 -0.0859931 -0.275756 0.288853
4.47 -0.102125 -0.270661 0.289287
4.48 -0.117945 -0.26462 0.289715
4.49 -0.133397 -0.257652 0.290137
4.5 -0.148427 -0.249779 0.290552
4.51 -0.162982 -0.241028 0.290959
4.52 -0.17701 -0.231426 0.29136
4.53 -0.190462 -0.221006 0.291752
4.54 -0.20329 -0.209802 0.292137
4.55 -0.215449 -0.197853 0.292514
4.56 -0.226896 -0.185198 0.292882
4.57 -0.237589 -0.171879 0.293242
4.58 -0.247491 -0.157943 0.293594
4.59 -0.256566 -0.143435 0.293938
4.6 -0.264781 -0.128406 0.294274
4.61 -0.272108 -0.112907 0.294603
4.62 -0.278519 -0.09699 0.294924
4.63 -0.283992 -0.0807096 0.295238
4.64 -0.288506 -0.0641215 0.295545
4.65 -0.292044 -0.0472826 0.295847
4.66 -0.294593 -0.0302504 0.296142
4.67 -0.296143 -0.0130834 0.296432
4.68 -0.296688 0.00415971 0.296717
4.69 -0.296224 0.0214196 0.296998
4.7 -0.294753 0.038637 0.297274
4.71 -0.292277 0.0557532 0.297548
4.72 -0.288806 0.0727087 0.297817
4.73 -0.284348 0.0894456 0.298085
4.74 -0.278919 0.105906 0.298349
4.75 -0.272537 0.122034 0.298612
4.76 -0.265222 0.137774 0.298872
4.77 -0.256999 0.153071 0.299131
4.78 -0.247895 0.167873 0.299388
4.79 -0.237941 0.182128 0.299644
4.8 -0.227168 0.195789 0.299898
4.81 -0.215615 0.208807 0.300151
4.82 -0.20332 0.221138 0.300401
4.83 -0.190323 0.23274 0.30065
4.84 -0.17667 0.243572 0.300898
4.85 -0.162405 0.253597 0.301142
4.86 -0.147577 0.26278 0.301384
4.87 -0.132236 0.271091 0.301623
4.88 -0.116434 0.278499 0.301859
4.89 -0.100225 0.28498 0.302091
4.9 -0.0836618 0.290512 0.302318
4.91 -0.066802 0.295074 0.302541
4.92 -0.0497018 0.298651 0.302759
4.93 -0.0324194 0.301232 0.302971
4.94 -0.0150127 0.302806 0.303178
4.95 0.00245924 0.303368 0.303378
4.96 0.0199377 0.302916 0.303571
4.97 0.0373637 0.301451 0.303757
4.98 0.0546782 0.298978 0.303937
4.99 0.0718234 0.295505 0.304108
5 0.0887412 0.291044 0.304272
5.01 0.105375 0.28561 0.304429
5.02 0.121668 0.27922 0.304577
5.03 0.137567 0.271897 0.304718
5.04 0.153018 0.263665 0.304851
5.05 0.167969 0.254552 0.304976
5.06 0.182369 0.244588 0.305093
5.07 0.196172 0.233807 0.305203
5.08 0.20933 0.222244 0.305306
5.09 0.221801 0.20994 0.305402
5.1 0.233541 0.196936 0.305492
5.11 0.244514 0.183274 0.305575
5.12 0.254681 0.169001 0.305652
5.13 0.264009 0.154164 0.305724
5.14 0.272468 0.138814 0.305791
5.15 0.280029 0.123002 0.305853
5.16 0.286669 0.106781 0.30591
5.17 0.292364 0.0902045 0.305964
5.18 0.297098 0.0733282 0.306013
5.19 0.300854 0.0562088 0.30606
5.2 0.30362 0.0389028 0.306102
5.21 0.305389 0.0214683 0.306143
5.22 0.306154 0.00396278 0.30618
5.23 0.305914 -0.0135552 0.306215
5.24 0.304671 -0.0310277 0.306247
5.25 0.302429 -0.0483972 0.306276
5.26 0.299195 -0.0656056 0.306304
5.27 0.294983 -0.0825965 0.306329
5.28 0.289806 -0.099314 0.306351
5.29 0.283683 -0.115703 0.306371
5.3 0.276634 -0.131709 0.306388
5.31 0.268683 -0.147281 0.306402
5.32 0.259858 -0.162366 0.306413
5.33 0.250188 -0.176917 0.306421
5.34 0.239706 -0.190885 0.306425
5.35 0.228448 -0.204225 0.306425
5.36 0.21645 -0.216894 0.306421
5.37 0.203754 -0.228851 0.306412
5.38 0.190402 -0.240057 0.306399
5.39 0.176437 -0.250477 0.30638
5.4 0.161908 -0.260077 0.306357
5.41 0.146861 -0.268827 0.306327
5.42 0.131347 -0.2767 0.306292
5.43 0.115418 -0.28367 0.306251
5.44 0.0991251 -0.289716 0.306204
5.45 0.082523 -0.294819 0.306151
5.46 0.0656657 -0.298964 0.306091
5.47 0.0486091 -0.302139 0.306024
5.48 0.0314087 -0.304335 0.305951
5.49 0.0141211 -0.305546 0.305872
5.5 -0.0031977 -0.305769 0.305786
5.51 -0.0204912 -0.305006 0.305693
5.52 -0.0377026 -0.303259 0.305594
5.53 -0.0547769 -0.300538 0.305489
5.54 -0.0716586 -0.296851 0.305377
5.55 -0.0882929 -0.292212 0.30526
5.56 -0.104627 -0.286639 0.305137
5.57 -0.120607 -0.28015 0.305009
5.58 -0.136184 -0.272769 0.304875
5.59 -0.151306 -0.26452 0.304736
5.6 -0.165926 -0.255432 0.304593
5.61 -0.179997 -0.245536 0.304445
5.62 -0.193476 -0.234864 0.304293
5.63 -0.206319 -0.223454 0.304137
5.64 -0.218486 -0.211344 0.303978
5.65 -0.22994 -0.198573 0.303815
5.66 -0.240644 -0.185184 0.303649
5.67 -0.250566 -0.171221 0.30348
5.68 -0.259675 -0.156731 0.303308
5.69 -0.267944 -0.141762 0.303134
5.7 -0.275348 -0.126361 0.302958
5.71 -0.281864 -0.110581 0.302779
5.72 -0.287474 -0.0944709 0.302599
5.73 -0.292161 -0.078085 0.302416
5.74 -0.295913 -0.0614756 0.302231
5.75 -0.298719 -0.0446968 0.302044
5.76 -0.300572 -0.0278023 0.301855
5.77 -0.301469 -0.0108469 0.301664
5.78 -0.301409 0.00611514 0.301471
5.79 -0.300394 0.0230299 0.301275
5.8 -0.298429 0.039843 0.301077
5.81 -0.295523 0.0565009 0.300876
5.82 -0.291688 0.0729514 0.300672
5.83 -0.286937 0.0891418 0.300465
5.84 -0.281288 0.105021 0.300254
5.85 -0.274762 0.12054 0.30004
5.86 -0.26738 0.13565 0.299821
5.87 -0.259168 0.150304 0.299599
5.88 -0.250155 0.164455 0.299371
5.89 -0.240372 0.178061 0.299139
5.9 -0.22985 0.19108 0.298902
5.91 -0.218625 0.203472 0.29866
5.92 -0.206736 0.215198 0.298412
5.93 -0.19422 0.226225 0.298159
5.94 -0.181119 0.236518 0.2979
5.95 -0.167476 0.246046 0.297636
5.96 -0.153336 0.254782 0.297365
5.97 -0.138745 0.262701 0.297089
5.98 -0.12375 0.269779 0.296807
5.99 -0.108399 0.275996 0.29652
6 -0.092742 0.281335 0.296227
6.01 -0.076829 0.285781 0.295928
6.02 -0.0607108 0.289324 0.295625
6.03 -0.0444389 0.291954 0.295317
6.04 -0.0280648 0.293665 0.295003
6.05 -0.0116402 0.294456 0.294686
6.06 0.00478274 0.294326 0.294364
6.07 0.0211527 0.293277 0.294039
6.08 0.0374185 0.291317 0.29371
6.09 0.0535289 0.288454 0.293378
6.1 0.0694344 0.284699 0.293044
6.11 0.0850852 0.280068 0.292707
6.12 0.100433 0.274576 0.292368
6.13 0.115431 0.268244 0.292027
6.14 0.130033 0.261095 0.291684
6.15 0.144195 0.253153 0.29134
6.16 0.157874 0.244446 0.290995
6.17 0.171027 0.235003 0.290649
6.18 0.183616 0.224855 0.290301
6.19 0.195604 0.214038 0.289954
6.2 0.206954 0.202586 0.289605
6.21 0.217634 0.190537 0.289256
6.22 0.227611 0.177932 0.288906
6.23 0.236857 0.16481 0.288555
6.24 0.245346 0.151215 0.288203
6.25 0.253054 0.137191 0.28785
6.26 0.259959 0.122781 0.287496
6.27 0.266041 0.108034 0.28714
6.28 0.271286 0.0929943 0.286782
6.29 0.275679 0.0777113 0.286423
6.3 0.279209 0.0622325 0.286061
6.31 0.281869 0.046607 0.285696
6.32 0.283653 0.0308836 0.285329
6.33 0.284558 0.0151111 0.284959
6.34 0.284584 -0.000661169 0.284585
6.35 0.283735 -0.0163841 0.284208
6.36 0.282015 -0.0320099 0.283826
6.37 0.279434 -0.0474898 0.283441
6.38 0.276002 -0.062777 0.283051
6.39 0.271732 -0.0778246 0.282657
6.4 0.266641 -0.0925872 0.282258
6.41 0.260747 -0.10702 0.281855
6.42 0.254071 -0.12108 0.281447
6.43 0.246637 -0.134724 0.281035
6.44 0.23847 -0.147913 0.280618
6.45 0.229598 -0.160608 0.280196
6.46 0.220051 -0.17277 0.279771
6.47 0.20986 -0.184364 0.279341
6.48 0.19906 -0.195358 0.278908
6.49 0.187685 -0.205719 0.278471
6.5 0.175774 -0.215417 0.27803
6.51 0.163364 -0.224426 0.277587
6.52 0.150495 -0.232719 0.277141
6.53 0.13721 -0.240275 0.276693
6.54 0.123549 -0.247073 0.276242
6.55 0.109558 -0.253095 0.27579
6.56 0.0952787 -0.258326 0.275337
6.57 0.0807576 -0.262751 0.274882
6.58 0.0660397 -0.266361 0.274426
6.59 0.0511709 -0.269149 0.27397
6.6 0.0361975 -0.271107 0.273513
6.61 0.021166 -0.272234 0.273056
6.62 0.00612212 -0.27253 0.272599
6.63 -0.00888716 -0.271996 0.272141
6.64 -0.0238167 -0.270638 0.271684
6.65 -0.0386206 -0.268462 0.271226
6.66 -0.0532542 -0.265479 0.270768
6.67 -0.0676735 -0.261702 0.27031
6.68 -0.0818349 -0.257144 0.269852
6.69 -0.0956963 -0.251822 0.269392
6.7 -0.109217 -0.245757 0.268932
6.71 -0.122356 -0.238969 0.268472
6.72 -0.135075 -0.231482 0.268009
6.73 -0.147337 -0.223322 0.267546
6.74 -0.159106 -0.214515 0.26708
6.75 -0.170349 -0.205093 0.266612
6.76 -0.181034 -0.195086 0.266142
6.77 -0.191129 -0.184526 0.265669
6.78 -0.200607 -0.173448 0.265193
6.79 -0.209441 -0.161889 0.264714
6.8 -0.217607 -0.149885 0.264231
6.81 -0.225083 -0.137474 0.263745
6.82 -0.231849 -0.124696 0.263255
6.83 -0.237888 -0.111592 0.262761
6.84 -0.243183 -0.0982019 0.262262
6.85 -0.247723 -0.0845685 0.26176
6.86 -0.251496 -0.070734 0.261254
6.87 -0.254495 -0.0567413 0.260743
6.88 -0.256713 -0.0426334 0.260229
6.89 -0.258148 -0.0284542 0.259711
6.9 -0.258797 -0.0142461 0.259189
6.91 -0.258664 -5.32814e-05 0.258664
6.92 -0.257751 0.0140818 0.258136
6.93 -0.256066 0.0281165 0.257605
6.94 -0.253615 0.0420083 0.257071
6.95 -0.250411 0.0557161 0.256535
6.96 -0.246467 0.0691989 0.255997
6.97 -0.241797 0.0824169 0.255457
6.98 -0.236419 0.0953312 0.254916
6.99 -0.230353 0.107904 0.254373
7 -0.22362 0.120099 0.25383
7.01 -0.216244 0.13188 0.253286
7.02 -0.20825 0.143215 0.252742
7.03 -0.199665 0.154069 0.252197
7.04 -0.190517 0.164414 0.251652
7.05 -0.180839 0.17422 0.251108
7.06 -0.17066 0.183459 0.250564
7.07 -0.160014 0.192107 0.25002
7.08 -0.148936 0.20014 0.249476
7.09 -0.137462 0.207536 0.248932
7.1 -0.125627 0.214276 0.248388
7.11 -0.11347 0.220344 0.247844
7.12 -0.101028 0.225722 0.2473
7.13 -0.0883414 0.230399 0.246755
7.14 -0.0754491 0.234364 0.24621
7.15 -0.0623912 0.237609 0.245663
7.16 -0.0492077 0.240126 0.245116
7.17 -0.0359397 0.241912 0.244567
7.18 -0.022627 0.242964 0.244016
7.19 -0.00931041 0.243285 0.243463
7.2 0.00396961 0.242875 0.242907
7.21 0.0171737 0.24174 0.242349
7.22 0.0302619 0.239887 0.241788
7.23 0.0431955 0.237325 0.241224
7.24 0.0559362 0.234065 0.240656
7.25 0.0684466 0.230122 0.240085
7.26 0.08069 0.225509 0.23951
7.27 0.0926309 0.220245 0.238932
7.28 0.104235 0.214349 0.238349
7.29 0.115469 0.207841 0.237763
7.3 0.126301 0.200745 0.237172
7.31 0.1367 0.193086 0.236577
7.32 0.146637 0.184888 0.235979
7.33 0.156086 0.176181 0.235377
7.34 0.165019 0.166992 0.234771
7.35 0.173413 0.157352 0.234162
7.36 0.181246 0.147293 0.23355
7.37 0.188497 0.136848 0.232934
7.38 0.195147 0.126049 0.232316
7.39 0.20118 0.114932 0.231695
7.4 0.206581 0.103531 0.231072
7.41 0.211337 0.0918835 0.230447
7.42 0.215437 0.0800249 0.22982
7.43 0.218873 0.0679927 0.229191
7.44 0.221639 0.0558236 0.228561
7.45 0.22373 0.0435556 0.22793
7.46 0.225142 0.0312263 0.227298
7.47 0.225878 0.0188726 0.226665
7.48 0.225936 0.00653262 0.226031
7.49 0.225323 -0.00575695 0.225396
7.5 0.224043 -0.0179592 0.224761
7.51 0.222104 -0.030038 0.224126
7.52 0.219516 -0.0419575 0.22349
7.53 0.216291 -0.0536829 0.222853
7.54 0.212442 -0.0651799 0.222216
7.55 0.207984 -0.0764157 0.221578
7.56 0.202935 -0.0873574 0.220939
7.57 0.197314 -0.0979742 0.2203
7.58 0.191141 -0.108236 0.219658
7.59 0.184437 -0.118115 0.219016
7.6 0.177227 -0.127582 0.218372
7.61 0.169535 -0.136612 0.217727
7.62 0.161387 -0.145182 0.21708
7.63 0.152811 -0.153267 0.21643
7.64 0.143835 -0.160847 0.215779
7.65 0.13449 -0.167902 0.215125
7.66 0.124804 -0.174415 0.214468
7.67 0.114809 -0.180369 0.213809
7.68 0.104539 -0.18575 0.213146
7.69 0.0940239 -0.190546 0.212481
7.7 0.0832986 -0.194746 0.211813
7.71 0.0723965 -0.198342 0.211142
7.72 0.0613511 -0.201327 0.210468
7.73 0.0501964 -0.203696 0.20979
7.74 0.0389673 -0.205447 0.20911
7.75 0.0276971 -0.206578 0.208426
7.76 0.0164205 -0.20709 0.20774
7.77 0.00517114 -0.206986 0.20705
7.78 -0.00601743 -0.20627 0.206358
7.79 -0.0171122 -0.20495 0.205664
7.8 -0.0280805 -0.203034 0.204966
7.81 -0.0388906 -0.200531 0.204267
7.82 -0.0495108 -0.197453 0.203566
7.83 -0.0599113 -0.193814 0.202863
7.84 -0.0700621 -0.189628 0.202157
7.85 -0.0799349 -0.184913 0.201451
7.86 -0.089502 -0.179687 0.200744
7.87 -0.0987375 -0.173968 0.200035
7.88 -0.107616 -0.167778 0.199325
7.89 -0.116113 -0.161138 0.198615
7.9 -0.124207 -0.154073 0.197904
7.91 -0.131877 -0.146606 0.197193
7.92 -0.139102 -0.138763 0.196481
7.93 -0.145866 -0.130571 0.195769
7.94 -0.15215 -0.122055 0.195057
7.95 -0.157941 -0.113245 0.194344
7.96 -0.163224 -0.10417 0.193632
7.97 -0.167988 -0.0948575 0.19292
7.98 -0.172224 -0.085338 0.192207
7.99 -0.175922 -0.0756416 0.191495
8 -0.179076 -0.0657989 0.190782
8.01 -0.181681 -0.0558398 0.190069
8.02 -0.183734 -0.0457955 0.189355
8.03 -0.185233 -0.0356963 0.188641
8.04 -0.186178 -0.0255728 0.187926
8.05 -0.186571 -0.0154552 0.187211
8.06 -0.186416 -0.0053738 0.186494
8.07 -0.185718 0.00464225 0.185776
8.08 -0.184483 0.014563 0.185057
8.09 -0.182719 0.0243608 0.184336
8.1 -0.180437 0.0340068 0.183614
8.11 -0.177648 0.0434743 0.18289
8.12 -0.174363 0.0527364 0.182164
8.13 -0.170598 0.061768 0.181436
8.14 -0.166368 0.0705441 0.180706
8.15 -0.161688 0.0790412 0.179974
8.16 -0.156578 0.0872365 0.17924
8.17 -0.151056 0.0951088 0.178504
8.18 -0.145142 0.102638 0.177766
8.19 -0.138857 0.109804 0.177026
8.2 -0.132223 0.116591 0.176285
8.21 -0.125263 0.122981 0.175542
8.22 -0.118 0.128959 0.174798
8.23 -0.110458 0.134511 0.174053
8.24 -0.102663 0.139626 0.173307
8.25 -0.094639 0.144293 0.17256
8.26 -0.0864124 0.148501 0.171813
8.27 -0.0780087 0.152244 0.171066
8.28 -0.069455 0.155515 0.17032
8.29 -0.0607771 0.158308 0.169574
8.3 -0.0520021 0.160621 0.168829
8.31 -0.0431562 0.16245 0.168085
8.32 -0.0342663 0.163797 0.167342
8.33 -0.0253585 0.164661 0.166602
8.34 -0.0164594 0.165044 0.165863
8.35 -0.00759425 0.164952 0.165126
8.36 0.00121091 0.164388 0.164392
8.37 0.00993147 0.163358 0.16366
8.38 0.0185427 0.161872 0.162931
8.39 0.0270209 0.159937 0.162204
8.4 0.0353426 0.157565 0.16148
8.41 0.0434854 0.154766 0.160759
8.42 0.0514275 0.151552 0.16004
8.43 0.0591482 0.147938 0.159324
8.44 0.0666273 0.143938 0.15861
8.45 0.073846 0.139567 0.157899
8.46 0.0807858 0.134843 0.15719
8.47 0.0874304 0.129781 0.156484
8.48 0.093763 0.124401 0.155779
8.49 0.0997692 0.118722 0.155076
8.5 0.105435 0.112762 0.154375
8.51 0.110749 0.106541 0.153676
8.52 0.115698 0.100081 0.152978
8.53 0.120273 0.0934021 0.152281
8.54 0.124464 0.0865257 0.151585
8.55 0.128265 0.0794735 0.15089
8.56 0.131668 0.0722676 0.150196
8.57 0.134668 0.0649297 0.149503
8.58 0.137261 0.0574823 0.148811
8.59 0.139445 0.0499474 0.14812
8.6 0.141217 0.0423477 0.14743
8.61 0.142577 0.0347044 0.14674
8.62 0.143527 0.0270403 0.146052
8.63 0.144068 0.0193767 0.145365
8.64 0.144203 0.011735 0.144679
8.65 0.143936 0.00413633 0.143995
8.66 0.143273 -0.00339848 0.143313
8.67 0.142219 -0.0108491 0.142633
8.68 0.140784 -0.0181962 0.141955
8.69 0.138974 -0.0254202 0.141279
8.7 0.136799 -0.0325026 0.140607
8.71 0.134269 -0.0394254 0.139938
8.72 0.131396 -0.0461714 0.139272
8.73 0.128191 -0.0527241 0.138611
8.74 0.124668 -0.0590675 0.137953
8.75 0.120838 -0.0651865 0.137299
8.76 0.116717 -0.0710675 0.136651
8.77 0.112318 -0.0766963 0.136006
8.78 0.107658 -0.0820612 0.135367
8.79 0.102752 -0.0871501 0.134734
8.8 0.097616 -0.0919526 0.134105
8.81 0.0922666 -0.0964587 0.133482
8.82 0.0867209 -0.10066 0.132864
8.83 0.0809958 -0.104548 0.132252
8.84 0.0751092 -0.108116 0.131646
8.85 0.0690786 -0.111359 0.131045
8.86 0.0629219 -0.114271 0.130449
8.87 0.0566566 -0.116847 0.129858
8.88 0.0503011 -0.119086 0.129274
8.89 0.0438732 -0.120985 0.128694
8.9 0.0373905 -0.122542 0.128119
8.91 0.0308712 -0.123758 0.12755
8.92 0.0243326 -0.124632 0.126985
8.93 0.0177923 -0.125167 0.126425
8.94 0.0112672 -0.125364 0.12587
8.95 0.00477463 -0.125228 0.125319
8.96 -0.00166929 -0.124761 0.124772
8.97 -0.00804798 -0.123969 0.12423
8.98 -0.0143458 -0.122858 0.123693
8.99 -0.0205473 -0.121433 0.123159
9 -0.0266376 -0.119702 0.12263
9.01 -0.0326019 -0.117672 0.122105
9.02 -0.038427 -0.115352 0.121585
9.03 -0.0440985 -0.112752 0.121069
9.04 -0.0496044 -0.109879 0.120557
9.05 -0.0549319 -0.106745 0.12005
9.06 -0.0600697 -0.103361 0.119549
9.07 -0.0650065 -0.0997372 0.119052
9.08 -0.0697322 -0.0958855 0.118561
9.09 -0.0742366 -0.091818 0.118075
9.1 -0.0785113 -0.0875473 0.117595
9.11 -0.0825472 -0.0830859 0.117121
9.12 -0.0863368 -0.0784472 0.116653
9.13 -0.0898731 -0.0736442 0.116192
9.14 -0.09315 -0.0686908 0.115738
9.15 -0.0961612 -0.0636008 0.115291
9.16 -0.0989023 -0.0583876 0.114851
9.17 -0.101369 -0.0530661 0.114419
9.18 -0.103557 -0.0476496 0.113994
9.19 -0.105464 -0.0421532 0.113576
9.2 -0.107088 -0.0365905 0.113167
9.21 -0.108427 -0.0309762 0.112765
9.22 -0.109481 -0.0253242 0.112371
9.23 -0.110248 -0.0196492 0.111985
9.24 -0.11073 -0.0139646 0.111607
9.25 -0.110928 -0.00828477 0.111237
9.26 -0.110843 -0.00262332 0.110874
9.27 -0.110478 0.00300582 0.110519
9.28 -0.109836 0.00858995 0.110171
9.29 -0.10892 0.0141148 0.109831
9.3 -0.107735 0.0195685 0.109497
9.31 -0.106285 0.0249376 0.109171
9.32 -0.104575 0.0302103 0.108851
9.33 -0.102611 0.0353742 0.108538
9.34 -0.1004 0.0404177 0.10823
9.35 -0.0979486 0.0453294 0.107929
9.36 -0.0952634 0.0500987 0.107634
9.37 -0.0923529 0.0547143 0.107344
9.38 -0.0892247 0.0591668 0.10706
9.39 -0.0858877 0.063446 0.106781
9.4 -0.082351 0.067543 0.106507
9.41 -0.0786241 0.0714486 0.106239
9.42 -0.0747162 0.0751546 0.105975
9.43 -0.0706382 0.0786532 0.105717
9.44 -0.0663998 0.0819367 0.105464
9.45 -0.0620125 0.0849987 0.105216
9.46 -0.0574868 0.0878323 0.104973
9.47 -0.0528341 0.090432 0.104735
9.48 -0.0480661 0.0927925 0.104503
9.49 -0.0431947 0.0949088 0.104276
9.5 -0.0382312 0.0967767 0.104055
9.51 -0.0331885 0.0983927 0.103839
9.52 -0.0280784 0.0997535 0.10363
9.53 -0.0229137 0.100857 0.103427
9.54 -0.0177065 0.1017 0.10323
9.55 -0.0124699 0.102282 0.103039
9.56 -0.00721616 0.102602 0.102855
9.57 -0.00195817 0.10266 0.102678
9.58 0.00329139 0.102455 0.102508
9.59 0.00851994 0.101989 0.102345
9.6 0.0137145 0.101264 0.102188
9.61 0.0188627 0.100281 0.102039
9.62 0.023952 0.099042 0.101897
9.63 0.0289699 0.0975517 0.101762
9.64 0.0339041 0.0958126 0.101634
9.65 0.0387426 0.0938297 0.101514
9.66 0.0434734 0.0916075 0.1014
9.67 0.0480848 0.0891516 0.101292
9.68 0.0525652 0.0864674 0.101191
9.69 0.0569037 0.0835621 0.101097
9.7 0.0610888 0.080442 0.101009
9.71 0.0651107 0.0771152 0.100927
9.72 0.0689582 0.0735895 0.10085
9.73 0.0726221 0.0698734 0.100778
9.74 0.0760926 0.065976 0.100712
9.75 0.0793605 0.0619067 0.100651
9.76 0.082417 0.0576753 0.100593
9.77 0.0852546 0.0532924 0.100541
9.78 0.0878647 0.0487687 0.100492
9.79 0.0902406 0.0441154 0.100447
9.8 0.0923754 0.0393441 0.100405
9.81 0.0942633 0.0344665 0.100367
9.82 0.095898 0.0294953 0.100331
9.83 0.0972755 0.0244426 0.100299
9.84 0.0983906 0.0193218 0.10027
9.85 0.0992401 0.0141453 0.100243
9.86 0.0998207 0.00892745 0.100219
9.87 0.10013 0.00368102 0.100197
9.88 0.100166 -0.00158003 0.100178
9.89 0.0999281 -0.00684184 0.100162
9.9 0.0994155 -0.0120901 0.100148
9.91 0.098629 -0.0173114 0.100137
9.92 0.0975693 -0.022491 0.100128
9.93 0.0962384 -0.0276151 0.100122
9.94 0.0946387 -0.0326694 0.100119
9.95 0.0927732 -0.0376404 0.100118
9.96 0.0906463 -0.0425135 0.100121
9.97 0.0882625 -0.0472756 0.100126
9.98 0.0856275 -0.0519124 0.100135
9.99 0.0827468 -0.0564112 0.100146
10 0.0796281 -0.0607586 0.100161
10.01 0.0762785 -0.0649418 0.100179
10.02 0.0727064 -0.0689484 0.1002
10.03 0.0689207 -0.0727666 0.100225
10.04 0.0649315 -0.076384 0.100253
10.05 0.0607485 -0.0797902 0.100284
10.06 0.0563831 -0.0829738 0.100318
10.07 0.0518463 -0.0859251 0.100355
10.08 0.0471509 -0.0886344 0.100396
10.09 0.0423089 -0.0910926 0.100439
10.1 0.0373342 -0.0932912 0.100484
10.11 0.0322398 -0.0952229 0.100533
10.12 0.0270405 -0.0968805 0.100583
10.13 0.0217504 -0.0982575 0.100636
10.14 0.0163846 -0.0993488 0.100691
10.15 0.0109587 -0.10015 0.100747
10.16 0.00548825 -0.100656 0.100805
10.17 -1.12356e-05 -0.100865 0.100865
10.18 -0.00552292 -0.100774 0.100925
10.19 -0.0110312 -0.100382 0.100987
10.2 -0.0165192 -0.0996892 0.101049
10.21 -0.0219706 -0.098695 0.101111
10.22 -0.0273686 -0.0974017 0.101174
10.23 -0.032697 -0.095811 0.101237
10.24 -0.0379389 -0.0939267 0.1013
10.25 -0.0430784 -0.0917523 0.101362
10.26 -0.0480992 -0.0892936 0.101424
10.27 -0.0529853 -0.0865562 0.101486
10.28 -0.0577211 -0.0835472 0.101547
10.29 -0.0622914 -0.0802742 0.101608
10.3 -0.0666811 -0.0767465 0.101668
10.31 -0.0708759 -0.072973 0.101727
10.32 -0.0748617 -0.0689649 0.101786
10.33 -0.0786252 -0.0647327 0.101844
10.34 -0.0821537 -0.0602893 0.101902
10.35 -0.0854344 -0.0556471 0.101959
10.36 -0.0884565 -0.0508199 0.102016
10.37 -0.0912086 -0.0458217 0.102072
10.38 -0.0936815 -0.0406679 0.102128
10.39 -0.095865 -0.0353739 0.102183
10.4 -0.0977517 -0.0299557 0.102239
10.41 -0.0993337 -0.0244303 0.102294
10.42 -0.100605 -0.0188148 0.102349
10.43 -0.101559 -0.0131266 0.102403
10.44 -0.102192 -0.00738401 0.102458
10.45 -0.1025 -0.00160489 0.102512
10.46 -0.102481 0.00419193 0.102567
10.47 -0.102133 0.0099876 0.10262
10.48 -0.101456 0.0157639 0.102673
10.49 -0.10045 0.0215011 0.102726
10.5 -0.0991183 0.0271809 0.102778
10.51 -0.0974623 0.032784 0.102828
10.52 -0.0954867 0.0382922 0.102879
10.53 -0.0931964 0.0436864 0.102927
10.54 -0.0905975 0.0489486 0.102975
10.55 -0.0876972 0.0540608 0.103021
10.56 -0.084504 0.0590055 0.103066
10.57 -0.0810269 0.0637654 0.103109
10.58 -0.0772767 0.0683243 0.10315
10.59 -0.0732642 0.0726656 0.103189
10.6 -0.0690021 0.0767747 0.103226
10.61 -0.0645038 0.0806361 0.103261
10.62 -0.0597828 0.0842366 0.103295
10.63 -0.0548546 0.0875625 0.103326
10.64 -0.0497347 0.0906022 0.103355
10.65 -0.0444399 0.0933438 0.103383
10.66 -0.038987 0.0957773 0.103408
10.67 -0.0333944 0.0978932 0.103432
10.68 -0.0276802 0.0996833 0.103455
10.69 -0.0218634 0.10114 0.103476
10.7 -0.0159635 0.102258 0.103497
10.71 -0.0100005 0.103032 0.103516
10.72 -0.00399435 0.103458 0.103535
10.73 0.00203399 0.103534 0.103554
10.74 0.00806469 0.103257 0.103572
10.75 0.0140762 0.102629 0.10359
10.76 0.0200483 0.10165 0.103608
10.77 0.0259597 0.100323 0.103627
10.78 0.0317903 0.0986503 0.103646
10.79 0.0375191 0.0966379 0.103666
10.8 0.0431262 0.0942912 0.103686
10.81 0.0485914 0.0916179 0.103706
10.82 0.0538956 0.0886261 0.103727
10.83 0.0590194 0.0853257 0.103749
10.84 0.0639447 0.0817272 0.10377
10.85 0.068653 0.0778427 0.103792
10.86 0.073128 0.0736846 0.103813
10.87 0.0773527 0.0692678 0.103834
10.88 0.0813116 0.064606 0.103853
10.89 0.0849904 0.0597163 0.103872
10.9 0.0883751 0.0546146 0.103889
10.91 0.0914529 0.0493191 0.103904
10.92 0.0942121 0.0438476 0.103916
10.93 0.0966424 0.0382197 0.103925
10.94 0.098734 0.0324546 0.103931
10.95 0.100479 0.0265732 0.103934
10.96 0.10187 0.0205956 0.103931
10.97 0.102902 0.0145434 0.103925
10.98 0.103569 0.00843774 0.103913
10.99 0.10387 0.00230119 0.103896
11 0.103801 -0.00384534 0.103873
11.01 0.103364 -0.00997905 0.103845
11.02 0.102557 -0.0160779 0.10381
11.03 0.101385 -0.0221199 0.10377
11.04 0.0998494 -0.0280832 0.103724
11.05 0.0979564 -0.033946 0.103672
11.06 0.0957117 -0.0396869 0.103614
11.07 0.0931232 -0.0452851 0.10355
11.08 0.0901994 -0.0507199 0.103482
11.09 0.086951 -0.0559713 0.103408
11.1 0.0833889 -0.0610198 0.10333
11.11 0.0795261 -0.0658468 0.103248
11.12 0.0753757 -0.0704345 0.103163
11.13 0.0709534 -0.0747659 0.103074
11.14 0.0662744 -0.0788243 0.102983
11.15 0.0613557 -0.0825953 0.102891
11.16 0.0562153 -0.0860638 0.102797
11.17 0.0508717 -0.0892176 0.102702
11.18 0.0453444 -0.0920442 0.102607
11.19 0.0396536 -0.0945332 0.102513
11.2 0.0338203 -0.0966749 0.10242
11.21 0.0278658 -0.0984615 0.102329
11.22 0.0218123 -0.0998853 0.102239
11.23 0.0156818 -0.100942 0.102152
11.24 0.00949712 -0.101626 0.102068
11.25 0.00328132 -0.101935 0.101988
11.26 -0.00294256 -0.101868 0.10191
11.27 -0.00915165 -0.101425 0.101837
11.28 -0.0153221 -0.100607 0.101767
11.29 -0.0214317 -0.0994172 0.101701
11.3 -0.0274569 -0.0978597 0.101639
11.31 -0.0333757 -0.0959405 0.10158
11.32 -0.0391657 -0.0936664 0.101525
11.33 -0.0448052 -0.0910461 0.101474
11.34 -0.0502729 -0.0880889 0.101425
11.35 -0.0555486 -0.0848062 0.101379
11.36 -0.060612 -0.0812101 0.101336
11.37 -0.0654445 -0.0773144 0.101294
11.38 -0.0700276 -0.0731334 0.101254
11.39 -0.0743447 -0.0686833 0.101215
11.4 -0.0783785 -0.063981 0.101177
11.41 -0.0821148 -0.0590437 0.101139
11.42 -0.085539 -0.0538911 0.1011
11.43 -0.0886385 -0.0485419 0.10106
11.44 -0.0914015 -0.0430173 0.101018
11.45 -0.0938178 -0.0373379 0.100975
11.46 -0.0958781 -0.0315256 0.100928
11.47 -0.0975752 -0.0256026 0.100878
11.48 -0.0989024 -0.0195918 0.100824
11.49 -0.099855 -0.0135156 0.100766
11.5 -0.10043 -0.00739808 0.100702
11.51 -0.100625 -0.00126222 0.100633
11.52 -0.100439 0.00486773 0.100557
11.53 -0.0998738 0.0109692 0.100474
11.54 -0.0989318 0.0170177 0.100385
11.55 -0.0976162 0.0229907 0.100287
11.56 -0.0959334 0.0288646 0.100182
11.57 -0.093889 0.0346173 0.100067
11.58 -0.091492 0.0402262 0.0999447
11.59 -0.0887516 0.04567 0.0998128
11.6 -0.0856786 0.0509275 0.0996716
11.61 -0.0822851 0.0559787 0.0995211
11.62 -0.0785849 0.060804 0.0993615
11.63 -0.0745919 0.0653848 0.0991924
11.64 -0.0703223 0.0697036 0.0990142
11.65 -0.0657925 0.0737437 0.0988271
11.66 -0.0610208 0.0774898 0.0986317
11.67 -0.0560251 0.0809274 0.0984279
11.68 -0.0508258 0.0840438 0.0982172
11.69 -0.0454426 0.0868265 0.0979993
11.7 -0.0398971 0.0892659 0.0977761
11.71 -0.0343383 0.0916375 0.0978598
11.72 -0.0287702 0.0939406 0.0982474
11.73 -0.0231969 0.096174 0.0989319
11.74 -0.0176226 0.0983363 0.0999029
11.75 -0.0120512 0.100426 0.101147
11.76 -0.00648686 0.102444 0.102649
11.77 -0.000933786 0.104386 0.10439
11.78 0.00460384 0.106254 0.106354
11.79 0.0101219 0.108046 0.108519
11.8 0.0156163 0.109762 0.110867
11.81 0.0210824 0.1114 0.113377
11.82 0.0265165 0.11296 0.116031
11.83 0.0319136 0.114442 0.118809
11.84 0.0372705 0.115846 0.121694
11.85 0.0425822 0.11717 0.124668
11.86 0.0478447 0.118415 0.127716
11.87 0.0530539 0.119581 0.130822
11.88 0.0582059 0.120668 0.133972
11.89 0.0632957 0.121675 0.137153
11.9 0.0683201 0.122603 0.140353
11.91 0.0732742 0.123451 0.14356
11.92 0.0781548 0.124222 0.146763
11.93 0.082957 0.124914 0.149952
11.94 0.0876776 0.125529 0.153117
11.95 0.0923119 0.126067 0.156251
11.96 0.0968568 0.126529 0.159345
11.97 0.101308 0.126916 0.162391
11.98 0.105662 0.127228 0.165382
11.99 0.109915 0.127467 0.168312
12 0.114063 0.127634 0.171174
12.01 0.118103 0.12773 0.173963
12.02 0.122031 0.127756 0.176673
12.03 0.125844 0.127715 0.179298
12.04 0.129539 0.127606 0.181834
12.05 0.133112 0.127434 0.184277
12.06 0.136561 0.127197 0.186622
12.07 0.139881 0.1269 0.188866
12.08 0.143071 0.126542 0.191003
12.09 0.146128 0.126128 0.193032
12.1 0.149047 0.125658 0.194949
12.11 0.151829 0.125134 0.19675
12.12 0.154469 0.12456 0.198433
12.13 0.156965 0.123937 0.199996
12.14 0.159315 0.123267 0.201435
12.15 0.161517 0.122554 0.202749
12.16 0.163568 0.121799 0.203935
12.17 0.165468 0.121005 0.204992
12.18 0.167213 0.120176 0.205918
12.19 0.168803 0.119312 0.206712
12.2 0.170235 0.118419 0.207372
12.21 0.171509 0.117498 0.207897
12.22 0.172623 0.116552 0.208286
12.23 0.173576 0.115583 0.208538
12.24 0.174367 0.114597 0.208654
12.25 0.174995 0.113594 0.208631
12.26 0.175459 0.112579 0.20847
12.27 0.175759 0.111554 0.208172
12.28 0.175893 0.110523 0.207735
12.29 0.175863 0.109488 0.20716
12.3 0.175667 0.108453 0.206448
12.31 0.175305 0.107421 0.2056
12.32 0.174778 0.106396 0.204616
12.33 0.174086 0.10538 0.203496
12.34 0.173228 0.104378 0.202244
12.35 0.172205 0.103391 0.200859
12.36 0.171019 0.102424 0.199344
12.37 0.169669 0.10148 0.197701
12.38 0.168156 0.100561 0.195931
12.39 0.166481 0.0996722 0.194037
12.4 0.164645 0.0988154 0.192022
12.41 0.16265 0.0979944 0.189889
12.42 0.160496 0.0972122 0.187641
12.43 0.158185 0.0964718 0.185282
12.44 0.155719 0.0957767 0.182816
12.45 0.153098 0.0951298 0.180247
12.46 0.150326 0.0945337 0.17758
12.47 0.147403 0.0939922 0.17482
12.48 0.144331 0.0935075 0.171974
12.49 0.141113 0.0930829 0.169048
12.5 0.137751 0.0927207 0.166049
12.51 0.134246 0.0924246 0.162986
12.52 0.130602 0.0921963 0.159865
12.53 0.12682 0.092039 0.156699
12.54 0.122903 0.0919548 0.153495
12.55 0.118854 0.0919467 0.150268
12.56 0.114675 0.0920164 0.147028
12.57 0.110369 0.092167 0.143791
12.58 0.105938 0.0923997 0.140573
12.59 0.101387 0.0927177 0.137389
12.6 0.0967163 0.093122 0.13426
12.61 0.0919307 0.0936151 0.131206
12.62 0.0870323 0.0941983 0.12825
12.63 0.0820251 0.0948738 0.125416
12.64 0.0769111 0.0956428 0.122731
12.65 0.0716946 0.0965068 0.120223
12.66 0.066378 0.0974672 0.117923
12.67 0.0609651 0.098525 0.115862
12.68 0.055459 0.0996815 0.114071
12.69 0.0498634 0.100938 0.112582
12.7 0.0441811 0.102294 0.111427
12.71 0.0384163 0.103751 0.110635
12.72 0.0325717 0.10531 0.110232
12.73 0.0266513 0.10697 0.11024
12.74 0.0206585 0.108733 0.110678
12.75 0.0145969 0.110597 0.111557
12.76 0.00847 0.112565 0.112883
12.77 0.00228117 0.114634 0.114656
12.78 -0.00396557 0.116805 0.116872
12.79 -0.0102672 0.119077 0.119519
12.8 -0.0166195 0.12145 0.122582
12.81 -0.0230197 0.123922 0.126042
12.82 -0.0294633 0.126494 0.12988
12.83 -0.0359471 0.129164 0.134073
12.84 -0.0424676 0.13193 0.138597
12.85 -0.0490213 0.134792 0.143429
12.86 -0.055604 0.137748 0.148547
12.87 -0.0622131 0.140796 0.153929
12.88 -0.0688441 0.143935 0.159552
12.89 -0.0754943 0.147162 0.165397
12.9 -0.0821593 0.150476 0.171445
12.91 -0.0888366 0.153875 0.177678
12.92 -0.0955219 0.157356 0.184079
12.93 -0.102212 0.160916 0.190634
12.94 -0.108904 0.164554 0.197327
12.95 -0.115594 0.168266 0.204145
12.96 -0.122278 0.172049 0.211076
12.97 -0.128955 0.175901 0.218107
12.98 -0.135618 0.179819 0.225227
12.99 -0.142267 0.183799 0.232427
13 -0.148898 0.187838 0.239695
13.01 -0.155507 0.191933 0.247024
13.02 -0.162091 0.19608 0.254403
13.03 -0.168648 0.200275 0.261825
13.04 -0.175174 0.204515 0.269281
13.05 -0.181666 0.208796 0.276764
13.06 -0.188122 0.213113 0.284266
13.07 -0.194538 0.217463 0.291779
13.08 -0.200911 0.221842 0.299298
13.09 -0.20724 0.226245 0.306814
13.1 -0.21352 0.230668 0.314322
13.11 -0.219749 0.235107 0.321815
13.12 -0.225926 0.239557 0.329287
13.13 -0.232046 0.244013 0.336731
13.14 -0.238109 0.248472 0.344142
13.15 -0.24411 0.252927 0.351514
13.16 -0.250047 0.257376 0.35884
13.17 -0.25592 0.261812 0.366115
13.18 -0.261724 0.266231 0.373334
13.19 -0.267458 0.270628 0.380491
13.2 -0.273119 0.274998 0.38758
13.21 -0.278706 0.279336 0.394596
13.22 -0.284216 0.283638 0.401533
13.23 -0.289647 0.287897 0.408387
13.24 -0.294998 0.29211 0.415153
13.25 -0.300266 0.296269 0.421824
13.26 -0.305449 0.300373 0.428396
13.27 -0.310546 0.304413 0.434863
13.28 -0.315555 0.308386 0.441222
13.29 -0.320474 0.312286 0.447467
13.3 -0.325301 0.316109 0.453592
13.31 -0.330035 0.319849 0.459594
13.32 -0.334674 0.3235 0.465467
13.33 -0.339217 0.327059 0.471207
13.34 -0.343662 0.330519 0.476809
13.35 -0.348007 0.333877 0.482268
13.36 -0.352252 0.337126 0.487581
13.37 -0.356394 0.340261 0.492742
13.38 -0.360433 0.343279 0.497747
13.39 -0.364367 0.346174 0.502593
13.4 -0.368194 0.348941 0.507274
13.41 -0.371914 0.351576 0.511787
13.42 -0.375525 0.354073 0.516127
13.43 -0.379026 0.356429 0.520291
13.44 -0.382417 0.358639 0.524275
13.45 -0.385694 0.360697 0.528074
13.46 -0.388859 0.3626 0.531686
13.47 -0.391909 0.364345 0.535107
13.48 -0.394844 0.365925 0.538333
13.49 -0.397661 0.367337 0.541361
13.5 -0.400362 0.368578 0.544187
13.51 -0.402943 0.369643 0.546808
13.52 -0.405405 0.370529 0.549222
13.53 -0.407746 0.371232 0.551425
13.54 -0.409965 0.371748 0.553415
13.55 -0.412061 0.372075 0.555189
13.56 -0.414035 0.372209 0.556744
13.57 -0.415883 0.372146 0.558078
13.58 -0.417606 0.371884 0.559189
13.59 -0.419202 0.371421 0.560075
13.6 -0.420672 0.370753 0.560734
13.61 -0.422013 0.369878 0.561163
13.62 -0.423225 0.368793 0.561362
13.63 -0.424306 0.367497 0.561329
13.64 -0.425258 0.365988 0.561063
13.65 -0.426077 0.364263 0.560562
13.66 -0.426764 0.362322 0.559826
13.67 -0.427318 0.360161 0.558853
13.68 -0.427738 0.357782 0.557645
13.69 -0.428023 0.355181 0.556198
13.7 -0.428172 0.352358 0.554515
13.71 -0.428185 0.349313 0.552595
13.72 -0.42806 0.346044 0.550438
13.73 -0.427798 0.342552 0.548045
13.74 -0.427397 0.338837 0.545416
13.75 -0.426856 0.334897 0.542552
13.76 -0.426176 0.330734 0.539454
13.77 -0.425355 0.326347 0.536124
13.78 -0.424392 0.321738 0.532564
13.79 -0.423288 0.316907 0.528775
13.8 -0.422041 0.311855 0.524759
13.81 -0.42065 0.306583 0.520519
13.82 -0.419116 0.301093 0.516057
13.83 -0.417437 0.295385 0.511377
13.84 -0.415613 0.289462 0.506481
13.85 -0.413644 0.283326 0.501373
13.86 -0.411529 0.276979 0.496058
13.87 -0.409267 0.270422 0.490538
13.88 -0.406858 0.263659 0.484819
13.89 -0.404302 0.256692 0.478906
13.9 -0.401598 0.249523 0.472804
13.91 -0.398746 0.242157 0.466518
13.92 -0.395746 0.234596 0.460054
13.93 -0.392597 0.226843 0.45342
13.94 -0.389298 0.218902 0.446622
13.95 -0.38585 0.210778 0.439668
13.96 -0.382253 0.202473 0.432565
13.97 -0.378505 0.193992 0.425322
13.98 -0.374608 0.185339 0.417949
13.99 -0.37056 0.176519 0.410455
14 -0.366362 0.167536 0.402852
14.01 -0.362014 0.158394 0.39515
14.02 -0.357516 0.1491 0.387361
14.03 -0.352868 0.139658 0.3795
14.04 -0.348069 0.130074 0.37158
14.05 -0.343121 0.120352 0.363616
14.06 -0.338022 0.110498 0.355625
14.07 -0.332774 0.100519 0.347624
14.08 -0.327377 0.0904193 0.339635
14.09 -0.321831 0.0802056 0.331675
14.1 -0.316137 0.0698844 0.323769
14.11 -0.310294 0.059461 0.31594
14.12 -0.304304 0.0489429 0.308215
14.13 -0.298167 0.0383356 0.300621
14.14 -0.291883 0.0276465 0.29319
14.15 -0.285454 0.016882 0.285953
14.16 -0.278881 0.00604941 0.278946
14.17 -0.272163 -0.00484492 0.272206
14.18 -0.265302 -0.0157934 0.265772
14.19 -0.2583 -0.026789 0.259686
14.2 -0.251157 -0.0378244 0.253989
14.21 -0.243874 -0.0488926 0.248727
14.22 -0.236453 -0.0599855 0.243943
14.23 -0.228895 -0.071096 0.239682
14.24 -0.221201 -0.0822166 0.235987
14.25 -0.213374 -0.0933393 0.232897
14.26 -0.205415 -0.104457 0.230448
14.27 -0.197325 -0.115561 0.228673
14.28 -0.189106 -0.126644 0.227596
14.29 -0.180761 -0.137699 0.227235
14.3 -0.172291 -0.148717 0.227598
14.31 -0.163148 -0.159214 0.227962
14.32 -0.153363 -0.16915 0.228324
14.33 -0.14297 -0.178485 0.228687
14.34 -0.132007 -0.187182 0.229048
14.35 -0.120513 -0.195205 0.229409
14.36 -0.108529 -0.202523 0.22977
14.37 -0.0960987 -0.209104 0.230129
14.38 -0.0832671 -0.214922 0.230489
14.39 -0.0700806 -0.219952 0.230847
14.4 -0.0565887 -0.224173 0.231205
14.41 -0.0428403 -0.227564 0.231562
14.42 -0.0288868 -0.230112 0.231918
14.43 -0.0147797 -0.231803 0.232274
14.44 -0.000572235 -0.232629 0.232629
14.45 0.0136831 -0.232582 0.232984
14.46 0.0279319 -0.23166 0.233338
14.47 0.0421213 -0.229863 0.23369
14.48 0.0561963 -0.227196 0.234043
14.49 0.0701044 -0.223665 0.234394
14.5 0.0837918 -0.219281 0.234745
14.51 0.0972068 -0.214058 0.235095
14.52 0.110297 -0.208011 0.235444
14.53 0.123012 -0.201162 0.235793
14.54 0.135303 -0.193534 0.236141
14.55 0.147122 -0.185153 0.236488
14.56 0.158422 -0.176048 0.236834
14.57 0.169159 -0.166251 0.237179
14.58 0.17929 -0.155797 0.237524
14.59 0.188776 -0.144723 0.237868
14.6 0.197578 -0.133069 0.238211
14.61 0.20566 -0.120879 0.238553
14.62 0.212989 -0.108194 0.238894
14.63 0.219536 -0.0950638 0.239235
14.64 0.225274 -0.0815345 0.239575
14.65 0.230176 -0.0676574 0.239913
14.66 0.234223 -0.0534833 0.240252
14.67 0.237396 -0.0390652 0.240589
14.68 0.23968 -0.0244572 0.240925
14.69 0.241065 -0.00971402 0.24126
14.7 0.241541 0.00510886 0.241595
14.71 0.241104 0.0199553 0.241929
14.72 0.239754 0.0347691 0.242262
14.73 0.237491 0.0494938 0.242593
14.74 0.234323 0.064073 0.242925
14.75 0.230257 0.0784512 0.243255
14.76 0.225308 0.0925729 0.243584
14.77 0.21949 0.106384 0.243913
14.78 0.212824 0.11983 0.24424
14.79 0.205332 0.13286 0.244567
14.8 0.19704 0.145422 0.244893
14.81 0.187978 0.157468 0.245218
14.82 0.178177 0.168949 0.245542
14.83 0.167672 0.179821 0.245865
14.84 0.156502 0.19004 0.246187
14.85 0.144707 0.199566 0.246509
14.86 0.13233 0.208359 0.246829
14.87 0.119417 0.216385 0.247149
14.88 0.106014 0.22361 0.247468
14.89 0.0921724 0.230004 0.247786
14.9 0.0779427 0.235541 0.248102
14.91 0.0633788 0.240198 0.248419
14.92 0.0485341 0.243953 0.248734
14.93 0.0334658 0.246789 0.249048
14.94 0.0182297 0.248694 0.249361
14.95 0.00288414 0.249657 0.249673
14.96 -0.0125129 0.249671 0.249985
14.97 -0.0279025 0.248735 0.250295
14.98 -0.0432264 0.246849 0.250605
14.99 -0.0584249 0.244016 0.250913
15 -0.0734405 0.240247 0.251221
15.01 -0.0882146 0.235551 0.251527
15.02 -0.10269 0.229945 0.251833
15.03 -0.116811 0.223447 0.252137
15.04 -0.130523 0.21608 0.252441
15.05 -0.143771 0.207869 0.252744
15.06 -0.156503 0.198844 0.253045
15.07 -0.16867 0.189036 0.253346
15.08 -0.180223 0.178482 0.253645
15.09 -0.191116 0.167219 0.253944
15.1 -0.201305 0.155289 0.254241
15.11 -0.21075 0.142736 0.254537
15.12 -0.219413 0.129606 0.254832
15.13 -0.227257 0.115947 0.255127
15.14 -0.23425 0.101812 0.255419
15.15 -0.240365 0.0872525 0.255711
15.16 -0.245573 0.0723237 0.256002
15.17 -0.249854 0.057082 0.256291
15.18 -0.253187 0.0415847 0.256579
15.19 -0.255558 0.0258915 0.256867
15.2 -0.256955 0.0100613 0.257152
15.21 -0.25737 -0.00584437 0.257437
15.22 -0.256799 -0.0217653 0.25772
15.23 -0.255242 -0.0376399 0.258002
15.24 -0.252701 -0.0534069 0.258283
15.25 -0.249184 -0.0690053 0.258562
15.26 -0.244702 -0.0843751 0.258841
15.27 -0.239271 -0.0994554 0.259117
15.28 -0.232907 -0.114188 0.259393
15.29 -0.225634 -0.128515 0.259667
15.3 -0.217477 -0.142381 0.25994
15.31 -0.208466 -0.15573 0.260211
15.32 -0.198633 -0.16851 0.260481
15.33 -0.188013 -0.18067 0.26075
15.34 -0.176647 -0.192161 0.261017
15.35 -0.164576 -0.202937 0.261283
15.36 -0.151845 -0.212956 0.261547
15.37 -0.138502 -0.222175 0.26181
15.38 -0.124596 -0.230559 0.262072
15.39 -0.11018 -0.238072 0.262332
15.4 -0.0953091 -0.244683 0.26259
15.41 -0.0800389 -0.250364 0.262847
15.42 -0.0644286 -0.255091 0.263102
15.43 -0.0485369 -0.258845 0.263356
15.44 -0.0324253 -0.261606 0.263608
15.45 -0.0161554 -0.263364 0.263859
15.46 0.000209905 -0.264107 0.264107
15.47 0.0166076 -0.263833 0.264355
15.48 0.032974 -0.262538 0.264601
15.49 0.0492454 -0.260226 0.264845
15.5 0.0653588 -0.256904 0.265088
15.51 0.0812512 -0.252582 0.265329
15.52 0.0968602 -0.247274 0.265568
15.53 0.112125 -0.240999 0.265806
15.54 0.126985 -0.23378 0.266042
15.55 0.141381 -0.225642 0.266276
15.56 0.155258 -0.216615 0.266509
15.57 0.168559 -0.206731 0.26674
15.58 0.181233 -0.196029 0.266969
15.59 0.193227 -0.184547 0.267197
15.6 0.204494 -0.172329 0.267423
15.61 0.214989 -0.15942 0.267647
15.62 0.224669 -0.14587 0.26787
15.63 0.233495 -0.131729 0.268091
15.64 0.241431 -0.117052 0.26831
15.65 0.248443 -0.101895 0.268527
15.66 0.254504 -0.0863162 0.268743
15.67 0.259586 -0.0703747 0.268957
15.68 0.263669 -0.0541329 0.269169
15.69 0.266735 -0.0376524 0.269379
15.7 0.268769 -0.0209982 0.269588
15.71 0.269762 -0.0042341 0.269795
15.72 0.269707 0.0125741 0.27
15.73 0.268604 0.0293616 0.270204
15.74 0.266454 0.0460618 0.270406
15.75 0.263263 0.0626102 0.270606
15.76 0.259043 0.0789415 0.270804
15.77 0.253807 0.0949916 0.271001
15.78 0.247575 0.110697 0.271196
15.79 0.240368 0.125996 0.271389
15.8 0.232214 0.140828 0.27158
15.81 0.223142 0.155134 0.27177
15.82 0.213186 0.168857 0.271958
15.83 0.202385 0.181942 0.272144
15.84 0.190777 0.194337 0.272328
15.85 0.178407 0.205993 0.272511
15.86 0.165323 0.216862 0.272692
15.87 0.151575 0.2269 0.272871
15.88 0.137215 0.236066 0.273048
15.89 0.122298 0.244324 0.273224
15.9 0.106882 0.251639 0.273397
15.91 0.0910267 0.257981 0.273569
15.92 0.0747934 0.263323 0.273739
15.93 0.0582454 0.267642 0.273907
15.94 0.0414468 0.270921 0.274073
15.95 0.0244631 0.273144 0.274237
15.96 0.00736145 0.274301 0.2744
15.97 -0.00979234 0.274386 0.274561
15.98 -0.0269298 0.273396 0.27472
15.99 -0.0439844 0.271334 0.274876
16 -0.0608881 0.268207 0.275031
16.01 -0.077575 0.264024 0.275184
16.02 -0.0939784 0.2588 0.275335
16.03 -0.110034 0.252555 0.275484
16.04 -0.125677 0.245312 0.275631
16.05 -0.140846 0.237097 0.275776
16.06 -0.15548 0.227942 0.275919
16.07 -0.169522 0.217881 0.276061
16.08 -0.182913 0.206951 0.276199
16.09 -0.195602 0.195197 0.276337
16.1 -0.207536 0.182662 0.276471
16.11 -0.218667 0.169395 0.276604
16.12 -0.228951 0.155446 0.276735
16.13 -0.238345 0.140872 0.276863
16.14 -0.246812 0.125727 0.27699
16.15 -0.254316 0.110071 0.277114
16.16 -0.260826 0.0939655 0.277236
16.17 -0.266316 0.0774734 0.277356
16.18 -0.270762 0.0606593 0.277473
16.19 -0.274145 0.0435898 0.277589
16.2 -0.276451 0.0263311 0.277702
16.21 -0.277669 0.00895262 0.277813
16.22 -0.277793 -0.00847788 0.277922
16.23 -0.27682 -0.0258912 0.278028
16.24 -0.274754 -0.0432178 0.278132
16.25 -0.271601 -0.0603896 0.278234
16.26 -0.267373 -0.0773375 0.278333
16.27 -0.262085 -0.0939947 0.27843
16.28 -0.255757 -0.110294 0.278525
16.29 -0.248412 -0.126172 0.278618
16.3 -0.240079 -0.141562 0.278708
16.31 -0.23079 -0.156406 0.278795
16.32 -0.220581 -0.170641 0.278881
16.33 -0.20949 -0.184213 0.278963
16.34 -0.197563 -0.197064 0.279044
16.35 -0.184844 -0.209145 0.279122
16.36 -0.171384 -0.220405 0.279197
16.37 -0.157236 -0.2308 0.27927
16.38 -0.142455 -0.240287 0.279341
16.39 -0.1271 -0.248827 0.279409
16.4 -0.111231 -0.256386 0.279474
16.41 -0.0949111 -0.262932 0.279538
16.42 -0.0782048 -0.268438 0.279598
16.43 -0.0611788 -0.272883 0.279656
16.44 -0.0439001 -0.276246 0.279712
16.45 -0.0264381 -0.278513 0.279765
16.46 -0.00886168 -0.279676 0.279816
16.47 0.0087582 -0.279727 0.279864
16.48 0.0263523 -0.278667 0.27991
16.49 0.0438494 -0.276497 0.279953
16.5 0.0611802 -0.273228 0.279994
16.51 0.0782748 -0.268869 0.280031
16.52 0.0950648 -0.263439 0.280067
16.53 0.111483 -0.256959 0.2801
16.54 0.127464 -0.249452 0.280131
16.55 0.142942 -0.240949 0.280159
16.56 0.157857 -0.231484 0.280185
16.57 0.172147 -0.221092 0.280208
16.58 0.185754 -0.209817 0.280228
16.59 0.198626 -0.197701 0.280246
16.6 0.210708 -0.184794 0.280261
16.61 0.221952 -0.171146 0.280274
16.62 0.232313 -0.156812 0.280284
16.63 0.24175 -0.141849 0.280292
16.64 0.250222 -0.126316 0.280297
16.65 0.257696 -0.110276 0.2803
16.66 0.264142 -0.0937935 0.2803
16.67 0.269533 -0.0769334 0.280298
16.68 0.273848 -0.0597637 0.280293
16.69 0.277067 -0.0423532 0.280286
16.7 0.279179 -0.0247718 0.280275
16.71 0.280173 -0.00709024 0.280263
16.72 0.280046 0.010621 0.280248
16.73 0.278799 0.0282897 0.28023
16.74 0.276434 0.0458459 0.28021
16.75 0.272962 0.063218 0.280187
16.76 0.268397 0.080337 0.280162
16.77 0.262755 0.0971326 0.280134
16.78 0.256061 0.113538 0.280104
16.79 0.24834 0.129487 0.280071
16.8 0.239623 0.144915 0.280035
16.81 0.229945 0.15976 0.279997
16.82 0.219346 0.173961 0.279956
16.83 0.207868 0.187462 0.279912
16.84 0.195556 0.200207 0.279866
16.85 0.182461 0.212146 0.279817
16.86 0.168635 0.223229 0.279766
16.87 0.154134 0.233413 0.279712
16.88 0.139017 0.242655 0.279656
16.89 0.123344 0.250919 0.279596
16.9 0.10718 0.25817 0.279534
16.91 0.0905887 0.264381 0.27947
16.92 0.0736379 0.269524 0.279402
16.93 0.0563962 0.27358 0.279333
16.94 0.0389332 0.276533 0.27926
16.95 0.02132 0.278369 0.279185
16.96 0.00362767 0.279083 0.279107
16.97 -0.0140721 0.278671 0.279026
16.98 -0.0317076 0.277134 0.278942
16.99 -0.0492068 0.274481 0.278856
17 -0.0664997 0.27072 0.278768
17.01 -0.0835153 0.265868 0.278676
17.02 -0.100185 0.259943 0.278582
17.03 -0.116441 0.252972 0.278484
17.04 -0.132218 0.244983 0.278385
17.05 -0.14745 0.236007 0.278282
17.06 -0.162078 0.226081 0.278176
17.07 -0.17604 0.215247 0.278068
17.08 -0.189282 0.203549 0.277957
17.09 -0.201748 0.191034 0.277842
17.1 -0.213389 0.177754 0.277726
17.11 -0.224158 0.163763 0.277606
17.12 -0.23401 0.149118 0.277483
17.13 -0.242907 0.13388 0.277358
17.14 -0.250811 0.11811 0.27723
17.15 -0.257692 0.101873 0.277098
17.16 -0.263522 0.085236 0.276964
17.17 -0.268278 0.0682664 0.276827
17.18 -0.27194 0.0510343 0.276687
17.19 -0.274494 0.0336093 0.276544
17.2 -0.275931 0.0160636 0.276398
17.21 -0.276245 -0.00153154 0.276249
17.22 -0.275436 -0.019104 0.276098
17.23 -0.273508 -0.0365824 0.275943
17.24 -0.270468 -0.0538945 0.275786
17.25 -0.266332 -0.0709703 0.275626
17.26 -0.261115 -0.0877398 0.275462
17.27 -0.254841 -0.104134 0.275296
17.28 -0.247535 -0.120088 0.275126
17.29 -0.239229 -0.135534 0.274954
17.3 -0.229956 -0.150411 0.274779
17.31 -0.219758 -0.164658 0.274601
17.32 -0.208674 -0.178217 0.27442
17.33 -0.196753 -0.191033 0.274236
17.34 -0.184043 -0.203055 0.274049
17.35 -0.170597 -0.214233 0.273859
17.36 -0.156471 -0.224522 0.273667
17.37 -0.141725 -0.233881 0.273471
17.38 -0.126418 -0.242273 0.273272
17.39 -0.110615 -0.249664 0.273071
17.4 -0.0943812 -0.256024 0.272867
17.41 -0.0777829 -0.261329 0.272659
17.42 -0.06089 -0.265558 0.272449
17.43 -0.0437712 -0.268694 0.272236
17.44 -0.0264981 -0.270727 0.272021
17.45 -0.00914077 -0.271648 0.271802
17.46 0.0082279 -0.271456 0.27158
17.47 0.0255373 -0.270152 0.271356
17.48 0.0427158 -0.267743 0.271129
17.49 0.059693 -0.264241 0.270899
17.5 0.0763989 -0.25966 0.270666
17.51 0.0927654 -0.254022 0.270431
17.52 0.108725 -0.247351 0.270192
17.53 0.124213 -0.239676 0.269951
17.54 0.139165 -0.23103 0.269707
17.55 0.153521 -0.22145 0.26946
17.56 0.167222 -0.210976 0.269211
17.57 0.180213 -0.199654 0.268958
17.58 0.192441 -0.187531 0.268703
17.59 0.203856 -0.174658 0.268445
17.6 0.214413 -0.16109 0.268185
17.61 0.224069 -0.146884 0.267921
17.62 0.232786 -0.132099 0.267655
17.63 0.240528 -0.116798 0.267386
17.64 0.247266 -0.101045 0.267115
17.65 0.252972 -0.0849049 0.266841
17.66 0.257627 -0.0684463 0.266564
17.67 0.26121 -0.051737 0.266284
17.68 0.263709 -0.0348477 0.266002
17.69 0.265117 -0.0178475 0.265717
17.7 0.265428 -0.000807881 0.265429
17.71 0.264643 0.0162011 0.265139
17.72 0.262768 0.0331079 0.264846
17.73 0.259812 0.0498437 0.26455
17.74 0.255789 0.0663383 0.264251
17.75 0.250718 0.0825244 0.26395
17.76 0.244621 0.0983349 0.263646
17.77 0.237527 0.113705 0.26334
17.78 0.229466 0.128571 0.26303
17.79 0.220473 0.142873 0.262719
17.8 0.210588 0.156552 0.262404
17.81 0.199854 0.169552 0.262087
17.82 0.188316 0.181821 0.261767
17.83 0.176025 0.193309 0.261444
17.84 0.163033 0.203969 0.261119
17.85 0.149396 0.213758 0.260791
17.86 0.135172 0.222639 0.26046
17.87 0.120421 0.230575 0.260127
17.88 0.105206 0.237535 0.259791
17.89 0.089591 0.243493 0.259452
17.9 0.0736427 0.248425 0.259111
17.91 0.0574283 0.252314 0.258767
17.92 0.0410155 0.255145 0.25842
17.93 0.024474 0.256907 0.25807
17.94 0.00787307 0.257599 0.257719
17.95 -0.00871827 0.257216 0.257364
17.96 -0.0252297 0.255765 0.257006
17.97 -0.0415933 0.253253 0.256646
17.98 -0.0577398 0.249694 0.256283
17.99 -0.0736031 0.245105 0.255918
18 -0.0891166 0.239507 0.25555
18.01 -0.104217 0.232927 0.255179
18.02 -0.118841 0.225394 0.254805
18.03 -0.132929 0.216942 0.254429
18.04 -0.146423 0.207609 0.25405
18.05 -0.159269 0.197436 0.253668
18.06 -0.171412 0.186468 0.253284
18.07 -0.182806 0.174754 0.252897
18.08 -0.193402 0.162344 0.252507
18.09 -0.20316 0.149292 0.252115
18.1 -0.21204 0.135655 0.25172
18.11 -0.220006 0.121491 0.251322
18.12 -0.22703 0.106862 0.250922
18.13 -0.233082 0.0918315 0.25052
18.14 -0.23814 0.0764619 0.250114
18.15 -0.242186 0.06082 0.249706
18.16 -0.245206 0.0449722 0.249296
18.17 -0.247189 0.0289861 0.248883
18.18 -0.248131 0.0129289 0.248468
18.19 -0.24803 -0.00313088 0.24805
18.2 -0.24689 -0.019126 0.24763
18.21 -0.244718 -0.034989 0.247206
18.22 -0.241527 -0.050653 0.246781
18.23 -0.237333 -0.0660533 0.246353
18.24 -0.232157 -0.0811247 0.245923
18.25 -0.226024 -0.0958055 0.24549
18.26 -0.218963 -0.110034 0.245055
18.27 -0.211005 -0.123753 0.244618
18.28 -0.202189 -0.136904 0.244178
18.29 -0.192553 -0.149434 0.243736
18.3 -0.182141 -0.161293 0.243291
18.31 -0.171 -0.172432 0.242845
18.32 -0.159179 -0.182805 0.242396
18.33 -0.14673 -0.192374 0.241945
18.34 -0.133707 -0.201098 0.241491
18.35 -0.12017 -0.208944 0.241036
18.36 -0.106174 -0.215881 0.240578
18.37 -0.0917833 -0.221884 0.240118
18.38 -0.0770581 -0.226929 0.239656
18.39 -0.0620628 -0.230999 0.239191
18.4 -0.0468612 -0.23408 0.238725
18.41 -0.0315195 -0.236162 0.238256
18.42 -0.0161025 -0.237239 0.237785
18.43 -0.000676415 -0.237311 0.237312
18.44 0.0146937 -0.236381 0.236838
18.45 0.0299424 -0.234456 0.236361
18.46 0.0450057 -0.231548 0.235882
18.47 0.0598196 -0.227673 0.2354
18.48 0.0743226 -0.222851 0.234918
18.49 0.0884543 -0.217104 0.234432
18.5 0.102155 -0.210463 0.233945
18.51 0.115369 -0.202957 0.233456
18.52 0.128041 -0.194623 0.232965
18.53 0.14012 -0.185498 0.232471
18.54 0.151555 -0.175625 0.231976
18.55 0.162302 -0.165047 0.231479
18.56 0.172316 -0.153815 0.23098
18.57 0.181558 -0.141976 0.230479
18.58 0.189991 -0.129585 0.229976
18.59 0.197583 -0.116696 0.229472
18.6 0.204304 -0.103367 0.228964
18.61 0.210129 -0.0896553 0.228456
18.62 0.215036 -0.0756211 0.227945
18.63 0.219009 -0.0613269 0.227433
18.64 0.222033 -0.0468333 0.226919
18.65 0.2241 -0.0322044 0.226402
18.66 0.225205 -0.0175025 0.225884
18.67 0.225346 -0.00279129 0.225364
18.68 0.224528 0.0118667 0.224842
18.69 0.222758 0.0264081 0.224318
18.7 0.220047 0.040772 0.223792
18.71 0.21641 0.0548969 0.223264
18.72 0.211867 0.0687237 0.222735
18.73 0.206442 0.0821935 0.222203
18.74 0.200162 0.095251 0.22167
18.75 0.193056 0.107841 0.221134
18.76 0.18516 0.119912 0.220598
18.77 0.17651 0.131415 0.220059
18.78 0.167148 0.142302 0.219518
18.79 0.157115 0.152529 0.218975
18.8 0.146459 0.162055 0.218431
18.81 0.135228 0.170842 0.217885
18.82 0.123474 0.178856 0.217337
18.83 0.111248 0.186067 0.216788
18.84 0.098606 0.192444 0.216236
18.85 0.0856041 0.197967 0.215683
18.86 0.0723002 0.202614 0.215128
18.87 0.058753 0.206371 0.214571
18.88 0.0450218 0.209223 0.214013
18.89 0.0311673 0.211165 0.213453
18.9 0.0172488 0.212191 0.212891
18.91 0.00332835 0.212301 0.212327
18.92 -0.0105353 0.2115 0.211762
18.93 -0.0242819 0.209795 0.211195
18.94 -0.0378529 0.207197 0.210627
18.95 -0.0511899 0.203724 0.210057
18.96 -0.0642372 0.199393 0.209485
18.97 -0.0769389 0.194228 0.208911
18.98 -0.0892424 0.188255 0.208337
18.99 -0.101096 0.181504 0.20776
19 -0.112451 0.17401 0.207182
19.01 -0.12326 0.165806 0.206603
19.02 -0.13348 0.156934 0.206022
19.03 -0.143069 0.147434 0.20544
19.04 -0.151989 0.137351 0.204856
19.05 -0.160205 0.126732 0.204271
19.06 -0.167684 0.115626 0.203684
19.07 -0.174398 0.104083 0.203096
19.08 -0.180322 0.0921565 0.202507
19.09 -0.185435 0.0798995 0.201916
19.1 -0.189718 0.0673674 0.201324
19.11 -0.193158 0.054616 0.200731
19.12 -0.195743 0.0417018 0.200136
19.13 -0.197468 0.0286822 0.19954
19.14 -0.198329 0.015614 0.198943
19.15 -0.198328 0.0025548 0.198345
19.16 -0.197469 -0.0104395 0.197745
19.17 -0.195761 -0.0233111 0.197144
19.18 -0.193216 -0.0360063 0.196542
19.19 -0.18985 -0.0484696 0.195939
19.2 -0.185681 -0.0606488 0.195335
19.21 -0.180733 -0.0724917 0.194729
19.22 -0.175032 -0.083949 0.194123
19.23 -0.168607 -0.0949725 0.193515
19.24 -0.16149 -0.105517 0.192907
19.25 -0.153716 -0.115539 0.192297
19.26 -0.145324 -0.124999 0.191686
19.27 -0.136352 -0.133857 0.191074
19.28 -0.126844 -0.142078 0.190462
19.29 -0.116845 -0.149631 0.189848
19.3 -0.106401 -0.156486 0.189233
19.31 -0.0955598 -0.162619 0.188617
19.32 -0.0843725 -0.168004 0.188001
19.33 -0.0728895 -0.172625 0.187383
19.34 -0.0611629 -0.176465 0.186764
19.35 -0.0492456 -0.179512 0.186145
19.36 -0.0371913 -0.181758 0.185524
19.37 -0.0250531 -0.183198 0.184903
19.38 -0.0128849 -0.18383 0.184281
19.39 -0.0007407 -0.183656 0.183658
19.4 0.0113268 -0.182682 0.183033
19.41 0.0232645 -0.180919 0.182408
19.42 0.0350216 -0.178377 0.181782
19.43 0.0465465 -0.175074 0.181156
19.44 0.0577911 -0.171028 0.180528
19.45 0.0687066 -0.166262 0.179899
19.46 0.0792482 -0.160803 0.17927
19.47 0.089371 -0.154677 0.17864
19.48 0.0990335 -0.147917 0.178009
19.49 0.108196 -0.140557 0.177377
19.5 0.116822 -0.132633 0.176745
19.51 0.124875 -0.124182 0.176111
19.52 0.132326 -0.115248 0.175477
19.53 0.139144 -0.10587 0.174842
19.54 0.145304 -0.096096 0.174206
19.55 0.150783 -0.0859691 0.173569
19.56 0.155562 -0.0755379 0.172932
19.57 0.159624 -0.0648496 0.172294
19.58 0.162955 -0.0539543 0.171655
19.59 0.165547 -0.0429008 0.171015
19.6 0.167392 -0.0317393 0.170374
19.61 0.168488 -0.0205203 0.169733
19.62 0.168836 -0.00929379 0.169091
19.63 0.168438 0.00189074 0.168449
19.64 0.167302 0.0129836 0.167805
19.65 0.165439 0.0239362 0.167161
19.66 0.16286 0.0347013 0.166516
19.67 0.159585 0.0452316 0.165871
19.68 0.155631 0.0554834 0.165225
19.69 0.151021 0.065412 0.164579
19.7 0.145781 0.0749765 0.163932
19.71 0.139938 0.0841359 0.163284
19.72 0.133524 0.0928538 0.162636
19.73 0.126569 0.101094 0.161987
19.74 0.119111 0.108823 0.161338
19.75 0.111185 0.116011 0.160688
19.76 0.10283 0.122629 0.160038
19.77 0.0940875 0.128653 0.159387
19.78 0.0849989 0.134061 0.158736
19.79 0.0756066 0.138832 0.158084
19.8 0.0659564 0.14295 0.157432
19.81 0.0560917 0.146403 0.15678
19.82 0.0460593 0.149179 0.156127
19.83 0.0359046 0.151272 0.155474
19.84 0.0256747 0.152677 0.154821
19.85 0.0154152 0.153395 0.154167
19.86 0.00517247 0.153426 0.153513
19.87 -0.00500784 0.152777 0.152859
19.88 -0.0150808 0.151456 0.152205
19.89 -0.025002 0.149474 0.15155
19.9 -0.0347284 0.146845 0.150896
19.91 -0.0442181 0.143587 0.150241
19.92 -0.0534307 0.139718 0.149586
19.93 -0.0623265 0.135262 0.148931
19.94 -0.0708695 0.130243 0.148276
19.95 -0.079023 0.124689 0.147621
19.96 -0.0867547 0.118628 0.146966
19.97 -0.0940324 0.112092 0.14631
19.98 -0.100829 0.105114 0.145655
19.99 -0.107115 0.09773 0.145
20 -0.11287 0.089976 0.144345
20.01 -0.118071 0.0818896 0.143689
20.02 -0.122698 0.0735107 0.143034
20.03 -0.126738 0.064879 0.142379
20.04 -0.130176 0.0560359 0.141724
20.05 -0.133002 0.047022 0.141069
20.06 -0.135208 0.0378808 0.140414
20.07 -0.136791 0.0286531 0.13976
20.08 -0.137748 0.0193826 0.139105
20.09 -0.138081 0.0101104 0.138451
20.1 -0.137794 0.000878863 0.137796
20.11 -0.136893 -0.00827095 0.137143
20.12 -0.135388 -0.0172983 0.136489
20.13 -0.133292 -0.0261639 0.135835
20.14 -0.130618 -0.034829 0.135182
20.15 -0.127385 -0.0432559 0.134529
20.16 -0.123612 -0.0514093 0.133876
20.17 -0.119321 -0.0592546 0.133224
20.18 -0.114535 -0.0667592 0.132571
20.19 -0.109282 -0.0738918 0.131919
20.2 -0.10359 -0.0806245 0.131267
20.21 -0.0974873 -0.0869291 0.130616
20.22 -0.091007 -0.0927826 0.129965
20.23 -0.0841806 -0.0981615 0.129314
20.24 -0.0770436 -0.103047 0.128664
20.25 -0.0696302 -0.10742 0.128013
20.26 -0.0619777 -0.111266 0.127363
20.27 -0.0541221 -0.114574 0.126714
20.28 -0.046102 -0.117332 0.126065
20.29 -0.0379546 -0.119535 0.125416
20.3 -0.029719 -0.121176 0.124767
20.31 -0.0214327 -0.122255 0.124119
20.32 -0.0131349 -0.122771 0.123471
20.33 -0.00486242 -0.122728 0.122824
20.34 0.00334595 -0.122131 0.122177
20.35 0.0114546 -0.12099 0.121531
20.36 0.0194273 -0.119313 0.120884
20.37 0.0272285 -0.117115 0.120239
20.38 0.0348247 -0.11441 0.119593
20.39 0.042183 -0.111217 0.118948
20.4 0.0492727 -0.107555 0.118304
20.41 0.0560635 -0.103445 0.11766
20.42 0.0625281 -0.0989101 0.117017
20.43 0.0686394 -0.0939764 0.116374
20.44 0.0743738 -0.08867 0.115732
20.45 0.0797085 -0.0830198 0.11509
20.46 0.084624 -0.0770544 0.114449
20.47 0.0891009 -0.0708051 0.113808
20.48 0.0931249 -0.0643037 0.113169
20.49 0.096681 -0.0575817 0.112529
20.5 0.0997587 -0.0506736 0.111891
20.51 0.102349 -0.043612 0.111253
20.52 0.104444 -0.0364321 0.110616
20.53 0.106041 -0.0291673 0.109979
20.54 0.107138 -0.0218524 0.109344
20.55 0.107735 -0.0145211 0.108709
20.56 0.107834 -0.00720818 0.108075
20.57 0.107442 5.37753e-05 0.107442
20.58 0.106564 0.00723118 0.106809
20.59 0.105212 0.014293 0.106178
20.6 0.103395 0.0212068 0.105547
20.61 0.101129 0.0279433 0.104918
20.62 0.0984268 0.034473 0.104289
20.63 0.0953086 0.040768 0.103662
20.64 0.0917917 0.0468026 0.103035
20.65 0.087898 0.0525512 0.102409
20.66 0.0836491 0.0579912 0.101785
20.67 0.0790693 0.0631006 0.101161
20.68 0.0741829 0.0678601 0.100539
20.69 0.0690167 0.072251 0.0999175
20.7 0.0635978 0.0762582 0.0992975
20.71 0.0579541 0.0798671 0.0986784
20.72 0.0521141 0.0830665 0.0980608
20.73 0.0461075 0.0858451 0.0974437
20.74 0.0399642 0.0881964 0.0968285
20.75 0.0337138 0.0901135 0.0962136
20.76 0.0273877 0.0915938 0.0956008
20.77 0.0210145 0.0926352 0.0949889
20.78 0.0146258 0.0932379 0.0943781
20.79 0.00825046 0.093405 0.0937687
20.8 0.00191879 0.0931408 0.0931606
20.81 -0.00434125 0.092452 0.0925539
20.82 -0.0105007 0.0913466 0.0919482
20.83 -0.0165328 0.0898356 0.0913443
20.84 -0.0224104 0.0879303 0.0907412
20.85 -0.0281088 0.0856452 0.0901399
20.86 -0.0336031 0.0829949 0.0895394
20.87 -0.0388705 0.0799973 0.0889409
20.88 -0.0438893 0.0766695 0.088343
20.89 -0.0486389 0.0730329 0.0877471
20.9 -0.0531017 0.0691068 0.0871524
20.91 -0.0572589 0.0649141 0.0865588
20.92 -0.0610963 0.0604775 0.0859668
20.93 -0.064599 0.0558213 0.0853759
20.94 -0.0677561 0.0509697 0.0847868
20.95 -0.0705563 0.0459482 0.0841988
20.96 -0.072992 0.0407825 0.0836125
20.97 -0.0750555 0.0354985 0.0830269
20.98 -0.0767431 0.0301231 0.0824434
20.99 -0.0780511 0.0246822 0.0818608
21 -0.0789792 0.0192028 0.0812801
21.01 -0.0795272 0.0137102 0.0807004
21.02 -0.0796984 0.00823201 0.0801224
21.03 -0.079497 0.00279189 0.079546
21.04 -0.0789284 -0.00258346 0.0789707
21.05 -0.0780012 -0.00787064 0.0783972
21.06 -0.0767238 -0.0130452 0.0778249
21.07 -0.0751077 -0.0180849 0.0772544
21.08 -0.073165 -0.0229674 0.0766851
21.09 -0.0709095 -0.0276722 0.0761177
21.1 -0.0683556 -0.032179 0.0755511
21.11 -0.0655209 -0.0364696 0.0749867
21.12 -0.0624215 -0.0405266 0.0744235
21.13 -0.059077 -0.0443345 0.0738623
21.14 -0.0555054 -0.0478786 0.0733021
21.15 -0.0517282 -0.0511453 0.0727437
21.16 -0.0477653 -0.0541244 0.072187
21.17 -0.0436389 -0.0568044 0.0716316
21.18 -0.0393708 -0.0591784 0.0710784
21.19 -0.0349829 -0.0612385 0.0705263
21.2 -0.0304985 -0.0629801 0.069976
21.21 -0.0259402 -0.0643993 0.0694273
21.22 -0.0213306 -0.0654946 0.0688806
21.23 -0.0166924 -0.0662651 0.0683352
21.24 -0.0120487 -0.0667127 0.067792
21.25 -0.00742081 -0.0668396 0.0672503
21.26 -0.0028314 -0.0666506 0.0667107
21.27 0.00169917 -0.0661508 0.0661726
21.28 0.00614897 -0.0653477 0.0656363
21.29 0.0104993 -0.0642499 0.0651021
21.3 0.0147295 -0.0628668 0.0645693
21.31 0.0188226 -0.0612105 0.0640392
21.32 0.0227605 -0.0592917 0.0635102
21.33 0.0265267 -0.0571249 0.0629835
21.34 0.030106 -0.0547238 0.0624585
21.35 0.0334843 -0.0521042 0.0619358
21.36 0.0366487 -0.0492813 0.0614148
21.37 0.0395873 -0.0462729 0.0608961
21.38 0.04229 -0.0430951 0.0603791
21.39 0.0447468 -0.0397673 0.0598642
21.4 0.046951 -0.0363069 0.0593514
21.41 0.048895 -0.0327333 0.0588404
21.42 0.050575 -0.0290651 0.0583319
21.43 0.0519857 -0.0253217 0.0578248
21.44 0.0531265 -0.0215228 0.0573206
21.45 0.053995 -0.0176865 0.0568179
21.46 0.0545923 -0.0138332 0.0563176
21.47 0.0549198 -0.0099807 0.0558193
21.48 0.0549806 -0.00614833 0.0553233
21.49 0.0547789 -0.00235356 0.0548294
21.5 0.0543202 0.00138526 0.0543379
21.51 0.0536108 0.00505205 0.0538483
21.52 0.0526584 0.00862878 0.0533607
21.53 0.0514724 0.0121011 0.0528757
21.54 0.0500619 0.015453 0.0523926
21.55 0.0484382 0.0186714 0.0519123
21.56 0.0466118 0.021742 0.0514333
21.57 0.0445967 0.0246531 0.0509573
21.58 0.0424045 0.0273932 0.0504829
21.59 0.0400501 0.0299518 0.0500112
21.6 0.037547 0.0323203 0.0495416
21.61 0.0349103 0.0344898 0.0490742
21.62 0.0321552 0.0364537 0.0486089
21.63 0.0292976 0.0382058 0.0481459
21.64 0.0263525 0.0397421 0.0476853
21.65 0.0233367 0.0410578 0.0472265
21.66 0.0202658 0.0421518 0.0467705
21.67 0.0171558 0.0430218 0.0463162
21.68 0.0140229 0.0436685 0.0458648
21.69 0.0108823 0.0440919 0.045415
21.7 0.00775035 0.0442951 0.044968
21.71 0.0046413 0.0442803 0.0445229
21.72 0.00157107 0.0440522 0.0440802
21.73 -0.00144725 0.043616 0.0436401
21.74 -0.00439893 0.0429772 0.0432018
21.75 -0.00727094 0.0421432 0.0427658
21.76 -0.0100503 0.0411218 0.0423322
21.77 -0.0127259 0.0399218 0.0419011
21.78 -0.0152857 0.0385521 0.0414718
21.79 -0.0177201 0.0370233 0.0410454
21.8 -0.0200187 0.0353453 0.0406207
21.81 -0.0221733 0.0335303 0.0401987
21.82 -0.024176 0.031589 0.0397787
21.83 -0.0260197 0.0295347 0.0393614
21.84 -0.0276988 0.0273784 0.0389461
21.85 -0.0292075 0.025134 0.0385331
21.86 -0.0305428 0.022814 0.0381228
21.87 -0.0317006 0.0204314 0.0377143
21.88 -0.0326794 0.0179996 0.0373086
21.89 -0.0334776 0.0155316 0.036905
21.9 -0.0340955 0.0130403 0.0365042
21.91 -0.034533 0.0105388 0.0361053
21.92 -0.0347928 0.00803963 0.0357096
21.93 -0.0348758 0.00555493 0.0353155
21.94 -0.0347866 0.00309778 0.0349243
21.95 -0.0345287 0.00067861 0.0345354
21.96 -0.0341073 -0.00169012 0.0341492
21.97 -0.0335276 -0.00399907 0.0337653
21.98 -0.0327959 -0.00623628 0.0333836
21.99 -0.0319198 -0.00839335 0.0330049
22 -0.030906 -0.0104605 0.0326282
22.01 -0.0297634 -0.0124298 0.0322546
22.02 -0.0284998 -0.0142934 0.0318832
22.03 -0.0271247 -0.0160442 0.0315145
22.04 -0.0256469 -0.0176756 0.0311479
22.05 -0.0240773 -0.0191826 0.0307845
22.06 -0.0224242 -0.0205602 0.0304231
22.07 -0.0206993 -0.0218041 0.0300646
22.08 -0.0189118 -0.0229117 0.0297086
22.09 -0.017073 -0.0238795 0.029355
22.1 -0.0151926 -0.0247071 0.0290044
22.11 -0.0132816 -0.0253921 0.0286559
22.12 -0.0113502 -0.0259358 0.0283106
22.13 -0.00940822 -0.0263375 0.0279674
22.14 -0.00746643 -0.0265993 0.0276274
22.15 -0.00553368 -0.0267228 0.0272897
22.16 -0.00362021 -0.0267105 0.0269547
22.17 -0.00173508 -0.0265654 0.026622
22.18 0.000112468 -0.0262922 0.0262924
22.19 0.00191495 -0.0258944 0.0259652
22.2 0.00366309 -0.0253776 0.0256406
22.21 0.00535053 -0.024747 0.0253188
22.22 0.00696886 -0.0240081 0.024999
22.23 0.00851254 -0.0231682 0.0246826
22.24 0.00997487 -0.0222332 0.0243683
22.25 0.0113511 -0.0212108 0.0240571
22.26 0.0126357 -0.0201074 0.023748
22.27 0.0138242 -0.0189315 0.0234417
22.28 0.0149134 -0.0176904 0.0231378
22.29 0.0158999 -0.0163923 0.0228367
22.3 0.0167813 -0.0150449 0.022538
22.31 0.0175555 -0.0136569 0.022242
22.32 0.0182215 -0.0122356 0.0219484
22.33 0.0187781 -0.0107901 0.0216574
22.34 0.0192261 -0.00932761 0.0213693
22.35 0.0195646 -0.0078563 0.0210831
22.36 0.019796 -0.00638439 0.0208001
22.37 0.0199208 -0.00491876 0.0205191
22.38 0.0199419 -0.00346735 0.0202411
22.39 0.019861 -0.00203668 0.0199652
22.4 0.0196816 -0.000634527 0.0196918
22.41 0.0194072 0.000733469 0.019421
22.42 0.0190415 0.00206039 0.0191527
22.43 0.018589 0.00334115 0.0188869
22.44 0.0180542 0.00456973 0.0186235
22.45 0.0174417 0.00574167 0.0183625
22.46 0.0167571 0.00685125 0.0181036
22.47 0.0160064 0.00789581 0.0178479
22.48 0.015194 0.00887072 0.0175939
22.49 0.014327 0.00977295 0.0173428
22.5 0.0134102 0.0105998 0.0170935
22.51 0.0124511 0.0113485 0.016847
22.52 0.0114549 0.012018 0.0166026
22.53 0.0104286 0.0126063 0.0163607
22.54 0.00937765 0.0131132 0.0161213
22.55 0.00830876 0.0135374 0.0158838
22.56 0.00722803 0.0138799 0.0156491
22.57 0.0061415 0.0141404 0.0154165
22.58 0.00505483 0.0143206 0.0151866
22.59 0.00397408 0.0144208 0.0149584
22.6 0.00290479 0.0144441 0.0147333
22.61 0.00185174 0.0143912 0.0145098
22.62 0.000821164 0.0142655 0.0142891
22.63 -0.000183566 0.0140692 0.0140704
22.64 -0.00115626 0.0138057 0.013854
22.65 -0.00209397 0.0134785 0.0136402
22.66 -0.00299193 0.0130909 0.0134285
22.67 -0.00384728 0.0126472 0.0132194
22.68 -0.00465595 0.0121505 0.013012
22.69 -0.00541537 0.0116062 0.0128074
22.7 -0.00612281 0.0110178 0.0126048
22.71 -0.00677646 0.0103904 0.0124048
22.72 -0.00737397 0.00972769 0.0122067
22.73 -0.00791417 0.00903527 0.0120113
22.74 -0.00839558 0.00831665 0.0118175
22.75 -0.0088173 0.00757801 0.0116263
22.76 -0.00918 0.00682266 0.0114377
22.77 -0.00948218 0.00605568 0.0112509
22.78 -0.00972517 0.00528133 0.0110667
22.79 -0.00990864 0.00450419 0.0108843
22.8 -0.0100343 0.00372861 0.0107046
22.81 -0.0101026 0.00295831 0.0105268
22.82 -0.0101156 0.00219774 0.0103516
22.83 -0.0100743 0.00145016 0.0101782
22.84 -0.00998124 0.000719699 0.0100072
22.85 -0.00983808 9.45897e-06 0.00983808
22.86 -0.00964777 -0.000677065 0.0096715
22.87 -0.00941214 -0.00133765 0.00950672
22.88 -0.0091344 -0.0019683 0.00934406
22.89 -0.00881765 -0.00256802 0.00918399
22.9 -0.00846395 -0.00313345 0.00902535
22.91 -0.00807744 -0.00366329 0.00886932
22.92 -0.0076604 -0.00415536 0.00871486
22.93 -0.00721683 -0.00460833 0.00856267
22.94 -0.00674953 -0.00502118 0.00841239
22.95 -0.00626234 -0.00539281 0.00826434
22.96 -0.00575774 -0.00572275 0.00811797
22.97 -0.0052399 -0.00601011 0.00797358
22.98 -0.00471174 -0.00625506 0.0078311
22.99 -0.00417697 -0.00645768 0.00769082
23 -0.00363785 -0.00661866 0.00755253
23.01 -0.00309823 -0.00673749 0.00741571
23.02 -0.00256076 -0.00681612 0.00728128
23.03 -0.00202829 -0.00685411 0.00714792
23.04 -0.00150433 -0.00685402 0.00701716
23.05 -0.000990321 -0.00681633 0.0068879
23.06 -0.000489616 -0.00674271 0.00676046
23.07 -4.10006e-06 -0.00663464 0.00663465
23.08 0.000463279 -0.00649406 0.00651056
23.09 0.000911492 -0.00632303 0.00638839
23.1 0.00133786 -0.0061234 0.00626784
23.11 0.0017415 -0.00589732 0.00614908
23.12 0.00212024 -0.00564683 0.00603176
23.13 0.00247342 -0.00537453 0.00591636
23.14 0.00279915 -0.00508225 0.00580211
23.15 0.00309746 -0.00477328 0.0056902
23.16 0.00336706 -0.00444857 0.00557915
23.17 0.00360726 -0.00411216 0.00547012
23.18 0.00381856 -0.00376514 0.00536262
23.19 0.00399991 -0.00341059 0.00525655
23.2 0.00415205 -0.00305051 0.0051522
23.21 0.00427455 -0.00268738 0.00504913
23.22 0.00436862 -0.00232333 0.004948
23.23 0.00443398 -0.00196055 0.00484809
23.24 0.00447214 -0.00160091 0.00475004
23.25 0.00448306 -0.00124638 0.00465309
23.26 0.00446827 -0.00089912 0.00455783
23.27 0.00442833 -0.000560698 0.00446369
23.28 0.00436546 -0.000233046 0.00437168
23.29 0.00427984 8.33382e-05 0.00428065
23.3 0.00417323 0.000385622 0.00419101
23.31 0.00404729 0.000673832 0.004103
23.32 0.0039031 0.000945738 0.00401605
23.33 0.00374301 0.00120113 0.00393101
23.34 0.00356783 0.00143913 0.00384714
23.35 0.00337956 0.00165896 0.00376478
23.36 0.00317936 0.00185963 0.00368328
23.37 0.00296978 0.00204114 0.00360359
23.38 0.00275182 0.00220311 0.00352508
23.39 0.00252747 0.00234553 0.00344814
23.4 0.00229776 0.00246825 0.00337224
23.41 0.00206512 0.00257117 0.00329782
23.42 0.00183019 0.00265491 0.00322462
23.43 0.00159539 0.00271916 0.00315264
23.44 0.00136146 0.00276557 0.00308252
23.45 0.00112963 0.00279326 0.00301303
23.46 0.000901761 0.0028037 0.00294515
23.47 0.000678524 0.00279729 0.00287841
23.48 0.000461446 0.00277492 0.00281302
23.49 0.000251158 0.00273716 0.00274865
23.5 4.9082e-05 0.00268535 0.0026858
23.51 -0.000144425 0.00261992 0.0026239
23.52 -0.000328108 0.00254222 0.00256331
23.53 -0.000501848 0.00245311 0.00250392
23.54 -0.000664378 0.00235357 0.00244554
23.55 -0.000816053 0.00224478 0.00238851
23.56 -0.000955419 0.00212753 0.00233221
23.57 -0.0010832 0.00200366 0.00227772
23.58 -0.00119871 0.00187291 0.00222367
23.59 -0.00130148 0.00173749 0.00217088
23.6 -0.00139192 0.00159783 0.00211908
23.61 -0.0014696 0.00145536 0.00206828
23.62 -0.00153517 0.00131081 0.00201865
23.63 -0.00158845 0.0011654 0.00197011
23.64 -0.00162982 0.00101939 0.00192236
23.65 -0.0016591 0.000874502 0.00187547
23.66 -0.00167736 0.000731307 0.00182985
23.67 -0.00168449 0.000590536 0.001785
23.68 -0.00168165 0.000452739 0.00174153
23.69 -0.00166808 0.00031859 0.00169823
23.7 -0.00164541 0.00018935 0.00165627
23.71 -0.00161356 6.47884e-05 0.00161486
23.72 -0.00157361 -5.34993e-05 0.00157452
23.73 -0.00152625 -0.000166341 0.00153529
23.74 -0.00147143 -0.000272534 0.00149646
23.75 -0.00141035 -0.00037185 0.00145855
23.76 -0.00134355 -0.000463634 0.00142129
23.77 -0.00127197 -0.000548412 0.00138516
23.78 -0.0011959 -0.000625379 0.00134955
23.79 -0.0011163 -0.000694853 0.0013149
23.8 -0.0010333 -0.000756358 0.00128054
23.81 -0.00094849 -0.000809898 0.00124722
23.82 -0.000861678 -0.00085563 0.00121433
23.83 -0.000774402 -0.000893644 0.0011825
23.84 -0.000686205 -0.000924399 0.00115126
23.85 -0.000598445 -0.000947082 0.00112031
23.86 -0.000511571 -0.000963115 0.00109055
23.87 -0.000425777 -0.000971893 0.00106107
23.88 -0.000342019 -0.00097421 0.0010325
23.89 -0.000260307 -0.000970113 0.00100443
23.9 -0.000181244 -0.000960202 0.000977157
23.91 -0.000105285 -0.000944328 0.000950179
23.92 -3.28017e-05 -0.00092353 0.000924112
23.93 3.62272e-05 -0.000897733 0.000898464
23.94 0.000100913 -0.000867549 0.000873398
23.95 0.000161752 -0.000833349 0.000848902
23.96 0.000217802 -0.00079575 0.000825019
23.97 0.000269849 -0.000755105 0.000801874
23.98 0.000316879 -0.000711407 0.000778788
23.99 0.000359312 -0.000665993 0.000756737
24 0.000397053 -0.000618376 0.000734874
24.01 0.000429875 -0.000569713 0.000713699
24.02 0.000458293 -0.000519947 0.000693092
24.03 0.000482024 -0.000469575 0.00067294
24.04 0.000500956 -0.000418791 0.000652949
24.05 0.000515524 -0.000368655 0.000633776
24.06 0.000526104 -0.000318864 0.00061519
24.07 0.000532449 -0.000269936 0.000596965
24.08 0.000535266 -0.000221878 0.00057943
24.09 0.000533883 -0.000175301 0.000561926
24.1 0.000529432 -0.000130397 0.000545253
24.11 0.000521556 -8.72283e-05 0.0005288
24.12 0.000511156 -4.62494e-05 0.000513244
24.13 0.00049782 -6.70252e-06 0.000497865
24.14 0.000481683 3.01242e-05 0.000482624
24.15 0.000463539 6.45575e-05 0.000468013
24.16 0.000443523 9.63988e-05 0.000453878
24.17 0.0004218 0.000125992 0.000440215
24.18 0.000398655 0.000152914 0.000426976
24.19 0.000374025 0.000177478 0.000413996
24.2 0.0003482 0.000198965 0.000401037
24.21 0.000322198 0.000217985 0.00038901
24.22 0.000295294 0.000234503 0.000377082
24.23 0.000268254 0.00024875 0.000365838
24.24 0.000240506 0.00026039 0.000354466
24.25 0.000213207 0.000269172 0.000343381
24.26 0.00018607 0.000276047 0.000332902
24.27 0.000159471 0.000280378 0.000322557
24.28 0.000133376 0.000283062 0.000312911
24.29 0.000107611 0.000283465 0.000303204
24.3 8.27299e-05 0.000281841 0.000293732
24.31 5.91133e-05 0.000278314 0.000284523
24.32 3.6392e-05 0.000273584 0.000275994
24.33 1.45216e-05 0.000267104 0.000267499
24.34 -5.98832e-06 0.000259292 0.000259361
24.35 -2.56106e-05 0.000249834 0.000251143
24.36 -4.33377e-05 0.000239343 0.000243235
24.37 -5.99808e-05 0.000227938 0.000235698
24.38 -7.50968e-05 0.000215619 0.000228322
24.39 -8.92032e-05 0.000202707 0.000221466
24.4 -0.000101561 0.000188565 0.000214176
24.41 -0.000112317 0.000174391 0.000207431
24.42 -0.000121796 0.000159753 0.000200886
24.43 -0.000129852 0.000144939 0.000194599
24.44 -0.000136521 0.000129826 0.000188395
24.45 -0.000141887 0.000114659 0.000182424
24.46 -0.000145632 9.94028e-05 0.000176323
24.47 -0.000147932 8.47575e-05 0.000170493
24.48 -0.000149471 7.02215e-05 0.000165145
24.49 -0.00014948 5.6129e-05 0.00015967
24.5 -0.000148562 4.23413e-05 0.000154478
24.51 -0.000146288 2.91718e-05 0.000149168
24.52 -0.000143307 1.68753e-05 0.000144298
24.53 -0.000139296 4.9264e-06 0.000139383
24.54 -0.000134674 -6.02532e-06 0.000134809
24.55 -0.000129285 -1.66116e-05 0.000130348
24.56 -0.00012299 -2.62189e-05 0.000125754
24.57 -0.00011624 -3.48702e-05 0.000121357
24.58 -0.000109241 -4.27008e-05 0.00011729
24.59 -0.000101661 -4.98464e-05 0.000113224
24.6 -9.37694e-05 -5.59264e-05 0.000109181
24.61 -8.58125e-05 -6.13831e-05 0.000105507
24.62 -7.73787e-05 -6.56874e-05 0.0001015
24.63 -6.92788e-05 -6.93262e-05 9.80086e-05
24.64 -6.09875e-05 -7.21914e-05 9.45043e-05
24.65 -5.28569e-05 -7.42282e-05 9.11246e-05
24.66 -4.45906e-05 -7.5654e-05 8.78172e-05
24.67 -3.67982e-05 -7.5968e-05 8.44111e-05
24.68 -2.9214e-05 -7.59328e-05 8.13588e-05
24.69 -2.18761e-05 -7.51016e-05 7.82229e-05
24.7 -1.49836e-05 -7.37431e-05 7.525e-05
24.71 -8.48075e-06 -7.18934e-05 7.23919e-05
24.72 -2.25602e-06 -6.95545e-05 6.95911e-05
24.73 3.29709e-06 -6.66857e-05 6.67672e-05
24.74 8.34069e-06 -6.38273e-05 6.437e-05
24.75 1.32648e-05 -6.03736e-05 6.18137e-05
24.76 1.73592e-05 -5.68569e-05 5.94479e-05
24.77 2.12291e-05 -5.30306e-05 5.7122e-05
24.78 2.44423e-05 -4.90092e-05 5.47661e-05
24.79 2.73593e-05 -4.50798e-05 5.27326e-05
24.8 2.96181e-05 -4.08418e-05 5.04508e-05
24.81 3.16734e-05 -3.68643e-05 4.86022e-05
24.82 3.32329e-05 -3.26552e-05 4.65917e-05
24.83 3.42787e-05 -2.86389e-05 4.46679e-05
24.84 3.50656e-05 -2.47561e-05 4.29239e-05
24.85 3.56007e-05 -2.09205e-05 4.12926e-05
24.86 3.56453e-05 -1.71312e-05 3.95483e-05
24.87 3.54581e-05 -1.36969e-05 3.80116e-05
24.88 3.51491e-05 -1.01036e-05 3.65725e-05
24.89 3.42359e-05 -7.01487e-06 3.49472e-05
24.9 3.34586e-05 -3.98219e-06 3.36947e-05
24.91 3.22796e-05 -1.12909e-06 3.22993e-05
24.92 3.10429e-05 1.3441e-06 3.1072e-05
24.93 2.9488e-05 3.81204e-06 2.97333e-05
24.94 2.80625e-05 5.80336e-06 2.86563e-05
24.95 2.64042e-05 7.82731e-06 2.754e-05
24.96 2.46541e-05 9.52618e-06 2.64305e-05
24.97 2.29851e-05 1.10869e-05 2.55193e-05
24.98 2.1179e-05 1.25139e-05 2.45998e-05
24.99 1.92583e-05 1.37122e-05 2.36412e-05
25 1.74565e-05 1.46294e-05 2.2776e-05
25.01 1.56479e-05 1.5623e-05 2.21119e-05
25.02 1.35872e-05 1.61152e-05 2.10787e-05
25.03 1.18714e-05 1.6647e-05 2.04464e-05
25.04 9.9372e-06 1.69802e-05 1.96742e-05
25.05 8.15066e-06 1.70239e-05 1.88744e-05
25.06 6.33156e-06 1.71449e-05 1.82766e-05
25.07 4.72111e-06 1.69107e-05 1.75574e-05
25.08 2.97941e-06 1.6705e-05 1.69686e-05
25.09 1.39207e-06 1.62296e-05 1.62892e-05
25.1 -7.28952e-09 1.5677e-05 1.5677e-05
25.11 -1.46447e-06 1.50402e-05 1.51113e-05
25.12 -2.7794e-06 1.42162e-05 1.44853e-05
25.13 -3.84422e-06 1.33323e-05 1.38754e-05
25.14 -4.89807e-06 1.25284e-05 1.34519e-05
25.15 -5.87722e-06 1.13946e-05 1.2821e-05
25.16 -6.47366e-06 1.05427e-05 1.23716e-05
25.17 -7.24121e-06 9.51741e-06 1.19589e-05
25.18 -7.73046e-06 8.40173e-06 1.14171e-05
25.19 -8.17399e-06 7.46772e-06 1.10716e-05
25.2 -8.42062e-06 6.3019e-06 1.05176e-05
25.21 -8.73266e-06 5.29281e-06 1.02114e-05
25.22 -8.7755e-06 4.20089e-06 9.72917e-06
25.23 -8.718e-06 3.19493e-06 9.28499e-06
25.24 -8.68798e-06 2.23613e-06 8.97114e-06
25.25 -8.43497e-06 1.2825e-06 8.53191e-06
25.26 -8.07001e-06 4.53257e-07 8.08273e-06
25.27 -7.76889e-06 -2.65397e-07 7.77342e-06
25.28 -7.34752e-06 -1.133e-06 7.43436e-06
25.29 -6.72913e-06 -1.62291e-06 6.92207e-06
25.3 -6.34481e-06 -2.27634e-06 6.7408e-06
25.31 -5.68014e-06 -2.82531e-06 6.344e-06
25.32 -5.09314e-06 -3.1084e-06 5.96676e-06
25.33 -4.43108e-06 -3.54123e-06 5.67228e-06
25.34 -3.87572e-06 -3.69873e-06 5.35741e-06
25.35 -3.15921e-06 -3.84108e-06 4.97338e-06
25.36 -2.57222e-06 -3.90066e-06 4.67242e-06
25.37 -2.09108e-06 -3.88997e-06 4.41639e-06
25.38 -1.50344e-06 -3.86501e-06 4.14712e-06
25.39 -1.04917e-06 -3.77318e-06 3.91633e-06
25.4 -7.09177e-07 -3.64086e-06 3.70928e-06
25.41 -3.06687e-07 -3.60696e-06 3.61997e-06
25.42 8.94278e-08 -3.27435e-06 3.27557e-06
25.43 2.26565e-07 -3.19319e-06 3.20122e-06
25.44 6.09586e-07 -2.94872e-06 3.01107e-06
25.45 7.60452e-07 -2.58638e-06 2.69586e-06
25.46 9.33356e-07 -2.47422e-06 2.64441e-06
25.47 1.00793e-06 -2.12781e-06 2.35447e-06
25.48 1.15973e-06 -1.90593e-06 2.23104e-06
25.49 1.15647e-06 -1.70898e-06 2.0635e-06
25.5 1.13059e-06 -1.47874e-06 1.86142e-06
25.51 1.23658e-06 -1.28132e-06 1.78071e-06
25.52 1.16161e-06 -1.08071e-06 1.58659e-06
25.53 1.11703e-06 -8.72298e-07 1.41727e-06
25.54 1.14165e-06 -7.35823e-07 1.35823e-06
25.55 1.09102e-06 -4.51958e-07 1.18093e-06
25.56 9.17915e-07 -4.37729e-07 1.01694e-06
25.57 9.72661e-07 -2.72476e-07 1.01011e-06
25.58 7.94535e-07 -1.35167e-07 8.0595e-07
25.59 7.203e-07 -2.34819e-07 7.57609e-07
25.6 6.41381e-07 -7.7005e-08 6.45987e-07
25.61 6.23193e-07 -8.67194e-08 6.29197e-07
25.62 5.2804e-07 -1.05023e-07 5.38383e-07
25.63 5.0666e-07 -1.69468e-08 5.06944e-07
25.64 5.87714e-07 -1.03129e-08 5.87805e-07
25.65 4.91921e-07 9.68701e-09 4.92016e-07
25.66 5.32927e-07 4.39042e-08 5.34733e-07
25.67 6.00009e-07 3.17352e-08 6.00848e-07
25.68 5.60818e-07 1.06336e-07 5.70811e-07
25.69 5.46743e-07 5.5502e-09 5.46771e-07
25.7 6.81271e-07 1.23338e-07 6.92346e-07
25.71 5.88421e-07 1.54928e-07 6.08475e-07
25.72 6.53096e-07 9.3924e-08 6.59815e-07
25.73 6.6947e-07 2.97936e-07 7.32773e-07
25.74 6.67626e-07 2.75836e-07 7.22364e-07
25.75 5.91827e-07 2.93405e-07 6.60564e-07
25.76 5.74255e-07 4.07818e-07 7.04333e-07
25.77 5.39837e-07 3.66224e-07 6.52337e-07
25.78 3.55599e-07 3.84673e-07 5.23855e-07
25.79 3.5128e-07 4.20739e-07 5.48105e-07
25.8 2.79956e-07 4.17848e-07 5.02964e-07
25.81 1.46876e-07 4.9292e-07 5.14337e-07
25.82 1.1585e-07 4.56915e-07 4.71373e-07
25.83 1.31007e-07 6.00928e-07 6.15043e-07
25.84 -4.49674e-08 5.86785e-07 5.88506e-07
25.85 -1.33318e-08 5.58447e-07 5.58606e-07
25.86 -9.43331e-08 6.97176e-07 7.03529e-07
25.87 -1.72664e-07 5.73778e-07 5.99194e-07
25.88 -2.54452e-07 5.62761e-07 6.17613e-07
25.89 -2.68144e-07 6.25615e-07 6.80658e-07
25.9 -3.10021e-07 4.9718e-07 5.85919e-07
25.91 -4.15115e-07 5.15362e-07 6.61754e-07
25.92 -3.17818e-07 5.11083e-07 6.01842e-07
25.93 -3.77237e-07 4.21756e-07 5.65849e-07
25.94 -4.08483e-07 4.20393e-07 5.86165e-07
25.95 -3.49949e-07 2.96565e-07 4.5871e-07
25.96 -3.16141e-07 3.01446e-07 4.36823e-07
25.97 -3.8846e-07 1.6125e-07 4.20598e-07
25.98 -2.24079e-07 9.5852e-08 2.43719e-07
25.99 -1.98478e-07 1.36468e-07 2.40867e-07
26 -1.21987e-07 -2.69287e-08 1.24924e-07
