0 -0.00329337 -0.00348499 0.00479494
0.01 -0.00657658 -0.00695144 0.00956943
0.02 -0.0098394 -0.0103804 0.0143027
0.03 -0.0130719 -0.0137537 0.0189747
0.04 -0.016264 -0.017053 0.0235653
0.05 -0.0194056 -0.0202606 0.0280548
0.06 -0.0224872 -0.0233591 0.0324241
0.07 -0.025499 -0.0263317 0.0366546
0.08 -0.0284314 -0.0291624 0.0407282
0.09 -0.0312753 -0.0318354 0.0446278
0.1 -0.0340216 -0.0343364 0.0483369
0.11 -0.0366612 -0.0366512 0.0518397
0.12 -0.039186 -0.0387673 0.055122
0.13 -0.0415872 -0.0406724 0.0581699
0.14 -0.0438573 -0.0423557 0.060971
0.15 -0.0459883 -0.0438078 0.0635142
0.16 -0.0479731 -0.0450196 0.065789
0.17 -0.0498048 -0.0459841 0.0677869
0.18 -0.0514769 -0.046695 0.0695004
0.19 -0.0529831 -0.0471475 0.0709232
0.2 -0.0543181 -0.0473379 0.0720509
0.21 -0.0554765 -0.0472639 0.0728802
0.22 -0.0564536 -0.0469247 0.0734093
0.23 -0.0572453 -0.0463206 0.0736384
0.24 -0.0578478 -0.0454535 0.073569
0.25 -0.0582579 -0.0443264 0.073204
0.26 -0.0584732 -0.042944 0.0725486
0.27 -0.0584914 -0.0413118 0.0716094
0.28 -0.0583112 -0.0394368 0.070395
0.29 -0.0579316 -0.0373276 0.068916
0.3 -0.0573522 -0.0349933 0.0671848
0.31 -0.0565735 -0.032445 0.0652169
0.32 -0.0555964 -0.0296944 0.0630295
0.33 -0.0544222 -0.0267545 0.0606431
0.34 -0.0530535 -0.0236391 0.0580817
0.35 -0.0514929 -0.0203632 0.0553731
0.36 -0.0497435 -0.0169427 0.0525497
0.37 -0.0478099 -0.0133939 0.0496506
0.38 -0.0456965 -0.00973437 0.0467218
0.39 -0.0434086 -0.00598206 0.0438188
0.4 -0.0409522 -0.0021557 0.0410089
0.41 -0.0383339 0.00172582 0.0383728
0.42 -0.0355607 0.005643 0.0360057
0.43 -0.0326405 0.00957587 0.0340162
0.44 -0.0295814 0.0135048 0.0325183
0.45 -0.0263926 0.0174095 0.0316174
0.46 -0.0230832 0.0212698 0.0313885
0.47 -0.0196632 0.0250658 0.031858
0.48 -0.0161431 0.0287775 0.0329961
0.49 -0.0125339 0.0323855 0.0347263
0.5 -0.00884656 0.0358702 0.036945
0.51 -0.00509336 0.0392133 0.0395427
0.52 -0.00128609 0.0423963 0.0424158
0.53 0.00256274 0.0454018 0.0454741
0.54 0.00644018 0.0482129 0.0486411
0.55 0.0103332 0.0508135 0.0518536
0.56 0.0142285 0.0531888 0.055059
0.57 0.0181125 0.0553242 0.0582136
0.58 0.0219716 0.0572071 0.0612813
0.59 0.0257919 0.0588252 0.064231
0.6 0.0295595 0.060168 0.0670369
0.61 0.0332608 0.0612258 0.069677
0.62 0.0368815 0.0619905 0.0721323
0.63 0.0404082 0.0624552 0.0743873
0.64 0.0438271 0.0626142 0.0764287
0.65 0.0471247 0.0624637 0.0782461
0.66 0.0502877 0.062001 0.0798309
0.67 0.0533034 0.0612249 0.0811772
0.68 0.0561588 0.0601358 0.0822807
0.69 0.0588418 0.0587355 0.0831398
0.7 0.0613406 0.0570276 0.0837545
0.71 0.0636437 0.0550164 0.0841268
0.72 0.0657404 0.0527088 0.0842616
0.73 0.0676203 0.0501122 0.0841649
0.74 0.0692738 0.0472359 0.0838457
0.75 0.0706923 0.0440907 0.083315
0.76 0.071867 0.0406884 0.0825858
0.77 0.0727907 0.0370425 0.081674
0.78 0.0734569 0.0331673 0.0805977
0.79 0.0738595 0.0290789 0.0793776
0.8 0.0739936 0.024794 0.0780371
0.81 0.0738552 0.0203307 0.0766025
0.82 0.0734412 0.0157082 0.0751023
0.83 0.0727493 0.0109462 0.0735682
0.84 0.0717786 0.00606566 0.0720344
0.85 0.0705286 0.00108786 0.070537
0.86 0.0690006 -0.00396465 0.0691145
0.87 0.0671963 -0.0090694 0.0678056
0.88 0.0651187 -0.0142032 0.0666497
0.89 0.0627721 -0.0193423 0.0656846
0.9 0.0601613 -0.0244631 0.0649448
0.91 0.0572927 -0.0295414 0.0644605
0.92 0.0541737 -0.0345535 0.0642552
0.93 0.0508122 -0.0394752 0.0643441
0.94 0.0472178 -0.0442829 0.0647341
0.95 0.043401 -0.0489533 0.0654223
0.96 0.0393729 -0.0534632 0.0663968
0.97 0.0351459 -0.05779 0.0676381
0.98 0.0307333 -0.0619118 0.0691203
0.99 0.0261491 -0.0658077 0.0708126
1 0.0214086 -0.0694568 0.0726813
1.01 0.0165273 -0.0728399 0.0746914
1.02 0.0115221 -0.0759387 0.0768078
1.03 0.00641029 -0.0787355 0.0789961
1.04 0.00120963 -0.0812145 0.0812235
1.05 -0.00406116 -0.0833605 0.0834594
1.06 -0.0093828 -0.0851603 0.0856756
1.07 -0.0147361 -0.0866013 0.0878461
1.08 -0.0201007 -0.0876733 0.089948
1.09 -0.0254564 -0.0883671 0.0919607
1.1 -0.0307827 -0.0886751 0.0938661
1.11 -0.0360588 -0.0885916 0.0956489
1.12 -0.0412637 -0.0881124 0.0972959
1.13 -0.0463767 -0.0872352 0.0987967
1.14 -0.0513767 -0.0859591 0.100143
1.15 -0.0562434 -0.0842853 0.101328
1.16 -0.0609561 -0.0822167 0.102349
1.17 -0.0654945 -0.0797579 0.103203
1.18 -0.0698391 -0.0769153 0.103892
1.19 -0.0739705 -0.0736971 0.104417
1.2 -0.0778698 -0.0701133 0.104783
1.21 -0.0815193 -0.0661752 0.104998
1.22 -0.0849014 -0.0618962 0.105068
1.23 -0.0879995 -0.0572914 0.105006
1.24 -0.0907981 -0.0523769 0.104822
1.25 -0.0932823 -0.0471711 0.104531
1.26 -0.0954384 -0.0416931 0.104148
1.27 -0.0972541 -0.035964 0.103691
1.28 -0.0987175 -0.0300056 0.103177
1.29 -0.0998186 -0.0238415 0.102626
1.3 -0.100549 -0.017496 0.102059
1.31 -0.1009 -0.0109946 0.101497
1.32 -0.100866 -0.00436355 0.10096
1.33 -0.100442 0.00236969 0.10047
1.34 -0.0996244 0.00917725 0.100046
1.35 -0.0984122 0.0160308 0.0997093
1.36 -0.0968046 0.0229013 0.0994767
1.37 -0.0948029 0.0297592 0.099364
1.38 -0.0924099 0.0365754 0.0993848
1.39 -0.0896299 0.0433199 0.0995497
1.4 -0.0864688 0.0499632 0.0998658
1.41 -0.0829345 0.0564756 0.100338
1.42 -0.0790355 0.0628283 0.100965
1.43 -0.0747828 0.0689922 0.101747
1.44 -0.0701886 0.074939 0.102676
1.45 -0.0652663 0.0806414 0.103744
1.46 -0.0600314 0.0860724 0.104939
1.47 -0.0545003 0.0912062 0.106249
1.48 -0.0486907 0.0960176 0.107658
1.49 -0.0426222 0.100483 0.109149
1.5 -0.0363151 0.10458 0.110706
1.51 -0.0297912 0.108288 0.112311
1.52 -0.0230732 0.111586 0.113946
1.53 -0.0161852 0.114457 0.115595
1.54 -0.0091518 0.116883 0.117241
1.55 -0.00199898 0.118851 0.118868
1.56 0.00524715 0.120347 0.120461
1.57 0.0125591 0.12136 0.122008
1.58 0.0199092 0.121881 0.123496
1.59 0.0272693 0.121902 0.124915
1.6 0.0346106 0.121418 0.126255
1.61 0.0419042 0.120427 0.12751
1.62 0.0491212 0.118927 0.128672
1.63 0.0562323 0.116919 0.129739
1.64 0.0632088 0.114407 0.130707
1.65 0.0700216 0.111395 0.131574
1.66 0.0766424 0.107891 0.132342
1.67 0.083043 0.103905 0.133013
1.68 0.089196 0.0994481 0.133588
1.69 0.0950742 0.0945346 0.134074
1.7 0.100652 0.0891797 0.134476
1.71 0.105904 0.0834014 0.134801
1.72 0.110806 0.077219 0.135058
1.73 0.115335 0.0706542 0.135256
1.74 0.119468 0.0637301 0.135404
1.75 0.123187 0.0564715 0.135514
1.76 0.12647 0.0489049 0.135596
1.77 0.129301 0.0410586 0.135664
1.78 0.131664 0.0329616 0.135727
1.79 0.133544 0.0246444 0.135799
1.8 0.134929 0.0161393 0.135891
1.81 0.135807 0.00747887 0.136013
1.82 0.136171 -0.0013032 0.136177
1.83 0.136012 -0.0101722 0.136392
1.84 0.135326 -0.0190929 0.136666
1.85 0.13411 -0.0280298 0.137008
1.86 0.132362 -0.0369466 0.137422
1.87 0.130085 -0.0458073 0.137915
1.88 0.127281 -0.0545751 0.138488
1.89 0.123956 -0.0632141 0.139144
1.9 0.120117 -0.0716881 0.139883
1.91 0.115773 -0.0799613 0.140703
1.92 0.110937 -0.0879986 0.141601
1.93 0.105621 -0.0957656 0.142573
1.94 0.0998427 -0.103228 0.143613
1.95 0.0936182 -0.110354 0.144715
1.96 0.0869678 -0.117112 0.145872
1.97 0.0799127 -0.12347 0.147074
1.98 0.0724765 -0.129401 0.148315
1.99 0.0646839 -0.134875 0.149584
2 0.0565616 -0.139869 0.150872
2.01 0.0481381 -0.144356 0.152171
2.02 0.0394427 -0.148316 0.153471
2.03 0.0305066 -0.151726 0.154763
2.04 0.0213621 -0.15457 0.156039
2.05 0.0120426 -0.156831 0.157292
2.06 0.00258244 -0.158494 0.158515
2.07 -0.00698329 -0.159548 0.159701
2.08 -0.0166182 -0.159983 0.160844
2.09 -0.026286 -0.159793 0.161941
2.1 -0.0359494 -0.158973 0.162987
2.11 -0.0455711 -0.15752 0.16398
2.12 -0.0551133 -0.155436 0.164917
2.13 -0.0645385 -0.152722 0.165799
2.14 -0.0738094 -0.149384 0.166624
2.15 -0.0828884 -0.145431 0.167394
2.16 -0.0917387 -0.140873 0.168111
2.17 -0.100324 -0.135722 0.168777
2.18 -0.108609 -0.129995 0.169395
2.19 -0.116559 -0.123708 0.169969
2.2 -0.12414 -0.116882 0.170505
2.21 -0.131319 -0.109539 0.171008
2.22 -0.138065 -0.101705 0.171482
2.23 -0.144349 -0.0934047 0.171933
2.24 -0.150142 -0.0846682 0.17237
2.25 -0.155417 -0.0755256 0.172796
2.26 -0.160149 -0.0660099 0.17322
2.27 -0.164316 -0.0561548 0.173647
2.28 -0.167896 -0.0459964 0.174083
2.29 -0.170871 -0.035572 0.174534
2.3 -0.173223 -0.0249199 0.175007
2.31 -0.174939 -0.0140799 0.175505
2.32 -0.176007 -0.003093 0.176034
2.33 -0.176415 0.00799973 0.176597
2.34 -0.176159 0.0191555 0.177197
2.35 -0.175232 0.0303317 0.177838
2.36 -0.173633 0.0414851 0.17852
2.37 -0.171362 0.0525723 0.179245
2.38 -0.168422 0.0635498 0.180013
2.39 -0.16482 0.0743742 0.180823
2.4 -0.160562 0.0850026 0.181675
2.41 -0.155661 0.0953923 0.182565
2.42 -0.150129 0.105502 0.183492
2.43 -0.143983 0.115289 0.184452
2.44 -0.13724 0.124715 0.185442
2.45 -0.129922 0.133741 0.186458
2.46 -0.122053 0.142328 0.187494
2.47 -0.113657 0.15044 0.188548
2.48 -0.104763 0.158043 0.189613
2.49 -0.0954 0.165105 0.190685
2.5 -0.0856003 0.171593 0.191759
2.51 -0.0753977 0.177479 0.192831
2.52 -0.064828 0.182737 0.193895
2.53 -0.0539282 0.187341 0.194948
2.54 -0.0427373 0.191269 0.195986
2.55 -0.0312954 0.194502 0.197004
2.56 -0.0196441 0.197023 0.198
2.57 -0.00782588 0.198817 0.198971
2.58 0.00411594 0.199872 0.199914
2.59 0.0161368 0.200179 0.200829
2.6 0.028192 0.199732 0.201712
2.61 0.0402363 0.198528 0.202564
2.62 0.0522239 0.196566 0.203385
2.63 0.0641092 0.193848 0.204174
2.64 0.0758469 0.19038 0.204932
2.65 0.0873913 0.186169 0.205661
2.66 0.0986976 0.181228 0.206361
2.67 0.109722 0.17557 0.207036
2.68 0.12042 0.169212 0.207687
2.69 0.13075 0.162173 0.208316
2.7 0.14067 0.154476 0.208928
2.71 0.15014 0.146146 0.209525
2.72 0.159122 0.137209 0.21011
2.73 0.167578 0.127697 0.210687
2.74 0.175473 0.117641 0.211258
2.75 0.182774 0.107075 0.211829
2.76 0.189449 0.0960374 0.212401
2.77 0.195469 0.0845657 0.212978
2.78 0.200808 0.0727004 0.213563
2.79 0.20544 0.060484 0.214158
2.8 0.209344 0.0479605 0.214768
2.81 0.212501 0.0351746 0.215392
2.82 0.214893 0.0221731 0.216034
2.83 0.216508 0.00900327 0.216695
2.84 0.217334 -0.00428629 0.217376
2.85 0.217363 -0.0176468 0.218078
2.86 0.21659 -0.0310285 0.218801
2.87 0.215013 -0.0443813 0.219546
2.88 0.212633 -0.0576555 0.220311
2.89 0.209453 -0.0708007 0.221096
2.9 0.205481 -0.0837672 0.2219
2.91 0.200727 -0.0965056 0.222721
2.92 0.195203 -0.108967 0.223558
2.93 0.188926 -0.121104 0.224408
2.94 0.181914 -0.132869 0.22527
2.95 0.174189 -0.144216 0.226142
2.96 0.165775 -0.155102 0.22702
2.97 0.1567 -0.165482 0.227901
2.98 0.146993 -0.175315 0.228785
2.99 0.136687 -0.184563 0.229667
3 0.125817 -0.193188 0.230546
3.01 0.114419 -0.201154 0.231418
3.02 0.102532 -0.208428 0.232282
3.03 0.0901977 -0.214981 0.233136
3.04 0.0774591 -0.220783 0.233977
3.05 0.064361 -0.225811 0.234804
3.06 0.0509496 -0.23004 0.235615
3.07 0.0372725 -0.233452 0.236409
3.08 0.0233789 -0.23603 0.237185
3.09 0.00931843 -0.23776 0.237942
3.1 -0.00485804 -0.238631 0.238681
3.11 -0.0190989 -0.238637 0.2394
3.12 -0.0333523 -0.237772 0.2401
3.13 -0.047566 -0.236036 0.240781
3.14 -0.0616878 -0.233431 0.241445
3.15 -0.075665 -0.229963 0.242091
3.16 -0.0894463 -0.22564 0.242722
3.17 -0.10298 -0.220473 0.243338
3.18 -0.116215 -0.214479 0.243941
3.19 -0.129102 -0.207674 0.244532
3.2 -0.141592 -0.200081 0.245113
3.21 -0.153637 -0.191723 0.245687
3.22 -0.165192 -0.182628 0.246254
3.23 -0.176211 -0.172825 0.246817
3.24 -0.186653 -0.162347 0.247378
3.25 -0.196476 -0.151229 0.247937
3.26 -0.205641 -0.13951 0.248498
3.27 -0.214113 -0.127228 0.249061
3.28 -0.221858 -0.114428 0.249629
3.29 -0.228843 -0.101152 0.250201
3.3 -0.23504 -0.0874469 0.250781
3.31 -0.240424 -0.0733615 0.251367
3.32 -0.24497 -0.0589445 0.251962
3.33 -0.24866 -0.0442474 0.252566
3.34 -0.251475 -0.0293223 0.253179
3.35 -0.253402 -0.0142222 0.253801
3.36 -0.25443 0.000998886 0.254432
3.37 -0.254551 0.016286 0.255072
3.38 -0.253762 0.0315845 0.25572
3.39 -0.252061 0.0468388 0.256376
3.4 -0.249451 0.0619937 0.257039
3.41 -0.245938 0.076994 0.257708
3.42 -0.24153 0.0917851 0.258382
3.43 -0.23624 0.106313 0.25906
3.44 -0.230084 0.120524 0.25974
3.45 -0.22308 0.134365 0.26042
3.46 -0.21525 0.147787 0.2611
3.47 -0.206619 0.160738 0.261779
3.48 -0.197216 0.173171 0.262454
3.49 -0.18707 0.185039 0.263125
3.5 -0.176216 0.196297 0.26379
3.51 -0.164691 0.206904 0.264447
3.52 -0.152532 0.216818 0.265096
3.53 -0.139782 0.226002 0.265736
3.54 -0.126483 0.23442 0.266366
3.55 -0.112681 0.242041 0.266985
3.56 -0.0984253 0.248833 0.267592
3.57 -0.0837633 0.25477 0.268186
3.58 -0.068747 0.259828 0.268769
3.59 -0.0534286 0.263986 0.269338
3.6 -0.0378616 0.267226 0.269895
3.61 -0.0221008 0.269535 0.270439
3.62 -0.00620183 0.2709 0.270971
3.63 0.00977931 0.271315 0.271491
3.64 0.025786 0.270774 0.271999
3.65 0.0417612 0.269278 0.272497
3.66 0.0576481 0.266828 0.272984
3.67 0.0733902 0.26343 0.273462
3.68 0.0889308 0.259094 0.273932
3.69 0.104215 0.253833 0.274393
3.7 0.119186 0.247662 0.274849
3.71 0.133792 0.240601 0.275298
3.72 0.147979 0.232673 0.275744
3.73 0.161696 0.223903 0.276185
3.74 0.174893 0.21432 0.276623
3.75 0.187521 0.203956 0.27706
3.76 0.199536 0.192845 0.277495
3.77 0.210892 0.181025 0.277931
3.78 0.221548 0.168535 0.278366
3.79 0.231465 0.155419 0.278803
3.8 0.240605 0.14172 0.279241
3.81 0.248935 0.127486 0.27968
3.82 0.256423 0.112764 0.280122
3.83 0.26304 0.0976073 0.280566
3.84 0.268762 0.0820664 0.281012
3.85 0.273566 0.0661951 0.281461
3.86 0.277433 0.0500489 0.281911
3.87 0.280347 0.0336835 0.282363
3.88 0.282296 0.0171556 0.282817
3.89 0.283272 0.000523203 0.283272
3.9 0.283267 -0.0161561 0.283727
3.91 0.282281 -0.0328238 0.284183
3.92 0.280314 -0.049422 0.284638
3.93 0.277372 -0.0658921 0.285091
3.94 0.273463 -0.0821765 0.285543
3.95 0.268597 -0.0982183 0.285992
3.96 0.262792 -0.113961 0.286438
3.97 0.256064 -0.129349 0.28688
3.98 0.248436 -0.144328 0.287317
3.99 0.239932 -0.158846 0.287749
4 0.230581 -0.17285 0.288175
4.01 0.220413 -0.186292 0.288594
4.02 0.209462 -0.199125 0.289007
4.03 0.197766 -0.211301 0.289412
4.04 0.185362 -0.222779 0.289809
4.05 0.172294 -0.233516 0.290198
4.06 0.158605 -0.243476 0.290579
4.07 0.144342 -0.252622 0.290951
4.08 0.129554 -0.260921 0.291314
4.09 0.11429 -0.268344 0.291669
4.1 0.0986029 -0.274863 0.292014
4.11 0.0825461 -0.280455 0.292351
4.12 0.0661747 -0.285099 0.292679
4.13 0.0495445 -0.288779 0.292998
4.14 0.032713 -0.29148 0.293309
4.15 0.0157374 -0.293191 0.293613
4.16 -0.00132378 -0.293905 0.293908
4.17 -0.0184118 -0.29362 0.294196
4.18 -0.0354681 -0.292334 0.294478
4.19 -0.0524339 -0.290051 0.294752
4.2 -0.0692509 -0.286778 0.295021
4.21 -0.0858613 -0.282525 0.295284
4.22 -0.102207 -0.277305 0.295541
4.23 -0.118234 -0.271136 0.295794
4.24 -0.133884 -0.264037 0.296042
4.25 -0.149105 -0.256033 0.296286
4.26 -0.163845 -0.247149 0.296526
4.27 -0.178052 -0.237415 0.296763
4.28 -0.191676 -0.226864 0.296997
4.29 -0.204673 -0.215531 0.297228
4.3 -0.216995 -0.203455 0.297457
4.31 -0.228602 -0.190675 0.297684
4.32 -0.239452 -0.177235 0.297909
4.33 -0.249509 -0.16318 0.298132
4.34 -0.258738 -0.148558 0.298353
4.35 -0.267106 -0.133418 0.298573
4.36 -0.274585 -0.117811 0.298791
4.37 -0.281149 -0.101789 0.299008
4.38 -0.286776 -0.0854082 0.299224
4.39 -0.291444 -0.0687225 0.299437
4.4 -0.29514 -0.0517885 0.299649
4.41 -0.297849 -0.0346635 0.299859
4.42 -0.299562 -0.0174056 0.300067
4.43 -0.300272 -7.28388e-05 0.300272
4.44 -0.299978 0.017276 0.300475
4.45 -0.29868 0.0345824 0.300675
4.46 -0.296381 0.0517879 0.300872
4.47 -0.29309 0.0688345 0.301065
4.48 -0.288818 0.0856646 0.301254
4.49 -0.283578 0.102222 0.30144
4.5 -0.277389 0.118449 0.30162
4.51 -0.27027 0.134294 0.301796
4.52 -0.262246 0.149701 0.301966
4.53 -0.253344 0.16462 0.302131
4.54 -0.243594 0.179 0.30229
4.55 -0.233029 0.192793 0.302442
4.56 -0.221683 0.205953 0.302589
4.57 -0.209595 0.218435 0.302728
4.58 -0.196806 0.230199 0.30286
4.59 -0.183359 0.241204 0.302985
4.6 -0.169298 0.251414 0.303102
4.61 -0.154671 0.260796 0.303212
4.62 -0.139527 0.269317 0.303314
4.63 -0.123916 0.276951 0.303409
4.64 -0.107892 0.283671 0.303496
4.65 -0.0915058 0.289456 0.303575
4.66 -0.0748141 0.294286 0.303647
4.67 -0.057872 0.298147 0.303711
4.68 -0.0407361 0.301025 0.303769
4.69 -0.0234632 0.302912 0.303819
4.7 -0.00611119 0.303801 0.303863
4.71 0.0112629 0.303691 0.3039
4.72 0.0286009 0.302583 0.303932
4.73 0.0458457 0.30048 0.303957
4.74 0.0629401 0.29739 0.303978
4.75 0.0798277 0.293325 0.303994
4.76 0.0964526 0.288298 0.304005
4.77 0.11276 0.282327 0.304012
4.78 0.128697 0.275432 0.304016
4.79 0.14421 0.267637 0.304016
4.8 0.159249 0.258968 0.304014
4.81 0.173765 0.249454 0.304009
4.82 0.18771 0.239128 0.304002
4.83 0.201039 0.228025 0.303993
4.84 0.213708 0.216181 0.303982
4.85 0.225677 0.203636 0.30397
4.86 0.236907 0.190433 0.303957
4.87 0.247361 0.176616 0.303942
4.88 0.257007 0.16223 0.303926
4.89 0.265813 0.147323 0.303909
4.9 0.273751 0.131944 0.30389
4.91 0.280797 0.116146 0.30387
4.92 0.286928 0.0999792 0.303848
4.93 0.292126 0.0834978 0.303825
4.94 0.296374 0.0667559 0.303799
4.95 0.29966 0.0498085 0.303771
4.96 0.301974 0.0327113 0.30374
4.97 0.30331 0.0155202 0.303707
4.98 0.303664 -0.0017084 0.303669
4.99 0.303038 -0.0189186 0.303628
5 0.301434 -0.0360541 0.303583
5.01 0.298859 -0.0530594 0.303532
5.02 0.295322 -0.0698793 0.303477
5.03 0.290837 -0.0864595 0.303417
5.04 0.28542 -0.102746 0.30335
5.05 0.279088 -0.118688 0.303277
5.06 0.271865 -0.134232 0.303198
5.07 0.263775 -0.14933 0.303112
5.08 0.254846 -0.163932 0.303018
5.09 0.245107 -0.177994 0.302918
5.1 0.234592 -0.19147 0.30281
5.11 0.223336 -0.204317 0.302695
5.12 0.211376 -0.216495 0.302573
5.13 0.198753 -0.227967 0.302443
5.14 0.185508 -0.238696 0.302306
5.15 0.171684 -0.248648 0.302161
5.16 0.157329 -0.257794 0.30201
5.17 0.142488 -0.266105 0.301852
5.18 0.12721 -0.273556 0.301688
5.19 0.111545 -0.280126 0.301517
5.2 0.0955453 -0.285793 0.301341
5.21 0.0792615 -0.290543 0.30116
5.22 0.062747 -0.294361 0.300974
5.23 0.0460549 -0.297237 0.300784
5.24 0.0292396 -0.299164 0.300589
5.25 0.0123548 -0.300138 0.300392
5.26 -0.00454501 -0.300157 0.300191
5.27 -0.021406 -0.299224 0.299988
5.28 -0.0381739 -0.297343 0.299783
5.29 -0.0547957 -0.294522 0.299576
5.3 -0.0712184 -0.290773 0.299368
5.31 -0.08739 -0.28611 0.299159
5.32 -0.103259 -0.280549 0.298949
5.33 -0.118777 -0.27411 0.298738
5.34 -0.133893 -0.266816 0.298527
5.35 -0.148562 -0.258692 0.298316
5.36 -0.162736 -0.249766 0.298104
5.37 -0.176373 -0.240067 0.297892
5.38 -0.18943 -0.229629 0.297679
5.39 -0.201866 -0.218486 0.297466
5.4 -0.213645 -0.206675 0.297252
5.41 -0.224729 -0.194236 0.297037
5.42 -0.235086 -0.181209 0.29682
5.43 -0.244684 -0.167638 0.296602
5.44 -0.253495 -0.153565 0.296382
5.45 -0.261493 -0.139039 0.296159
5.46 -0.268654 -0.124104 0.295934
5.47 -0.274958 -0.108809 0.295705
5.48 -0.280388 -0.0932046 0.295473
5.49 -0.284927 -0.0773397 0.295237
5.5 -0.288564 -0.0612651 0.294996
5.51 -0.29129 -0.045032 0.294751
5.52 -0.293099 -0.0286923 0.2945
5.53 -0.293987 -0.0122973 0.294244
5.54 -0.293954 0.00410105 0.293983
5.55 -0.293003 0.0204512 0.293716
5.56 -0.291138 0.0367018 0.293443
5.57 -0.288369 0.0528023 0.293163
5.58 -0.284706 0.0687024 0.292878
5.59 -0.280164 0.0843528 0.292587
5.6 -0.274758 0.0997051 0.292289
5.61 -0.268509 0.114712 0.291986
5.62 -0.261438 0.129327 0.291677
5.63 -0.25357 0.143507 0.291363
5.64 -0.244932 0.157207 0.291043
5.65 -0.235553 0.170387 0.290718
5.66 -0.225464 0.183006 0.290388
5.67 -0.214699 0.195027 0.290054
5.68 -0.203294 0.206415 0.289716
5.69 -0.191286 0.217134 0.289375
5.7 -0.178715 0.227155 0.28903
5.71 -0.165621 0.236447 0.288682
5.72 -0.152047 0.244984 0.288332
5.73 -0.138037 0.252742 0.287981
5.74 -0.123635 0.259699 0.287627
5.75 -0.108888 0.265836 0.287272
5.76 -0.0938423 0.271135 0.286916
5.77 -0.0785465 0.275584 0.286559
5.78 -0.0630485 0.279171 0.286202
5.79 -0.047397 0.281887 0.285844
5.8 -0.0316416 0.283727 0.285486
5.81 -0.0158311 0.284688 0.285127
5.82 -1.49847e-05 0.284769 0.284769
5.83 0.0157576 0.283974 0.28441
5.84 0.0314379 0.282306 0.284052
5.85 0.0469777 0.279776 0.283692
5.86 0.0623291 0.276392 0.283333
5.87 0.0774453 0.272168 0.282972
5.88 0.0922801 0.26712 0.282611
5.89 0.106789 0.261267 0.282249
5.9 0.120927 0.254629 0.281885
5.91 0.134653 0.247228 0.28152
5.92 0.147925 0.239091 0.281152
5.93 0.160704 0.230245 0.280782
5.94 0.172952 0.22072 0.28041
5.95 0.184633 0.210547 0.280035
5.96 0.195713 0.19976 0.279656
5.97 0.206159 0.188394 0.279274
5.98 0.215943 0.176486 0.278888
5.99 0.225035 0.164075 0.278498
6 0.233411 0.1512 0.278105
6.01 0.241046 0.137904 0.277706
6.02 0.247921 0.124227 0.277304
6.03 0.254017 0.110214 0.276896
6.04 0.259317 0.0959085 0.276484
6.05 0.263808 0.0813559 0.276068
6.06 0.267479 0.0666015 0.275647
6.07 0.270323 0.0516912 0.275221
6.08 0.272333 0.0366718 0.274791
6.09 0.273506 0.0215893 0.274356
6.1 0.273841 0.00649025 0.273918
6.11 0.273341 -0.00857873 0.273476
6.12 0.27201 -0.0235719 0.27303
6.13 0.269856 -0.0384434 0.272581
6.14 0.266888 -0.0531482 0.272128
6.15 0.263117 -0.0676419 0.271673
6.16 0.25856 -0.0818808 0.271215
6.17 0.253232 -0.0958225 0.270755
6.18 0.247153 -0.109425 0.270293
6.19 0.240344 -0.122649 0.26983
6.2 0.232829 -0.135454 0.269365
6.21 0.224634 -0.147804 0.268899
6.22 0.215786 -0.159662 0.268432
6.23 0.206315 -0.170994 0.267964
6.24 0.196252 -0.181767 0.267496
6.25 0.185631 -0.19195 0.267028
6.26 0.174485 -0.201516 0.266559
6.27 0.162851 -0.210436 0.26609
6.28 0.150767 -0.218687 0.265621
6.29 0.13827 -0.226246 0.265152
6.3 0.125402 -0.233092 0.264683
6.31 0.112201 -0.239207 0.264214
6.32 0.0987113 -0.244576 0.263745
6.33 0.0849736 -0.249186 0.263275
6.34 0.0710312 -0.253024 0.262805
6.35 0.0569271 -0.256083 0.262334
6.36 0.0427054 -0.258357 0.261863
6.37 0.0284095 -0.259842 0.26139
6.38 0.0140833 -0.260536 0.260916
6.39 -0.000229401 -0.260441 0.260441
6.4 -0.0144852 -0.25956 0.259963
6.41 -0.028641 -0.257899 0.259484
6.42 -0.042654 -0.255466 0.259002
6.43 -0.0564825 -0.252273 0.258519
6.44 -0.0700849 -0.248331 0.258032
6.45 -0.0834211 -0.243657 0.257542
6.46 -0.0964515 -0.238267 0.257049
6.47 -0.109138 -0.232181 0.256552
6.48 -0.121444 -0.22542 0.256052
6.49 -0.133333 -0.218008 0.255548
6.5 -0.14477 -0.20997 0.255041
6.51 -0.155725 -0.201333 0.254529
6.52 -0.166164 -0.192126 0.254013
6.53 -0.176059 -0.182379 0.253494
6.54 -0.185382 -0.172125 0.25297
6.55 -0.194108 -0.161397 0.252442
6.56 -0.202213 -0.150229 0.25191
6.57 -0.209674 -0.138657 0.251375
6.58 -0.216473 -0.126719 0.250835
6.59 -0.222591 -0.114451 0.250292
6.6 -0.228014 -0.101893 0.249745
6.61 -0.232728 -0.089084 0.249195
6.62 -0.236722 -0.0760641 0.248642
6.63 -0.239987 -0.0628734 0.248086
6.64 -0.242517 -0.0495531 0.247528
6.65 -0.244307 -0.0361439 0.246967
6.66 -0.245357 -0.0226867 0.246403
6.67 -0.245666 -0.00922287 0.245839
6.68 -0.245236 0.00420726 0.245272
6.69 -0.244073 0.0175629 0.244704
6.7 -0.242184 0.030804 0.244135
6.71 -0.239577 0.0438912 0.243565
6.72 -0.236265 0.0567853 0.242994
6.73 -0.232262 0.0694487 0.242422
6.74 -0.227581 0.0818438 0.24185
6.75 -0.222242 0.0939347 0.241278
6.76 -0.216263 0.105686 0.240705
6.77 -0.209665 0.117064 0.240133
6.78 -0.202473 0.128037 0.23956
6.79 -0.194711 0.138572 0.238986
6.8 -0.186404 0.148641 0.238412
6.81 -0.177582 0.158215 0.237839
6.82 -0.168272 0.167268 0.237264
6.83 -0.158507 0.175775 0.236688
6.84 -0.148318 0.183713 0.236112
6.85 -0.137738 0.191063 0.235535
6.86 -0.126801 0.197803 0.234956
6.87 -0.115541 0.203917 0.234376
6.88 -0.103996 0.20939 0.233793
6.89 -0.0922002 0.214209 0.233209
6.9 -0.0801919 0.218363 0.232622
6.91 -0.0680078 0.221842 0.232032
6.92 -0.0556862 0.224641 0.23144
6.93 -0.0432647 0.226754 0.230844
6.94 -0.0307812 0.228178 0.230245
6.95 -0.0182742 0.228914 0.229642
6.96 -0.00578106 0.228963 0.229036
6.97 0.00666045 0.228328 0.228425
6.98 0.0190129 0.227016 0.22781
6.99 0.03124 0.225034 0.227192
7 0.0433052 0.222392 0.226569
7.01 0.0551734 0.219102 0.225942
7.02 0.0668098 0.215177 0.22531
7.03 0.078181 0.210634 0.224675
7.04 0.0892539 0.205489 0.224036
7.05 0.0999976 0.199762 0.223393
7.06 0.110381 0.193473 0.222746
7.07 0.120376 0.186646 0.222097
7.08 0.129953 0.179302 0.221444
7.09 0.139088 0.17147 0.220788
7.1 0.147756 0.163173 0.22013
7.11 0.155932 0.154441 0.21947
7.12 0.163596 0.145303 0.218807
7.13 0.170728 0.135789 0.218143
7.14 0.177309 0.125929 0.217478
7.15 0.183324 0.115756 0.216812
7.16 0.188758 0.105303 0.216144
7.17 0.193599 0.0946019 0.215477
7.18 0.197836 0.0836877 0.214808
7.19 0.201459 0.0725942 0.21414
7.2 0.204463 0.0613562 0.213471
7.21 0.206843 0.0500084 0.212802
7.22 0.208594 0.0385856 0.212133
7.23 0.209717 0.0271228 0.211464
7.24 0.210213 0.0156546 0.210795
7.25 0.210083 0.00421558 0.210125
7.26 0.209333 -0.0071599 0.209456
7.27 0.20797 -0.0184385 0.208785
7.28 0.206001 -0.0295865 0.208115
7.29 0.203437 -0.0405717 0.207443
7.3 0.200289 -0.0513622 0.20677
7.31 0.196572 -0.061927 0.206096
7.32 0.1923 -0.0722357 0.20542
7.33 0.187491 -0.0822598 0.204743
7.34 0.182162 -0.0919709 0.204063
7.35 0.176333 -0.101342 0.203381
7.36 0.170026 -0.110348 0.202696
7.37 0.163262 -0.118965 0.202008
7.38 0.156066 -0.12717 0.201317
7.39 0.148462 -0.13494 0.200623
7.4 0.140476 -0.142257 0.199926
7.41 0.132134 -0.149102 0.199225
7.42 0.123465 -0.155457 0.198521
7.43 0.114496 -0.161308 0.197812
7.44 0.105257 -0.166642 0.1971
7.45 0.0957771 -0.171446 0.196385
7.46 0.086087 -0.175711 0.195666
7.47 0.0762168 -0.179427 0.194944
7.48 0.0661977 -0.182589 0.194218
7.49 0.0560604 -0.18519 0.19349
7.5 0.0458361 -0.187229 0.192758
7.51 0.0355559 -0.188704 0.192025
7.52 0.0252511 -0.189615 0.191289
7.53 0.0149521 -0.189963 0.190551
7.54 0.00468993 -0.189753 0.189811
7.55 -0.00550588 -0.188991 0.189071
7.56 -0.0156048 -0.187682 0.188329
7.57 -0.0255784 -0.185835 0.187587
7.58 -0.0353978 -0.183461 0.186845
7.59 -0.0450354 -0.180572 0.186103
7.6 -0.0544639 -0.17718 0.185362
7.61 -0.0636575 -0.173299 0.184621
7.62 -0.0725908 -0.168947 0.183881
7.63 -0.0812399 -0.164138 0.183143
7.64 -0.0895813 -0.158893 0.182406
7.65 -0.0975938 -0.15323 0.18167
7.66 -0.105256 -0.147171 0.180936
7.67 -0.112548 -0.140735 0.180204
7.68 -0.119453 -0.133947 0.179474
7.69 -0.125954 -0.126828 0.178745
7.7 -0.132034 -0.119404 0.178017
7.71 -0.13768 -0.111698 0.177292
7.72 -0.14288 -0.103737 0.176567
7.73 -0.147622 -0.0955449 0.175844
7.74 -0.151896 -0.0871495 0.175121
7.75 -0.155695 -0.0785765 0.174399
7.76 -0.159011 -0.069853 0.173678
7.77 -0.16184 -0.061006 0.172957
7.78 -0.164179 -0.0520624 0.172236
7.79 -0.166024 -0.0430492 0.171514
7.8 -0.167375 -0.0339936 0.170793
7.81 -0.168234 -0.0249222 0.17007
7.82 -0.168602 -0.0158618 0.169347
7.83 -0.168484 -0.00683821 0.168623
7.84 -0.167884 0.00212218 0.167897
7.85 -0.166809 0.0109945 0.167171
7.86 -0.165267 0.0197536 0.166443
7.87 -0.163267 0.0283755 0.165714
7.88 -0.16082 0.0368364 0.164984
7.89 -0.157936 0.0451139 0.164253
7.9 -0.15463 0.0531857 0.163521
7.91 -0.150914 0.0610308 0.162788
7.92 -0.146805 0.0686289 0.162054
7.93 -0.142317 0.075961 0.16132
7.94 -0.137468 0.0830084 0.160586
7.95 -0.132275 0.0897543 0.159852
7.96 -0.126758 0.0961824 0.159118
7.97 -0.120934 0.102278 0.158385
7.98 -0.114824 0.108026 0.157653
7.99 -0.10845 0.113416 0.156922
8 -0.101831 0.118434 0.156193
8.01 -0.0949887 0.123072 0.155466
8.02 -0.0879462 0.12732 0.154741
8.03 -0.0807248 0.131169 0.154019
8.04 -0.0733474 0.134615 0.1533
8.05 -0.0658363 0.13765 0.152584
8.06 -0.0582146 0.140272 0.151872
8.07 -0.0505045 0.142477 0.151164
8.08 -0.0427295 0.144264 0.150459
8.09 -0.0349115 0.145632 0.149758
8.1 -0.0270736 0.146583 0.149062
8.11 -0.0192374 0.147117 0.148369
8.12 -0.0114253 0.147239 0.147682
8.13 -0.00365868 0.146952 0.146998
8.14 0.00404122 0.146263 0.146318
8.15 0.0116537 0.145176 0.145643
8.16 0.0191585 0.143701 0.144972
8.17 0.0265362 0.141844 0.144305
8.18 0.0337675 0.139617 0.143642
8.19 0.0408344 0.137028 0.142983
8.2 0.047719 0.13409 0.142328
8.21 0.0544047 0.130813 0.141676
8.22 0.0608751 0.127212 0.141028
8.23 0.067115 0.1233 0.140382
8.24 0.0731102 0.11909 0.139741
8.25 0.0788468 0.114597 0.139102
8.26 0.0843125 0.109838 0.138467
8.27 0.0894952 0.104828 0.137834
8.28 0.0943841 0.0995824 0.137204
8.29 0.0989697 0.0941193 0.136578
8.3 0.103243 0.0884557 0.135954
8.31 0.107195 0.0826086 0.135333
8.32 0.110821 0.0765962 0.134715
8.33 0.114113 0.0704361 0.134101
8.34 0.117067 0.0641468 0.13349
8.35 0.119678 0.0577459 0.132882
8.36 0.121945 0.0512524 0.132277
8.37 0.123863 0.0446839 0.131677
8.38 0.125434 0.0380591 0.13108
8.39 0.126655 0.0313957 0.130488
8.4 0.127528 0.0247119 0.129901
8.41 0.128055 0.0180254 0.129318
8.42 0.128238 0.0113538 0.12874
8.43 0.128081 0.00471406 0.128167
8.44 0.127587 -0.0018764 0.127601
8.45 0.126761 -0.00840138 0.127039
8.46 0.125611 -0.0148444 0.126485
8.47 0.12414 -0.0211899 0.125936
8.48 0.122359 -0.0274223 0.125394
8.49 0.120273 -0.033527 0.124858
8.5 0.117892 -0.0394896 0.12433
8.51 0.115225 -0.0452962 0.123809
8.52 0.112282 -0.0509339 0.123294
8.53 0.109073 -0.0563897 0.122787
8.54 0.105609 -0.0616521 0.122288
8.55 0.101902 -0.0667092 0.121795
8.56 0.0979625 -0.0715505 0.12131
8.57 0.0938039 -0.0761661 0.120832
8.58 0.0894388 -0.0805465 0.120362
8.59 0.0848797 -0.0846827 0.119899
8.6 0.0801402 -0.0885674 0.119443
8.61 0.0752337 -0.0921926 0.118994
8.62 0.0701741 -0.0955522 0.118552
8.63 0.0649752 -0.0986398 0.118117
8.64 0.0596512 -0.101451 0.117688
8.65 0.0542165 -0.10398 0.117266
8.66 0.0486853 -0.106225 0.116851
8.67 0.0430723 -0.108182 0.116441
8.68 0.0373915 -0.109848 0.116038
8.69 0.0316578 -0.111222 0.11564
8.7 0.0258856 -0.112303 0.115248
8.71 0.0200888 -0.113091 0.114862
8.72 0.0142821 -0.113587 0.114481
8.73 0.00847958 -0.113791 0.114106
8.74 0.002695 -0.113705 0.113736
8.75 -0.00305751 -0.113331 0.113372
8.76 -0.00876462 -0.112673 0.113013
8.77 -0.0144126 -0.111734 0.11266
8.78 -0.0199888 -0.110519 0.112312
8.79 -0.0254797 -0.109031 0.111969
8.8 -0.0308735 -0.107278 0.111632
8.81 -0.036157 -0.105264 0.111301
8.82 -0.0413193 -0.102996 0.110975
8.83 -0.046348 -0.100481 0.110655
8.84 -0.0512322 -0.0977269 0.110342
8.85 -0.0559612 -0.0947409 0.110034
8.86 -0.0605247 -0.091532 0.109733
8.87 -0.0649122 -0.0881088 0.109438
8.88 -0.069115 -0.0844806 0.109151
8.89 -0.0731233 -0.0806572 0.10887
8.9 -0.0769289 -0.0766484 0.108596
8.91 -0.0805233 -0.0724649 0.108329
8.92 -0.0838994 -0.068117 0.10807
8.93 -0.0870496 -0.0636163 0.107818
8.94 -0.0899677 -0.0589737 0.107574
8.95 -0.0926471 -0.0542011 0.107337
8.96 -0.0950827 -0.04931 0.107108
8.97 -0.0972694 -0.0443127 0.106888
8.98 -0.0992026 -0.0392216 0.106675
8.99 -0.100878 -0.0340488 0.10647
9 -0.102294 -0.0288071 0.106273
9.01 -0.103445 -0.0235095 0.106083
9.02 -0.104332 -0.0181683 0.105902
9.03 -0.104951 -0.0127969 0.105728
9.04 -0.105301 -0.00740798 0.105562
9.05 -0.105383 -0.00201481 0.105403
9.06 -0.105197 0.00336999 0.105251
9.07 -0.104742 0.00873294 0.105106
9.08 -0.104021 0.0140615 0.104967
9.09 -0.103036 0.0193423 0.104836
9.1 -0.101788 0.024563 0.10471
9.11 -0.100281 0.0297106 0.10459
9.12 -0.0985195 0.0347726 0.104476
9.13 -0.0965064 0.0397365 0.104367
9.14 -0.0942471 0.0445906 0.104263
9.15 -0.0917472 0.0493221 0.104164
9.16 -0.0890121 0.0539201 0.10407
9.17 -0.0860489 0.0583725 0.10398
9.18 -0.0828643 0.0626685 0.103893
9.19 -0.0794665 0.0667972 0.103811
9.2 -0.0758628 0.070748 0.103733
9.21 -0.0720628 0.0745108 0.103658
9.22 -0.068075 0.078076 0.103586
9.23 -0.0639096 0.0814341 0.103518
9.24 -0.0595762 0.0845762 0.103453
9.25 -0.0550858 0.0874941 0.103391
9.26 -0.0504493 0.09018 0.103332
9.27 -0.0456783 0.092626 0.103277
9.28 -0.0407843 0.0948258 0.103224
9.29 -0.0357802 0.096773 0.103176
9.3 -0.0306779 0.0984616 0.10313
9.31 -0.025491 0.0998869 0.103088
9.32 -0.0202321 0.101044 0.10305
9.33 -0.0149151 0.10193 0.103015
9.34 -0.00955359 0.10254 0.102984
9.35 -0.00416171 0.102873 0.102957
9.36 0.0012466 0.102927 0.102934
9.37 0.00665678 0.1027 0.102915
9.38 0.0120546 0.102192 0.102901
9.39 0.0174256 0.101404 0.10289
9.4 0.0227551 0.100336 0.102884
9.41 0.0280285 0.0989908 0.102882
9.42 0.0332315 0.0973699 0.102885
9.43 0.0383494 0.0954775 0.102891
9.44 0.0433679 0.0933166 0.102902
9.45 0.0482728 0.0908928 0.102916
9.46 0.05305 0.088211 0.102934
9.47 0.0576861 0.0852779 0.102956
9.48 0.062167 0.0821002 0.102981
9.49 0.06648 0.0786857 0.10301
9.5 0.0706119 0.0750425 0.103041
9.51 0.0745505 0.0711802 0.103075
9.52 0.0782834 0.0671082 0.103111
9.53 0.0817995 0.0628372 0.103149
9.54 0.0850876 0.0583781 0.103189
9.55 0.0881371 0.0537429 0.10323
9.56 0.0909381 0.0489436 0.103272
9.57 0.0934817 0.0439935 0.103316
9.58 0.0957585 0.0389055 0.10336
9.59 0.0977615 0.0336941 0.103405
9.6 0.0994828 0.0283734 0.10345
9.61 0.100917 0.0229583 0.103495
9.62 0.102057 0.0174643 0.10354
9.63 0.102899 0.0119069 0.103585
9.64 0.103438 0.00630203 0.10363
9.65 0.103673 0.000666021 0.103675
9.66 0.103599 -0.0049846 0.103719
9.67 0.103217 -0.0106333 0.103763
9.68 0.102525 -0.0162633 0.103807
9.69 0.101525 -0.0218575 0.103851
9.7 0.100217 -0.0273991 0.103895
9.71 0.0986046 -0.0328713 0.103939
9.72 0.0966901 -0.0382568 0.103983
9.73 0.0944787 -0.0435395 0.104028
9.74 0.0919751 -0.0487022 0.104074
9.75 0.0891857 -0.0537293 0.10412
9.76 0.0861178 -0.0586039 0.104167
9.77 0.0827792 -0.0633109 0.104215
9.78 0.0791789 -0.0678345 0.104263
9.79 0.0753269 -0.0721605 0.104313
9.8 0.0712339 -0.0762737 0.104364
9.81 0.0669113 -0.080161 0.104417
9.82 0.0623716 -0.0838087 0.104471
9.83 0.0576281 -0.0872044 0.104526
9.84 0.0526946 -0.090336 0.104582
9.85 0.0475855 -0.093193 0.104639
9.86 0.0423166 -0.0957641 0.104697
9.87 0.0369033 -0.0980408 0.104756
9.88 0.0313626 -0.100014 0.104816
9.89 0.025711 -0.101675 0.104876
9.9 0.0199666 -0.103019 0.104936
9.91 0.0141469 -0.104039 0.104997
9.92 0.00827041 -0.10473 0.105056
9.93 0.00235555 -0.105089 0.105116
9.94 -0.00357837 -0.105113 0.105174
9.95 -0.0095127 -0.104801 0.105232
9.96 -0.015428 -0.104151 0.105288
9.97 -0.0213051 -0.103165 0.105342
9.98 -0.0271244 -0.101844 0.105394
9.99 -0.0328674 -0.100191 0.105444
10 -0.0385141 -0.0982096 0.105492
10.01 -0.0440465 -0.0959056 0.105537
10.02 -0.0494453 -0.0932852 0.105579
10.03 -0.0546926 -0.090355 0.105619
10.04 -0.0597704 -0.0871242 0.105656
10.05 -0.0646612 -0.0836018 0.10569
10.06 -0.069348 -0.0797984 0.105721
10.07 -0.0738149 -0.0757255 0.10575
10.08 -0.0780456 -0.0713959 0.105776
10.09 -0.0820255 -0.0668228 0.105799
10.1 -0.0857402 -0.0620207 0.10582
10.11 -0.0891766 -0.0570048 0.10584
10.12 -0.0923217 -0.0517915 0.105857
10.13 -0.0951644 -0.046397 0.105872
10.14 -0.0976937 -0.0408398 0.105886
10.15 -0.0999002 -0.0351373 0.105899
10.16 -0.101775 -0.0293092 0.105912
10.17 -0.103311 -0.0233742 0.105923
10.18 -0.104502 -0.0173525 0.105933
10.19 -0.105343 -0.0112642 0.105943
10.2 -0.105829 -0.00513039 0.105953
10.21 -0.105958 0.00102869 0.105963
10.22 -0.105728 0.00719137 0.105972
10.23 -0.105139 0.0133368 0.105982
10.24 -0.104192 0.0194435 0.105991
10.25 -0.10289 0.0254905 0.106
10.26 -0.101235 0.0314564 0.106009
10.27 -0.0992319 0.0373206 0.106018
10.28 -0.0968877 0.0430619 0.106026
10.29 -0.0942086 0.0486605 0.106034
10.3 -0.0912038 0.0540962 0.10604
10.31 -0.0878822 0.0593495 0.106046
10.32 -0.0842551 0.064402 0.10605
10.33 -0.0803341 0.0692351 0.106052
10.34 -0.0761324 0.0738312 0.106053
10.35 -0.0716637 0.0781739 0.106051
10.36 -0.0669437 0.0822471 0.106047
10.37 -0.0619877 0.0860357 0.106041
10.38 -0.0568132 0.089526 0.106031
10.39 -0.0514375 0.0927046 0.106019
10.4 -0.0458797 0.09556 0.106003
10.41 -0.0401585 0.0980808 0.105984
10.42 -0.0342945 0.100258 0.105961
10.43 -0.0283076 0.102083 0.105935
10.44 -0.0222193 0.103548 0.105906
10.45 -0.0160512 0.104648 0.105872
10.46 -0.00982463 0.105379 0.105836
10.47 -0.00356224 0.105736 0.105796
10.48 0.00271355 0.105718 0.105753
10.49 0.00898061 0.105324 0.105706
10.5 0.0152162 0.104556 0.105657
10.51 0.0213977 0.103415 0.105606
10.52 0.027503 0.101905 0.105552
10.53 0.0335098 0.100032 0.105495
10.54 0.0393964 0.0978005 0.105437
10.55 0.0451409 0.0952191 0.105377
10.56 0.0507229 0.0922969 0.105316
10.57 0.0561213 0.0890435 0.105254
10.58 0.0613168 0.085471 0.105191
10.59 0.0662897 0.0815919 0.105126
10.6 0.0710221 0.0774198 0.105062
10.61 0.0754961 0.0729699 0.104996
10.62 0.0796952 0.0682583 0.104931
10.63 0.0836037 0.0633017 0.104865
10.64 0.0872072 0.0581185 0.104799
10.65 0.0904918 0.0527273 0.104733
10.66 0.0934457 0.0471478 0.104666
10.67 0.0960572 0.0414006 0.104599
10.68 0.098317 0.0355066 0.104532
10.69 0.100216 0.0294877 0.104464
10.7 0.101747 0.0233657 0.104396
10.71 0.102905 0.0171636 0.104326
10.72 0.103684 0.0109039 0.104256
10.73 0.104082 0.00461038 0.104184
10.74 0.104097 -0.00169422 0.10411
10.75 0.103728 -0.00798614 0.104035
10.76 0.102979 -0.014242 0.103959
10.77 0.101849 -0.0204385 0.10388
10.78 0.100345 -0.0265527 0.103798
10.79 0.0984708 -0.0325614 0.103715
10.8 0.0962343 -0.0384426 0.103629
10.81 0.0936435 -0.0441738 0.10354
10.82 0.0907083 -0.049734 0.103448
10.83 0.0874395 -0.0551019 0.103353
10.84 0.0838496 -0.0602579 0.103256
10.85 0.079952 -0.0651821 0.103155
10.86 0.0757613 -0.0698566 0.103052
10.87 0.071294 -0.0742635 0.102946
10.88 0.0665662 -0.0783862 0.102837
10.89 0.0615964 -0.0822094 0.102725
10.9 0.0564034 -0.0857189 0.102611
10.91 0.0510068 -0.088901 0.102494
10.92 0.0454271 -0.0917445 0.102375
10.93 0.039686 -0.0942384 0.102254
10.94 0.0338048 -0.0963735 0.10213
10.95 0.0278068 -0.0981418 0.102005
10.96 0.0217138 -0.099537 0.101878
10.97 0.0155502 -0.100554 0.101749
10.98 0.00933865 -0.101189 0.101619
10.99 0.00310376 -0.10144 0.101488
11 -0.00313137 -0.101306 0.101355
11.01 -0.0093423 -0.100789 0.101221
11.02 -0.0155054 -0.0998898 0.101086
11.03 -0.0215971 -0.0986128 0.10095
11.04 -0.0275944 -0.0969634 0.100813
11.05 -0.0334737 -0.094948 0.100676
11.06 -0.0392131 -0.0925747 0.100537
11.07 -0.0447902 -0.0898533 0.100398
11.08 -0.050184 -0.086794 0.100258
11.09 -0.0553736 -0.0834099 0.100117
11.1 -0.0603395 -0.0797132 0.0999753
11.11 -0.0650626 -0.0757196 0.0998329
11.12 -0.069525 -0.0714441 0.0996894
11.13 -0.0737098 -0.0669041 0.0995454
11.14 -0.0776009 -0.062117 0.0994003
11.15 -0.0811842 -0.0571021 0.0992548
11.16 -0.0844455 -0.0518788 0.0991083
11.17 -0.0873732 -0.0464677 0.0989612
11.18 -0.0899562 -0.04089 0.0988136
11.19 -0.092185 -0.035168 0.0986654
11.2 -0.0940513 -0.0293236 0.0985166
11.21 -0.0955489 -0.0233801 0.0983678
11.22 -0.0966718 -0.0173606 0.0982182
11.23 -0.0974171 -0.0112888 0.098069
11.24 -0.0977817 -0.00518837 0.0979193
11.25 -0.0977657 0.000916836 0.09777
11.26 -0.0973692 0.00700295 0.0976208
11.27 -0.0965951 0.0130461 0.0974721
11.28 -0.0954464 0.0190227 0.0973235
11.29 -0.0939289 0.0249098 0.0971758
11.3 -0.092049 0.030684 0.0970285
11.31 -0.089815 0.0363231 0.0968819
11.32 -0.0872362 0.0418054 0.0967359
11.33 -0.0843239 0.0471092 0.0965908
11.34 -0.0810897 0.0522142 0.0964461
11.35 -0.0775476 0.0571009 0.0963024
11.36 -0.0737117 0.06175 0.0961586
11.37 -0.0695985 0.0661444 0.0960158
11.38 -0.0652243 0.0702664 0.0958727
11.39 -0.0606073 0.074101 0.0957298
11.4 -0.0557663 0.0776331 0.0955865
11.41 -0.0507212 0.0808498 0.0954428
11.42 -0.0454922 0.0837386 0.0952979
11.43 -0.0401006 0.0862891 0.0951518
11.44 -0.0345685 0.0884918 0.0950041
11.45 -0.0289179 0.0903388 0.0948543
11.46 -0.0231717 0.0918233 0.0947018
11.47 -0.0173531 0.0929406 0.0945468
11.48 -0.0114856 0.0936867 0.0943881
11.49 -0.00559231 0.0940599 0.094226
11.5 0.000302522 0.094059 0.0940595
11.51 0.00617616 0.0936856 0.093889
11.52 0.0120042 0.0929415 0.0937136
11.53 0.0177643 0.0918309 0.0935333
11.54 0.023433 0.0903588 0.0933479
11.55 0.0289883 0.0885323 0.0931574
11.56 0.0344077 0.0863594 0.0929614
11.57 0.0396704 0.0838495 0.0927603
11.58 0.0447552 0.0810139 0.0925542
11.59 0.0496427 0.0778645 0.0923433
11.6 0.054313 0.0744148 0.0921274
11.61 0.0587489 0.0706795 0.0919077
11.62 0.0629323 0.0666743 0.0916839
11.63 0.0668479 0.0624158 0.0914569
11.64 0.0704798 0.0579223 0.0912272
11.65 0.0738152 0.0532119 0.0909955
11.66 0.0768406 0.0483048 0.0907625
11.67 0.0795453 0.0432207 0.0905289
11.68 0.081919 0.037981 0.0902955
11.69 0.0839535 0.032607 0.0900633
11.7 0.0856411 0.0271212 0.089833
11.71 0.0872504 0.0216324 0.0898921
11.72 0.0887811 0.016146 0.0902374
11.73 0.0902329 0.0106666 0.0908612
11.74 0.0916055 0.00519947 0.091753
11.75 0.0928991 -0.000250757 0.0928995
11.76 0.0941135 -0.00567866 0.0942846
11.77 0.0952487 -0.0110798 0.0958909
11.78 0.0963052 -0.0164485 0.0976997
11.79 0.0972825 -0.0217806 0.0996909
11.8 0.0981819 -0.0270705 0.101845
11.81 0.0990028 -0.0323135 0.104143
11.82 0.0997462 -0.037505 0.106564
11.83 0.100412 -0.04264 0.109091
11.84 0.101002 -0.0477136 0.111705
11.85 0.101516 -0.0527211 0.11439
11.86 0.101955 -0.0576581 0.117129
11.87 0.10232 -0.0625196 0.119908
11.88 0.102611 -0.0673013 0.122713
11.89 0.10283 -0.0719986 0.12553
11.9 0.102978 -0.0766072 0.128348
11.91 0.103056 -0.0811225 0.131154
11.92 0.103065 -0.0855407 0.133939
11.93 0.103007 -0.089857 0.136692
11.94 0.102882 -0.094068 0.139404
11.95 0.102693 -0.0981691 0.142067
11.96 0.102441 -0.102157 0.144673
11.97 0.102128 -0.106027 0.147214
11.98 0.101755 -0.109777 0.149683
11.99 0.101324 -0.113402 0.152074
12 0.100837 -0.116899 0.15438
12.01 0.100295 -0.120264 0.156597
12.02 0.0997019 -0.123496 0.158719
12.03 0.0990583 -0.126589 0.16074
12.04 0.0983668 -0.129543 0.162657
12.05 0.0976295 -0.132352 0.164465
12.06 0.0968485 -0.135017 0.16616
12.07 0.0960266 -0.137531 0.167738
12.08 0.0951654 -0.139896 0.169196
12.09 0.094268 -0.142106 0.170531
12.1 0.0933365 -0.144162 0.171739
12.11 0.0923737 -0.146059 0.172819
12.12 0.0913817 -0.147798 0.173767
12.13 0.0903638 -0.149375 0.174581
12.14 0.0893221 -0.15079 0.17526
12.15 0.0882596 -0.15204 0.175801
12.16 0.0871788 -0.153126 0.176203
12.17 0.0860827 -0.154044 0.176465
12.18 0.0849739 -0.154795 0.176584
12.19 0.0838555 -0.155378 0.176562
12.2 0.0827298 -0.155791 0.176395
12.21 0.0816004 -0.156035 0.176084
12.22 0.0804698 -0.156109 0.175628
12.23 0.0793407 -0.156012 0.175028
12.24 0.0782165 -0.155745 0.174283
12.25 0.0770997 -0.155308 0.173392
12.26 0.0759936 -0.1547 0.172358
12.27 0.0749008 -0.153923 0.171179
12.28 0.0738246 -0.152975 0.169857
12.29 0.0727675 -0.151859 0.168394
12.3 0.0717326 -0.150575 0.166788
12.31 0.0707227 -0.149123 0.165044
12.32 0.0697411 -0.147506 0.163162
12.33 0.0687899 -0.145723 0.161143
12.34 0.0678729 -0.143775 0.158991
12.35 0.0669919 -0.141666 0.156707
12.36 0.0661506 -0.139395 0.154295
12.37 0.0653509 -0.136965 0.151757
12.38 0.0645961 -0.134378 0.149097
12.39 0.0638885 -0.131634 0.146319
12.4 0.0632311 -0.128737 0.143427
12.41 0.0626259 -0.125688 0.140426
12.42 0.062076 -0.122489 0.137321
12.43 0.0615832 -0.119143 0.134118
12.44 0.0611505 -0.115653 0.130824
12.45 0.0607798 -0.11202 0.127447
12.46 0.0604736 -0.108248 0.123995
12.47 0.0602338 -0.104339 0.120477
12.48 0.060063 -0.100296 0.116905
12.49 0.0599627 -0.0961211 0.113291
12.5 0.059935 -0.0918188 0.109649
12.51 0.0599823 -0.0873911 0.105996
12.52 0.0601055 -0.0828416 0.102349
12.53 0.060307 -0.0781734 0.0987321
12.54 0.0605881 -0.07339 0.0951683
12.55 0.0609506 -0.0684945 0.0916868
12.56 0.0613956 -0.0634905 0.0883202
12.57 0.0619248 -0.0583813 0.0851061
12.58 0.0625391 -0.0531709 0.0820871
12.59 0.0632401 -0.0478625 0.0793104
12.6 0.0640285 -0.04246 0.0768278
12.61 0.0649056 -0.036967 0.0746947
12.62 0.0658718 -0.0313875 0.0729676
12.63 0.0669285 -0.0257249 0.0717021
12.64 0.0680755 -0.0199831 0.0709479
12.65 0.0693141 -0.0141665 0.070747
12.66 0.0706444 -0.00827821 0.0711277
12.67 0.0720669 -0.00232287 0.0721043
12.68 0.0735815 0.00369616 0.0736743
12.69 0.0751888 0.00977451 0.0758215
12.7 0.0768884 0.0159086 0.078517
12.71 0.0786806 0.022094 0.0817238
12.72 0.0805647 0.0283272 0.0853997
12.73 0.0825408 0.0346037 0.0895009
12.74 0.0846083 0.0409202 0.0939842
12.75 0.0867668 0.047272 0.0988085
12.76 0.0890153 0.053656 0.103936
12.77 0.0913534 0.0600672 0.109332
12.78 0.0937803 0.0665027 0.114967
12.79 0.0962944 0.0729579 0.120812
12.8 0.0988955 0.0794293 0.126844
12.81 0.101582 0.0859128 0.133041
12.82 0.104352 0.092405 0.139385
12.83 0.107205 0.0989018 0.145858
12.84 0.110139 0.1054 0.152446
12.85 0.113153 0.111895 0.159135
12.86 0.116244 0.118384 0.165914
12.87 0.119411 0.124863 0.172771
12.88 0.122652 0.131328 0.179696
12.89 0.125965 0.137777 0.186681
12.9 0.129348 0.144205 0.193716
12.91 0.132798 0.15061 0.200795
12.92 0.136313 0.156987 0.207909
12.93 0.139891 0.163334 0.215052
12.94 0.143528 0.169648 0.222218
12.95 0.147223 0.175925 0.2294
12.96 0.150973 0.182162 0.236592
12.97 0.154774 0.188358 0.24379
12.98 0.158624 0.194507 0.250987
12.99 0.16252 0.200608 0.258179
13 0.166458 0.206658 0.26536
13.01 0.170436 0.212654 0.272526
13.02 0.17445 0.218594 0.279672
13.03 0.178497 0.224475 0.286793
13.04 0.182573 0.230294 0.293885
13.05 0.186675 0.23605 0.300943
13.06 0.190799 0.241739 0.307964
13.07 0.194941 0.24736 0.314943
13.08 0.199098 0.25291 0.321875
13.09 0.203267 0.258388 0.328757
13.1 0.207442 0.26379 0.335585
13.11 0.21162 0.269117 0.342355
13.12 0.215797 0.274364 0.349062
13.13 0.21997 0.279532 0.355703
13.14 0.224133 0.284617 0.362274
13.15 0.228284 0.289618 0.368771
13.16 0.232417 0.294534 0.375191
13.17 0.236529 0.299363 0.381529
13.18 0.240615 0.304104 0.387782
13.19 0.244672 0.308754 0.393946
13.2 0.248693 0.313314 0.400018
13.21 0.252677 0.317781 0.405993
13.22 0.256617 0.322155 0.411869
13.23 0.26051 0.326434 0.417642
13.24 0.264352 0.330617 0.423308
13.25 0.268137 0.334704 0.428864
13.26 0.271862 0.338692 0.434306
13.27 0.275523 0.342582 0.439631
13.28 0.279114 0.346372 0.444835
13.29 0.282631 0.350062 0.449915
13.3 0.286072 0.35365 0.454869
13.31 0.289429 0.357137 0.459691
13.32 0.2927 0.360521 0.46438
13.33 0.295881 0.363802 0.468932
13.34 0.298966 0.366979 0.473344
13.35 0.301952 0.370051 0.477612
13.36 0.304835 0.373019 0.481734
13.37 0.30761 0.375881 0.485707
13.38 0.310274 0.378638 0.489527
13.39 0.312822 0.381288 0.493192
13.4 0.315251 0.383832 0.496699
13.41 0.317556 0.386269 0.500045
13.42 0.319734 0.388599 0.503228
13.43 0.32178 0.390821 0.506245
13.44 0.323692 0.392936 0.509092
13.45 0.325465 0.394943 0.511769
13.46 0.327096 0.396841 0.514271
13.47 0.328581 0.398632 0.516597
13.48 0.329918 0.400313 0.518745
13.49 0.331103 0.401886 0.520713
13.5 0.332132 0.403351 0.522497
13.51 0.333002 0.404706 0.524097
13.52 0.333711 0.405953 0.52551
13.53 0.334256 0.40709 0.526734
13.54 0.334633 0.408118 0.527769
13.55 0.33484 0.409037 0.528611
13.56 0.334875 0.409847 0.52926
13.57 0.334735 0.410547 0.529714
13.58 0.334417 0.411138 0.529971
13.59 0.33392 0.41162 0.530031
13.6 0.333241 0.411992 0.529893
13.61 0.332379 0.412254 0.529555
13.62 0.33133 0.412407 0.529017
13.63 0.330095 0.412449 0.528278
13.64 0.328671 0.412383 0.527337
13.65 0.327057 0.412206 0.526194
13.66 0.325251 0.41192 0.524849
13.67 0.323252 0.411523 0.523301
13.68 0.32106 0.411017 0.52155
13.69 0.318673 0.410401 0.519597
13.7 0.316091 0.409674 0.517442
13.71 0.313312 0.408837 0.515085
13.72 0.310338 0.40789 0.512527
13.73 0.307166 0.406833 0.509768
13.74 0.303798 0.405665 0.50681
13.75 0.300232 0.404386 0.503654
13.76 0.29647 0.402996 0.5003
13.77 0.292511 0.401496 0.496751
13.78 0.288357 0.399884 0.493008
13.79 0.284006 0.398161 0.489072
13.8 0.279462 0.396327 0.484947
13.81 0.274723 0.394381 0.480634
13.82 0.269792 0.392323 0.476135
13.83 0.264669 0.390152 0.471453
13.84 0.259356 0.38787 0.466593
13.85 0.253854 0.385475 0.461555
13.86 0.248166 0.382967 0.456344
13.87 0.242292 0.380347 0.450965
13.88 0.236236 0.377612 0.44542
13.89 0.229999 0.374765 0.439714
13.9 0.223583 0.371803 0.433851
13.91 0.216991 0.368727 0.427838
13.92 0.210226 0.365537 0.421678
13.93 0.20329 0.362233 0.415378
13.94 0.196186 0.358813 0.408944
13.95 0.188917 0.355277 0.402383
13.96 0.181487 0.351627 0.395701
13.97 0.173899 0.34786 0.388906
13.98 0.166157 0.343977 0.382006
13.99 0.158264 0.339978 0.37501
14 0.150223 0.335862 0.367927
14.01 0.14204 0.331629 0.360768
14.02 0.133717 0.327279 0.353542
14.03 0.125261 0.322811 0.346262
14.04 0.116674 0.318226 0.33894
14.05 0.107961 0.313523 0.33159
14.06 0.0991272 0.308701 0.324226
14.07 0.0901776 0.303762 0.316865
14.08 0.0811164 0.298705 0.309523
14.09 0.0719492 0.293528 0.302218
14.1 0.062681 0.288234 0.294971
14.11 0.0533172 0.282821 0.287803
14.12 0.0438628 0.27729 0.280738
14.13 0.0343241 0.271641 0.273801
14.14 0.0247061 0.265874 0.267019
14.15 0.0150148 0.259988 0.260421
14.16 0.00525589 0.253985 0.25404
14.17 -0.00456458 0.247864 0.247906
14.18 -0.0144404 0.241627 0.242058
14.19 -0.0243658 0.235272 0.236531
14.2 -0.0343343 0.228802 0.231364
14.21 -0.04434 0.222215 0.226596
14.22 -0.0543759 0.215513 0.222267
14.23 -0.0644365 0.208697 0.218418
14.24 -0.0745144 0.201767 0.215087
14.25 -0.0846036 0.194724 0.212309
14.26 -0.0946972 0.187569 0.210118
14.27 -0.104789 0.180302 0.208542
14.28 -0.114872 0.172925 0.207602
14.29 -0.124939 0.165439 0.207316
14.3 -0.134984 0.157846 0.207692
14.31 -0.144568 0.14964 0.208068
14.32 -0.153654 0.140851 0.208443
14.33 -0.162206 0.131508 0.208818
14.34 -0.17019 0.121644 0.209193
14.35 -0.177574 0.111293 0.209568
14.36 -0.184329 0.100492 0.209942
14.37 -0.190426 0.0892793 0.210316
14.38 -0.195841 0.0776945 0.21069
14.39 -0.200551 0.0657795 0.211064
14.4 -0.204536 0.053577 0.211437
14.41 -0.207778 0.0411315 0.21181
14.42 -0.210261 0.0284878 0.212182
14.43 -0.211975 0.0156928 0.212555
14.44 -0.212908 0.00279261 0.212927
14.45 -0.213056 -0.0101643 0.213298
14.46 -0.212414 -0.0231307 0.21367
14.47 -0.210982 -0.036058 0.214041
14.48 -0.208762 -0.0488981 0.214412
14.49 -0.205758 -0.0616027 0.214782
14.5 -0.201981 -0.0741241 0.215153
14.51 -0.197439 -0.0864152 0.215522
14.52 -0.192148 -0.0984289 0.215892
14.53 -0.186125 -0.11012 0.216261
14.54 -0.179388 -0.121443 0.21663
14.55 -0.171961 -0.132354 0.216998
14.56 -0.163869 -0.142812 0.217367
14.57 -0.155138 -0.152776 0.217734
14.58 -0.1458 -0.162206 0.218102
14.59 -0.135886 -0.171067 0.21847
14.6 -0.125433 -0.179321 0.218836
14.61 -0.114476 -0.186937 0.219203
14.62 -0.103054 -0.193883 0.219569
14.63 -0.0912097 -0.200131 0.219935
14.64 -0.0789842 -0.205655 0.220301
14.65 -0.0664224 -0.210432 0.220667
14.66 -0.0535696 -0.214442 0.221031
14.67 -0.0404731 -0.217665 0.221396
14.68 -0.0271808 -0.220088 0.221761
14.69 -0.0137417 -0.221699 0.222125
14.7 -0.000205358 -0.222488 0.222488
14.71 0.0133775 -0.22245 0.222852
14.72 0.0269572 -0.221581 0.223215
14.73 0.0404816 -0.219882 0.223578
14.74 0.053901 -0.217356 0.22394
14.75 0.067164 -0.21401 0.224302
14.76 0.0802209 -0.209853 0.224664
14.77 0.0930214 -0.204898 0.225025
14.78 0.105518 -0.19916 0.225386
14.79 0.11766 -0.192658 0.225746
14.8 0.129404 -0.185415 0.226106
14.81 0.140702 -0.177453 0.226466
14.82 0.151512 -0.168801 0.226825
14.83 0.161789 -0.159489 0.227184
14.84 0.171496 -0.149549 0.227542
14.85 0.180591 -0.139015 0.2279
14.86 0.18904 -0.127928 0.228258
14.87 0.196808 -0.116323 0.228615
14.88 0.203864 -0.104246 0.228971
14.89 0.210179 -0.0917378 0.229327
14.9 0.215726 -0.0788455 0.229683
14.91 0.220482 -0.0656154 0.230038
14.92 0.224425 -0.0520967 0.230392
14.93 0.227539 -0.0383388 0.230747
14.94 0.229809 -0.0243929 0.2311
14.95 0.231223 -0.0103106 0.231453
14.96 0.231773 0.00385518 0.231805
14.97 0.231454 0.0180517 0.232157
14.98 0.230264 0.0322252 0.232508
14.99 0.228205 0.0463226 0.232859
15 0.225281 0.0602902 0.233209
15.01 0.2215 0.0740746 0.233558
15.02 0.216874 0.0876239 0.233907
15.03 0.211418 0.100885 0.234255
15.04 0.205148 0.113808 0.234602
15.05 0.198087 0.126343 0.234949
15.06 0.190257 0.13844 0.235294
15.07 0.181687 0.150053 0.23564
15.08 0.172405 0.161136 0.235984
15.09 0.162446 0.171645 0.236328
15.1 0.151843 0.18154 0.23667
15.11 0.140635 0.190779 0.237012
15.12 0.128863 0.199327 0.237354
15.13 0.116569 0.207148 0.237694
15.14 0.103798 0.214211 0.238034
15.15 0.0905971 0.220485 0.238373
15.16 0.0770148 0.225946 0.238711
15.17 0.0631009 0.230569 0.239048
15.18 0.0489076 0.234335 0.239384
15.19 0.0344874 0.237226 0.23972
15.2 0.0198948 0.239229 0.240054
15.21 0.00518399 0.240332 0.240388
15.22 -0.00958897 0.24053 0.240721
15.23 -0.0243689 0.239818 0.241053
15.24 -0.0390988 0.238196 0.241384
15.25 -0.0537233 0.235668 0.241714
15.26 -0.0681859 0.23224 0.242043
15.27 -0.082432 0.227923 0.242371
15.28 -0.0964056 0.22273 0.242698
15.29 -0.110054 0.216678 0.243025
15.3 -0.123323 0.209787 0.24335
15.31 -0.136162 0.202082 0.243675
15.32 -0.14852 0.193589 0.243998
15.33 -0.16035 0.184338 0.24432
15.34 -0.171603 0.174361 0.244642
15.35 -0.182236 0.163696 0.244962
15.36 -0.192207 0.152379 0.245281
15.37 -0.201475 0.140454 0.2456
15.38 -0.210003 0.127962 0.245917
15.39 -0.217756 0.11495 0.246234
15.4 -0.224702 0.101466 0.246549
15.41 -0.230813 0.0875605 0.246863
15.42 -0.236063 0.0732845 0.247177
15.43 -0.240429 0.0586919 0.247489
15.44 -0.243892 0.0438375 0.2478
15.45 -0.246436 0.0287768 0.24811
15.46 -0.248049 0.0135673 0.24842
15.47 -0.248721 -0.00173386 0.248727
15.48 -0.248449 -0.0170682 0.249035
15.49 -0.247229 -0.0323772 0.24934
15.5 -0.245065 -0.0476024 0.249645
15.51 -0.241961 -0.0626855 0.249949
15.52 -0.237927 -0.077568 0.250252
15.53 -0.232975 -0.0921928 0.250554
15.54 -0.227123 -0.106503 0.250854
15.55 -0.22039 -0.120443 0.251154
15.56 -0.212799 -0.133959 0.251452
15.57 -0.204376 -0.146997 0.25175
15.58 -0.195153 -0.159507 0.252046
15.59 -0.185162 -0.171438 0.252341
15.6 -0.174439 -0.182745 0.252635
15.61 -0.163023 -0.193381 0.252928
15.62 -0.150956 -0.203304 0.25322
15.63 -0.138284 -0.212474 0.253511
15.64 -0.125052 -0.220854 0.2538
15.65 -0.11131 -0.22841 0.254089
15.66 -0.0971086 -0.235111 0.254376
15.67 -0.0825025 -0.240928 0.254662
15.68 -0.0675456 -0.245837 0.254948
15.69 -0.0522953 -0.249817 0.255232
15.7 -0.0368082 -0.25285 0.255515
15.71 -0.0211443 -0.254921 0.255796
15.72 -0.00536261 -0.256021 0.256077
15.73 0.0104762 -0.256142 0.256356
15.74 0.0263116 -0.255283 0.256635
15.75 0.0420824 -0.253442 0.256912
15.76 0.0577281 -0.250625 0.257188
15.77 0.0731878 -0.246841 0.257463
15.78 0.0884021 -0.242101 0.257736
15.79 0.103311 -0.236422 0.258008
15.8 0.117857 -0.229822 0.25828
15.81 0.131983 -0.222325 0.25855
15.82 0.145634 -0.213957 0.258818
15.83 0.158755 -0.204749 0.259086
15.84 0.171295 -0.194734 0.259352
15.85 0.183204 -0.183948 0.259617
15.86 0.194435 -0.172432 0.25988
15.87 0.204942 -0.160228 0.260143
15.88 0.214683 -0.147381 0.260403
15.89 0.223619 -0.133939 0.260663
15.9 0.231714 -0.119953 0.260921
15.91 0.238933 -0.105476 0.261179
15.92 0.245247 -0.0905624 0.261434
15.93 0.250631 -0.0752685 0.261689
15.94 0.255059 -0.0596525 0.261942
15.95 0.258514 -0.0437745 0.262194
15.96 0.260978 -0.0276948 0.262444
15.97 0.262442 -0.0114758 0.262693
15.98 0.262896 0.00482108 0.26294
15.99 0.262336 0.0211317 0.263186
16 0.260763 0.037394 0.263431
16.01 0.25818 0.053544 0.263674
16.02 0.254595 0.0695196 0.263916
16.03 0.250019 0.0852578 0.264156
16.04 0.244467 0.100698 0.264394
16.05 0.237961 0.115778 0.264632
16.06 0.230521 0.13044 0.264867
16.07 0.222176 0.144626 0.265101
16.08 0.212955 0.158279 0.265334
16.09 0.202892 0.171346 0.265565
16.1 0.192026 0.183773 0.265794
16.11 0.180395 0.195513 0.266022
16.12 0.168044 0.206516 0.266248
16.13 0.155019 0.21674 0.266472
16.14 0.141371 0.226143 0.266695
16.15 0.127149 0.234686 0.266916
16.16 0.112408 0.242334 0.267136
16.17 0.0972053 0.249056 0.267354
16.18 0.0815986 0.254824 0.26757
16.19 0.0656475 0.259613 0.267784
16.2 0.0494142 0.263402 0.267997
16.21 0.0329607 0.266175 0.268208
16.22 0.016351 0.267918 0.268417
16.23 -0.000350307 0.268624 0.268624
16.24 -0.0170784 0.268286 0.268829
16.25 -0.0337677 0.266906 0.269033
16.26 -0.0503536 0.264484 0.269235
16.27 -0.0667705 0.261031 0.269435
16.28 -0.0829546 0.256556 0.269633
16.29 -0.0988414 0.251075 0.26983
16.3 -0.114369 0.244608 0.270024
16.31 -0.129476 0.237178 0.270217
16.32 -0.144101 0.228812 0.270408
16.33 -0.158188 0.219543 0.270597
16.34 -0.17168 0.209403 0.270784
16.35 -0.184523 0.198432 0.270969
16.36 -0.196666 0.18667 0.271152
16.37 -0.20806 0.174163 0.271333
16.38 -0.218659 0.160958 0.271513
16.39 -0.228419 0.147105 0.27169
16.4 -0.237302 0.132659 0.271866
16.41 -0.245271 0.117674 0.272039
16.42 -0.252294 0.102208 0.272211
16.43 -0.258341 0.0863211 0.272381
16.44 -0.263386 0.0700752 0.272548
16.45 -0.267408 0.053533 0.272714
16.46 -0.270391 0.0367594 0.272878
16.47 -0.27232 0.0198193 0.27304
16.48 -0.273186 0.00277988 0.2732
16.49 -0.272984 -0.0142932 0.273358
16.5 -0.271714 -0.0313319 0.273514
16.51 -0.269378 -0.04827 0.273668
16.52 -0.265984 -0.0650401 0.27382
16.53 -0.261544 -0.0815764 0.273971
16.54 -0.256073 -0.0978134 0.274119
16.55 -0.249593 -0.113687 0.274265
16.56 -0.242126 -0.129133 0.274409
16.57 -0.233701 -0.144092 0.274552
16.58 -0.224349 -0.158503 0.274692
16.59 -0.214106 -0.172308 0.27483
16.6 -0.203011 -0.185453 0.274966
16.61 -0.191107 -0.197885 0.275101
16.62 -0.178439 -0.209554 0.275233
16.63 -0.165056 -0.220412 0.275363
16.64 -0.15101 -0.230416 0.275492
16.65 -0.136356 -0.239525 0.275618
16.66 -0.12115 -0.247703 0.275743
16.67 -0.105452 -0.254914 0.275865
16.68 -0.0893236 -0.26113 0.275985
16.69 -0.072827 -0.266325 0.276103
16.7 -0.0560276 -0.270477 0.276219
16.71 -0.0389908 -0.273569 0.276333
16.72 -0.0217844 -0.275586 0.276445
16.73 -0.00447566 -0.276519 0.276555
16.74 0.0128668 -0.276364 0.276663
16.75 0.0301746 -0.275119 0.276769
16.76 0.0473788 -0.272789 0.276873
16.77 0.064412 -0.269381 0.276975
16.78 0.0812055 -0.264907 0.277074
16.79 0.0976935 -0.259384 0.277172
16.8 0.113809 -0.252832 0.277266
16.81 0.12949 -0.245277 0.27736
16.82 0.144671 -0.236747 0.277451
16.83 0.159293 -0.227275 0.27754
16.84 0.173297 -0.216897 0.277626
16.85 0.186626 -0.205654 0.277711
16.86 0.199228 -0.19359 0.277793
16.87 0.211051 -0.18075 0.277873
16.88 0.222048 -0.167187 0.277951
16.89 0.232173 -0.152952 0.278026
16.9 0.241387 -0.138101 0.2781
16.91 0.24965 -0.122695 0.278171
16.92 0.25693 -0.106791 0.27824
16.93 0.263197 -0.0904544 0.278306
16.94 0.268424 -0.0737488 0.278371
16.95 0.27259 -0.0567407 0.278433
16.96 0.275677 -0.0394975 0.278493
16.97 0.277673 -0.0220877 0.27855
16.98 0.278567 -0.00458043 0.278605
16.99 0.278356 0.0129547 0.278658
17 0.27704 0.0304473 0.278708
17.01 0.274622 0.047828 0.278756
17.02 0.271112 0.0650271 0.278801
17.03 0.266522 0.0819759 0.278844
17.04 0.260871 0.0986063 0.278885
17.05 0.254179 0.114852 0.278923
17.06 0.246473 0.130647 0.278958
17.07 0.237783 0.145929 0.278991
17.08 0.228143 0.160636 0.279022
17.09 0.217591 0.174708 0.27905
17.1 0.206169 0.188089 0.279075
17.11 0.193921 0.200725 0.279098
17.12 0.180896 0.212565 0.279119
17.13 0.167147 0.223561 0.279137
17.14 0.152726 0.233668 0.279152
17.15 0.137693 0.242845 0.279165
17.16 0.122107 0.251055 0.279175
17.17 0.10603 0.258265 0.279183
17.18 0.0895256 0.264444 0.279187
17.19 0.0726615 0.269569 0.27919
17.2 0.0555037 0.273617 0.279189
17.21 0.0381223 0.276571 0.279186
17.22 0.020586 0.278421 0.279181
17.23 0.00296567 0.279157 0.279172
17.24 -0.014668 0.278776 0.279162
17.25 -0.0322439 0.277279 0.279148
17.26 -0.0496918 0.274673 0.279132
17.27 -0.066941 0.270967 0.279113
17.28 -0.0839222 0.266175 0.279091
17.29 -0.100567 0.260316 0.279067
17.3 -0.116808 0.253415 0.27904
17.31 -0.13258 0.245498 0.27901
17.32 -0.147819 0.236598 0.278978
17.33 -0.162463 0.226749 0.278943
17.34 -0.176454 0.215991 0.278905
17.35 -0.189736 0.204368 0.278865
17.36 -0.202253 0.191926 0.278822
17.37 -0.213956 0.178716 0.278777
17.38 -0.224797 0.16479 0.278728
17.39 -0.234733 0.150205 0.278677
17.4 -0.243723 0.135019 0.278624
17.41 -0.251731 0.119295 0.278567
17.42 -0.258725 0.103095 0.278508
17.43 -0.264676 0.0864844 0.278447
17.44 -0.269559 0.0695311 0.278383
17.45 -0.273357 0.0523037 0.278316
17.46 -0.276052 0.0348713 0.278246
17.47 -0.277635 0.0173051 0.278174
17.48 -0.278099 -0.000324824 0.278099
17.49 -0.277442 -0.0179456 0.278022
17.5 -0.275667 -0.0354873 0.277942
17.51 -0.272781 -0.052878 0.277859
17.52 -0.268796 -0.0700476 0.277774
17.53 -0.263729 -0.0869263 0.277685
17.54 -0.2576 -0.103446 0.277595
17.55 -0.250434 -0.11954 0.277501
17.56 -0.242261 -0.135142 0.277406
17.57 -0.233113 -0.15019 0.277307
17.58 -0.22303 -0.164623 0.277206
17.59 -0.21205 -0.178381 0.277101
17.6 -0.20022 -0.191411 0.276995
17.61 -0.187588 -0.203658 0.276886
17.62 -0.174205 -0.215073 0.276774
17.63 -0.160126 -0.225611 0.27666
17.64 -0.145408 -0.235228 0.276542
17.65 -0.130112 -0.243886 0.276423
17.66 -0.1143 -0.25155 0.2763
17.67 -0.0980368 -0.258189 0.276175
17.68 -0.0813884 -0.263776 0.276047
17.69 -0.064423 -0.26829 0.275917
17.7 -0.04721 -0.271712 0.275783
17.71 -0.0298196 -0.27403 0.275648
17.72 -0.0123225 -0.275233 0.275509
17.73 0.0052093 -0.275319 0.275368
17.74 0.0227048 -0.274286 0.275224
17.75 0.0400921 -0.27214 0.275077
17.76 0.0573012 -0.26889 0.274928
17.77 0.0742605 -0.264551 0.274776
17.78 0.0909023 -0.25914 0.274621
17.79 0.107158 -0.25268 0.274463
17.8 0.122961 -0.245199 0.274303
17.81 0.138248 -0.236728 0.27414
17.82 0.152956 -0.227302 0.273974
17.83 0.167026 -0.21696 0.273805
17.84 0.1804 -0.205746 0.273634
17.85 0.193025 -0.193706 0.27346
17.86 0.204848 -0.18089 0.273283
17.87 0.215823 -0.16735 0.273104
17.88 0.225905 -0.153144 0.272921
17.89 0.235053 -0.13833 0.272736
17.9 0.24323 -0.122969 0.272548
17.91 0.250405 -0.107125 0.272357
17.92 0.256548 -0.0908637 0.272164
17.93 0.261635 -0.0742515 0.271967
17.94 0.265646 -0.0573573 0.271768
17.95 0.268566 -0.040251 0.271566
17.96 0.270384 -0.0230028 0.271361
17.97 0.271094 -0.00568387 0.271153
17.98 0.270692 0.0116342 0.270942
17.99 0.269184 0.0288804 0.270729
18 0.266576 0.0459839 0.270513
18.01 0.262879 0.062874 0.270293
18.02 0.258111 0.0794818 0.270071
18.03 0.252292 0.0957388 0.269846
18.04 0.245447 0.111579 0.269619
18.05 0.237607 0.126937 0.269388
18.06 0.228803 0.14175 0.269154
18.07 0.219075 0.155958 0.268918
18.08 0.208464 0.169503 0.268679
18.09 0.197013 0.182329 0.268437
18.1 0.184773 0.194386 0.268192
18.11 0.171793 0.205623 0.267944
18.12 0.15813 0.215997 0.267694
18.13 0.14384 0.225464 0.26744
18.14 0.128984 0.233988 0.267184
18.15 0.113623 0.241534 0.266924
18.16 0.0978221 0.248072 0.266663
18.17 0.081647 0.253577 0.266398
18.18 0.0651662 0.258028 0.26613
18.19 0.0484471 0.261408 0.26586
18.2 0.0315605 0.263705 0.265587
18.21 0.0145756 0.26491 0.265311
18.22 -0.00243626 0.265021 0.265032
18.23 -0.0194048 0.264038 0.264751
18.24 -0.0362597 0.261969 0.264466
18.25 -0.0529314 0.258822 0.264179
18.26 -0.0693504 0.254613 0.263889
18.27 -0.0854496 0.249362 0.263597
18.28 -0.101162 0.243092 0.263301
18.29 -0.116424 0.235831 0.263003
18.3 -0.131173 0.22761 0.262702
18.31 -0.145347 0.218466 0.262399
18.32 -0.15889 0.208439 0.262093
18.33 -0.171745 0.197571 0.261784
18.34 -0.183862 0.18591 0.261472
18.35 -0.195191 0.173505 0.261158
18.36 -0.205686 0.160411 0.260841
18.37 -0.215305 0.146682 0.260522
18.38 -0.22401 0.132376 0.2602
18.39 -0.231766 0.117556 0.259875
18.4 -0.238544 0.102283 0.259548
18.41 -0.244316 0.0866228 0.259217
18.42 -0.249061 0.0706408 0.258885
18.43 -0.252761 0.054404 0.25855
18.44 -0.255403 0.0379815 0.258212
18.45 -0.256979 0.0214413 0.257872
18.46 -0.257483 0.00485385 0.257529
18.47 -0.256917 -0.0117126 0.257184
18.48 -0.255284 -0.0281879 0.256836
18.49 -0.252595 -0.0445042 0.256485
18.5 -0.248862 -0.0605932 0.256132
18.51 -0.244104 -0.0763881 0.255777
18.52 -0.238342 -0.0918237 0.255419
18.53 -0.231605 -0.106836 0.255058
18.54 -0.22392 -0.121364 0.254695
18.55 -0.215325 -0.135347 0.25433
18.56 -0.205855 -0.148728 0.253961
18.57 -0.195554 -0.161453 0.253591
18.58 -0.184466 -0.17347 0.253218
18.59 -0.172641 -0.184729 0.252843
18.6 -0.160128 -0.195187 0.252465
18.61 -0.146982 -0.2048 0.252085
18.62 -0.133261 -0.213531 0.251702
18.63 -0.119023 -0.221345 0.251317
18.64 -0.104329 -0.228213 0.25093
18.65 -0.0892427 -0.234106 0.25054
18.66 -0.0738277 -0.239004 0.250147
18.67 -0.0581501 -0.242888 0.249752
18.68 -0.0422764 -0.245745 0.249355
18.69 -0.0262737 -0.247565 0.248955
18.7 -0.0102102 -0.248343 0.248553
18.71 0.00584707 -0.248079 0.248148
18.72 0.0218295 -0.246778 0.247741
18.73 0.0376711 -0.244446 0.247332
18.74 0.0533043 -0.241098 0.24692
18.75 0.068665 -0.236749 0.246505
18.76 0.0836878 -0.231421 0.246088
18.77 0.0983117 -0.22514 0.245669
18.78 0.112475 -0.217935 0.245247
18.79 0.12612 -0.209838 0.244823
18.8 0.13919 -0.200887 0.244397
18.81 0.151633 -0.191123 0.243968
18.82 0.163396 -0.180587 0.243536
18.83 0.174432 -0.169329 0.243103
18.84 0.184698 -0.157396 0.242666
18.85 0.194151 -0.144843 0.242227
18.86 0.202755 -0.131724 0.241786
18.87 0.210475 -0.118096 0.241343
18.88 0.217282 -0.104019 0.240897
18.89 0.223149 -0.0895533 0.240448
18.9 0.228056 -0.0747621 0.239998
18.91 0.231984 -0.0597091 0.239544
18.92 0.234919 -0.0444591 0.239089
18.93 0.236853 -0.0290771 0.238631
18.94 0.237781 -0.013629 0.238171
18.95 0.237701 0.00181922 0.237708
18.96 0.236619 0.0172021 0.237243
18.97 0.234541 0.0324545 0.236776
18.98 0.231481 0.0475116 0.236306
18.99 0.227453 0.0623111 0.235834
19 0.222481 0.0767895 0.23536
19.01 0.216586 0.0908877 0.234883
19.02 0.209799 0.104546 0.234404
19.03 0.20215 0.117709 0.233923
19.04 0.193676 0.130321 0.233439
19.05 0.184417 0.142331 0.232954
19.06 0.174413 0.15369 0.232466
19.07 0.163711 0.164352 0.231976
19.08 0.152358 0.174274 0.231483
19.09 0.140406 0.183417 0.230989
19.1 0.127908 0.191744 0.230492
19.11 0.11492 0.199224 0.229993
19.12 0.101498 0.205827 0.229492
19.13 0.0877028 0.211528 0.228989
19.14 0.0735928 0.216307 0.228484
19.15 0.0592307 0.220147 0.227976
19.16 0.0446786 0.223036 0.227467
19.17 0.0299997 0.224963 0.226955
19.18 0.015257 0.225927 0.226441
19.19 0.000514059 0.225925 0.225926
19.2 -0.014166 0.224962 0.225408
19.21 -0.0287208 0.223046 0.224888
19.22 -0.0430882 0.22019 0.224366
19.23 -0.0572075 0.216409 0.223842
19.24 -0.0710194 0.211723 0.223317
19.25 -0.0844658 0.206156 0.222789
19.26 -0.0974904 0.199737 0.222259
19.27 -0.11004 0.192495 0.221728
19.28 -0.122062 0.184466 0.221194
19.29 -0.133507 0.175688 0.220659
19.3 -0.144328 0.166201 0.220121
19.31 -0.154483 0.15605 0.219583
19.32 -0.163929 0.14528 0.219041
19.33 -0.172631 0.133942 0.218499
19.34 -0.180552 0.122085 0.217954
19.35 -0.187665 0.109764 0.217408
19.36 -0.193939 0.0970338 0.216859
19.37 -0.199354 0.0839509 0.21631
19.38 -0.203889 0.0705729 0.215758
19.39 -0.20753 0.0569595 0.215204
19.4 -0.210263 0.0431692 0.214649
19.41 -0.212083 0.0292638 0.214092
19.42 -0.212984 0.0153024 0.213534
19.43 -0.212969 0.00134654 0.212973
19.44 -0.21204 -0.0125442 0.212411
19.45 -0.210206 -0.0263099 0.211846
19.46 -0.207481 -0.0398918 0.211281
19.47 -0.203879 -0.0532322 0.210713
19.48 -0.19942 -0.0662744 0.210145
19.49 -0.194128 -0.0789637 0.209573
19.5 -0.188031 -0.0912466 0.209001
19.51 -0.181157 -0.103072 0.208427
19.52 -0.173541 -0.114392 0.207851
19.53 -0.16522 -0.125159 0.207273
19.54 -0.156232 -0.135329 0.206694
19.55 -0.146621 -0.144862 0.206113
19.56 -0.136431 -0.153718 0.20553
19.57 -0.12571 -0.161864 0.204946
19.58 -0.114506 -0.169267 0.20436
19.59 -0.102871 -0.1759 0.203773
19.6 -0.0908569 -0.181738 0.203183
19.61 -0.0785188 -0.186758 0.202593
19.62 -0.0659113 -0.190944 0.202
19.63 -0.0530914 -0.194282 0.201406
19.64 -0.0401151 -0.196762 0.20081
19.65 -0.0270405 -0.198378 0.200212
19.66 -0.0139245 -0.199127 0.199613
19.67 -0.00082513 -0.199011 0.199012
19.68 0.0122017 -0.198034 0.19841
19.69 0.0250983 -0.196207 0.197805
19.7 0.0378103 -0.193541 0.1972
19.71 0.0502824 -0.190053 0.196592
19.72 0.0624618 -0.185763 0.195983
19.73 0.0742973 -0.180694 0.195373
19.74 0.0857387 -0.174873 0.194761
19.75 0.0967386 -0.168329 0.194147
19.76 0.107251 -0.161095 0.193532
19.77 0.117234 -0.153207 0.192915
19.78 0.126645 -0.144703 0.192296
19.79 0.135447 -0.135624 0.191676
19.8 0.143606 -0.126013 0.191055
19.81 0.15109 -0.115915 0.190432
19.82 0.157868 -0.105378 0.189807
19.83 0.163918 -0.0944499 0.189182
19.84 0.169215 -0.0831815 0.188554
19.85 0.173741 -0.0716244 0.187926
19.86 0.177482 -0.0598305 0.187296
19.87 0.180426 -0.0478539 0.186664
19.88 0.182564 -0.0357474 0.186031
19.89 0.183893 -0.0235656 0.185397
19.9 0.184412 -0.011362 0.184761
19.91 0.184123 0.000808711 0.184125
19.92 0.183033 0.0128944 0.183486
19.93 0.181152 0.0248413 0.182847
19.94 0.178493 0.0365989 0.182206
19.95 0.175073 0.0481155 0.181564
19.96 0.170912 0.0593431 0.180921
19.97 0.166033 0.0702331 0.180276
19.98 0.160463 0.0807407 0.179631
19.99 0.15423 0.0908213 0.178984
20 0.147367 0.100434 0.178336
20.01 0.139907 0.109539 0.177688
20.02 0.131889 0.1181 0.177038
20.03 0.123351 0.126082 0.176386
20.04 0.114334 0.133455 0.175734
20.05 0.104881 0.14019 0.175081
20.06 0.0950379 0.146261 0.174427
20.07 0.0848499 0.151648 0.173771
20.08 0.0743651 0.156329 0.173115
20.09 0.0636314 0.16029 0.172458
20.1 0.0526982 0.163518 0.1718
20.11 0.0416156 0.166004 0.171141
20.12 0.0304333 0.167742 0.170481
20.13 0.0192022 0.168731 0.16982
20.14 0.0079714 0.16897 0.169158
20.15 -0.0032082 0.168465 0.168495
20.16 -0.0142882 0.167222 0.167832
20.17 -0.0252195 0.165254 0.167167
20.18 -0.0359554 0.162573 0.166502
20.19 -0.0464489 0.159198 0.165836
20.2 -0.0566559 0.155148 0.165169
20.21 -0.0665325 0.150446 0.164501
20.22 -0.076038 0.145119 0.163833
20.23 -0.0851323 0.139194 0.163164
20.24 -0.0937785 0.132702 0.162494
20.25 -0.101941 0.125677 0.161823
20.26 -0.109588 0.118155 0.161152
20.27 -0.116688 0.110171 0.16048
20.28 -0.123215 0.101766 0.159807
20.29 -0.129144 0.0929801 0.159134
20.3 -0.134453 0.0838559 0.158459
20.31 -0.139123 0.0744363 0.157785
20.32 -0.143138 0.0647663 0.157109
20.33 -0.146487 0.0548904 0.156433
20.34 -0.149158 0.044855 0.155756
20.35 -0.151146 0.0347058 0.155079
20.36 -0.152446 0.0244893 0.154401
20.37 -0.15306 0.0142519 0.153722
20.38 -0.152989 0.00403922 0.153043
20.39 -0.152241 -0.00610247 0.152363
20.4 -0.150822 -0.0161291 0.151682
20.41 -0.148747 -0.0259956 0.151001
20.42 -0.146028 -0.0356605 0.15032
20.43 -0.142685 -0.0450808 0.149637
20.44 -0.138737 -0.0542169 0.148955
20.45 -0.134207 -0.0630297 0.148271
20.46 -0.129121 -0.071483 0.147587
20.47 -0.123506 -0.0795412 0.146903
20.48 -0.117392 -0.0871722 0.146218
20.49 -0.11081 -0.0943444 0.145533
20.5 -0.103796 -0.10103 0.144847
20.51 -0.0963829 -0.107204 0.144161
20.52 -0.0886095 -0.112842 0.143474
20.53 -0.0805129 -0.117923 0.142787
20.54 -0.0721338 -0.12243 0.1421
20.55 -0.063511 -0.126348 0.141412
20.56 -0.0546867 -0.129663 0.140724
20.57 -0.0457022 -0.132368 0.140036
20.58 -0.0365999 -0.134454 0.139347
20.59 -0.0274217 -0.135919 0.138658
20.6 -0.0182102 -0.136761 0.137968
20.61 -0.00900693 -0.136983 0.137279
20.62 0.000145948 -0.136589 0.136589
20.63 0.00920765 -0.135587 0.135899
20.64 0.0181383 -0.133986 0.135208
20.65 0.0268979 -0.131801 0.134518
20.66 0.0354493 -0.129047 0.133827
20.67 0.0437546 -0.125741 0.133137
20.68 0.0517797 -0.121905 0.132446
20.69 0.0594897 -0.11756 0.131755
20.7 0.0668537 -0.112731 0.131064
20.71 0.0738409 -0.107446 0.130373
20.72 0.0804238 -0.101733 0.129682
20.73 0.0865759 -0.0956209 0.128991
20.74 0.0922741 -0.0891432 0.1283
20.75 0.0974965 -0.0823324 0.12761
20.76 0.102225 -0.0752234 0.126919
20.77 0.106442 -0.0678507 0.126229
20.78 0.110135 -0.0602519 0.125538
20.79 0.113291 -0.0524627 0.124848
20.8 0.115902 -0.0445217 0.124159
20.81 0.117961 -0.0364657 0.123469
20.82 0.119466 -0.0283338 0.12278
20.83 0.120414 -0.020163 0.122091
20.84 0.120808 -0.0119914 0.121402
20.85 0.120652 -0.00385667 0.120714
20.86 0.119952 0.00420481 0.120026
20.87 0.118717 0.0121566 0.119338
20.88 0.116959 0.0199636 0.118651
20.89 0.114692 0.0275918 0.117965
20.9 0.111931 0.0350082 0.117278
20.91 0.108695 0.0421806 0.116593
20.92 0.105003 0.0490798 0.115907
20.93 0.100879 0.0556761 0.115223
20.94 0.0963441 0.0619437 0.114539
20.95 0.0914254 0.0678562 0.113855
20.96 0.0861496 0.073392 0.113173
20.97 0.0805446 0.0785285 0.112491
20.98 0.0746405 0.0832476 0.11181
20.99 0.0684671 0.0875317 0.111129
21 0.0620569 0.0913665 0.110449
21.01 0.0554413 0.0947395 0.109769
21.02 0.0486535 0.0976406 0.109091
21.03 0.0417266 0.100061 0.108413
21.04 0.0346948 0.101997 0.107736
21.05 0.0275906 0.103444 0.10706
21.06 0.020449 0.104401 0.106384
21.07 0.0133023 0.10487 0.10571
21.08 0.00618451 0.104854 0.105036
21.09 -0.000872528 0.10436 0.104364
21.1 -0.00783648 0.103395 0.103691
21.11 -0.0146764 0.10197 0.10302
21.12 -0.0213619 0.100096 0.10235
21.13 -0.0278638 0.0977885 0.101681
21.14 -0.0341549 0.0950629 0.101012
21.15 -0.0402079 0.0919373 0.100345
21.16 -0.045998 0.0884308 0.0996786
21.17 -0.0515014 0.0845651 0.0990134
21.18 -0.0566965 0.0803617 0.0983489
21.19 -0.0615621 0.0758454 0.0976852
21.2 -0.0660811 0.0710406 0.0970231
21.21 -0.0702354 0.0659737 0.0963615
21.22 -0.0740117 0.0606717 0.0957016
21.23 -0.0773963 0.0551617 0.0950421
21.24 -0.0803791 0.0494731 0.0943842
21.25 -0.0829508 0.0436339 0.093727
21.26 -0.0851054 0.0376743 0.0930714
21.27 -0.0868381 0.0316226 0.0924167
21.28 -0.0881462 0.0255094 0.0917632
21.29 -0.0890295 0.0193634 0.0911109
21.3 -0.0894895 0.0132143 0.0904599
21.31 -0.0895297 0.0070904 0.08981
21.32 -0.0891553 0.00102095 0.0891611
21.33 -0.0883745 -0.00496727 0.088514
21.34 -0.0871956 -0.0108464 0.0878676
21.35 -0.0856308 -0.0165909 0.0872232
21.36 -0.0836914 -0.0221757 0.0865795
21.37 -0.0813932 -0.0275761 0.0859377
21.38 -0.0787508 -0.0327701 0.085297
21.39 -0.0757825 -0.0377354 0.0846578
21.4 -0.0725061 -0.0424528 0.0840201
21.41 -0.068942 -0.0469024 0.0833836
21.42 -0.065111 -0.0510682 0.0827491
21.43 -0.0610349 -0.0549339 0.0821158
21.44 -0.0567365 -0.058486 0.081484
21.45 -0.0522395 -0.0617119 0.0808537
21.46 -0.0475681 -0.0646019 0.0802255
21.47 -0.0427467 -0.0671461 0.0795983
21.48 -0.0378009 -0.0693391 0.0789736
21.49 -0.0327549 -0.0711744 0.0783497
21.5 -0.0276354 -0.0726494 0.0777281
21.51 -0.0224665 -0.0737625 0.077108
21.52 -0.0172747 -0.0745136 0.0764898
21.53 -0.0120837 -0.0749048 0.0758732
21.54 -0.0069194 -0.0749396 0.0752583
21.55 -0.00180485 -0.0746239 0.0746457
21.56 0.00323568 -0.0739638 0.0740345
21.57 0.00817989 -0.0729684 0.0734255
21.58 0.0130052 -0.0716473 0.0728181
21.59 0.0176912 -0.0700123 0.0722129
21.6 0.0222171 -0.0680757 0.0716094
21.61 0.0265645 -0.0658524 0.0710085
21.62 0.0307151 -0.063356 0.0704088
21.63 0.0346522 -0.0606045 0.0698118
21.64 0.0383612 -0.0576139 0.0692166
21.65 0.0418269 -0.054403 0.0686234
21.66 0.0450377 -0.0509904 0.0680325
21.67 0.0479818 -0.0473961 0.0674436
21.68 0.0506502 -0.0436399 0.0668572
21.69 0.0530338 -0.0397425 0.0662725
21.7 0.0551268 -0.035725 0.0656904
21.71 0.0569231 -0.0316085 0.0651102
21.72 0.05842 -0.0274146 0.0645326
21.73 0.0596146 -0.0231646 0.063957
21.74 0.0605068 -0.0188799 0.063384
21.75 0.0610968 -0.0145812 0.0628127
21.76 0.0613877 -0.0102906 0.0622443
21.77 0.0613828 -0.00602683 0.0616779
21.78 0.0610868 -0.0018117 0.0611137
21.79 0.060507 0.00233647 0.0605521
21.8 0.0596503 0.00639815 0.0599925
21.81 0.0585266 0.0103558 0.0594358
21.82 0.0571451 0.0141918 0.058881
21.83 0.0555177 0.0178899 0.0583289
21.84 0.0536559 0.0214346 0.0577788
21.85 0.0515738 0.0248115 0.0572317
21.86 0.0492845 0.0280073 0.0566866
21.87 0.0468035 0.0310096 0.0561442
21.88 0.0441457 0.0338076 0.0556039
21.89 0.0413281 0.036391 0.0550664
21.9 0.038366 0.038752 0.0545313
21.91 0.0352775 0.0408817 0.0539983
21.92 0.0320798 0.0427757 0.0534684
21.93 0.02879 0.0444276 0.0529403
21.94 0.0254265 0.0458352 0.0524154
21.95 0.0220064 0.0469952 0.0518925
21.96 0.0185481 0.0479071 0.0513724
21.97 0.0150687 0.0485707 0.0508545
21.98 0.0115862 0.048988 0.0503395
21.99 0.00811704 0.049161 0.0498266
22 0.00467876 0.049094 0.0493164
22.01 0.00128695 0.0487918 0.0488088
22.02 -0.00204197 0.0482605 0.0483037
22.03 -0.00529384 0.0475073 0.0478013
22.04 -0.0084527 0.0465397 0.047301
22.05 -0.0115062 0.0453676 0.046804
22.06 -0.0144406 0.0439998 0.0463089
22.07 -0.0172439 0.0424483 0.0458171
22.08 -0.0199053 0.040723 0.0453275
22.09 -0.0224138 0.038837 0.0448407
22.1 -0.0247608 0.0368022 0.0443564
22.11 -0.0269374 0.0346323 0.043875
22.12 -0.0289368 0.0323401 0.0433961
22.13 -0.0307521 0.0299405 0.0429199
22.14 -0.0323788 0.0274468 0.0424466
22.15 -0.0338123 0.0248738 0.0419759
22.16 -0.03505 0.0222357 0.0415082
22.17 -0.036089 0.0195473 0.0410428
22.18 -0.0369296 0.0168228 0.0405808
22.19 -0.0375705 0.0140765 0.0401209
22.2 -0.038014 0.0113232 0.0396645
22.21 -0.0382613 0.0085756 0.0392105
22.22 -0.0383157 0.00584868 0.0387595
22.23 -0.0381813 0.0031545 0.0383114
22.24 -0.0378628 0.000506527 0.0378662
22.25 -0.0373656 -0.00208345 0.0374236
22.26 -0.0366965 -0.00460302 0.0369841
22.27 -0.0358628 -0.00704211 0.0365477
22.28 -0.034872 -0.0093895 0.036114
22.29 -0.033733 -0.0116361 0.0356835
22.3 -0.0324543 -0.0137721 0.0352556
22.31 -0.0310465 -0.0157902 0.0348312
22.32 -0.0295183 -0.0176823 0.0344092
22.33 -0.0278816 -0.019442 0.0339908
22.34 -0.0261459 -0.0210636 0.033575
22.35 -0.0243232 -0.0225416 0.0331623
22.36 -0.022424 -0.0238728 0.0327529
22.37 -0.0204601 -0.0250531 0.0323462
22.38 -0.0184429 -0.0260805 0.0319426
22.39 -0.016384 -0.026953 0.0315421
22.4 -0.0142945 -0.0276707 0.0311448
22.41 -0.0121858 -0.0282328 0.0307503
22.42 -0.0100692 -0.0286408 0.0303593
22.43 -0.00795538 -0.0288957 0.0299708
22.44 -0.00585542 -0.0290007 0.0295859
22.45 -0.00377897 -0.028958 0.0292035
22.46 -0.00173698 -0.0287723 0.0288247
22.47 0.000262073 -0.0284474 0.0284486
22.48 0.00220779 -0.0279887 0.0280756
22.49 0.00409296 -0.0274021 0.0277061
22.5 0.00590836 -0.0266929 0.027339
22.51 0.00764693 -0.0258688 0.0269754
22.52 0.00930147 -0.0249363 0.0266146
22.53 0.010866 -0.0239034 0.0262572
22.54 0.0123344 -0.0227773 0.0259026
22.55 0.0137019 -0.0215668 0.0255513
22.56 0.0149638 -0.0202795 0.0252027
22.57 0.0161164 -0.018925 0.0248574
22.58 0.0171568 -0.017511 0.0245151
22.59 0.0180819 -0.0160473 0.0241758
22.6 0.0188908 -0.0145417 0.0238395
22.61 0.0195814 -0.0130042 0.0235062
22.62 0.0201546 -0.0114427 0.0231764
22.63 0.0206089 -0.00986604 0.0228488
22.64 0.0209464 -0.00828351 0.0225248
22.65 0.0211677 -0.00670258 0.0222035
22.66 0.0212751 -0.00513198 0.0218854
22.67 0.021271 -0.00357928 0.02157
22.68 0.0211586 -0.00205246 0.0212579
22.69 0.0209409 -0.000558326 0.0209483
22.7 0.0206225 0.000895557 0.0206419
22.71 0.0202075 0.00230356 0.0203384
22.72 0.0197008 0.00365847 0.0200376
22.73 0.0191079 0.00495569 0.0197401
22.74 0.0184339 0.00618903 0.0194451
22.75 0.0176851 0.00735494 0.0191536
22.76 0.0168668 0.00844813 0.0188642
22.77 0.0159864 0.00946529 0.0185784
22.78 0.0150491 0.0104034 0.018295
22.79 0.0140626 0.0112595 0.0180148
22.8 0.0130327 0.0120316 0.0177373
22.81 0.0119667 0.0127179 0.0174628
22.82 0.0108708 0.0133174 0.0171909
22.83 0.00975241 0.0138293 0.0169221
22.84 0.0086173 0.0142538 0.0166562
22.85 0.00747279 0.0145904 0.0163928
22.86 0.00632484 0.0148411 0.0161326
22.87 0.00517975 0.0150062 0.015875
22.88 0.00404346 0.0150882 0.0156206
22.89 0.00292184 0.0150881 0.0153684
22.9 0.00182089 0.0150095 0.0151195
22.91 0.00074497 0.0148545 0.0148731
22.92 -0.000299824 0.0146266 0.0146296
22.93 -0.00130979 0.0143292 0.014389
22.94 -0.00227987 0.0139661 0.014151
22.95 -0.00320645 0.0135413 0.0139158
22.96 -0.00408569 0.0130591 0.0136833
22.97 -0.00491484 0.0125239 0.0134537
22.98 -0.00569003 0.0119401 0.0132266
22.99 -0.00640987 0.011313 0.0130027
23 -0.00707163 0.0106465 0.0127811
23.01 -0.00767392 0.0099465 0.0125627
23.02 -0.00821507 0.00921673 0.0123465
23.03 -0.00869428 0.00846329 0.0121333
23.04 -0.00911127 0.00769007 0.0119228
23.05 -0.00946513 0.00690273 0.0117148
23.06 -0.009757 0.00610545 0.0115098
23.07 -0.00998627 0.00530315 0.011307
23.08 -0.0101547 0.00450037 0.0111073
23.09 -0.010263 0.0037014 0.0109101
23.1 -0.0103127 0.0029105 0.0107155
23.11 -0.010305 0.00213187 0.0105232
23.12 -0.010243 0.00136932 0.0103341
23.13 -0.0101277 0.000626012 0.0101471
23.14 -0.00996249 -9.38464e-05 0.00996293
23.15 -0.00974925 -0.000787962 0.00978104
23.16 -0.00949125 -0.0014524 0.00960173
23.17 -0.00919138 -0.00208559 0.00942502
23.18 -0.00885261 -0.00268419 0.0092506
23.19 -0.00847863 -0.00324694 0.00907908
23.2 -0.00807188 -0.00377125 0.00890941
23.21 -0.00763683 -0.00425614 0.00874276
23.22 -0.00717596 -0.00470018 0.00857824
23.23 -0.00669315 -0.0051022 0.0084161
23.24 -0.00619173 -0.00546145 0.00825621
23.25 -0.00567559 -0.00577777 0.00809907
23.26 -0.00514723 -0.00605075 0.0079439
23.27 -0.00461104 -0.00628025 0.00779123
23.28 -0.0040693 -0.00646697 0.00764074
23.29 -0.00352609 -0.00661072 0.00749233
23.3 -0.00298399 -0.00671324 0.00734655
23.31 -0.00244624 -0.00677449 0.00720263
23.32 -0.00191563 -0.00679643 0.00706124
23.33 -0.00139462 -0.00677959 0.00692154
23.34 -0.000886352 -0.00672641 0.00678455
23.35 -0.000392425 -0.00663776 0.00664935
23.36 8.41258e-05 -0.00651566 0.00651621
23.37 0.000541579 -0.00636212 0.00638513
23.38 0.000978005 -0.0061793 0.00625622
23.39 0.001392 -0.00596906 0.00612922
23.4 0.00178139 -0.00573392 0.00600427
23.41 0.00214575 -0.0054759 0.0058813
23.42 0.00248292 -0.00519738 0.00576
23.43 0.002793 -0.00490121 0.00564117
23.44 0.00307455 -0.00458901 0.00552375
23.45 0.00332745 -0.00426392 0.00540859
23.46 0.00355117 -0.00392767 0.00529504
23.47 0.00374558 -0.0035834 0.00518364
23.48 0.00391092 -0.00323244 0.00507385
23.49 0.00404679 -0.0028779 0.00496576
23.5 0.00415414 -0.00252164 0.00485958
23.51 0.0042333 -0.00216596 0.00475523
23.52 0.00428496 -0.00181276 0.00465263
23.53 0.00430969 -0.00146423 0.00455164
23.54 0.0043089 -0.00112174 0.00445252
23.55 0.00428289 -0.000787705 0.00435472
23.56 0.00423393 -0.000463454 0.00425922
23.57 0.00416209 -0.000150212 0.0041648
23.58 0.00406954 0.000149983 0.0040723
23.59 0.00395728 0.000436599 0.0039813
23.6 0.00382708 0.000707852 0.00389199
23.61 0.00368025 0.00096348 0.00380427
23.62 0.00351825 0.00120167 0.0037178
23.63 0.00334314 0.00142256 0.00363321
23.64 0.00315617 0.00162509 0.00354998
23.65 0.00295922 0.00180909 0.0034684
23.66 0.00275362 0.00197417 0.00338818
23.67 0.00254127 0.0021203 0.00330964
23.68 0.00232343 0.00224694 0.00323219
23.69 0.00210231 0.00235487 0.00315676
23.7 0.00187831 0.00244388 0.0030823
23.71 0.00165403 0.0025141 0.0030094
23.72 0.00143008 0.00256657 0.0029381
23.73 0.00120826 0.00260104 0.00286798
23.74 0.000989449 0.00261871 0.0027994
23.75 0.000775027 0.00261954 0.00273178
23.76 0.000566235 0.00260519 0.00266601
23.77 0.00036387 0.00257567 0.00260125
23.78 0.000169043 0.00253241 0.00253805
23.79 -1.77572e-05 0.00247593 0.002476
23.8 -0.000195373 0.00240727 0.00241519
23.81 -0.000363345 0.00232734 0.00235553
23.82 -0.000520862 0.00223759 0.00229741
23.83 -0.000668 0.00213826 0.00224017
23.84 -0.000803414 0.00203099 0.00218412
23.85 -0.000927829 0.00191684 0.00212959
23.86 -0.00104018 0.00179634 0.00207576
23.87 -0.00114091 0.00167113 0.00202345
23.88 -0.00122958 0.00154164 0.00197193
23.89 -0.00130632 0.00140959 0.00192183
23.9 -0.0013713 0.0012752 0.00187259
23.91 -0.0014247 0.00114 0.00182466
23.92 -0.00146682 0.00100428 0.00177768
23.93 -0.00149764 0.000869306 0.00173165
23.94 -0.00151777 0.000735854 0.00168675
23.95 -0.0015275 0.000604723 0.00164284
23.96 -0.00152739 0.000476093 0.00159987
23.97 -0.00151761 0.000351533 0.00155779
23.98 -0.00149934 0.000230938 0.00151703
23.99 -0.00147224 0.000115036 0.00147672
24 -0.00143772 4.52836e-06 0.00143773
24.01 -0.0013957 -0.000100612 0.00139932
24.02 -0.00134726 -0.000199326 0.00136192
24.03 -0.00129287 -0.00029194 0.00132543
24.04 -0.00123323 -0.000377732 0.00128978
24.05 -0.00116879 -0.000456946 0.00125494
24.06 -0.00110024 -0.000528808 0.00122072
24.07 -0.00102841 -0.000593551 0.00118741
24.08 -0.000953751 -0.000651101 0.00115481
24.09 -0.000876978 -0.000701583 0.00112308
24.1 -0.000798692 -0.000744461 0.00109185
24.11 -0.00071959 -0.000780666 0.00106172
24.12 -0.000639776 -0.000809615 0.00103189
24.13 -0.000560531 -0.00083188 0.0010031
24.14 -0.000481528 -0.000847644 0.000974869
24.15 -0.000404075 -0.000856665 0.000947181
24.16 -0.00032809 -0.000859919 0.000920383
24.17 -0.000254097 -0.00085721 0.000894077
24.18 -0.000182391 -0.000849164 0.000868531
24.19 -0.000113616 -0.000835638 0.000843327
24.2 -4.79558e-05 -0.000817528 0.000818934
24.21 1.44246e-05 -0.000794923 0.000795054
24.22 7.3107e-05 -0.000768367 0.000771837
24.23 0.000127987 -0.000737975 0.000748991
24.24 0.000178869 -0.000704682 0.000727029
24.25 0.00022573 -0.000668157 0.000705257
24.26 0.000268133 -0.000629519 0.000684243
24.27 0.000306612 -0.000588658 0.000663724
24.28 0.000340201 -0.000546005 0.000643318
24.29 0.000369893 -0.00050251 0.000623968
24.3 0.000395195 -0.000457847 0.000604817
24.31 0.000416237 -0.000412855 0.000586262
24.32 0.000432973 -0.000367496 0.000567907
24.33 0.000445767 -0.000322573 0.000550238
24.34 0.000454716 -0.000278011 0.00053297
24.35 0.000459893 -0.0002344 0.000516183
24.36 0.000461616 -0.000191717 0.000499845
24.37 0.000459912 -0.00015049 0.000483907
24.38 0.00045516 -0.00011052 0.000468386
24.39 0.000447503 -7.2592e-05 0.000453352
24.4 0.000437264 -3.62551e-05 0.000438764
24.41 0.000424211 -2.14989e-06 0.000424217
24.42 0.000409557 2.96381e-05 0.000410628
24.43 0.000392617 5.95051e-05 0.000397101
24.44 0.000374061 8.67855e-05 0.000383997
24.45 0.000354002 0.00011186 0.000371255
24.46 0.000332834 0.000134323 0.000358916
24.47 0.000310706 0.000154489 0.000346994
24.48 0.000287853 0.000172136 0.000335395
24.49 0.000264415 0.000187553 0.000324178
24.5 0.00024058 0.000200506 0.000313179
24.51 0.000216739 0.000211332 0.000302716
24.52 0.000192929 0.000219691 0.000292379
24.53 0.000169207 0.000226174 0.000282464
24.54 0.000145826 0.000230312 0.000272597
24.55 0.000123381 0.000232733 0.000263415
24.56 0.000101105 0.000233464 0.000254417
24.57 7.99163e-05 0.000232228 0.000245594
24.58 5.9419e-05 0.000229626 0.000237189
24.59 3.99719e-05 0.000225387 0.000228904
24.6 2.16064e-05 0.000219995 0.000221053
24.61 4.27838e-06 0.00021336 0.000213403
24.62 -1.20251e-05 0.000205709 0.000206061
24.63 -2.70685e-05 0.000196997 0.000198848
24.64 -4.08248e-05 0.000187596 0.000191987
24.65 -5.3448e-05 0.000177317 0.000185197
24.66 -6.49165e-05 0.000166638 0.000178836
24.67 -7.49774e-05 0.000155292 0.000172445
24.68 -8.37688e-05 0.000143916 0.00016652
24.69 -9.16842e-05 0.000132098 0.000160797
24.7 -9.80553e-05 0.000120018 0.000154981
24.71 -0.000103659 0.000108029 0.000149718
24.72 -0.000107861 9.59143e-05 0.000144338
24.73 -0.000111013 8.41322e-05 0.000139292
24.74 -0.000113255 7.23885e-05 0.000134413
24.75 -0.000114518 6.08876e-05 0.000129698
24.76 -0.000114684 4.96972e-05 0.000124988
24.77 -0.000114035 3.90384e-05 0.000120532
24.78 -0.000112608 2.86556e-05 0.000116197
24.79 -0.000110406 1.89454e-05 0.00011202
24.8 -0.000107446 9.6275e-06 0.000107877
24.81 -0.000103985 1.11277e-06 0.000103991
24.82 -0.000100062 -7.09843e-06 0.000100314
24.83 -9.54238e-05 -1.46061e-05 9.65352e-05
24.84 -9.07395e-05 -2.14242e-05 9.32344e-05
24.85 -8.52161e-05 -2.76553e-05 8.95913e-05
24.86 -7.97014e-05 -3.30431e-05 8.62795e-05
24.87 -7.40095e-05 -3.80847e-05 8.32337e-05
24.88 -6.80143e-05 -4.23762e-05 8.01354e-05
24.89 -6.18939e-05 -4.59803e-05 7.71041e-05
24.9 -5.58054e-05 -4.89141e-05 7.4208e-05
24.91 -4.96558e-05 -5.14036e-05 7.14705e-05
24.92 -4.35583e-05 -5.31668e-05 6.87316e-05
24.93 -3.75714e-05 -5.45151e-05 6.6208e-05
24.94 -3.17215e-05 -5.51547e-05 6.36262e-05
24.95 -2.59855e-05 -5.55083e-05 6.12897e-05
24.96 -2.03892e-05 -5.52433e-05 5.88858e-05
24.97 -1.51877e-05 -5.45365e-05 5.66118e-05
24.98 -9.89452e-06 -5.33733e-05 5.42827e-05
24.99 -5.39069e-06 -5.18139e-05 5.20936e-05
25 -9.80765e-07 -5.0184e-05 5.01936e-05
25.01 3.15397e-06 -4.7994e-05 4.80975e-05
25.02 6.81114e-06 -4.55877e-05 4.60937e-05
25.03 1.01459e-05 -4.29933e-05 4.41743e-05
25.04 1.31485e-05 -4.03253e-05 4.24147e-05
25.05 1.56958e-05 -3.74547e-05 4.06105e-05
25.06 1.79514e-05 -3.45633e-05 3.89471e-05
25.07 1.99005e-05 -3.14458e-05 3.72138e-05
25.08 2.15274e-05 -2.85196e-05 3.57323e-05
25.09 2.28077e-05 -2.54642e-05 3.4185e-05
25.1 2.3751e-05 -2.24536e-05 3.26845e-05
25.11 2.45158e-05 -1.9459e-05 3.12998e-05
25.12 2.46604e-05 -1.66495e-05 2.97546e-05
25.13 2.5002e-05 -1.40147e-05 2.86621e-05
25.14 2.49322e-05 -1.12439e-05 2.73503e-05
25.15 2.45934e-05 -8.74361e-06 2.61014e-05
25.16 2.4199e-05 -6.3608e-06 2.5021e-05
25.17 2.35291e-05 -4.20066e-06 2.39012e-05
25.18 2.26933e-05 -2.15192e-06 2.27951e-05
25.19 2.18676e-05 -2.18087e-07 2.18687e-05
25.2 2.08368e-05 1.60541e-06 2.08985e-05
25.21 1.97239e-05 3.03477e-06 1.9956e-05
25.22 1.85031e-05 4.47238e-06 1.90359e-05
25.23 1.72333e-05 5.70711e-06 1.81538e-05
25.24 1.59459e-05 6.78394e-06 1.7329e-05
25.25 1.45671e-05 7.5997e-06 1.64304e-05
25.26 1.35462e-05 8.32721e-06 1.5901e-05
25.27 1.21357e-05 9.03051e-06 1.5127e-05
25.28 1.09097e-05 9.48054e-06 1.44535e-05
25.29 9.7426e-06 9.86981e-06 1.38684e-05
25.3 8.47332e-06 1.00385e-05 1.31366e-05
25.31 7.38416e-06 1.02251e-05 1.26126e-05
25.32 6.34426e-06 1.0378e-05 1.21636e-05
25.33 5.18494e-06 1.0359e-05 1.15842e-05
25.34 4.2027e-06 1.01524e-05 1.09879e-05
25.35 3.21438e-06 1.00882e-05 1.0588e-05
25.36 2.28375e-06 9.86577e-06 1.01266e-05
25.37 1.45699e-06 9.61117e-06 9.72098e-06
25.38 6.79591e-07 9.24324e-06 9.26819e-06
25.39 5.30772e-08 8.90818e-06 8.90833e-06
25.4 -8.9136e-07 8.56561e-06 8.61186e-06
25.41 -1.44039e-06 8.13583e-06 8.26236e-06
25.42 -2.07813e-06 7.68181e-06 7.95795e-06
25.43 -2.6562e-06 7.10884e-06 7.58887e-06
25.44 -3.0277e-06 6.71303e-06 7.36422e-06
25.45 -3.52373e-06 6.23762e-06 7.16412e-06
25.46 -3.95917e-06 5.64369e-06 6.89393e-06
25.47 -4.15351e-06 5.06875e-06 6.55316e-06
25.48 -4.43925e-06 4.62892e-06 6.41357e-06
25.49 -4.62557e-06 4.06346e-06 6.15692e-06
25.5 -4.71493e-06 3.57475e-06 5.91687e-06
25.51 -4.84217e-06 3.00841e-06 5.70062e-06
25.52 -4.90946e-06 2.50804e-06 5.51299e-06
25.53 -5.08501e-06 2.06512e-06 5.48835e-06
25.54 -4.88396e-06 1.56611e-06 5.12891e-06
25.55 -4.88126e-06 1.04503e-06 4.99187e-06
25.56 -4.69601e-06 5.56936e-07 4.72892e-06
25.57 -4.50016e-06 2.61229e-07 4.50774e-06
25.58 -4.47612e-06 -1.85165e-07 4.47995e-06
25.59 -4.18669e-06 -6.0653e-07 4.2304e-06
25.6 -3.85564e-06 -9.38676e-07 3.96826e-06
25.61 -3.68825e-06 -1.21537e-06 3.88334e-06
25.62 -3.36207e-06 -1.50602e-06 3.68397e-06
25.63 -3.05497e-06 -1.72473e-06 3.50821e-06
25.64 -2.7819e-06 -2.01713e-06 3.43625e-06
25.65 -2.41608e-06 -2.16542e-06 3.24445e-06
25.66 -2.08815e-06 -2.243e-06 3.06454e-06
25.67 -1.59027e-06 -2.41006e-06 2.88745e-06
25.68 -1.32525e-06 -2.51777e-06 2.84525e-06
25.69 -9.08027e-07 -2.50199e-06 2.66167e-06
25.7 -6.92846e-07 -2.42753e-06 2.52447e-06
25.71 -4.89274e-07 -2.4675e-06 2.51554e-06
25.72 -4.69762e-08 -2.40833e-06 2.40879e-06
25.73 1.66125e-07 -2.32656e-06 2.33248e-06
25.74 2.85871e-07 -2.20069e-06 2.21918e-06
25.75 5.52251e-07 -2.04237e-06 2.11572e-06
25.76 6.7205e-07 -1.93416e-06 2.04759e-06
25.77 8.44673e-07 -1.84913e-06 2.03292e-06
25.78 1.02762e-06 -1.60374e-06 1.90472e-06
25.79 1.07848e-06 -1.41655e-06 1.78038e-06
25.8 1.21185e-06 -1.32147e-06 1.793e-06
25.81 1.16613e-06 -1.13015e-06 1.62391e-06
25.82 1.25412e-06 -9.19053e-07 1.55483e-06
25.83 1.14673e-06 -7.59364e-07 1.37536e-06
25.84 1.23046e-06 -6.5043e-07 1.3918e-06
25.85 1.36339e-06 -5.1429e-07 1.45717e-06
25.86 1.1953e-06 -4.05321e-07 1.26215e-06
25.87 1.14865e-06 -2.24001e-07 1.17029e-06
25.88 1.15423e-06 -1.02633e-07 1.15878e-06
25.89 1.02041e-06 -1.00183e-07 1.02531e-06
25.9 1.03317e-06 -6.58924e-09 1.03319e-06
25.91 8.95265e-07 1.40488e-07 9.06221e-07
25.92 6.82716e-07 1.60228e-07 7.01266e-07
25.93 6.43318e-07 1.58901e-07 6.62652e-07
25.94 4.72126e-07 2.09623e-07 5.16571e-07
25.95 4.43364e-07 2.17971e-07 4.94048e-07
25.96 2.86924e-07 2.0524e-07 3.52773e-07
25.97 3.49678e-07 1.73952e-07 3.90556e-07
25.98 2.56859e-07 1.0335e-07 2.76872e-07
25.99 4.65059e-08 8.83535e-08 9.98456e-08
26 6.61263e-08 1.15232e-07 1.32858e-07
