0 -0.00375247 -0.00320198 0.00493292
0.01 -0.00749248 -0.00638608 0.00984476
0.02 -0.0112075 -0.00953412 0.0147142
0.03 -0.0148854 -0.0126289 0.0195208
0.04 -0.0185136 -0.0156525 0.0242436
0.05 -0.0220801 -0.0185881 0.0288626
0.06 -0.025573 -0.0214193 0.0333581
0.07 -0.0289807 -0.0241297 0.037711
0.08 -0.0322913 -0.0267039 0.0419026
0.09 -0.0354941 -0.0291272 0.0459154
0.1 -0.0385779 -0.0313858 0.0497325
0.11 -0.0415321 -0.0334661 0.0533375
0.12 -0.0443467 -0.0353563 0.0567159
0.13 -0.0470118 -0.0370449 0.0598535
0.14 -0.0495181 -0.0385219 0.0627373
0.15 -0.0518567 -0.0397781 0.0653561
0.16 -0.0540191 -0.0408053 0.0676989
0.17 -0.0559978 -0.041597 0.0697572
0.18 -0.0577852 -0.0421475 0.071523
0.19 -0.0593745 -0.0424523 0.07299
0.2 -0.0607598 -0.0425087 0.0741535
0.21 -0.0619355 -0.0423147 0.0750102
0.22 -0.0628965 -0.0418698 0.0755582
0.23 -0.0636387 -0.0411751 0.0757976
0.24 -0.0641588 -0.0402327 0.0757299
0.25 -0.0644535 -0.0390458 0.075358
0.26 -0.0645209 -0.0376195 0.0746872
0.27 -0.0643596 -0.0359598 0.0737242
0.28 -0.0639687 -0.0340739 0.0724777
0.29 -0.0633483 -0.0319705 0.0709586
0.3 -0.0624992 -0.0296591 0.0691795
0.31 -0.061423 -0.0271508 0.0671561
0.32 -0.0601218 -0.0244573 0.064906
0.33 -0.0585987 -0.0215915 0.06245
0.34 -0.0568577 -0.0185678 0.0598127
0.35 -0.054903 -0.0154005 0.057022
0.36 -0.05274 -0.0121056 0.0541115
0.37 -0.0503747 -0.00869949 0.0511204
0.38 -0.047814 -0.0051994 0.0480959
0.39 -0.045065 -0.0016228 0.0450942
0.4 -0.042136 0.00201174 0.042184
0.41 -0.0390359 0.00568568 0.0394478
0.42 -0.035774 0.00938006 0.0369833
0.43 -0.0323604 0.0130753 0.0349022
0.44 -0.0288059 0.0167525 0.033323
0.45 -0.0251217 0.0203915 0.032356
0.46 -0.0213197 0.0239732 0.0320818
0.47 -0.017412 0.0274785 0.0325307
0.48 -0.013412 0.0308877 0.0336739
0.49 -0.00933238 0.0341826 0.0354337
0.5 -0.00518714 0.0373447 0.0377032
0.51 -0.000990267 0.040356 0.0403681
0.52 0.00324373 0.0431992 0.0433208
0.53 0.00750052 0.0458581 0.0464675
0.54 0.0117648 0.0483166 0.0497283
0.55 0.0160217 0.05056 0.0530378
0.56 0.020256 0.0525743 0.0563415
0.57 0.0244522 0.0543465 0.059594
0.58 0.0285951 0.0558648 0.0627579
0.59 0.0326692 0.0571183 0.065801
0.6 0.0366593 0.0580977 0.0686968
0.61 0.0405503 0.0587947 0.0714223
0.62 0.0443269 0.0592022 0.0739579
0.63 0.0479747 0.0593149 0.0762878
0.64 0.0514791 0.0591285 0.0783982
0.65 0.0548258 0.0586402 0.0802779
0.66 0.0580012 0.0578486 0.0819183
0.67 0.0609921 0.0567542 0.0833131
0.68 0.0637855 0.0553583 0.0844579
0.69 0.0663692 0.0536641 0.0853505
0.7 0.0687316 0.0516764 0.0859912
0.71 0.0708616 0.049401 0.0863819
0.72 0.0727491 0.0468456 0.0865271
0.73 0.0743842 0.0440191 0.0864332
0.74 0.0757586 0.0409318 0.0861091
0.75 0.0768641 0.0375955 0.0855659
0.76 0.0776937 0.0340229 0.0848167
0.77 0.0782414 0.0302287 0.0838778
0.78 0.078502 0.0262281 0.0827676
0.79 0.0784712 0.0220379 0.0815071
0.8 0.0781459 0.0176755 0.08012
0.81 0.0775242 0.0131601 0.0786333
0.82 0.0766047 0.00851079 0.077076
0.83 0.0753876 0.00374829 0.0754807
0.84 0.073874 -0.00110621 0.0738823
0.85 0.0720661 -0.00603101 0.0723181
0.86 0.0699674 -0.0110035 0.0708273
0.87 0.0675821 -0.0160009 0.0694505
0.88 0.064916 -0.021 0.0682282
0.89 0.0619758 -0.0259772 0.0671999
0.9 0.0587691 -0.0309092 0.0664017
0.91 0.0553053 -0.035772 0.0658658
0.92 0.0515939 -0.040542 0.065617
0.93 0.0476462 -0.0451962 0.0656723
0.94 0.0434742 -0.049711 0.0660393
0.95 0.039091 -0.0540639 0.0667159
0.96 0.0345105 -0.0582327 0.0676907
0.97 0.0297478 -0.0621958 0.0689438
0.98 0.0248188 -0.0659321 0.0704487
0.99 0.0197399 -0.069422 0.0721739
1 0.0145288 -0.0726459 0.0740845
1.01 0.00920347 -0.0755859 0.0761442
1.02 0.00378288 -0.078225 0.0783164
1.03 -0.00171342 -0.0805471 0.0805653
1.04 -0.00726592 -0.082538 0.0828572
1.05 -0.0128535 -0.0841842 0.0851598
1.06 -0.0184559 -0.0854741 0.0874439
1.07 -0.0240516 -0.0863973 0.0896827
1.08 -0.0296194 -0.0869452 0.0918519
1.09 -0.0351374 -0.0871105 0.0939301
1.1 -0.0405844 -0.0868878 0.0958988
1.11 -0.0459385 -0.0862732 0.0977416
1.12 -0.0511781 -0.0852646 0.0994447
1.13 -0.0562819 -0.083862 0.100997
1.14 -0.0612285 -0.0820663 0.102391
1.15 -0.0659973 -0.0798812 0.103618
1.16 -0.0705678 -0.0773114 0.104675
1.17 -0.0749199 -0.0743635 0.10556
1.18 -0.0790347 -0.0710464 0.106274
1.19 -0.0828931 -0.0673699 0.106817
1.2 -0.0864775 -0.0633462 0.107197
1.21 -0.0897709 -0.0589888 0.107417
1.22 -0.0927569 -0.0543129 0.107488
1.23 -0.0954203 -0.0493353 0.10742
1.24 -0.0977474 -0.0440742 0.107224
1.25 -0.0997249 -0.0385494 0.106916
1.26 -0.101341 -0.0327818 0.106511
1.27 -0.102585 -0.026794 0.106027
1.28 -0.103449 -0.0206094 0.105482
1.29 -0.103923 -0.0142526 0.104896
1.3 -0.104002 -0.00774941 0.104291
1.31 -0.103681 -0.00112618 0.103687
1.32 -0.102956 0.00558945 0.103107
1.33 -0.101825 0.0123697 0.102573
1.34 -0.100288 0.0191859 0.102106
1.35 -0.0983457 0.026009 0.101727
1.36 -0.0960014 0.0328096 0.101453
1.37 -0.0932591 0.0395583 0.101302
1.38 -0.090125 0.0462252 0.101288
1.39 -0.0866066 0.0527809 0.101423
1.4 -0.0827128 0.059196 0.101713
1.41 -0.0784547 0.0654414 0.102165
1.42 -0.0738444 0.0714885 0.102779
1.43 -0.0688957 0.0773092 0.103553
1.44 -0.0636239 0.082876 0.104482
1.45 -0.0580456 0.0881627 0.105555
1.46 -0.0521792 0.0931433 0.106763
1.47 -0.0460438 0.0977935 0.108091
1.48 -0.0396603 0.10209 0.109523
1.49 -0.0330509 0.10601 0.111043
1.5 -0.0262384 0.109534 0.112633
1.51 -0.0192469 0.112641 0.114274
1.52 -0.0121017 0.115316 0.115949
1.53 -0.00482881 0.11754 0.117639
1.54 0.00254518 0.119301 0.119328
1.55 0.0099925 0.120586 0.120999
1.56 0.0174852 0.121384 0.122637
1.57 0.0249946 0.121687 0.124227
1.58 0.0324916 0.121488 0.125757
1.59 0.0399472 0.120782 0.127217
1.6 0.0473314 0.119569 0.128596
1.61 0.0546154 0.117846 0.129886
1.62 0.0617694 0.115616 0.131082
1.63 0.0687641 0.112883 0.132178
1.64 0.0755707 0.109653 0.133172
1.65 0.0821607 0.105934 0.134061
1.66 0.0885059 0.101737 0.134847
1.67 0.0945791 0.0970743 0.135531
1.68 0.100354 0.0919601 0.136116
1.69 0.105804 0.0864111 0.136607
1.7 0.110906 0.0804458 0.13701
1.71 0.115635 0.0740846 0.137331
1.72 0.119969 0.0673497 0.137581
1.73 0.123887 0.0602651 0.137767
1.74 0.127369 0.0528564 0.137901
1.75 0.130398 0.0451507 0.137993
1.76 0.132956 0.0371768 0.138056
1.77 0.135029 0.0289646 0.1381
1.78 0.136603 0.0205454 0.138139
1.79 0.137668 0.0119516 0.138185
1.8 0.138213 0.00321658 0.13825
1.81 0.138231 -0.00562535 0.138345
1.82 0.137717 -0.0145394 0.138482
1.83 0.136667 -0.0234897 0.138671
1.84 0.135079 -0.0324403 0.13892
1.85 0.132955 -0.041355 0.139238
1.86 0.130297 -0.0501972 0.139632
1.87 0.12711 -0.0589303 0.140106
1.88 0.1234 -0.0675179 0.140663
1.89 0.119177 -0.0759241 0.141307
1.9 0.114452 -0.084113 0.142036
1.91 0.109238 -0.0920496 0.14285
1.92 0.103551 -0.0996996 0.143746
1.93 0.0974082 -0.107029 0.144719
1.94 0.0908281 -0.114007 0.145764
1.95 0.0838324 -0.1206 0.146875
1.96 0.0764438 -0.12678 0.148043
1.97 0.0686871 -0.132517 0.14926
1.98 0.0605888 -0.137784 0.150517
1.99 0.0521768 -0.142557 0.151806
2 0.0434804 -0.146811 0.153115
2.01 0.034531 -0.150526 0.154436
2.02 0.02536 -0.153681 0.155759
2.03 0.0160013 -0.156259 0.157076
2.04 0.00648902 -0.158244 0.158377
2.05 -0.00314179 -0.159623 0.159654
2.06 -0.0128547 -0.160386 0.160901
2.07 -0.0226133 -0.160524 0.162109
2.08 -0.0323803 -0.160032 0.163275
2.09 -0.0421181 -0.158905 0.164392
2.1 -0.0517889 -0.157142 0.165456
2.11 -0.0613548 -0.154746 0.166466
2.12 -0.0707781 -0.15172 0.167417
2.13 -0.0800212 -0.148072 0.168311
2.14 -0.0890468 -0.143809 0.169146
2.15 -0.0978182 -0.138944 0.169923
2.16 -0.106299 -0.133491 0.170644
2.17 -0.114455 -0.127466 0.171312
2.18 -0.122251 -0.120889 0.171929
2.19 -0.129654 -0.113781 0.172501
2.2 -0.136633 -0.106166 0.173031
2.21 -0.143156 -0.098068 0.173525
2.22 -0.149195 -0.0895163 0.173989
2.23 -0.154722 -0.0805408 0.174429
2.24 -0.159711 -0.0711727 0.174852
2.25 -0.164139 -0.0614458 0.175264
2.26 -0.167984 -0.0513952 0.175671
2.27 -0.171227 -0.0410578 0.176081
2.28 -0.173849 -0.0304714 0.176499
2.29 -0.175836 -0.0196756 0.176933
2.3 -0.177174 -0.00871055 0.177388
2.31 -0.177852 0.00238195 0.177868
2.32 -0.177864 0.0135601 0.17838
2.33 -0.177202 0.0247811 0.178927
2.34 -0.175865 0.0360013 0.179512
2.35 -0.173851 0.0471775 0.180138
2.36 -0.171162 0.0582659 0.180808
2.37 -0.167805 0.0692228 0.181522
2.38 -0.163785 0.0800047 0.18228
2.39 -0.159112 0.0905688 0.183083
2.4 -0.1538 0.100873 0.183929
2.41 -0.147863 0.110874 0.184815
2.42 -0.14132 0.120533 0.18574
2.43 -0.134189 0.129808 0.1867
2.44 -0.126494 0.138663 0.187692
2.45 -0.118259 0.147059 0.18871
2.46 -0.109512 0.15496 0.189751
2.47 -0.100281 0.162334 0.190811
2.48 -0.0905988 0.169148 0.191883
2.49 -0.0804971 0.175371 0.192963
2.5 -0.0700118 0.180976 0.194046
2.51 -0.0591794 0.185936 0.195127
2.52 -0.0480385 0.190229 0.196201
2.53 -0.0366288 0.193833 0.197263
2.54 -0.0249915 0.196729 0.19831
2.55 -0.0131689 0.198902 0.199338
2.56 -0.00120421 0.200339 0.200343
2.57 0.0108584 0.201028 0.201321
2.58 0.0229741 0.200963 0.202272
2.59 0.0350975 0.200138 0.203192
2.6 0.0471831 0.198551 0.20408
2.61 0.0591851 0.196204 0.204936
2.62 0.0710575 0.193099 0.205759
2.63 0.082755 0.189245 0.206548
2.64 0.0942321 0.184651 0.207306
2.65 0.105444 0.179329 0.208032
2.66 0.116347 0.173295 0.208729
2.67 0.126898 0.166567 0.209399
2.68 0.137055 0.159166 0.210043
2.69 0.146777 0.151116 0.210665
2.7 0.156025 0.142443 0.211267
2.71 0.164761 0.133177 0.211854
2.72 0.172948 0.123347 0.212428
2.73 0.180552 0.112989 0.212992
2.74 0.187542 0.102137 0.213551
2.75 0.193886 0.0908301 0.214107
2.76 0.199557 0.0791072 0.214665
2.77 0.20453 0.0670104 0.215228
2.78 0.208781 0.0545828 0.215798
2.79 0.21229 0.041869 0.216379
2.8 0.215038 0.0289153 0.216974
2.81 0.217012 0.0157687 0.217584
2.82 0.218198 0.00247728 0.218212
2.83 0.218587 -0.0109098 0.21886
2.84 0.218174 -0.0243431 0.219528
2.85 0.216954 -0.0377726 0.220218
2.86 0.214927 -0.0511479 0.22093
2.87 0.212096 -0.0644188 0.221663
2.88 0.208467 -0.0775353 0.222419
2.89 0.204047 -0.0904473 0.223195
2.9 0.19885 -0.103106 0.223991
2.91 0.192888 -0.115462 0.224805
2.92 0.186182 -0.127468 0.225636
2.93 0.178749 -0.139078 0.226482
2.94 0.170615 -0.150246 0.22734
2.95 0.161804 -0.160929 0.228207
2.96 0.152346 -0.171083 0.229082
2.97 0.142272 -0.180668 0.229962
2.98 0.131616 -0.189647 0.230843
2.99 0.120413 -0.197982 0.231724
3 0.108703 -0.205639 0.232602
3.01 0.0965245 -0.212586 0.233473
3.02 0.0839212 -0.218794 0.234337
3.03 0.0709368 -0.224237 0.23519
3.04 0.0576167 -0.228889 0.23603
3.05 0.0440085 -0.232731 0.236855
3.06 0.0301607 -0.235743 0.237665
3.07 0.0161224 -0.237911 0.238457
3.08 0.00194481 -0.239222 0.23923
3.09 -0.0123212 -0.239668 0.239985
3.1 -0.0266237 -0.239242 0.240719
3.11 -0.0409104 -0.237942 0.241434
3.12 -0.0551289 -0.235769 0.242128
3.13 -0.0692269 -0.232726 0.242804
3.14 -0.0831521 -0.22882 0.24346
3.15 -0.0968527 -0.224062 0.244099
3.16 -0.110278 -0.218465 0.244721
3.17 -0.123376 -0.212046 0.245327
3.18 -0.1361 -0.204824 0.245919
3.19 -0.1484 -0.196823 0.246499
3.2 -0.160229 -0.188069 0.247069
3.21 -0.171542 -0.178588 0.24763
3.22 -0.182296 -0.168414 0.248184
3.23 -0.192449 -0.157581 0.248733
3.24 -0.201961 -0.146124 0.24928
3.25 -0.210794 -0.134083 0.249825
3.26 -0.218914 -0.121499 0.250371
3.27 -0.226288 -0.108417 0.250919
3.28 -0.232885 -0.0948806 0.251471
3.29 -0.238679 -0.0809379 0.252029
3.3 -0.243645 -0.066638 0.252593
3.31 -0.24776 -0.0520311 0.253165
3.32 -0.251008 -0.037169 0.253745
3.33 -0.253372 -0.0221046 0.254334
3.34 -0.25484 -0.00689188 0.254933
3.35 -0.255403 0.00841515 0.255542
3.36 -0.255055 0.023761 0.25616
3.37 -0.253794 0.0390905 0.256787
3.38 -0.251621 0.0543482 0.257423
3.39 -0.248539 0.0694788 0.258068
3.4 -0.244557 0.084427 0.25872
3.41 -0.239684 0.0991384 0.259378
3.42 -0.233936 0.113559 0.260042
3.43 -0.227329 0.127636 0.26071
3.44 -0.219885 0.141317 0.26138
3.45 -0.211625 0.154552 0.262052
3.46 -0.202578 0.167291 0.262724
3.47 -0.192772 0.179487 0.263395
3.48 -0.18224 0.191094 0.264062
3.49 -0.171018 0.20207 0.264725
3.5 -0.159142 0.212371 0.265382
3.51 -0.146653 0.221959 0.266032
3.52 -0.133594 0.230798 0.266674
3.53 -0.120009 0.238853 0.267306
3.54 -0.105945 0.246092 0.267928
3.55 -0.0914506 0.252488 0.268539
3.56 -0.0765759 0.258014 0.269138
3.57 -0.0613729 0.262649 0.269724
3.58 -0.0458946 0.266373 0.270298
3.59 -0.0301952 0.26917 0.270858
3.6 -0.0143301 0.271027 0.271405
3.61 0.001645 0.271934 0.271939
3.62 0.0176736 0.271886 0.27246
3.63 0.0336989 0.270881 0.272969
3.64 0.0496639 0.268918 0.273466
3.65 0.0655117 0.266003 0.273951
3.66 0.081186 0.262142 0.274426
3.67 0.0966306 0.257347 0.27489
3.68 0.11179 0.251632 0.275346
3.69 0.12661 0.245015 0.275794
3.7 0.141037 0.237518 0.276235
3.71 0.155018 0.229163 0.27667
3.72 0.168504 0.219979 0.2771
3.73 0.181446 0.209996 0.277526
3.74 0.193795 0.199247 0.277949
3.75 0.205507 0.187768 0.27837
3.76 0.216539 0.175598 0.27879
3.77 0.226851 0.162778 0.27921
3.78 0.236404 0.149351 0.279629
3.79 0.245163 0.135363 0.28005
3.8 0.253095 0.120863 0.280472
3.81 0.260169 0.1059 0.280897
3.82 0.26636 0.0905259 0.281323
3.83 0.271644 0.0747931 0.281752
3.84 0.275999 0.0587563 0.282184
3.85 0.279409 0.0424712 0.282618
3.86 0.281858 0.0259941 0.283054
3.87 0.283338 0.00938243 0.283493
3.88 0.283839 -0.00730597 0.283933
3.89 0.283359 -0.0240129 0.284375
3.9 0.281897 -0.0406802 0.284817
3.91 0.279457 -0.0572492 0.28526
3.92 0.276043 -0.0736624 0.285703
3.93 0.271668 -0.0898618 0.286144
3.94 0.266343 -0.105791 0.286584
3.95 0.260087 -0.121394 0.287022
3.96 0.252918 -0.136615 0.287456
3.97 0.24486 -0.151401 0.287886
3.98 0.235939 -0.165701 0.288312
3.99 0.226185 -0.179463 0.288733
4 0.215631 -0.192639 0.289147
4.01 0.204311 -0.205182 0.289556
4.02 0.192263 -0.217048 0.289957
4.03 0.179529 -0.228194 0.29035
4.04 0.166151 -0.238581 0.290736
4.05 0.152174 -0.248173 0.291113
4.06 0.137646 -0.256933 0.291481
4.07 0.122617 -0.264832 0.291841
4.08 0.107137 -0.271841 0.292191
4.09 0.0912587 -0.277934 0.292533
4.1 0.0750374 -0.283089 0.292865
4.11 0.0585281 -0.287287 0.293188
4.12 0.0417873 -0.290512 0.293502
4.13 0.0248724 -0.292753 0.293808
4.14 0.00784133 -0.294 0.294105
4.15 -0.00924739 -0.294249 0.294394
4.16 -0.0263351 -0.293496 0.294675
4.17 -0.0433631 -0.291743 0.294948
4.18 -0.0602731 -0.288996 0.295215
4.19 -0.0770064 -0.285264 0.295475
4.2 -0.093506 -0.280556 0.295728
4.21 -0.109715 -0.27489 0.295976
4.22 -0.125577 -0.268283 0.296218
4.23 -0.141039 -0.260757 0.296456
4.24 -0.156046 -0.252337 0.296689
4.25 -0.170547 -0.243052 0.296918
4.26 -0.184492 -0.232931 0.297144
4.27 -0.197833 -0.22201 0.297366
4.28 -0.210524 -0.210324 0.297585
4.29 -0.222522 -0.197914 0.297802
4.3 -0.233785 -0.18482 0.298016
4.31 -0.244274 -0.171087 0.298228
4.32 -0.253953 -0.15676 0.298439
4.33 -0.262788 -0.14189 0.298648
4.34 -0.27075 -0.126525 0.298855
4.35 -0.277811 -0.110718 0.299061
4.36 -0.283946 -0.0945219 0.299265
4.37 -0.289134 -0.0779915 0.299468
4.38 -0.293357 -0.0611826 0.299669
4.39 -0.296601 -0.044152 0.299869
4.4 -0.298854 -0.0269574 0.300067
4.41 -0.300108 -0.00965672 0.300264
4.42 -0.300359 0.00769173 0.300458
4.43 -0.299606 0.0250291 0.300649
4.44 -0.29785 0.0422972 0.300839
4.45 -0.295098 0.0594376 0.301025
4.46 -0.291359 0.0763928 0.301208
4.47 -0.286646 0.0931052 0.301387
4.48 -0.280973 0.109519 0.301563
4.49 -0.274361 0.125579 0.301735
4.5 -0.26683 0.141231 0.301902
4.51 -0.258408 0.156422 0.302064
4.52 -0.249121 0.171102 0.302221
4.53 -0.239002 0.185221 0.302372
4.54 -0.228083 0.198733 0.302517
4.55 -0.216403 0.211591 0.302656
4.56 -0.203999 0.223754 0.302789
4.57 -0.190914 0.235179 0.302915
4.58 -0.177192 0.245831 0.303034
4.59 -0.162878 0.255672 0.303146
4.6 -0.148021 0.264671 0.30325
4.61 -0.13267 0.272797 0.303347
4.62 -0.116876 0.280025 0.303437
4.63 -0.100693 0.286329 0.303519
4.64 -0.0841746 0.29169 0.303593
4.65 -0.0673755 0.296091 0.30366
4.66 -0.0503517 0.299516 0.303719
4.67 -0.0331601 0.301956 0.303771
4.68 -0.0158578 0.303402 0.303816
4.69 0.00149779 0.30385 0.303854
4.7 0.0188492 0.3033 0.303885
4.71 0.0361385 0.301754 0.30391
4.72 0.0533092 0.299218 0.303929
4.73 0.0703041 0.2957 0.303943
4.74 0.0870674 0.291214 0.303951
4.75 0.103543 0.285774 0.303954
4.76 0.119679 0.279399 0.303952
4.77 0.13542 0.272112 0.303947
4.78 0.150715 0.263937 0.303937
4.79 0.165515 0.254902 0.303925
4.8 0.179771 0.245037 0.303909
4.81 0.193437 0.234376 0.303891
4.82 0.206468 0.222954 0.303871
4.83 0.218821 0.21081 0.303848
4.84 0.230459 0.197985 0.303824
4.85 0.241341 0.184521 0.303799
4.86 0.251435 0.170463 0.303772
4.87 0.260708 0.155857 0.303743
4.88 0.269129 0.140753 0.303714
4.89 0.276673 0.125201 0.303683
4.9 0.283316 0.109252 0.303651
4.91 0.289037 0.0929575 0.303617
4.92 0.293819 0.0763727 0.303582
4.93 0.297647 0.0595516 0.303546
4.94 0.30051 0.0425494 0.303507
4.95 0.3024 0.0254219 0.303466
4.96 0.303312 0.00822518 0.303423
4.97 0.303244 -0.00898494 0.303377
4.98 0.302198 -0.0261522 0.303327
4.99 0.300178 -0.0432207 0.303274
5 0.297194 -0.0601355 0.303217
5.01 0.293255 -0.0768415 0.303155
5.02 0.288376 -0.093285 0.303089
5.03 0.282574 -0.109413 0.303017
5.04 0.275869 -0.125173 0.302939
5.05 0.268285 -0.140516 0.302856
5.06 0.259847 -0.155392 0.302766
5.07 0.250584 -0.169754 0.30267
5.08 0.240528 -0.183556 0.302566
5.09 0.229712 -0.196754 0.302456
5.1 0.218172 -0.209308 0.302339
5.11 0.205946 -0.221177 0.302214
5.12 0.193077 -0.232325 0.302082
5.13 0.179605 -0.242717 0.301942
5.14 0.165575 -0.25232 0.301796
5.15 0.151035 -0.261106 0.301642
5.16 0.13603 -0.269048 0.301481
5.17 0.120611 -0.276121 0.301314
5.18 0.104828 -0.282306 0.30114
5.19 0.0887316 -0.287583 0.30096
5.2 0.0723745 -0.291937 0.300775
5.21 0.0558098 -0.295357 0.300584
5.22 0.0390906 -0.297833 0.300388
5.23 0.0222711 -0.29936 0.300187
5.24 0.00540533 -0.299934 0.299983
5.25 -0.011453 -0.299556 0.299775
5.26 -0.0282497 -0.298229 0.299564
5.27 -0.0449312 -0.295959 0.29935
5.28 -0.0614451 -0.292756 0.299134
5.29 -0.0777383 -0.288631 0.298916
5.3 -0.0937597 -0.2836 0.298697
5.31 -0.109459 -0.277682 0.298477
5.32 -0.124786 -0.270896 0.298255
5.33 -0.139694 -0.263267 0.298033
5.34 -0.154136 -0.254821 0.297811
5.35 -0.168067 -0.245586 0.297589
5.36 -0.181444 -0.235594 0.297366
5.37 -0.194226 -0.224878 0.297143
5.38 -0.206373 -0.213474 0.296919
5.39 -0.217849 -0.20142 0.296695
5.4 -0.228618 -0.188756 0.296471
5.41 -0.238649 -0.175522 0.296246
5.42 -0.247912 -0.161763 0.296019
5.43 -0.256378 -0.147524 0.295792
5.44 -0.264023 -0.13285 0.295562
5.45 -0.270825 -0.117789 0.295331
5.46 -0.276765 -0.102389 0.295097
5.47 -0.281825 -0.0867008 0.29486
5.48 -0.285993 -0.0707733 0.29462
5.49 -0.289257 -0.0546579 0.294376
5.5 -0.29161 -0.0384057 0.294128
5.51 -0.293046 -0.0220682 0.293876
5.52 -0.293563 -0.00569718 0.293618
5.53 -0.293162 0.0106562 0.293356
5.54 -0.291847 0.0269402 0.293088
5.55 -0.289624 0.043104 0.292814
5.56 -0.286504 0.0590976 0.292535
5.57 -0.282497 0.0748707 0.29225
5.58 -0.277619 0.0903747 0.291959
5.59 -0.271888 0.105562 0.291661
5.6 -0.265324 0.120386 0.291358
5.61 -0.25795 0.1348 0.291048
5.62 -0.249791 0.148762 0.290733
5.63 -0.240875 0.162229 0.290412
5.64 -0.231233 0.17516 0.290086
5.65 -0.220896 0.187517 0.289754
5.66 -0.209899 0.199262 0.289418
5.67 -0.198278 0.210361 0.289077
5.68 -0.186071 0.22078 0.288733
5.69 -0.173318 0.230491 0.288384
5.7 -0.160061 0.239464 0.288032
5.71 -0.146342 0.247673 0.287677
5.72 -0.132205 0.255096 0.287319
5.73 -0.117696 0.261712 0.286959
5.74 -0.102861 0.267503 0.286598
5.75 -0.0877469 0.272453 0.286235
5.76 -0.072402 0.27655 0.28587
5.77 -0.0568747 0.279783 0.285505
5.78 -0.0412135 0.282145 0.285139
5.79 -0.0254678 0.283632 0.284773
5.8 -0.00968672 0.284242 0.284407
5.81 0.00608101 0.283975 0.28404
5.82 0.0217861 0.282836 0.283674
5.83 0.0373802 0.28083 0.283307
5.84 0.0528157 0.277967 0.282941
5.85 0.0680447 0.274259 0.282574
5.86 0.0830211 0.269718 0.282207
5.87 0.0976993 0.264363 0.281839
5.88 0.112035 0.258213 0.281471
5.89 0.125985 0.251289 0.281102
5.9 0.139507 0.243614 0.280731
5.91 0.152561 0.235216 0.28036
5.92 0.165109 0.226123 0.279986
5.93 0.177112 0.216364 0.279611
5.94 0.188537 0.205973 0.279233
5.95 0.19935 0.194982 0.278852
5.96 0.209519 0.18343 0.278469
5.97 0.219016 0.171352 0.278082
5.98 0.227814 0.158787 0.277691
5.99 0.235887 0.145777 0.277297
6 0.243214 0.132362 0.276899
6.01 0.249775 0.118586 0.276496
6.02 0.255552 0.104491 0.276089
6.03 0.260531 0.0901227 0.275678
6.04 0.264698 0.0755254 0.275262
6.05 0.268044 0.060745 0.274841
6.06 0.270562 0.0458275 0.274416
6.07 0.272247 0.0308191 0.273986
6.08 0.273097 0.0157662 0.273552
6.09 0.273112 0.000714752 0.273113
6.1 0.272296 -0.0142886 0.27267
6.11 0.270653 -0.0291985 0.272223
6.12 0.268192 -0.0439697 0.271773
6.13 0.264924 -0.0585571 0.271319
6.14 0.260862 -0.072917 0.270861
6.15 0.25602 -0.0870064 0.270401
6.16 0.250418 -0.100783 0.269938
6.17 0.244074 -0.114206 0.269472
6.18 0.237012 -0.127236 0.269005
6.19 0.229254 -0.139834 0.268535
6.2 0.220829 -0.151964 0.268065
6.21 0.211764 -0.16359 0.267593
6.22 0.20209 -0.174679 0.26712
6.23 0.191837 -0.185199 0.266646
6.24 0.181041 -0.19512 0.266172
6.25 0.169735 -0.204414 0.265697
6.26 0.157957 -0.213055 0.265222
6.27 0.145744 -0.22102 0.264747
6.28 0.133136 -0.228287 0.264272
6.29 0.120171 -0.234836 0.263797
6.3 0.106892 -0.24065 0.263322
6.31 0.0933401 -0.245716 0.262847
6.32 0.0795574 -0.250019 0.262372
6.33 0.0655869 -0.253551 0.261896
6.34 0.0514721 -0.256303 0.26142
6.35 0.0372565 -0.25827 0.260944
6.36 0.0229837 -0.259451 0.260467
6.37 0.0086974 -0.259843 0.259988
6.38 -0.00555874 -0.25945 0.259509
6.39 -0.0197415 -0.258275 0.259028
6.4 -0.0338086 -0.256326 0.258546
6.41 -0.0477168 -0.253612 0.258062
6.42 -0.0614254 -0.250144 0.257575
6.43 -0.074893 -0.245936 0.257086
6.44 -0.0880801 -0.241004 0.256595
6.45 -0.100948 -0.235365 0.2561
6.46 -0.113458 -0.229041 0.255603
6.47 -0.125575 -0.222053 0.255101
6.48 -0.137263 -0.214426 0.254597
6.49 -0.148488 -0.206185 0.254089
6.5 -0.15922 -0.197358 0.253576
6.51 -0.169427 -0.187974 0.25306
6.52 -0.17908 -0.178064 0.25254
6.53 -0.188153 -0.167661 0.252016
6.54 -0.196622 -0.156799 0.251488
6.55 -0.204463 -0.145512 0.250955
6.56 -0.211654 -0.133836 0.250419
6.57 -0.218178 -0.12181 0.249879
6.58 -0.224018 -0.10947 0.249335
6.59 -0.229159 -0.0968553 0.248787
6.6 -0.233589 -0.084006 0.248235
6.61 -0.237297 -0.0709617 0.24768
6.62 -0.240277 -0.057763 0.247122
6.63 -0.242521 -0.0444505 0.246561
6.64 -0.244028 -0.0310651 0.245997
6.65 -0.244796 -0.0176474 0.245431
6.66 -0.244826 -0.00423866 0.244862
6.67 -0.244121 0.00912088 0.244291
6.68 -0.242688 0.0223912 0.243719
6.69 -0.240535 0.035532 0.243145
6.7 -0.237671 0.0485046 0.24257
6.71 -0.234108 0.0612706 0.241993
6.72 -0.229861 0.0737922 0.241416
6.73 -0.224947 0.0860327 0.240837
6.74 -0.219383 0.0979567 0.240259
6.75 -0.213189 0.10953 0.239679
6.76 -0.206388 0.120718 0.2391
6.77 -0.199003 0.13149 0.23852
6.78 -0.191059 0.141816 0.23794
6.79 -0.182584 0.151666 0.23736
6.8 -0.173606 0.161013 0.236779
6.81 -0.164154 0.169831 0.236198
6.82 -0.15426 0.178097 0.235616
6.83 -0.143957 0.185789 0.235034
6.84 -0.133276 0.192885 0.234451
6.85 -0.122252 0.199369 0.233866
6.86 -0.110922 0.205223 0.233281
6.87 -0.0993201 0.210433 0.232694
6.88 -0.0874834 0.214988 0.232106
6.89 -0.0754487 0.218876 0.231515
6.9 -0.0632537 0.222091 0.230923
6.91 -0.050936 0.224625 0.230327
6.92 -0.0385335 0.226475 0.229729
6.93 -0.0260839 0.227639 0.229128
6.94 -0.0136253 0.228118 0.228524
6.95 -0.00119533 0.227913 0.227916
6.96 0.0111692 0.22703 0.227305
6.97 0.0234305 0.225475 0.22669
6.98 0.035553 0.223257 0.22607
6.99 0.0475007 0.220386 0.225447
7 0.0592385 0.216875 0.22482
7.01 0.0707324 0.212737 0.224188
7.02 0.0819494 0.20799 0.223552
7.03 0.092857 0.202651 0.222912
7.04 0.103425 0.19674 0.222269
7.05 0.113622 0.190278 0.221621
7.06 0.123422 0.183288 0.22097
7.07 0.132796 0.175795 0.220315
7.08 0.14172 0.167823 0.219657
7.09 0.150168 0.159401 0.218996
7.1 0.15812 0.150556 0.218332
7.11 0.165553 0.141317 0.217666
7.12 0.172449 0.131716 0.216997
7.13 0.178792 0.121782 0.216327
7.14 0.184564 0.111549 0.215655
7.15 0.189753 0.101049 0.214982
7.16 0.194347 0.090315 0.214308
7.17 0.198337 0.0793814 0.213632
7.18 0.201713 0.0682825 0.212957
7.19 0.20447 0.0570526 0.212281
7.2 0.206605 0.0457262 0.211605
7.21 0.208114 0.0343383 0.210928
7.22 0.208999 0.0229236 0.210252
7.23 0.209259 0.0115164 0.209575
7.24 0.208899 0.000150858 0.208899
7.25 0.207924 -0.0111387 0.208223
7.26 0.206342 -0.0223194 0.207546
7.27 0.204161 -0.0333583 0.206869
7.28 0.201393 -0.044223 0.206191
7.29 0.198049 -0.0548825 0.205513
7.3 0.194145 -0.0653061 0.204834
7.31 0.189695 -0.0754642 0.204154
7.32 0.184717 -0.0853286 0.203473
7.33 0.17923 -0.0948713 0.20279
7.34 0.173254 -0.104067 0.202106
7.35 0.16681 -0.11289 0.201419
7.36 0.159922 -0.121316 0.20073
7.37 0.152612 -0.129325 0.200038
7.38 0.144907 -0.136894 0.199344
7.39 0.136832 -0.144005 0.198647
7.4 0.128414 -0.15064 0.197946
7.41 0.119681 -0.156783 0.197242
7.42 0.110662 -0.162419 0.196535
7.43 0.101385 -0.167536 0.195824
7.44 0.0918797 -0.172122 0.19511
7.45 0.0821772 -0.176168 0.194392
7.46 0.0723074 -0.179666 0.193671
7.47 0.0623012 -0.182611 0.192946
7.48 0.0521891 -0.184998 0.192218
7.49 0.0420025 -0.186824 0.191487
7.5 0.0317719 -0.188089 0.190754
7.51 0.0215284 -0.188794 0.190018
7.52 0.0113021 -0.188941 0.189279
7.53 0.00112375 -0.188535 0.188539
7.54 -0.00897741 -0.187582 0.187797
7.55 -0.0189718 -0.186089 0.187053
7.56 -0.0288307 -0.184065 0.186309
7.57 -0.0385262 -0.18152 0.185564
7.58 -0.0480311 -0.178468 0.184819
7.59 -0.0573185 -0.174922 0.184073
7.6 -0.0663636 -0.170895 0.183329
7.61 -0.075141 -0.166406 0.182584
7.62 -0.0836278 -0.16147 0.181841
7.63 -0.0918011 -0.156107 0.181099
7.64 -0.0996399 -0.150337 0.180359
7.65 -0.107124 -0.14418 0.17962
7.66 -0.114234 -0.137657 0.178882
7.67 -0.120954 -0.130792 0.178147
7.68 -0.127266 -0.123608 0.177414
7.69 -0.133156 -0.116129 0.176682
7.7 -0.138611 -0.10838 0.175952
7.71 -0.143618 -0.100386 0.175224
7.72 -0.148168 -0.0921726 0.174498
7.73 -0.152251 -0.0837666 0.173773
7.74 -0.15586 -0.0751939 0.17305
7.75 -0.158988 -0.0664816 0.172328
7.76 -0.161631 -0.0576562 0.171607
7.77 -0.163786 -0.0487448 0.170886
7.78 -0.165452 -0.039774 0.170166
7.79 -0.166629 -0.0307708 0.169446
7.8 -0.167317 -0.0217614 0.168726
7.81 -0.16752 -0.0127724 0.168006
7.82 -0.167242 -0.0038293 0.167285
7.83 -0.166488 0.00504219 0.166564
7.84 -0.165266 0.0138172 0.165842
7.85 -0.163583 0.0224713 0.16512
7.86 -0.16145 0.0309808 0.164396
7.87 -0.158877 0.0393223 0.163671
7.88 -0.155876 0.0474743 0.162946
7.89 -0.152461 0.0554144 0.162219
7.9 -0.148644 0.0631226 0.161491
7.91 -0.144442 0.070579 0.160763
7.92 -0.13987 0.0777649 0.160034
7.93 -0.134946 0.0846625 0.159305
7.94 -0.129687 0.0912555 0.158576
7.95 -0.124113 0.0975279 0.157847
7.96 -0.118241 0.103466 0.157118
7.97 -0.112093 0.109055 0.15639
7.98 -0.105688 0.114284 0.155663
7.99 -0.0990485 0.119142 0.154937
8 -0.0921948 0.12362 0.154213
8.01 -0.0851493 0.127707 0.153491
8.02 -0.0779334 0.131398 0.152771
8.03 -0.0705702 0.134687 0.152055
8.04 -0.0630815 0.137567 0.151341
8.05 -0.0554901 0.140037 0.15063
8.06 -0.0478185 0.142093 0.149923
8.07 -0.0400892 0.143735 0.14922
8.08 -0.0323243 0.144961 0.148521
8.09 -0.0245463 0.145775 0.147827
8.1 -0.0167767 0.146177 0.147136
8.11 -0.0090376 0.146171 0.146451
8.12 -0.00134974 0.145763 0.145769
8.13 0.00626569 0.144958 0.145093
8.14 0.0137887 0.143761 0.144421
8.15 0.021199 0.142182 0.143754
8.16 0.0284781 0.140229 0.143091
8.17 0.0356067 0.137911 0.142433
8.18 0.0425671 0.135239 0.14178
8.19 0.0493424 0.132224 0.141131
8.2 0.0559156 0.128878 0.140486
8.21 0.0622713 0.125215 0.139845
8.22 0.0683947 0.121247 0.139208
8.23 0.0742717 0.11699 0.138575
8.24 0.079889 0.112457 0.137945
8.25 0.0852344 0.107664 0.137319
8.26 0.0902968 0.102628 0.136697
8.27 0.0950654 0.0973636 0.136078
8.28 0.0995309 0.0918884 0.135462
8.29 0.103685 0.0862197 0.134849
8.3 0.107519 0.080374 0.13424
8.31 0.111028 0.0743697 0.133634
8.32 0.114205 0.0682241 0.133031
8.33 0.117046 0.0619551 0.132432
8.34 0.119547 0.0555808 0.131836
8.35 0.121706 0.0491193 0.131244
8.36 0.123519 0.0425883 0.130655
8.37 0.124988 0.0360061 0.130071
8.38 0.126111 0.0293902 0.12949
8.39 0.126889 0.0227586 0.128914
8.4 0.127325 0.0161284 0.128342
8.41 0.127421 0.00951723 0.127776
8.42 0.12718 0.00294168 0.127214
8.43 0.126607 -0.00358129 0.126657
8.44 0.125706 -0.0100358 0.126106
8.45 0.124485 -0.0164056 0.125561
8.46 0.122949 -0.0226752 0.125022
8.47 0.121106 -0.02883 0.12449
8.48 0.118963 -0.034855 0.123964
8.49 0.11653 -0.0407363 0.123445
8.5 0.113815 -0.0464606 0.122933
8.51 0.110829 -0.0520148 0.122428
8.52 0.107582 -0.0573866 0.12193
8.53 0.104084 -0.0625643 0.12144
8.54 0.100347 -0.0675368 0.120957
8.55 0.0963827 -0.0722935 0.120482
8.56 0.0922034 -0.0768246 0.120015
8.57 0.0878218 -0.0811213 0.119555
8.58 0.0832501 -0.0851745 0.119102
8.59 0.0785024 -0.088977 0.118657
8.6 0.0735915 -0.0925212 0.11822
8.61 0.0685311 -0.095801 0.117789
8.62 0.0633353 -0.0988104 0.117366
8.63 0.058018 -0.101545 0.116951
8.64 0.0525931 -0.103999 0.116541
8.65 0.0470752 -0.106171 0.116139
8.66 0.0414783 -0.108056 0.115744
8.67 0.035817 -0.109653 0.115355
8.68 0.0301053 -0.11096 0.114972
8.69 0.0243576 -0.111977 0.114595
8.7 0.0185882 -0.112702 0.114224
8.71 0.012811 -0.113137 0.11386
8.72 0.00704032 -0.113282 0.1135
8.73 0.00128962 -0.11314 0.113147
8.74 -0.00442685 -0.112712 0.112799
8.75 -0.0100963 -0.112003 0.112457
8.76 -0.0157049 -0.111015 0.11212
8.77 -0.02124 -0.109752 0.111788
8.78 -0.0266886 -0.10822 0.111462
8.79 -0.0320385 -0.106424 0.111142
8.8 -0.0372773 -0.104369 0.110826
8.81 -0.0423934 -0.102063 0.110517
8.82 -0.0473749 -0.0995113 0.110213
8.83 -0.0522113 -0.0967226 0.109915
8.84 -0.0568912 -0.0937043 0.109623
8.85 -0.0614051 -0.0904648 0.109336
8.86 -0.0657422 -0.0870129 0.109056
8.87 -0.069894 -0.0833578 0.108783
8.88 -0.0738505 -0.0795095 0.108516
8.89 -0.0776038 -0.0754773 0.108255
8.9 -0.0811456 -0.0712722 0.108001
8.91 -0.0844684 -0.0669045 0.107755
8.92 -0.0875648 -0.0623855 0.107515
8.93 -0.0904288 -0.0577263 0.107283
8.94 -0.0930537 -0.0529386 0.107058
8.95 -0.0954345 -0.0480342 0.106841
8.96 -0.0975657 -0.0430251 0.106631
8.97 -0.0994434 -0.0379236 0.106429
8.98 -0.101063 -0.0327422 0.106235
8.99 -0.102422 -0.0274933 0.106048
9 -0.103518 -0.0221901 0.105869
9.01 -0.104347 -0.0168448 0.105698
9.02 -0.104909 -0.0114711 0.105534
9.03 -0.105202 -0.0060815 0.105378
9.04 -0.105227 -0.000689193 0.105229
9.05 -0.104983 0.00469279 0.105088
9.06 -0.104471 0.0100512 0.104953
9.07 -0.103692 0.0153733 0.104826
9.08 -0.102649 0.0206458 0.104704
9.09 -0.101343 0.0258563 0.10459
9.1 -0.0997791 0.0309913 0.104481
9.11 -0.0979596 0.036039 0.104379
9.12 -0.0958894 0.0409863 0.104282
9.13 -0.0935731 0.0458214 0.10419
9.14 -0.0910166 0.0505316 0.104103
9.15 -0.0882254 0.0551059 0.104021
9.16 -0.0852068 0.0595322 0.103944
9.17 -0.0819674 0.0637992 0.10387
9.18 -0.0785153 0.0678964 0.103801
9.19 -0.0748586 0.0718132 0.103735
9.2 -0.0710063 0.0755389 0.103673
9.21 -0.0669674 0.0790645 0.103614
9.22 -0.0627521 0.0823799 0.103558
9.23 -0.0583703 0.0854767 0.103505
9.24 -0.0538332 0.0883462 0.103456
9.25 -0.0491515 0.0909806 0.103409
9.26 -0.0443373 0.0933726 0.103365
9.27 -0.0394022 0.0955153 0.103323
9.28 -0.0343592 0.0974023 0.103285
9.29 -0.0292202 0.0990281 0.103249
9.3 -0.0239991 0.100388 0.103217
9.31 -0.018709 0.101476 0.103187
9.32 -0.0133634 0.102291 0.10316
9.33 -0.0079764 0.102828 0.103136
9.34 -0.00256239 0.103084 0.103116
9.35 0.00286485 0.10306 0.103099
9.36 0.00829029 0.102752 0.103086
9.37 0.0136999 0.102162 0.103076
9.38 0.0190785 0.101289 0.10307
9.39 0.0244118 0.100135 0.103068
9.4 0.029685 0.098702 0.103069
9.41 0.0348833 0.0969922 0.103074
9.42 0.0399923 0.09501 0.103084
9.43 0.0449974 0.0927586 0.103097
9.44 0.0498844 0.0902439 0.103114
9.45 0.054639 0.0874712 0.103134
9.46 0.0592476 0.0844472 0.103158
9.47 0.0636965 0.081179 0.103186
9.48 0.0679722 0.0776751 0.103217
9.49 0.0720623 0.0739435 0.10325
9.5 0.0759539 0.0699943 0.103287
9.51 0.079635 0.065837 0.103326
9.52 0.0830945 0.0614831 0.103368
9.53 0.0863208 0.0569434 0.103411
9.54 0.089304 0.0522303 0.103456
9.55 0.0920338 0.0473564 0.103503
9.56 0.0945014 0.0423352 0.103551
9.57 0.096698 0.0371799 0.103599
9.58 0.0986162 0.0319051 0.103649
9.59 0.100249 0.0265258 0.103699
9.6 0.101589 0.0210567 0.103749
9.61 0.102633 0.0155136 0.103798
9.62 0.103374 0.00991263 0.103848
9.63 0.10381 0.00426959 0.103897
9.64 0.103937 -0.00139854 0.103947
9.65 0.103754 -0.00707538 0.103995
9.66 0.10326 -0.012744 0.104043
9.67 0.102453 -0.018387 0.10409
9.68 0.101337 -0.0239879 0.104137
9.69 0.0999113 -0.0295291 0.104184
9.7 0.0981799 -0.0349939 0.10423
9.71 0.0961458 -0.040365 0.104275
9.72 0.0938144 -0.0456261 0.104321
9.73 0.091191 -0.0507599 0.104367
9.74 0.0882823 -0.0557506 0.104412
9.75 0.0850959 -0.0605819 0.104458
9.76 0.0816404 -0.0652382 0.104504
9.77 0.0779249 -0.069704 0.104551
9.78 0.0739601 -0.0739648 0.104599
9.79 0.0697568 -0.0780061 0.104647
9.8 0.0653273 -0.0818146 0.104696
9.81 0.0606844 -0.0853765 0.104746
9.82 0.0558415 -0.0886803 0.104797
9.83 0.0508133 -0.0917136 0.104849
9.84 0.0456146 -0.0944661 0.104903
9.85 0.0402612 -0.0969271 0.104956
9.86 0.0347693 -0.0990882 0.105011
9.87 0.0291561 -0.100941 0.105067
9.88 0.0234387 -0.102477 0.105123
9.89 0.0176352 -0.103691 0.10518
9.9 0.0117637 -0.104577 0.105237
9.91 0.00584292 -0.105131 0.105293
9.92 -0.000108284 -0.10535 0.10535
9.93 -0.0060705 -0.105231 0.105406
9.94 -0.012025 -0.104774 0.105461
9.95 -0.0179515 -0.103977 0.105516
9.96 -0.0238314 -0.102843 0.105569
9.97 -0.0296447 -0.101374 0.10562
9.98 -0.0353724 -0.0995731 0.105669
9.99 -0.0409949 -0.0974445 0.105717
10 -0.0464939 -0.094994 0.105762
10.01 -0.0518502 -0.0922287 0.105804
10.02 -0.0570458 -0.0891559 0.105844
10.03 -0.0620626 -0.0857851 0.105881
10.04 -0.0668837 -0.082126 0.105916
10.05 -0.0714918 -0.0781897 0.105947
10.06 -0.0758713 -0.0739883 0.105975
10.07 -0.0800062 -0.0695351 0.106001
10.08 -0.0838822 -0.0648435 0.106023
10.09 -0.087485 -0.0599293 0.106043
10.1 -0.0908016 -0.0548072 0.10606
10.11 -0.0938201 -0.0494946 0.106075
10.12 -0.0965291 -0.0440082 0.106088
10.13 -0.0989183 -0.0383666 0.106098
10.14 -0.100979 -0.0325879 0.106107
10.15 -0.102702 -0.0266917 0.106114
10.16 -0.104082 -0.0206976 0.10612
10.17 -0.105112 -0.014626 0.106125
10.18 -0.105788 -0.00849696 0.106129
10.19 -0.106106 -0.002332 0.106132
10.2 -0.106065 0.0038483 0.106135
10.21 -0.105663 0.0100221 0.106137
10.22 -0.1049 0.0161688 0.106139
10.23 -0.103779 0.0222663 0.106141
10.24 -0.102302 0.0282936 0.106143
10.25 -0.100474 0.0342297 0.106145
10.26 -0.0982989 0.0400536 0.106146
10.27 -0.0957845 0.0457444 0.106147
10.28 -0.0929382 0.0512823 0.106148
10.29 -0.0897695 0.0566471 0.106148
10.3 -0.0862882 0.0618198 0.106148
10.31 -0.0825061 0.0667816 0.106146
10.32 -0.0784354 0.0715148 0.106144
10.33 -0.0740901 0.0760018 0.10614
10.34 -0.0694845 0.0802266 0.106134
10.35 -0.0646348 0.0841733 0.106126
10.36 -0.0595568 0.0878274 0.106116
10.37 -0.0542688 0.0911757 0.106104
10.38 -0.0487885 0.094205 0.106089
10.39 -0.0431352 0.0969045 0.106071
10.4 -0.0373285 0.0992636 0.10605
10.41 -0.0313891 0.101273 0.106026
10.42 -0.0253375 0.102926 0.105999
10.43 -0.0191954 0.104215 0.105968
10.44 -0.0129845 0.105134 0.105933
10.45 -0.00672687 0.105681 0.105895
10.46 -0.000444752 0.105852 0.105853
10.47 0.00583895 0.105647 0.105808
10.48 0.012102 0.105065 0.105759
10.49 0.0183216 0.104108 0.105708
10.5 0.0244752 0.102779 0.105653
10.51 0.030541 0.101082 0.105595
10.52 0.036496 0.0990235 0.105535
10.53 0.0423194 0.0966099 0.105472
10.54 0.0479893 0.0938497 0.105407
10.55 0.0534853 0.0907527 0.105341
10.56 0.0587868 0.0873296 0.105273
10.57 0.0638746 0.0835928 0.105203
10.58 0.0687297 0.0795555 0.105133
10.59 0.0733344 0.0752325 0.105061
10.6 0.0776712 0.0706389 0.104989
10.61 0.0817244 0.065792 0.104916
10.62 0.0854784 0.0607088 0.104843
10.63 0.0889196 0.0554083 0.10477
10.64 0.0920345 0.0499096 0.104696
10.65 0.0948124 0.0442328 0.104623
10.66 0.0972417 0.0383991 0.104549
10.67 0.099314 0.0324298 0.104475
10.68 0.101021 0.0263469 0.1044
10.69 0.102357 0.020173 0.104326
10.7 0.103315 0.0139309 0.10425
10.71 0.103893 0.00764372 0.104174
10.72 0.104089 0.00133497 0.104097
10.73 0.103901 -0.00497206 0.104019
10.74 0.103329 -0.0112536 0.10394
10.75 0.102377 -0.0174864 0.10386
10.76 0.101047 -0.0236472 0.103777
10.77 0.0993445 -0.029713 0.103693
10.78 0.0972758 -0.0356606 0.103606
10.79 0.0948484 -0.0414687 0.103518
10.8 0.0920719 -0.0471146 0.103426
10.81 0.0889562 -0.0525775 0.103332
10.82 0.0855133 -0.0578369 0.103236
10.83 0.0817562 -0.0628731 0.103136
10.84 0.0776991 -0.0676669 0.103034
10.85 0.0733574 -0.0722008 0.102928
10.86 0.0687476 -0.0764573 0.10282
10.87 0.0638872 -0.0804209 0.102709
10.88 0.0587949 -0.0840762 0.102595
10.89 0.0534897 -0.0874101 0.102478
10.9 0.0479922 -0.0904095 0.102358
10.91 0.0423231 -0.0930639 0.102236
10.92 0.0365046 -0.0953628 0.102111
10.93 0.030558 -0.0972981 0.101984
10.94 0.0245072 -0.0988625 0.101855
10.95 0.0183745 -0.10005 0.101724
10.96 0.0121837 -0.100857 0.101591
10.97 0.00595833 -0.101281 0.101456
10.98 -0.000277372 -0.10132 0.10132
10.99 -0.00649998 -0.100974 0.101183
11 -0.0126851 -0.100245 0.101044
11.01 -0.0188097 -0.0991357 0.100904
11.02 -0.0248494 -0.0976517 0.100764
11.03 -0.0307819 -0.0957985 0.100622
11.04 -0.0365839 -0.0935838 0.10048
11.05 -0.0422337 -0.0910162 0.100338
11.06 -0.0477091 -0.0881066 0.100194
11.07 -0.0529896 -0.0848656 0.10005
11.08 -0.0580548 -0.0813073 0.0999061
11.09 -0.0628855 -0.0774449 0.0997611
11.1 -0.0674631 -0.073294 0.0996157
11.11 -0.0717705 -0.068871 0.0994697
11.12 -0.075791 -0.0641937 0.0993232
11.13 -0.0795097 -0.05928 0.0991761
11.14 -0.0829124 -0.0541498 0.0990286
11.15 -0.0859863 -0.0488227 0.0988803
11.16 -0.0887202 -0.0433205 0.0987317
11.17 -0.0911037 -0.037664 0.0985822
11.18 -0.0931282 -0.031876 0.0984325
11.19 -0.0947864 -0.0259788 0.098282
11.2 -0.0960727 -0.0199962 0.0981316
11.21 -0.0969819 -0.013951 0.0979802
11.22 -0.0975121 -0.00786726 0.097829
11.23 -0.0976613 -0.00176875 0.0976773
11.24 -0.0974298 0.00432071 0.0975255
11.25 -0.0968191 0.0103774 0.0973736
11.26 -0.0958326 0.0163774 0.097222
11.27 -0.0944746 0.0222976 0.0970702
11.28 -0.0927515 0.0281146 0.0969189
11.29 -0.0906703 0.0338061 0.0967675
11.3 -0.0882407 0.0393498 0.0966169
11.31 -0.0854722 0.0447242 0.0964664
11.32 -0.0823772 0.0499085 0.0963165
11.33 -0.078968 0.0548827 0.0961668
11.34 -0.0752593 0.0596277 0.0960178
11.35 -0.0712659 0.0641247 0.0958687
11.36 -0.0670047 0.0683573 0.0957202
11.37 -0.0624929 0.0723088 0.0955716
11.38 -0.0577492 0.0759644 0.0954231
11.39 -0.0527928 0.0793102 0.0952743
11.4 -0.0476442 0.0823337 0.0951252
11.41 -0.0423239 0.0850235 0.0949753
11.42 -0.0368539 0.0873699 0.0948246
11.43 -0.0312561 0.0893639 0.0946723
11.44 -0.0255531 0.0909991 0.0945188
11.45 -0.0197682 0.0922692 0.0943631
11.46 -0.0139245 0.0931705 0.0942052
11.47 -0.00804547 0.0936997 0.0940445
11.48 -0.00215462 0.0938563 0.0938811
11.49 0.00372393 0.0936398 0.0937139
11.5 0.00956747 0.0930527 0.0935433
11.51 0.015352 0.0920978 0.0933686
11.52 0.0210548 0.09078 0.0931897
11.53 0.0266531 0.0891054 0.0930062
11.54 0.0321248 0.0870817 0.0928182
11.55 0.037448 0.0847176 0.0926252
11.56 0.0426023 0.0820239 0.0924277
11.57 0.0475666 0.0790118 0.092225
11.58 0.0523226 0.0756945 0.092018
11.59 0.0568504 0.0720861 0.0918062
11.6 0.0611335 0.0682019 0.0915904
11.61 0.0651546 0.064058 0.0913704
11.62 0.068899 0.059672 0.0911472
11.63 0.0723513 0.0550624 0.0909208
11.64 0.0754996 0.0502479 0.090692
11.65 0.0783313 0.0452489 0.0904613
11.66 0.0808362 0.0400859 0.0902295
11.67 0.0830049 0.0347802 0.0899971
11.68 0.0848301 0.0293536 0.0897651
11.69 0.0863048 0.0238285 0.0895339
11.7 0.0874249 0.0182274 0.0893048
11.71 0.088466 0.0126319 0.0893633
11.72 0.0894289 0.00704615 0.089706
11.73 0.0903136 0.00147618 0.0903257
11.74 0.0911204 -0.00407381 0.0912115
11.75 0.0918499 -0.00959837 0.0923501
11.76 0.0925025 -0.0150931 0.0937258
11.77 0.0930791 -0.0205522 0.0953211
11.78 0.0935799 -0.0259715 0.097117
11.79 0.0940061 -0.0313456 0.0990943
11.8 0.0943582 -0.0366698 0.101233
11.81 0.0946372 -0.0419393 0.103514
11.82 0.0948441 -0.0471492 0.105917
11.83 0.09498 -0.0522946 0.108425
11.84 0.0950458 -0.0573712 0.111019
11.85 0.0950431 -0.0623738 0.113682
11.86 0.0949725 -0.0672981 0.116399
11.87 0.0948361 -0.0721397 0.119155
11.88 0.0946347 -0.0768938 0.121936
11.89 0.0943702 -0.0815563 0.124728
11.9 0.0940436 -0.0861227 0.12752
11.91 0.0936573 -0.0905891 0.1303
11.92 0.0932124 -0.094951 0.133057
11.93 0.0927108 -0.0992047 0.135782
11.94 0.0921545 -0.103346 0.138466
11.95 0.0915451 -0.107371 0.1411
11.96 0.0908847 -0.111277 0.143675
11.97 0.0901754 -0.115059 0.146185
11.98 0.089419 -0.118714 0.148623
11.99 0.0886181 -0.122239 0.150982
12 0.0877745 -0.125631 0.153256
12.01 0.0868905 -0.128886 0.15544
12.02 0.0859687 -0.132001 0.157527
12.03 0.085011 -0.134974 0.159514
12.04 0.0840203 -0.137802 0.161396
12.05 0.0829986 -0.140482 0.163168
12.06 0.081949 -0.143011 0.164827
12.07 0.0808735 -0.145388 0.166368
12.08 0.0797749 -0.147611 0.167788
12.09 0.0786557 -0.149676 0.169085
12.1 0.0775188 -0.151583 0.170255
12.11 0.0763667 -0.15333 0.171295
12.12 0.0752023 -0.154914 0.172203
12.13 0.074028 -0.156336 0.172977
12.14 0.0728474 -0.157593 0.173615
12.15 0.0716623 -0.158683 0.174114
12.16 0.0704764 -0.159607 0.174475
12.17 0.0692919 -0.160363 0.174693
12.18 0.0681122 -0.160951 0.17477
12.19 0.0669398 -0.16137 0.174704
12.2 0.0657778 -0.16162 0.174493
12.21 0.064629 -0.1617 0.174138
12.22 0.0634962 -0.161611 0.173637
12.23 0.0623825 -0.161352 0.172991
12.24 0.0612906 -0.160924 0.1722
12.25 0.0602235 -0.160326 0.171264
12.26 0.0591842 -0.15956 0.170183
12.27 0.0581752 -0.158626 0.168957
12.28 0.0571995 -0.157525 0.167589
12.29 0.0562602 -0.156258 0.166077
12.3 0.0553595 -0.154825 0.164425
12.31 0.0545007 -0.153228 0.162632
12.32 0.0536861 -0.151469 0.160702
12.33 0.052919 -0.149548 0.158635
12.34 0.0522013 -0.147468 0.156434
12.35 0.0515362 -0.145229 0.154102
12.36 0.0509259 -0.142834 0.151641
12.37 0.0503734 -0.140285 0.149055
12.38 0.0498806 -0.137584 0.146347
12.39 0.0494504 -0.134733 0.143521
12.4 0.0490848 -0.131734 0.140581
12.41 0.0487867 -0.128589 0.137533
12.42 0.0485573 -0.125301 0.134381
12.43 0.0483999 -0.121874 0.131133
12.44 0.0483158 -0.118308 0.127793
12.45 0.0483075 -0.114607 0.124372
12.46 0.0483766 -0.110775 0.120877
12.47 0.0485254 -0.106813 0.117319
12.48 0.0487553 -0.102725 0.113708
12.49 0.0490682 -0.0985144 0.110058
12.5 0.0494658 -0.0941838 0.106384
12.51 0.0499494 -0.089737 0.102702
12.52 0.0505207 -0.0851767 0.0990324
12.53 0.0511809 -0.0805069 0.0953984
12.54 0.0519312 -0.0757308 0.0918259
12.55 0.052773 -0.0708521 0.088346
12.56 0.0537073 -0.0658739 0.0849932
12.57 0.0547346 -0.0608006 0.0818083
12.58 0.0558567 -0.0556353 0.0788369
12.59 0.0570734 -0.050382 0.0761296
12.6 0.0583861 -0.0450444 0.0737424
12.61 0.0597948 -0.0396264 0.0717333
12.62 0.0613006 -0.0341317 0.0701622
12.63 0.0629032 -0.0285642 0.0690849
12.64 0.0646034 -0.0229279 0.0685513
12.65 0.0664007 -0.0172265 0.0685989
12.66 0.0682959 -0.0114643 0.0692514
12.67 0.0702882 -0.00564485 0.0705145
12.68 0.0723781 0.000227749 0.0723784
12.69 0.0745645 0.00614944 0.0748177
12.7 0.076848 0.0121162 0.0777973
12.71 0.0792271 0.0181247 0.0812739
12.72 0.0817019 0.0241699 0.085202
12.73 0.0842713 0.030249 0.0895357
12.74 0.0869345 0.0363572 0.0942309
12.75 0.0896908 0.0424913 0.0992469
12.76 0.0925388 0.0486469 0.104546
12.77 0.0954775 0.0548205 0.110097
12.78 0.0985057 0.061008 0.115868
12.79 0.101622 0.067206 0.121835
12.8 0.104825 0.0734101 0.127974
12.81 0.108112 0.0796173 0.134265
12.82 0.111483 0.0858233 0.140692
12.83 0.114936 0.0920252 0.147238
12.84 0.118468 0.0982186 0.153888
12.85 0.122078 0.104401 0.160632
12.86 0.125763 0.110568 0.167456
12.87 0.129522 0.116716 0.174352
12.88 0.133351 0.122843 0.181309
12.89 0.137249 0.128945 0.188319
12.9 0.141214 0.135018 0.195375
12.91 0.145242 0.14106 0.202468
12.92 0.149331 0.147068 0.209591
12.93 0.153478 0.153038 0.216739
12.94 0.15768 0.158968 0.223906
12.95 0.161935 0.164854 0.231084
12.96 0.166239 0.170695 0.238269
12.97 0.170589 0.176486 0.245455
12.98 0.174982 0.182227 0.252637
12.99 0.179415 0.187913 0.25981
13 0.183885 0.193544 0.26697
13.01 0.188387 0.199116 0.274111
13.02 0.192919 0.204627 0.281229
13.03 0.197476 0.210074 0.288319
13.04 0.202056 0.215456 0.295378
13.05 0.206655 0.220771 0.302401
13.06 0.211268 0.226017 0.309383
13.07 0.215892 0.231191 0.316321
13.08 0.220523 0.236293 0.32321
13.09 0.225158 0.24132 0.330047
13.1 0.229791 0.24627 0.336828
13.11 0.23442 0.251142 0.343548
13.12 0.239039 0.255936 0.350204
13.13 0.243645 0.260648 0.356792
13.14 0.248235 0.265278 0.363309
13.15 0.252802 0.269826 0.369749
13.16 0.257344 0.274288 0.376111
13.17 0.261855 0.278665 0.38239
13.18 0.266332 0.282955 0.388582
13.19 0.270771 0.287158 0.394685
13.2 0.275166 0.291272 0.400694
13.21 0.279514 0.295297 0.406605
13.22 0.28381 0.299231 0.412416
13.23 0.28805 0.303075 0.418123
13.24 0.292229 0.306827 0.423722
13.25 0.296343 0.310488 0.429211
13.26 0.300388 0.314055 0.434584
13.27 0.304359 0.317531 0.439841
13.28 0.308252 0.320912 0.444976
13.29 0.312062 0.324199 0.449987
13.3 0.315786 0.327393 0.45487
13.31 0.319418 0.330492 0.459623
13.32 0.322955 0.333497 0.464241
13.33 0.326393 0.336406 0.468723
13.34 0.329726 0.339221 0.473065
13.35 0.332952 0.341941 0.477263
13.36 0.336064 0.344565 0.481315
13.37 0.339061 0.347095 0.485219
13.38 0.341937 0.349529 0.48897
13.39 0.344689 0.351868 0.492567
13.4 0.347312 0.354113 0.496006
13.41 0.349804 0.356262 0.499284
13.42 0.352159 0.358316 0.5024
13.43 0.354374 0.360275 0.50535
13.44 0.356446 0.36214 0.508133
13.45 0.358371 0.36391 0.510744
13.46 0.360145 0.365586 0.513183
13.47 0.361765 0.367167 0.515447
13.48 0.363228 0.368655 0.517533
13.49 0.36453 0.370049 0.51944
13.5 0.365668 0.371349 0.521166
13.51 0.36664 0.372556 0.522707
13.52 0.367442 0.37367 0.524063
13.53 0.368071 0.37469 0.525232
13.54 0.368525 0.375618 0.526213
13.55 0.3688 0.376454 0.527002
13.56 0.368896 0.377197 0.5276
13.57 0.368808 0.377848 0.528004
13.58 0.368535 0.378407 0.528214
13.59 0.368074 0.378875 0.528228
13.6 0.367423 0.379251 0.528045
13.61 0.366581 0.379536 0.527664
13.62 0.365546 0.379729 0.527085
13.63 0.364316 0.379831 0.526306
13.64 0.362889 0.379843 0.525327
13.65 0.361264 0.379763 0.524149
13.66 0.35944 0.379593 0.522769
13.67 0.357415 0.379332 0.52119
13.68 0.355189 0.37898 0.519409
13.69 0.352761 0.378539 0.517428
13.7 0.350129 0.378006 0.515246
13.71 0.347294 0.377382 0.512865
13.72 0.344255 0.376668 0.510284
13.73 0.341011 0.375864 0.507506
13.74 0.337563 0.374968 0.504529
13.75 0.33391 0.373982 0.501356
13.76 0.330053 0.372904 0.497988
13.77 0.325991 0.371736 0.494427
13.78 0.321726 0.370476 0.490673
13.79 0.317258 0.369125 0.48673
13.8 0.312588 0.367682 0.482598
13.81 0.307716 0.366147 0.478281
13.82 0.302643 0.364519 0.47378
13.83 0.297372 0.362799 0.469099
13.84 0.291903 0.360986 0.464239
13.85 0.286237 0.35908 0.459206
13.86 0.280376 0.35708 0.454001
13.87 0.274323 0.354986 0.448629
13.88 0.268079 0.352798 0.443094
13.89 0.261645 0.350515 0.4374
13.9 0.255025 0.348136 0.431551
13.91 0.248221 0.345661 0.425553
13.92 0.241235 0.34309 0.419411
13.93 0.234071 0.340422 0.41313
13.94 0.22673 0.337657 0.406717
13.95 0.219216 0.334793 0.400178
13.96 0.211533 0.331831 0.39352
13.97 0.203682 0.32877 0.386751
13.98 0.195669 0.325609 0.379878
13.99 0.187496 0.322347 0.372911
14 0.179168 0.318985 0.365859
14.01 0.170687 0.315521 0.358731
14.02 0.162059 0.311955 0.351538
14.03 0.153287 0.308286 0.344292
14.04 0.144375 0.304513 0.337005
14.05 0.135328 0.300637 0.329691
14.06 0.126152 0.296656 0.322365
14.07 0.116849 0.292569 0.315041
14.08 0.107426 0.288377 0.307736
14.09 0.0978864 0.284079 0.30047
14.1 0.0882367 0.279673 0.293262
14.11 0.0784809 0.27516 0.286134
14.12 0.0686253 0.270539 0.279108
14.13 0.0586746 0.265811 0.272209
14.14 0.0486349 0.260972 0.265466
14.15 0.0385115 0.256026 0.258906
14.16 0.0283102 0.250969 0.252561
14.17 0.0180373 0.245803 0.246464
14.18 0.00769821 0.240527 0.24065
14.19 -0.00270066 0.23514 0.235156
14.2 -0.0131533 0.229643 0.23002
14.21 -0.0236534 0.224036 0.225281
14.22 -0.0341949 0.218318 0.22098
14.23 -0.044771 0.21249 0.217155
14.24 -0.0553759 0.206551 0.213845
14.25 -0.0660022 0.200502 0.211086
14.26 -0.0766442 0.194343 0.20891
14.27 -0.0872946 0.188074 0.207345
14.28 -0.0979473 0.181695 0.206414
14.29 -0.108595 0.175208 0.206133
14.3 -0.119231 0.168612 0.206509
14.31 -0.129468 0.161369 0.206886
14.32 -0.139264 0.153502 0.207262
14.33 -0.148584 0.145038 0.207637
14.34 -0.15739 0.136007 0.208013
14.35 -0.165646 0.12644 0.208388
14.36 -0.173322 0.116369 0.208764
14.37 -0.180385 0.10583 0.209138
14.38 -0.186808 0.0948609 0.209513
14.39 -0.192563 0.0834996 0.209887
14.4 -0.197627 0.0717875 0.210261
14.41 -0.201978 0.0597662 0.210635
14.42 -0.205597 0.0474798 0.211008
14.43 -0.208469 0.0349718 0.211382
14.44 -0.210578 0.0222889 0.211754
14.45 -0.211915 0.00947678 0.212127
14.46 -0.212472 -0.00341717 0.212499
14.47 -0.212243 -0.0163453 0.212871
14.48 -0.211226 -0.0292597 0.213243
14.49 -0.209422 -0.0421125 0.213614
14.5 -0.206834 -0.0548553 0.213985
14.51 -0.203471 -0.0674407 0.214356
14.52 -0.199339 -0.0798207 0.214726
14.53 -0.194453 -0.0919488 0.215096
14.54 -0.188827 -0.103779 0.215466
14.55 -0.18248 -0.115265 0.215835
14.56 -0.175432 -0.126365 0.216204
14.57 -0.167707 -0.137034 0.216573
14.58 -0.159332 -0.147231 0.216942
14.59 -0.150334 -0.156917 0.21731
14.6 -0.140747 -0.166054 0.217677
14.61 -0.130601 -0.174605 0.218045
14.62 -0.119935 -0.182536 0.218412
14.63 -0.108785 -0.189816 0.218779
14.64 -0.0971907 -0.196414 0.219145
14.65 -0.0851948 -0.202304 0.219511
14.66 -0.0728398 -0.207461 0.219877
14.67 -0.0601708 -0.211863 0.220242
14.68 -0.0472341 -0.215491 0.220607
14.69 -0.0340767 -0.218329 0.220972
14.7 -0.0207473 -0.220362 0.221336
14.71 -0.00729459 -0.22158 0.2217
14.72 0.00623084 -0.221977 0.222064
14.73 0.0197795 -0.221546 0.222428
14.74 0.0333003 -0.220288 0.222791
14.75 0.0467428 -0.218203 0.223153
14.76 0.0600561 -0.215296 0.223516
14.77 0.0731903 -0.211576 0.223878
14.78 0.086095 -0.207053 0.224239
14.79 0.0987219 -0.201741 0.224601
14.8 0.111022 -0.195657 0.224961
14.81 0.122948 -0.188822 0.225322
14.82 0.134454 -0.181258 0.225682
14.83 0.145496 -0.172991 0.226042
14.84 0.15603 -0.164049 0.226401
14.85 0.166015 -0.154464 0.22676
14.86 0.175412 -0.144269 0.227119
14.87 0.184183 -0.1335 0.227477
14.88 0.192293 -0.122196 0.227834
14.89 0.199709 -0.110397 0.228191
14.9 0.206401 -0.0981463 0.228548
14.91 0.212342 -0.0854876 0.228904
14.92 0.217506 -0.072467 0.22926
14.93 0.22187 -0.0591329 0.229615
14.94 0.225418 -0.0455333 0.22997
14.95 0.22813 -0.0317195 0.230324
14.96 0.229995 -0.017742 0.230678
14.97 0.231002 -0.00365311 0.231031
14.98 0.231146 0.0104946 0.231384
14.99 0.230421 0.0246479 0.231736
15 0.228829 0.0387536 0.232088
15.01 0.226372 0.0527584 0.232438
15.02 0.223056 0.0666091 0.232789
15.03 0.21889 0.0802531 0.233139
15.04 0.213889 0.093638 0.233488
15.05 0.208067 0.106712 0.233836
15.06 0.201444 0.119426 0.234184
15.07 0.194041 0.13173 0.234531
15.08 0.185886 0.143575 0.234877
15.09 0.177005 0.154917 0.235223
15.1 0.167429 0.16571 0.235568
15.11 0.157194 0.175912 0.235913
15.12 0.146334 0.185481 0.236256
15.13 0.13489 0.194381 0.236599
15.14 0.122902 0.202574 0.236941
15.15 0.110414 0.210028 0.237282
15.16 0.0974715 0.216711 0.237623
15.17 0.0841226 0.222597 0.237962
15.18 0.0704159 0.22766 0.238301
15.19 0.0564026 0.231878 0.238639
15.2 0.0421346 0.235232 0.238976
15.21 0.0276654 0.237708 0.239313
15.22 0.0130485 0.239292 0.239648
15.23 -0.00166009 0.239977 0.239982
15.24 -0.0164059 0.239755 0.240316
15.25 -0.0311322 0.238627 0.240649
15.26 -0.0457837 0.236592 0.240981
15.27 -0.0603038 0.233655 0.241312
15.28 -0.0746378 0.229826 0.241642
15.29 -0.0887299 0.225115 0.241971
15.3 -0.102526 0.219539 0.242299
15.31 -0.115973 0.213114 0.242626
15.32 -0.129019 0.205864 0.242953
15.33 -0.141612 0.197813 0.243278
15.34 -0.153704 0.18899 0.243602
15.35 -0.165247 0.179424 0.243925
15.36 -0.176195 0.169152 0.244248
15.37 -0.186504 0.15821 0.244569
15.38 -0.196134 0.146637 0.24489
15.39 -0.205046 0.134475 0.245209
15.4 -0.213204 0.121769 0.245527
15.41 -0.220574 0.108566 0.245845
15.42 -0.227126 0.0949155 0.246161
15.43 -0.232833 0.080867 0.246476
15.44 -0.23767 0.0664735 0.24679
15.45 -0.241616 0.0517887 0.247104
15.46 -0.244654 0.0368678 0.247416
15.47 -0.246769 0.021767 0.247727
15.48 -0.247951 0.00654386 0.248037
15.49 -0.248192 -0.00874444 0.248346
15.5 -0.247489 -0.0240395 0.248654
15.51 -0.245843 -0.0392826 0.248961
15.52 -0.243255 -0.054416 0.249267
15.53 -0.239734 -0.0693807 0.249572
15.54 -0.235291 -0.0841199 0.249876
15.55 -0.229939 -0.0985758 0.250178
15.56 -0.223697 -0.112693 0.25048
15.57 -0.216587 -0.126416 0.25078
15.58 -0.208632 -0.139692 0.25108
15.59 -0.199861 -0.152468 0.251378
15.6 -0.190306 -0.164694 0.251675
15.61 -0.18 -0.176322 0.251971
15.62 -0.168982 -0.187306 0.252266
15.63 -0.157291 -0.197601 0.25256
15.64 -0.144971 -0.207167 0.252853
15.65 -0.132067 -0.215964 0.253145
15.66 -0.118627 -0.223958 0.253435
15.67 -0.1047 -0.231115 0.253725
15.68 -0.0903402 -0.237405 0.254013
15.69 -0.0755999 -0.242803 0.2543
15.7 -0.0605355 -0.247284 0.254586
15.71 -0.0452034 -0.250831 0.254871
15.72 -0.0296623 -0.253425 0.255155
15.73 -0.0139708 -0.255055 0.255438
15.74 0.00181087 -0.255713 0.255719
15.75 0.0176226 -0.255392 0.256
15.76 0.033403 -0.254093 0.256279
15.77 0.0490925 -0.251816 0.256557
15.78 0.0646294 -0.248569 0.256834
15.79 0.0799541 -0.244362 0.25711
15.8 0.0950072 -0.239207 0.257384
15.81 0.10973 -0.233124 0.257657
15.82 0.124065 -0.226132 0.257929
15.83 0.137955 -0.218256 0.2582
15.84 0.151347 -0.209525 0.25847
15.85 0.164188 -0.19997 0.258739
15.86 0.176426 -0.189625 0.259006
15.87 0.188013 -0.178529 0.259272
15.88 0.198904 -0.166723 0.259536
15.89 0.209052 -0.15425 0.2598
15.9 0.218419 -0.141156 0.260062
15.91 0.226966 -0.127492 0.260323
15.92 0.234658 -0.113308 0.260582
15.93 0.241463 -0.0986576 0.26084
15.94 0.247353 -0.0835966 0.261097
15.95 0.252302 -0.0681815 0.261353
15.96 0.256291 -0.0524719 0.261607
15.97 0.2593 -0.0365271 0.26186
15.98 0.261316 -0.0204088 0.262111
15.99 0.262328 -0.00417848 0.262361
16 0.262331 0.0121008 0.26261
16.01 0.261322 0.028367 0.262857
16.02 0.259303 0.0445561 0.263103
16.03 0.256279 0.0606062 0.263348
16.04 0.252259 0.0764539 0.263591
16.05 0.247258 0.0920383 0.263832
16.06 0.241291 0.107297 0.264072
16.07 0.234381 0.122172 0.264311
16.08 0.22655 0.136603 0.264548
16.09 0.21783 0.150535 0.264784
16.1 0.208249 0.16391 0.265018
16.11 0.197845 0.176677 0.26525
16.12 0.186656 0.188785 0.265481
16.13 0.174723 0.200185 0.26571
16.14 0.162091 0.21083 0.265938
16.15 0.148809 0.220679 0.266164
16.16 0.134925 0.229692 0.266389
16.17 0.120493 0.23783 0.266612
16.18 0.105568 0.245062 0.266833
16.19 0.0902065 0.251356 0.267052
16.2 0.0744678 0.256686 0.26727
16.21 0.0584126 0.26103 0.267486
16.22 0.0421023 0.264369 0.267701
16.23 0.0256002 0.266687 0.267913
16.24 0.0089703 0.267974 0.268124
16.25 -0.00772307 0.268222 0.268334
16.26 -0.0244147 0.267429 0.268541
16.27 -0.0410394 0.265595 0.268747
16.28 -0.0575324 0.262725 0.268951
16.29 -0.0738291 0.258829 0.269153
16.3 -0.0898651 0.25392 0.269353
16.31 -0.105578 0.248015 0.269551
16.32 -0.120905 0.241135 0.269748
16.33 -0.135786 0.233305 0.269943
16.34 -0.150161 0.224555 0.270136
16.35 -0.163974 0.214916 0.270327
16.36 -0.17717 0.204425 0.270516
16.37 -0.189695 0.193121 0.270703
16.38 -0.2015 0.181047 0.270888
16.39 -0.212537 0.16825 0.271072
16.4 -0.222761 0.154776 0.271253
16.41 -0.232131 0.140679 0.271433
16.42 -0.240609 0.126013 0.27161
16.43 -0.24816 0.110834 0.271786
16.44 -0.254753 0.0951995 0.27196
16.45 -0.26036 0.079172 0.272132
16.46 -0.264958 0.0628122 0.272301
16.47 -0.268526 0.046185 0.272469
16.48 -0.27105 0.0293541 0.272635
16.49 -0.272518 0.0123861 0.272799
16.5 -0.272922 -0.00465341 0.272961
16.51 -0.272258 -0.0216968 0.273121
16.52 -0.270529 -0.0386777 0.27328
16.53 -0.267738 -0.0555291 0.273436
16.54 -0.263895 -0.0721847 0.27359
16.55 -0.259015 -0.0885783 0.273742
16.56 -0.253113 -0.104646 0.273893
16.57 -0.246213 -0.120323 0.274041
16.58 -0.238339 -0.135547 0.274187
16.59 -0.229521 -0.150259 0.274331
16.6 -0.219793 -0.164398 0.274474
16.61 -0.209192 -0.17791 0.274614
16.62 -0.197757 -0.190738 0.274752
16.63 -0.185533 -0.202833 0.274889
16.64 -0.172567 -0.214145 0.275023
16.65 -0.158909 -0.22463 0.275156
16.66 -0.144612 -0.234243 0.275286
16.67 -0.129731 -0.242946 0.275414
16.68 -0.114325 -0.250704 0.27554
16.69 -0.0984528 -0.257484 0.275665
16.7 -0.0821772 -0.263259 0.275787
16.71 -0.0655617 -0.268005 0.275907
16.72 -0.0486713 -0.2717 0.276025
16.73 -0.031573 -0.274331 0.276142
16.74 -0.0143331 -0.275883 0.276255
16.75 0.00297938 -0.276351 0.276368
16.76 0.0202968 -0.275731 0.276477
16.77 0.0375502 -0.274025 0.276585
16.78 0.0546719 -0.271236 0.276691
16.79 0.071593 -0.267376 0.276795
16.8 0.0882473 -0.262458 0.276897
16.81 0.104568 -0.2565 0.276996
16.82 0.12049 -0.249526 0.277094
16.83 0.13595 -0.24156 0.277189
16.84 0.150886 -0.232634 0.277282
16.85 0.165238 -0.222783 0.277373
16.86 0.17895 -0.212043 0.277462
16.87 0.191964 -0.200457 0.277549
16.88 0.20423 -0.18807 0.277633
16.89 0.215698 -0.17493 0.277715
16.9 0.226321 -0.161088 0.277796
16.91 0.236056 -0.146599 0.277873
16.92 0.244864 -0.13152 0.277949
16.93 0.252709 -0.115909 0.278023
16.94 0.259558 -0.0998297 0.278094
16.95 0.265384 -0.0833438 0.278163
16.96 0.270161 -0.0665172 0.27823
16.97 0.273872 -0.0494162 0.278294
16.98 0.276498 -0.0321092 0.278356
16.99 0.27803 -0.0146643 0.278416
17 0.278459 0.00284864 0.278473
17.01 0.277784 0.0203601 0.278529
17.02 0.276005 0.0378005 0.278582
17.03 0.27313 0.0550996 0.278632
17.04 0.269168 0.072189 0.27868
17.05 0.264135 0.0889996 0.278726
17.06 0.258049 0.105465 0.278769
17.07 0.250935 0.121518 0.27881
17.08 0.24282 0.137095 0.278849
17.09 0.233735 0.152134 0.278885
17.1 0.223716 0.166573 0.278918
17.11 0.212803 0.180354 0.278949
17.12 0.201038 0.193422 0.278978
17.13 0.188469 0.205724 0.279004
17.14 0.175144 0.217212 0.279027
17.15 0.161117 0.227836 0.279048
17.16 0.146443 0.237555 0.279067
17.17 0.131181 0.24633 0.279082
17.18 0.115392 0.254124 0.279095
17.19 0.0991387 0.260905 0.279106
17.2 0.0824863 0.266647 0.279114
17.21 0.0655006 0.271325 0.27912
17.22 0.0482505 0.27492 0.279122
17.23 0.0308046 0.277417 0.279122
17.24 0.0132333 0.278806 0.27912
17.25 -0.00439339 0.27908 0.279115
17.26 -0.022004 0.278238 0.279107
17.27 -0.0395286 0.276284 0.279097
17.28 -0.0568957 0.273223 0.279084
17.29 -0.0740363 0.269068 0.279068
17.3 -0.0908809 0.263836 0.27905
17.31 -0.107361 0.257547 0.279029
17.32 -0.123412 0.250227 0.279005
17.33 -0.138967 0.241904 0.278979
17.34 -0.153965 0.232611 0.27895
17.35 -0.168344 0.222386 0.278918
17.36 -0.182046 0.211271 0.278884
17.37 -0.195017 0.199308 0.278847
17.38 -0.207203 0.186548 0.278807
17.39 -0.218556 0.17304 0.278764
17.4 -0.229029 0.15884 0.278719
17.41 -0.23858 0.144004 0.278671
17.42 -0.247171 0.128593 0.278621
17.43 -0.254766 0.112668 0.278568
17.44 -0.261335 0.0962946 0.278512
17.45 -0.266852 0.0795377 0.278453
17.46 -0.271293 0.062466 0.278392
17.47 -0.274642 0.0451478 0.278328
17.48 -0.276884 0.0276538 0.278262
17.49 -0.278011 0.0100541 0.278193
17.5 -0.278017 -0.00757956 0.278121
17.51 -0.276904 -0.0251763 0.278046
17.52 -0.274675 -0.0426643 0.277969
17.53 -0.271341 -0.0599734 0.277889
17.54 -0.266913 -0.0770328 0.277807
17.55 -0.261411 -0.0937744 0.277722
17.56 -0.254857 -0.110129 0.277634
17.57 -0.247279 -0.126032 0.277544
17.58 -0.238705 -0.141418 0.277451
17.59 -0.229173 -0.156224 0.277356
17.6 -0.218719 -0.170392 0.277257
17.61 -0.207389 -0.183863 0.277156
17.62 -0.195226 -0.196583 0.277053
17.63 -0.182282 -0.208501 0.276947
17.64 -0.168609 -0.219568 0.276838
17.65 -0.154262 -0.22974 0.276726
17.66 -0.139301 -0.238976 0.276612
17.67 -0.123786 -0.247238 0.276495
17.68 -0.107781 -0.254493 0.276376
17.69 -0.0913515 -0.260712 0.276254
17.7 -0.0745632 -0.265871 0.276129
17.71 -0.0574857 -0.269948 0.276001
17.72 -0.0401886 -0.272929 0.275872
17.73 -0.022742 -0.274799 0.275739
17.74 -0.00521775 -0.275554 0.275603
17.75 0.0123134 -0.27519 0.275465
17.76 0.0297792 -0.273709 0.275324
17.77 0.0471092 -0.271118 0.275181
17.78 0.0642321 -0.267429 0.275035
17.79 0.0810788 -0.262656 0.274886
17.8 0.0975799 -0.256821 0.274734
17.81 0.113669 -0.249947 0.27458
17.82 0.129279 -0.242063 0.274423
17.83 0.144349 -0.233203 0.274263
17.84 0.158816 -0.223402 0.2741
17.85 0.172621 -0.212703 0.273935
17.86 0.185709 -0.201148 0.273767
17.87 0.198027 -0.188787 0.273597
17.88 0.209524 -0.17567 0.273423
17.89 0.220154 -0.161852 0.273247
17.9 0.229875 -0.147389 0.273068
17.91 0.238646 -0.132343 0.272886
17.92 0.246434 -0.116774 0.272701
17.93 0.253207 -0.100747 0.272514
17.94 0.258938 -0.0843287 0.272324
17.95 0.263604 -0.0675865 0.272131
17.96 0.267188 -0.0505892 0.271935
17.97 0.269675 -0.0334075 0.271736
17.98 0.271057 -0.0161113 0.271535
17.99 0.271328 0.00122756 0.271331
18 0.270489 0.0185378 0.271124
18.01 0.268545 0.0357487 0.270914
18.02 0.265504 0.0527889 0.270701
18.03 0.261381 0.0695891 0.270486
18.04 0.256193 0.0860798 0.270267
18.05 0.249963 0.102194 0.270046
18.06 0.242718 0.117865 0.269822
18.07 0.234488 0.133029 0.269595
18.08 0.22531 0.147625 0.269365
18.09 0.215222 0.161592 0.269133
18.1 0.204266 0.174874 0.268897
18.11 0.19249 0.187417 0.268659
18.12 0.179942 0.19917 0.268418
18.13 0.166677 0.210086 0.268174
18.14 0.152748 0.22012 0.267927
18.15 0.138215 0.229233 0.267677
18.16 0.123139 0.237387 0.267424
18.17 0.107583 0.244551 0.267169
18.18 0.0916116 0.250696 0.266911
18.19 0.0752921 0.255799 0.26665
18.2 0.0586918 0.259839 0.266386
18.21 0.0418809 0.262803 0.266119
18.22 0.0249282 0.264678 0.265849
18.23 0.00790513 0.265459 0.265577
18.24 -0.00911849 0.265145 0.265302
18.25 -0.0260712 0.263738 0.265024
18.26 -0.0428838 0.261247 0.264743
18.27 -0.0594861 0.257683 0.26446
18.28 -0.0758098 0.253063 0.264174
18.29 -0.0917877 0.247407 0.263884
18.3 -0.107354 0.240741 0.263593
18.31 -0.122444 0.233095 0.263298
18.32 -0.136997 0.224502 0.263001
18.33 -0.150954 0.215 0.262701
18.34 -0.164256 0.204629 0.262399
18.35 -0.176851 0.193434 0.262093
18.36 -0.188686 0.181464 0.261785
18.37 -0.199715 0.168769 0.261474
18.38 -0.209892 0.155404 0.261161
18.39 -0.219177 0.141426 0.260845
18.4 -0.227534 0.126894 0.260526
18.41 -0.234929 0.11187 0.260204
18.42 -0.241333 0.0964165 0.25988
18.43 -0.246722 0.0806007 0.259554
18.44 -0.251075 0.0644875 0.259224
18.45 -0.254376 0.0481461 0.258892
18.46 -0.256614 0.0316441 0.258558
18.47 -0.257782 0.0150512 0.258221
18.48 -0.257876 -0.00156359 0.257881
18.49 -0.2569 -0.0181302 0.257539
18.5 -0.254859 -0.0345803 0.257194
18.51 -0.251764 -0.0508447 0.256847
18.52 -0.247631 -0.0668566 0.256497
18.53 -0.242478 -0.0825488 0.256144
18.54 -0.236331 -0.0978572 0.25579
18.55 -0.229216 -0.112718 0.255432
18.56 -0.221167 -0.127071 0.255072
18.57 -0.212218 -0.140856 0.25471
18.58 -0.20241 -0.154018 0.254345
18.59 -0.191786 -0.166502 0.253978
18.6 -0.180391 -0.178258 0.253608
18.61 -0.168276 -0.189239 0.253235
18.62 -0.155493 -0.1994 0.252861
18.63 -0.142097 -0.208701 0.252483
18.64 -0.128147 -0.217105 0.252103
18.65 -0.113701 -0.224579 0.251721
18.66 -0.0988231 -0.231093 0.251337
18.67 -0.0835752 -0.236624 0.25095
18.68 -0.0680228 -0.24115 0.25056
18.69 -0.0522322 -0.244655 0.250168
18.7 -0.03627 -0.247126 0.249774
18.71 -0.0202044 -0.248558 0.249377
18.72 -0.00410233 -0.248944 0.248978
18.73 0.0119673 -0.248288 0.248576
18.74 0.0279378 -0.246595 0.248173
18.75 0.0437418 -0.243874 0.247766
18.76 0.0593135 -0.240141 0.247357
18.77 0.0745872 -0.235412 0.246946
18.78 0.0895003 -0.229712 0.246532
18.79 0.10399 -0.223068 0.246116
18.8 0.117997 -0.215509 0.245698
18.81 0.131463 -0.207069 0.245276
18.82 0.144334 -0.197789 0.244853
18.83 0.156556 -0.187709 0.244427
18.84 0.16808 -0.176874 0.243999
18.85 0.178859 -0.165332 0.243568
18.86 0.18885 -0.153134 0.243135
18.87 0.198013 -0.140334 0.242699
18.88 0.206312 -0.126987 0.242261
18.89 0.213714 -0.113153 0.241821
18.9 0.220191 -0.0988902 0.241378
18.91 0.225718 -0.084261 0.240933
18.92 0.230275 -0.0693292 0.240485
18.93 0.233846 -0.0541581 0.240035
18.94 0.236417 -0.0388135 0.239582
18.95 0.237984 -0.0233608 0.239128
18.96 0.238541 -0.00786576 0.23867
18.97 0.23809 0.00760547 0.238211
18.98 0.236635 0.0229876 0.237749
18.99 0.234187 0.0382147 0.237285
19 0.230759 0.053224 0.236818
19.01 0.22637 0.0679512 0.236349
19.02 0.221041 0.0823353 0.235878
19.03 0.214798 0.0963161 0.235404
19.04 0.207671 0.109836 0.234928
19.05 0.199693 0.122838 0.234449
19.06 0.190902 0.135269 0.233969
19.07 0.181337 0.147079 0.233486
19.08 0.171044 0.158219 0.233001
19.09 0.160066 0.168645 0.232513
19.1 0.148456 0.178314 0.232024
19.11 0.136263 0.187188 0.231531
19.12 0.123542 0.195232 0.231037
19.13 0.11035 0.202415 0.230541
19.14 0.0967454 0.20871 0.230042
19.15 0.0827865 0.214093 0.229542
19.16 0.0685352 0.218544 0.229039
19.17 0.0540531 0.222049 0.228534
19.18 0.0394034 0.224596 0.228026
19.19 0.024649 0.226178 0.227517
19.2 0.00985398 0.226792 0.227005
19.21 -0.00491898 0.226439 0.226492
19.22 -0.0196062 0.225124 0.225976
19.23 -0.0341452 0.222859 0.225459
19.24 -0.0484746 0.219654 0.224939
19.25 -0.0625336 0.215529 0.224418
19.26 -0.0762634 0.210505 0.223894
19.27 -0.0896057 0.204607 0.223368
19.28 -0.102506 0.197865 0.222841
19.29 -0.11491 0.190309 0.222311
19.3 -0.126768 0.181978 0.221779
19.31 -0.13803 0.172909 0.221246
19.32 -0.14865 0.163145 0.22071
19.33 -0.158586 0.15273 0.220173
19.34 -0.167799 0.141712 0.219634
19.35 -0.176251 0.130142 0.219092
19.36 -0.18391 0.118072 0.218549
19.37 -0.190746 0.105554 0.218004
19.38 -0.196734 0.0926468 0.217458
19.39 -0.201852 0.0794055 0.216909
19.4 -0.206082 0.06589 0.216359
19.41 -0.209409 0.0521586 0.215807
19.42 -0.211823 0.0382725 0.215253
19.43 -0.213318 0.0242912 0.214697
19.44 -0.213893 0.0102763 0.214139
19.45 -0.213548 -0.00371227 0.21358
19.46 -0.21229 -0.0176139 0.213019
19.47 -0.210128 -0.0313694 0.212457
19.48 -0.207076 -0.0449193 0.211892
19.49 -0.203152 -0.0582072 0.211326
19.5 -0.198376 -0.0711762 0.210758
19.51 -0.192773 -0.0837719 0.210189
19.52 -0.186372 -0.095942 0.209617
19.53 -0.179204 -0.107635 0.209044
19.54 -0.171304 -0.118804 0.20847
19.55 -0.16271 -0.129403 0.207893
19.56 -0.153462 -0.139388 0.207315
19.57 -0.143604 -0.148719 0.206735
19.58 -0.133181 -0.15736 0.206154
19.59 -0.122242 -0.165276 0.205571
19.6 -0.110836 -0.172437 0.204986
19.61 -0.0990161 -0.178815 0.204399
19.62 -0.0868351 -0.184387 0.203811
19.63 -0.0743477 -0.189133 0.203221
19.64 -0.0616104 -0.193036 0.20263
19.65 -0.0486786 -0.196084 0.202036
19.66 -0.0356109 -0.198269 0.201441
19.67 -0.0224638 -0.199585 0.200845
19.68 -0.00929587 -0.200031 0.200247
19.69 0.00383635 -0.19961 0.199647
19.7 0.0168751 -0.198329 0.199046
19.71 0.0297649 -0.196198 0.198443
19.72 0.0424496 -0.19323 0.197838
19.73 0.0548753 -0.189444 0.197232
19.74 0.0669893 -0.18486 0.196623
19.75 0.0787406 -0.179503 0.196014
19.76 0.0900794 -0.173401 0.195402
19.77 0.100959 -0.166585 0.19479
19.78 0.111335 -0.159087 0.194175
19.79 0.121163 -0.150946 0.193559
19.8 0.130406 -0.1422 0.192942
19.81 0.139024 -0.132892 0.192323
19.82 0.146985 -0.123065 0.191702
19.83 0.154258 -0.112765 0.19108
19.84 0.160814 -0.102041 0.190456
19.85 0.166629 -0.090941 0.18983
19.86 0.171683 -0.0795173 0.189204
19.87 0.175957 -0.0678212 0.188575
19.88 0.179438 -0.0559061 0.187946
19.89 0.182115 -0.0438254 0.187314
19.9 0.183982 -0.0316333 0.186682
19.91 0.185035 -0.0193836 0.186048
19.92 0.185275 -0.00713129 0.185413
19.93 0.184706 0.005071 0.184776
19.94 0.183335 0.0171685 0.184138
19.95 0.181175 0.02911 0.183498
19.96 0.178238 0.0408429 0.182857
19.97 0.174543 0.0523176 0.182215
19.98 0.170112 0.0634848 0.181572
19.99 0.164968 0.074298 0.180927
20 0.15914 0.0847111 0.180281
20.01 0.152656 0.0946813 0.179634
20.02 0.145551 0.104167 0.178986
20.03 0.13786 0.113131 0.178337
20.04 0.12962 0.121536 0.177686
20.05 0.120872 0.129349 0.177035
20.06 0.111657 0.13654 0.176382
20.07 0.10202 0.143081 0.175728
20.08 0.0920059 0.148948 0.175073
20.09 0.0816619 0.154118 0.174416
20.1 0.071036 0.158576 0.17376
20.11 0.0601768 0.162305 0.173101
20.12 0.0491342 0.165294 0.172442
20.13 0.0379583 0.167536 0.171782
20.14 0.0266998 0.169026 0.171121
20.15 0.0154087 0.169761 0.170459
20.16 0.00413572 0.169746 0.169796
20.17 -0.0070699 0.168985 0.169132
20.18 -0.0181582 0.167486 0.168468
20.19 -0.0290817 0.165263 0.167802
20.2 -0.0397921 0.16233 0.167136
20.21 -0.0502448 0.158705 0.166468
20.22 -0.0603936 0.154409 0.1658
20.23 -0.0701972 0.149468 0.165131
20.24 -0.0796137 0.143907 0.164461
20.25 -0.0886045 0.137756 0.163791
20.26 -0.0971328 0.131046 0.163119
20.27 -0.105164 0.123813 0.162447
20.28 -0.112667 0.116091 0.161774
20.29 -0.119611 0.10792 0.161101
20.3 -0.12597 0.0993387 0.160426
20.31 -0.13172 0.0903893 0.159751
20.32 -0.136841 0.0811137 0.159075
20.33 -0.141315 0.071557 0.158399
20.34 -0.145126 0.0617628 0.157722
20.35 -0.148262 0.051778 0.157044
20.36 -0.150717 0.0416478 0.156366
20.37 -0.152483 0.0314189 0.155686
20.38 -0.153559 0.0211383 0.155007
20.39 -0.153944 0.0108517 0.154326
20.4 -0.153644 0.000605555 0.153645
20.41 -0.152665 -0.00955479 0.152964
20.42 -0.151017 -0.019584 0.152281
20.43 -0.148713 -0.0294389 0.151599
20.44 -0.145769 -0.0390759 0.150915
20.45 -0.142203 -0.0484547 0.150231
20.46 -0.138036 -0.0575342 0.149547
20.47 -0.133293 -0.0662771 0.148862
20.48 -0.128 -0.0746461 0.148176
20.49 -0.122185 -0.0826079 0.14749
20.5 -0.115879 -0.0901289 0.146803
20.51 -0.109115 -0.09718 0.146116
20.52 -0.101926 -0.103733 0.145428
20.53 -0.094349 -0.109764 0.14474
20.54 -0.0864217 -0.115248 0.144052
20.55 -0.0781833 -0.120167 0.143363
20.56 -0.069673 -0.124504 0.142673
20.57 -0.0609324 -0.128244 0.141983
20.58 -0.0520023 -0.131375 0.141293
20.59 -0.0429257 -0.133889 0.140602
20.6 -0.0337438 -0.135781 0.139911
20.61 -0.0245001 -0.137047 0.13922
20.62 -0.0152361 -0.137688 0.138529
20.63 -0.00599479 -0.137706 0.137836
20.64 0.00318251 -0.137108 0.137145
20.65 0.0122554 -0.1359 0.136452
20.66 0.0211829 -0.134097 0.135759
20.67 0.0299266 -0.131709 0.135067
20.68 0.0384479 -0.128756 0.134374
20.69 0.046711 -0.125254 0.13368
20.7 0.0546803 -0.121225 0.132987
20.71 0.062323 -0.116694 0.132294
20.72 0.0696069 -0.111684 0.1316
20.73 0.0765034 -0.106225 0.130907
20.74 0.0829839 -0.100345 0.130213
20.75 0.089024 -0.0940742 0.129519
20.76 0.0945997 -0.0874462 0.128825
20.77 0.0996913 -0.080495 0.128132
20.78 0.10428 -0.0732544 0.127438
20.79 0.108349 -0.0657618 0.126745
20.8 0.111888 -0.0580525 0.126051
20.81 0.114883 -0.0501651 0.125358
20.82 0.117328 -0.0421366 0.124665
20.83 0.119217 -0.0340058 0.123972
20.84 0.120548 -0.0258102 0.12328
20.85 0.121319 -0.0175887 0.122587
20.86 0.121534 -0.00937821 0.121896
20.87 0.121198 -0.0012169 0.121204
20.88 0.120317 0.00685877 0.120513
20.89 0.118902 0.0148125 0.119821
20.9 0.116966 0.0226095 0.119131
20.91 0.114522 0.0302158 0.118441
20.92 0.111587 0.0375979 0.117751
20.93 0.108181 0.0447258 0.117062
20.94 0.104324 0.0515682 0.116373
20.95 0.100038 0.058098 0.115685
20.96 0.095349 0.0642879 0.114997
20.97 0.0902822 0.0701139 0.11431
20.98 0.0848654 0.0755528 0.113624
20.99 0.0791272 0.0805847 0.112938
21 0.0730976 0.0851902 0.112252
21.01 0.0668082 0.089354 0.111568
21.02 0.0602902 0.0930611 0.110884
21.03 0.0535772 0.0963005 0.110201
21.04 0.0467014 0.099062 0.109518
21.05 0.0396974 0.101339 0.108837
21.06 0.0325977 0.103127 0.108156
21.07 0.0254377 0.104422 0.107476
21.08 0.0182498 0.105226 0.106797
21.09 0.0110684 0.10554 0.106118
21.1 0.0039262 0.105368 0.105441
21.11 -0.00314408 0.104717 0.104764
21.12 -0.0101109 0.103596 0.104089
21.13 -0.0169426 0.102016 0.103413
21.14 -0.02361 0.09999 0.10274
21.15 -0.0300838 0.097532 0.102066
21.16 -0.0363362 0.0946599 0.101394
21.17 -0.0423413 0.0913911 0.100723
21.18 -0.0480739 0.0877467 0.100053
21.19 -0.0535116 0.0837475 0.0993838
21.2 -0.0586317 0.0794171 0.0987155
21.21 -0.0634157 0.0747794 0.0980485
21.22 -0.0678442 0.0698602 0.0973821
21.23 -0.0719023 0.0646861 0.0967173
21.24 -0.0755752 0.0592841 0.0960532
21.25 -0.0788511 0.0536826 0.0953903
21.26 -0.0817194 0.0479104 0.0947283
21.27 -0.0841729 0.0419966 0.094068
21.28 -0.0862046 0.0359702 0.0934082
21.29 -0.0878114 0.0298619 0.0927501
21.3 -0.0889908 0.0237002 0.0920927
21.31 -0.0897434 0.0175158 0.0914368
21.32 -0.0900716 0.0113367 0.0907822
21.33 -0.0899789 0.00519288 0.0901286
21.34 -0.0894722 -0.000888202 0.0894766
21.35 -0.0885585 -0.00687805 0.0888252
21.36 -0.0872491 -0.0127505 0.0881759
21.37 -0.0855543 -0.0184794 0.0875273
21.38 -0.0834883 -0.0240393 0.0868803
21.39 -0.0810656 -0.0294071 0.0862346
21.4 -0.0783029 -0.03456 0.0855905
21.41 -0.0752173 -0.0394768 0.0849474
21.42 -0.0718291 -0.0441374 0.0843062
21.43 -0.0681573 -0.0485241 0.0836661
21.44 -0.0642245 -0.0526193 0.0830275
21.45 -0.0600521 -0.056409 0.0823907
21.46 -0.0556637 -0.0598785 0.081755
21.47 -0.0510834 -0.0630172 0.0811214
21.48 -0.0463351 -0.0658141 0.0804888
21.49 -0.0414444 -0.0682622 0.0798584
21.5 -0.0364357 -0.0703539 0.079229
21.51 -0.0313357 -0.0720854 0.0786017
21.52 -0.0261689 -0.0734538 0.0779761
21.53 -0.0209613 -0.074458 0.0773522
21.54 -0.0157378 -0.0750986 0.0767299
21.55 -0.0105241 -0.0753786 0.0761097
21.56 -0.00534385 -0.0753017 0.0754911
21.57 -0.000222317 -0.074874 0.0748743
21.58 0.00481843 -0.0741032 0.0742596
21.59 0.00975435 -0.0729975 0.0736464
21.6 0.0145645 -0.0715686 0.0730356
21.61 0.0192276 -0.0698273 0.0724262
21.62 0.0237239 -0.0677878 0.0718193
21.63 0.0280346 -0.0654634 0.0712137
21.64 0.0321418 -0.0628712 0.0706107
21.65 0.0360298 -0.0600266 0.0700096
21.66 0.039683 -0.056948 0.0694105
21.67 0.0430883 -0.0536535 0.0688135
21.68 0.0462329 -0.0501628 0.0682187
21.69 0.0491064 -0.0464953 0.0676258
21.7 0.0516992 -0.042672 0.0670352
21.71 0.0540044 -0.0387132 0.0664469
21.72 0.0560143 -0.0346407 0.0658603
21.73 0.0577258 -0.0304759 0.0652767
21.74 0.0591345 -0.0262396 0.0646947
21.75 0.0602395 -0.0219543 0.0641154
21.76 0.0610401 -0.0176405 0.063538
21.77 0.0615382 -0.0133204 0.0629634
21.78 0.0617362 -0.00901385 0.0623908
21.79 0.0616385 -0.00474215 0.0618206
21.8 0.0612507 -0.000524589 0.0612529
21.81 0.0605795 0.00361889 0.0606875
21.82 0.0596333 0.00767016 0.0601245
21.83 0.0584213 0.0116106 0.0595639
21.84 0.0569542 0.015424 0.0590058
21.85 0.0552433 0.0190931 0.0584497
21.86 0.053302 0.0226039 0.0578968
21.87 0.0511425 0.0259416 0.0573456
21.88 0.0487805 0.029093 0.0567974
21.89 0.0462301 0.0320467 0.0562514
21.9 0.0435079 0.0347913 0.055708
21.91 0.0406294 0.0373182 0.055167
21.92 0.0376122 0.039618 0.0546284
21.93 0.0344731 0.0416848 0.0540926
21.94 0.0312297 0.0435118 0.053559
21.95 0.0278999 0.0450954 0.0530283
21.96 0.0245012 0.0464318 0.0524997
21.97 0.0210518 0.0475197 0.051974
21.98 0.0175696 0.0483578 0.0514506
21.99 0.0140721 0.0489477 0.0509304
22 0.0105761 0.0492901 0.050412
22.01 0.00709986 0.049389 0.0498967
22.02 0.00365875 0.0492481 0.0493838
22.03 0.000270248 0.0488727 0.0488735
22.04 -0.00305119 0.0482696 0.0483659
22.05 -0.00628952 0.0474456 0.0478606
22.06 -0.00943132 0.0464098 0.0473584
22.07 -0.0124624 0.0451708 0.0468584
22.08 -0.0153703 0.0437394 0.0463614
22.09 -0.018143 0.0421257 0.0458666
22.1 -0.0207696 0.0403423 0.0453748
22.11 -0.0232398 0.0384007 0.0448855
22.12 -0.0255452 0.0363144 0.0443992
22.13 -0.0276772 0.0340956 0.0439151
22.14 -0.0296286 0.0317595 0.0434341
22.15 -0.0313944 0.0293188 0.0429557
22.16 -0.0329683 0.0267886 0.0424798
22.17 -0.0343479 0.024183 0.0420071
22.18 -0.0355291 0.0215167 0.0415366
22.19 -0.0365116 0.0188044 0.0410695
22.2 -0.0372935 0.0160604 0.0406047
22.21 -0.0378761 0.0132991 0.0401431
22.22 -0.0382601 0.0105344 0.0396839
22.23 -0.0384485 0.00778095 0.0392279
22.24 -0.0384442 0.00505147 0.0387746
22.25 -0.0382518 0.00235958 0.0383245
22.26 -0.0378758 -0.000282528 0.0378768
22.27 -0.0373228 -0.00286198 0.0374324
22.28 -0.0365993 -0.00536835 0.0369909
22.29 -0.0357124 -0.00778929 0.0365519
22.3 -0.0346708 -0.0101158 0.0361164
22.31 -0.0334826 -0.0123375 0.0356833
22.32 -0.0321581 -0.014446 0.0352538
22.33 -0.030706 -0.0164332 0.0348268
22.34 -0.0291373 -0.018292 0.0344032
22.35 -0.027462 -0.0200157 0.0339822
22.36 -0.0256917 -0.0215988 0.0335645
22.37 -0.023837 -0.023037 0.0331498
22.38 -0.0219097 -0.0243259 0.0327381
22.39 -0.0199207 -0.0254628 0.0323294
22.4 -0.0178823 -0.0264454 0.0319239
22.41 -0.0158051 -0.0272728 0.0315215
22.42 -0.0137014 -0.0279436 0.0311219
22.43 -0.0115819 -0.0284594 0.0307258
22.44 -0.00945791 -0.02882 0.0303323
22.45 -0.00734088 -0.0290287 0.0299425
22.46 -0.00524031 -0.0290872 0.0295555
22.47 -0.0031674 -0.0289992 0.0291716
22.48 -0.00113142 -0.0287685 0.0287907
22.49 0.00085758 -0.0284003 0.0284132
22.5 0.0027913 -0.0278994 0.0280387
22.51 0.00466047 -0.0272718 0.0276671
22.52 0.00645794 -0.026524 0.0272989
22.53 0.00817555 -0.0256628 0.0269336
22.54 0.00980733 -0.0246955 0.0265716
22.55 0.0113462 -0.0236295 0.0262124
22.56 0.0127875 -0.0224733 0.0258567
22.57 0.0141256 -0.0212343 0.0255035
22.58 0.0153567 -0.0199224 0.0251541
22.59 0.0164774 -0.0185446 0.0248074
22.6 0.0174841 -0.0171109 0.0244638
22.61 0.0183753 -0.0156295 0.0241233
22.62 0.0191489 -0.0141098 0.0237859
22.63 0.0198044 -0.0125602 0.0234515
22.64 0.020341 -0.0109898 0.02312
22.65 0.02076 -0.00940724 0.0227919
22.66 0.0210613 -0.00782109 0.0224665
22.67 0.0212474 -0.0062396 0.0221446
22.68 0.0213196 -0.00467081 0.0218252
22.69 0.0212814 -0.00312277 0.0215093
22.7 0.0211353 -0.00160264 0.021196
22.71 0.0208859 -0.000118332 0.0208862
22.72 0.0205364 0.00132476 0.0205791
22.73 0.0200917 0.00271865 0.0202748
22.74 0.0195572 0.00405866 0.0199739
22.75 0.0189375 0.00533841 0.0196756
22.76 0.0182388 0.00655338 0.0193804
22.77 0.0174666 0.00769855 0.019088
22.78 0.0166276 0.00877028 0.0187988
22.79 0.0157274 0.00976469 0.0185122
22.8 0.0147733 0.0106791 0.0182289
22.81 0.013771 0.0115105 0.017948
22.82 0.012728 0.0122572 0.0176704
22.83 0.0116505 0.0129176 0.0173954
22.84 0.0105459 0.0134906 0.0171235
22.85 0.00941976 0.0139763 0.0168543
22.86 0.00827995 0.0143735 0.0165878
22.87 0.00713226 0.0146842 0.0163247
22.88 0.0059831 0.014908 0.0160638
22.89 0.00483894 0.0150473 0.0158062
22.9 0.00370549 0.0151032 0.0155511
22.91 0.00258875 0.0150786 0.0152992
22.92 0.00149398 0.0149755 0.0150499
22.93 0.000426533 0.0147975 0.0148036
22.94 -0.000609097 0.0145471 0.0145598
22.95 -0.00160759 0.0142286 0.0143191
22.96 -0.0025654 0.0138454 0.0140811
22.97 -0.00347809 0.0134019 0.0138459
22.98 -0.00434289 0.0129021 0.0136134
22.99 -0.0051555 0.0123506 0.0133835
23 -0.00591452 0.0117525 0.0131569
23.01 -0.0066165 0.0111116 0.0129323
23.02 -0.00725994 0.0104337 0.012711
23.03 -0.00784322 0.00972298 0.0124921
23.04 -0.00836494 0.00898502 0.0122761
23.05 -0.00882454 0.0082242 0.0120627
23.06 -0.00922147 0.00744572 0.0118522
23.07 -0.00955562 0.00665398 0.0116441
23.08 -0.00982699 0.00585458 0.0114388
23.09 -0.0100368 0.00505129 0.0112362
23.1 -0.0101853 0.00424921 0.0110361
23.11 -0.0102744 0.00345229 0.0108389
23.12 -0.0103049 0.0026651 0.0106439
23.13 -0.0102797 0.00189148 0.0104523
23.14 -0.0101995 0.00113486 0.0102624
23.15 -0.0100678 0.000399516 0.0100757
23.16 -0.00988646 -0.000312136 0.00989139
23.17 -0.00965841 -0.000995983 0.00970963
23.18 -0.00938665 -0.00165021 0.0095306
23.19 -0.00907387 -0.00227169 0.00935391
23.2 -0.00872335 -0.0028584 0.00917972
23.21 -0.00833844 -0.0034078 0.00900792
23.22 -0.00792259 -0.00391901 0.00883889
23.23 -0.00747879 -0.00438969 0.00867189
23.24 -0.00701108 -0.00481933 0.00850771
23.25 -0.00652234 -0.00520656 0.00834561
23.26 -0.00601668 -0.00555113 0.0081863
23.27 -0.0054965 -0.00585246 0.00802887
23.28 -0.0049665 -0.00611036 0.00787418
23.29 -0.00442886 -0.00632525 0.00772163
23.3 -0.00388774 -0.00649689 0.00757127
23.31 -0.00334574 -0.00662688 0.00742358
23.32 -0.00280593 -0.00671508 0.00727774
23.33 -0.00227154 -0.00676304 0.00713432
23.34 -0.00174537 -0.00677169 0.006993
23.35 -0.00122981 -0.00674287 0.0068541
23.36 -0.000727496 -0.00667744 0.00671696
23.37 -0.000240903 -0.00657806 0.00658247
23.38 0.000228088 -0.00644573 0.00644976
23.39 0.000677145 -0.00628304 0.00631942
23.4 0.00110511 -0.00609153 0.00619096
23.41 0.00150937 -0.00587373 0.00606457
23.42 0.00188957 -0.00563167 0.00594021
23.43 0.00224339 -0.00536774 0.00581768
23.44 0.00257088 -0.00508458 0.00569758
23.45 0.00287048 -0.00478378 0.00557891
23.46 0.00314162 -0.00446859 0.00546243
23.47 0.00338399 -0.00414088 0.00534773
23.48 0.0035974 -0.00380322 0.00523505
23.49 0.00378145 -0.00345777 0.00512402
23.5 0.00393652 -0.00310735 0.00501516
23.51 0.00406265 -0.00275338 0.00490778
23.52 0.00416037 -0.00239884 0.00480241
23.53 0.00423038 -0.00204508 0.00469878
23.54 0.00427283 -0.00169482 0.00459669
23.55 0.0042893 -0.00134953 0.00449659
23.56 0.00427998 -0.00101145 0.00439787
23.57 0.00424695 -0.000681846 0.00430134
23.58 0.00419036 -0.000362335 0.004206
23.59 0.0041122 -5.497e-05 0.00411257
23.6 0.00401357 0.000239714 0.00402072
23.61 0.00389596 0.000519985 0.00393051
23.62 0.00376075 0.000784979 0.0038418
23.63 0.00360977 0.00103359 0.00375483
23.64 0.00344419 0.00126542 0.0036693
23.65 0.00326605 0.0014792 0.00358541
23.66 0.00307663 0.00167518 0.00350312
23.67 0.00287744 0.00185201 0.00342193
23.68 0.00267066 0.00201017 0.00334263
23.69 0.00245721 0.0021491 0.00326443
23.7 0.00223942 0.00226933 0.00318824
23.71 0.00201789 0.00237037 0.00311296
23.72 0.00179505 0.00245256 0.00303929
23.73 0.00157157 0.00251676 0.00296714
23.74 0.00134929 0.00256264 0.00289615
23.75 0.00112934 0.00259132 0.00282672
23.76 0.000913092 0.00260305 0.00275855
23.77 0.000701454 0.00259876 0.00269176
23.78 0.000495862 0.00257899 0.00262623
23.79 0.000296815 0.00254501 0.00256226
23.8 0.000105658 0.00249683 0.00249907
23.81 -7.67191e-05 0.00243642 0.00243763
23.82 -0.00025014 0.00236404 0.00237724
23.83 -0.000413331 0.0022812 0.00231834
23.84 -0.000566456 0.00218827 0.00226039
23.85 -0.000708302 0.00208684 0.00220377
23.86 -0.000839327 0.00197781 0.00214854
23.87 -0.000958477 0.00186188 0.0020941
23.88 -0.0010661 0.00174064 0.00204118
23.89 -0.00116179 0.00161452 0.00198908
23.9 -0.00124573 0.001485 0.00193832
23.91 -0.00131782 0.00135288 0.00188863
23.92 -0.00137841 0.00121908 0.00184016
23.93 -0.00142712 0.00108424 0.00179227
23.94 -0.00146476 0.000950035 0.00174588
23.95 -0.00149163 0.000816384 0.00170043
23.96 -0.0015077 0.000684793 0.00165593
23.97 -0.00151388 0.000555354 0.00161253
23.98 -0.00151007 0.00042938 0.00156993
23.99 -0.00149738 0.000307027 0.00152853
24 -0.00147571 0.000189097 0.00148777
24.01 -0.00144621 7.625e-05 0.00144822
24.02 -0.00140897 -3.14414e-05 0.00140932
24.03 -0.00136508 -0.000133041 0.00137155
24.04 -0.00131488 -0.000228622 0.00133461
24.05 -0.00125903 -0.000317863 0.00129853
24.06 -0.00119794 -0.000400351 0.00126307
24.07 -0.00113295 -0.000475761 0.00122879
24.08 -0.00106403 -0.000544544 0.00119528
24.09 -0.000991999 -0.000605857 0.00116238
24.1 -0.000917558 -0.000660447 0.00113053
24.11 -0.000841009 -0.000707585 0.00109908
24.12 -0.000763427 -0.000747921 0.00106874
24.13 -0.000684868 -0.000781066 0.0010388
24.14 -0.000606312 -0.000807412 0.00100972
24.15 -0.000527857 -0.000827179 0.000981253
24.16 -0.000450602 -0.000840333 0.00095352
24.17 -0.000374399 -0.000847545 0.000926556
24.18 -0.000299904 -0.000848715 0.000900144
24.19 -0.000227563 -0.000844111 0.000874247
24.2 -0.000157998 -0.000834292 0.000849121
24.21 -9.09238e-05 -0.000819623 0.000824651
24.22 -2.72221e-05 -0.000800061 0.000800524
24.23 3.32184e-05 -0.000776659 0.000777369
24.24 9.00251e-05 -0.000748979 0.00075437
24.25 0.000142753 -0.000718194 0.000732244
24.26 0.000191769 -0.000684049 0.000710422
24.27 0.0002365 -0.00064743 0.000689274
24.28 0.000277168 -0.000608532 0.00066868
24.29 0.00031331 -0.000567771 0.000648481
24.3 0.00034562 -0.000525632 0.000629081
24.31 0.000373469 -0.000482103 0.000609838
24.32 0.000397134 -0.000437902 0.000591163
24.33 0.000416586 -0.000393416 0.000572992
24.34 0.000432169 -0.000348809 0.000555371
24.35 0.000443578 -0.000304353 0.000537952
24.36 0.000451469 -0.000260699 0.000521333
24.37 0.000455477 -0.000217497 0.000504742
24.38 0.000456005 -0.000175871 0.000488744
24.39 0.000453549 -0.000135184 0.000473267
24.4 0.000447771 -9.63455e-05 0.000458019
24.41 0.000439332 -5.92054e-05 0.000443303
24.42 0.000428175 -2.40073e-05 0.000428848
24.43 0.00041499 9.17404e-06 0.000415092
24.44 0.000399338 4.03237e-05 0.000401368
24.45 0.000382022 6.89402e-05 0.000388193
24.46 0.00036299 9.52221e-05 0.000375272
24.47 0.000342648 0.000119179 0.000362783
24.48 0.000321149 0.000140718 0.000350625
24.49 0.000298929 0.000159782 0.000338952
24.5 0.00027573 0.000176565 0.000327417
24.51 0.000252357 0.000190632 0.000316267
24.52 0.00022874 0.000202849 0.000305728
24.53 0.000204854 0.00021241 0.000295099
24.54 0.000181339 0.000219972 0.000285081
24.55 0.000157984 0.000225434 0.00027528
24.56 0.00013517 0.000228973 0.000265893
24.57 0.000112677 0.000230601 0.000256658
24.58 9.11531e-05 0.00023029 0.000247674
24.59 7.02408e-05 0.000228426 0.000238982
24.6 5.04121e-05 0.000225109 0.000230685
24.61 3.15755e-05 0.0002204 0.00022265
24.62 1.37855e-05 0.000214399 0.000214842
24.63 -3.0292e-06 0.000207219 0.000207241
24.64 -1.836e-05 0.000198993 0.000199839
24.65 -3.27854e-05 0.000190216 0.000193021
24.66 -4.58931e-05 0.00018025 0.000186001
24.67 -5.76037e-05 0.000169996 0.00017949
24.68 -6.83215e-05 0.000159093 0.000173143
24.69 -7.76885e-05 0.00014786 0.000167027
24.7 -8.59611e-05 0.000136285 0.00016113
24.71 -9.28377e-05 0.00012444 0.000155255
24.72 -9.87421e-05 0.000112628 0.000149784
24.73 -0.000103322 0.000100883 0.000144405
24.74 -0.000106994 8.91633e-05 0.000139276
24.75 -0.000109677 7.75504e-05 0.000134324
24.76 -0.000111342 6.61413e-05 0.000129505
24.77 -0.000111975 5.51531e-05 0.000124821
24.78 -0.000112029 4.45613e-05 0.000120566
24.79 -0.000110922 3.40816e-05 0.00011604
24.8 -0.00010921 2.44118e-05 0.000111905
24.81 -0.000106938 1.49475e-05 0.000107977
24.82 -0.000103827 6.22376e-06 0.000104013
24.83 -0.000100265 -2.07273e-06 0.000100286
24.84 -9.602e-05 -9.80021e-06 9.65188e-05
24.85 -9.14997e-05 -1.67832e-05 9.30262e-05
24.86 -8.64749e-05 -2.31461e-05 8.95189e-05
24.87 -8.13628e-05 -2.90055e-05 8.63784e-05
24.88 -7.58091e-05 -3.4235e-05 8.31809e-05
24.89 -7.00399e-05 -3.87806e-05 8.00594e-05
24.9 -6.41734e-05 -4.26389e-05 7.70474e-05
24.91 -5.82947e-05 -4.59444e-05 7.42237e-05
24.92 -5.21029e-05 -4.8759e-05 7.13593e-05
24.93 -4.62817e-05 -5.07442e-05 6.86802e-05
24.94 -4.04008e-05 -5.24448e-05 6.62018e-05
24.95 -3.45223e-05 -5.33124e-05 6.35138e-05
24.96 -2.8964e-05 -5.39542e-05 6.1237e-05
24.97 -2.33752e-05 -5.4019e-05 5.88597e-05
24.98 -1.82568e-05 -5.35281e-05 5.65559e-05
24.99 -1.32651e-05 -5.27647e-05 5.44066e-05
25 -8.6051e-06 -5.16791e-05 5.23906e-05
25.01 -3.97202e-06 -5.01858e-05 5.03428e-05
25.02 2.10043e-07 -4.83602e-05 4.83606e-05
25.03 4.04019e-06 -4.62498e-05 4.6426e-05
25.04 7.6137e-06 -4.39397e-05 4.45945e-05
25.05 1.09024e-05 -4.14574e-05 4.28669e-05
25.06 1.35934e-05 -3.86909e-05 4.10093e-05
25.07 1.62269e-05 -3.59401e-05 3.94336e-05
25.08 1.83961e-05 -3.28884e-05 3.76837e-05
25.09 2.0199e-05 -3.00745e-05 3.62281e-05
25.1 2.18319e-05 -2.69754e-05 3.4703e-05
25.11 2.28294e-05 -2.39061e-05 3.30558e-05
25.12 2.37651e-05 -2.10212e-05 3.17281e-05
25.13 2.44034e-05 -1.81116e-05 3.03901e-05
25.14 2.48415e-05 -1.52523e-05 2.91502e-05
25.15 2.4785e-05 -1.25315e-05 2.77729e-05
25.16 2.45789e-05 -9.88652e-06 2.64927e-05
25.17 2.42159e-05 -7.45494e-06 2.53375e-05
25.18 2.36377e-05 -5.20195e-06 2.42034e-05
25.19 2.28566e-05 -3.02963e-06 2.30565e-05
25.2 2.2127e-05 -1.09501e-06 2.21541e-05
25.21 2.10692e-05 7.33717e-07 2.1082e-05
25.22 2.00903e-05 2.24269e-06 2.02151e-05
25.23 1.89872e-05 3.85241e-06 1.93741e-05
25.24 1.76032e-05 5.09352e-06 1.83253e-05
25.25 1.65313e-05 6.17501e-06 1.7647e-05
25.26 1.52637e-05 7.20777e-06 1.68799e-05
25.27 1.39481e-05 8.02428e-06 1.60916e-05
25.28 1.25046e-05 8.71426e-06 1.52415e-05
25.29 1.12223e-05 9.3072e-06 1.45795e-05
25.3 9.97795e-06 9.62145e-06 1.38612e-05
25.31 8.75006e-06 9.89927e-06 1.32121e-05
25.32 7.54865e-06 1.01149e-05 1.26211e-05
25.33 6.41244e-06 1.01501e-05 1.2006e-05
25.34 5.21974e-06 1.01431e-05 1.14074e-05
25.35 4.30551e-06 1.00164e-05 1.09026e-05
25.36 3.21134e-06 9.9413e-06 1.04471e-05
25.37 2.22054e-06 9.58142e-06 9.83536e-06
25.38 1.57644e-06 9.34755e-06 9.47955e-06
25.39 6.84862e-07 9.03623e-06 9.06214e-06
25.4 -3.89404e-08 8.63792e-06 8.63801e-06
25.41 -7.47474e-07 8.29143e-06 8.32505e-06
25.42 -1.25564e-06 7.85932e-06 7.95899e-06
25.43 -1.72794e-06 7.33128e-06 7.53216e-06
25.44 -2.19967e-06 6.96955e-06 7.30843e-06
25.45 -2.69318e-06 6.5341e-06 7.06737e-06
25.46 -3.1229e-06 6.03902e-06 6.79869e-06
25.47 -3.46549e-06 5.61786e-06 6.60075e-06
25.48 -3.66798e-06 5.11203e-06 6.29181e-06
25.49 -4.0818e-06 4.64585e-06 6.18425e-06
25.5 -4.20924e-06 4.084e-06 5.86487e-06
25.51 -4.25413e-06 3.70065e-06 5.63848e-06
25.52 -4.52404e-06 3.1653e-06 5.52142e-06
25.53 -4.50667e-06 2.70346e-06 5.25535e-06
25.54 -4.58416e-06 2.27411e-06 5.11723e-06
25.55 -4.47123e-06 1.7454e-06 4.79983e-06
25.56 -4.39443e-06 1.3196e-06 4.58829e-06
25.57 -4.37309e-06 1.00333e-06 4.48671e-06
25.58 -4.33163e-06 5.4649e-07 4.36597e-06
25.59 -4.14236e-06 1.6099e-07 4.14549e-06
25.6 -3.88049e-06 -1.73469e-07 3.88436e-06
25.61 -3.66294e-06 -5.97031e-07 3.71127e-06
25.62 -3.55595e-06 -8.78769e-07 3.66292e-06
25.63 -3.18907e-06 -1.17154e-06 3.39745e-06
25.64 -2.95766e-06 -1.37858e-06 3.26317e-06
25.65 -2.79989e-06 -1.66444e-06 3.25726e-06
25.66 -2.42163e-06 -1.81565e-06 3.0267e-06
25.67 -2.26803e-06 -2.00643e-06 3.02816e-06
25.68 -1.86984e-06 -2.17983e-06 2.87192e-06
25.69 -1.6257e-06 -2.19235e-06 2.72934e-06
25.7 -1.44401e-06 -2.25652e-06 2.679e-06
25.71 -1.12964e-06 -2.38753e-06 2.64128e-06
25.72 -7.41567e-07 -2.35354e-06 2.46761e-06
25.73 -4.22755e-07 -2.37044e-06 2.40785e-06
25.74 -2.29913e-07 -2.37111e-06 2.38223e-06
25.75 -3.87035e-08 -2.21132e-06 2.21166e-06
25.76 2.86705e-07 -2.14056e-06 2.15968e-06
25.77 4.25186e-07 -2.03518e-06 2.07912e-06
25.78 6.1254e-07 -1.92651e-06 2.02155e-06
25.79 8.14786e-07 -1.77042e-06 1.94891e-06
25.8 8.40646e-07 -1.66127e-06 1.86186e-06
25.81 1.12191e-06 -1.45299e-06 1.83572e-06
25.82 1.09206e-06 -1.25019e-06 1.65999e-06
25.83 1.11132e-06 -1.14996e-06 1.5992e-06
25.84 1.25349e-06 -1.00272e-06 1.60521e-06
25.85 1.2988e-06 -7.65543e-07 1.50762e-06
25.86 1.24269e-06 -6.69507e-07 1.41157e-06
25.87 1.13403e-06 -4.63712e-07 1.22517e-06
25.88 1.11197e-06 -2.75647e-07 1.14563e-06
25.89 1.156e-06 -2.53436e-07 1.18346e-06
25.9 1.08993e-06 -1.3815e-07 1.09865e-06
25.91 1.07239e-06 -6.85963e-08 1.07458e-06
25.92 9.76284e-07 -2.04237e-08 9.76497e-07
25.93 8.86284e-07 3.58988e-08 8.8701e-07
25.94 9.56724e-07 1.20862e-07 9.64328e-07
25.95 6.72374e-07 7.30501e-08 6.76331e-07
25.96 6.20826e-07 5.14911e-08 6.22958e-07
25.97 5.76754e-07 8.76402e-08 5.83374e-07
25.98 3.85601e-07 9.70211e-08 3.97619e-07
25.99 2.28044e-07 3.75881e-08 2.31121e-07
26 5.94153e-08 9.22119e-08 1.09696e-07
