0 -0.00572228 0.00366453 0.00679509
0.01 -0.0114167 0.00731931 0.0135615
0.02 -0.0170557 0.0109549 0.0202708
0.03 -0.0226116 0.0145612 0.0268945
0.04 -0.0280574 0.0181291 0.0334048
0.05 -0.0333668 0.0216489 0.0397746
0.06 -0.0385135 0.0251109 0.0459766
0.07 -0.0434726 0.028506 0.0519852
0.08 -0.0482198 0.031825 0.0577753
0.09 -0.0527316 0.0350585 0.0633223
0.1 -0.0569858 0.0381978 0.0686036
0.11 -0.0609616 0.0412341 0.0735973
0.12 -0.0646389 0.0441585 0.0782826
0.13 -0.0679996 0.0469628 0.0826404
0.14 -0.0710266 0.0496387 0.0866532
0.15 -0.0737047 0.0521781 0.0903047
0.16 -0.0760202 0.0545736 0.0935807
0.17 -0.0779608 0.0568174 0.0964682
0.18 -0.0795165 0.0589027 0.0989565
0.19 -0.0806786 0.0608223 0.101037
0.2 -0.0814405 0.0625699 0.102701
0.21 -0.0817973 0.0641393 0.103945
0.22 -0.0817464 0.0655247 0.104766
0.23 -0.0812864 0.0667206 0.105162
0.24 -0.0804185 0.0677221 0.105135
0.25 -0.0791455 0.0685248 0.104688
0.26 -0.0774721 0.0691244 0.103827
0.27 -0.0754049 0.0695174 0.10256
0.28 -0.0729525 0.0697006 0.100897
0.29 -0.0701251 0.0696714 0.0988516
0.3 -0.066935 0.0694278 0.0964392
0.31 -0.063396 0.0689681 0.0936784
0.32 -0.0595236 0.0682915 0.0905914
0.33 -0.0553351 0.0673975 0.0872032
0.34 -0.0508489 0.0662862 0.0835432
0.35 -0.0460854 0.0649588 0.0796461
0.36 -0.041066 0.0634164 0.0755516
0.37 -0.0358133 0.0616611 0.0713069
0.38 -0.0303516 0.0596957 0.0669686
0.39 -0.0247056 0.0575236 0.0626046
0.4 -0.0189014 0.0551486 0.0582978
0.41 -0.0129657 0.0525758 0.0541509
0.42 -0.00692609 0.0498102 0.0502895
0.43 -0.000810589 0.046858 0.0468651
0.44 0.00535223 0.0437259 0.0440523
0.45 0.0115334 0.0404212 0.0420344
0.46 0.0177038 0.0369519 0.040974
0.47 0.0238343 0.0333267 0.0409725
0.48 0.0298958 0.0295547 0.0420385
0.49 0.0358591 0.0256462 0.0440863
0.5 0.0416958 0.0216114 0.0469637
0.51 0.0473777 0.0174615 0.0504931
0.52 0.052877 0.0132082 0.0545017
0.53 0.0581671 0.00886376 0.0588385
0.54 0.0632217 0.00444065 0.0633774
0.55 0.0680157 -4.74959e-05 0.0680157
0.56 0.0725252 -0.00458734 0.0726701
0.57 0.0767272 -0.00916472 0.0772726
0.58 0.0806001 -0.013765 0.0817671
0.59 0.0841238 -0.0183736 0.086107
0.6 0.0872797 -0.0229752 0.090253
0.61 0.0900504 -0.0275547 0.0941718
0.62 0.0924207 -0.0320963 0.0978353
0.63 0.0943767 -0.0365842 0.101219
0.64 0.0959066 -0.041003 0.104304
0.65 0.0970003 -0.0453364 0.107072
0.66 0.0976497 -0.0495686 0.10951
0.67 0.0978489 -0.0536839 0.111608
0.68 0.0975934 -0.0576665 0.113357
0.69 0.0968812 -0.0615007 0.114753
0.7 0.0957124 -0.0651714 0.115794
0.71 0.0940888 -0.0686636 0.116479
0.72 0.0920146 -0.0719624 0.116813
0.73 0.0894958 -0.0750539 0.116801
0.74 0.0865407 -0.0779239 0.116453
0.75 0.0831593 -0.0805594 0.115781
0.76 0.0793639 -0.0829476 0.1148
0.77 0.0751684 -0.0850765 0.113527
0.78 0.0705889 -0.0869351 0.111984
0.79 0.0656431 -0.0885124 0.110197
0.8 0.0603504 -0.0897989 0.108194
0.81 0.0547322 -0.0907859 0.106008
0.82 0.0488111 -0.0914652 0.103675
0.83 0.0426114 -0.0918299 0.101235
0.84 0.0361588 -0.0918742 0.0987336
0.85 0.0294802 -0.0915931 0.0962204
0.86 0.0226036 -0.0909826 0.0937484
0.87 0.0155582 -0.0900405 0.0913748
0.88 0.00837425 -0.088765 0.0891591
0.89 0.00108247 -0.0871559 0.0871626
0.9 -0.00628547 -0.0852139 0.0854454
0.91 -0.0136975 -0.0829413 0.0840648
0.92 -0.021121 -0.0803417 0.0830716
0.93 -0.0285232 -0.0774193 0.0825065
0.94 -0.0358714 -0.0741803 0.0823982
0.95 -0.0431323 -0.0706319 0.0827602
0.96 -0.0502735 -0.0667823 0.0835901
0.97 -0.0572625 -0.0626414 0.0848701
0.98 -0.0640673 -0.0582201 0.086569
0.99 -0.0706565 -0.0535305 0.0886445
1 -0.0769994 -0.0485858 0.0910467
1.01 -0.0830664 -0.0434008 0.0937212
1.02 -0.0888286 -0.0379908 0.0966117
1.03 -0.0942583 -0.0323727 0.0996626
1.04 -0.0993292 -0.0265643 0.10282
1.05 -0.104016 -0.0205841 0.106033
1.06 -0.108296 -0.014452 0.109256
1.07 -0.112146 -0.00818816 0.112444
1.08 -0.115547 -0.00181436 0.115561
1.09 -0.118479 0.00464753 0.11857
1.1 -0.120927 0.0111749 0.121443
1.11 -0.122876 0.0177442 0.124151
1.12 -0.124314 0.0243315 0.126672
1.13 -0.125229 0.030913 0.128988
1.14 -0.125614 0.0374638 0.131082
1.15 -0.125463 0.043959 0.132941
1.16 -0.124771 0.0503739 0.134556
1.17 -0.123538 0.0566833 0.135922
1.18 -0.121765 0.0628622 0.137034
1.19 -0.119453 0.0688858 0.137892
1.2 -0.11661 0.0747294 0.1385
1.21 -0.113242 0.0803689 0.138863
1.22 -0.109359 0.0857802 0.138988
1.23 -0.104974 0.0909402 0.138887
1.24 -0.100102 0.0958264 0.138575
1.25 -0.0947583 0.100416 0.138067
1.26 -0.0889625 0.104689 0.137383
1.27 -0.0827352 0.108625 0.136545
1.28 -0.0760991 0.112204 0.135576
1.29 -0.069079 0.115409 0.134504
1.3 -0.0617011 0.118223 0.133355
1.31 -0.0539937 0.120629 0.132162
1.32 -0.0459864 0.122615 0.130955
1.33 -0.0377104 0.124166 0.129766
1.34 -0.0291981 0.125272 0.12863
1.35 -0.0204833 0.125923 0.127578
1.36 -0.0116009 0.126111 0.126643
1.37 -0.00258632 0.125829 0.125855
1.38 0.00652367 0.125073 0.125243
1.39 0.015692 0.123839 0.124829
1.4 0.0248809 0.122126 0.124635
1.41 0.0340525 0.119936 0.124677
1.42 0.0431685 0.11727 0.124963
1.43 0.0521907 0.114134 0.1255
1.44 0.0610811 0.110532 0.126286
1.45 0.0698017 0.106474 0.127314
1.46 0.0783153 0.101968 0.128572
1.47 0.0865852 0.0970284 0.130044
1.48 0.0945752 0.091667 0.131709
1.49 0.10225 0.0858998 0.133544
1.5 0.109577 0.0797437 0.135522
1.51 0.116521 0.0732179 0.137616
1.52 0.123053 0.0663427 0.139798
1.53 0.129141 0.0591402 0.142039
1.54 0.134758 0.0516342 0.144311
1.55 0.139877 0.0438498 0.146589
1.56 0.144473 0.0358132 0.148845
1.57 0.148523 0.0275524 0.151057
1.58 0.152007 0.0190964 0.153202
1.59 0.154906 0.0104748 0.15526
1.6 0.157204 0.00171884 0.157213
1.61 0.158887 -0.00713961 0.159047
1.62 0.159944 -0.0160681 0.160749
1.63 0.160365 -0.0250331 0.162307
1.64 0.160144 -0.0340013 0.163713
1.65 0.159277 -0.0429382 0.164963
1.66 0.157762 -0.0518096 0.166052
1.67 0.155602 -0.0605811 0.166979
1.68 0.152799 -0.069218 0.167746
1.69 0.149361 -0.0776862 0.168357
1.7 0.145296 -0.0859517 0.168816
1.71 0.140616 -0.0939805 0.169131
1.72 0.135336 -0.10174 0.169313
1.73 0.129471 -0.109198 0.169372
1.74 0.123042 -0.116322 0.169323
1.75 0.11607 -0.123082 0.169179
1.76 0.108578 -0.129449 0.168956
1.77 0.100594 -0.135394 0.168673
1.78 0.0921442 -0.14089 0.168347
1.79 0.0832603 -0.145913 0.167997
1.8 0.0739738 -0.150438 0.167641
1.81 0.0643191 -0.154442 0.1673
1.82 0.054332 -0.157906 0.166992
1.83 0.0440494 -0.160811 0.166735
1.84 0.0335103 -0.16314 0.166546
1.85 0.0227545 -0.164879 0.166442
1.86 0.011823 -0.166016 0.166436
1.87 0.000757638 -0.16654 0.166542
1.88 -0.0103985 -0.166444 0.166768
1.89 -0.0216023 -0.165721 0.167123
1.9 -0.03281 -0.164369 0.167612
1.91 -0.0439773 -0.162387 0.168237
1.92 -0.0550601 -0.159777 0.168998
1.93 -0.0660142 -0.156541 0.169891
1.94 -0.076796 -0.152688 0.170913
1.95 -0.0873617 -0.148226 0.172055
1.96 -0.0976685 -0.143165 0.173307
1.97 -0.107675 -0.13752 0.174659
1.98 -0.117339 -0.131308 0.176097
1.99 -0.126621 -0.124545 0.177607
2 -0.135482 -0.117254 0.179175
2.01 -0.143885 -0.109456 0.180785
2.02 -0.151793 -0.101177 0.182422
2.03 -0.159174 -0.0924436 0.184071
2.04 -0.165995 -0.0832854 0.185717
2.05 -0.172226 -0.0737332 0.187345
2.06 -0.177838 -0.0638194 0.188942
2.07 -0.182806 -0.0535788 0.190496
2.08 -0.187107 -0.0430469 0.191995
2.09 -0.190719 -0.0322613 0.193429
2.1 -0.193625 -0.0212604 0.194789
2.11 -0.195809 -0.010084 0.196068
2.12 -0.197257 0.00122707 0.19726
2.13 -0.197959 0.0126315 0.198362
2.14 -0.197909 0.0240867 0.199369
2.15 -0.197101 0.0355501 0.200281
2.16 -0.195534 0.0469786 0.201098
2.17 -0.193209 0.0583285 0.201822
2.18 -0.190132 0.0695568 0.202455
2.19 -0.186308 0.0806199 0.203003
2.2 -0.181748 0.0914752 0.20347
2.21 -0.176465 0.10208 0.203863
2.22 -0.170475 0.112392 0.20419
2.23 -0.163797 0.122371 0.20446
2.24 -0.156451 0.131976 0.204682
2.25 -0.148463 0.141168 0.204865
2.26 -0.139859 0.14991 0.205021
2.27 -0.130667 0.158166 0.205159
2.28 -0.120921 0.1659 0.205292
2.29 -0.110653 0.17308 0.205428
2.3 -0.0998992 0.179675 0.205579
2.31 -0.0886983 0.185655 0.205755
2.32 -0.07709 0.190994 0.205965
2.33 -0.0651159 0.195667 0.206217
2.34 -0.0528197 0.199651 0.20652
2.35 -0.0402458 0.202927 0.206879
2.36 -0.0274404 0.205477 0.207301
2.37 -0.0144507 0.207287 0.20779
2.38 -0.00132466 0.208344 0.208348
2.39 0.0118888 0.20864 0.208978
2.4 0.0251404 0.208167 0.209679
2.41 0.0383804 0.206922 0.210452
2.42 0.0515586 0.204905 0.211292
2.43 0.0646255 0.202118 0.212198
2.44 0.077531 0.198565 0.213165
2.45 0.0902256 0.194256 0.214187
2.46 0.102661 0.1892 0.215258
2.47 0.114789 0.183411 0.21637
2.48 0.126562 0.176908 0.217518
2.49 0.137934 0.169707 0.218693
2.5 0.148862 0.161833 0.219886
2.51 0.159301 0.15331 0.22109
2.52 0.16921 0.144165 0.222296
2.53 0.178549 0.134429 0.223496
2.54 0.18728 0.124132 0.224684
2.55 0.195369 0.113312 0.225851
2.56 0.202781 0.102003 0.226991
2.57 0.209486 0.0902459 0.228098
2.58 0.215454 0.0780802 0.229166
2.59 0.220661 0.0655486 0.230191
2.6 0.225084 0.0526954 0.23117
2.61 0.228701 0.0395662 0.232098
2.62 0.231495 0.0262079 0.232974
2.63 0.233453 0.0126682 0.233797
2.64 0.234563 -0.00100377 0.234565
2.65 0.234817 -0.0147584 0.23528
2.66 0.23421 -0.0285454 0.235943
2.67 0.23274 -0.0423142 0.236555
2.68 0.230409 -0.0560141 0.23712
2.69 0.227221 -0.0695939 0.23764
2.7 0.223184 -0.0830035 0.238119
2.71 0.218309 -0.0961924 0.238562
2.72 0.21261 -0.109111 0.238973
2.73 0.206105 -0.12171 0.239359
2.74 0.198814 -0.133942 0.239724
2.75 0.19076 -0.145759 0.240073
2.76 0.18197 -0.157117 0.240414
2.77 0.172473 -0.167971 0.240751
2.78 0.162299 -0.178279 0.24109
2.79 0.151485 -0.188 0.241437
2.8 0.140066 -0.197096 0.241796
2.81 0.128082 -0.205529 0.242172
2.82 0.115575 -0.213267 0.242571
2.83 0.102588 -0.220277 0.242994
2.84 0.089166 -0.22653 0.243447
2.85 0.075357 -0.231999 0.243931
2.86 0.0612096 -0.236661 0.244449
2.87 0.0467741 -0.240495 0.245002
2.88 0.032102 -0.243483 0.24559
2.89 0.0172456 -0.245609 0.246214
2.9 0.00225859 -0.246862 0.246872
2.91 -0.0128054 -0.247234 0.247565
2.92 -0.0278915 -0.246718 0.24829
2.93 -0.0429452 -0.245314 0.249044
2.94 -0.0579117 -0.243021 0.249826
2.95 -0.0727364 -0.239844 0.25063
2.96 -0.0873648 -0.235791 0.251455
2.97 -0.101743 -0.230872 0.252296
2.98 -0.115819 -0.225101 0.253149
2.99 -0.129539 -0.218497 0.25401
3 -0.142854 -0.211078 0.254874
3.01 -0.155713 -0.202868 0.255738
3.02 -0.168068 -0.193894 0.256597
3.03 -0.179874 -0.184185 0.257447
3.04 -0.191085 -0.173773 0.258284
3.05 -0.201659 -0.162692 0.259104
3.06 -0.211556 -0.15098 0.259905
3.07 -0.220737 -0.138676 0.260684
3.08 -0.229168 -0.125823 0.261437
3.09 -0.236815 -0.112464 0.262163
3.1 -0.243649 -0.0986453 0.262861
3.11 -0.249642 -0.0844151 0.263528
3.12 -0.254769 -0.069823 0.264164
3.13 -0.259011 -0.0549196 0.264769
3.14 -0.262348 -0.0397574 0.265344
3.15 -0.264766 -0.02439 0.265887
3.16 -0.266254 -0.00887145 0.266402
3.17 -0.266803 0.00674319 0.266888
3.18 -0.266408 0.0223981 0.267348
3.19 -0.265068 0.0380379 0.267784
3.2 -0.262785 0.0536063 0.268197
3.21 -0.259565 0.0690476 0.268591
3.22 -0.255415 0.0843062 0.268969
3.23 -0.250348 0.099327 0.269333
3.24 -0.24438 0.114056 0.269686
3.25 -0.237529 0.128439 0.270031
3.26 -0.229817 0.142424 0.270371
3.27 -0.22127 0.15596 0.27071
3.28 -0.211914 0.168998 0.27105
3.29 -0.201782 0.18149 0.271394
3.3 -0.190907 0.193389 0.271744
3.31 -0.179326 0.204651 0.272103
3.32 -0.167077 0.215235 0.272472
3.33 -0.154203 0.225102 0.272854
3.34 -0.140748 0.234213 0.27325
3.35 -0.126757 0.242535 0.273661
3.36 -0.112279 0.250036 0.274088
3.37 -0.0973639 0.256686 0.274532
3.38 -0.082063 0.262461 0.274991
3.39 -0.0664294 0.267338 0.275467
3.4 -0.0505175 0.271296 0.275959
3.41 -0.0343826 0.274319 0.276465
3.42 -0.018081 0.276395 0.276985
3.43 -0.00166993 0.277513 0.277518
3.44 0.0147937 0.277667 0.27806
3.45 0.0312515 0.276854 0.278612
3.46 0.0476462 0.275074 0.27917
3.47 0.06392 0.272333 0.279734
3.48 0.0800154 0.268636 0.280299
3.49 0.0958758 0.263994 0.280865
3.5 0.111445 0.258422 0.281429
3.51 0.126669 0.251937 0.281988
3.52 0.141492 0.24456 0.282541
3.53 0.155863 0.236314 0.283086
3.54 0.16973 0.227227 0.28362
3.55 0.183044 0.217328 0.284142
3.56 0.195758 0.206651 0.28465
3.57 0.207825 0.19523 0.285142
3.58 0.219204 0.183105 0.285619
3.59 0.229853 0.170316 0.286077
3.6 0.239734 0.156907 0.286517
3.61 0.248811 0.142923 0.286939
3.62 0.257051 0.128411 0.287341
3.63 0.264425 0.113422 0.287724
3.64 0.270906 0.0980056 0.288088
3.65 0.276468 0.0822157 0.288434
3.66 0.281093 0.0661063 0.288762
3.67 0.284763 0.0497326 0.289073
3.68 0.287463 0.0331509 0.289368
3.69 0.289182 0.0164185 0.289648
3.7 0.289914 -0.000407081 0.289915
3.71 0.289655 -0.0172676 0.290169
3.72 0.288404 -0.034105 0.290414
3.73 0.286164 -0.0508607 0.290649
3.74 0.282942 -0.0674772 0.290877
3.75 0.278748 -0.0838965 0.2911
3.76 0.273595 -0.100062 0.291318
3.77 0.267499 -0.115917 0.291535
3.78 0.260481 -0.131407 0.29175
3.79 0.252563 -0.146479 0.291966
3.8 0.243772 -0.161079 0.292184
3.81 0.234138 -0.175157 0.292405
3.82 0.223692 -0.188664 0.292629
3.83 0.212469 -0.201552 0.292859
3.84 0.200508 -0.213778 0.293095
3.85 0.187848 -0.225298 0.293337
3.86 0.174533 -0.236073 0.293585
3.87 0.160606 -0.246063 0.293839
3.88 0.146116 -0.255236 0.294101
3.89 0.131111 -0.263557 0.294368
3.9 0.115643 -0.270999 0.294642
3.91 0.0997627 -0.277535 0.294921
3.92 0.0835252 -0.283141 0.295204
3.93 0.0669852 -0.287799 0.295491
3.94 0.0501989 -0.291491 0.295782
3.95 0.0332232 -0.294204 0.296074
3.96 0.0161155 -0.295928 0.296366
3.97 -0.00106574 -0.296657 0.296659
3.98 -0.0182627 -0.296387 0.29695
3.99 -0.0354167 -0.29512 0.297237
4 -0.0524697 -0.292858 0.297521
4.01 -0.0693639 -0.289609 0.297799
4.02 -0.0860423 -0.285383 0.298072
4.03 -0.102448 -0.280194 0.298336
4.04 -0.118526 -0.27406 0.298592
4.05 -0.134221 -0.267001 0.298839
4.06 -0.14948 -0.259039 0.299075
4.07 -0.164253 -0.250203 0.2993
4.08 -0.178488 -0.240522 0.299514
4.09 -0.192138 -0.230027 0.299716
4.1 -0.205157 -0.218754 0.299905
4.11 -0.217502 -0.206742 0.300082
4.12 -0.229129 -0.19403 0.300247
4.13 -0.240001 -0.180661 0.300398
4.14 -0.250082 -0.166681 0.300538
4.15 -0.259335 -0.152135 0.300666
4.16 -0.267733 -0.137073 0.300782
4.17 -0.275245 -0.121546 0.300887
4.18 -0.281847 -0.105605 0.300982
4.19 -0.287517 -0.0893048 0.301067
4.2 -0.292236 -0.0726988 0.301143
4.21 -0.295989 -0.0558434 0.301211
4.22 -0.298763 -0.0387949 0.301271
4.23 -0.30055 -0.0216102 0.301325
4.24 -0.301343 -0.00434684 0.301374
4.25 -0.30114 0.0129373 0.301418
4.26 -0.299943 0.0301849 0.301458
4.27 -0.297755 0.047338 0.301494
4.28 -0.294585 0.0643398 0.301529
4.29 -0.290443 0.0811335 0.301562
4.3 -0.285343 0.0976634 0.301594
4.31 -0.279304 0.113875 0.301626
4.32 -0.272345 0.129714 0.301658
4.33 -0.26449 0.145127 0.30169
4.34 -0.255765 0.160066 0.301723
4.35 -0.246201 0.174479 0.301758
4.36 -0.235829 0.188319 0.301793
4.37 -0.224684 0.201541 0.30183
4.38 -0.212803 0.214102 0.301869
4.39 -0.200227 0.22596 0.301908
4.4 -0.186996 0.237077 0.301949
4.41 -0.173156 0.247416 0.30199
4.42 -0.158753 0.256944 0.302031
4.43 -0.143834 0.265631 0.302072
4.44 -0.128448 0.273447 0.302113
4.45 -0.112648 0.280369 0.302152
4.46 -0.0964851 0.286373 0.30219
4.47 -0.0800129 0.291442 0.302226
4.48 -0.0632856 0.29556 0.302259
4.49 -0.0463587 0.298713 0.302289
4.5 -0.0292877 0.300892 0.302314
4.51 -0.0121286 0.302092 0.302335
4.52 0.00506211 0.302309 0.302351
4.53 0.0222282 0.301543 0.302362
4.54 0.0393137 0.299799 0.302366
4.55 0.0562626 0.297083 0.302364
4.56 0.07302 0.293405 0.302355
4.57 0.0895311 0.288779 0.302339
4.58 0.105743 0.28322 0.302316
4.59 0.121602 0.276747 0.302285
4.6 0.137058 0.269384 0.302246
4.61 0.152061 0.261155 0.302199
4.62 0.166562 0.252088 0.302145
4.63 0.180515 0.242214 0.302082
4.64 0.193877 0.231567 0.302012
4.65 0.206603 0.220181 0.301934
4.66 0.218653 0.208095 0.301848
4.67 0.22999 0.195348 0.301756
4.68 0.240578 0.181985 0.301656
4.69 0.250384 0.168048 0.301549
4.7 0.259376 0.153584 0.301437
4.71 0.267528 0.13864 0.301317
4.72 0.274814 0.123266 0.301193
4.73 0.281212 0.107511 0.301063
4.74 0.286703 0.0914285 0.300928
4.75 0.29127 0.0750694 0.300788
4.76 0.294901 0.0584876 0.300645
4.77 0.297585 0.0417369 0.300498
4.78 0.299315 0.0248714 0.300347
4.79 0.300088 0.00794575 0.300193
4.8 0.299902 -0.00898529 0.300037
4.81 0.29876 -0.0258676 0.299878
4.82 0.296668 -0.0426468 0.299717
4.83 0.293632 -0.0592692 0.299554
4.84 0.289667 -0.0756817 0.29939
4.85 0.284784 -0.0918321 0.299225
4.86 0.279003 -0.107669 0.299058
4.87 0.272344 -0.123143 0.29889
4.88 0.264828 -0.138204 0.298721
4.89 0.256482 -0.152805 0.298551
4.9 0.247335 -0.166901 0.29838
4.91 0.237417 -0.180447 0.298208
4.92 0.226762 -0.193402 0.298036
4.93 0.215404 -0.205725 0.297862
4.94 0.203382 -0.217378 0.297687
4.95 0.190736 -0.228326 0.297511
4.96 0.177506 -0.238534 0.297333
4.97 0.163737 -0.247973 0.297154
4.98 0.149473 -0.256614 0.296973
4.99 0.13476 -0.264431 0.29679
5 0.119648 -0.271401 0.296604
5.01 0.104183 -0.277504 0.296416
5.02 0.0884174 -0.282722 0.296225
5.03 0.0724004 -0.287041 0.296031
5.04 0.0561837 -0.29045 0.295834
5.05 0.0398192 -0.292939 0.295632
5.06 0.023359 -0.294502 0.295427
5.07 0.00685564 -0.295138 0.295218
5.08 -0.00963881 -0.294846 0.295004
5.09 -0.0260722 -0.29363 0.294785
5.1 -0.0423926 -0.291495 0.294561
5.11 -0.0585489 -0.28845 0.294332
5.12 -0.0744905 -0.284507 0.294098
5.13 -0.0901677 -0.279682 0.293857
5.14 -0.105531 -0.273991 0.293612
5.15 -0.120535 -0.267454 0.29336
5.16 -0.13513 -0.260094 0.293102
5.17 -0.149274 -0.251936 0.292839
5.18 -0.162923 -0.243009 0.29257
5.19 -0.176034 -0.233341 0.292294
5.2 -0.188569 -0.222966 0.292014
5.21 -0.200489 -0.211917 0.291727
5.22 -0.211758 -0.200232 0.291435
5.23 -0.222344 -0.187948 0.291139
5.24 -0.232215 -0.175106 0.290837
5.25 -0.241341 -0.161747 0.29053
5.26 -0.249697 -0.147915 0.290219
5.27 -0.257257 -0.133654 0.289905
5.28 -0.264002 -0.11901 0.289586
5.29 -0.269911 -0.10403 0.289265
5.3 -0.274969 -0.0887611 0.28894
5.31 -0.279163 -0.0732524 0.288613
5.32 -0.282481 -0.0575527 0.288284
5.33 -0.284916 -0.0417116 0.287953
5.34 -0.286464 -0.025779 0.287621
5.35 -0.287121 -0.00980484 0.287288
5.36 -0.286888 0.0061611 0.286954
5.37 -0.285769 0.0220691 0.28662
5.38 -0.283769 0.0378695 0.286285
5.39 -0.280898 0.053514 0.285951
5.4 -0.277168 0.0689538 0.285616
5.41 -0.272591 0.0841421 0.285282
5.42 -0.267186 0.0990318 0.284948
5.43 -0.26097 0.113578 0.284615
5.44 -0.253967 0.127737 0.284282
5.45 -0.2462 0.141465 0.283949
5.46 -0.237696 0.154721 0.283616
5.47 -0.228483 0.167465 0.283283
5.48 -0.218592 0.17966 0.28295
5.49 -0.208056 0.19127 0.282616
5.5 -0.19691 0.20226 0.282281
5.51 -0.185189 0.212598 0.281945
5.52 -0.172932 0.222255 0.281607
5.53 -0.160179 0.231202 0.281268
5.54 -0.14697 0.239414 0.280926
5.55 -0.133347 0.246869 0.280581
5.56 -0.119355 0.253545 0.280233
5.57 -0.105038 0.259424 0.279882
5.58 -0.0904399 0.264491 0.279526
5.59 -0.0756076 0.268733 0.279167
5.6 -0.0605873 0.27214 0.278802
5.61 -0.0454261 0.274703 0.278433
5.62 -0.030171 0.276417 0.278059
5.63 -0.0148692 0.277281 0.277679
5.64 0.000432034 0.277294 0.277295
5.65 0.0156855 0.276459 0.276904
5.66 0.0308447 0.274782 0.276508
5.67 0.0458633 0.27227 0.276106
5.68 0.0606955 0.268935 0.275699
5.69 0.0752967 0.264788 0.275286
5.7 0.0896227 0.259847 0.274868
5.71 0.103631 0.254128 0.274445
5.72 0.117278 0.247652 0.274017
5.73 0.130526 0.240441 0.273585
5.74 0.143333 0.232521 0.273149
5.75 0.155663 0.223918 0.272709
5.76 0.167479 0.21466 0.272265
5.77 0.178748 0.204779 0.271819
5.78 0.189436 0.194308 0.27137
5.79 0.199513 0.183279 0.270918
5.8 0.208951 0.17173 0.270465
5.81 0.217722 0.159697 0.270011
5.82 0.225803 0.147219 0.269556
5.83 0.233171 0.134336 0.2691
5.84 0.239806 0.12109 0.268644
5.85 0.245692 0.10752 0.268188
5.86 0.250812 0.0936716 0.267733
5.87 0.255153 0.0795865 0.267277
5.88 0.258707 0.0653093 0.266823
5.89 0.261463 0.0508843 0.266369
5.9 0.263419 0.036356 0.265916
5.91 0.264569 0.0217692 0.265463
5.92 0.264914 0.00716901 0.265011
5.93 0.264457 -0.00740036 0.26456
5.94 0.2632 -0.0218943 0.26411
5.95 0.261153 -0.036269 0.263659
5.96 0.258322 -0.0504807 0.263208
5.97 0.254721 -0.0644875 0.262757
5.98 0.250363 -0.0782465 0.262306
5.99 0.245265 -0.0917175 0.261853
6 0.239445 -0.10486 0.261399
6.01 0.232923 -0.117636 0.260943
6.02 0.225723 -0.130007 0.260485
6.03 0.217868 -0.141938 0.260025
6.04 0.209386 -0.153394 0.259561
6.05 0.200304 -0.164341 0.259094
6.06 0.190653 -0.17475 0.258624
6.07 0.180465 -0.18459 0.258149
6.08 0.169772 -0.193834 0.25767
6.09 0.158609 -0.202456 0.257187
6.1 0.147012 -0.210432 0.256699
6.11 0.135018 -0.217742 0.256206
6.12 0.122666 -0.224365 0.255708
6.13 0.109993 -0.230284 0.255204
6.14 0.0970408 -0.235485 0.254696
6.15 0.0838488 -0.239955 0.254183
6.16 0.0704584 -0.243683 0.253665
6.17 0.0569111 -0.246662 0.253142
6.18 0.0432486 -0.248885 0.252615
6.19 0.029513 -0.250349 0.252083
6.2 0.0157464 -0.251054 0.251547
6.21 0.00199023 -0.251 0.251008
6.22 -0.0117133 -0.250191 0.250465
6.23 -0.0253231 -0.248633 0.249919
6.24 -0.0387982 -0.246334 0.24937
6.25 -0.0520985 -0.243304 0.24882
6.26 -0.0651842 -0.239557 0.248267
6.27 -0.0780169 -0.235106 0.247712
6.28 -0.0905585 -0.229969 0.247157
6.29 -0.102773 -0.224164 0.2466
6.3 -0.114623 -0.217712 0.246043
6.31 -0.126077 -0.210636 0.245485
6.32 -0.1371 -0.20296 0.244927
6.33 -0.147662 -0.19471 0.244369
6.34 -0.157732 -0.185915 0.243811
6.35 -0.167283 -0.176603 0.243253
6.36 -0.176287 -0.166805 0.242696
6.37 -0.184721 -0.156554 0.242139
6.38 -0.192562 -0.145882 0.241581
6.39 -0.199788 -0.134824 0.241024
6.4 -0.206381 -0.123416 0.240467
6.41 -0.212323 -0.111693 0.23991
6.42 -0.217602 -0.0996938 0.239352
6.43 -0.222202 -0.0874546 0.238793
6.44 -0.226115 -0.0750144 0.238233
6.45 -0.229331 -0.0624117 0.237672
6.46 -0.231845 -0.0496854 0.23711
6.47 -0.233653 -0.036875 0.236545
6.48 -0.234752 -0.0240194 0.235978
6.49 -0.235144 -0.0111576 0.235408
6.5 -0.23483 0.00167086 0.234836
6.51 -0.233815 0.0144281 0.23426
6.52 -0.232107 0.0270755 0.233681
6.53 -0.229714 0.0395757 0.233098
6.54 -0.226646 0.0518913 0.232511
6.55 -0.222918 0.0639867 0.231919
6.56 -0.218543 0.075826 0.231324
6.57 -0.213539 0.0873754 0.230724
6.58 -0.207924 0.0986012 0.230119
6.59 -0.201719 0.109472 0.229509
6.6 -0.194946 0.119956 0.228895
6.61 -0.187627 0.130024 0.228277
6.62 -0.17979 0.139649 0.227653
6.63 -0.171459 0.148803 0.227026
6.64 -0.162664 0.157462 0.226394
6.65 -0.153434 0.165603 0.225757
6.66 -0.143798 0.173205 0.225117
6.67 -0.133789 0.180247 0.224473
6.68 -0.123439 0.186711 0.223826
6.69 -0.11278 0.192582 0.223176
6.7 -0.101848 0.197846 0.222522
6.71 -0.0906771 0.20249 0.221866
6.72 -0.079302 0.206505 0.221208
6.73 -0.0677583 0.209881 0.220548
6.74 -0.0560821 0.212614 0.219886
6.75 -0.0443093 0.214698 0.219223
6.76 -0.032476 0.216132 0.218558
6.77 -0.0206183 0.216915 0.217893
6.78 -0.00877231 0.21705 0.217227
6.79 0.00302693 0.216539 0.21656
6.8 0.0147436 0.215389 0.215893
6.81 0.0263432 0.213608 0.215226
6.82 0.0377915 0.211205 0.214559
6.83 0.0490551 0.208191 0.213892
6.84 0.0601013 0.20458 0.213225
6.85 0.0708983 0.200385 0.212558
6.86 0.0814153 0.195625 0.211891
6.87 0.0916226 0.190317 0.211223
6.88 0.101492 0.184481 0.210556
6.89 0.110995 0.178137 0.209888
6.9 0.120107 0.171309 0.209219
6.91 0.128803 0.164021 0.20855
6.92 0.137059 0.156297 0.20788
6.93 0.144854 0.148164 0.207208
6.94 0.152168 0.139649 0.206536
6.95 0.158982 0.130781 0.205861
6.96 0.16528 0.121588 0.205185
6.97 0.171046 0.1121 0.204507
6.98 0.176267 0.102349 0.203827
6.99 0.180932 0.0923646 0.203144
7 0.18503 0.0821793 0.202459
7.01 0.188554 0.0718246 0.201771
7.02 0.191498 0.061333 0.20108
7.03 0.193856 0.0507369 0.200386
7.04 0.195627 0.0400686 0.199688
7.05 0.196809 0.0293606 0.198987
7.06 0.197405 0.0186453 0.198283
7.07 0.197416 0.0079543 0.197576
7.08 0.196847 -0.00268 0.196865
7.09 0.195705 -0.013227 0.196151
7.1 0.193997 -0.0236558 0.195434
7.11 0.191733 -0.0339362 0.194713
7.12 0.188925 -0.0440387 0.19399
7.13 0.185585 -0.0539351 0.193263
7.14 0.181728 -0.0635972 0.192535
7.15 0.177368 -0.0729986 0.191803
7.16 0.172525 -0.0821133 0.191069
7.17 0.167215 -0.0909168 0.190333
7.18 0.161459 -0.0993856 0.189596
7.19 0.155278 -0.107497 0.188857
7.2 0.148693 -0.115231 0.188116
7.21 0.141727 -0.122567 0.187375
7.22 0.134405 -0.129488 0.186633
7.23 0.126751 -0.135975 0.18589
7.24 0.118792 -0.142015 0.185148
7.25 0.110552 -0.147592 0.184405
7.26 0.102059 -0.152696 0.183663
7.27 0.0933408 -0.157314 0.182921
7.28 0.0844247 -0.161438 0.18218
7.29 0.0753385 -0.16506 0.18144
7.3 0.066111 -0.168173 0.180701
7.31 0.0567704 -0.170774 0.179963
7.32 0.0473454 -0.17286 0.179227
7.33 0.0378644 -0.174429 0.178491
7.34 0.0283558 -0.175481 0.177757
7.35 0.0188477 -0.176019 0.177025
7.36 0.00936836 -0.176045 0.176294
7.37 -5.53495e-05 -0.175564 0.175564
7.38 -0.00939583 -0.174582 0.174835
7.39 -0.0186267 -0.173108 0.174107
7.4 -0.0277222 -0.17115 0.173381
7.41 -0.036657 -0.168719 0.172655
7.42 -0.0454066 -0.165826 0.17193
7.43 -0.0539472 -0.162484 0.171205
7.44 -0.0622564 -0.158707 0.170481
7.45 -0.0703119 -0.154512 0.169758
7.46 -0.0780932 -0.149913 0.169034
7.47 -0.0855802 -0.144929 0.16831
7.48 -0.0927544 -0.139577 0.167586
7.49 -0.0995982 -0.133877 0.166862
7.5 -0.106095 -0.127849 0.166137
7.51 -0.11223 -0.121514 0.165412
7.52 -0.117989 -0.114892 0.164686
7.53 -0.123359 -0.108006 0.16396
7.54 -0.128329 -0.100879 0.163233
7.55 -0.132889 -0.0935328 0.162505
7.56 -0.13703 -0.0859915 0.161777
7.57 -0.140745 -0.0782783 0.161048
7.58 -0.144027 -0.0704172 0.160319
7.59 -0.146872 -0.0624323 0.159591
7.6 -0.149277 -0.0543474 0.158862
7.61 -0.151238 -0.0461867 0.158134
7.62 -0.152757 -0.0379741 0.157406
7.63 -0.153832 -0.0297335 0.156679
7.64 -0.154467 -0.0214887 0.155954
7.65 -0.154663 -0.0132625 0.15523
7.66 -0.154425 -0.00507862 0.154509
7.67 -0.153759 0.00304078 0.153789
7.68 -0.152671 0.0110736 0.153072
7.69 -0.151169 0.0189979 0.152359
7.7 -0.149263 0.0267929 0.151648
7.71 -0.14696 0.0344382 0.150941
7.72 -0.144274 0.0419139 0.150239
7.73 -0.141214 0.0492011 0.14954
7.74 -0.137795 0.0562817 0.148846
7.75 -0.134029 0.0631383 0.148156
7.76 -0.129932 0.0697542 0.147472
7.77 -0.125518 0.0761139 0.146792
7.78 -0.120802 0.0822025 0.146118
7.79 -0.115802 0.0880065 0.145449
7.8 -0.110535 0.0935129 0.144785
7.81 -0.105018 0.0987098 0.144126
7.82 -0.0992683 0.103587 0.143473
7.83 -0.0933051 0.108134 0.142824
7.84 -0.0871471 0.112342 0.142181
7.85 -0.0808129 0.116204 0.141542
7.86 -0.0743222 0.119713 0.140908
7.87 -0.0676941 0.122863 0.140278
7.88 -0.0609481 0.125651 0.139653
7.89 -0.0541037 0.128072 0.139031
7.9 -0.0471807 0.130124 0.138414
7.91 -0.0401983 0.131806 0.1378
7.92 -0.033176 0.133117 0.137189
7.93 -0.0261329 0.134059 0.136582
7.94 -0.0190883 0.134632 0.135978
7.95 -0.0120607 0.134839 0.135377
7.96 -0.00506844 0.134684 0.134779
7.97 0.00187004 0.134171 0.134184
7.98 0.00873749 0.133305 0.133591
7.99 0.0155163 0.132093 0.133002
8 0.0221898 0.130543 0.132415
8.01 0.0287417 0.12866 0.131831
8.02 0.0351563 0.126455 0.131251
8.03 0.0414183 0.123936 0.130673
8.04 0.0475132 0.121113 0.1301
8.05 0.053427 0.117998 0.129529
8.06 0.0591465 0.1146 0.128963
8.07 0.0646589 0.110933 0.128401
8.08 0.0699525 0.107008 0.127844
8.09 0.0750157 0.102838 0.127291
8.1 0.0798386 0.0984373 0.126744
8.11 0.0844109 0.0938186 0.126203
8.12 0.088724 0.0889959 0.125667
8.13 0.0927692 0.0839841 0.125138
8.14 0.0965396 0.0787976 0.124615
8.15 0.100028 0.0734515 0.1241
8.16 0.103229 0.0679607 0.123591
8.17 0.106136 0.0623408 0.123091
8.18 0.108747 0.0566069 0.122598
8.19 0.111056 0.0507746 0.122113
8.2 0.113062 0.0448596 0.121636
8.21 0.114762 0.0388772 0.121168
8.22 0.116155 0.0328432 0.120709
8.23 0.117239 0.026773 0.120257
8.24 0.118017 0.0206818 0.119815
8.25 0.118487 0.0145852 0.119381
8.26 0.118652 0.00849777 0.118956
8.27 0.118514 0.00243492 0.118539
8.28 0.118076 -0.00358906 0.118131
8.29 0.117342 -0.00955943 0.117731
8.3 0.116315 -0.0154624 0.117338
8.31 0.115001 -0.0212838 0.116954
8.32 0.113405 -0.0270104 0.116577
8.33 0.111533 -0.0326288 0.116208
8.34 0.109392 -0.0381266 0.115846
8.35 0.106988 -0.043491 0.11549
8.36 0.104331 -0.0487103 0.115142
8.37 0.101427 -0.0537727 0.114799
8.38 0.098285 -0.0586677 0.114463
8.39 0.094915 -0.063384 0.114133
8.4 0.0913258 -0.0679121 0.113809
8.41 0.0875278 -0.072242 0.11349
8.42 0.0835311 -0.0763648 0.113177
8.43 0.0793464 -0.0802717 0.112869
8.44 0.0749848 -0.0839551 0.112566
8.45 0.0704577 -0.0874071 0.112269
8.46 0.0657767 -0.0906211 0.111977
8.47 0.0609537 -0.0935905 0.111689
8.48 0.0560008 -0.0963098 0.111408
8.49 0.0509306 -0.0987734 0.111131
8.5 0.0457554 -0.100977 0.11086
8.51 0.0404882 -0.102917 0.110594
8.52 0.0351415 -0.104589 0.110334
8.53 0.0297289 -0.10599 0.11008
8.54 0.0242629 -0.107119 0.109832
8.55 0.0187571 -0.107974 0.109591
8.56 0.0132245 -0.108553 0.109355
8.57 0.00767865 -0.108856 0.109127
8.58 0.0021324 -0.108884 0.108905
8.59 -0.00340059 -0.108637 0.10869
8.6 -0.00890743 -0.108117 0.108483
8.61 -0.0143748 -0.107324 0.108283
8.62 -0.0197899 -0.106263 0.10809
8.63 -0.0251396 -0.104936 0.107905
8.64 -0.0304114 -0.103346 0.107727
8.65 -0.0355923 -0.101498 0.107558
8.66 -0.0406705 -0.0993967 0.107395
8.67 -0.0456332 -0.0970477 0.107241
8.68 -0.050469 -0.0944562 0.107094
8.69 -0.0551661 -0.0916296 0.106955
8.7 -0.0597128 -0.088574 0.106822
8.71 -0.0640983 -0.0852975 0.106697
8.72 -0.068312 -0.0818077 0.106579
8.73 -0.0723433 -0.0781134 0.106467
8.74 -0.0761824 -0.0742233 0.106362
8.75 -0.0798197 -0.0701471 0.106263
8.76 -0.0832461 -0.0658943 0.10617
8.77 -0.0864529 -0.0614758 0.106082
8.78 -0.0894319 -0.0569018 0.105999
8.79 -0.0921754 -0.0521839 0.105922
8.8 -0.0946762 -0.0473331 0.105849
8.81 -0.0969277 -0.0423621 0.105781
8.82 -0.0989236 -0.0372821 0.105716
8.83 -0.100659 -0.0321065 0.105655
8.84 -0.102128 -0.0268478 0.105598
8.85 -0.103327 -0.0215191 0.105544
8.86 -0.104253 -0.0161336 0.105494
8.87 -0.104901 -0.0107053 0.105446
8.88 -0.105271 -0.00524744 0.105401
8.89 -0.105359 0.000225704 0.105359
8.9 -0.105165 0.00570039 0.10532
8.91 -0.10469 0.0111621 0.105283
8.92 -0.103932 0.0165971 0.105249
8.93 -0.102894 0.0219907 0.105217
8.94 -0.101576 0.0273292 0.105189
8.95 -0.0999827 0.0325978 0.105163
8.96 -0.0981155 0.0377829 0.105139
8.97 -0.0959795 0.0428704 0.105119
8.98 -0.0935787 0.0478461 0.105101
8.99 -0.090919 0.0526967 0.105087
9 -0.0880062 0.0574086 0.105075
9.01 -0.0848477 0.0619683 0.105068
9.02 -0.0814503 0.0663634 0.105063
9.03 -0.0778228 0.0705809 0.105062
9.04 -0.0739738 0.0746088 0.105065
9.05 -0.0699134 0.0784352 0.105071
9.06 -0.0656511 0.0820486 0.105081
9.07 -0.0611985 0.0854384 0.105095
9.08 -0.0565665 0.0885939 0.105113
9.09 -0.0517677 0.0915055 0.105134
9.1 -0.0468141 0.0941637 0.105159
9.11 -0.0417195 0.0965604 0.105188
9.12 -0.0364972 0.098687 0.10522
9.13 -0.0311613 0.100537 0.105255
9.14 -0.0257266 0.102103 0.105294
9.15 -0.020208 0.103379 0.105336
9.16 -0.0146205 0.104361 0.10538
9.17 -0.00898032 0.105044 0.105427
9.18 -0.00330299 0.105425 0.105476
9.19 0.00239516 0.105501 0.105528
9.2 0.00809773 0.10527 0.105581
9.21 0.0137883 0.104731 0.105635
9.22 0.0194501 0.103885 0.10569
9.23 0.0250666 0.102733 0.105747
9.24 0.0306209 0.101275 0.105803
9.25 0.0360967 0.0995159 0.10586
9.26 0.0414769 0.097458 0.105917
9.27 0.0467458 0.0951061 0.105973
9.28 0.0518865 0.092466 0.106029
9.29 0.0568835 0.089544 0.106084
9.3 0.061721 0.0863471 0.106138
9.31 0.0663837 0.0828841 0.106191
9.32 0.0708567 0.0791635 0.106243
9.33 0.0751257 0.0751957 0.106293
9.34 0.0791764 0.0709912 0.106342
9.35 0.0829959 0.0665618 0.10639
9.36 0.086571 0.0619197 0.106436
9.37 0.0898898 0.0570783 0.106481
9.38 0.0929407 0.0520513 0.106524
9.39 0.0957135 0.0468533 0.106566
9.4 0.0981976 0.0414998 0.106607
9.41 0.100384 0.0360061 0.106646
9.42 0.102266 0.0303891 0.106685
9.43 0.103834 0.0246656 0.106724
9.44 0.105083 0.0188528 0.106761
9.45 0.106008 0.0129687 0.106798
9.46 0.106603 0.00703147 0.106835
9.47 0.106866 0.00105953 0.106871
9.48 0.106794 -0.00492814 0.106908
9.49 0.106386 -0.0109131 0.106944
9.5 0.105642 -0.0168757 0.106981
9.51 0.104562 -0.0227973 0.107019
9.52 0.103149 -0.0286584 0.107056
9.53 0.101406 -0.0344404 0.107095
9.54 0.0993363 -0.0401236 0.107134
9.55 0.0969457 -0.0456901 0.107173
9.56 0.0942406 -0.0511207 0.107213
9.57 0.0912284 -0.0563975 0.107253
9.58 0.0879173 -0.0615025 0.107294
9.59 0.0843174 -0.0664188 0.107335
9.6 0.0804387 -0.0711289 0.107376
9.61 0.076293 -0.0756172 0.107418
9.62 0.0718928 -0.0798675 0.107459
9.63 0.0672514 -0.0838653 0.1075
9.64 0.0623835 -0.087596 0.10754
9.65 0.0573038 -0.0910466 0.107579
9.66 0.0520286 -0.0942043 0.107617
9.67 0.0465745 -0.0970578 0.107654
9.68 0.0409593 -0.0995961 0.10769
9.69 0.0352004 -0.10181 0.107723
9.7 0.0293173 -0.10369 0.107755
9.71 0.0233286 -0.10523 0.107785
9.72 0.0172543 -0.106423 0.107812
9.73 0.0111142 -0.107263 0.107837
9.74 0.00492929 -0.107747 0.107859
9.75 -0.00128037 -0.107871 0.107879
9.76 -0.00749327 -0.107635 0.107896
9.77 -0.0136891 -0.107038 0.107909
9.78 -0.0198459 -0.10608 0.10792
9.79 -0.0259435 -0.104764 0.107928
9.8 -0.0319604 -0.103093 0.107933
9.81 -0.037876 -0.101072 0.107936
9.82 -0.0436697 -0.0987067 0.107935
9.83 -0.0493215 -0.096004 0.107932
9.84 -0.0548113 -0.0929727 0.107927
9.85 -0.06012 -0.0896218 0.107919
9.86 -0.0652286 -0.0859624 0.107909
9.87 -0.0701193 -0.0820062 0.107897
9.88 -0.074774 -0.0777661 0.107883
9.89 -0.0791766 -0.0732561 0.107867
9.9 -0.0833108 -0.0684913 0.107851
9.91 -0.0871616 -0.0634875 0.107832
9.92 -0.090715 -0.058262 0.107813
9.93 -0.0939577 -0.0528318 0.107793
9.94 -0.0968778 -0.0472163 0.107771
9.95 -0.0994643 -0.0414342 0.107749
9.96 -0.101707 -0.0355059 0.107727
9.97 -0.103598 -0.0294515 0.107703
9.98 -0.10513 -0.0232927 0.10768
9.99 -0.106296 -0.0170505 0.107655
10 -0.107091 -0.0107471 0.107629
10.01 -0.107513 -0.00440454 0.107603
10.02 -0.107558 0.00195436 0.107576
10.03 -0.107226 0.00830758 0.107547
10.04 -0.106517 0.0146319 0.107518
10.05 -0.105434 0.0209052 0.107486
10.06 -0.103979 0.0271046 0.107454
10.07 -0.102157 0.0332081 0.107419
10.08 -0.0999738 0.0391936 0.107382
10.09 -0.0974367 0.0450395 0.107343
10.1 -0.0945545 0.0507246 0.107301
10.11 -0.0913366 0.0562281 0.107257
10.12 -0.0877947 0.0615301 0.107209
10.13 -0.0839404 0.066611 0.107159
10.14 -0.0797877 0.0714526 0.107105
10.15 -0.075351 0.0760368 0.107048
10.16 -0.0706462 0.0803467 0.106988
10.17 -0.0656896 0.0843667 0.106925
10.18 -0.0604996 0.0880817 0.106858
10.19 -0.0550941 0.0914778 0.106787
10.2 -0.0494932 0.0945428 0.106714
10.21 -0.0437164 0.0972647 0.106637
10.22 -0.0377853 0.099634 0.106558
10.23 -0.0317211 0.101641 0.106476
10.24 -0.0255459 0.103279 0.106391
10.25 -0.0192823 0.104541 0.106304
10.26 -0.0129534 0.105423 0.106215
10.27 -0.00658206 0.10592 0.106124
10.28 -0.000191919 0.106032 0.106032
10.29 0.00619356 0.105757 0.105939
10.3 0.0125507 0.105097 0.105844
10.31 0.0188561 0.104054 0.105748
10.32 0.0250863 0.102631 0.105653
10.33 0.0312183 0.100834 0.105556
10.34 0.0372294 0.0986693 0.105459
10.35 0.0430968 0.0961446 0.105362
10.36 0.0487994 0.09327 0.105265
10.37 0.0543152 0.0900555 0.105167
10.38 0.0596241 0.0865133 0.105069
10.39 0.064706 0.0826568 0.104971
10.4 0.0695422 0.0785002 0.104873
10.41 0.0741141 0.0740591 0.104774
10.42 0.0784053 0.0693502 0.104675
10.43 0.0823992 0.0643913 0.104575
10.44 0.0860811 0.0592009 0.104473
10.45 0.089437 0.0537985 0.104371
10.46 0.0924547 0.0482046 0.104267
10.47 0.0951225 0.0424403 0.104161
10.48 0.0974311 0.0365272 0.104053
10.49 0.0993711 0.0304878 0.103943
10.5 0.100936 0.0243447 0.103831
10.51 0.10212 0.0181217 0.103716
10.52 0.102919 0.0118416 0.103598
10.53 0.103329 0.00552884 0.103477
10.54 0.10335 -0.000793036 0.103353
10.55 0.102982 -0.00709979 0.103226
10.56 0.102226 -0.013368 0.103097
10.57 0.101086 -0.0195733 0.102964
10.58 0.0995666 -0.0256925 0.102828
10.59 0.0976732 -0.0317023 0.102689
10.6 0.095414 -0.0375801 0.102548
10.61 0.0927976 -0.0433033 0.102404
10.62 0.0898347 -0.0488506 0.102258
10.63 0.086537 -0.0542004 0.102109
10.64 0.0829173 -0.0593334 0.101959
10.65 0.0789902 -0.0642291 0.101808
10.66 0.0747707 -0.0688698 0.101655
10.67 0.0702758 -0.0732377 0.101501
10.68 0.0655229 -0.0773164 0.101346
10.69 0.0605308 -0.0810904 0.101191
10.7 0.0553189 -0.0845462 0.101036
10.71 0.0499079 -0.0876702 0.10088
10.72 0.0443187 -0.0904513 0.100725
10.73 0.0385734 -0.092879 0.10057
10.74 0.0326944 -0.0949446 0.100416
10.75 0.0267048 -0.0966404 0.100262
10.76 0.0206276 -0.0979608 0.100109
10.77 0.0144872 -0.0989008 0.0999562
10.78 0.0083067 -0.0994577 0.099804
10.79 0.00211123 -0.0996299 0.0996522
10.8 -0.00407605 -0.0994171 0.0995006
10.81 -0.0102304 -0.0988211 0.0993493
10.82 -0.0163281 -0.0978448 0.0991978
10.83 -0.0223454 -0.0964925 0.099046
10.84 -0.0282593 -0.0947702 0.0988938
10.85 -0.0340462 -0.0926854 0.0987407
10.86 -0.0396844 -0.0902468 0.0985867
10.87 -0.0451516 -0.0874645 0.0984312
10.88 -0.050427 -0.0843501 0.0982743
10.89 -0.0554901 -0.0809166 0.0981154
10.9 -0.0603218 -0.0771775 0.0979545
10.91 -0.0649033 -0.0731488 0.0977916
10.92 -0.0692173 -0.0688462 0.097626
10.93 -0.0732473 -0.0642879 0.0974583
10.94 -0.0769781 -0.0594915 0.0972876
10.95 -0.0803958 -0.0544771 0.0971146
10.96 -0.0834874 -0.0492644 0.0969388
10.97 -0.0862417 -0.0438746 0.0967605
10.98 -0.0886484 -0.038329 0.0965798
10.99 -0.090699 -0.0326506 0.0963969
11 -0.092386 -0.0268612 0.0962118
11.01 -0.0937039 -0.0209846 0.0960249
11.02 -0.0946482 -0.0150439 0.0958363
11.03 -0.0952162 -0.00906303 0.0956466
11.04 -0.0954064 -0.00306543 0.0954556
11.05 -0.0952194 0.00292458 0.0952643
11.06 -0.0946563 0.00888369 0.0950723
11.07 -0.0937211 0.0147879 0.0948806
11.08 -0.0924176 0.0206141 0.0946887
11.09 -0.0907528 0.0263394 0.0944978
11.1 -0.0887337 0.0319408 0.0943074
11.11 -0.0863695 0.0373968 0.0941181
11.12 -0.0836707 0.0426857 0.09393
11.13 -0.080649 0.0477869 0.0937435
11.14 -0.0773169 0.0526804 0.0935581
11.15 -0.0736892 0.0573474 0.0933746
11.16 -0.0697808 0.0617696 0.0931925
11.17 -0.0656084 0.0659301 0.093012
11.18 -0.0611891 0.0698127 0.0928328
11.19 -0.056542 0.0734031 0.0926553
11.2 -0.0516856 0.076687 0.0924786
11.21 -0.0466407 0.0796528 0.0923034
11.22 -0.0414275 0.0822886 0.0921284
11.23 -0.0360679 0.0845858 0.0919546
11.24 -0.0305837 0.0865352 0.0917807
11.25 -0.0249974 0.0881304 0.091607
11.26 -0.0193317 0.089366 0.0914331
11.27 -0.01361 0.0902382 0.0912588
11.28 -0.00785512 0.090744 0.0910834
11.29 -0.00209076 0.0908833 0.0909074
11.3 0.00366008 0.0906559 0.0907297
11.31 0.00937398 0.0900643 0.0905509
11.32 0.015028 0.0891117 0.09037
11.33 0.0205996 0.0878037 0.0901878
11.34 0.0260662 0.0861459 0.0900031
11.35 0.0314063 0.0841469 0.0898168
11.36 0.0365983 0.0818153 0.089628
11.37 0.0416221 0.0791622 0.0894374
11.38 0.0464571 0.0761991 0.0892444
11.39 0.0510849 0.072939 0.0890493
11.4 0.0554872 0.0693965 0.0888521
11.41 0.0596466 0.0655869 0.088653
11.42 0.063547 0.0615263 0.0884517
11.43 0.0671737 0.0572325 0.0882489
11.44 0.0705124 0.0527236 0.0880442
11.45 0.0735508 0.048019 0.0878381
11.46 0.076277 0.0431384 0.0876305
11.47 0.0786817 0.0381024 0.0874219
11.48 0.0807551 0.0329324 0.087212
11.49 0.0824909 0.0276497 0.0870014
11.5 0.0838822 0.0222767 0.0867898
11.51 0.0849252 0.0168354 0.0865778
11.52 0.0856163 0.0113489 0.0863652
11.53 0.0859542 0.00583936 0.0861523
11.54 0.0859387 0.000329854 0.0859393
11.55 0.0855709 -0.00515707 0.0857262
11.56 0.0848536 -0.0105987 0.0855129
11.57 0.0837911 -0.0159734 0.0853001
11.58 0.0823887 -0.0212583 0.0850871
11.59 0.0806536 -0.0264329 0.0848746
11.6 0.0785941 -0.0314755 0.0846625
11.61 0.0762195 -0.0363663 0.0844507
11.62 0.0735413 -0.0410851 0.0842396
11.63 0.0705709 -0.0456137 0.0840289
11.64 0.0673222 -0.0499335 0.083819
11.65 0.0638091 -0.054028 0.0836099
11.66 0.0600476 -0.0578806 0.0834019
11.67 0.0560536 -0.0614765 0.0831947
11.68 0.051845 -0.0648018 0.082989
11.69 0.0474396 -0.0678437 0.0827845
11.7 0.0428566 -0.0705905 0.0825815
11.71 0.0382524 -0.0732583 0.082644
11.72 0.0336327 -0.0758452 0.0829677
11.73 0.0290018 -0.0783502 0.0835455
11.74 0.0243653 -0.080772 0.084367
11.75 0.0197277 -0.0831094 0.0854187
11.76 0.0150948 -0.0853614 0.0866858
11.77 0.0104708 -0.0875269 0.088151
11.78 0.00586161 -0.0896052 0.0897967
11.79 0.00127149 -0.0915953 0.0916041
11.8 -0.0032938 -0.0934967 0.0935547
11.81 -0.0078298 -0.0953083 0.0956294
11.82 -0.0123312 -0.0970302 0.0978106
11.83 -0.0167931 -0.0986614 0.10008
11.84 -0.0212106 -0.100202 0.102422
11.85 -0.0255791 -0.101651 0.10482
11.86 -0.0298931 -0.103009 0.107259
11.87 -0.0341484 -0.104275 0.109724
11.88 -0.0383399 -0.10545 0.112204
11.89 -0.042463 -0.106534 0.114685
11.9 -0.0465132 -0.107526 0.117155
11.91 -0.0504856 -0.108428 0.119605
11.92 -0.054376 -0.109239 0.122024
11.93 -0.0581798 -0.10996 0.124403
11.94 -0.0618929 -0.110591 0.126733
11.95 -0.0655105 -0.111134 0.129005
11.96 -0.0690291 -0.111588 0.131213
11.97 -0.0724441 -0.111955 0.13335
11.98 -0.0757517 -0.112236 0.135408
11.99 -0.0789479 -0.112431 0.137381
12 -0.0820293 -0.112541 0.139264
12.01 -0.0849915 -0.112569 0.141051
12.02 -0.0878316 -0.112514 0.142737
12.03 -0.0905456 -0.112379 0.144317
12.04 -0.0931307 -0.112164 0.145787
12.05 -0.0955829 -0.111871 0.147144
12.06 -0.0978999 -0.111502 0.148381
12.07 -0.100078 -0.111058 0.149498
12.08 -0.102115 -0.110541 0.150489
12.09 -0.104008 -0.109953 0.151352
12.1 -0.105754 -0.109295 0.152084
12.11 -0.107351 -0.10857 0.152682
12.12 -0.108796 -0.10778 0.153144
12.13 -0.110088 -0.106925 0.153468
12.14 -0.111224 -0.10601 0.153652
12.15 -0.112202 -0.105035 0.153693
12.16 -0.113021 -0.104002 0.153591
12.17 -0.113679 -0.102915 0.153344
12.18 -0.114174 -0.101775 0.152951
12.19 -0.114506 -0.100585 0.152411
12.2 -0.114672 -0.0993473 0.151722
12.21 -0.114673 -0.0980641 0.150885
12.22 -0.114506 -0.0967378 0.149899
12.23 -0.114172 -0.0953711 0.148765
12.24 -0.11367 -0.0939665 0.14748
12.25 -0.112999 -0.0925267 0.146047
12.26 -0.112158 -0.0910542 0.144466
12.27 -0.111149 -0.0895515 0.142736
12.28 -0.109971 -0.0880215 0.140859
12.29 -0.108624 -0.0864668 0.138837
12.3 -0.107108 -0.08489 0.136669
12.31 -0.105424 -0.0832939 0.134358
12.32 -0.103572 -0.0816814 0.131905
12.33 -0.101553 -0.0800546 0.129313
12.34 -0.0993687 -0.0784172 0.126584
12.35 -0.0970192 -0.076771 0.123719
12.36 -0.0945058 -0.0751194 0.120724
12.37 -0.0918298 -0.0734647 0.1176
12.38 -0.0889927 -0.0718102 0.114352
12.39 -0.0859958 -0.0701579 0.110984
12.4 -0.0828413 -0.0685112 0.107501
12.41 -0.0795303 -0.0668722 0.103908
12.42 -0.0760654 -0.0652439 0.100213
12.43 -0.0724482 -0.0636288 0.0964229
12.44 -0.068681 -0.0620299 0.0925462
12.45 -0.064766 -0.0604493 0.0885932
12.46 -0.0607059 -0.05889 0.0845768
12.47 -0.0565025 -0.0573541 0.080511
12.48 -0.0521593 -0.0558447 0.0764148
12.49 -0.0476781 -0.0543636 0.0723091
12.5 -0.0430624 -0.0529136 0.0682218
12.51 -0.0383147 -0.051497 0.0641869
12.52 -0.0334382 -0.0501161 0.0602473
12.53 -0.0284355 -0.0487732 0.0564571
12.54 -0.0233104 -0.0474704 0.0528849
12.55 -0.0180656 -0.0462101 0.049616
12.56 -0.0127048 -0.0449942 0.0467535
12.57 -0.00723099 -0.0438247 0.0444172
12.58 -0.00164809 -0.0427037 0.0427355
12.59 0.00404102 -0.0416331 0.0418288
12.6 0.00983211 -0.0406147 0.0417878
12.61 0.0157222 -0.0396503 0.0426537
12.62 0.0217071 -0.0387413 0.0444082
12.63 0.0277834 -0.0378898 0.0469847
12.64 0.0339473 -0.0370968 0.0502851
12.65 0.0401947 -0.036364 0.0542029
12.66 0.0465221 -0.0356927 0.0586368
12.67 0.0529253 -0.0350843 0.063498
12.68 0.0594007 -0.0345394 0.0687125
12.69 0.0659439 -0.0340599 0.0742204
12.7 0.0725514 -0.0336462 0.0799736
12.71 0.0792189 -0.0332993 0.085933
12.72 0.0859424 -0.03302 0.0920675
12.73 0.0927179 -0.0328093 0.0983517
12.74 0.0995414 -0.0326673 0.104765
12.75 0.106408 -0.0325949 0.111289
12.76 0.113316 -0.0325922 0.11791
12.77 0.120258 -0.0326597 0.124614
12.78 0.127233 -0.0327976 0.131392
12.79 0.134234 -0.0330057 0.138232
12.8 0.141259 -0.0332845 0.145128
12.81 0.148304 -0.0336335 0.15207
12.82 0.155363 -0.0340529 0.159052
12.83 0.162434 -0.0345418 0.166066
12.84 0.169512 -0.0351006 0.173108
12.85 0.176593 -0.035728 0.180171
12.86 0.183673 -0.0364239 0.18725
12.87 0.190748 -0.0371874 0.194339
12.88 0.197815 -0.0380179 0.201435
12.89 0.204868 -0.0389141 0.208531
12.9 0.211905 -0.0398756 0.215625
12.91 0.218922 -0.0409005 0.22271
12.92 0.225914 -0.0419887 0.229783
12.93 0.232878 -0.0431378 0.236839
12.94 0.239809 -0.0443472 0.243875
12.95 0.246706 -0.0456151 0.250887
12.96 0.253563 -0.0469403 0.257871
12.97 0.260377 -0.0483205 0.264822
12.98 0.267144 -0.0497547 0.271738
12.99 0.273861 -0.0512406 0.278614
13 0.280525 -0.0527765 0.285447
13.01 0.287132 -0.0543604 0.292232
13.02 0.293678 -0.0559904 0.298968
13.03 0.300161 -0.057664 0.30565
13.04 0.306577 -0.0593795 0.312274
13.05 0.312923 -0.0611342 0.318839
13.06 0.319195 -0.0629259 0.325339
13.07 0.325391 -0.0647525 0.331772
13.08 0.331508 -0.0666107 0.338134
13.09 0.337543 -0.0684989 0.344423
13.1 0.343492 -0.0704139 0.350635
13.11 0.349353 -0.0723533 0.356767
13.12 0.355124 -0.0743141 0.362816
13.13 0.360801 -0.076294 0.368779
13.14 0.366382 -0.0782896 0.374653
13.15 0.371865 -0.0802984 0.380435
13.16 0.377246 -0.0823173 0.386122
13.17 0.382524 -0.0843436 0.391712
13.18 0.387696 -0.0863739 0.397201
13.19 0.392759 -0.0884057 0.402586
13.2 0.397713 -0.0904352 0.407865
13.21 0.402554 -0.0924601 0.413035
13.22 0.40728 -0.0944766 0.418094
13.23 0.41189 -0.0964818 0.423039
13.24 0.416381 -0.0984727 0.427867
13.25 0.420752 -0.100446 0.432575
13.26 0.425 -0.102398 0.437162
13.27 0.429125 -0.104326 0.441624
13.28 0.433124 -0.106227 0.44596
13.29 0.436996 -0.108097 0.450167
13.3 0.440739 -0.109934 0.454242
13.31 0.444352 -0.111733 0.458184
13.32 0.447833 -0.113492 0.46199
13.33 0.451181 -0.115207 0.465657
13.34 0.454395 -0.116876 0.469185
13.35 0.457473 -0.118494 0.47257
13.36 0.460415 -0.120059 0.475811
13.37 0.463219 -0.121568 0.478906
13.38 0.465884 -0.123017 0.481852
13.39 0.468409 -0.124403 0.484647
13.4 0.470793 -0.125724 0.487291
13.41 0.473035 -0.126975 0.48978
13.42 0.475135 -0.128155 0.492114
13.43 0.477091 -0.129259 0.494291
13.44 0.478902 -0.130286 0.496308
13.45 0.480569 -0.131232 0.498165
13.46 0.48209 -0.132094 0.499859
13.47 0.483464 -0.132869 0.50139
13.48 0.484692 -0.133556 0.502756
13.49 0.485772 -0.13415 0.503955
13.5 0.486703 -0.13465 0.504986
13.51 0.487486 -0.135053 0.505848
13.52 0.48812 -0.135356 0.506539
13.53 0.488604 -0.135557 0.50706
13.54 0.488938 -0.135654 0.507408
13.55 0.489123 -0.135645 0.507583
13.56 0.489156 -0.135526 0.507583
13.57 0.489038 -0.135298 0.507409
13.58 0.488769 -0.134956 0.507059
13.59 0.488349 -0.134501 0.506532
13.6 0.487776 -0.133928 0.505829
13.61 0.487052 -0.133238 0.504948
13.62 0.486176 -0.132428 0.503889
13.63 0.485147 -0.131498 0.502653
13.64 0.483966 -0.130445 0.501238
13.65 0.482633 -0.129269 0.499645
13.66 0.481147 -0.127968 0.497874
13.67 0.479509 -0.126541 0.495925
13.68 0.477718 -0.124988 0.493798
13.69 0.475774 -0.123307 0.491493
13.7 0.473678 -0.121498 0.489012
13.71 0.47143 -0.119561 0.486355
13.72 0.469029 -0.117495 0.483522
13.73 0.466476 -0.1153 0.480514
13.74 0.463771 -0.112976 0.477333
13.75 0.460914 -0.110522 0.47398
13.76 0.457906 -0.107939 0.470456
13.77 0.454746 -0.105228 0.466762
13.78 0.451435 -0.102387 0.4629
13.79 0.447973 -0.0994186 0.458872
13.8 0.444361 -0.0963229 0.454681
13.81 0.440598 -0.0930999 0.450327
13.82 0.436685 -0.0897516 0.445813
13.83 0.432623 -0.0862784 0.441143
13.84 0.428413 -0.0826817 0.436318
13.85 0.424053 -0.0789625 0.431342
13.86 0.419546 -0.0751227 0.426218
13.87 0.41489 -0.0711633 0.420949
13.88 0.410088 -0.0670867 0.41554
13.89 0.40514 -0.062894 0.409993
13.9 0.400046 -0.0585879 0.404313
13.91 0.394807 -0.0541696 0.398506
13.92 0.389423 -0.0496423 0.392575
13.93 0.383896 -0.0450072 0.386526
13.94 0.378226 -0.0402679 0.380363
13.95 0.372414 -0.0354262 0.374095
13.96 0.366461 -0.0304852 0.367726
13.97 0.360367 -0.0254476 0.361264
13.98 0.354134 -0.0203163 0.354716
13.99 0.347763 -0.0150944 0.34809
14 0.341254 -0.00978506 0.341394
14.01 0.334609 -0.00439157 0.334637
14.02 0.327828 0.00108262 0.32783
14.03 0.320914 0.0066341 0.320982
14.04 0.313866 0.0122593 0.314105
14.05 0.306687 0.0179543 0.307212
14.06 0.299377 0.0237155 0.300315
14.07 0.291938 0.0295388 0.293429
14.08 0.284371 0.0354207 0.286569
14.09 0.276678 0.0413562 0.279752
14.1 0.268861 0.047342 0.272997
14.11 0.260919 0.0533732 0.266323
14.12 0.252857 0.0594458 0.25975
14.13 0.244674 0.0655551 0.253303
14.14 0.236372 0.071697 0.247007
14.15 0.227954 0.0778663 0.240886
14.16 0.219421 0.0840591 0.234971
14.17 0.210775 0.0902699 0.229292
14.18 0.202018 0.0964946 0.22388
14.19 0.193151 0.102728 0.21877
14.2 0.184178 0.108965 0.213998
14.21 0.1751 0.115201 0.209598
14.22 0.165919 0.121431 0.205608
14.23 0.156637 0.12765 0.202063
14.24 0.147257 0.133853 0.199
14.25 0.137781 0.140034 0.196452
14.26 0.128212 0.146189 0.194447
14.27 0.118552 0.152313 0.193012
14.28 0.108803 0.158399 0.192168
14.29 0.0989688 0.164444 0.191929
14.3 0.0890516 0.170441 0.192303
14.31 0.0787689 0.175841 0.192677
14.32 0.0681573 0.18062 0.193052
14.33 0.0572539 0.184759 0.193427
14.34 0.0460973 0.188239 0.193801
14.35 0.0347274 0.191046 0.194177
14.36 0.0231849 0.193165 0.194552
14.37 0.0115113 0.194587 0.194928
14.38 -0.000251467 0.195303 0.195303
14.39 -0.01206 0.195307 0.195679
14.4 -0.0238719 0.194596 0.196055
14.41 -0.0356434 0.19317 0.196431
14.42 -0.0473313 0.191031 0.196807
14.43 -0.0588923 0.188183 0.197183
14.44 -0.0702835 0.184635 0.19756
14.45 -0.0814621 0.180396 0.197936
14.46 -0.0923866 0.175478 0.198313
14.47 -0.103015 0.169898 0.198689
14.48 -0.113308 0.163672 0.199066
14.49 -0.123225 0.156821 0.199443
14.5 -0.132729 0.149368 0.199819
14.51 -0.141783 0.141337 0.200196
14.52 -0.150352 0.132755 0.200573
14.53 -0.158402 0.123652 0.20095
14.54 -0.165901 0.114059 0.201327
14.55 -0.172819 0.104009 0.201703
14.56 -0.179129 0.0935373 0.20208
14.57 -0.184804 0.0826811 0.202457
14.58 -0.189822 0.0714787 0.202833
14.59 -0.194159 0.0599697 0.20321
14.6 -0.1978 0.0481957 0.203587
14.61 -0.200725 0.0361985 0.203963
14.62 -0.202922 0.0240223 0.204339
14.63 -0.20438 0.0117105 0.204715
14.64 -0.20509 -0.000691272 0.205091
14.65 -0.205047 -0.0131383 0.205467
14.66 -0.204247 -0.0255838 0.205843
14.67 -0.202691 -0.0379826 0.206219
14.68 -0.20038 -0.0502882 0.206594
14.69 -0.197322 -0.0624547 0.20697
14.7 -0.193522 -0.0744365 0.207344
14.71 -0.188994 -0.0861885 0.207719
14.72 -0.183751 -0.0976661 0.208094
14.73 -0.177809 -0.108826 0.208468
14.74 -0.171187 -0.119625 0.208842
14.75 -0.163908 -0.130022 0.209216
14.76 -0.155995 -0.139977 0.20959
14.77 -0.147475 -0.14945 0.209963
14.78 -0.138378 -0.158406 0.210336
14.79 -0.128736 -0.166809 0.210709
14.8 -0.118581 -0.174625 0.211081
14.81 -0.10795 -0.181822 0.211453
14.82 -0.0968798 -0.188372 0.211825
14.83 -0.08541 -0.194248 0.212196
14.84 -0.073582 -0.199426 0.212567
14.85 -0.0614382 -0.203882 0.212938
14.86 -0.0490225 -0.207599 0.213308
14.87 -0.0363801 -0.210558 0.213678
14.88 -0.0235572 -0.212747 0.214048
14.89 -0.0106008 -0.214154 0.214417
14.9 0.00244116 -0.214772 0.214786
14.91 0.015521 -0.214593 0.215154
14.92 0.0285894 -0.213617 0.215522
14.93 0.0415983 -0.211844 0.215889
14.94 0.0544982 -0.209277 0.216256
14.95 0.0672413 -0.205923 0.216623
14.96 0.0797789 -0.201791 0.216989
14.97 0.0920642 -0.196894 0.217355
14.98 0.10405 -0.191248 0.21772
14.99 0.11569 -0.184871 0.218085
15 0.12694 -0.177783 0.21845
15.01 0.137756 -0.170008 0.218814
15.02 0.148097 -0.161574 0.219177
15.03 0.157922 -0.152509 0.219541
15.04 0.167192 -0.142844 0.219904
15.05 0.175871 -0.132614 0.220266
15.06 0.183924 -0.121855 0.220628
15.07 0.191319 -0.110605 0.22099
15.08 0.198026 -0.0989034 0.221351
15.09 0.204016 -0.086794 0.221711
15.1 0.209266 -0.0743194 0.222071
15.11 0.213753 -0.0615257 0.222431
15.12 0.217457 -0.0484591 0.222791
15.13 0.220361 -0.0351679 0.223149
15.14 0.222452 -0.0217008 0.223508
15.15 0.223719 -0.0081078 0.223866
15.16 0.224154 0.00556096 0.224223
15.17 0.223753 0.0192538 0.22458
15.18 0.222515 0.0329204 0.224937
15.19 0.22044 0.0465088 0.225293
15.2 0.217534 0.059968 0.225649
15.21 0.213805 0.0732472 0.226004
15.22 0.209264 0.0862956 0.226359
15.23 0.203924 0.0990636 0.226713
15.24 0.197804 0.111502 0.227067
15.25 0.190923 0.123564 0.22742
15.26 0.183305 0.135202 0.227773
15.27 0.174976 0.146371 0.228125
15.28 0.165964 0.157027 0.228477
15.29 0.156302 0.167129 0.228828
15.3 0.146022 0.176637 0.229179
15.31 0.135162 0.185513 0.22953
15.32 0.12376 0.193721 0.22988
15.33 0.111858 0.201229 0.230229
15.34 0.0994984 0.208005 0.230578
15.35 0.0867264 0.214022 0.230926
15.36 0.0735883 0.219254 0.231274
15.37 0.0601327 0.22368 0.231621
15.38 0.0464088 0.227278 0.231968
15.39 0.0324681 0.230034 0.232314
15.4 0.0183616 0.231934 0.23266
15.41 0.00414251 0.232968 0.233005
15.42 -0.0101365 0.233129 0.23335
15.43 -0.0244212 0.232414 0.233694
15.44 -0.0386582 0.230822 0.234037
15.45 -0.0527932 0.228356 0.23438
15.46 -0.0667731 0.225024 0.234722
15.47 -0.0805436 0.220833 0.235063
15.48 -0.0940532 0.215799 0.235404
15.49 -0.107249 0.209936 0.235744
15.5 -0.120081 0.203264 0.236084
15.51 -0.132498 0.195806 0.236423
15.52 -0.144454 0.187587 0.236761
15.53 -0.1559 0.178636 0.237099
15.54 -0.166793 0.168985 0.237436
15.55 -0.177088 0.158666 0.237772
15.56 -0.186746 0.147719 0.238107
15.57 -0.195727 0.136182 0.238442
15.58 -0.203996 0.124096 0.238776
15.59 -0.211518 0.111506 0.239109
15.6 -0.218262 0.0984576 0.239442
15.61 -0.224202 0.0849989 0.239773
15.62 -0.229311 0.0711803 0.240104
15.63 -0.233568 0.0570521 0.240435
15.64 -0.236953 0.0426674 0.240764
15.65 -0.239452 0.0280799 0.241092
15.66 -0.241051 0.0133445 0.24142
15.67 -0.241742 -0.0014836 0.241747
15.68 -0.24152 -0.0163482 0.242072
15.69 -0.240382 -0.0311929 0.242398
15.7 -0.23833 -0.0459614 0.242721
15.71 -0.235369 -0.060597 0.243045
15.72 -0.231508 -0.0750439 0.243367
15.73 -0.226758 -0.0892464 0.243688
15.74 -0.221134 -0.10315 0.244008
15.75 -0.214656 -0.1167 0.244328
15.76 -0.207345 -0.129845 0.244646
15.77 -0.199227 -0.142532 0.244963
15.78 -0.190331 -0.154713 0.245279
15.79 -0.180687 -0.16634 0.245594
15.8 -0.170331 -0.177366 0.245909
15.81 -0.159299 -0.187747 0.246222
15.82 -0.147633 -0.197442 0.246534
15.83 -0.135374 -0.206413 0.246845
15.84 -0.122568 -0.214622 0.247155
15.85 -0.109261 -0.222036 0.247463
15.86 -0.0955042 -0.228625 0.247771
15.87 -0.0813475 -0.234361 0.248078
15.88 -0.0668444 -0.23922 0.248383
15.89 -0.0520489 -0.24318 0.248688
15.9 -0.0370174 -0.246224 0.248991
15.91 -0.0218056 -0.248338 0.249293
15.92 -0.00647261 -0.24951 0.249594
15.93 0.00892448 -0.249735 0.249894
15.94 0.0243262 -0.249007 0.250192
15.95 0.0396742 -0.247328 0.25049
15.96 0.054909 -0.244701 0.250786
15.97 0.0699723 -0.241134 0.251082
15.98 0.0848058 -0.236638 0.251375
15.99 0.0993522 -0.231227 0.251668
16 0.113555 -0.22492 0.25196
16.01 0.127358 -0.217738 0.25225
16.02 0.140709 -0.209707 0.252539
16.03 0.153554 -0.200856 0.252827
16.04 0.165843 -0.191214 0.253114
16.05 0.177527 -0.18082 0.2534
16.06 0.18856 -0.169708 0.253684
16.07 0.198897 -0.157921 0.253967
16.08 0.208499 -0.145502 0.254249
16.09 0.217325 -0.132497 0.25453
16.1 0.225339 -0.118955 0.25481
16.11 0.232509 -0.104926 0.255088
16.12 0.238805 -0.090462 0.255365
16.13 0.244201 -0.0756186 0.255641
16.14 0.248674 -0.0604515 0.255916
16.15 0.252203 -0.0450182 0.256189
16.16 0.254773 -0.0293775 0.256461
16.17 0.256372 -0.0135888 0.256732
16.18 0.256992 0.00228727 0.257002
16.19 0.256627 0.0181901 0.257271
16.2 0.255276 0.0340579 0.257538
16.21 0.252942 0.0498306 0.257804
16.22 0.249632 0.0654459 0.258068
16.23 0.245356 0.0808443 0.258332
16.24 0.240128 0.0959652 0.258594
16.25 0.233966 0.11075 0.258855
16.26 0.226892 0.125141 0.259114
16.27 0.21893 0.139082 0.259373
16.28 0.21011 0.152517 0.25963
16.29 0.200463 0.165394 0.259886
16.3 0.190024 0.177661 0.26014
16.31 0.178832 0.189271 0.260393
16.32 0.166929 0.200176 0.260645
16.33 0.154359 0.210333 0.260896
16.34 0.141167 0.2197 0.261144
16.35 0.127406 0.22824 0.261392
16.36 0.113125 0.235919 0.261639
16.37 0.0983796 0.242703 0.261884
16.38 0.0832251 0.248565 0.262128
16.39 0.0677197 0.25348 0.26237
16.4 0.0519221 0.257427 0.262611
16.41 0.0358932 0.260389 0.262851
16.42 0.0196941 0.262351 0.263089
16.43 0.00338784 0.263304 0.263326
16.44 -0.0129634 0.263242 0.263561
16.45 -0.0292958 0.262163 0.263795
16.46 -0.0455464 0.26007 0.264028
16.47 -0.0616516 0.256966 0.264259
16.48 -0.0775489 0.252864 0.264489
16.49 -0.0931762 0.247776 0.264717
16.5 -0.108472 0.24172 0.264943
16.51 -0.123376 0.234718 0.265168
16.52 -0.13783 0.226794 0.265392
16.53 -0.151777 0.217978 0.265614
16.54 -0.165162 0.208302 0.265835
16.55 -0.17793 0.197801 0.266054
16.56 -0.190032 0.186515 0.266271
16.57 -0.20142 0.174487 0.266487
16.58 -0.212045 0.16176 0.266701
16.59 -0.221868 0.148384 0.266914
16.6 -0.230846 0.13441 0.267125
16.61 -0.238945 0.119889 0.267335
16.62 -0.246129 0.104879 0.267542
16.63 -0.25237 0.0894357 0.267749
16.64 -0.257642 0.073619 0.267953
16.65 -0.261921 0.0574904 0.268156
16.66 -0.26519 0.0411113 0.268357
16.67 -0.267433 0.024546 0.268557
16.68 -0.26864 0.00785794 0.268755
16.69 -0.268804 -0.00888741 0.268951
16.7 -0.267922 -0.0256252 0.269145
16.71 -0.265997 -0.0422894 0.269337
16.72 -0.263033 -0.0588156 0.269528
16.73 -0.25904 -0.0751381 0.269717
16.74 -0.254032 -0.0911933 0.269904
16.75 -0.248026 -0.106917 0.270089
16.76 -0.241045 -0.122249 0.270273
16.77 -0.233113 -0.137127 0.270454
16.78 -0.224262 -0.151492 0.270634
16.79 -0.214521 -0.165287 0.270812
16.8 -0.20393 -0.178457 0.270988
16.81 -0.192528 -0.19095 0.271162
16.82 -0.180358 -0.202715 0.271334
16.83 -0.167466 -0.213705 0.271505
16.84 -0.153903 -0.223876 0.271673
16.85 -0.139718 -0.233185 0.271839
16.86 -0.124969 -0.241596 0.272004
16.87 -0.109711 -0.249074 0.272166
16.88 -0.0940045 -0.255587 0.272327
16.89 -0.0779091 -0.26111 0.272485
16.9 -0.0614879 -0.265617 0.272641
16.91 -0.0448049 -0.269092 0.272796
16.92 -0.0279251 -0.271516 0.272948
16.93 -0.0109151 -0.272881 0.273099
16.94 0.00615901 -0.273178 0.273247
16.95 0.0232296 -0.272405 0.273394
16.96 0.0402301 -0.270564 0.273538
16.97 0.0570928 -0.267659 0.27368
16.98 0.0737516 -0.263701 0.273821
16.99 0.0901402 -0.258705 0.273959
17 0.106194 -0.252687 0.274095
17.01 0.121849 -0.245671 0.274229
17.02 0.137043 -0.237682 0.274361
17.03 0.151716 -0.228752 0.27449
17.04 0.165808 -0.218913 0.274618
17.05 0.179264 -0.208203 0.274744
17.06 0.192029 -0.196664 0.274867
17.07 0.204053 -0.18434 0.274989
17.08 0.215286 -0.171278 0.275108
17.09 0.225684 -0.157529 0.275225
17.1 0.235204 -0.143147 0.27534
17.11 0.243808 -0.128188 0.275453
17.12 0.251459 -0.11271 0.275564
17.13 0.258128 -0.096773 0.275672
17.14 0.263786 -0.0804408 0.275779
17.15 0.26841 -0.0637762 0.275883
17.16 0.27198 -0.046846 0.275985
17.17 0.274482 -0.0297159 0.276086
17.18 0.275902 -0.0124541 0.276183
17.19 0.276237 0.00487149 0.276279
17.2 0.27548 0.0221921 0.276373
17.21 0.273637 0.0394393 0.276465
17.22 0.270711 0.0565447 0.276554
17.23 0.266715 0.0734399 0.276641
17.24 0.261661 0.0900583 0.276726
17.25 0.255571 0.106333 0.276809
17.26 0.248465 0.122199 0.276889
17.27 0.240373 0.137594 0.276968
17.28 0.231324 0.152456 0.277044
17.29 0.221354 0.166724 0.277118
17.3 0.210501 0.180344 0.27719
17.31 0.198808 0.193257 0.27726
17.32 0.186321 0.205415 0.277328
17.33 0.173088 0.216766 0.277393
17.34 0.159161 0.227266 0.277456
17.35 0.144596 0.236871 0.277517
17.36 0.129449 0.245543 0.277576
17.37 0.11378 0.253247 0.277632
17.38 0.0976514 0.259951 0.277687
17.39 0.0811266 0.265627 0.277739
17.4 0.0642717 0.270252 0.277789
17.41 0.0471531 0.273806 0.277837
17.42 0.029839 0.276276 0.277882
17.43 0.0123979 0.277649 0.277925
17.44 -0.00509981 0.27792 0.277966
17.45 -0.0225856 0.277086 0.278005
17.46 -0.0399885 0.275151 0.278041
17.47 -0.0572398 0.27212 0.278075
17.48 -0.0742698 0.268006 0.278107
17.49 -0.0910109 0.262825 0.278136
17.5 -0.107396 0.256595 0.278163
17.51 -0.123358 0.249342 0.278188
17.52 -0.138835 0.241093 0.27821
17.53 -0.153763 0.231881 0.27823
17.54 -0.168083 0.221742 0.278247
17.55 -0.181737 0.210717 0.278262
17.56 -0.194669 0.198849 0.278275
17.57 -0.206829 0.186185 0.278285
17.58 -0.218165 0.172774 0.278293
17.59 -0.228633 0.158672 0.278298
17.6 -0.238191 0.143934 0.278301
17.61 -0.246798 0.128618 0.278302
17.62 -0.254421 0.112786 0.2783
17.63 -0.261028 0.0965013 0.278295
17.64 -0.266592 0.079829 0.278288
17.65 -0.271091 0.0628358 0.278278
17.66 -0.274506 0.0455899 0.278266
17.67 -0.276822 0.0281604 0.278251
17.68 -0.278031 0.0106177 0.278234
17.69 -0.278127 -0.00696814 0.278214
17.7 -0.277108 -0.024526 0.278191
17.71 -0.274979 -0.0419855 0.278166
17.72 -0.271749 -0.0592758 0.278139
17.73 -0.267429 -0.0763281 0.278108
17.74 -0.262037 -0.0930725 0.278075
17.75 -0.255594 -0.109443 0.27804
17.76 -0.248126 -0.125371 0.278001
17.77 -0.239664 -0.140795 0.277961
17.78 -0.23024 -0.155651 0.277917
17.79 -0.219893 -0.169879 0.277871
17.8 -0.208665 -0.183422 0.277821
17.81 -0.196601 -0.196225 0.27777
17.82 -0.183748 -0.208237 0.277716
17.83 -0.17016 -0.219408 0.277659
17.84 -0.155891 -0.229693 0.277599
17.85 -0.140999 -0.239051 0.277536
17.86 -0.125544 -0.247445 0.277471
17.87 -0.109589 -0.254839 0.277403
17.88 -0.0931977 -0.261204 0.277333
17.89 -0.0764373 -0.266514 0.277259
17.9 -0.0593749 -0.270749 0.277183
17.91 -0.0420803 -0.27389 0.277104
17.92 -0.0246234 -0.275926 0.277023
17.93 -0.00707488 -0.276848 0.276938
17.94 0.010494 -0.276653 0.276852
17.95 0.0280119 -0.275341 0.276762
17.96 0.0454078 -0.272918 0.276669
17.97 0.0626115 -0.269394 0.276574
17.98 0.0795525 -0.264784 0.276476
17.99 0.0961625 -0.259106 0.276375
18 0.112374 -0.252385 0.276272
18.01 0.128122 -0.244648 0.276166
18.02 0.143341 -0.235926 0.276057
18.03 0.157971 -0.226255 0.275945
18.04 0.171951 -0.215675 0.275831
18.05 0.185226 -0.204229 0.275714
18.06 0.197741 -0.191964 0.275594
18.07 0.209447 -0.178932 0.275472
18.08 0.220295 -0.165184 0.275346
18.09 0.230243 -0.150777 0.275219
18.1 0.239248 -0.13577 0.275088
18.11 0.247277 -0.120225 0.274955
18.12 0.254296 -0.104205 0.274818
18.13 0.260278 -0.0877759 0.27468
18.14 0.265197 -0.0710049 0.274538
18.15 0.269036 -0.0539609 0.274394
18.16 0.271779 -0.0367127 0.274248
18.17 0.273416 -0.0193319 0.274098
18.18 0.27394 -0.00188854 0.273947
18.19 0.27335 0.0155453 0.273792
18.2 0.27165 0.0328989 0.273635
18.21 0.268846 0.0501012 0.273474
18.22 0.264952 0.0670821 0.273312
18.23 0.259983 0.0837722 0.273147
18.24 0.253962 0.100104 0.272979
18.25 0.246913 0.11601 0.272808
18.26 0.238867 0.131426 0.272635
18.27 0.229856 0.146289 0.272459
18.28 0.219918 0.160539 0.272281
18.29 0.209096 0.174118 0.2721
18.3 0.197434 0.186971 0.271916
18.31 0.184981 0.199046 0.27173
18.32 0.171788 0.210293 0.271541
18.33 0.15791 0.220669 0.271349
18.34 0.143405 0.23013 0.271154
18.35 0.128333 0.23864 0.270958
18.36 0.112756 0.246163 0.270758
18.37 0.096739 0.25267 0.270556
18.38 0.080348 0.258135 0.270351
18.39 0.063651 0.262538 0.270143
18.4 0.0467163 0.26586 0.269933
18.41 0.0296147 0.268089 0.26972
18.42 0.0124159 0.269218 0.269504
18.43 -0.00480855 0.269243 0.269286
18.44 -0.0219885 0.268165 0.269065
18.45 -0.0390521 0.26599 0.268841
18.46 -0.0559305 0.262728 0.268615
18.47 -0.0725531 0.258393 0.268386
18.48 -0.0888529 0.253005 0.268154
18.49 -0.104762 0.246588 0.267919
18.5 -0.120216 0.239169 0.267682
18.51 -0.135151 0.23078 0.267442
18.52 -0.149506 0.221456 0.267199
18.53 -0.163224 0.211239 0.266953
18.54 -0.176247 0.200171 0.266705
18.55 -0.188524 0.188298 0.266453
18.56 -0.200004 0.175672 0.2662
18.57 -0.210641 0.162345 0.265943
18.58 -0.220392 0.148374 0.265683
18.59 -0.229219 0.133817 0.265421
18.6 -0.237085 0.118736 0.265156
18.61 -0.243961 0.103193 0.264888
18.62 -0.249818 0.0872545 0.264617
18.63 -0.254635 0.0709865 0.264344
18.64 -0.258392 0.0544565 0.264068
18.65 -0.261076 0.0377344 0.263789
18.66 -0.262678 0.0208893 0.263507
18.67 -0.263193 0.0039915 0.263223
18.68 -0.262619 -0.012889 0.262935
18.69 -0.260963 -0.0296816 0.262645
18.7 -0.258231 -0.0463174 0.262352
18.71 -0.254439 -0.0627268 0.262057
18.72 -0.249602 -0.0788427 0.261758
18.73 -0.243743 -0.0945977 0.261457
18.74 -0.236889 -0.109928 0.261153
18.75 -0.22907 -0.124769 0.260846
18.76 -0.22032 -0.139062 0.260536
18.77 -0.210676 -0.152747 0.260223
18.78 -0.200183 -0.165768 0.259908
18.79 -0.188883 -0.178073 0.25959
18.8 -0.176827 -0.189612 0.259269
18.81 -0.164066 -0.200338 0.258946
18.82 -0.150655 -0.210208 0.25862
18.83 -0.13665 -0.219182 0.258291
18.84 -0.122113 -0.227225 0.257959
18.85 -0.107103 -0.234306 0.257624
18.86 -0.0916858 -0.240396 0.257287
18.87 -0.0759256 -0.245473 0.256947
18.88 -0.0598897 -0.249518 0.256604
18.89 -0.0436451 -0.252515 0.256259
18.9 -0.0272608 -0.254455 0.255911
18.91 -0.010805 -0.255332 0.255561
18.92 0.00565306 -0.255145 0.255207
18.93 0.0220441 -0.253896 0.254851
18.94 0.0383003 -0.251594 0.254493
18.95 0.0543535 -0.248251 0.254131
18.96 0.0701371 -0.243882 0.253767
18.97 0.0855853 -0.23851 0.253401
18.98 0.100635 -0.232159 0.253032
18.99 0.115223 -0.224857 0.25266
19 0.12929 -0.216638 0.252285
19.01 0.142777 -0.207539 0.251908
19.02 0.155631 -0.197599 0.251529
19.03 0.167798 -0.186864 0.251146
19.04 0.17923 -0.175379 0.250762
19.05 0.18988 -0.163196 0.250374
19.06 0.199705 -0.150367 0.249984
19.07 0.208666 -0.136947 0.249592
19.08 0.216728 -0.122995 0.249197
19.09 0.22386 -0.108571 0.248799
19.1 0.230034 -0.0937374 0.248399
19.11 0.235226 -0.0785566 0.247997
19.12 0.239418 -0.0630944 0.247592
19.13 0.242594 -0.0474157 0.247184
19.14 0.244744 -0.0315884 0.246774
19.15 0.245862 -0.0156784 0.246362
19.16 0.245947 0.000246004 0.245947
19.17 0.245 0.0161183 0.245529
19.18 0.243028 0.0318714 0.245109
19.19 0.240045 0.0474394 0.244687
19.2 0.236063 0.062757 0.244262
19.21 0.231104 0.0777601 0.243835
19.22 0.225191 0.0923868 0.243406
19.23 0.218352 0.106576 0.242974
19.24 0.210619 0.120269 0.242539
19.25 0.202028 0.13341 0.242102
19.26 0.192617 0.145944 0.241663
19.27 0.182428 0.157821 0.241221
19.28 0.171508 0.168993 0.240777
19.29 0.159904 0.179413 0.24033
19.3 0.147669 0.189042 0.239881
19.31 0.134855 0.197839 0.239429
19.32 0.12152 0.205772 0.238975
19.33 0.107721 0.212808 0.238519
19.34 0.0935184 0.218922 0.23806
19.35 0.0789738 0.22409 0.237599
19.36 0.0641507 0.228293 0.237135
19.37 0.0491121 0.231517 0.236669
19.38 0.0339233 0.233752 0.2362
19.39 0.0186487 0.234991 0.235729
19.4 0.00335425 0.235232 0.235256
19.41 -0.0118957 0.234479 0.23478
19.42 -0.0270355 0.232737 0.234302
19.43 -0.0420024 0.230018 0.233822
19.44 -0.0567319 0.226337 0.233338
19.45 -0.071163 0.221712 0.232853
19.46 -0.085235 0.216168 0.232365
19.47 -0.0988893 0.209731 0.231875
19.48 -0.112069 0.202431 0.231382
19.49 -0.12472 0.194303 0.230887
19.5 -0.13679 0.185385 0.230389
19.51 -0.14823 0.175719 0.229889
19.52 -0.158993 0.165347 0.229387
19.53 -0.169036 0.154318 0.228882
19.54 -0.178319 0.14268 0.228375
19.55 -0.186805 0.130486 0.227866
19.56 -0.194461 0.11779 0.227354
19.57 -0.201257 0.10465 0.226839
19.58 -0.207169 0.0911215 0.226323
19.59 -0.212172 0.0772652 0.225803
19.6 -0.216252 0.0631422 0.225282
19.61 -0.219393 0.0488132 0.224758
19.62 -0.221586 0.0343414 0.224232
19.63 -0.222826 0.0197884 0.223703
19.64 -0.223111 0.00521806 0.223172
19.65 -0.222444 -0.00930803 0.222639
19.66 -0.220832 -0.0237267 0.222103
19.67 -0.218286 -0.0379775 0.221565
19.68 -0.214821 -0.051999 0.221025
19.69 -0.210456 -0.0657326 0.220483
19.7 -0.205214 -0.0791199 0.219938
19.71 -0.19912 -0.0921059 0.219391
19.72 -0.192205 -0.104635 0.218841
19.73 -0.184503 -0.116657 0.218289
19.74 -0.17605 -0.128121 0.217735
19.75 -0.166887 -0.138981 0.217179
19.76 -0.157054 -0.149192 0.21662
19.77 -0.1466 -0.158715 0.21606
19.78 -0.13557 -0.16751 0.215497
19.79 -0.124017 -0.175544 0.214932
19.8 -0.111991 -0.182785 0.214365
19.81 -0.0995467 -0.189206 0.213795
19.82 -0.0867406 -0.194783 0.213224
19.83 -0.0736293 -0.199497 0.21265
19.84 -0.0602709 -0.20333 0.212075
19.85 -0.0467246 -0.206271 0.211497
19.86 -0.0330495 -0.208312 0.210917
19.87 -0.0193055 -0.209447 0.210335
19.88 -0.00555278 -0.209678 0.209751
19.89 0.0081499 -0.209006 0.209165
19.9 0.0217426 -0.207441 0.208578
19.91 0.0351679 -0.204993 0.207988
19.92 0.0483676 -0.201677 0.207396
19.93 0.0612867 -0.197512 0.206802
19.94 0.0738696 -0.192521 0.206206
19.95 0.0860644 -0.186729 0.205608
19.96 0.0978195 -0.180166 0.205009
19.97 0.109087 -0.172865 0.204407
19.98 0.11982 -0.164861 0.203804
19.99 0.129975 -0.156193 0.203198
20 0.13951 -0.146901 0.202591
20.01 0.148389 -0.137031 0.201982
20.02 0.156576 -0.126626 0.201371
20.03 0.164039 -0.115737 0.200758
20.04 0.170749 -0.104413 0.200144
20.05 0.176683 -0.0927061 0.199527
20.06 0.181817 -0.0806685 0.198909
20.07 0.186135 -0.0683553 0.198289
20.08 0.189622 -0.0558213 0.197667
20.09 0.192267 -0.0431227 0.197044
20.1 0.194065 -0.0303156 0.196418
20.11 0.195011 -0.0174566 0.195791
20.12 0.195108 -0.00460215 0.195162
20.13 0.194359 0.00819167 0.194532
20.14 0.192773 0.0208695 0.1939
20.15 0.190361 0.0333767 0.193265
20.16 0.18714 0.0456589 0.19263
20.17 0.183128 0.0576649 0.191992
20.18 0.178347 0.0693425 0.191353
20.19 0.172823 0.0806439 0.190712
20.2 0.166584 0.0915207 0.190069
20.21 0.159663 0.101929 0.189425
20.22 0.152094 0.111825 0.188779
20.23 0.143915 0.12117 0.188131
20.24 0.135164 0.129924 0.187482
20.25 0.125884 0.138055 0.186831
20.26 0.116119 0.145529 0.186178
20.27 0.105915 0.152319 0.185524
20.28 0.0953201 0.158399 0.184868
20.29 0.0843832 0.163746 0.18421
20.3 0.0731538 0.168343 0.183551
20.31 0.0616847 0.172173 0.18289
20.32 0.0500266 0.175226 0.182227
20.33 0.0382332 0.177492 0.181563
20.34 0.0263566 0.178967 0.180897
20.35 0.0144503 0.17965 0.18023
20.36 0.00256656 0.179543 0.179561
20.37 -0.00924206 0.178651 0.17889
20.38 -0.020924 0.176986 0.178218
20.39 -0.0324287 0.174558 0.177545
20.4 -0.0437062 0.171384 0.17687
20.41 -0.0547085 0.167484 0.176193
20.42 -0.0653889 0.16288 0.175515
20.43 -0.0757024 0.157596 0.174835
20.44 -0.0856055 0.151662 0.174154
20.45 -0.0950583 0.145108 0.173471
20.46 -0.104021 0.137967 0.172787
20.47 -0.112458 0.130277 0.172102
20.48 -0.120336 0.122074 0.171414
20.49 -0.127624 0.1134 0.170726
20.5 -0.134294 0.104296 0.170036
20.51 -0.14032 0.0948051 0.169345
20.52 -0.145682 0.0849731 0.168652
20.53 -0.15036 0.0748467 0.167959
20.54 -0.154338 0.0644722 0.167263
20.55 -0.157605 0.0538985 0.166567
20.56 -0.160152 0.0431737 0.165869
20.57 -0.161972 0.0323473 0.16517
20.58 -0.163063 0.0214672 0.16447
20.59 -0.163426 0.0105837 0.163768
20.6 -0.163066 -0.000255749 0.163066
20.61 -0.161989 -0.0110025 0.162362
20.62 -0.160206 -0.0216097 0.161657
20.63 -0.157732 -0.0320312 0.160951
20.64 -0.154582 -0.0422217 0.160244
20.65 -0.150776 -0.0521379 0.159536
20.66 -0.146337 -0.0617375 0.158827
20.67 -0.14129 -0.0709804 0.158117
20.68 -0.135662 -0.0798279 0.157406
20.69 -0.129483 -0.0882442 0.156694
20.7 -0.122787 -0.096195 0.155981
20.71 -0.115606 -0.103649 0.155267
20.72 -0.107978 -0.110576 0.154552
20.73 -0.0999406 -0.116952 0.153837
20.74 -0.0915332 -0.12275 0.15312
20.75 -0.082797 -0.127951 0.152404
20.76 -0.0737735 -0.132537 0.151685
20.77 -0.0645066 -0.136492 0.150967
20.78 -0.0550392 -0.139804 0.150248
20.79 -0.0454162 -0.142464 0.149528
20.8 -0.0356818 -0.144466 0.148807
20.81 -0.0258814 -0.145807 0.148086
20.82 -0.0160587 -0.146487 0.147364
20.83 -0.00625924 -0.146508 0.146642
20.84 0.00347411 -0.145878 0.145919
20.85 0.0130973 -0.144604 0.145195
20.86 0.0225689 -0.142698 0.144472
20.87 0.0318466 -0.140175 0.143747
20.88 0.0408914 -0.137052 0.143022
20.89 0.0496639 -0.133348 0.142297
20.9 0.0581274 -0.129087 0.141571
20.91 0.0662468 -0.124292 0.140845
20.92 0.0739882 -0.118991 0.140118
20.93 0.0813208 -0.113211 0.139391
20.94 0.088215 -0.106985 0.138664
20.95 0.0946441 -0.100343 0.137936
20.96 0.100583 -0.0933218 0.137208
20.97 0.106011 -0.0859552 0.136479
20.98 0.110907 -0.0782808 0.13575
20.99 0.115255 -0.070336 0.135022
21 0.11904 -0.06216 0.134292
21.01 0.122252 -0.053792 0.133563
21.02 0.12488 -0.0452718 0.132833
21.03 0.126921 -0.0366402 0.132103
21.04 0.128368 -0.027937 0.131373
21.05 0.129224 -0.0192034 0.130643
21.06 0.129489 -0.0104783 0.129913
21.07 0.12917 -0.00180232 0.129182
21.08 0.128272 0.00678597 0.128452
21.09 0.126807 0.015248 0.127721
21.1 0.124788 0.0235472 0.12699
21.11 0.122229 0.0316463 0.126259
21.12 0.119148 0.0395116 0.125529
21.13 0.115565 0.0471088 0.124798
21.14 0.111502 0.0544068 0.124067
21.15 0.106981 0.061375 0.123336
21.16 0.102031 0.0679852 0.122606
21.17 0.0966759 0.0742111 0.121875
21.18 0.0909477 0.0800285 0.121145
21.19 0.0848752 0.0854156 0.120414
21.2 0.0784911 0.0903517 0.119684
21.21 0.0718277 0.0948204 0.118954
21.22 0.0649189 0.0988057 0.118224
21.23 0.0577993 0.102295 0.117495
21.24 0.0505044 0.105278 0.116766
21.25 0.0430694 0.107748 0.116037
21.26 0.0355305 0.109697 0.115308
21.27 0.0279234 0.111125 0.11458
21.28 0.0202841 0.11203 0.113852
21.29 0.0126485 0.112415 0.113125
21.3 0.00505096 0.112284 0.112397
21.31 -0.00247275 0.111644 0.111671
21.32 -0.00988991 0.110503 0.110945
21.33 -0.0171663 0.108874 0.110219
21.34 -0.0242715 0.106771 0.109495
21.35 -0.0311735 0.104208 0.10877
21.36 -0.0378436 0.101203 0.108047
21.37 -0.0442535 0.0977757 0.107324
21.38 -0.0503771 0.0939476 0.106602
21.39 -0.0561891 0.089741 0.10588
21.4 -0.0616672 0.085181 0.10516
21.41 -0.0667895 0.0802923 0.10444
21.42 -0.0715376 0.075103 0.103721
21.43 -0.0758939 0.0696399 0.103003
21.44 -0.0798431 0.0639332 0.102286
21.45 -0.0833727 0.0580116 0.101569
21.46 -0.0864713 0.0519064 0.100854
21.47 -0.0891309 0.0456477 0.10014
21.48 -0.091344 0.0392673 0.0994266
21.49 -0.0931076 0.0327964 0.0987149
21.5 -0.0944183 0.0262661 0.0980037
21.51 -0.095277 0.019708 0.0972939
21.52 -0.0956853 0.0131531 0.0965851
21.53 -0.0956483 0.00663192 0.0958779
21.54 -0.0951714 0.000174317 0.0951715
21.55 -0.094264 -0.00619007 0.094467
21.56 -0.0929353 -0.0124333 0.0937633
21.57 -0.0911984 -0.0185271 0.0930613
21.58 -0.0890668 -0.0244463 0.0923607
21.59 -0.086556 -0.0301642 0.0916614
21.6 -0.0836834 -0.0356581 0.0909638
21.61 -0.0804675 -0.0409044 0.0902673
21.62 -0.0769288 -0.0458832 0.0895729
21.63 -0.0730878 -0.0505741 0.0888795
21.64 -0.0689679 -0.0549597 0.0881881
21.65 -0.0645918 -0.0590238 0.087498
21.66 -0.0599844 -0.0627519 0.0868098
21.67 -0.0551704 -0.0661316 0.086123
21.68 -0.0501762 -0.0691522 0.0854382
21.69 -0.0450271 -0.0718048 0.0847547
21.7 -0.0397508 -0.0740825 0.0840734
21.71 -0.034373 -0.0759804 0.0833938
21.72 -0.0289216 -0.0774947 0.0827157
21.73 -0.0234229 -0.078625 0.0820398
21.74 -0.0179039 -0.0793711 0.0813653
21.75 -0.0123909 -0.0797362 0.0806932
21.76 -0.00690994 -0.0797236 0.0800225
21.77 -0.00148676 -0.0793403 0.0793542
21.78 0.00385461 -0.078593 0.0786875
21.79 0.00908919 -0.0774917 0.0780229
21.8 0.0141945 -0.0760469 0.0773603
21.81 0.019148 -0.0742711 0.0766997
21.82 0.0239288 -0.072178 0.0760411
21.83 0.0285167 -0.0697829 0.0753847
21.84 0.0328935 -0.0671017 0.0747303
21.85 0.0370409 -0.0641522 0.0740779
21.86 0.040944 -0.0609529 0.073428
21.87 0.0445873 -0.0575226 0.0727796
21.88 0.0479582 -0.0538825 0.072134
21.89 0.0510447 -0.0500525 0.0714899
21.9 0.0538373 -0.0460551 0.0708487
21.91 0.0563274 -0.0419112 0.0702092
21.92 0.058508 -0.0376443 0.0695722
21.93 0.0603744 -0.033276 0.0689374
21.94 0.0619225 -0.0288296 0.0683048
21.95 0.0631509 -0.0243275 0.0676747
21.96 0.0640587 -0.0197926 0.0670467
21.97 0.0646477 -0.0152468 0.0664213
21.98 0.0649201 -0.0107129 0.0657981
21.99 0.064881 -0.00621166 0.0651776
22 0.0645348 -0.00176493 0.064559
22.01 0.0638902 0.00260693 0.0639434
22.02 0.0629544 0.00688462 0.0633298
22.03 0.0617383 0.0110485 0.0627191
22.04 0.0602519 0.0150811 0.0621106
22.05 0.0585081 0.0189646 0.0615049
22.06 0.0565196 0.022684 0.0609017
22.07 0.0543007 0.026223 0.060301
22.08 0.0518665 0.029569 0.0597031
22.09 0.0492328 0.0327083 0.0591076
22.1 0.0464163 0.0356304 0.0585149
22.11 0.043434 0.0383245 0.0579248
22.12 0.0403037 0.0407825 0.0573376
22.13 0.0370432 0.042996 0.0567526
22.14 0.0336717 0.04496 0.056171
22.15 0.0302065 0.0466691 0.0555917
22.16 0.0266679 0.0481199 0.0550154
22.17 0.0230733 0.0493106 0.0544418
22.18 0.0194425 0.0502404 0.0538712
22.19 0.0157929 0.0509103 0.0533036
22.2 0.0121437 0.0513214 0.0527386
22.21 0.00851218 0.0514779 0.0521769
22.22 0.00491612 0.0513831 0.0516177
22.23 0.00137232 0.0510435 0.051062
22.24 -0.00210285 0.050465 0.0505088
22.25 -0.00549364 0.049656 0.049959
22.26 -0.00878513 0.0486247 0.049412
22.27 -0.0119633 0.0473815 0.0488685
22.28 -0.0150149 0.0459359 0.0483276
22.29 -0.0179269 0.0443003 0.0477901
22.3 -0.0206891 0.0424861 0.0472557
22.31 -0.0232896 0.0405063 0.0467244
22.32 -0.0257203 0.0383742 0.0461965
22.33 -0.0279718 0.0361035 0.0456715
22.34 -0.0300375 0.0337087 0.0451501
22.35 -0.0319107 0.0312038 0.0446315
22.36 -0.0335867 0.0286043 0.0441166
22.37 -0.035061 0.0259244 0.0436044
22.38 -0.0363311 0.0231799 0.0430959
22.39 -0.0373951 0.0203855 0.0425906
22.4 -0.0382523 0.0175562 0.0420887
22.41 -0.0389027 0.0147067 0.0415898
22.42 -0.0393483 0.0118524 0.0410946
22.43 -0.0395912 0.00900639 0.0406026
22.44 -0.0396342 0.00618398 0.0401138
22.45 -0.0394828 0.00339778 0.0396287
22.46 -0.0391409 0.000661498 0.0391465
22.47 -0.0386158 -0.00201269 0.0386683
22.48 -0.0379134 -0.0046127 0.0381929
22.49 -0.0370419 -0.00712707 0.0377213
22.5 -0.036009 -0.00954546 0.0372527
22.51 -0.0348246 -0.0118575 0.036788
22.52 -0.0334973 -0.0140547 0.0363263
22.53 -0.0320377 -0.0161281 0.0358682
22.54 -0.030456 -0.0180707 0.0354135
22.55 -0.0287635 -0.0198755 0.0349624
22.56 -0.0269706 -0.021537 0.0345146
22.57 -0.0250896 -0.0230494 0.03407
22.58 -0.0231318 -0.02441 0.0336293
22.59 -0.0211087 -0.0256142 0.0331913
22.6 -0.0190329 -0.0266609 0.0327575
22.61 -0.0169153 -0.0275477 0.0323265
22.62 -0.0147687 -0.0282746 0.0318993
22.63 -0.0126038 -0.0288417 0.0314754
22.64 -0.0104329 -0.02925 0.0310549
22.65 -0.00826644 -0.0295015 0.0306377
22.66 -0.00611635 -0.0295987 0.0302241
22.67 -0.0039923 -0.0295454 0.0298139
22.68 -0.00190508 -0.0293453 0.029407
22.69 0.000136013 -0.0290033 0.0290036
22.7 0.00212103 -0.0285247 0.0286035
22.71 0.00404201 -0.027916 0.0282071
22.72 0.00588997 -0.0271828 0.0278136
22.73 0.00765765 -0.0263332 0.027424
22.74 0.0093382 -0.0253735 0.0270374
22.75 0.0109247 -0.0243129 0.0266545
22.76 0.0124122 -0.0231584 0.026275
22.77 0.0137949 -0.021919 0.0258987
22.78 0.0150691 -0.0206034 0.025526
22.79 0.0162304 -0.0192205 0.0251566
22.8 0.0172766 -0.0177791 0.0247907
22.81 0.0182046 -0.0162885 0.0244279
22.82 0.0190135 -0.0147578 0.0240688
22.83 0.0197019 -0.0131961 0.0237129
22.84 0.02027 -0.0116124 0.0233606
22.85 0.0207173 -0.0100154 0.0230112
22.86 0.0210459 -0.00841441 0.0226657
22.87 0.0212567 -0.00681716 0.0223231
22.88 0.0213522 -0.005233 0.0219841
22.89 0.0213355 -0.00366861 0.0216486
22.9 0.0212091 -0.00213282 0.0213161
22.91 0.0209778 -0.000632212 0.0209874
22.92 0.0206451 0.000826121 0.0206616
22.93 0.0202163 0.00223576 0.0203395
22.94 0.0196958 0.00359041 0.0200204
22.95 0.01909 0.0048848 0.0197051
22.96 0.0184039 0.0061138 0.0193928
22.97 0.0176438 0.0072728 0.019084
22.98 0.0168159 0.00835777 0.0187784
22.99 0.015927 0.00936508 0.0184763
23 0.0149831 0.0102919 0.0181774
23.01 0.0139915 0.0111355 0.0178819
23.02 0.0129585 0.0118944 0.0175898
23.03 0.0118912 0.0125663 0.0173007
23.04 0.0107963 0.0131516 0.0170154
23.05 0.00968014 0.0136486 0.0167329
23.06 0.00855002 0.0140581 0.016454
23.07 0.00741197 0.0143803 0.0161781
23.08 0.00627272 0.0146167 0.0159058
23.09 0.00513793 0.0147681 0.0156363
23.1 0.00401422 0.014837 0.0153705
23.11 0.00290673 0.0148254 0.0151077
23.12 0.00182134 0.0147361 0.0148482
23.13 0.000762622 0.0145719 0.0145918
23.14 -0.000263732 0.0143363 0.0143387
23.15 -0.00125418 0.0140329 0.0140889
23.16 -0.00220357 0.0136654 0.0138419
23.17 -0.00310909 0.0132385 0.0135987
23.18 -0.00396661 0.0127554 0.013358
23.19 -0.00477312 0.0122218 0.0131208
23.2 -0.00552638 0.0116414 0.0128866
23.21 -0.00622358 0.0110194 0.0126555
23.22 -0.00686313 0.0103603 0.0124273
23.23 -0.00744318 0.00966947 0.0122024
23.24 -0.00796305 0.00895107 0.0119805
23.25 -0.00842153 0.00821051 0.0117616
23.26 -0.00881859 0.00745221 0.0115457
23.27 -0.00915358 0.00668123 0.0113326
23.28 -0.00942758 0.00590207 0.0111227
23.29 -0.00964031 0.00511938 0.0109153
23.3 -0.00979371 0.00433765 0.0107113
23.31 -0.0098879 0.00356085 0.0105095
23.32 -0.00992549 0.00279386 0.0103112
23.33 -0.00990768 0.00203942 0.0101154
23.34 -0.00983648 0.00130245 0.00992233
23.35 -0.00971452 0.000585727 0.00973216
23.36 -0.00954402 -0.000107109 0.00954462
23.37 -0.00932793 -0.000773519 0.00935995
23.38 -0.00906888 -0.00141013 0.00917786
23.39 -0.00877004 -0.00201506 0.00899856
23.4 -0.00843429 -0.00258556 0.0088217
23.41 -0.00806531 -0.00312007 0.00864778
23.42 -0.00766571 -0.00361661 0.00847603
23.43 -0.0072397 -0.00407391 0.00830723
23.44 -0.00678987 -0.0044908 0.00814062
23.45 -0.00632058 -0.00486645 0.00797697
23.46 -0.00583417 -0.00520056 0.00781558
23.47 -0.00533485 -0.00549194 0.00765651
23.48 -0.00482567 -0.00574169 0.00750027
23.49 -0.00430977 -0.00594909 0.00734614
23.5 -0.00379069 -0.00611507 0.00719468
23.51 -0.00327125 -0.0062399 0.00704538
23.52 -0.00275458 -0.00632488 0.00689868
23.53 -0.00224348 -0.00637062 0.00675411
23.54 -0.0017407 -0.00637881 0.00661205
23.55 -0.00124867 -0.00635039 0.00647199
23.56 -0.000770322 -0.00628738 0.0063344
23.57 -0.000307218 -0.00619136 0.00619898
23.58 0.000137901 -0.00606435 0.00606592
23.59 0.00056389 -0.00590808 0.00593493
23.6 0.0009682 -0.00572477 0.00580607
23.61 0.00135025 -0.00551698 0.00567981
23.62 0.00170802 -0.00528605 0.00555514
23.63 0.00204061 -0.00503517 0.00543296
23.64 0.00234727 -0.00476603 0.00531269
23.65 0.00262706 -0.00448142 0.00519467
23.66 0.0028796 -0.0041833 0.00507859
23.67 0.00310458 -0.00387427 0.00496472
23.68 0.00330163 -0.00355629 0.00485262
23.69 0.00347084 -0.00323214 0.00474273
23.7 0.00361268 -0.00290346 0.00463482
23.71 0.0037269 -0.00257278 0.00452869
23.72 0.00381473 -0.00224188 0.00442472
23.73 0.00387617 -0.00191309 0.00432257
23.74 0.00391268 -0.00158786 0.00422261
23.75 0.0039242 -0.00126799 0.00412397
23.76 0.00391266 -0.000955677 0.00402768
23.77 0.00387858 -0.000651705 0.00393295
23.78 0.00382336 -0.00035826 0.00384011
23.79 0.00374831 -7.60293e-05 0.00374908
23.8 0.00365467 0.00019336 0.00365978
23.81 0.00354382 0.00044913 0.00357217
23.82 0.00341743 0.000690098 0.00348641
23.83 0.00327664 0.000915959 0.00340225
23.84 0.00312304 0.00112534 0.0033196
23.85 0.0029586 0.00131835 0.00323904
23.86 0.00278412 0.00149413 0.0031597
23.87 0.00260169 0.0016529 0.00308235
23.88 0.00241222 0.001794 0.00300619
23.89 0.00221795 0.00191761 0.00293198
23.9 0.0020194 0.00202396 0.00285909
23.91 0.00181873 0.0021127 0.0027877
23.92 0.00161684 0.00218479 0.00271799
23.93 0.00141519 0.00223994 0.00264955
23.94 0.001215 0.00227916 0.00258279
23.95 0.00101732 0.00230268 0.00251739
23.96 0.000823138 0.00231121 0.00245342
23.97 0.000633882 0.00230514 0.0023907
23.98 0.000450168 0.00228575 0.00232965
23.99 0.000272651 0.00225314 0.00226958
24 0.000102686 0.00220877 0.00221116
24.01 -5.96169e-05 0.00215293 0.00215375
24.02 -0.000213131 0.00208697 0.00209783
24.03 -0.000357914 0.00201146 0.00204305
24.04 -0.000492729 0.00192734 0.00198933
24.05 -0.000617929 0.00183591 0.00193711
24.06 -0.000732654 0.00173758 0.00188573
24.07 -0.000837116 0.00163393 0.00183589
24.08 -0.000931055 0.00152526 0.00178698
24.09 -0.00101422 0.00141285 0.0017392
24.1 -0.00108673 0.00129747 0.00169246
24.11 -0.00114891 0.00118008 0.00164699
24.12 -0.00120049 0.00106124 0.00160231
24.13 -0.00124172 0.000942342 0.0015588
24.14 -0.00127323 0.000823499 0.00151633
24.15 -0.00129483 0.000706013 0.0014748
24.16 -0.0013073 0.000590069 0.0014343
24.17 -0.00131054 0.000476708 0.00139455
24.18 -0.00130556 0.000366422 0.001356
24.19 -0.00129226 0.00025962 0.00131808
24.2 -0.00127173 0.000157145 0.00128141
24.21 -0.00124393 5.89536e-05 0.00124532
24.22 -0.00120968 -3.40341e-05 0.00121015
24.23 -0.00116964 -0.0001219 0.00117598
24.24 -0.00112414 -0.000204148 0.00114253
24.25 -0.00107366 -0.00028044 0.00110968
24.26 -0.0010192 -0.000350539 0.0010778
24.27 -0.000961074 -0.000414694 0.00104673
24.28 -0.000899811 -0.000472205 0.00101619
24.29 -0.000836239 -0.000523688 0.000986683
24.3 -0.000770576 -0.000568515 0.0009576
24.31 -0.000703784 -0.000607215 0.000929527
24.32 -0.000635943 -0.000639588 0.00090194
24.33 -0.000568007 -0.000665781 0.000875155
24.34 -0.00049992 -0.000686127 0.000848935
24.35 -0.000432809 -0.0007006 0.000823507
24.36 -0.000366521 -0.000709768 0.000798817
24.37 -0.000301576 -0.000713375 0.000774501
24.38 -0.000238529 -0.000712003 0.000750896
24.39 -0.000177703 -0.000705961 0.000727983
24.4 -0.000119109 -0.000695528 0.000705653
24.41 -6.33802e-05 -0.000680804 0.000683747
24.42 -1.05498e-05 -0.000662675 0.000662759
24.43 3.92399e-05 -0.000640772 0.000641972
24.44 8.55909e-05 -0.000616148 0.000622065
24.45 0.000128775 -0.000588506 0.00060243
24.46 0.000168217 -0.000558587 0.000583366
24.47 0.000204234 -0.000526734 0.000564942
24.48 0.000236347 -0.000493168 0.000546877
24.49 0.000265185 -0.00045831 0.000529501
24.5 0.000290124 -0.000422265 0.000512327
24.51 0.000311496 -0.000385778 0.000495837
24.52 0.000329423 -0.00034878 0.000479758
24.53 0.000343877 -0.000311666 0.000464098
24.54 0.000354862 -0.000274793 0.000448819
24.55 0.000362837 -0.000238491 0.000434199
24.56 0.000367651 -0.000202596 0.000419776
24.57 0.000369625 -0.000167889 0.000405967
24.58 0.000368975 -0.000133843 0.000392501
24.59 0.000365536 -0.000101413 0.000379344
24.6 0.000359934 -7.02857e-05 0.000366732
24.61 0.000351988 -4.06203e-05 0.000354324
24.62 0.000342282 -1.26824e-05 0.000342517
24.63 0.000330513 1.35238e-05 0.00033079
24.64 0.00031747 3.78261e-05 0.000319715
24.65 0.000302906 6.04656e-05 0.000308882
24.66 0.000287093 8.09988e-05 0.0002983
24.67 0.000270365 9.95945e-05 0.000288125
24.68 0.00025286 0.000116266 0.000278309
24.69 0.000234626 0.000131084 0.000268761
24.7 0.00021607 0.000143875 0.000259589
24.71 0.000197081 0.000154993 0.000250726
24.72 0.000177886 0.000163878 0.000241866
24.73 0.000158839 0.000171357 0.000233651
24.74 0.000139706 0.000176935 0.000225441
24.75 0.000121036 0.000180752 0.000217534
24.76 0.000102619 0.000183122 0.000209915
24.77 8.49072e-05 0.000183987 0.000202633
24.78 6.75209e-05 0.000183485 0.000195515
24.79 5.09559e-05 0.00018152 0.000188537
24.8 3.51577e-05 0.00017847 0.0001819
24.81 2.00947e-05 0.000174287 0.000175442
24.82 5.98693e-06 0.000169128 0.000169234
24.83 -7.16009e-06 0.00016303 0.000163187
24.84 -1.95038e-05 0.000156164 0.000157377
24.85 -3.07195e-05 0.000148501 0.000151645
24.86 -4.10214e-05 0.000140529 0.000146394
24.87 -5.0329e-05 0.000131637 0.00014093
24.88 -5.84108e-05 0.000122611 0.000135814
24.89 -6.56573e-05 0.000113337 0.000130981
24.9 -7.1786e-05 0.000103741 0.000126156
24.91 -7.71181e-05 9.40374e-05 0.000121615
24.92 -8.1298e-05 8.42689e-05 0.000117092
24.93 -8.47444e-05 7.45972e-05 0.0001129
24.94 -8.72149e-05 6.49545e-05 0.000108745
24.95 -8.87503e-05 5.55172e-05 0.000104684
24.96 -8.95472e-05 4.62359e-05 0.000100779
24.97 -8.95885e-05 3.73316e-05 9.70554e-05
24.98 -8.8822e-05 2.87487e-05 9.33587e-05
24.99 -8.75401e-05 2.05454e-05 8.99187e-05
25 -8.54422e-05 1.25739e-05 8.63625e-05
25.01 -8.28325e-05 5.48763e-06 8.30141e-05
25.02 -7.98627e-05 -1.41483e-06 7.98752e-05
25.03 -7.62824e-05 -7.74479e-06 7.66745e-05
25.04 -7.25168e-05 -1.3463e-05 7.3756e-05
25.05 -6.83017e-05 -1.86991e-05 7.08151e-05
25.06 -6.39848e-05 -2.33453e-05 6.81107e-05
25.07 -5.92478e-05 -2.7487e-05 6.53134e-05
25.08 -5.44473e-05 -3.10612e-05 6.26842e-05
25.09 -4.95954e-05 -3.40913e-05 6.01824e-05
25.1 -4.46686e-05 -3.64971e-05 5.7683e-05
25.11 -3.97756e-05 -3.85412e-05 5.53852e-05
25.12 -3.49655e-05 -4.00645e-05 5.31766e-05
25.13 -3.00944e-05 -4.10803e-05 5.09241e-05
25.14 -2.55409e-05 -4.15451e-05 4.87681e-05
25.15 -2.10102e-05 -4.193e-05 4.68994e-05
25.16 -1.66234e-05 -4.16019e-05 4.48001e-05
25.17 -1.26515e-05 -4.10622e-05 4.2967e-05
25.18 -8.68728e-06 -4.02428e-05 4.11698e-05
25.19 -5.077e-06 -3.9052e-05 3.93806e-05
25.2 -1.5426e-06 -3.77024e-05 3.7734e-05
25.21 1.53235e-06 -3.603e-05 3.60626e-05
25.22 4.37287e-06 -3.41459e-05 3.44247e-05
25.23 6.9217e-06 -3.2163e-05 3.28994e-05
25.24 9.14105e-06 -3.01322e-05 3.14882e-05
25.25 1.11181e-05 -2.78379e-05 2.9976e-05
25.26 1.28185e-05 -2.55696e-05 2.86028e-05
25.27 1.41948e-05 -2.33116e-05 2.72933e-05
25.28 1.54744e-05 -2.10752e-05 2.61461e-05
25.29 1.63067e-05 -1.86319e-05 2.476e-05
25.3 1.69181e-05 -1.65095e-05 2.36386e-05
25.31 1.74921e-05 -1.4279e-05 2.25802e-05
25.32 1.76887e-05 -1.2157e-05 2.14636e-05
25.33 1.78517e-05 -1.01874e-05 2.0554e-05
25.34 1.76698e-05 -8.14707e-06 1.94576e-05
25.35 1.74672e-05 -6.35303e-06 1.85867e-05
25.36 1.7079e-05 -4.68528e-06 1.771e-05
25.37 1.6548e-05 -3.04449e-06 1.68258e-05
25.38 1.59994e-05 -1.531e-06 1.60725e-05
25.39 1.53668e-05 -2.97512e-07 1.53696e-05
25.4 1.46936e-05 9.54756e-07 1.47246e-05
25.41 1.39343e-05 2.09359e-06 1.40907e-05
25.42 1.29622e-05 3.10083e-06 1.3328e-05
25.43 1.21674e-05 3.86653e-06 1.2767e-05
25.44 1.12882e-05 4.6965e-06 1.22262e-05
25.45 1.03063e-05 5.24715e-06 1.15651e-05
25.46 9.46339e-06 5.79588e-06 1.10972e-05
25.47 8.4752e-06 6.25699e-06 1.05347e-05
25.48 7.65177e-06 6.46286e-06 1.00159e-05
25.49 6.714e-06 6.76664e-06 9.53232e-06
25.5 5.86104e-06 6.95421e-06 9.09466e-06
25.51 5.12647e-06 6.94733e-06 8.634e-06
25.52 4.37702e-06 6.94188e-06 8.20658e-06
25.53 3.64887e-06 6.99985e-06 7.89381e-06
25.54 2.89661e-06 6.87019e-06 7.45586e-06
25.55 2.19135e-06 6.75128e-06 7.09802e-06
25.56 1.67078e-06 6.57418e-06 6.78316e-06
25.57 9.83991e-07 6.39565e-06 6.4709e-06
25.58 4.77971e-07 6.09347e-06 6.11219e-06
25.59 3.87789e-08 5.90035e-06 5.90048e-06
25.6 -4.85393e-07 5.54434e-06 5.56555e-06
25.61 -8.63124e-07 5.23896e-06 5.30958e-06
25.62 -1.37279e-06 5.0254e-06 5.20953e-06
25.63 -1.65354e-06 4.57959e-06 4.86897e-06
25.64 -1.94214e-06 4.20999e-06 4.63637e-06
25.65 -2.27528e-06 3.93206e-06 4.5429e-06
25.66 -2.55763e-06 3.56457e-06 4.38721e-06
25.67 -2.80115e-06 3.13935e-06 4.20737e-06
25.68 -2.95747e-06 2.8379e-06 4.09882e-06
25.69 -3.07252e-06 2.41565e-06 3.90842e-06
25.7 -3.23032e-06 2.05316e-06 3.82759e-06
25.71 -3.13715e-06 1.67292e-06 3.55533e-06
25.72 -3.16541e-06 1.32341e-06 3.43092e-06
25.73 -3.19313e-06 9.4118e-07 3.32894e-06
25.74 -3.12342e-06 7.14856e-07 3.20418e-06
25.75 -3.11728e-06 3.76013e-07 3.13988e-06
25.76 -2.88808e-06 -1.62834e-08 2.88813e-06
25.77 -2.83446e-06 -1.70708e-07 2.83959e-06
25.78 -2.72012e-06 -4.45448e-07 2.75636e-06
25.79 -2.53046e-06 -7.19353e-07 2.63072e-06
25.8 -2.38099e-06 -8.7717e-07 2.53743e-06
25.81 -2.20448e-06 -1.03226e-06 2.43419e-06
25.82 -2.04061e-06 -1.24332e-06 2.38955e-06
25.83 -1.83033e-06 -1.30842e-06 2.2499e-06
25.84 -1.55315e-06 -1.45036e-06 2.12505e-06
25.85 -1.51086e-06 -1.49184e-06 2.12328e-06
25.86 -1.3424e-06 -1.4791e-06 1.99744e-06
25.87 -1.17613e-06 -1.47996e-06 1.89039e-06
25.88 -1.02852e-06 -1.55565e-06 1.86491e-06
25.89 -7.91333e-07 -1.49121e-06 1.68817e-06
25.9 -7.46105e-07 -1.39339e-06 1.58057e-06
25.91 -5.17283e-07 -1.44692e-06 1.53661e-06
25.92 -3.88376e-07 -1.3017e-06 1.3584e-06
25.93 -3.41923e-07 -1.17877e-06 1.22736e-06
25.94 -2.32207e-07 -1.11084e-06 1.13485e-06
25.95 -1.56021e-07 -9.74249e-07 9.86663e-07
25.96 -4.45498e-08 -8.1641e-07 8.17625e-07
25.97 -3.52331e-08 -7.30849e-07 7.31698e-07
25.98 -1.20465e-07 -4.6246e-07 4.77892e-07
25.99 -1.31244e-08 -3.13485e-07 3.1376e-07
26 -3.34094e-08 -1.99427e-07 2.02206e-07
