0 -0.000491466 0.00842796 0.00844227
0.01 -0.000973082 0.0168212 0.0168493
0.02 -0.0014352 0.0251454 0.0251863
0.03 -0.00186805 0.0333662 0.0334185
0.04 -0.00226232 0.0414499 0.0415116
0.05 -0.002609 0.049363 0.0494319
0.06 -0.00289902 0.0570733 0.0571469
0.07 -0.00312431 0.0645487 0.0646242
0.08 -0.00327692 0.0717583 0.0718331
0.09 -0.00334937 0.0786728 0.078744
0.1 -0.00333501 0.0852631 0.0853283
0.11 -0.00322782 0.0915021 0.0915591
0.12 -0.00302212 0.097364 0.0974109
0.13 -0.00271349 0.102824 0.10286
0.14 -0.00229784 0.10786 0.107885
0.15 -0.00177217 0.112451 0.112465
0.16 -0.00113421 0.116577 0.116583
0.17 -0.000382575 0.120221 0.120221
0.18 0.000483148 0.123367 0.123368
0.19 0.00146249 0.126002 0.126011
0.2 0.00255433 0.128115 0.128141
0.21 0.00375601 0.129696 0.129751
0.22 0.0050646 0.130738 0.130836
0.23 0.00647596 0.131236 0.131396
0.24 0.00798488 0.131187 0.13143
0.25 0.00958554 0.130591 0.130942
0.26 0.0112713 0.129448 0.129938
0.27 0.0130342 0.127764 0.128427
0.28 0.0148661 0.125544 0.126421
0.29 0.0167577 0.122796 0.123934
0.3 0.0186991 0.11953 0.120984
0.31 0.0206798 0.115759 0.117592
0.32 0.0226885 0.111498 0.113783
0.33 0.0247136 0.106762 0.109585
0.34 0.0267428 0.101571 0.105033
0.35 0.0287632 0.0959445 0.100163
0.36 0.0307622 0.0899047 0.095022
0.37 0.0327262 0.0834756 0.0896615
0.38 0.0346416 0.0766824 0.0841441
0.39 0.0364951 0.0695522 0.0785456
0.4 0.0382727 0.0621134 0.072958
0.41 0.0399607 0.0543955 0.0674961
0.42 0.0415457 0.0464295 0.0623036
0.43 0.0430142 0.0382472 0.0575593
0.44 0.044353 0.0298816 0.0534799
0.45 0.0455495 0.0213663 0.0503118
0.46 0.0465911 0.0127357 0.0483004
0.47 0.0474663 0.00402446 0.0476366
0.48 0.0481636 -0.00473186 0.0483955
0.49 0.0486725 -0.0134979 0.0505094
0.5 0.0489832 -0.0222378 0.0537947
0.51 0.0490866 -0.0309161 0.0580111
0.52 0.0489744 -0.0394972 0.0629168
0.53 0.0486398 -0.0479457 0.068298
0.54 0.0480762 -0.0562272 0.0739785
0.55 0.0472786 -0.0643073 0.0798166
0.56 0.046243 -0.0721525 0.0856995
0.57 0.0449663 -0.0797304 0.0915364
0.58 0.0434468 -0.0870093 0.0972535
0.59 0.0416842 -0.0939586 0.10279
0.6 0.039679 -0.100549 0.108095
0.61 0.0374334 -0.106753 0.113126
0.62 0.0349505 -0.112543 0.117845
0.63 0.032235 -0.117896 0.122223
0.64 0.0292929 -0.122787 0.126233
0.65 0.0261311 -0.127195 0.129852
0.66 0.0227583 -0.131101 0.133062
0.67 0.0191841 -0.134488 0.135849
0.68 0.0154194 -0.137339 0.138202
0.69 0.0114765 -0.139641 0.140112
0.7 0.0073688 -0.141383 0.141574
0.71 0.00311045 -0.142555 0.142589
0.72 -0.00128272 -0.143151 0.143157
0.73 -0.00579426 -0.143166 0.143283
0.74 -0.0104067 -0.142598 0.142977
0.75 -0.0151016 -0.141447 0.142251
0.76 -0.0198599 -0.139715 0.141119
0.77 -0.0246615 -0.137406 0.139602
0.78 -0.0294858 -0.134528 0.137722
0.79 -0.034312 -0.131091 0.135507
0.8 -0.039118 -0.127104 0.132988
0.81 -0.0438821 -0.122583 0.130201
0.82 -0.0485821 -0.117543 0.127187
0.83 -0.0531954 -0.112002 0.123993
0.84 -0.0576996 -0.10598 0.120669
0.85 -0.0620725 -0.0994994 0.117274
0.86 -0.0662913 -0.092584 0.11387
0.87 -0.0703344 -0.0852596 0.110527
0.88 -0.0741799 -0.0775537 0.107318
0.89 -0.0778068 -0.0694954 0.104324
0.9 -0.0811942 -0.0611153 0.101625
0.91 -0.0843224 -0.0524456 0.0993016
0.92 -0.0871722 -0.0435193 0.0974316
0.93 -0.0897255 -0.0343709 0.0960834
0.94 -0.0919648 -0.0250359 0.0953117
0.95 -0.0938742 -0.0155506 0.0951535
0.96 -0.0954387 -0.00595217 0.0956241
0.97 -0.0966443 0.00372198 0.0967159
0.98 -0.0974791 0.0134336 0.0984004
0.99 -0.0979321 0.0231442 0.10063
1 -0.0979936 0.0328154 0.103342
1.01 -0.0976562 0.0424085 0.106467
1.02 -0.0969135 0.0518853 0.109929
1.03 -0.0957609 0.0612074 0.113651
1.04 -0.0941959 0.0703374 0.117559
1.05 -0.0922173 0.079238 0.121584
1.06 -0.0898259 0.087873 0.12566
1.07 -0.0870244 0.096207 0.129727
1.08 -0.0838172 0.104206 0.133732
1.09 -0.0802107 0.111836 0.137626
1.1 -0.0762129 0.119065 0.141368
1.11 -0.0718339 0.125863 0.14492
1.12 -0.0670856 0.132202 0.148249
1.13 -0.0619813 0.138053 0.151328
1.14 -0.0565365 0.143391 0.154135
1.15 -0.0507684 0.148193 0.156648
1.16 -0.0446954 0.152438 0.158855
1.17 -0.0383379 0.156105 0.160744
1.18 -0.031718 0.159177 0.162307
1.19 -0.0248587 0.16164 0.163541
1.2 -0.0177848 0.163481 0.164445
1.21 -0.0105222 0.164688 0.165024
1.22 -0.00309798 0.165255 0.165284
1.23 0.00445954 0.165175 0.165236
1.24 0.0121213 0.164446 0.164893
1.25 0.0198572 0.163068 0.164272
1.26 0.0276363 0.161041 0.163396
1.27 0.0354275 0.158372 0.162286
1.28 0.0431987 0.155066 0.160971
1.29 0.0509175 0.151134 0.159481
1.3 0.058552 0.146587 0.157849
1.31 0.066069 0.141441 0.156111
1.32 0.0734365 0.135711 0.154306
1.33 0.080622 0.129417 0.152475
1.34 0.0875935 0.122581 0.150661
1.35 0.0943196 0.115227 0.148907
1.36 0.100769 0.107379 0.147257
1.37 0.106913 0.0990667 0.145755
1.38 0.112721 0.0903191 0.144442
1.39 0.118165 0.0811679 0.143357
1.4 0.123218 0.0716464 0.142534
1.41 0.127855 0.0617895 0.142003
1.42 0.132051 0.0516334 0.141787
1.43 0.135783 0.041216 0.141901
1.44 0.139031 0.0305759 0.142353
1.45 0.141774 0.0197531 0.143143
1.46 0.143995 0.00878844 0.144263
1.47 0.14568 -0.00227671 0.145697
1.48 0.146813 -0.0134002 0.147423
1.49 0.147384 -0.0245395 0.149413
1.5 0.147383 -0.0356519 0.151634
1.51 0.146804 -0.0466943 0.154051
1.52 0.145641 -0.0576243 0.156626
1.53 0.143892 -0.0683989 0.159322
1.54 0.141558 -0.0789763 0.162098
1.55 0.13864 -0.0893147 0.164918
1.56 0.135143 -0.0993731 0.167746
1.57 0.131075 -0.109112 0.170546
1.58 0.126444 -0.118491 0.173287
1.59 0.121264 -0.127475 0.175939
1.6 0.115548 -0.136024 0.178477
1.61 0.109313 -0.144106 0.180876
1.62 0.102578 -0.151686 0.183115
1.63 0.0953646 -0.158734 0.185178
1.64 0.0876955 -0.165218 0.18705
1.65 0.0795962 -0.171112 0.188719
1.66 0.0710943 -0.17639 0.190179
1.67 0.0622191 -0.181029 0.191423
1.68 0.0530017 -0.185007 0.192449
1.69 0.0434748 -0.188306 0.193259
1.7 0.0336729 -0.19091 0.193857
1.71 0.0236317 -0.192805 0.194248
1.72 0.0133885 -0.19398 0.194442
1.73 0.00298125 -0.194428 0.194451
1.74 -0.0075502 -0.194142 0.194289
1.75 -0.0181663 -0.19312 0.193973
1.76 -0.0288258 -0.191362 0.193521
1.77 -0.0394873 -0.18887 0.192954
1.78 -0.0501091 -0.18565 0.192294
1.79 -0.060649 -0.181711 0.191565
1.8 -0.071065 -0.177063 0.190792
1.81 -0.081315 -0.171721 0.190001
1.82 -0.0913575 -0.165701 0.189217
1.83 -0.101151 -0.159022 0.188467
1.84 -0.110655 -0.151706 0.187775
1.85 -0.11983 -0.143778 0.187166
1.86 -0.128637 -0.135262 0.186664
1.87 -0.137037 -0.12619 0.186288
1.88 -0.144996 -0.116592 0.186058
1.89 -0.152477 -0.106501 0.185989
1.9 -0.159447 -0.0959531 0.186093
1.91 -0.165875 -0.0849849 0.186379
1.92 -0.171731 -0.0736356 0.186853
1.93 -0.176987 -0.0619457 0.187515
1.94 -0.181618 -0.0499574 0.188364
1.95 -0.1856 -0.0377139 0.189393
1.96 -0.188911 -0.0252598 0.190593
1.97 -0.191534 -0.0126404 0.191951
1.98 -0.193453 9.77452e-05 0.193453
1.99 -0.194654 0.0129079 0.195082
2 -0.195127 0.0257425 0.196818
2.01 -0.194864 0.0385539 0.198641
2.02 -0.193859 0.0512942 0.20053
2.03 -0.192111 0.0639158 0.202464
2.04 -0.18962 0.0763707 0.204421
2.05 -0.18639 0.0886121 0.206381
2.06 -0.182427 0.100593 0.208324
2.07 -0.177742 0.112269 0.210229
2.08 -0.172345 0.123593 0.212081
2.09 -0.166253 0.134524 0.213861
2.1 -0.159483 0.145017 0.215557
2.11 -0.152057 0.155032 0.217154
2.12 -0.143996 0.164529 0.218643
2.13 -0.135329 0.173472 0.220014
2.14 -0.126082 0.181823 0.221261
2.15 -0.116287 0.18955 0.222378
2.16 -0.105978 0.196621 0.223364
2.17 -0.0951896 0.203007 0.224216
2.18 -0.0839597 0.20868 0.224937
2.19 -0.0723279 0.213617 0.22553
2.2 -0.0603356 0.217796 0.225999
2.21 -0.0480256 0.221198 0.226351
2.22 -0.0354426 0.223806 0.226595
2.23 -0.0226322 0.225608 0.22674
2.24 -0.00964159 0.226593 0.226798
2.25 0.00348138 0.226753 0.22678
2.26 0.016688 0.226085 0.2267
2.27 0.0299287 0.224586 0.226572
2.28 0.043154 0.22226 0.22641
2.29 0.0563136 0.219109 0.22623
2.3 0.0693577 0.215143 0.226047
2.31 0.082236 0.210372 0.225874
2.32 0.0948995 0.20481 0.225728
2.33 0.107299 0.198474 0.225621
2.34 0.119385 0.191383 0.225567
2.35 0.131112 0.18356 0.225577
2.36 0.142433 0.175032 0.225662
2.37 0.153303 0.165824 0.225831
2.38 0.163679 0.155969 0.22609
2.39 0.173518 0.145499 0.226447
2.4 0.18278 0.13445 0.226904
2.41 0.191429 0.122859 0.227463
2.42 0.199426 0.110768 0.228124
2.43 0.20674 0.0982165 0.228884
2.44 0.213339 0.0852495 0.229741
2.45 0.219193 0.0719121 0.230688
2.46 0.224278 0.0582512 0.231719
2.47 0.228569 0.0443154 0.232825
2.48 0.232046 0.0301537 0.233997
2.49 0.234693 0.0158169 0.235225
2.5 0.236494 0.00135618 0.236498
2.51 0.237439 -0.0131767 0.237804
2.52 0.237519 -0.0277292 0.239132
2.53 0.236729 -0.0422486 0.24047
2.54 0.235069 -0.0566825 0.241806
2.55 0.232538 -0.0709782 0.24313
2.56 0.229144 -0.0850834 0.24443
2.57 0.224892 -0.0989464 0.245697
2.58 0.219796 -0.112516 0.246921
2.59 0.213869 -0.125743 0.248095
2.6 0.20713 -0.138577 0.249211
2.61 0.199598 -0.150971 0.250264
2.62 0.191299 -0.162879 0.251247
2.63 0.182259 -0.174256 0.252158
2.64 0.172508 -0.185058 0.252993
2.65 0.162078 -0.195245 0.253752
2.66 0.151005 -0.204779 0.254434
2.67 0.139325 -0.213621 0.25504
2.68 0.12708 -0.221739 0.255573
2.69 0.114312 -0.229099 0.256035
2.7 0.101065 -0.235674 0.25643
2.71 0.0873856 -0.241436 0.256764
2.72 0.0733216 -0.246363 0.257042
2.73 0.0589232 -0.250433 0.257271
2.74 0.0442413 -0.253629 0.257458
2.75 0.0293284 -0.255936 0.257611
2.76 0.0142379 -0.257343 0.257737
2.77 -0.000975638 -0.257843 0.257844
2.78 -0.0162578 -0.257429 0.257942
2.79 -0.0315529 -0.256101 0.258038
2.8 -0.0468053 -0.25386 0.258139
2.81 -0.0619597 -0.250712 0.258254
2.82 -0.0769604 -0.246663 0.258391
2.83 -0.0917525 -0.241727 0.258555
2.84 -0.106282 -0.235917 0.258752
2.85 -0.120494 -0.229252 0.258989
2.86 -0.134337 -0.221752 0.259269
2.87 -0.147759 -0.213442 0.259596
2.88 -0.160711 -0.204348 0.259973
2.89 -0.173143 -0.1945 0.260401
2.9 -0.185009 -0.183931 0.260881
2.91 -0.196264 -0.172677 0.261413
2.92 -0.206866 -0.160775 0.261996
2.93 -0.216774 -0.148265 0.262628
2.94 -0.22595 -0.13519 0.263305
2.95 -0.234358 -0.121594 0.264024
2.96 -0.241966 -0.107525 0.264781
2.97 -0.248744 -0.0930296 0.265572
2.98 -0.254665 -0.0781592 0.26639
2.99 -0.259705 -0.0629647 0.267229
3 -0.263844 -0.047499 0.268085
3.01 -0.267062 -0.0318157 0.268951
3.02 -0.269347 -0.0159699 0.26982
3.03 -0.270687 -1.65986e-05 0.270687
3.04 -0.271075 0.015988 0.271546
3.05 -0.270506 0.0319878 0.272391
3.06 -0.26898 0.0479265 0.273217
3.07 -0.2665 0.0637478 0.274018
3.08 -0.263071 0.079396 0.274791
3.09 -0.258704 0.0948153 0.275531
3.1 -0.25341 0.109951 0.276235
3.11 -0.247207 0.12475 0.276901
3.12 -0.240115 0.139159 0.277525
3.13 -0.232155 0.153126 0.278107
3.14 -0.223355 0.166602 0.278646
3.15 -0.213743 0.179539 0.279142
3.16 -0.203351 0.191889 0.279594
3.17 -0.192214 0.203608 0.280004
3.18 -0.18037 0.214654 0.280374
3.19 -0.167859 0.224986 0.280705
3.2 -0.154723 0.234568 0.281001
3.21 -0.141008 0.243364 0.281264
3.22 -0.126761 0.251341 0.281497
3.23 -0.11203 0.258471 0.281705
3.24 -0.0968665 0.264726 0.281891
3.25 -0.0813233 0.270082 0.28206
3.26 -0.065454 0.274521 0.282216
3.27 -0.0493134 0.278023 0.282363
3.28 -0.0329583 0.280576 0.282505
3.29 -0.016445 0.282168 0.282647
3.3 0.000168316 0.282793 0.282793
3.31 0.0168239 0.282445 0.282946
3.32 0.0334633 0.281126 0.28311
3.33 0.0500285 0.278837 0.283289
3.34 0.0664611 0.275584 0.283485
3.35 0.0827036 0.271378 0.283701
3.36 0.0986989 0.266232 0.283938
3.37 0.114391 0.26016 0.284198
3.38 0.129724 0.253184 0.284483
3.39 0.144644 0.245326 0.284792
3.4 0.159099 0.23661 0.285126
3.41 0.173037 0.227067 0.285484
3.42 0.186409 0.216728 0.285866
3.43 0.199169 0.205627 0.286271
3.44 0.21127 0.193802 0.286695
3.45 0.22267 0.181291 0.287139
3.46 0.233328 0.168138 0.287598
3.47 0.243207 0.154387 0.288071
3.48 0.252271 0.140083 0.288554
3.49 0.260487 0.125276 0.289046
3.5 0.267826 0.110015 0.289541
3.51 0.274262 0.0943533 0.290039
3.52 0.279772 0.0783429 0.290534
3.53 0.284335 0.0620386 0.291024
3.54 0.287934 0.0454958 0.291507
3.55 0.290557 0.0287711 0.291978
3.56 0.292193 0.0119213 0.292436
3.57 0.292835 -0.00499624 0.292878
3.58 0.292481 -0.0219234 0.293302
3.59 0.29113 -0.0388028 0.293705
3.6 0.288787 -0.0555767 0.294086
3.61 0.285458 -0.0721877 0.294444
3.62 0.281155 -0.0885791 0.294778
3.63 0.27589 -0.104695 0.295087
3.64 0.269682 -0.12048 0.295371
3.65 0.262551 -0.135881 0.295629
3.66 0.25452 -0.150844 0.295862
3.67 0.245617 -0.165319 0.296072
3.68 0.235872 -0.179257 0.296257
3.69 0.225316 -0.192608 0.296421
3.7 0.213987 -0.205329 0.296564
3.71 0.201921 -0.217375 0.296688
3.72 0.18916 -0.228705 0.296795
3.73 0.175747 -0.23928 0.296887
3.74 0.161726 -0.249065 0.296966
3.75 0.147146 -0.258026 0.297034
3.76 0.132056 -0.266132 0.297094
3.77 0.116507 -0.273355 0.297148
3.78 0.100551 -0.279671 0.297198
3.79 0.0842426 -0.285059 0.297246
3.8 0.0676366 -0.289499 0.297295
3.81 0.0507892 -0.292976 0.297346
3.82 0.0337575 -0.295479 0.297401
3.83 0.0165988 -0.296999 0.297463
3.84 -0.000628794 -0.29753 0.297531
3.85 -0.0178672 -0.297071 0.297608
3.86 -0.0350582 -0.295623 0.297695
3.87 -0.0521441 -0.293191 0.297792
3.88 -0.069067 -0.289782 0.297899
3.89 -0.0857703 -0.285409 0.298018
3.9 -0.102198 -0.280085 0.298148
3.91 -0.118294 -0.273829 0.298288
3.92 -0.134005 -0.266661 0.298438
3.93 -0.149278 -0.258606 0.298599
3.94 -0.164062 -0.249691 0.298767
3.95 -0.178309 -0.239944 0.298943
3.96 -0.191968 -0.2294 0.299126
3.97 -0.204997 -0.218093 0.299313
3.98 -0.21735 -0.206062 0.299504
3.99 -0.228988 -0.193345 0.299696
4 -0.239871 -0.179986 0.299889
4.01 -0.249963 -0.16603 0.30008
4.02 -0.259232 -0.151523 0.300267
4.03 -0.267646 -0.136513 0.30045
4.04 -0.275178 -0.121051 0.300626
4.05 -0.281803 -0.105188 0.300794
4.06 -0.2875 -0.0889757 0.300953
4.07 -0.29225 -0.0724693 0.301101
4.08 -0.296038 -0.0557232 0.301237
4.09 -0.298853 -0.0387928 0.30136
4.1 -0.300685 -0.0217343 0.301469
4.11 -0.301529 -0.00460411 0.301564
4.12 -0.301383 0.0125412 0.301644
4.13 -0.300248 0.029645 0.301708
4.14 -0.298129 0.0466511 0.301757
4.15 -0.295033 0.0635032 0.30179
4.16 -0.290971 0.0801463 0.301808
4.17 -0.285959 0.0965254 0.301811
4.18 -0.280012 0.112587 0.301799
4.19 -0.273152 0.128279 0.301774
4.2 -0.265402 0.143549 0.301736
4.21 -0.256788 0.158349 0.301686
4.22 -0.24734 0.172629 0.301625
4.23 -0.237089 0.186344 0.301554
4.24 -0.22607 0.199448 0.301475
4.25 -0.214319 0.211901 0.301388
4.26 -0.201877 0.223661 0.301295
4.27 -0.188785 0.234692 0.301197
4.28 -0.175086 0.244956 0.301096
4.29 -0.160826 0.254423 0.300992
4.3 -0.146052 0.263062 0.300886
4.31 -0.130813 0.270845 0.300781
4.32 -0.11516 0.277748 0.300676
4.33 -0.0991436 0.283751 0.300573
4.34 -0.0828174 0.288833 0.300472
4.35 -0.0662346 0.292981 0.300374
4.36 -0.0494497 0.296181 0.30028
4.37 -0.0325176 0.298424 0.300191
4.38 -0.0154936 0.299705 0.300105
4.39 0.00156692 0.30002 0.300024
4.4 0.0186084 0.299369 0.299947
4.41 0.0355755 0.297757 0.299875
4.42 0.0524133 0.29519 0.299807
4.43 0.0690673 0.291677 0.299742
4.44 0.0854841 0.28723 0.299681
4.45 0.101611 0.281867 0.299622
4.46 0.117395 0.275604 0.299566
4.47 0.132788 0.268465 0.29951
4.48 0.147739 0.260473 0.299455
4.49 0.1622 0.251656 0.299399
4.5 0.176127 0.242042 0.299342
4.51 0.189476 0.231666 0.299282
4.52 0.202203 0.220559 0.29922
4.53 0.214269 0.208761 0.299153
4.54 0.225637 0.19631 0.299082
4.55 0.236272 0.183247 0.299005
4.56 0.24614 0.169614 0.298921
4.57 0.255211 0.155458 0.29883
4.58 0.263457 0.140824 0.298732
4.59 0.270854 0.125759 0.298626
4.6 0.27738 0.110313 0.298511
4.61 0.283015 0.0945365 0.298387
4.62 0.287743 0.0784797 0.298253
4.63 0.291551 0.0621948 0.298111
4.64 0.294428 0.0457344 0.297959
4.65 0.296367 0.0291512 0.297797
4.66 0.297364 0.0124983 0.297627
4.67 0.297418 -0.00417076 0.297447
4.68 0.296529 -0.0208031 0.297258
4.69 0.294704 -0.0373456 0.297061
4.7 0.29195 -0.0537459 0.296856
4.71 0.288278 -0.069952 0.296644
4.72 0.283701 -0.085913 0.296424
4.73 0.278236 -0.101578 0.296198
4.74 0.271902 -0.116899 0.295967
4.75 0.264722 -0.131827 0.29573
4.76 0.256719 -0.146317 0.295488
4.77 0.247922 -0.160322 0.295243
4.78 0.23836 -0.1738 0.294994
4.79 0.228064 -0.186709 0.294743
4.8 0.21707 -0.199009 0.29449
4.81 0.205414 -0.210663 0.294235
4.82 0.193134 -0.221636 0.293978
4.83 0.18027 -0.231895 0.293722
4.84 0.166864 -0.241408 0.293465
4.85 0.152961 -0.250147 0.293208
4.86 0.138605 -0.258087 0.292951
4.87 0.123842 -0.265205 0.292695
4.88 0.108721 -0.27148 0.29244
4.89 0.0932888 -0.276894 0.292186
4.9 0.0775956 -0.281432 0.291933
4.91 0.0616916 -0.285082 0.291681
4.92 0.045627 -0.287835 0.291429
4.93 0.0294527 -0.289685 0.291179
4.94 0.0132199 -0.290628 0.290928
4.95 -0.00302019 -0.290663 0.290678
4.96 -0.0192169 -0.289792 0.290428
4.97 -0.0353192 -0.288021 0.290178
4.98 -0.0512771 -0.285356 0.289927
4.99 -0.0670409 -0.28181 0.289675
5 -0.0825619 -0.277396 0.289422
5.01 -0.097792 -0.272128 0.289166
5.02 -0.112685 -0.266027 0.288909
5.03 -0.127194 -0.259114 0.288649
5.04 -0.141275 -0.251411 0.288386
5.05 -0.154886 -0.242947 0.288119
5.06 -0.167986 -0.233747 0.287849
5.07 -0.180535 -0.223845 0.287575
5.08 -0.192495 -0.213272 0.287297
5.09 -0.203831 -0.202064 0.287014
5.1 -0.21451 -0.190257 0.286726
5.11 -0.224499 -0.177889 0.286433
5.12 -0.23377 -0.165 0.286135
5.13 -0.242296 -0.151633 0.285832
5.14 -0.250053 -0.13783 0.285523
5.15 -0.257018 -0.123635 0.285209
5.16 -0.263174 -0.109093 0.284889
5.17 -0.268501 -0.0942512 0.284563
5.18 -0.272988 -0.079156 0.284233
5.19 -0.276622 -0.0638551 0.283897
5.2 -0.279395 -0.0483963 0.283555
5.21 -0.2813 -0.0328284 0.283209
5.22 -0.282334 -0.0171996 0.282858
5.23 -0.282497 -0.00155874 0.282502
5.24 -0.281791 0.0140459 0.282141
5.25 -0.280221 0.0295658 0.281777
5.26 -0.277794 0.0449536 0.281408
5.27 -0.274521 0.0601619 0.281036
5.28 -0.270413 0.0751443 0.28066
5.29 -0.265487 0.0898552 0.280281
5.3 -0.259761 0.10425 0.279899
5.31 -0.253253 0.118285 0.279515
5.32 -0.245988 0.131919 0.279129
5.33 -0.23799 0.14511 0.27874
5.34 -0.229285 0.15782 0.27835
5.35 -0.219903 0.17001 0.277958
5.36 -0.209876 0.181645 0.277566
5.37 -0.199235 0.192691 0.277172
5.38 -0.188016 0.203115 0.276777
5.39 -0.176256 0.212888 0.276382
5.4 -0.163991 0.221982 0.275987
5.41 -0.151262 0.23037 0.275592
5.42 -0.13811 0.238031 0.275196
5.43 -0.124575 0.244941 0.2748
5.44 -0.110702 0.251084 0.274405
5.45 -0.0965331 0.256442 0.274009
5.46 -0.0821136 0.261002 0.273614
5.47 -0.0674885 0.264752 0.273219
5.48 -0.0527033 0.267684 0.272823
5.49 -0.0378042 0.269792 0.272428
5.5 -0.0228369 0.271071 0.272032
5.51 -0.00784783 0.271522 0.271635
5.52 0.0071171 0.271145 0.271238
5.53 0.0220121 0.269944 0.27084
5.54 0.0367919 0.267927 0.270441
5.55 0.0514112 0.265101 0.27004
5.56 0.0658264 0.26148 0.269638
5.57 0.0799936 0.257075 0.269234
5.58 0.0938706 0.251905 0.268827
5.59 0.107416 0.245987 0.268418
5.6 0.120589 0.239343 0.268005
5.61 0.133352 0.231995 0.26759
5.62 0.145666 0.223968 0.267171
5.63 0.157496 0.215289 0.266748
5.64 0.168807 0.205987 0.26632
5.65 0.179566 0.196094 0.265889
5.66 0.189744 0.18564 0.265453
5.67 0.19931 0.174661 0.265012
5.68 0.208239 0.163192 0.264566
5.69 0.216504 0.151269 0.264115
5.7 0.224085 0.138931 0.263659
5.71 0.230959 0.126217 0.263197
5.72 0.237109 0.113167 0.26273
5.73 0.242518 0.0998224 0.262259
5.74 0.247174 0.0862244 0.261782
5.75 0.251065 0.072416 0.2613
5.76 0.254182 0.0584397 0.260814
5.77 0.256519 0.044339 0.260323
5.78 0.258072 0.0301571 0.259828
5.79 0.258838 0.0159379 0.259329
5.8 0.25882 0.00172416 0.258826
5.81 0.25802 -0.0124403 0.25832
5.82 0.256444 -0.0265128 0.257811
5.83 0.2541 -0.0404509 0.2573
5.84 0.250999 -0.0542128 0.256786
5.85 0.247151 -0.0677571 0.256271
5.86 0.242574 -0.0810438 0.255755
5.87 0.237284 -0.0940334 0.255237
5.88 0.231299 -0.106688 0.254719
5.89 0.224642 -0.11897 0.2542
5.9 0.217334 -0.130844 0.253681
5.91 0.209402 -0.142275 0.253163
5.92 0.200872 -0.153231 0.252644
5.93 0.191772 -0.163681 0.252127
5.94 0.182133 -0.173594 0.251609
5.95 0.171987 -0.182943 0.251093
5.96 0.161366 -0.191703 0.250577
5.97 0.150305 -0.199848 0.250062
5.98 0.13884 -0.207358 0.249547
5.99 0.127006 -0.214212 0.249033
6 0.114843 -0.220392 0.248519
6.01 0.102388 -0.225883 0.248005
6.02 0.08968 -0.23067 0.24749
6.03 0.0767595 -0.234743 0.246975
6.04 0.0636662 -0.238093 0.246458
6.05 0.050441 -0.240712 0.24594
6.06 0.0371244 -0.242597 0.245421
6.07 0.0237573 -0.243744 0.244899
6.08 0.0103804 -0.244154 0.244375
6.09 -0.00296543 -0.243829 0.243847
6.1 -0.0162402 -0.242774 0.243317
6.11 -0.0294038 -0.240995 0.242782
6.12 -0.0424169 -0.238501 0.242243
6.13 -0.0552409 -0.235303 0.2417
6.14 -0.0678378 -0.231414 0.241153
6.15 -0.0801705 -0.22685 0.2406
6.16 -0.0922032 -0.221628 0.240042
6.17 -0.103901 -0.215766 0.239479
6.18 -0.11523 -0.209285 0.238911
6.19 -0.126157 -0.20221 0.238337
6.2 -0.136653 -0.194563 0.237757
6.21 -0.146686 -0.186371 0.237173
6.22 -0.156231 -0.177661 0.236583
6.23 -0.165259 -0.168464 0.235988
6.24 -0.173746 -0.158808 0.235389
6.25 -0.181671 -0.148727 0.234785
6.26 -0.189011 -0.138251 0.234176
6.27 -0.195748 -0.127416 0.233564
6.28 -0.201864 -0.116256 0.232948
6.29 -0.207345 -0.104807 0.232329
6.3 -0.212178 -0.0931043 0.231707
6.31 -0.216351 -0.0811854 0.231082
6.32 -0.219856 -0.0690874 0.230455
6.33 -0.222685 -0.056848 0.229827
6.34 -0.224835 -0.0445048 0.229197
6.35 -0.226302 -0.0320959 0.228567
6.36 -0.227086 -0.0196592 0.227935
6.37 -0.227189 -0.00723252 0.227304
6.38 -0.226613 0.0051469 0.226672
6.39 -0.225366 0.0174414 0.22604
6.4 -0.223455 0.0296148 0.225409
6.41 -0.220889 0.0416308 0.224777
6.42 -0.21768 0.053454 0.224147
6.43 -0.213841 0.0650498 0.223516
6.44 -0.209389 0.0763848 0.222886
6.45 -0.20434 0.0874259 0.222256
6.46 -0.198712 0.0981418 0.221627
6.47 -0.192528 0.108502 0.220997
6.48 -0.185808 0.118478 0.220367
6.49 -0.178577 0.128041 0.219737
6.5 -0.170859 0.137166 0.219106
6.51 -0.162681 0.145827 0.218473
6.52 -0.15407 0.154001 0.21784
6.53 -0.145056 0.161667 0.217204
6.54 -0.135667 0.168806 0.216566
6.55 -0.125934 0.175398 0.215926
6.56 -0.11589 0.181428 0.215283
6.57 -0.105566 0.186881 0.214636
6.58 -0.0949948 0.191746 0.213987
6.59 -0.0842106 0.196009 0.213333
6.6 -0.0732468 0.199664 0.212676
6.61 -0.0621377 0.202703 0.212014
6.62 -0.0509175 0.205122 0.211347
6.63 -0.0396209 0.206917 0.210676
6.64 -0.0282821 0.208088 0.210001
6.65 -0.0169355 0.208634 0.209321
6.66 -0.00561512 0.20856 0.208636
6.67 0.00564514 0.207869 0.207946
6.68 0.0168122 0.206569 0.207252
6.69 0.027853 0.204667 0.206554
6.7 0.0387356 0.202174 0.205851
6.71 0.0494285 0.199101 0.205145
6.72 0.0599011 0.195462 0.204435
6.73 0.0701236 0.191272 0.203721
6.74 0.0800677 0.186548 0.203005
6.75 0.0897053 0.181308 0.202286
6.76 0.0990102 0.175571 0.201565
6.77 0.107957 0.169359 0.200841
6.78 0.116522 0.162694 0.200117
6.79 0.124682 0.155599 0.199391
6.8 0.132417 0.1481 0.198665
6.81 0.139706 0.14022 0.197938
6.82 0.146531 0.131988 0.197211
6.83 0.152876 0.12343 0.196484
6.84 0.158725 0.114575 0.195758
6.85 0.164066 0.105451 0.195033
6.86 0.168886 0.0960885 0.194308
6.87 0.173176 0.0865164 0.193584
6.88 0.176926 0.0767652 0.192862
6.89 0.180131 0.0668656 0.192141
6.9 0.182785 0.0568481 0.191421
6.91 0.184885 0.0467436 0.190703
6.92 0.18643 0.0365825 0.189985
6.93 0.187419 0.0263961 0.189269
6.94 0.187855 0.0162141 0.188553
6.95 0.18774 0.00606711 0.187838
6.96 0.187081 -0.00401534 0.187124
6.97 0.185883 -0.0140037 0.18641
6.98 0.184156 -0.0238699 0.185696
6.99 0.181908 -0.0335851 0.184982
7 0.179151 -0.0431226 0.184268
7.01 0.175898 -0.0524555 0.183553
7.02 0.172162 -0.0615584 0.182837
7.03 0.16796 -0.0704061 0.18212
7.04 0.163307 -0.0789757 0.181401
7.05 0.158222 -0.0872439 0.180682
7.06 0.152724 -0.0951895 0.17996
7.07 0.146831 -0.102792 0.179236
7.08 0.140566 -0.110033 0.178511
7.09 0.133951 -0.116894 0.177783
7.1 0.127007 -0.123359 0.177054
7.11 0.119758 -0.129412 0.176322
7.12 0.112228 -0.13504 0.175588
7.13 0.104443 -0.140231 0.174852
7.14 0.0964269 -0.144974 0.174114
7.15 0.0882053 -0.149259 0.173374
7.16 0.0798045 -0.153079 0.172632
7.17 0.0712505 -0.156426 0.171889
7.18 0.0625696 -0.159297 0.171144
7.19 0.0537884 -0.161686 0.170399
7.2 0.044933 -0.163593 0.169652
7.21 0.0360301 -0.165017 0.168905
7.22 0.0271055 -0.165959 0.168158
7.23 0.0181857 -0.16642 0.16741
7.24 0.00929595 -0.166404 0.166664
7.25 0.000461666 -0.165917 0.165918
7.26 -0.00829237 -0.164964 0.165173
7.27 -0.0169416 -0.163554 0.164429
7.28 -0.0254628 -0.161695 0.163687
7.29 -0.0338326 -0.159396 0.162947
7.3 -0.0420286 -0.156671 0.16221
7.31 -0.0500293 -0.153529 0.161475
7.32 -0.0578142 -0.149986 0.160743
7.33 -0.0653629 -0.146055 0.160014
7.34 -0.0726569 -0.141752 0.159288
7.35 -0.079678 -0.137093 0.158566
7.36 -0.0864094 -0.132095 0.157847
7.37 -0.0928349 -0.126776 0.157132
7.38 -0.0989399 -0.121155 0.156421
7.39 -0.104711 -0.115249 0.155714
7.4 -0.110134 -0.109081 0.15501
7.41 -0.115199 -0.102669 0.154311
7.42 -0.119896 -0.0960335 0.153615
7.43 -0.124215 -0.0891968 0.152923
7.44 -0.128148 -0.0821796 0.152234
7.45 -0.131688 -0.0750037 0.15155
7.46 -0.13483 -0.0676907 0.150868
7.47 -0.13757 -0.0602627 0.150191
7.48 -0.139905 -0.0527411 0.149516
7.49 -0.141832 -0.0451484 0.148845
7.5 -0.143351 -0.0375058 0.148176
7.51 -0.144462 -0.0298354 0.147511
7.52 -0.145167 -0.0221582 0.146848
7.53 -0.145468 -0.0144958 0.146188
7.54 -0.145369 -0.00686877 0.145531
7.55 -0.144874 0.00070236 0.144876
7.56 -0.143991 0.00819777 0.144224
7.57 -0.142724 0.0155975 0.143574
7.58 -0.141082 0.022883 0.142926
7.59 -0.139075 0.0300354 0.142281
7.6 -0.13671 0.0370372 0.141638
7.61 -0.133999 0.0438708 0.140998
7.62 -0.130953 0.0505203 0.140361
7.63 -0.127584 0.0569694 0.139726
7.64 -0.123904 0.0632033 0.139093
7.65 -0.119928 0.0692078 0.138464
7.66 -0.115668 0.0749695 0.137838
7.67 -0.111139 0.0804757 0.137216
7.68 -0.106356 0.0857148 0.136597
7.69 -0.101336 0.0906757 0.135982
7.7 -0.0960928 0.0953487 0.135371
7.71 -0.090644 0.0997245 0.134764
7.72 -0.0850056 0.103795 0.134162
7.73 -0.079195 0.107553 0.133565
7.74 -0.0732289 0.110992 0.132973
7.75 -0.0671248 0.114107 0.132386
7.76 -0.0608998 0.116892 0.131805
7.77 -0.0545719 0.119345 0.13123
7.78 -0.0481579 0.121463 0.130662
7.79 -0.041676 0.123244 0.1301
7.8 -0.0351432 0.124687 0.129545
7.81 -0.028577 0.125791 0.128996
7.82 -0.0219945 0.126558 0.128455
7.83 -0.0154129 0.126989 0.127921
7.84 -0.00884879 0.127087 0.127395
7.85 -0.00231892 0.126855 0.126876
7.86 0.00416089 0.126296 0.126365
7.87 0.0105742 0.125416 0.125861
7.88 0.016906 0.12422 0.125366
7.89 0.0231407 0.122714 0.124877
7.9 0.029264 0.120906 0.124397
7.91 0.0352611 0.118801 0.123924
7.92 0.0411188 0.116409 0.123458
7.93 0.0468235 0.113739 0.123
7.94 0.0523624 0.110798 0.122548
7.95 0.0577235 0.107599 0.122104
7.96 0.062895 0.104149 0.121667
7.97 0.0678658 0.100461 0.121236
7.98 0.0726257 0.0965455 0.120812
7.99 0.0771646 0.0924139 0.120394
8 0.0814734 0.0880781 0.119982
8.01 0.0855434 0.0835507 0.119576
8.02 0.0893668 0.0788439 0.119175
8.03 0.0929363 0.073971 0.118781
8.04 0.0962452 0.0689449 0.118391
8.05 0.0992875 0.0637791 0.118008
8.06 0.102058 0.0584867 0.117629
8.07 0.104552 0.053082 0.117255
8.08 0.106765 0.0475783 0.116887
8.09 0.108695 0.0419896 0.116524
8.1 0.110339 0.03633 0.116166
8.11 0.111694 0.0306136 0.115813
8.12 0.112759 0.024854 0.115466
8.13 0.113534 0.0190657 0.115124
8.14 0.114019 0.0132623 0.114787
8.15 0.114214 0.00745804 0.114457
8.16 0.11412 0.00166626 0.114133
8.17 0.113741 -0.00409892 0.113815
8.18 0.113077 -0.00982427 0.113503
8.19 0.112132 -0.0154962 0.113198
8.2 0.11091 -0.0211017 0.1129
8.21 0.109416 -0.0266277 0.112609
8.22 0.107653 -0.0320614 0.112326
8.23 0.105628 -0.0373906 0.112051
8.24 0.103346 -0.0426028 0.111783
8.25 0.100814 -0.0476863 0.111524
8.26 0.0980397 -0.0526294 0.111273
8.27 0.0950295 -0.0574209 0.11103
8.28 0.0917917 -0.06205 0.110797
8.29 0.0883349 -0.066506 0.110572
8.3 0.0846679 -0.0707789 0.110355
8.31 0.0808004 -0.0748592 0.110148
8.32 0.0767416 -0.0787372 0.109949
8.33 0.0725022 -0.0824045 0.109759
8.34 0.0680925 -0.0858526 0.109578
8.35 0.0635235 -0.0890737 0.109405
8.36 0.0588062 -0.0920601 0.109239
8.37 0.0539525 -0.0948056 0.109082
8.38 0.048974 -0.0973032 0.108933
8.39 0.043883 -0.0995477 0.108791
8.4 0.0386917 -0.101533 0.108656
8.41 0.033413 -0.103256 0.108527
8.42 0.0280595 -0.104711 0.108405
8.43 0.0226443 -0.105895 0.108289
8.44 0.0171804 -0.106805 0.108178
8.45 0.0116814 -0.10744 0.108073
8.46 0.00616048 -0.107797 0.107973
8.47 0.000631214 -0.107875 0.107877
8.48 -0.00489285 -0.107674 0.107785
8.49 -0.010398 -0.107194 0.107697
8.5 -0.0158708 -0.106436 0.107612
8.51 -0.0212978 -0.105401 0.107531
8.52 -0.026665 -0.104092 0.107453
8.53 -0.0319594 -0.102512 0.107379
8.54 -0.0371676 -0.100664 0.107307
8.55 -0.0422763 -0.0985524 0.107237
8.56 -0.0472726 -0.0961816 0.107171
8.57 -0.0521435 -0.0935573 0.107107
8.58 -0.0568766 -0.0906855 0.107046
8.59 -0.0614596 -0.0875732 0.106988
8.6 -0.06588 -0.0842274 0.106932
8.61 -0.0701269 -0.0806564 0.10688
8.62 -0.0741881 -0.0768686 0.10683
8.63 -0.078053 -0.0728733 0.106784
8.64 -0.0817109 -0.0686801 0.106741
8.65 -0.085152 -0.0642995 0.106702
8.66 -0.088366 -0.0597423 0.106666
8.67 -0.0913445 -0.0550197 0.106635
8.68 -0.0940782 -0.050144 0.106607
8.69 -0.0965594 -0.0451273 0.106584
8.7 -0.0987804 -0.0399824 0.106565
8.71 -0.100735 -0.0347228 0.106551
8.72 -0.102415 -0.0293619 0.106541
8.73 -0.103817 -0.0239139 0.106536
8.74 -0.104935 -0.0183931 0.106535
8.75 -0.105766 -0.0128141 0.106539
8.76 -0.106305 -0.00719214 0.106548
8.77 -0.10655 -0.00154197 0.106561
8.78 -0.106499 0.00412065 0.106578
8.79 -0.10615 0.00978049 0.1066
8.8 -0.105504 0.0154215 0.106625
8.81 -0.104561 0.0210285 0.106654
8.82 -0.103321 0.0265852 0.106687
8.83 -0.101788 0.0320762 0.106723
8.84 -0.099964 0.0374856 0.106761
8.85 -0.0978526 0.0427979 0.106803
8.86 -0.0954584 0.0479975 0.106846
8.87 -0.0927868 0.0530693 0.106891
8.88 -0.0898441 0.057998 0.106938
8.89 -0.0866373 0.0627695 0.106986
8.9 -0.0831743 0.0673683 0.107035
8.91 -0.0794636 0.0717815 0.107084
8.92 -0.075515 0.0759946 0.107134
8.93 -0.0713383 0.0799949 0.107184
8.94 -0.0669448 0.0837695 0.107233
8.95 -0.0623457 0.0873065 0.107282
8.96 -0.0575541 0.0905942 0.10733
8.97 -0.0525825 0.0936218 0.107378
8.98 -0.0474448 0.0963792 0.107424
8.99 -0.0421553 0.0988569 0.10747
9 -0.036729 0.101046 0.107514
9.01 -0.0311812 0.102939 0.107558
9.02 -0.025528 0.104528 0.107601
9.03 -0.0197854 0.105808 0.107642
9.04 -0.0139708 0.106773 0.107683
9.05 -0.00810069 0.107419 0.107724
9.06 -0.00219322 0.107741 0.107764
9.07 0.00373437 0.107738 0.107803
9.08 0.00966392 0.107409 0.107842
9.09 0.0155775 0.106751 0.107882
9.1 0.0214565 0.105767 0.107921
9.11 0.0272834 0.104457 0.107961
9.12 0.0330393 0.102824 0.108002
9.13 0.0387064 0.100872 0.108043
9.14 0.0442666 0.0986044 0.108085
9.15 0.0497022 0.0960278 0.108128
9.16 0.0549952 0.0931485 0.108172
9.17 0.060129 0.089974 0.108217
9.18 0.0650861 0.0865132 0.108262
9.19 0.0698507 0.0827754 0.108309
9.2 0.0744063 0.0787715 0.108357
9.21 0.0787378 0.0745125 0.108406
9.22 0.0828303 0.0700112 0.108455
9.23 0.0866698 0.0652807 0.108504
9.24 0.0902427 0.0603351 0.108554
9.25 0.0935367 0.055189 0.108604
9.26 0.0965396 0.0498587 0.108654
9.27 0.0992408 0.0443598 0.108704
9.28 0.10163 0.0387098 0.108753
9.29 0.103698 0.0329261 0.1088
9.3 0.105438 0.027027 0.108846
9.31 0.106841 0.0210309 0.108891
9.32 0.107902 0.0149573 0.108934
9.33 0.108616 0.00882506 0.108974
9.34 0.10898 0.0026548 0.109012
9.35 0.10899 -0.00353419 0.109048
9.36 0.108646 -0.00972117 0.10908
9.37 0.107947 -0.015886 0.10911
9.38 0.106894 -0.0220081 0.109136
9.39 0.10549 -0.0280674 0.10916
9.4 0.103737 -0.0340432 0.10918
9.41 0.10164 -0.0399158 0.109197
9.42 0.0992049 -0.0456649 0.10921
9.43 0.0964388 -0.0512712 0.109221
9.44 0.0933499 -0.0567152 0.109228
9.45 0.089947 -0.0619784 0.109233
9.46 0.0862411 -0.0670423 0.109235
9.47 0.082243 -0.0718894 0.109234
9.48 0.077966 -0.0765026 0.109231
9.49 0.073423 -0.0808654 0.109225
9.5 0.0686292 -0.0849626 0.109218
9.51 0.0635997 -0.0887791 0.109209
9.52 0.0583511 -0.0923014 0.109199
9.53 0.0529005 -0.0955163 0.109187
9.54 0.0472662 -0.0984124 0.109175
9.55 0.0414666 -0.100978 0.109161
9.56 0.0355216 -0.103205 0.109147
9.57 0.029451 -0.105083 0.109132
9.58 0.0232754 -0.106606 0.109117
9.59 0.0170158 -0.107767 0.109102
9.6 0.0106938 -0.108562 0.109087
9.61 0.00433092 -0.108985 0.109071
9.62 -0.00205063 -0.109037 0.109056
9.63 -0.00842888 -0.108714 0.10904
9.64 -0.0147816 -0.108018 0.109025
9.65 -0.0210863 -0.10695 0.109009
9.66 -0.0273212 -0.105512 0.108992
9.67 -0.0334641 -0.10371 0.108975
9.68 -0.0394934 -0.101548 0.108958
9.69 -0.0453876 -0.0990334 0.108939
9.7 -0.0511257 -0.0961746 0.108919
9.71 -0.0566872 -0.0929804 0.108898
9.72 -0.062052 -0.0894618 0.108875
9.73 -0.067201 -0.0856303 0.108851
9.74 -0.0721155 -0.0814992 0.108824
9.75 -0.0767775 -0.0770822 0.108795
9.76 -0.0811703 -0.072395 0.108764
9.77 -0.0852775 -0.0674531 0.10873
9.78 -0.0890845 -0.0622743 0.108693
9.79 -0.0925766 -0.0568763 0.108652
9.8 -0.0957416 -0.0512782 0.108609
9.81 -0.0985673 -0.0454997 0.108562
9.82 -0.101043 -0.0395612 0.108512
9.83 -0.10316 -0.0334836 0.108458
9.84 -0.10491 -0.027289 0.108401
9.85 -0.106285 -0.020999 0.10834
9.86 -0.107281 -0.0146365 0.108275
9.87 -0.107894 -0.00822416 0.108207
9.88 -0.108122 -0.00178518 0.108136
9.89 -0.107962 0.00465718 0.108062
9.9 -0.107415 0.0110797 0.107985
9.91 -0.106483 0.0174589 0.107905
9.92 -0.105169 0.0237718 0.107822
9.93 -0.103477 0.0299949 0.107737
9.94 -0.101414 0.0361062 0.10765
9.95 -0.0989868 0.0420826 0.107561
9.96 -0.0962035 0.0479027 0.10747
9.97 -0.0930744 0.0535448 0.107377
9.98 -0.0896111 0.0589884 0.107284
9.99 -0.0858257 0.0642131 0.107188
10 -0.0817324 0.0692 0.107093
10.01 -0.0773459 0.0739303 0.106996
10.02 -0.0726825 0.0783867 0.106898
10.03 -0.067759 0.0825526 0.1068
10.04 -0.0625939 0.0864128 0.106701
10.05 -0.057206 0.0899523 0.106602
10.06 -0.0516153 0.0931588 0.106502
10.07 -0.0458427 0.0960195 0.106402
10.08 -0.0399091 0.0985245 0.106301
10.09 -0.0338373 0.100664 0.106199
10.1 -0.0276491 0.10243 0.106096
10.11 -0.0213681 0.103817 0.105993
10.12 -0.0150175 0.104818 0.105889
10.13 -0.00862112 0.105431 0.105783
10.14 -0.00220265 0.105653 0.105676
10.15 0.00421353 0.105483 0.105567
10.16 0.0106037 0.104923 0.105457
10.17 0.0169438 0.103973 0.105345
10.18 0.0232103 0.102639 0.105231
10.19 0.0293791 0.100925 0.105114
10.2 0.0354279 0.0988382 0.104996
10.21 0.0413332 0.0963859 0.104875
10.22 0.0470735 0.0935779 0.104751
10.23 0.0526267 0.0904252 0.104625
10.24 0.0579725 0.0869395 0.104495
10.25 0.0630905 0.0831346 0.104364
10.26 0.0679616 0.079025 0.104229
10.27 0.0725675 0.0746265 0.104092
10.28 0.0768913 0.0699559 0.103952
10.29 0.0809162 0.0650315 0.10381
10.3 0.084628 0.0598718 0.103665
10.31 0.0880124 0.0544969 0.103519
10.32 0.0910571 0.0489274 0.10337
10.33 0.0937507 0.043185 0.103219
10.34 0.0960836 0.0372913 0.103066
10.35 0.098047 0.0312697 0.102913
10.36 0.0996342 0.0251426 0.102758
10.37 0.100839 0.0189342 0.102602
10.38 0.101658 0.0126679 0.102445
10.39 0.102089 0.0063684 0.102287
10.4 0.102129 5.94924e-05 0.10213
10.41 0.101781 -0.0062344 0.101971
10.42 0.101045 -0.0124892 0.101814
10.43 0.0999244 -0.0186804 0.101656
10.44 0.0984251 -0.0247849 0.101498
10.45 0.096553 -0.0307787 0.10134
10.46 0.0943159 -0.0366392 0.101183
10.47 0.0917232 -0.0423435 0.101025
10.48 0.0887853 -0.0478703 0.100868
10.49 0.0855145 -0.0531979 0.100711
10.5 0.0819236 -0.0583065 0.100554
10.51 0.0780274 -0.0631762 0.100397
10.52 0.0738413 -0.0677887 0.100239
10.53 0.0693825 -0.0721266 0.100081
10.54 0.0646683 -0.0761732 0.0999217
10.55 0.0597178 -0.0799137 0.0997618
10.56 0.0545508 -0.0833338 0.0996008
10.57 0.0491879 -0.0864206 0.0994383
10.58 0.0436499 -0.0891631 0.0992743
10.59 0.0379595 -0.091551 0.0991086
10.6 0.0321386 -0.0935757 0.0989409
10.61 0.0262107 -0.0952301 0.0987713
10.62 0.0201987 -0.0965082 0.0985993
10.63 0.0141269 -0.0974063 0.0984254
10.64 0.00801857 -0.0979211 0.0982488
10.65 0.00189836 -0.0980519 0.0980702
10.66 -0.0042102 -0.0977985 0.0978891
10.67 -0.0102828 -0.0971635 0.0977061
10.68 -0.0162958 -0.0961495 0.0975207
10.69 -0.0222258 -0.094762 0.0973336
10.7 -0.0280493 -0.0930071 0.0971446
10.71 -0.0337439 -0.0908925 0.0969541
10.72 -0.0392875 -0.0884275 0.0967622
10.73 -0.0446582 -0.085623 0.0965695
10.74 -0.0498356 -0.0824904 0.0963756
10.75 -0.0547997 -0.0790436 0.0961816
10.76 -0.0595311 -0.0752965 0.095987
10.77 -0.064012 -0.0712652 0.0957928
10.78 -0.0682248 -0.066966 0.0955985
10.79 -0.072154 -0.0624172 0.095405
10.8 -0.0757843 -0.0576372 0.0952119
10.81 -0.0791025 -0.0526459 0.09502
10.82 -0.0820957 -0.0474636 0.0948288
10.83 -0.0847534 -0.0421115 0.0946389
10.84 -0.0870654 -0.0366116 0.09445
10.85 -0.0890237 -0.0309862 0.0942622
10.86 -0.0906213 -0.0252579 0.0940754
10.87 -0.0918531 -0.0194504 0.0938899
10.88 -0.0927146 -0.0135867 0.0937048
10.89 -0.0932041 -0.00769071 0.0935209
10.9 -0.0933201 -0.0017862 0.0933372
10.91 -0.0930637 0.00410333 0.0931541
10.92 -0.0924363 0.00995406 0.0929707
10.93 -0.0914423 0.0157429 0.0927875
10.94 -0.0900858 0.0214464 0.0926035
10.95 -0.0883742 0.0270422 0.092419
10.96 -0.0863148 0.0325079 0.0922334
10.97 -0.0839173 0.0378222 0.0920468
10.98 -0.081192 0.0429637 0.0918587
10.99 -0.0781511 0.0479126 0.091669
11 -0.0748077 0.0526494 0.0914776
11.01 -0.0711765 0.0571557 0.0912846
11.02 -0.0672725 0.061414 0.0910893
11.03 -0.0631129 0.0654081 0.0908925
11.04 -0.0587147 0.0691223 0.0906935
11.05 -0.054097 0.0725429 0.0904928
11.06 -0.0492789 0.0756566 0.0902902
11.07 -0.0442807 0.0784524 0.0900864
11.08 -0.039123 0.0809194 0.0898808
11.09 -0.0338275 0.0830493 0.0896743
11.1 -0.028416 0.084834 0.0894667
11.11 -0.0229111 0.0862681 0.0892586
11.12 -0.0173354 0.0873465 0.0890501
11.13 -0.0117116 0.0880662 0.0888416
11.14 -0.00606305 0.0884255 0.0886331
11.15 -0.000412831 0.0884242 0.0884252
11.16 0.00521603 0.0880635 0.0882178
11.17 0.0108008 0.0873466 0.0880118
11.18 0.0163184 0.086277 0.0878067
11.19 0.0217472 0.0848608 0.087603
11.2 0.0270643 0.0831049 0.0874008
11.21 0.0322493 0.0810177 0.0872002
11.22 0.0372805 0.078609 0.0870012
11.23 0.0421387 0.0758898 0.086804
11.24 0.0468039 0.0728724 0.0866082
11.25 0.051258 0.0695701 0.086414
11.26 0.055483 0.0659979 0.0862211
11.27 0.059463 0.0621709 0.0860295
11.28 0.0631819 0.0581064 0.0858388
11.29 0.0666257 0.0538213 0.0856489
11.3 0.0697809 0.0493345 0.0854592
11.31 0.072636 0.0446652 0.0852699
11.32 0.0751796 0.0398333 0.0850804
11.33 0.0774032 0.034859 0.0848905
11.34 0.079298 0.029764 0.0846999
11.35 0.0808578 0.0245689 0.0845081
11.36 0.0820772 0.0192965 0.084315
11.37 0.0829525 0.0139679 0.0841203
11.38 0.0834814 0.00860614 0.0839238
11.39 0.0836629 0.00323293 0.0837254
11.4 0.0834976 -0.00212903 0.0835247
11.41 0.0829873 -0.00745793 0.0833218
11.42 0.0821359 -0.0127314 0.0831167
11.43 0.0809476 -0.0179283 0.0829092
11.44 0.079429 -0.023027 0.0826995
11.45 0.0775876 -0.0280071 0.0824878
11.46 0.0754323 -0.0328477 0.082274
11.47 0.0729731 -0.0375301 0.0820584
11.48 0.0702219 -0.0420347 0.0818415
11.49 0.0671905 -0.046344 0.0816231
11.5 0.0638935 -0.0504405 0.0814041
11.51 0.0603448 -0.0543082 0.0811842
11.52 0.0565611 -0.0579316 0.0809644
11.53 0.0525585 -0.0612969 0.0807447
11.54 0.0483548 -0.0643908 0.0805255
11.55 0.0439683 -0.0672015 0.0803073
11.56 0.0394182 -0.0697185 0.0800904
11.57 0.034724 -0.0719322 0.0798749
11.58 0.0299061 -0.0738348 0.0796615
11.59 0.0249851 -0.0754194 0.0794503
11.6 0.0199821 -0.0766806 0.0792414
11.61 0.0149182 -0.0776145 0.0790352
11.62 0.00981546 -0.0782185 0.0788319
11.63 0.00469473 -0.078491 0.0786312
11.64 -0.000421873 -0.0784327 0.0784339
11.65 -0.00551307 -0.0780447 0.0782392
11.66 -0.0105575 -0.0773304 0.0780478
11.67 -0.0155341 -0.0762936 0.077859
11.68 -0.0204222 -0.0749403 0.0776732
11.69 -0.0252016 -0.0732772 0.0774898
11.7 -0.0298524 -0.0713128 0.077309
11.71 -0.0344513 -0.0692844 0.0773771
11.72 -0.0389941 -0.0671957 0.0776905
11.73 -0.0434767 -0.0650496 0.0782411
11.74 -0.0478948 -0.0628496 0.0790189
11.75 -0.0522448 -0.060599 0.080011
11.76 -0.0565226 -0.0583019 0.0812029
11.77 -0.0607242 -0.0559607 0.0825775
11.78 -0.0648465 -0.0535799 0.0841182
11.79 -0.0688848 -0.0511625 0.0858063
11.8 -0.0728365 -0.0487126 0.0876246
11.81 -0.0766974 -0.0462335 0.0895546
11.82 -0.0804647 -0.0437291 0.0915794
11.83 -0.0841345 -0.0412029 0.0936819
11.84 -0.0877039 -0.0386589 0.0958462
11.85 -0.0911695 -0.0361007 0.0980568
11.86 -0.094529 -0.0335321 0.1003
11.87 -0.0977785 -0.030957 0.102562
11.88 -0.100916 -0.028379 0.10483
11.89 -0.103938 -0.0258021 0.107093
11.9 -0.106843 -0.0232301 0.109339
11.91 -0.109627 -0.0206669 0.111559
11.92 -0.11229 -0.0181158 0.113742
11.93 -0.114827 -0.0155813 0.115879
11.94 -0.117238 -0.0130664 0.117964
11.95 -0.119519 -0.0105757 0.119986
11.96 -0.121671 -0.00811216 0.121941
11.97 -0.123689 -0.00568008 0.123819
11.98 -0.125574 -0.00328282 0.125616
11.99 -0.127322 -0.000924193 0.127326
12 -0.128934 0.00139245 0.128942
12.01 -0.130408 0.00366305 0.13046
12.02 -0.131742 0.00588465 0.131874
12.03 -0.132936 0.00805334 0.13318
12.04 -0.133989 0.0101659 0.134374
12.05 -0.1349 0.0122187 0.135453
12.06 -0.135669 0.0142089 0.136411
12.07 -0.136294 0.0161327 0.137246
12.08 -0.136776 0.0179872 0.137954
12.09 -0.137115 0.0197692 0.138533
12.1 -0.137311 0.0214755 0.13898
12.11 -0.137362 0.0231034 0.139292
12.12 -0.137271 0.0246495 0.139466
12.13 -0.137036 0.0261115 0.139502
12.14 -0.136659 0.0274861 0.139396
12.15 -0.13614 0.0287712 0.139147
12.16 -0.13548 0.0299637 0.138754
12.17 -0.134679 0.0310614 0.138215
12.18 -0.133739 0.0320616 0.137528
12.19 -0.13266 0.0329622 0.136694
12.2 -0.131444 0.0337609 0.135711
12.21 -0.130093 0.0344557 0.134578
12.22 -0.128606 0.0350441 0.133295
12.23 -0.126987 0.0355248 0.131862
12.24 -0.125236 0.0358954 0.130278
12.25 -0.123355 0.0361547 0.128545
12.26 -0.121347 0.0363005 0.12666
12.27 -0.119213 0.0363316 0.124626
12.28 -0.116955 0.0362465 0.122443
12.29 -0.114576 0.0360441 0.120112
12.3 -0.112077 0.0357228 0.117633
12.31 -0.109462 0.035282 0.115007
12.32 -0.106731 0.0347202 0.112237
12.33 -0.103889 0.0340368 0.109323
12.34 -0.100938 0.033231 0.106267
12.35 -0.0978796 0.0323023 0.103072
12.36 -0.0947177 0.0312497 0.0997396
12.37 -0.0914544 0.0300733 0.0962721
12.38 -0.0880934 0.0287726 0.0926732
12.39 -0.084637 0.0273473 0.0889454
12.4 -0.0810888 0.0257974 0.0850935
12.41 -0.0774515 0.0241227 0.0811212
12.42 -0.0737286 0.0223238 0.0770341
12.43 -0.0699231 0.0204004 0.0728383
12.44 -0.0660386 0.0183533 0.0685415
12.45 -0.0620779 0.0161824 0.0641524
12.46 -0.0580451 0.013889 0.0596836
12.47 -0.0539431 0.011473 0.0551497
12.48 -0.0497755 0.00893579 0.0505712
12.49 -0.0455458 0.00627772 0.0459764
12.5 -0.0412576 0.0035003 0.0414058
12.51 -0.0369143 0.000603916 0.0369192
12.52 -0.0325195 -0.00240929 0.0326086
12.53 -0.0280769 -0.00553902 0.0286181
12.54 -0.0235898 -0.00878314 0.0251718
12.55 -0.0190624 -0.0121408 0.0226003
12.56 -0.0144976 -0.01561 0.0213038
12.57 -0.00989968 -0.0191893 0.0215924
12.58 -0.00527165 -0.0228768 0.0234764
12.59 -0.00061756 -0.026671 0.0266782
12.6 0.00405936 -0.0305695 0.0308378
12.61 0.00875504 -0.0345707 0.0356621
12.62 0.0134665 -0.0386724 0.04095
12.63 0.0181897 -0.0428723 0.0465714
12.64 0.0229217 -0.0471682 0.0524428
12.65 0.0276581 -0.0515581 0.0585082
12.66 0.0323966 -0.0560391 0.0647296
12.67 0.0371327 -0.0606089 0.0710794
12.68 0.0418639 -0.0652653 0.077538
12.69 0.0465861 -0.070005 0.084089
12.7 0.0512965 -0.0748261 0.0907209
12.71 0.0559918 -0.0797252 0.0974227
12.72 0.0606686 -0.0847001 0.104186
12.73 0.0653239 -0.0897475 0.111004
12.74 0.0699548 -0.0948647 0.117868
12.75 0.0745578 -0.100048 0.124774
12.76 0.0791305 -0.105296 0.131715
12.77 0.0836698 -0.110604 0.138687
12.78 0.0881726 -0.11597 0.145683
12.79 0.0926365 -0.121391 0.1527
12.8 0.0970588 -0.126862 0.159732
12.81 0.101437 -0.132381 0.166776
12.82 0.105768 -0.137946 0.173827
12.83 0.11005 -0.143551 0.180881
12.84 0.114281 -0.149195 0.187934
12.85 0.118458 -0.154873 0.194982
12.86 0.122579 -0.160582 0.20202
12.87 0.126642 -0.166319 0.209046
12.88 0.130645 -0.17208 0.216055
12.89 0.134586 -0.177862 0.223043
12.9 0.138464 -0.183661 0.230008
12.91 0.142276 -0.189474 0.236945
12.92 0.146022 -0.195296 0.24385
12.93 0.149698 -0.201126 0.250721
12.94 0.153305 -0.206958 0.257554
12.95 0.156841 -0.21279 0.264346
12.96 0.160304 -0.218617 0.271092
12.97 0.163694 -0.224436 0.27779
12.98 0.167009 -0.230244 0.284437
12.99 0.170248 -0.236037 0.291029
13 0.173411 -0.24181 0.297563
13.01 0.176497 -0.247562 0.304036
13.02 0.179505 -0.253287 0.310445
13.03 0.182435 -0.258982 0.316787
13.04 0.185285 -0.264644 0.323059
13.05 0.188057 -0.270269 0.329258
13.06 0.190749 -0.275853 0.33538
13.07 0.193361 -0.281393 0.341424
13.08 0.195894 -0.286885 0.347386
13.09 0.198347 -0.292326 0.353264
13.1 0.20072 -0.297711 0.359055
13.11 0.203013 -0.303038 0.364755
13.12 0.205227 -0.308303 0.370363
13.13 0.207362 -0.313502 0.375876
13.14 0.209419 -0.318633 0.381291
13.15 0.211396 -0.32369 0.386606
13.16 0.213297 -0.328672 0.391817
13.17 0.21512 -0.333574 0.396924
13.18 0.216867 -0.338394 0.401923
13.19 0.218538 -0.343127 0.406811
13.2 0.220134 -0.347771 0.411587
13.21 0.221657 -0.352323 0.416249
13.22 0.223106 -0.356778 0.420793
13.23 0.224483 -0.361135 0.425219
13.24 0.225789 -0.365389 0.429523
13.25 0.227025 -0.369538 0.433703
13.26 0.228192 -0.373579 0.437759
13.27 0.229292 -0.377507 0.441686
13.28 0.230325 -0.381322 0.445484
13.29 0.231293 -0.38502 0.449151
13.3 0.232197 -0.388597 0.452685
13.31 0.233039 -0.392052 0.456083
13.32 0.23382 -0.395381 0.459345
13.33 0.234541 -0.398581 0.462468
13.34 0.235204 -0.401651 0.465451
13.35 0.235811 -0.404586 0.468292
13.36 0.236362 -0.407386 0.470989
13.37 0.23686 -0.410048 0.473542
13.38 0.237305 -0.412568 0.475948
13.39 0.237701 -0.414945 0.478206
13.4 0.238047 -0.417176 0.480315
13.41 0.238346 -0.41926 0.482273
13.42 0.238599 -0.421193 0.48408
13.43 0.238808 -0.422975 0.485733
13.44 0.238975 -0.424602 0.487233
13.45 0.2391 -0.426073 0.488577
13.46 0.239187 -0.427387 0.489765
13.47 0.239236 -0.42854 0.490796
13.48 0.239249 -0.429533 0.491669
13.49 0.239227 -0.430362 0.492383
13.5 0.239172 -0.431026 0.492937
13.51 0.239086 -0.431524 0.49333
13.52 0.238971 -0.431853 0.493563
13.53 0.238827 -0.432014 0.493634
13.54 0.238656 -0.432004 0.493542
13.55 0.238459 -0.431822 0.493288
13.56 0.238239 -0.431467 0.492871
13.57 0.237996 -0.430939 0.492291
13.58 0.237733 -0.430234 0.491547
13.59 0.237448 -0.429354 0.490639
13.6 0.237146 -0.428296 0.489567
13.61 0.236826 -0.427061 0.488331
13.62 0.23649 -0.425647 0.486932
13.63 0.236138 -0.424053 0.485368
13.64 0.235773 -0.42228 0.483641
13.65 0.235394 -0.420326 0.481751
13.66 0.235004 -0.418191 0.479698
13.67 0.234601 -0.415875 0.477483
13.68 0.234189 -0.413378 0.475106
13.69 0.233767 -0.410698 0.472568
13.7 0.233337 -0.407837 0.46987
13.71 0.232897 -0.404794 0.467011
13.72 0.232451 -0.40157 0.463995
13.73 0.231997 -0.398163 0.460821
13.74 0.231536 -0.394575 0.457491
13.75 0.231069 -0.390805 0.454006
13.76 0.230596 -0.386855 0.450368
13.77 0.230116 -0.382724 0.446578
13.78 0.229632 -0.378414 0.442637
13.79 0.229141 -0.373924 0.438548
13.8 0.228644 -0.369256 0.434313
13.81 0.228142 -0.36441 0.429934
13.82 0.227634 -0.359387 0.425413
13.83 0.227119 -0.354188 0.420752
13.84 0.226598 -0.348815 0.415954
13.85 0.226069 -0.343267 0.411023
13.86 0.225533 -0.337548 0.40596
13.87 0.224989 -0.331657 0.40077
13.88 0.224436 -0.325596 0.395455
13.89 0.223874 -0.319368 0.39002
13.9 0.223301 -0.312973 0.384468
13.91 0.222717 -0.306413 0.378803
13.92 0.222121 -0.29969 0.373031
13.93 0.221511 -0.292806 0.367155
13.94 0.220888 -0.285763 0.361181
13.95 0.220248 -0.278563 0.355115
13.96 0.219592 -0.271208 0.348962
13.97 0.218918 -0.263701 0.342729
13.98 0.218224 -0.256043 0.336422
13.99 0.21751 -0.248238 0.330049
14 0.216773 -0.240287 0.323618
14.01 0.216012 -0.232194 0.317136
14.02 0.215226 -0.223961 0.310614
14.03 0.214412 -0.215592 0.30406
14.04 0.21357 -0.207088 0.297485
14.05 0.212696 -0.198453 0.290901
14.06 0.211791 -0.18969 0.284319
14.07 0.21085 -0.180803 0.277754
14.08 0.209874 -0.171794 0.27122
14.09 0.208859 -0.162667 0.264732
14.1 0.207805 -0.153425 0.258306
14.11 0.206708 -0.144073 0.251963
14.12 0.205567 -0.134613 0.245721
14.13 0.20438 -0.12505 0.239601
14.14 0.203145 -0.115387 0.233628
14.15 0.201859 -0.105628 0.227825
14.16 0.200521 -0.0957779 0.22222
14.17 0.199128 -0.0858394 0.216842
14.18 0.197679 -0.0758173 0.211719
14.19 0.196171 -0.0657155 0.206885
14.2 0.194602 -0.0555389 0.202372
14.21 0.19297 -0.0452911 0.198214
14.22 0.191273 -0.034977 0.194445
14.23 0.189509 -0.024601 0.191099
14.24 0.187676 -0.0141679 0.18821
14.25 0.185771 -0.00368169 0.185808
14.26 0.183793 0.00685211 0.183921
14.27 0.18174 0.0174296 0.182573
14.28 0.179609 0.0280451 0.181785
14.29 0.177398 0.0386946 0.181569
14.3 0.175106 0.0493724 0.181934
14.31 0.172171 0.0599161 0.182299
14.32 0.1686 0.0702865 0.182664
14.33 0.164403 0.0804454 0.18303
14.34 0.159593 0.0903548 0.183395
14.35 0.154184 0.0999776 0.183761
14.36 0.148194 0.109278 0.184128
14.37 0.141641 0.11822 0.184495
14.38 0.134548 0.12677 0.184861
14.39 0.126937 0.134895 0.185229
14.4 0.118833 0.142565 0.185596
14.41 0.110265 0.149747 0.185964
14.42 0.101261 0.156416 0.186332
14.43 0.0918524 0.162543 0.1867
14.44 0.0820711 0.168105 0.187069
14.45 0.0719515 0.173078 0.187438
14.46 0.0615288 0.177442 0.187807
14.47 0.0508398 0.181179 0.188176
14.48 0.0399221 0.184271 0.188546
14.49 0.0288146 0.186705 0.188916
14.5 0.0175573 0.18847 0.189286
14.51 0.00619012 0.189555 0.189656
14.52 -0.00524572 0.189954 0.190027
14.53 -0.0167087 0.189663 0.190397
14.54 -0.0281571 0.188679 0.190769
14.55 -0.0395493 0.187003 0.19114
14.56 -0.050843 0.184639 0.191511
14.57 -0.0619971 0.181591 0.191883
14.58 -0.0729694 0.177869 0.192255
14.59 -0.0837199 0.173482 0.192627
14.6 -0.0942075 0.168444 0.192999
14.61 -0.104393 0.162771 0.193371
14.62 -0.114238 0.156481 0.193744
14.63 -0.123706 0.149593 0.194117
14.64 -0.132758 0.142131 0.194489
14.65 -0.141362 0.13412 0.194862
14.66 -0.149482 0.125587 0.195236
14.67 -0.157088 0.11656 0.195609
14.68 -0.164149 0.10707 0.195982
14.69 -0.170638 0.0971517 0.196356
14.7 -0.176527 0.0868376 0.19673
14.71 -0.181793 0.0761652 0.197104
14.72 -0.186414 0.0651711 0.197478
14.73 -0.19037 0.0538953 0.197852
14.74 -0.193643 0.0423772 0.198226
14.75 -0.196219 0.0306588 0.1986
14.76 -0.198086 0.0187818 0.198974
14.77 -0.199233 0.00678952 0.199349
14.78 -0.199653 -0.00527474 0.199723
14.79 -0.199342 -0.0173664 0.200097
14.8 -0.198298 -0.0294416 0.200472
14.81 -0.196522 -0.0414555 0.200846
14.82 -0.194016 -0.0533639 0.201221
14.83 -0.190787 -0.065122 0.201595
14.84 -0.186845 -0.0766864 0.20197
14.85 -0.1822 -0.0880134 0.202345
14.86 -0.176868 -0.0990603 0.202719
14.87 -0.170863 -0.109785 0.203094
14.88 -0.164207 -0.120147 0.203468
14.89 -0.156921 -0.130106 0.203843
14.9 -0.149029 -0.139624 0.204217
14.91 -0.140557 -0.148665 0.204591
14.92 -0.131536 -0.157191 0.204965
14.93 -0.121995 -0.165171 0.205339
14.94 -0.111969 -0.172572 0.205713
14.95 -0.101491 -0.179364 0.206087
14.96 -0.0905992 -0.185521 0.206461
14.97 -0.0793319 -0.191016 0.206834
14.98 -0.0677296 -0.195826 0.207208
14.99 -0.0558336 -0.199932 0.207581
15 -0.0436867 -0.203313 0.207954
15.01 -0.0313332 -0.205957 0.208327
15.02 -0.0188175 -0.20785 0.2087
15.03 -0.00618609 -0.208981 0.209072
15.04 0.0065154 -0.209343 0.209445
15.05 0.0192396 -0.208933 0.209817
15.06 0.0319397 -0.207747 0.210188
15.07 0.0445683 -0.205789 0.21056
15.08 0.0570787 -0.203062 0.210931
15.09 0.0694231 -0.199572 0.211302
15.1 0.0815559 -0.195331 0.211673
15.11 0.0934306 -0.19035 0.212044
15.12 0.105002 -0.184646 0.212414
15.13 0.116227 -0.178236 0.212783
15.14 0.127061 -0.171143 0.213153
15.15 0.137462 -0.163388 0.213522
15.16 0.147392 -0.155 0.213891
15.17 0.15681 -0.146006 0.214259
15.18 0.165679 -0.136438 0.214627
15.19 0.173965 -0.126329 0.214995
15.2 0.181634 -0.115715 0.215362
15.21 0.188655 -0.104634 0.215729
15.22 0.195001 -0.0931239 0.216096
15.23 0.200643 -0.081227 0.216461
15.24 0.20556 -0.0689867 0.216827
15.25 0.209729 -0.0564465 0.217192
15.26 0.213132 -0.0436526 0.217557
15.27 0.215755 -0.0306513 0.217921
15.28 0.217583 -0.0174912 0.218285
15.29 0.218607 -0.00421988 0.218648
15.3 0.218821 0.00911265 0.219011
15.31 0.218221 0.0224575 0.219373
15.32 0.216805 0.0357644 0.219735
15.33 0.214577 0.0489836 0.220096
15.34 0.21154 0.0620655 0.220457
15.35 0.207705 0.0749605 0.220818
15.36 0.203082 0.0876196 0.221177
15.37 0.197686 0.0999947 0.221537
15.38 0.191533 0.112039 0.221896
15.39 0.184646 0.123705 0.222254
15.4 0.177045 0.134948 0.222612
15.41 0.168759 0.145725 0.222969
15.42 0.159814 0.155994 0.223326
15.43 0.150242 0.165713 0.223682
15.44 0.140077 0.174847 0.224038
15.45 0.129355 0.183356 0.224393
15.46 0.118114 0.191208 0.224747
15.47 0.106394 0.19837 0.225101
15.48 0.0942385 0.204814 0.225455
15.49 0.0816902 0.210513 0.225808
15.5 0.0687955 0.215443 0.22616
15.51 0.0556014 0.219581 0.226512
15.52 0.0421566 0.222912 0.226863
15.53 0.0285104 0.225418 0.227214
15.54 0.0147138 0.227088 0.227564
15.55 0.000817707 0.227912 0.227913
15.56 -0.0131257 0.227885 0.228262
15.57 -0.0270646 0.227003 0.228611
15.58 -0.0409457 0.225268 0.228959
15.59 -0.0547178 0.222682 0.229306
15.6 -0.0683276 0.219253 0.229653
15.61 -0.0817243 0.21499 0.229999
15.62 -0.094856 0.209907 0.230345
15.63 -0.107673 0.204021 0.23069
15.64 -0.120125 0.19735 0.231035
15.65 -0.132166 0.189917 0.231379
15.66 -0.143746 0.181747 0.231722
15.67 -0.154823 0.17287 0.232065
15.68 -0.165352 0.163315 0.232407
15.69 -0.175292 0.153117 0.232749
15.7 -0.184603 0.142312 0.23309
15.71 -0.193248 0.130939 0.233431
15.72 -0.201193 0.119038 0.23377
15.73 -0.208405 0.106653 0.23411
15.74 -0.214854 0.0938297 0.234449
15.75 -0.220513 0.0806144 0.234787
15.76 -0.22536 0.0670553 0.235124
15.77 -0.229372 0.0532031 0.235461
15.78 -0.232532 0.0391089 0.235798
15.79 -0.234825 0.0248254 0.236133
15.8 -0.236239 0.0104055 0.236468
15.81 -0.236767 -0.00409606 0.236802
15.82 -0.236404 -0.0186253 0.237136
15.83 -0.235147 -0.033127 0.237469
15.84 -0.233 -0.0475463 0.237802
15.85 -0.229967 -0.0618284 0.238133
15.86 -0.226057 -0.0759187 0.238464
15.87 -0.221281 -0.0897635 0.238795
15.88 -0.215656 -0.103309 0.239124
15.89 -0.2092 -0.116504 0.239453
15.9 -0.201934 -0.129296 0.239781
15.91 -0.193885 -0.141636 0.240108
15.92 -0.185078 -0.153476 0.240435
15.93 -0.175547 -0.164769 0.240761
15.94 -0.165325 -0.175471 0.241086
15.95 -0.154447 -0.185539 0.24141
15.96 -0.142955 -0.194933 0.241733
15.97 -0.130888 -0.203615 0.242056
15.98 -0.118292 -0.211551 0.242377
15.99 -0.105213 -0.218707 0.242698
16 -0.0916988 -0.225054 0.243018
16.01 -0.0777995 -0.230565 0.243337
16.02 -0.0635665 -0.235217 0.243655
16.03 -0.0490538 -0.238991 0.243973
16.04 -0.0343147 -0.241867 0.244289
16.05 -0.0194056 -0.243834 0.244605
16.06 -0.00438204 -0.24488 0.244919
16.07 0.0106985 -0.244999 0.245232
16.08 0.0257791 -0.244188 0.245545
16.09 0.0408022 -0.242447 0.245857
16.1 0.0557107 -0.23978 0.246167
16.11 0.0704466 -0.236195 0.246477
16.12 0.0849541 -0.231702 0.246786
16.13 0.0991764 -0.226316 0.247093
16.14 0.113059 -0.220055 0.2474
16.15 0.126547 -0.21294 0.247705
16.16 0.139589 -0.204997 0.24801
16.17 0.152134 -0.196251 0.248313
16.18 0.164131 -0.186737 0.248615
16.19 0.175534 -0.176486 0.248916
16.2 0.186297 -0.165537 0.249216
16.21 0.196377 -0.153928 0.249515
16.22 0.205734 -0.141704 0.249813
16.23 0.21433 -0.128908 0.25011
16.24 0.22213 -0.115589 0.250405
16.25 0.229102 -0.101795 0.250699
16.26 0.235217 -0.0875789 0.250992
16.27 0.240449 -0.072993 0.251284
16.28 0.244776 -0.0580928 0.251575
16.29 0.248178 -0.0429342 0.251864
16.3 0.25064 -0.0275746 0.252152
16.31 0.252151 -0.0120728 0.25244
16.32 0.252701 0.00351264 0.252725
16.33 0.252286 0.0191216 0.25301
16.34 0.250905 0.0346949 0.253293
16.35 0.248562 0.050172 0.253575
16.36 0.245261 0.0654939 0.253855
16.37 0.241015 0.0806005 0.254135
16.38 0.235835 0.0954341 0.254413
16.39 0.229741 0.109936 0.25469
16.4 0.222752 0.124051 0.254965
16.41 0.214894 0.137722 0.255239
16.42 0.206195 0.150898 0.255512
16.43 0.196686 0.163524 0.255784
16.44 0.186401 0.175552 0.256054
16.45 0.175378 0.186933 0.256323
16.46 0.163658 0.197623 0.256591
16.47 0.151284 0.207578 0.256857
16.48 0.138303 0.216758 0.257122
16.49 0.124761 0.225127 0.257386
16.5 0.110712 0.232649 0.257648
16.51 0.0962066 0.239293 0.257909
16.52 0.0813007 0.245033 0.258169
16.53 0.0660504 0.249843 0.258427
16.54 0.0505141 0.253704 0.258684
16.55 0.0347504 0.256597 0.258939
16.56 0.0188204 0.258509 0.259194
16.57 0.00278435 0.259432 0.259447
16.58 -0.0132954 0.259357 0.259698
16.59 -0.0293574 0.258285 0.259948
16.6 -0.0453392 0.256216 0.260197
16.61 -0.0611789 0.253157 0.260445
16.62 -0.0768153 0.249116 0.260691
16.63 -0.0921873 0.244108 0.260935
16.64 -0.107235 0.238149 0.261179
16.65 -0.121899 0.231261 0.261421
16.66 -0.136123 0.223467 0.261662
16.67 -0.149849 0.214796 0.261901
16.68 -0.163024 0.20528 0.262139
16.69 -0.175597 0.194953 0.262375
16.7 -0.187515 0.183854 0.262611
16.71 -0.198733 0.172024 0.262844
16.72 -0.209205 0.159507 0.263077
16.73 -0.218889 0.14635 0.263307
16.74 -0.227746 0.132604 0.263537
16.75 -0.235739 0.118319 0.263765
16.76 -0.242836 0.10355 0.263992
16.77 -0.249007 0.0883532 0.264217
16.78 -0.254226 0.0727871 0.264441
16.79 -0.258472 0.0569108 0.264663
16.8 -0.261725 0.0407858 0.264884
16.81 -0.263971 0.0244735 0.265103
16.82 -0.265199 0.00803757 0.265321
16.83 -0.265402 -0.00845885 0.265537
16.84 -0.264578 -0.0249513 0.265752
16.85 -0.262727 -0.0413765 0.265965
16.86 -0.259854 -0.0576693 0.266177
16.87 -0.25597 -0.0737672 0.266387
16.88 -0.251085 -0.0896062 0.266596
16.89 -0.245219 -0.105125 0.266803
16.9 -0.238391 -0.120262 0.267008
16.91 -0.230627 -0.134957 0.267212
16.92 -0.221954 -0.149154 0.267414
16.93 -0.212405 -0.162794 0.267615
16.94 -0.202015 -0.175824 0.267814
16.95 -0.190824 -0.188192 0.268012
16.96 -0.178873 -0.199849 0.268207
16.97 -0.166207 -0.210748 0.268402
16.98 -0.152874 -0.220844 0.268594
16.99 -0.138927 -0.230097 0.268785
17 -0.124416 -0.238469 0.268974
17.01 -0.1094 -0.245925 0.269161
17.02 -0.0939335 -0.252436 0.269347
17.03 -0.0780784 -0.257974 0.26953
17.04 -0.0618951 -0.262515 0.269713
17.05 -0.0454464 -0.266039 0.269893
17.06 -0.0287964 -0.268532 0.270072
17.07 -0.0120098 -0.269981 0.270248
17.08 0.0048481 -0.27038 0.270423
17.09 0.0217113 -0.269724 0.270596
17.1 0.0385135 -0.268014 0.270768
17.11 0.0551892 -0.265256 0.270937
17.12 0.0716724 -0.261459 0.271105
17.13 0.0878985 -0.256635 0.27127
17.14 0.103803 -0.250801 0.271434
17.15 0.119324 -0.24398 0.271596
17.16 0.134398 -0.236196 0.271756
17.17 0.148967 -0.227477 0.271914
17.18 0.162972 -0.217858 0.27207
17.19 0.176358 -0.207374 0.272224
17.2 0.18907 -0.196064 0.272376
17.21 0.201059 -0.183973 0.272527
17.22 0.212274 -0.171147 0.272675
17.23 0.222672 -0.157634 0.272821
17.24 0.23221 -0.143487 0.272965
17.25 0.240849 -0.128761 0.273108
17.26 0.248554 -0.113513 0.273248
17.27 0.255293 -0.0978015 0.273386
17.28 0.261039 -0.0816883 0.273522
17.29 0.265766 -0.0652366 0.273656
17.3 0.269456 -0.04851 0.273788
17.31 0.272092 -0.031575 0.273918
17.32 0.273662 -0.0144971 0.274045
17.33 0.274158 0.00265564 0.274171
17.34 0.273578 0.0198162 0.274295
17.35 0.271921 0.0369167 0.274416
17.36 0.269194 0.0538895 0.274535
17.37 0.265405 0.0706672 0.274652
17.38 0.260569 0.0871837 0.274767
17.39 0.254702 0.103373 0.27488
17.4 0.247827 0.119171 0.274991
17.41 0.239969 0.134515 0.275099
17.42 0.23116 0.149343 0.275206
17.43 0.221431 0.163596 0.27531
17.44 0.210822 0.177217 0.275412
17.45 0.199371 0.190152 0.275512
17.46 0.187125 0.202347 0.275609
17.47 0.174131 0.213756 0.275705
17.48 0.160438 0.22433 0.275798
17.49 0.146102 0.234028 0.275889
17.5 0.131177 0.242809 0.275978
17.51 0.115723 0.250638 0.276064
17.52 0.0998001 0.257484 0.276148
17.53 0.083471 0.263318 0.276231
17.54 0.0667998 0.268114 0.276311
17.55 0.049853 0.271855 0.276389
17.56 0.032697 0.274524 0.276464
17.57 0.0154001 0.276108 0.276537
17.58 -0.00196946 0.276601 0.276608
17.59 -0.019342 0.276 0.276677
17.6 -0.0366496 0.274306 0.276743
17.61 -0.053822 0.271525 0.276808
17.62 -0.0707922 0.267667 0.27687
17.63 -0.0874914 0.262745 0.276929
17.64 -0.103854 0.256781 0.276987
17.65 -0.119813 0.249794 0.277042
17.66 -0.135306 0.241814 0.277096
17.67 -0.15027 0.232871 0.277146
17.68 -0.164646 0.222999 0.277195
17.69 -0.178376 0.212237 0.277241
17.7 -0.191404 0.200628 0.277285
17.71 -0.203677 0.188217 0.277327
17.72 -0.215148 0.175053 0.277367
17.73 -0.225768 0.161188 0.277404
17.74 -0.235496 0.146677 0.277439
17.75 -0.244291 0.131577 0.277472
17.76 -0.252118 0.115948 0.277502
17.77 -0.258945 0.099852 0.27753
17.78 -0.264744 0.0833535 0.277556
17.79 -0.269492 0.0665178 0.277579
17.8 -0.273168 0.049412 0.277601
17.81 -0.275757 0.0321044 0.27762
17.82 -0.277248 0.0146641 0.277636
17.83 -0.277636 -0.00283903 0.27765
17.84 -0.276916 -0.0203354 0.277662
17.85 -0.275093 -0.0377545 0.277672
17.86 -0.272172 -0.0550268 0.277679
17.87 -0.268165 -0.0720828 0.277684
17.88 -0.263086 -0.0888546 0.277686
17.89 -0.256957 -0.105274 0.277686
17.9 -0.249801 -0.121276 0.277684
17.91 -0.241646 -0.136795 0.277679
17.92 -0.232525 -0.151769 0.277672
17.93 -0.222474 -0.166139 0.277663
17.94 -0.211532 -0.179845 0.277651
17.95 -0.199744 -0.192833 0.277637
17.96 -0.187156 -0.20505 0.27762
17.97 -0.173819 -0.216447 0.277601
17.98 -0.159786 -0.226977 0.277579
17.99 -0.145113 -0.236599 0.277555
18 -0.129859 -0.245272 0.277528
18.01 -0.114086 -0.252963 0.277499
18.02 -0.0978567 -0.259639 0.277468
18.03 -0.0812358 -0.265274 0.277434
18.04 -0.0642912 -0.269844 0.277397
18.05 -0.0470901 -0.273331 0.277358
18.06 -0.0297028 -0.275721 0.277316
18.07 -0.0121986 -0.277003 0.277272
18.08 0.00535167 -0.277173 0.277225
18.09 0.022877 -0.27623 0.277176
18.1 0.0403067 -0.274177 0.277123
18.11 0.0575707 -0.271022 0.277069
18.12 0.0745987 -0.266778 0.277011
18.13 0.0913222 -0.261462 0.276952
18.14 0.107674 -0.255096 0.276889
18.15 0.123587 -0.247705 0.276824
18.16 0.138997 -0.239319 0.276756
18.17 0.153842 -0.229972 0.276685
18.18 0.168063 -0.219702 0.276612
18.19 0.1816 -0.208551 0.276536
18.2 0.1944 -0.196564 0.276458
18.21 0.206411 -0.183789 0.276376
18.22 0.217584 -0.170278 0.276292
18.23 0.227873 -0.156087 0.276205
18.24 0.237238 -0.141272 0.276116
18.25 0.245641 -0.125894 0.276023
18.26 0.253047 -0.110017 0.275929
18.27 0.259427 -0.0937027 0.275831
18.28 0.264755 -0.0770197 0.27573
18.29 0.269009 -0.0600346 0.275627
18.3 0.272174 -0.0428176 0.275521
18.31 0.274235 -0.0254376 0.275412
18.32 0.275186 -0.00796641 0.275301
18.33 0.275022 0.00952591 0.275187
18.34 0.273745 0.0269671 0.27507
18.35 0.27136 0.0442873 0.27495
18.36 0.267877 0.061415 0.274827
18.37 0.263312 0.0782812 0.274702
18.38 0.257683 0.0948172 0.274574
18.39 0.251014 0.110956 0.274443
18.4 0.243332 0.126631 0.27431
18.41 0.23467 0.141779 0.274174
18.42 0.225062 0.15634 0.274034
18.43 0.214549 0.170253 0.273893
18.44 0.203174 0.183462 0.273748
18.45 0.190985 0.195914 0.273601
18.46 0.178031 0.207558 0.273451
18.47 0.164366 0.218348 0.273298
18.48 0.150046 0.22824 0.273143
18.49 0.13513 0.237193 0.272985
18.5 0.11968 0.245173 0.272824
18.51 0.103759 0.252146 0.27266
18.52 0.0874322 0.258087 0.272494
18.53 0.070767 0.26297 0.272325
18.54 0.0538321 0.266776 0.272153
18.55 0.0366969 0.269492 0.271979
18.56 0.0194317 0.271106 0.271802
18.57 0.00210705 0.271614 0.271622
18.58 -0.0152053 0.271013 0.271439
18.59 -0.0324353 0.269308 0.271254
18.6 -0.0495113 0.266506 0.271066
18.61 -0.0663646 0.26262 0.270876
18.62 -0.0829251 0.257667 0.270682
18.63 -0.0991262 0.251668 0.270486
18.64 -0.114901 0.244649 0.270287
18.65 -0.130185 0.23664 0.270086
18.66 -0.144917 0.227674 0.269882
18.67 -0.159036 0.21779 0.269675
18.68 -0.172485 0.207028 0.269466
18.69 -0.18521 0.195435 0.269254
18.7 -0.197158 0.183059 0.269039
18.71 -0.208283 0.169952 0.268822
18.72 -0.218538 0.156167 0.268602
18.73 -0.227882 0.141764 0.268379
18.74 -0.236279 0.126802 0.268154
18.75 -0.243694 0.111343 0.267926
18.76 -0.250099 0.0954514 0.267695
18.77 -0.255468 0.0791936 0.267462
18.78 -0.259781 0.0626367 0.267226
18.79 -0.263021 0.0458497 0.266987
18.8 -0.265176 0.0289017 0.266746
18.81 -0.266237 0.0118632 0.266502
18.82 -0.266204 -0.00519513 0.266255
18.83 -0.265077 -0.0222033 0.266006
18.84 -0.262863 -0.0390909 0.265754
18.85 -0.259571 -0.0557883 0.265499
18.86 -0.255218 -0.0722266 0.265241
18.87 -0.249822 -0.0883386 0.264981
18.88 -0.243408 -0.104057 0.264718
18.89 -0.236004 -0.11932 0.264452
18.9 -0.227641 -0.134061 0.264184
18.91 -0.218357 -0.148224 0.263913
18.92 -0.20819 -0.161748 0.263639
18.93 -0.197185 -0.17458 0.263362
18.94 -0.185387 -0.186666 0.263083
18.95 -0.172849 -0.197959 0.262801
18.96 -0.159621 -0.208412 0.262516
18.97 -0.145762 -0.217984 0.262228
18.98 -0.131329 -0.226637 0.261938
18.99 -0.116384 -0.234335 0.261645
19 -0.100988 -0.241049 0.261349
19.01 -0.0852078 -0.246753 0.26105
19.02 -0.0691086 -0.251424 0.260749
19.03 -0.0527587 -0.255044 0.260444
19.04 -0.0362258 -0.257602 0.260137
19.05 -0.0195798 -0.259088 0.259827
19.06 -0.00288974 -0.259498 0.259514
19.07 0.0137746 -0.258832 0.259198
19.08 0.0303439 -0.257095 0.25888
19.09 0.0467491 -0.254297 0.258558
19.1 0.0629221 -0.250451 0.258234
19.11 0.0787962 -0.245575 0.257907
19.12 0.0943053 -0.239692 0.257577
19.13 0.109386 -0.232829 0.257244
19.14 0.123975 -0.225015 0.256908
19.15 0.138014 -0.216287 0.256569
19.16 0.151445 -0.206682 0.256228
19.17 0.164212 -0.196242 0.255884
19.18 0.176264 -0.185013 0.255537
19.19 0.187553 -0.173043 0.255187
19.2 0.198032 -0.160385 0.254834
19.21 0.20766 -0.147093 0.254478
19.22 0.216398 -0.133224 0.254119
19.23 0.224212 -0.118837 0.253758
19.24 0.231071 -0.103994 0.253394
19.25 0.236948 -0.0887584 0.253027
19.26 0.241822 -0.0731947 0.252657
19.27 0.245675 -0.0573694 0.252284
19.28 0.248492 -0.0413491 0.251909
19.29 0.250265 -0.0252021 0.251531
19.3 0.250988 -0.00899568 0.251149
19.31 0.250662 0.00720101 0.250766
19.32 0.24929 0.0233211 0.250379
19.33 0.246882 0.0392956 0.249989
19.34 0.243449 0.0550591 0.249597
19.35 0.239009 0.0705449 0.249202
19.36 0.233583 0.0856892 0.248804
19.37 0.227197 0.100429 0.248404
19.38 0.219881 0.114703 0.248001
19.39 0.211667 0.128453 0.247595
19.4 0.202593 0.141623 0.247186
19.41 0.1927 0.154157 0.246775
19.42 0.182031 0.166007 0.24636
19.43 0.170634 0.177122 0.245943
19.44 0.158559 0.18746 0.245524
19.45 0.145858 0.196978 0.245102
19.46 0.132588 0.205638 0.244677
19.47 0.118806 0.213408 0.24425
19.48 0.104572 0.220255 0.243819
19.49 0.0899467 0.226156 0.243386
19.5 0.0749936 0.231086 0.242951
19.51 0.0597773 0.23503 0.242513
19.52 0.0443624 0.237972 0.242072
19.53 0.0288151 0.239904 0.241628
19.54 0.013201 0.240821 0.241182
19.55 -0.00241284 0.240721 0.240734
19.56 -0.0179611 0.23961 0.240282
19.57 -0.0333773 0.237495 0.239828
19.58 -0.0485974 0.234387 0.239372
19.59 -0.0635568 0.230304 0.238913
19.6 -0.0781938 0.225266 0.238451
19.61 -0.0924464 0.219298 0.237987
19.62 -0.106257 0.212427 0.23752
19.63 -0.119566 0.204687 0.23705
19.64 -0.132321 0.196114 0.236579
19.65 -0.144468 0.186746 0.236104
19.66 -0.155959 0.176626 0.235627
19.67 -0.166747 0.165799 0.235147
19.68 -0.176789 0.154316 0.234665
19.69 -0.186044 0.142225 0.23418
19.7 -0.194475 0.129582 0.233693
19.71 -0.202052 0.116442 0.233203
19.72 -0.208742 0.102862 0.23271
19.73 -0.214523 0.0889027 0.232215
19.74 -0.219372 0.0746246 0.231717
19.75 -0.223273 0.0600894 0.231217
19.76 -0.226212 0.0453604 0.230715
19.77 -0.22818 0.030501 0.23021
19.78 -0.229173 0.015575 0.229702
19.79 -0.229191 0.000646997 0.229191
19.8 -0.228236 -0.0142202 0.228679
19.81 -0.226318 -0.0289624 0.228163
19.82 -0.223447 -0.0435179 0.227645
19.83 -0.219641 -0.0578245 0.227125
19.84 -0.214918 -0.0718227 0.226602
19.85 -0.209304 -0.0854531 0.226076
19.86 -0.202826 -0.0986596 0.225548
19.87 -0.195514 -0.111387 0.225017
19.88 -0.187405 -0.123582 0.224484
19.89 -0.178535 -0.135196 0.223948
19.9 -0.168947 -0.146181 0.22341
19.91 -0.158684 -0.156493 0.222869
19.92 -0.147794 -0.16609 0.222326
19.93 -0.136325 -0.174934 0.22178
19.94 -0.12433 -0.18299 0.221231
19.95 -0.111862 -0.190228 0.22068
19.96 -0.0989778 -0.19662 0.220127
19.97 -0.0857336 -0.202141 0.219571
19.98 -0.0721888 -0.206773 0.219012
19.99 -0.0584022 -0.2105 0.218451
20 -0.0444351 -0.213308 0.217887
20.01 -0.0303477 -0.215192 0.217321
20.02 -0.0162021 -0.216146 0.216753
20.03 -0.00205881 -0.216172 0.216182
20.04 0.0120207 -0.215272 0.215608
20.05 0.0259764 -0.213457 0.215032
20.06 0.0397484 -0.210737 0.214453
20.07 0.053278 -0.20713 0.213872
20.08 0.0665086 -0.202654 0.213288
20.09 0.0793835 -0.197334 0.212702
20.1 0.0918497 -0.191196 0.212114
20.11 0.103855 -0.184272 0.211523
20.12 0.11535 -0.176595 0.210929
20.13 0.126286 -0.168202 0.210333
20.14 0.136621 -0.159133 0.209735
20.15 0.146312 -0.149432 0.209134
20.16 0.155321 -0.139143 0.208531
20.17 0.163611 -0.128314 0.207926
20.18 0.171152 -0.116995 0.207318
20.19 0.177913 -0.105237 0.206708
20.2 0.183871 -0.0930946 0.206095
20.21 0.189004 -0.0806212 0.20548
20.22 0.193293 -0.0678741 0.204863
20.23 0.196725 -0.0549088 0.204244
20.24 0.199289 -0.041784 0.203622
20.25 0.200979 -0.028557 0.202998
20.26 0.201794 -0.0152862 0.202372
20.27 0.201733 -0.00202919 0.201744
20.28 0.200803 0.011156 0.201113
20.29 0.199013 0.0242128 0.20048
20.3 0.196374 0.0370846 0.199845
20.31 0.192904 0.0497169 0.199208
20.32 0.188623 0.0620557 0.198568
20.33 0.183553 0.074049 0.197927
20.34 0.177723 0.0856468 0.197283
20.35 0.171161 0.0968004 0.196638
20.36 0.163901 0.107464 0.19599
20.37 0.155979 0.117594 0.19534
20.38 0.147433 0.12715 0.194688
20.39 0.138304 0.136093 0.194034
20.4 0.128637 0.144388 0.193378
20.41 0.118476 0.152002 0.19272
20.42 0.107869 0.158907 0.192061
20.43 0.0968659 0.165077 0.191399
20.44 0.0855167 0.17049 0.190735
20.45 0.0738734 0.175126 0.190069
20.46 0.0619893 0.17897 0.189402
20.47 0.0499172 0.182011 0.188732
20.48 0.0377123 0.184241 0.188061
20.49 0.0254281 0.185654 0.187387
20.5 0.0131199 0.186251 0.186712
20.51 0.000840653 0.186034 0.186036
20.52 -0.0113544 0.185009 0.185357
20.53 -0.0234135 0.183186 0.184676
20.54 -0.0352839 0.180579 0.183994
20.55 -0.0469149 0.177205 0.18331
20.56 -0.0582567 0.173083 0.182624
20.57 -0.069262 0.168237 0.181937
20.58 -0.0798839 0.162693 0.181247
20.59 -0.090079 0.156481 0.180557
20.6 -0.0998048 0.149632 0.179863
20.61 -0.109022 0.142182 0.179169
20.62 -0.117693 0.134167 0.178473
20.63 -0.125785 0.125627 0.177775
20.64 -0.133265 0.116604 0.177076
20.65 -0.140104 0.10714 0.176375
20.66 -0.146278 0.0972804 0.175672
20.67 -0.151763 0.0870723 0.174967
20.68 -0.156541 0.0765634 0.174262
20.69 -0.160596 0.065802 0.173554
20.7 -0.163915 0.054838 0.172845
20.71 -0.166489 0.0437213 0.172134
20.72 -0.168312 0.0325025 0.171422
20.73 -0.169382 0.0212319 0.170708
20.74 -0.1697 0.00996038 0.169992
20.75 -0.16927 -0.00126284 0.169275
20.76 -0.168101 -0.0123871 0.168557
20.77 -0.166202 -0.023365 0.167837
20.78 -0.163589 -0.0341478 0.167115
20.79 -0.160278 -0.04469 0.166392
20.8 -0.15629 -0.0549457 0.165667
20.81 -0.151649 -0.0648725 0.164942
20.82 -0.146379 -0.074428 0.164214
20.83 -0.14051 -0.083573 0.163485
20.84 -0.134072 -0.0922702 0.162755
20.85 -0.127101 -0.100484 0.162024
20.86 -0.119629 -0.108183 0.16129
20.87 -0.111697 -0.115335 0.160556
20.88 -0.103341 -0.121915 0.15982
20.89 -0.0946051 -0.127896 0.159084
20.9 -0.0855295 -0.133259 0.158345
20.91 -0.0761589 -0.137983 0.157606
20.92 -0.0665373 -0.142054 0.156865
20.93 -0.0567101 -0.145459 0.156123
20.94 -0.0467232 -0.148189 0.15538
20.95 -0.0366227 -0.150236 0.154635
20.96 -0.0264553 -0.151599 0.15389
20.97 -0.0162665 -0.152277 0.153144
20.98 -0.00610315 -0.152274 0.152396
20.99 0.00399014 -0.151595 0.151647
21 0.0139679 -0.15025 0.150898
21.01 0.0237869 -0.148251 0.150147
21.02 0.0334041 -0.145613 0.149395
21.03 0.0427785 -0.142354 0.148643
21.04 0.0518694 -0.138495 0.147889
21.05 0.0606396 -0.134058 0.147135
21.06 0.0690515 -0.129069 0.146379
21.07 0.0770715 -0.123556 0.145624
21.08 0.0846666 -0.117549 0.144866
21.09 0.0918072 -0.11108 0.144109
21.1 0.0984649 -0.104183 0.14335
21.11 0.104615 -0.0968922 0.142591
21.12 0.110234 -0.0892451 0.141832
21.13 0.115302 -0.0812804 0.141071
21.14 0.119802 -0.0730367 0.14031
21.15 0.12372 -0.0645546 0.139549
21.16 0.127043 -0.0558744 0.138787
21.17 0.129762 -0.0470382 0.138024
21.18 0.131872 -0.0380867 0.137261
21.19 0.133368 -0.0290627 0.136498
21.2 0.134252 -0.0200071 0.135734
21.21 0.134524 -0.0109618 0.13497
21.22 0.134191 -0.00196771 0.134206
21.23 0.133261 0.00693511 0.133441
21.24 0.131743 0.0157067 0.132676
21.25 0.129652 0.0243092 0.131911
21.26 0.127002 0.0327045 0.131146
21.27 0.123813 0.0408576 0.13038
21.28 0.120104 0.0487331 0.129615
21.29 0.115899 0.0562989 0.128849
21.3 0.111221 0.0635233 0.128083
21.31 0.106098 0.0703779 0.127318
21.32 0.100557 0.0768347 0.126552
21.33 0.0946301 0.0828697 0.125787
21.34 0.0883467 0.088459 0.125021
21.35 0.0817411 0.0935831 0.124255
21.36 0.0748459 0.0982234 0.12349
21.37 0.0676974 0.102364 0.122725
21.38 0.0603299 0.105993 0.12196
21.39 0.052781 0.109098 0.121195
21.4 0.0450863 0.111673 0.120431
21.41 0.0372837 0.11371 0.119667
21.42 0.0294098 0.115208 0.118903
21.43 0.0215018 0.116166 0.118139
21.44 0.0135963 0.116586 0.117376
21.45 0.00572984 0.116473 0.116614
21.46 -0.00206221 0.115833 0.115852
21.47 -0.00974448 0.114676 0.11509
21.48 -0.0172832 0.113015 0.114329
21.49 -0.0246457 0.110861 0.113568
21.5 -0.0317992 0.108233 0.112808
21.51 -0.0387147 0.105147 0.112048
21.52 -0.0453619 0.101624 0.111289
21.53 -0.0517147 0.0976862 0.110531
21.54 -0.0577464 0.0933561 0.109773
21.55 -0.0634343 0.0886595 0.109016
21.56 -0.0687555 0.0836224 0.108259
21.57 -0.0736908 0.0782731 0.107504
21.58 -0.0782219 0.0726399 0.106748
21.59 -0.0823335 0.0667533 0.105994
21.6 -0.0860118 0.0606435 0.105241
21.61 -0.0892457 0.0543421 0.104489
21.62 -0.0920257 0.0478807 0.103737
21.63 -0.0943455 0.0412923 0.102986
21.64 -0.0962004 0.034608 0.102236
21.65 -0.0975877 0.0278618 0.101487
21.66 -0.0985082 0.0210847 0.100739
21.67 -0.0989632 0.0143096 0.0999924
21.68 -0.0989579 0.00756754 0.0992468
21.69 -0.0984979 0.000889895 0.0985019
21.7 -0.0975926 -0.00569319 0.0977585
21.71 -0.0962518 -0.0121522 0.0970159
21.72 -0.0944888 -0.0184585 0.0962748
21.73 -0.092317 -0.0245852 0.0955346
21.74 -0.0897535 -0.0305056 0.094796
21.75 -0.0868153 -0.0361954 0.0940585
21.76 -0.0835222 -0.0416311 0.0933226
21.77 -0.0798942 -0.046791 0.0925878
21.78 -0.0759543 -0.0516545 0.0918545
21.79 -0.0717248 -0.0562043 0.0911229
21.8 -0.0672305 -0.0604221 0.0903923
21.81 -0.0624964 -0.0642946 0.0896638
21.82 -0.0575482 -0.0678077 0.0889364
21.83 -0.0524131 -0.0709511 0.0882111
21.84 -0.0471175 -0.073715 0.0874869
21.85 -0.0416895 -0.0760928 0.0867648
21.86 -0.0361562 -0.0780789 0.0860441
21.87 -0.0305464 -0.0796703 0.0853255
21.88 -0.0248866 -0.0808657 0.0846085
21.89 -0.0192054 -0.0816655 0.0838934
21.9 -0.0135294 -0.0820725 0.0831802
21.91 -0.00788592 -0.0820912 0.0824691
21.92 -0.00230039 -0.0817275 0.0817599
21.93 0.00320053 -0.0809891 0.0810523
21.94 0.00859315 -0.0798866 0.0803475
21.95 0.0138529 -0.07843 0.079644
21.96 0.0189573 -0.0766333 0.0789433
21.97 0.0238849 -0.0745096 0.0782443
21.98 0.0286146 -0.0720755 0.0775479
21.99 0.0331278 -0.0693469 0.0768534
22 0.0374062 -0.0663425 0.0761614
22.01 0.0414339 -0.0630808 0.0754715
22.02 0.0451953 -0.0595822 0.074784
22.03 0.0486779 -0.0558673 0.0740991
22.04 0.051869 -0.0519575 0.0734165
22.05 0.0547592 -0.0478749 0.0727363
22.06 0.0573392 -0.0436423 0.0720585
22.07 0.059603 -0.0392824 0.0713836
22.08 0.0615442 -0.034818 0.0707105
22.09 0.0631604 -0.0302733 0.0700408
22.1 0.0644488 -0.0256705 0.0693731
22.11 0.0654096 -0.0210338 0.0687083
22.12 0.066044 -0.016385 0.0680462
22.13 0.0663547 -0.0117476 0.0673866
22.14 0.0663465 -0.00714304 0.0667299
22.15 0.066025 -0.00259343 0.0660759
22.16 0.0653978 0.00188094 0.0654248
22.17 0.0644732 0.00625918 0.0647763
22.18 0.0632618 0.0105226 0.064131
22.19 0.0617743 0.0146523 0.0634882
22.2 0.0600235 0.0186314 0.0628486
22.21 0.0580223 0.0224428 0.0622115
22.22 0.0557862 0.0260718 0.0615779
22.23 0.0533292 0.0295041 0.0609467
22.24 0.0506689 0.0327267 0.0603189
22.25 0.0478209 0.0357285 0.0596939
22.26 0.0448036 0.0384985 0.0590719
22.27 0.0416345 0.0410288 0.0584533
22.28 0.038332 0.0433107 0.0578374
22.29 0.0349151 0.0453389 0.0572248
22.3 0.0314026 0.0471078 0.0566151
22.31 0.0278135 0.0486147 0.0560088
22.32 0.0241668 0.0498568 0.0554052
22.33 0.0204819 0.0508341 0.0548052
22.34 0.0167772 0.0515465 0.0542081
22.35 0.0130715 0.0519966 0.0536145
22.36 0.00938263 0.0521869 0.0530237
22.37 0.00572913 0.0521225 0.0524365
22.38 0.00212706 0.0518086 0.0518523
22.39 -0.00140564 0.0512522 0.0512714
22.4 -0.0048543 0.0504612 0.0506941
22.41 -0.00820271 0.0494439 0.0501197
22.42 -0.0114371 0.048211 0.0495491
22.43 -0.0145437 0.0467724 0.0489814
22.44 -0.0175101 0.0451402 0.0484174
22.45 -0.0203243 0.0433261 0.0478563
22.46 -0.0229759 0.0413439 0.0472991
22.47 -0.0254554 0.039206 0.0467449
22.48 -0.0277541 0.0369275 0.0461945
22.49 -0.0298647 0.0345219 0.0456472
22.5 -0.0317808 0.0320049 0.0451035
22.51 -0.0334974 0.0293905 0.0445632
22.52 -0.0350099 0.026695 0.0440263
22.53 -0.0363163 0.0239328 0.0434932
22.54 -0.0374136 0.0211198 0.0429631
22.55 -0.0383024 0.018271 0.0424371
22.56 -0.038982 0.0154012 0.0419141
22.57 -0.0394543 0.0125259 0.041395
22.58 -0.0397217 0.00965906 0.0408792
22.59 -0.0397877 0.00681525 0.0403672
22.6 -0.0396565 0.00400794 0.0398585
22.61 -0.0393338 0.00125091 0.0393537
22.62 -0.0388255 -0.00144396 0.0388524
22.63 -0.0381389 -0.0040638 0.0383548
22.64 -0.0372816 -0.0065979 0.0378609
22.65 -0.0362619 -0.00903481 0.0373705
22.66 -0.0350893 -0.0113655 0.0368841
22.67 -0.033773 -0.0135797 0.0364009
22.68 -0.032324 -0.0156701 0.0359221
22.69 -0.0307518 -0.0176285 0.0354463
22.7 -0.0290688 -0.0194485 0.0349748
22.71 -0.0272851 -0.0211246 0.0345068
22.72 -0.025413 -0.0226512 0.0340425
22.73 -0.023464 -0.0240249 0.0335821
22.74 -0.0214503 -0.0252425 0.0331255
22.75 -0.0193833 -0.0263018 0.0326726
22.76 -0.0172756 -0.0272012 0.0322234
22.77 -0.0151384 -0.0279408 0.0317783
22.78 -0.0129838 -0.0285204 0.0313367
22.79 -0.010823 -0.0289418 0.0308993
22.8 -0.00866731 -0.0292063 0.0304652
22.81 -0.00652791 -0.0293174 0.0300354
22.82 -0.00441488 -0.0292779 0.0296089
22.83 -0.00233905 -0.0290929 0.0291868
22.84 -0.00030917 -0.0287665 0.0287681
22.85 0.00166442 -0.0283044 0.0283533
22.86 0.00357419 -0.0277132 0.0279427
22.87 0.00541121 -0.0269986 0.0275356
22.88 0.00716843 -0.0261683 0.0271324
22.89 0.00883863 -0.0252296 0.026733
22.9 0.0104161 -0.0241904 0.0263377
22.91 0.0118946 -0.0230587 0.0259458
22.92 0.0132698 -0.0218434 0.0255582
22.93 0.0145371 -0.0205525 0.025174
22.94 0.0156932 -0.0191956 0.0247941
22.95 0.016735 -0.0177807 0.0244176
22.96 0.0176605 -0.0163179 0.0240451
22.97 0.0184681 -0.0148152 0.0236762
22.98 0.019157 -0.0132826 0.0233114
22.99 0.0197274 -0.0117281 0.0229504
23 0.0201789 -0.0101609 0.0225927
23.01 0.0205136 -0.00858952 0.0222394
23.02 0.0207325 -0.00702221 0.0218894
23.03 0.0208381 -0.00546714 0.0215434
23.04 0.020833 -0.00393229 0.0212009
23.05 0.020721 -0.00242497 0.0208624
23.06 0.0205052 -0.000952317 0.0205273
23.07 0.0201905 0.000478759 0.0201962
23.08 0.0197809 0.00186235 0.0198684
23.09 0.0192821 0.00319187 0.0195445
23.1 0.018699 0.00446273 0.0192242
23.11 0.0180375 0.00566907 0.0189074
23.12 0.0173035 0.00680745 0.0185944
23.13 0.0165031 0.00787287 0.0182848
23.14 0.0156429 0.00886288 0.0179792
23.15 0.0147287 0.00977394 0.0176767
23.16 0.0137679 0.0106038 0.017378
23.17 0.0127665 0.0113505 0.0170827
23.18 0.0117316 0.0120129 0.016791
23.19 0.0106694 0.0125897 0.0165026
23.2 0.00958697 0.013081 0.0162179
23.21 0.00849029 0.0134866 0.0159365
23.22 0.00738644 0.0138071 0.0156587
23.23 0.00628079 0.0140438 0.0153843
23.24 0.00518009 0.0141975 0.015113
23.25 0.00408982 0.014271 0.0148455
23.26 0.00301573 0.0142657 0.0145809
23.27 0.00196296 0.014185 0.0143202
23.28 0.0009366 0.014031 0.0140623
23.29 -5.821e-05 0.0138079 0.013808
23.3 -0.00101796 0.0135186 0.0135569
23.31 -0.00193764 0.0131672 0.013309
23.32 -0.00281414 0.0127577 0.0130644
23.33 -0.00364374 0.0122944 0.012823
23.34 -0.00442381 0.0117817 0.0125848
23.35 -0.0051514 0.0112242 0.0123498
23.36 -0.00582489 0.0106264 0.0121182
23.37 -0.00644161 0.00999315 0.0118894
23.38 -0.00700109 0.00932943 0.0116642
23.39 -0.00750152 0.00863936 0.0114417
23.4 -0.00794259 0.00792861 0.0112226
23.41 -0.00832372 0.00720106 0.0110063
23.42 -0.00864524 0.00646214 0.0107935
23.43 -0.00890746 0.00571552 0.0105835
23.44 -0.00911064 0.00496653 0.0103764
23.45 -0.00925656 0.00421889 0.0101727
23.46 -0.00934575 0.00347698 0.00997158
23.47 -0.00938032 0.00274469 0.00977363
23.48 -0.00936187 0.00202594 0.00957857
23.49 -0.00929267 0.00132406 0.00938652
23.5 -0.00917476 0.000642595 0.00919723
23.51 -0.00901119 -1.56253e-05 0.0090112
23.52 -0.0088037 -0.000647589 0.00882749
23.53 -0.00855614 -0.00125049 0.00864703
23.54 -0.00827072 -0.00182264 0.00846917
23.55 -0.00795101 -0.00236121 0.00829421
23.56 -0.00759982 -0.00286507 0.00812194
23.57 -0.0072207 -0.00333209 0.00795245
23.58 -0.00681683 -0.00376182 0.00778592
23.59 -0.00639118 -0.00415247 0.00762169
23.6 -0.00594763 -0.00450391 0.00746053
23.61 -0.0054889 -0.00481537 0.00730177
23.62 -0.0050186 -0.00508692 0.00714584
23.63 -0.00453976 -0.00531837 0.00699246
23.64 -0.00405552 -0.00551024 0.00684178
23.65 -0.00356867 -0.00566272 0.00669341
23.66 -0.00308267 -0.00577699 0.00654801
23.67 -0.00259941 -0.00585358 0.00640479
23.68 -0.00212256 -0.00589348 0.00626406
23.69 -0.00165389 -0.00589849 0.00612598
23.7 -0.00119628 -0.0058695 0.00599017
23.71 -0.000751497 -0.00580853 0.00585694
23.72 -0.000321949 -0.00571675 0.0057258
23.73 9.06591e-05 -0.00559668 0.00559741
23.74 0.000484796 -0.00544952 0.00547104
23.75 0.000858544 -0.0052778 0.00534717
23.76 0.00121091 -0.00508313 0.00522537
23.77 0.00154057 -0.004868 0.00510595
23.78 0.00184661 -0.00463433 0.00498868
23.79 0.00212822 -0.00438448 0.0048737
23.8 0.00238499 -0.0041202 0.0047607
23.81 0.00261587 -0.00384427 0.00464986
23.82 0.00282156 -0.00355846 0.00454135
23.83 0.00300094 -0.00326477 0.00443446
23.84 0.00315487 -0.00296578 0.00433002
23.85 0.00328309 -0.00266302 0.00422733
23.86 0.00338635 -0.00235891 0.00412696
23.87 0.00346482 -0.00205473 0.00402826
23.88 0.00351921 -0.00175296 0.00393163
23.89 0.00355044 -0.00145466 0.00383689
23.9 0.00355904 -0.00116206 0.00374395
23.91 0.00354626 -0.000876187 0.00365289
23.92 0.00351296 -0.000598751 0.00356362
23.93 0.00346039 -0.000330971 0.00347619
23.94 0.00338964 -7.41505e-05 0.00339046
23.95 0.00330219 0.000171088 0.00330662
23.96 0.00319875 0.000403183 0.00322406
23.97 0.00308163 0.000621621 0.0031437
23.98 0.00295125 0.000825833 0.00306462
23.99 0.00280969 0.00101483 0.00298734
24 0.00265791 0.00118863 0.00291158
24.01 0.00249765 0.00134639 0.00283743
24.02 0.00233006 0.00148842 0.00276489
24.03 0.00215653 0.00161402 0.00269364
24.04 0.00197864 0.00172369 0.00262414
24.05 0.00179751 0.00181697 0.00255586
24.06 0.0016146 0.0018945 0.00248919
24.07 0.00143099 0.00195641 0.0024239
24.08 0.00124798 0.00200307 0.00236003
24.09 0.00106664 0.00203477 0.00229739
24.1 0.000888239 0.00205255 0.0022365
24.11 0.000713162 0.00205636 0.00217652
24.12 0.000543284 0.0020472 0.00211806
24.13 0.000378585 0.00202588 0.00206095
24.14 0.000220413 0.00199279 0.00200494
24.15 6.90564e-05 0.00194923 0.00195045
24.16 -7.45512e-05 0.00189548 0.00189694
24.17 -0.000210004 0.00183286 0.00184485
24.18 -0.000336898 0.00176181 0.00179373
24.19 -0.00045477 0.00168369 0.00174403
24.2 -0.000563346 0.00159893 0.00169527
24.21 -0.000662358 0.00150876 0.00164775
24.22 -0.000751805 0.00141398 0.00160143
24.23 -0.000831574 0.00131543 0.00155624
24.24 -0.000901596 0.00121368 0.00151191
24.25 -0.000961769 0.00111015 0.00146882
24.26 -0.00101279 0.00100497 0.00142678
24.27 -0.00105404 0.000899327 0.00138556
24.28 -0.00108645 0.000793966 0.00134564
24.29 -0.0011098 0.000689253 0.00130641
24.3 -0.00112484 0.000586241 0.00126844
24.31 -0.00113165 0.000485128 0.00123126
24.32 -0.00113073 0.000386808 0.00119506
24.33 -0.00112248 0.000291493 0.00115971
24.34 -0.00110751 0.00020002 0.00112542
24.35 -0.00108617 0.000112375 0.00109196
24.36 -0.00105893 2.91635e-05 0.00105933
24.37 -0.00102641 -4.9398e-05 0.0010276
24.38 -0.000989136 -0.000122986 0.000996753
24.39 -0.000947573 -0.000191741 0.000966778
24.4 -0.000902003 -0.000254782 0.000937295
24.41 -0.00085354 -0.000312685 0.000909012
24.42 -0.000802013 -0.000365031 0.000881177
24.43 -0.000748528 -0.000411728 0.000854292
24.44 -0.000693037 -0.000453144 0.000828034
24.45 -0.00063643 -0.000488872 0.00080252
24.46 -0.000578974 -0.000519383 0.000777798
24.47 -0.000521097 -0.000544454 0.000753639
24.48 -0.000463155 -0.00056451 0.000730194
24.49 -0.000405732 -0.000579391 0.000707328
24.5 -0.000349108 -0.000589666 0.000685261
24.51 -0.000293485 -0.000595306 0.000663719
24.52 -0.000239308 -0.000596579 0.000642787
24.53 -0.000186855 -0.000593622 0.000622335
24.54 -0.000136444 -0.000587108 0.000602754
24.55 -8.80028e-05 -0.000576636 0.000583313
24.56 -4.22465e-05 -0.000563115 0.000564697
24.57 1.20539e-06 -0.000546632 0.000546633
24.58 4.16574e-05 -0.0005273 0.000528943
24.59 7.9547e-05 -0.000505816 0.000512033
24.6 0.000114461 -0.000481963 0.000495368
24.61 0.00014636 -0.000456444 0.000479335
24.62 0.00017524 -0.00042929 0.00046368
24.63 0.000201183 -0.000400983 0.000448623
24.64 0.000224033 -0.000371534 0.000433853
24.65 0.000243816 -0.000341505 0.000419609
24.66 0.000260732 -0.000310961 0.000405806
24.67 0.000274739 -0.000280162 0.000392393
24.68 0.00028593 -0.000249208 0.000379289
24.69 0.000294262 -0.000218802 0.000366694
24.7 0.000300132 -0.000188514 0.000354425
24.71 0.000303286 -0.000158992 0.000342434
24.72 0.000304337 -0.000130293 0.000331055
24.73 0.000302858 -0.000102328 0.000319678
24.74 0.000299483 -7.56853e-05 0.000308898
24.75 0.000294165 -5.00043e-05 0.000298384
24.76 0.000286964 -2.57634e-05 0.000288118
24.77 0.000278112 -2.95594e-06 0.000278128
24.78 0.000267898 1.82894e-05 0.000268522
24.79 0.000256387 3.81137e-05 0.000259205
24.8 0.000243723 5.62339e-05 0.000250126
24.81 0.000230144 7.27083e-05 0.000241356
24.82 0.000215769 8.74966e-05 0.000232834
24.83 0.00020079 0.000100824 0.000224682
24.84 0.000185255 0.000112169 0.000216567
24.85 0.000169496 0.000122144 0.000208921
24.86 0.000153396 0.000130437 0.000201356
24.87 0.000137522 0.000137139 0.000194215
24.88 0.00012142 0.000142521 0.00018723
24.89 0.000105604 0.000146161 0.00018032
24.9 9.01312e-05 0.000148582 0.000173782
24.91 7.49972e-05 0.000149673 0.000167412
24.92 6.03292e-05 0.000149472 0.000161187
24.93 4.63361e-05 0.000148076 0.000155157
24.94 3.29688e-05 0.000145768 0.000149449
24.95 2.02983e-05 0.000142431 0.00014387
24.96 8.38789e-06 0.000138214 0.000138468
24.97 -2.75744e-06 0.000133097 0.000133125
24.98 -1.30086e-05 0.000127543 0.000128204
24.99 -2.24138e-05 0.000121121 0.000123178
25 -3.08755e-05 0.000114386 0.00011848
25.01 -3.86159e-05 0.000107167 0.000113912
25.02 -4.51949e-05 9.95643e-05 0.000109342
25.03 -5.11501e-05 9.1944e-05 0.000105214
25.04 -5.61726e-05 8.39089e-05 0.000100976
25.05 -6.02799e-05 7.59306e-05 9.6949e-05
25.06 -6.35957e-05 6.80356e-05 9.31303e-05
25.07 -6.61686e-05 6.01902e-05 8.94492e-05
25.08 -6.79595e-05 5.23771e-05 8.58012e-05
25.09 -6.91173e-05 4.4862e-05 8.24002e-05
25.1 -6.96324e-05 3.75185e-05 7.90968e-05
25.11 -6.95033e-05 3.04973e-05 7.58999e-05
25.12 -6.88708e-05 2.36059e-05 7.2804e-05
25.13 -6.76701e-05 1.73083e-05 6.98485e-05
25.14 -6.60218e-05 1.12016e-05 6.69654e-05
25.15 -6.3925e-05 5.59958e-06 6.41698e-05
25.16 -6.16824e-05 3.6402e-07 6.16835e-05
25.17 -5.88511e-05 -4.58748e-06 5.90296e-05
25.18 -5.59433e-05 -8.82073e-06 5.66344e-05
25.19 -5.27796e-05 -1.28656e-05 5.4325e-05
25.2 -4.93697e-05 -1.64573e-05 5.20404e-05
25.21 -4.58964e-05 -1.9549e-05 4.98863e-05
25.22 -4.23458e-05 -2.22317e-05 4.7827e-05
25.23 -3.87169e-05 -2.46219e-05 4.58828e-05
25.24 -3.50855e-05 -2.65584e-05 4.40038e-05
25.25 -3.14456e-05 -2.81436e-05 4.22006e-05
25.26 -2.77644e-05 -2.92358e-05 4.03187e-05
25.27 -2.42231e-05 -3.01648e-05 3.86869e-05
25.28 -2.0764e-05 -3.06166e-05 3.69935e-05
25.29 -1.74192e-05 -3.08809e-05 3.5455e-05
25.3 -1.41513e-05 -3.07927e-05 3.38887e-05
25.31 -1.12199e-05 -3.04552e-05 3.24562e-05
25.32 -8.19189e-06 -3.00903e-05 3.11855e-05
25.33 -5.46104e-06 -2.92339e-05 2.97396e-05
25.34 -2.9331e-06 -2.83364e-05 2.84878e-05
25.35 -5.05051e-07 -2.73395e-05 2.73441e-05
25.36 1.64161e-06 -2.61364e-05 2.61879e-05
25.37 3.62536e-06 -2.47841e-05 2.50478e-05
25.38 5.48178e-06 -2.33851e-05 2.4019e-05
25.39 7.10891e-06 -2.18702e-05 2.29966e-05
25.4 8.54932e-06 -2.03744e-05 2.20954e-05
25.41 9.84728e-06 -1.86678e-05 2.11058e-05
25.42 1.08847e-05 -1.70978e-05 2.02684e-05
25.43 1.17371e-05 -1.54379e-05 1.9393e-05
25.44 1.24493e-05 -1.38612e-05 1.8631e-05
25.45 1.30923e-05 -1.2219e-05 1.79084e-05
25.46 1.34048e-05 -1.05209e-05 1.70405e-05
25.47 1.37667e-05 -9.10772e-06 1.65068e-05
25.48 1.38815e-05 -7.50713e-06 1.57814e-05
25.49 1.37842e-05 -5.99318e-06 1.50308e-05
25.5 1.37004e-05 -4.64493e-06 1.44664e-05
25.51 1.34133e-05 -3.33242e-06 1.38211e-05
25.52 1.30371e-05 -2.08288e-06 1.32025e-05
25.53 1.264e-05 -9.32432e-07 1.26743e-05
25.54 1.20672e-05 1.77381e-07 1.20685e-05
25.55 1.1416e-05 1.03377e-06 1.14627e-05
25.56 1.07583e-05 1.97411e-06 1.0938e-05
25.57 1.00332e-05 2.73714e-06 1.03999e-05
25.58 9.26597e-06 3.46618e-06 9.89306e-06
25.59 8.51404e-06 4.02745e-06 9.41856e-06
25.6 7.80633e-06 4.54011e-06 9.03058e-06
25.61 6.89039e-06 5.11606e-06 8.58205e-06
25.62 6.13079e-06 5.35374e-06 8.13936e-06
25.63 5.31628e-06 5.62498e-06 7.73972e-06
25.64 4.44733e-06 5.85925e-06 7.35592e-06
25.65 3.74998e-06 5.95938e-06 7.04106e-06
25.66 2.99972e-06 5.99342e-06 6.70219e-06
25.67 2.24221e-06 5.97059e-06 6.37774e-06
25.68 1.61108e-06 5.86016e-06 6.07759e-06
25.69 9.38866e-07 5.82583e-06 5.90099e-06
25.7 3.11828e-07 5.54325e-06 5.55201e-06
25.71 -1.87217e-07 5.33897e-06 5.34225e-06
25.72 -6.56553e-07 5.07274e-06 5.11506e-06
25.73 -1.11083e-06 4.80667e-06 4.93336e-06
25.74 -1.51474e-06 4.45242e-06 4.70303e-06
25.75 -1.79575e-06 4.00752e-06 4.39146e-06
25.76 -2.19214e-06 3.77858e-06 4.36843e-06
25.77 -2.36331e-06 3.35307e-06 4.10223e-06
25.78 -2.48439e-06 2.9645e-06 3.86788e-06
25.79 -2.66222e-06 2.65115e-06 3.75712e-06
25.8 -2.65765e-06 2.33037e-06 3.53465e-06
25.81 -2.71202e-06 2.03362e-06 3.38979e-06
25.82 -2.77952e-06 1.74006e-06 3.27925e-06
25.83 -2.70655e-06 1.38831e-06 3.04184e-06
25.84 -2.66359e-06 1.23618e-06 2.93647e-06
25.85 -2.60323e-06 9.42054e-07 2.76844e-06
25.86 -2.46868e-06 6.96634e-07 2.56509e-06
25.87 -2.34762e-06 4.9045e-07 2.3983e-06
25.88 -2.26288e-06 3.49418e-07 2.28969e-06
25.89 -2.1488e-06 2.34899e-07 2.16161e-06
25.9 -1.91322e-06 -1.00565e-08 1.91325e-06
25.91 -1.80792e-06 -1.32633e-08 1.80796e-06
25.92 -1.58906e-06 -8.43589e-08 1.59129e-06
25.93 -1.35822e-06 -1.72083e-07 1.36908e-06
25.94 -1.28565e-06 -2.04974e-07 1.30189e-06
25.95 -1.06699e-06 -2.43578e-07 1.09443e-06
25.96 -9.05576e-07 -2.29677e-07 9.34248e-07
25.97 -7.83532e-07 -1.82131e-07 8.04422e-07
25.98 -5.25802e-07 -2.63306e-07 5.88046e-07
25.99 -3.42668e-07 -1.23799e-07 3.64346e-07
26 -1.88604e-07 -5.11192e-08 1.95409e-07
