0 0.00131757 0.00873805 0.00883682
0.01 0.00263758 0.0174387 0.0176371
0.02 0.00396241 0.0260645 0.026364
0.03 0.00529434 0.0345785 0.0349815
0.04 0.00663571 0.0429442 0.0434539
0.05 0.00798819 0.0511257 0.051746
0.06 0.00935404 0.0590876 0.0598235
0.07 0.0107345 0.066796 0.067653
0.08 0.012131 0.0742175 0.0752024
0.09 0.0135447 0.0813202 0.0824405
0.1 0.0149759 0.0880734 0.0893376
0.11 0.0164253 0.0944481 0.0958657
0.12 0.0178925 0.100416 0.101998
0.13 0.0193771 0.105952 0.10771
0.14 0.0208782 0.111032 0.112978
0.15 0.0223943 0.115634 0.117782
0.16 0.0239236 0.119736 0.122103
0.17 0.0254636 0.123322 0.125924
0.18 0.0270117 0.126376 0.12923
0.19 0.0285643 0.128882 0.13201
0.2 0.0301181 0.130831 0.134253
0.21 0.0316682 0.132213 0.135953
0.22 0.0332103 0.133022 0.137105
0.23 0.0347392 0.133252 0.137706
0.24 0.0362489 0.132903 0.137758
0.25 0.0377337 0.131975 0.137263
0.26 0.0391871 0.13047 0.136228
0.27 0.0406021 0.128395 0.134662
0.28 0.0419719 0.125757 0.132576
0.29 0.0432887 0.122566 0.129986
0.3 0.0445451 0.118835 0.12691
0.31 0.0457329 0.11458 0.12337
0.32 0.0468442 0.109816 0.11939
0.33 0.0478707 0.104564 0.115001
0.34 0.0488042 0.0988443 0.110236
0.35 0.0496362 0.0926807 0.105135
0.36 0.0503585 0.0860985 0.0997443
0.37 0.0509629 0.0791247 0.0941166
0.38 0.0514411 0.0717881 0.088316
0.39 0.0517855 0.064119 0.0824195
0.4 0.051988 0.0561491 0.0765211
0.41 0.0520415 0.0479118 0.070738
0.42 0.051939 0.0394413 0.0652171
0.43 0.0516736 0.0307728 0.0601426
0.44 0.0512394 0.0219429 0.0557402
0.45 0.0506308 0.0129883 0.0522702
0.46 0.0498424 0.00394673 0.0499985
0.47 0.0488701 -0.00514374 0.0491401
0.48 0.04771 -0.0142446 0.0497911
0.49 0.046359 -0.0233177 0.0518929
0.5 0.0448149 -0.0323243 0.0552561
0.51 0.0430761 -0.0412262 0.0596251
0.52 0.0411419 -0.0499855 0.0647395
0.53 0.0390129 -0.0585647 0.0703692
0.54 0.0366897 -0.066927 0.076324
0.55 0.0341746 -0.0750366 0.0824523
0.56 0.0314706 -0.0828583 0.0886335
0.57 0.0285814 -0.0903584 0.0947709
0.58 0.0255123 -0.0975039 0.100786
0.59 0.0222689 -0.104264 0.106616
0.6 0.0188582 -0.110609 0.112205
0.61 0.0152881 -0.11651 0.117509
0.62 0.0115674 -0.121941 0.122489
0.63 0.0077059 -0.126878 0.127112
0.64 0.00371441 -0.131299 0.131351
0.65 -0.000395599 -0.135182 0.135182
0.66 -0.0046115 -0.13851 0.138586
0.67 -0.00891974 -0.141266 0.141547
0.68 -0.0133065 -0.143437 0.144053
0.69 -0.0177564 -0.145013 0.146096
0.7 -0.0222541 -0.145982 0.147669
0.71 -0.0267831 -0.146341 0.148771
0.72 -0.0313264 -0.146083 0.149405
0.73 -0.0358668 -0.145209 0.149573
0.74 -0.0403861 -0.14372 0.149286
0.75 -0.044866 -0.141618 0.148555
0.76 -0.0492878 -0.138911 0.147396
0.77 -0.0536328 -0.135607 0.145828
0.78 -0.0578815 -0.131718 0.143874
0.79 -0.0620152 -0.127256 0.141563
0.8 -0.0660144 -0.122239 0.138926
0.81 -0.0698601 -0.116685 0.135999
0.82 -0.0735336 -0.110614 0.132826
0.83 -0.0770161 -0.10405 0.129452
0.84 -0.0802893 -0.0970167 0.125931
0.85 -0.0833357 -0.089542 0.122322
0.86 -0.0861375 -0.0816547 0.118689
0.87 -0.0886787 -0.0733856 0.115106
0.88 -0.0909428 -0.0647668 0.111648
0.89 -0.092915 -0.0558326 0.1084
0.9 -0.0945811 -0.0466182 0.105446
0.91 -0.0959277 -0.0371601 0.102874
0.92 -0.0969426 -0.0274963 0.100767
0.93 -0.0976148 -0.0176654 0.0992004
0.94 -0.0979344 -0.00770698 0.0982372
0.95 -0.0978927 0.0023388 0.0979207
0.96 -0.0974827 0.0124311 0.0982721
0.97 -0.0966981 0.0225288 0.0992878
0.98 -0.0955348 0.0325909 0.100941
0.99 -0.0939895 0.0425758 0.103183
1 -0.092061 0.0524426 0.10595
1.01 -0.0897494 0.0621505 0.109168
1.02 -0.0870562 0.0716592 0.112756
1.03 -0.0839849 0.0809289 0.116632
1.04 -0.0805404 0.089921 0.120717
1.05 -0.0767292 0.0985976 0.124935
1.06 -0.0725596 0.106922 0.129218
1.07 -0.0680416 0.114858 0.133499
1.08 -0.0631864 0.122373 0.137723
1.09 -0.0580071 0.129433 0.141837
1.1 -0.0525186 0.136008 0.145796
1.11 -0.0467367 0.14207 0.14956
1.12 -0.0406794 0.14759 0.153094
1.13 -0.0343655 0.152544 0.156367
1.14 -0.0278155 0.15691 0.159357
1.15 -0.0210514 0.160667 0.16204
1.16 -0.0140959 0.163796 0.164402
1.17 -0.00697355 0.166283 0.166429
1.18 0.000290729 0.168113 0.168113
1.19 0.00767055 0.169277 0.16945
1.2 0.0151387 0.169766 0.170439
1.21 0.0226673 0.169575 0.171083
1.22 0.0302278 0.168701 0.171388
1.23 0.0377907 0.167145 0.171364
1.24 0.0453266 0.164909 0.171025
1.25 0.0528055 0.162 0.170389
1.26 0.0601968 0.158424 0.169475
1.27 0.0674705 0.154193 0.168308
1.28 0.0745962 0.149321 0.166917
1.29 0.0815436 0.143824 0.165332
1.3 0.088283 0.13772 0.163587
1.31 0.0947846 0.131031 0.161719
1.32 0.10102 0.12378 0.15977
1.33 0.10696 0.115993 0.157781
1.34 0.112578 0.107699 0.155797
1.35 0.117847 0.0989279 0.153865
1.36 0.122741 0.0897117 0.152031
1.37 0.127236 0.0800847 0.150342
1.38 0.131309 0.070083 0.148841
1.39 0.134939 0.0597442 0.147573
1.4 0.138104 0.0491071 0.146575
1.41 0.140786 0.0382125 0.14588
1.42 0.142969 0.0271018 0.145515
1.43 0.144637 0.0158176 0.145499
1.44 0.145776 0.00440343 0.145843
1.45 0.146376 -0.00709631 0.146548
1.46 0.146427 -0.0186373 0.147608
1.47 0.145922 -0.0301742 0.149009
1.48 0.144855 -0.041662 0.150727
1.49 0.143224 -0.0530552 0.152735
1.5 0.141027 -0.0643091 0.154998
1.51 0.138267 -0.0753787 0.157479
1.52 0.134947 -0.08622 0.160139
1.53 0.131072 -0.0967895 0.162936
1.54 0.126652 -0.107045 0.165829
1.55 0.121697 -0.116944 0.168778
1.56 0.11622 -0.126447 0.171744
1.57 0.110235 -0.135515 0.174689
1.58 0.103761 -0.14411 0.177578
1.59 0.0968154 -0.152197 0.180381
1.6 0.0894208 -0.159742 0.183067
1.61 0.0816002 -0.166712 0.185612
1.62 0.0733794 -0.173079 0.187992
1.63 0.0647853 -0.178814 0.190188
1.64 0.055847 -0.183892 0.192185
1.65 0.0465954 -0.18829 0.193969
1.66 0.0370625 -0.191987 0.195532
1.67 0.0272822 -0.194967 0.196867
1.68 0.0172895 -0.197214 0.19797
1.69 0.00712071 -0.198716 0.198843
1.7 -0.00318704 -0.199462 0.199488
1.71 -0.0135952 -0.199448 0.199911
1.72 -0.024065 -0.198669 0.200121
1.73 -0.0345567 -0.197123 0.200129
1.74 -0.04503 -0.194815 0.199951
1.75 -0.0554447 -0.191748 0.199603
1.76 -0.0657599 -0.18793 0.199103
1.77 -0.0759351 -0.183373 0.198474
1.78 -0.0859298 -0.178091 0.197738
1.79 -0.0957037 -0.1721 0.19692
1.8 -0.105217 -0.165419 0.196046
1.81 -0.114431 -0.158071 0.195143
1.82 -0.123308 -0.15008 0.194239
1.83 -0.131809 -0.141475 0.193362
1.84 -0.139899 -0.132284 0.192538
1.85 -0.147544 -0.12254 0.191795
1.86 -0.154708 -0.112278 0.191157
1.87 -0.161362 -0.101533 0.190648
1.88 -0.167473 -0.0903449 0.190288
1.89 -0.173015 -0.078753 0.190095
1.9 -0.17796 -0.0668 0.190084
1.91 -0.182285 -0.0545291 0.190266
1.92 -0.185966 -0.0419854 0.190647
1.93 -0.188986 -0.029215 0.19123
1.94 -0.191325 -0.0162651 0.192015
1.95 -0.192969 -0.00318364 0.192996
1.96 -0.193906 0.0099805 0.194163
1.97 -0.194127 0.0231782 0.195505
1.98 -0.193623 0.0363598 0.197007
1.99 -0.19239 0.0494757 0.19865
2 -0.190429 0.0624763 0.200415
2.01 -0.187738 0.0753122 0.202281
2.02 -0.184323 0.0879344 0.204224
2.03 -0.180191 0.100295 0.206223
2.04 -0.175351 0.112346 0.208254
2.05 -0.169816 0.124041 0.210294
2.06 -0.163601 0.135334 0.212322
2.07 -0.156725 0.146182 0.214317
2.08 -0.149207 0.156542 0.21626
2.09 -0.141072 0.166374 0.218132
2.1 -0.132344 0.175637 0.219917
2.11 -0.123054 0.184296 0.221602
2.12 -0.11323 0.192315 0.223173
2.13 -0.102907 0.199662 0.224621
2.14 -0.0921186 0.206306 0.225938
2.15 -0.0809028 0.21222 0.227118
2.16 -0.0692984 0.217378 0.228157
2.17 -0.0573462 0.221759 0.229054
2.18 -0.0450885 0.225342 0.229809
2.19 -0.0325692 0.228111 0.230424
2.2 -0.0198333 0.230052 0.230906
2.21 -0.00692717 0.231155 0.231259
2.22 0.00610217 0.231412 0.231492
2.23 0.0192066 0.230818 0.231616
2.24 0.0323376 0.229372 0.23164
2.25 0.0454463 0.227076 0.23158
2.26 0.0584835 0.223936 0.231447
2.27 0.0713998 0.219958 0.231256
2.28 0.0841463 0.215155 0.231024
2.29 0.0966743 0.20954 0.230766
2.3 0.108935 0.203131 0.230498
2.31 0.120882 0.195949 0.230236
2.32 0.132468 0.188017 0.229996
2.33 0.143648 0.17936 0.229793
2.34 0.154377 0.170009 0.229642
2.35 0.164613 0.159994 0.229555
2.36 0.174315 0.149349 0.229545
2.37 0.183443 0.138111 0.229621
2.38 0.191959 0.12632 0.229793
2.39 0.199829 0.114015 0.230067
2.4 0.207019 0.10124 0.230448
2.41 0.213499 0.0880402 0.230939
2.42 0.21924 0.0744616 0.23154
2.43 0.224217 0.0605528 0.23225
2.44 0.228407 0.046363 0.233065
2.45 0.23179 0.0319429 0.23398
2.46 0.234348 0.0173442 0.234989
2.47 0.236068 0.0026195 0.236083
2.48 0.236939 -0.0121784 0.237252
2.49 0.236952 -0.0269957 0.238485
2.5 0.236103 -0.0417788 0.239771
2.51 0.234391 -0.0564739 0.241098
2.52 0.231816 -0.0710272 0.242453
2.53 0.228384 -0.0853856 0.243824
2.54 0.224103 -0.0994963 0.245198
2.55 0.218985 -0.113307 0.246562
2.56 0.213042 -0.126768 0.247906
2.57 0.206294 -0.139828 0.249217
2.58 0.198761 -0.152439 0.250487
2.59 0.190466 -0.164554 0.251705
2.6 0.181437 -0.176127 0.252863
2.61 0.171701 -0.187115 0.253956
2.62 0.161293 -0.197477 0.254975
2.63 0.150246 -0.207172 0.255918
2.64 0.138597 -0.216164 0.25678
2.65 0.126388 -0.224418 0.257561
2.66 0.113658 -0.231903 0.258258
2.67 0.100453 -0.238588 0.258873
2.68 0.0868186 -0.244448 0.259407
2.69 0.072802 -0.249458 0.259864
2.7 0.0584527 -0.253598 0.260247
2.71 0.0438216 -0.25685 0.260561
2.72 0.0289604 -0.2592 0.260813
2.73 0.0139224 -0.260637 0.261009
2.74 -0.00123893 -0.261153 0.261156
2.75 -0.0164688 -0.260743 0.261263
2.76 -0.0317125 -0.259407 0.261338
2.77 -0.0469146 -0.257145 0.261389
2.78 -0.0620202 -0.253963 0.261427
2.79 -0.0769741 -0.249871 0.261458
2.8 -0.0917215 -0.244879 0.261493
2.81 -0.106209 -0.239004 0.26154
2.82 -0.120382 -0.232263 0.261606
2.83 -0.134189 -0.224678 0.2617
2.84 -0.147578 -0.216274 0.261828
2.85 -0.160501 -0.207078 0.261995
2.86 -0.172908 -0.197121 0.262209
2.87 -0.184753 -0.186435 0.262472
2.88 -0.195991 -0.175058 0.262789
2.89 -0.20658 -0.163027 0.26316
2.9 -0.216479 -0.150384 0.263588
2.91 -0.225651 -0.137171 0.264073
2.92 -0.23406 -0.123434 0.264613
2.93 -0.241674 -0.10922 0.265208
2.94 -0.248461 -0.0945779 0.265853
2.95 -0.254396 -0.0795585 0.266546
2.96 -0.259454 -0.064214 0.267282
2.97 -0.263615 -0.0485974 0.268057
2.98 -0.26686 -0.0327635 0.268864
2.99 -0.269175 -0.0167673 0.269697
3 -0.27055 -0.000664866 0.270551
3.01 -0.270975 0.0154875 0.271418
3.02 -0.270448 0.0316329 0.272292
3.03 -0.268966 0.0477146 0.273166
3.04 -0.266533 0.0636761 0.274034
3.05 -0.263154 0.0794609 0.274889
3.06 -0.258839 0.0950133 0.275726
3.07 -0.253599 0.110278 0.276539
3.08 -0.247452 0.125202 0.277323
3.09 -0.240417 0.13973 0.278074
3.1 -0.232516 0.153813 0.278787
3.11 -0.223775 0.167399 0.279459
3.12 -0.214222 0.180439 0.280088
3.13 -0.203889 0.192888 0.280672
3.14 -0.192812 0.204701 0.28121
3.15 -0.181026 0.215835 0.2817
3.16 -0.168573 0.226249 0.282145
3.17 -0.155494 0.235907 0.282543
3.18 -0.141833 0.244773 0.282897
3.19 -0.127639 0.252815 0.283208
3.2 -0.112959 0.260003 0.28348
3.21 -0.0978433 0.26631 0.283715
3.22 -0.0823453 0.271714 0.283918
3.23 -0.0665179 0.276194 0.284091
3.24 -0.050416 0.279732 0.284239
3.25 -0.0340957 0.282315 0.284367
3.26 -0.0176136 0.283933 0.284479
3.27 -0.00102712 0.284578 0.28458
3.28 0.0156059 0.284246 0.284674
3.29 0.0322274 0.282937 0.284766
3.3 0.0487791 0.280654 0.284861
3.31 0.0652033 0.277403 0.284963
3.32 0.0814423 0.273194 0.285075
3.33 0.0974392 0.268041 0.285202
3.34 0.113138 0.261959 0.285347
3.35 0.128483 0.254969 0.285512
3.36 0.143421 0.247093 0.2857
3.37 0.157898 0.238358 0.285913
3.38 0.171865 0.228791 0.286152
3.39 0.185271 0.218426 0.286418
3.4 0.198069 0.207296 0.286711
3.41 0.210215 0.195439 0.287031
3.42 0.221664 0.182896 0.287377
3.43 0.232376 0.169707 0.287749
3.44 0.242314 0.155918 0.288143
3.45 0.251442 0.141575 0.28856
3.46 0.259727 0.126728 0.288995
3.47 0.267139 0.111425 0.289446
3.48 0.273653 0.0957194 0.28991
3.49 0.279243 0.0796643 0.290385
3.5 0.283891 0.0633142 0.290866
3.51 0.287579 0.0467247 0.29135
3.52 0.290293 0.0299521 0.291835
3.53 0.292024 0.0130537 0.292315
3.54 0.292763 -0.00391332 0.292789
3.55 0.292508 -0.0208908 0.293253
3.56 0.291258 -0.0378212 0.293703
3.57 0.289017 -0.0546467 0.294138
3.58 0.285792 -0.0713099 0.294554
3.59 0.281593 -0.0877544 0.29495
3.6 0.276433 -0.103924 0.295323
3.61 0.27033 -0.119763 0.295672
3.62 0.263304 -0.135219 0.295995
3.63 0.255377 -0.150238 0.296292
3.64 0.246577 -0.164769 0.296562
3.65 0.236933 -0.178763 0.296805
3.66 0.226477 -0.192172 0.297021
3.67 0.215244 -0.20495 0.297212
3.68 0.203273 -0.217055 0.297377
3.69 0.190604 -0.228444 0.297517
3.7 0.177278 -0.23908 0.297635
3.71 0.163342 -0.248926 0.297733
3.72 0.148843 -0.257948 0.297811
3.73 0.133828 -0.266116 0.297872
3.74 0.11835 -0.273402 0.297918
3.75 0.10246 -0.279782 0.297953
3.76 0.0862125 -0.285233 0.297977
3.77 0.0696614 -0.289738 0.297994
3.78 0.0528632 -0.29328 0.298007
3.79 0.0358743 -0.295849 0.298016
3.8 0.0187521 -0.297435 0.298026
3.81 0.00155444 -0.298034 0.298038
3.82 -0.0156608 -0.297642 0.298053
3.83 -0.0328357 -0.296261 0.298075
3.84 -0.0499124 -0.293896 0.298104
3.85 -0.0668334 -0.290555 0.298142
3.86 -0.083542 -0.286249 0.29819
3.87 -0.0999822 -0.280992 0.29825
3.88 -0.116098 -0.274803 0.298321
3.89 -0.131837 -0.267702 0.298405
3.9 -0.147145 -0.259713 0.298501
3.91 -0.161972 -0.250863 0.298608
3.92 -0.176268 -0.241181 0.298728
3.93 -0.189985 -0.2307 0.298859
3.94 -0.203077 -0.219455 0.298999
3.95 -0.215502 -0.207483 0.299149
3.96 -0.227217 -0.194826 0.299307
3.97 -0.238185 -0.181524 0.299471
3.98 -0.248368 -0.167622 0.29964
3.99 -0.257734 -0.153168 0.299812
4 -0.266251 -0.138208 0.299985
4.01 -0.273892 -0.122792 0.300158
4.02 -0.280631 -0.106973 0.300328
4.03 -0.286448 -0.0908016 0.300495
4.04 -0.291322 -0.0743326 0.300656
4.05 -0.295239 -0.0576201 0.30081
4.06 -0.298187 -0.0407196 0.300954
4.07 -0.300155 -0.0236868 0.301088
4.08 -0.301138 -0.006578 0.30121
4.09 -0.301134 0.0105504 0.301319
4.1 -0.300144 0.0276421 0.301414
4.11 -0.298171 0.0446407 0.301494
4.12 -0.295223 0.0614905 0.301559
4.13 -0.291311 0.0781364 0.301608
4.14 -0.286447 0.0945238 0.30164
4.15 -0.28065 0.110599 0.301656
4.16 -0.273939 0.12631 0.301656
4.17 -0.266336 0.141605 0.301641
4.18 -0.257869 0.156435 0.301609
4.19 -0.248565 0.170752 0.301564
4.2 -0.238456 0.184509 0.301504
4.21 -0.227576 0.197661 0.301431
4.22 -0.215961 0.210168 0.301346
4.23 -0.20365 0.221988 0.301251
4.24 -0.190685 0.233084 0.301146
4.25 -0.177109 0.24342 0.301033
4.26 -0.162966 0.252963 0.300912
4.27 -0.148304 0.261684 0.300787
4.28 -0.133171 0.269555 0.300657
4.29 -0.117616 0.276552 0.300524
4.3 -0.101692 0.282652 0.300389
4.31 -0.0854513 0.287838 0.300254
4.32 -0.0689459 0.292093 0.300119
4.33 -0.0522307 0.295405 0.299987
4.34 -0.03536 0.297764 0.299856
4.35 -0.0183891 0.299165 0.29973
4.36 -0.001373 0.299604 0.299607
4.37 0.015633 0.29908 0.299489
4.38 0.0325736 0.297598 0.299375
4.39 0.049394 0.295163 0.299267
4.4 0.0660403 0.291784 0.299165
4.41 0.0824585 0.287475 0.299067
4.42 0.098596 0.282249 0.298974
4.43 0.114401 0.276126 0.298886
4.44 0.129823 0.269126 0.298802
4.45 0.144814 0.261274 0.298722
4.46 0.159325 0.252595 0.298645
4.47 0.17331 0.243121 0.29857
4.48 0.186725 0.232881 0.298496
4.49 0.199529 0.221911 0.298423
4.5 0.211681 0.210246 0.298349
4.51 0.223142 0.197926 0.298274
4.52 0.233879 0.184991 0.298196
4.53 0.243857 0.171484 0.298116
4.54 0.253046 0.157448 0.29803
4.55 0.261418 0.14293 0.29794
4.56 0.268947 0.127977 0.297844
4.57 0.275612 0.112637 0.29774
4.58 0.281393 0.0969611 0.297629
4.59 0.286272 0.0809988 0.29751
4.6 0.290236 0.0648017 0.297383
4.61 0.293275 0.0484224 0.297246
4.62 0.29538 0.0319128 0.297099
4.63 0.296548 0.0153262 0.296943
4.64 0.296775 -0.00128467 0.296777
4.65 0.296063 -0.0178669 0.296601
4.66 0.294417 -0.0343679 0.296416
4.67 0.291843 -0.0507354 0.296221
4.68 0.288353 -0.0669178 0.296016
4.69 0.283959 -0.0828638 0.295802
4.7 0.278677 -0.0985239 0.29558
4.71 0.272525 -0.113849 0.29535
4.72 0.265526 -0.12879 0.295112
4.73 0.257704 -0.143302 0.294868
4.74 0.249085 -0.15734 0.294617
4.75 0.239698 -0.17086 0.29436
4.76 0.229574 -0.18382 0.294099
4.77 0.218749 -0.196182 0.293834
4.78 0.207256 -0.207906 0.293565
4.79 0.195135 -0.218959 0.293293
4.8 0.182425 -0.229306 0.293019
4.81 0.169168 -0.238916 0.292743
4.82 0.155406 -0.247761 0.292467
4.83 0.141185 -0.255815 0.29219
4.84 0.12655 -0.263055 0.291913
4.85 0.111549 -0.269459 0.291636
4.86 0.096229 -0.27501 0.29136
4.87 0.0806397 -0.279692 0.291085
4.88 0.0648304 -0.283493 0.290812
4.89 0.0488517 -0.286403 0.290539
4.9 0.0327538 -0.288414 0.290268
4.91 0.016588 -0.289524 0.289999
4.92 0.000404581 -0.28973 0.289731
4.93 -0.0157452 -0.289035 0.289464
4.94 -0.0318111 -0.287443 0.289198
4.95 -0.0477429 -0.284961 0.288933
4.96 -0.0634912 -0.2816 0.288669
4.97 -0.0790072 -0.277371 0.288404
4.98 -0.0942432 -0.272292 0.28814
4.99 -0.109152 -0.266379 0.287875
5 -0.123688 -0.259654 0.287609
5.01 -0.137808 -0.252139 0.287341
5.02 -0.151467 -0.243861 0.287072
5.03 -0.164626 -0.234846 0.2868
5.04 -0.177243 -0.225126 0.286526
5.05 -0.189283 -0.214733 0.286248
5.06 -0.200708 -0.2037 0.285967
5.07 -0.211484 -0.192064 0.285682
5.08 -0.221582 -0.179863 0.285393
5.09 -0.23097 -0.167136 0.285099
5.1 -0.239621 -0.153925 0.2848
5.11 -0.247512 -0.140271 0.284496
5.12 -0.25462 -0.126218 0.284187
5.13 -0.260924 -0.111812 0.283872
5.14 -0.266409 -0.0970976 0.283552
5.15 -0.271059 -0.0821216 0.283226
5.16 -0.274862 -0.0669311 0.282894
5.17 -0.27781 -0.051574 0.282556
5.18 -0.279895 -0.036098 0.282213
5.19 -0.281115 -0.0205519 0.281865
5.2 -0.281467 -0.00498335 0.281511
5.21 -0.280954 0.0105588 0.281152
5.22 -0.279579 0.0260271 0.280788
5.23 -0.27735 0.0413736 0.280419
5.24 -0.274276 0.0565515 0.280045
5.25 -0.27037 0.0715144 0.279668
5.26 -0.265645 0.0862168 0.279286
5.27 -0.26012 0.100614 0.278901
5.28 -0.253814 0.114663 0.278512
5.29 -0.246748 0.128321 0.27812
5.3 -0.238948 0.141548 0.277726
5.31 -0.230438 0.154303 0.277329
5.32 -0.221249 0.16655 0.27693
5.33 -0.21141 0.178253 0.276529
5.34 -0.200954 0.189376 0.276127
5.35 -0.189915 0.199888 0.275723
5.36 -0.178329 0.209759 0.275318
5.37 -0.166233 0.21896 0.274912
5.38 -0.153666 0.227464 0.274506
5.39 -0.140669 0.23525 0.274099
5.4 -0.127282 0.242294 0.273692
5.41 -0.113549 0.248578 0.273284
5.42 -0.0995115 0.254085 0.272877
5.43 -0.085215 0.258801 0.272469
5.44 -0.0707037 0.262714 0.272062
5.45 -0.0560231 0.265815 0.271654
5.46 -0.0412185 0.268097 0.271247
5.47 -0.026336 0.269556 0.270839
5.48 -0.0114212 0.27019 0.270432
5.49 0.00347999 0.270001 0.270024
5.5 0.0183221 0.268992 0.269616
5.51 0.0330597 0.267169 0.269207
5.52 0.0476482 0.26454 0.268797
5.53 0.0620435 0.261117 0.268387
5.54 0.0762021 0.256913 0.267975
5.55 0.0900817 0.251942 0.267562
5.56 0.103641 0.246225 0.267148
5.57 0.116839 0.239779 0.266731
5.58 0.129638 0.232629 0.266313
5.59 0.141999 0.224799 0.265891
5.6 0.153887 0.216314 0.265467
5.61 0.165266 0.207203 0.26504
5.62 0.176105 0.197497 0.264609
5.63 0.186371 0.187227 0.264175
5.64 0.196037 0.176427 0.263736
5.65 0.205073 0.165132 0.263294
5.66 0.213457 0.153377 0.262847
5.67 0.221164 0.141202 0.262395
5.68 0.228173 0.128643 0.261939
5.69 0.234466 0.115742 0.261478
5.7 0.240026 0.102539 0.261011
5.71 0.24484 0.0890748 0.26054
5.72 0.248896 0.075392 0.260064
5.73 0.252183 0.0615331 0.259582
5.74 0.254697 0.0475408 0.259096
5.75 0.25643 0.0334585 0.258604
5.76 0.257383 0.0193291 0.258108
5.77 0.257555 0.00519617 0.257607
5.78 0.256948 -0.00889768 0.257102
5.79 0.255568 -0.0229094 0.256593
5.8 0.253422 -0.036797 0.256079
5.81 0.25052 -0.0505186 0.255563
5.82 0.246874 -0.0640332 0.255043
5.83 0.242498 -0.0773006 0.25452
5.84 0.237408 -0.0902815 0.253995
5.85 0.231623 -0.102938 0.253467
5.86 0.225165 -0.115232 0.252938
5.87 0.218054 -0.127129 0.252407
5.88 0.210316 -0.138594 0.251875
5.89 0.201977 -0.149594 0.251342
5.9 0.193065 -0.160098 0.250809
5.91 0.18361 -0.170075 0.250276
5.92 0.173642 -0.179499 0.249743
5.93 0.163195 -0.188342 0.24921
5.94 0.152302 -0.196581 0.248677
5.95 0.140999 -0.204194 0.248145
5.96 0.129321 -0.211159 0.247613
5.97 0.117307 -0.21746 0.247082
5.98 0.104993 -0.223079 0.246552
5.99 0.092419 -0.228003 0.246022
6 0.0796242 -0.232221 0.245492
6.01 0.0666484 -0.235722 0.244963
6.02 0.0535319 -0.238499 0.244433
6.03 0.0403153 -0.240548 0.243903
6.04 0.0270389 -0.241866 0.243372
6.05 0.0137436 -0.242451 0.242841
6.06 0.000469604 -0.242307 0.242307
6.07 -0.0127428 -0.241436 0.241772
6.08 -0.0258539 -0.239846 0.241235
6.09 -0.0388245 -0.237544 0.240695
6.1 -0.0516158 -0.23454 0.240153
6.11 -0.0641901 -0.230849 0.239607
6.12 -0.0765103 -0.226483 0.239057
6.13 -0.0885404 -0.22146 0.238503
6.14 -0.100245 -0.215798 0.237945
6.15 -0.111592 -0.209517 0.237382
6.16 -0.122547 -0.202641 0.236814
6.17 -0.133079 -0.195192 0.236241
6.18 -0.143159 -0.187196 0.235663
6.19 -0.152759 -0.178681 0.235079
6.2 -0.161853 -0.169674 0.23449
6.21 -0.170415 -0.160206 0.233896
6.22 -0.178422 -0.150308 0.233296
6.23 -0.185854 -0.140012 0.232691
6.24 -0.19269 -0.129351 0.23208
6.25 -0.198915 -0.11836 0.231465
6.26 -0.204511 -0.107073 0.230845
6.27 -0.209467 -0.0955273 0.230221
6.28 -0.21377 -0.0837579 0.229593
6.29 -0.217411 -0.071802 0.228961
6.3 -0.220383 -0.059697 0.228326
6.31 -0.222682 -0.0474803 0.227687
6.32 -0.224303 -0.0351894 0.227046
6.33 -0.225246 -0.022862 0.226403
6.34 -0.225513 -0.0105353 0.225759
6.35 -0.225106 0.00175307 0.225112
6.36 -0.22403 0.0139666 0.224465
6.37 -0.222294 0.0260685 0.223817
6.38 -0.219906 0.0380231 0.223169
6.39 -0.216877 0.0497951 0.22252
6.4 -0.213221 0.0613501 0.221872
6.41 -0.208953 0.0726545 0.221224
6.42 -0.204088 0.0836758 0.220576
6.43 -0.198647 0.0943822 0.219928
6.44 -0.192648 0.104744 0.219282
6.45 -0.186113 0.114731 0.218635
6.46 -0.179066 0.124317 0.217989
6.47 -0.171531 0.133474 0.217344
6.48 -0.163534 0.142179 0.216698
6.49 -0.155102 0.150406 0.216052
6.5 -0.146263 0.158136 0.215406
6.51 -0.137047 0.165348 0.21476
6.52 -0.127483 0.172024 0.214112
6.53 -0.117604 0.178146 0.213464
6.54 -0.10744 0.183701 0.212813
6.55 -0.0970247 0.188676 0.212161
6.56 -0.0863906 0.193059 0.211507
6.57 -0.0755714 0.196841 0.210849
6.58 -0.0646007 0.200016 0.210189
6.59 -0.0535126 0.202577 0.209526
6.6 -0.0423411 0.204522 0.208859
6.61 -0.0311204 0.205849 0.208188
6.62 -0.0198844 0.206559 0.207514
6.63 -0.00866701 0.206653 0.206834
6.64 0.0024985 0.206136 0.206151
6.65 0.0135789 0.205014 0.205463
6.66 0.0245417 0.203295 0.204771
6.67 0.035355 0.200988 0.204074
6.68 0.0459876 0.198105 0.203372
6.69 0.0564091 0.194658 0.202666
6.7 0.0665899 0.190662 0.201956
6.71 0.0765014 0.186134 0.201242
6.72 0.0861162 0.181091 0.200524
6.73 0.0954078 0.175552 0.199803
6.74 0.104351 0.169537 0.199078
6.75 0.112922 0.163069 0.19835
6.76 0.121099 0.156169 0.19762
6.77 0.128859 0.148863 0.196888
6.78 0.136183 0.141175 0.196154
6.79 0.143054 0.133131 0.195418
6.8 0.149453 0.124758 0.194682
6.81 0.155367 0.116084 0.193945
6.82 0.160782 0.107137 0.193208
6.83 0.165684 0.0979464 0.19247
6.84 0.170066 0.0885408 0.191734
6.85 0.173917 0.0789503 0.190998
6.86 0.177231 0.0692049 0.190263
6.87 0.180002 0.059335 0.189529
6.88 0.182227 0.0493709 0.188797
6.89 0.183905 0.0393429 0.188066
6.9 0.185034 0.0292812 0.187337
6.91 0.185617 0.0192163 0.186609
6.92 0.185657 0.00917743 0.185884
6.93 0.185158 -0.000805422 0.185159
6.94 0.184126 -0.0107037 0.184437
6.95 0.182569 -0.0204886 0.183715
6.96 0.180497 -0.0301325 0.182995
6.97 0.177921 -0.0396082 0.182276
6.98 0.174852 -0.0488894 0.181558
6.99 0.171304 -0.0579504 0.18084
7 0.167292 -0.066767 0.180123
7.01 0.162832 -0.075315 0.179406
7.02 0.157941 -0.0835725 0.178689
7.03 0.152638 -0.0915174 0.177971
7.04 0.146941 -0.09913 0.177253
7.05 0.140872 -0.106391 0.176533
7.06 0.134452 -0.113282 0.175813
7.07 0.127702 -0.119787 0.175091
7.08 0.120646 -0.125891 0.174368
7.09 0.113307 -0.13158 0.173643
7.1 0.105708 -0.136842 0.172916
7.11 0.0978761 -0.141664 0.172188
7.12 0.0898346 -0.146039 0.171457
7.13 0.081609 -0.149957 0.170725
7.14 0.0732253 -0.153412 0.169992
7.15 0.0647092 -0.156399 0.169257
7.16 0.0560865 -0.158913 0.16852
7.17 0.0473834 -0.160952 0.167782
7.18 0.0386254 -0.162516 0.167043
7.19 0.0298387 -0.163604 0.166303
7.2 0.0210484 -0.164218 0.165562
7.21 0.0122801 -0.164363 0.164821
7.22 0.00355841 -0.164041 0.16408
7.23 -0.00509187 -0.16326 0.163339
7.24 -0.0136471 -0.162025 0.162599
7.25 -0.0220837 -0.160346 0.161859
7.26 -0.0303788 -0.158232 0.161121
7.27 -0.0385105 -0.155693 0.160385
7.28 -0.0464574 -0.152742 0.15965
7.29 -0.0541988 -0.14939 0.158918
7.3 -0.0617152 -0.145653 0.158189
7.31 -0.0689875 -0.141545 0.157462
7.32 -0.0759981 -0.137081 0.156738
7.33 -0.0827298 -0.132278 0.156018
7.34 -0.089167 -0.127153 0.155302
7.35 -0.0952945 -0.121725 0.154589
7.36 -0.101099 -0.116011 0.153881
7.37 -0.106567 -0.11003 0.153177
7.38 -0.111688 -0.103804 0.152477
7.39 -0.11645 -0.097351 0.151782
7.4 -0.120845 -0.0906923 0.151091
7.41 -0.124864 -0.0838485 0.150405
7.42 -0.128501 -0.0768408 0.149724
7.43 -0.13175 -0.0696904 0.149046
7.44 -0.134606 -0.0624186 0.148374
7.45 -0.137065 -0.055047 0.147706
7.46 -0.139125 -0.0475967 0.147042
7.47 -0.140785 -0.0400895 0.146382
7.48 -0.142046 -0.0325462 0.145727
7.49 -0.142907 -0.0249882 0.145075
7.5 -0.143371 -0.0174358 0.144427
7.51 -0.143441 -0.00991014 0.143783
7.52 -0.143122 -0.00243078 0.143143
7.53 -0.142419 0.00498208 0.142506
7.54 -0.141337 0.0123095 0.141872
7.55 -0.139885 0.0195325 0.141242
7.56 -0.138069 0.0266328 0.140615
7.57 -0.1359 0.0335927 0.13999
7.58 -0.133387 0.0403955 0.139369
7.59 -0.13054 0.0470241 0.138751
7.6 -0.127371 0.0534635 0.138136
7.61 -0.123891 0.0596982 0.137524
7.62 -0.120114 0.0657143 0.136915
7.63 -0.116053 0.071498 0.13631
7.64 -0.111722 0.0770371 0.135707
7.65 -0.107134 0.0823193 0.135108
7.66 -0.102305 0.0873338 0.134512
7.67 -0.097251 0.0920705 0.133921
7.68 -0.0919865 0.0965199 0.133333
7.69 -0.086528 0.100674 0.132749
7.7 -0.0808916 0.104524 0.13217
7.71 -0.0750941 0.108065 0.131595
7.72 -0.069152 0.11129 0.131025
7.73 -0.0630825 0.114195 0.13046
7.74 -0.056902 0.116775 0.129901
7.75 -0.0506284 0.119027 0.129347
7.76 -0.0442779 0.120949 0.128799
7.77 -0.0378682 0.12254 0.128257
7.78 -0.0314156 0.123798 0.127722
7.79 -0.0249376 0.124725 0.127194
7.8 -0.0184503 0.125321 0.126672
7.81 -0.0119707 0.125589 0.126158
7.82 -0.00551455 0.12553 0.125651
7.83 0.000901653 0.125148 0.125152
7.84 0.00726255 0.124448 0.12466
7.85 0.0135526 0.123434 0.124176
7.86 0.0197569 0.122112 0.1237
7.87 0.0258605 0.120488 0.123232
7.88 0.0318497 0.118568 0.122772
7.89 0.0377102 0.116362 0.12232
7.9 0.043429 0.113875 0.121876
7.91 0.0489931 0.111118 0.12144
7.92 0.0543904 0.1081 0.121012
7.93 0.0596087 0.104829 0.120591
7.94 0.0646371 0.101316 0.120179
7.95 0.0694649 0.0975728 0.119774
7.96 0.0740817 0.0936089 0.119376
7.97 0.0784782 0.0894365 0.118986
7.98 0.0826454 0.085067 0.118603
7.99 0.086575 0.0805127 0.118227
8 0.0902593 0.075786 0.117857
8.01 0.0936912 0.0708995 0.117494
8.02 0.0968644 0.065866 0.117137
8.03 0.0997729 0.0606991 0.116786
8.04 0.102412 0.0554114 0.116441
8.05 0.104776 0.0500171 0.116102
8.06 0.106862 0.0445291 0.115769
8.07 0.108667 0.0389617 0.115441
8.08 0.110188 0.033328 0.115118
8.09 0.111424 0.0276423 0.114801
8.1 0.112372 0.0219181 0.114489
8.11 0.113032 0.0161695 0.114183
8.12 0.113405 0.0104098 0.113882
8.13 0.11349 0.00465328 0.113586
8.14 0.11329 -0.00108694 0.113295
8.15 0.112806 -0.00679705 0.11301
8.16 0.11204 -0.0124639 0.112731
8.17 0.110996 -0.018074 0.112458
8.18 0.109677 -0.0236146 0.11219
8.19 0.108088 -0.0290727 0.111929
8.2 0.106233 -0.0344356 0.111674
8.21 0.104117 -0.0396912 0.111426
8.22 0.101748 -0.0448273 0.111185
8.23 0.0991305 -0.0498319 0.110951
8.24 0.0962722 -0.0546937 0.110724
8.25 0.0931807 -0.0594016 0.110504
8.26 0.0898637 -0.0639445 0.110292
8.27 0.0863301 -0.0683123 0.110088
8.28 0.0825884 -0.0724947 0.109892
8.29 0.0786483 -0.0764821 0.109704
8.3 0.0745194 -0.0802652 0.109525
8.31 0.0702122 -0.0838354 0.109353
8.32 0.0657369 -0.0871843 0.10919
8.33 0.0611051 -0.0903042 0.109035
8.34 0.0563275 -0.0931872 0.108888
8.35 0.0514163 -0.0958274 0.10875
8.36 0.0463833 -0.0982176 0.108619
8.37 0.0412408 -0.100353 0.108496
8.38 0.0360013 -0.102227 0.108381
8.39 0.0306778 -0.103836 0.108273
8.4 0.0252831 -0.105176 0.108172
8.41 0.0198306 -0.106243 0.108078
8.42 0.0143335 -0.107034 0.10799
8.43 0.00880563 -0.107548 0.107908
8.44 0.00326028 -0.107782 0.107831
8.45 -0.00228853 -0.107736 0.10776
8.46 -0.00782726 -0.107409 0.107694
8.47 -0.0133418 -0.106802 0.107632
8.48 -0.0188184 -0.105916 0.107574
8.49 -0.0242434 -0.104752 0.10752
8.5 -0.0296028 -0.103312 0.10747
8.51 -0.0348832 -0.1016 0.107422
8.52 -0.0400708 -0.0996202 0.107377
8.53 -0.0451524 -0.0973757 0.107335
8.54 -0.0501145 -0.0948721 0.107295
8.55 -0.0549445 -0.092115 0.107257
8.56 -0.0596293 -0.0891107 0.107221
8.57 -0.0641565 -0.0858664 0.107187
8.58 -0.068514 -0.0823896 0.107155
8.59 -0.0726898 -0.0786888 0.107125
8.6 -0.0766727 -0.0747727 0.107096
8.61 -0.0804515 -0.0706512 0.10707
8.62 -0.0840153 -0.0663339 0.107046
8.63 -0.0873546 -0.0618321 0.107023
8.64 -0.090459 -0.0571567 0.107003
8.65 -0.09332 -0.0523195 0.106986
8.66 -0.0959287 -0.047333 0.106971
8.67 -0.0982774 -0.04221 0.106959
8.68 -0.100358 -0.0369637 0.106949
8.69 -0.102166 -0.0316078 0.106943
8.7 -0.103692 -0.0261566 0.10694
8.71 -0.104934 -0.0206244 0.106941
8.72 -0.105885 -0.0150261 0.106946
8.73 -0.106542 -0.00937685 0.106954
8.74 -0.106902 -0.003692 0.106966
8.75 -0.106963 0.00201282 0.106982
8.76 -0.106722 0.00772174 0.107001
8.77 -0.106181 0.013419 0.107025
8.78 -0.105337 0.0190881 0.107053
8.79 -0.104193 0.0247137 0.107084
8.8 -0.10275 0.0302788 0.107119
8.81 -0.101011 0.035768 0.107157
8.82 -0.0989798 0.0411649 0.107199
8.83 -0.09666 0.0464538 0.107243
8.84 -0.0940572 0.0516188 0.107291
8.85 -0.0911775 0.0566448 0.10734
8.86 -0.0880276 0.0615161 0.107392
8.87 -0.0846155 0.0662183 0.107446
8.88 -0.0809496 0.0707364 0.107501
8.89 -0.0770395 0.0750567 0.107557
8.9 -0.0728952 0.0791653 0.107614
8.91 -0.0685278 0.0830495 0.107672
8.92 -0.063949 0.0866959 0.107729
8.93 -0.059171 0.0900934 0.107787
8.94 -0.0542075 0.0932302 0.107844
8.95 -0.0490716 0.0960958 0.1079
8.96 -0.0437783 0.0986803 0.107955
8.97 -0.0383424 0.100975 0.108009
8.98 -0.0327796 0.10297 0.108062
8.99 -0.0271057 0.10466 0.108113
9 -0.0213378 0.106037 0.108163
9.01 -0.0154924 0.107096 0.108211
9.02 -0.00958724 0.107832 0.108257
9.03 -0.00363973 0.10824 0.108302
9.04 0.00233183 0.10832 0.108345
9.05 0.0083096 0.108067 0.108386
9.06 0.0142747 0.107483 0.108427
9.07 0.0202093 0.106566 0.108466
9.08 0.0260942 0.105319 0.108504
9.09 0.0319114 0.103744 0.108541
9.1 0.0376422 0.101843 0.108577
9.11 0.0432684 0.0996227 0.108613
9.12 0.0487717 0.0970869 0.108649
9.13 0.0541345 0.0942429 0.108684
9.14 0.0593389 0.0910983 0.10872
9.15 0.0643682 0.0876615 0.108756
9.16 0.069205 0.0839423 0.108792
9.17 0.0738337 0.0799514 0.108828
9.18 0.0782381 0.0757002 0.108866
9.19 0.0824035 0.0712012 0.108903
9.2 0.0863151 0.066468 0.108942
9.21 0.0899597 0.0615145 0.108981
9.22 0.0933239 0.0563562 0.10902
9.23 0.096396 0.0510085 0.10906
9.24 0.0991647 0.0454883 0.1091
9.25 0.10162 0.0398126 0.10914
9.26 0.103752 0.0339995 0.10918
9.27 0.105552 0.0280672 0.10922
9.28 0.107015 0.0220349 0.10926
9.29 0.108132 0.0159217 0.109298
9.3 0.1089 0.00974775 0.109335
9.31 0.109314 0.00353264 0.109371
9.32 0.109372 -0.00270264 0.109405
9.33 0.109072 -0.00893814 0.109438
9.34 0.108414 -0.0151527 0.109468
9.35 0.107398 -0.021326 0.109495
9.36 0.106028 -0.0274369 0.10952
9.37 0.104305 -0.0334654 0.109542
9.38 0.102235 -0.0393904 0.109561
9.39 0.099823 -0.0451921 0.109576
9.4 0.0970765 -0.0508507 0.109589
9.41 0.0940034 -0.0563465 0.109597
9.42 0.090613 -0.0616603 0.109602
9.43 0.0869156 -0.066774 0.109604
9.44 0.0829231 -0.0716693 0.109603
9.45 0.0786477 -0.0763294 0.109598
9.46 0.0741036 -0.0807372 0.109589
9.47 0.069305 -0.0848775 0.109578
9.48 0.064268 -0.0887352 0.109564
9.49 0.0590088 -0.0922963 0.109547
9.5 0.0535453 -0.0955478 0.109528
9.51 0.047895 -0.0984777 0.109507
9.52 0.0420777 -0.101075 0.109484
9.53 0.0361123 -0.10333 0.109459
9.54 0.0300194 -0.105235 0.109433
9.55 0.0238199 -0.106781 0.109405
9.56 0.0175348 -0.107962 0.109377
9.57 0.0111858 -0.108774 0.109348
9.58 0.00479504 -0.109213 0.109318
9.59 -0.00161557 -0.109276 0.109288
9.6 -0.00802327 -0.108963 0.109258
9.61 -0.0144061 -0.108273 0.109228
9.62 -0.0207411 -0.107209 0.109197
9.63 -0.0270063 -0.105773 0.109166
9.64 -0.0331794 -0.10397 0.109136
9.65 -0.0392385 -0.101804 0.109104
9.66 -0.0451618 -0.0992844 0.109073
9.67 -0.0509283 -0.0964175 0.109041
9.68 -0.0565175 -0.0932138 0.109009
9.69 -0.0619088 -0.0896838 0.108976
9.7 -0.067083 -0.0858394 0.108943
9.71 -0.0720214 -0.0816937 0.108908
9.72 -0.0767057 -0.0772614 0.108872
9.73 -0.0811191 -0.0725572 0.108834
9.74 -0.0852454 -0.0675981 0.108795
9.75 -0.0890693 -0.0624009 0.108753
9.76 -0.0925769 -0.0569845 0.108709
9.77 -0.0957549 -0.0513674 0.108663
9.78 -0.0985918 -0.04557 0.108614
9.79 -0.101077 -0.0396126 0.108562
9.8 -0.1032 -0.0335167 0.108507
9.81 -0.104955 -0.0273038 0.108448
9.82 -0.106333 -0.0209966 0.108386
9.83 -0.10733 -0.0146177 0.108321
9.84 -0.107942 -0.00818984 0.108252
9.85 -0.108165 -0.00173656 0.108179
9.86 -0.108 0.00471869 0.108103
9.87 -0.107446 0.0111528 0.108024
9.88 -0.106506 0.0175419 0.107941
9.89 -0.105181 0.0238631 0.107854
9.9 -0.103477 0.030093 0.107764
9.91 -0.101401 0.0362088 0.107672
9.92 -0.0989583 0.0421882 0.107576
9.93 -0.0961591 0.048009 0.107478
9.94 -0.0930134 0.0536501 0.107377
9.95 -0.0895322 0.0590904 0.107274
9.96 -0.0857289 0.06431 0.107169
9.97 -0.0816168 0.0692894 0.107062
9.98 -0.0772114 0.0740106 0.106954
9.99 -0.072529 0.0784556 0.106844
10 -0.0675868 0.0826084 0.106734
10.01 -0.0624028 0.0864532 0.106622
10.02 -0.056997 0.089976 0.10651
10.03 -0.0513888 0.0931635 0.106397
10.04 -0.0455995 0.0960043 0.106283
10.05 -0.0396505 0.0984873 0.106169
10.06 -0.0335641 0.100604 0.106055
10.07 -0.0273631 0.102345 0.10594
10.08 -0.0210705 0.103706 0.105825
10.09 -0.0147103 0.104681 0.10571
10.1 -0.00830575 0.105267 0.105594
10.11 -0.00188136 0.10546 0.105477
10.12 0.00453908 0.105262 0.10536
10.13 0.010931 0.104673 0.105242
10.14 0.0172708 0.103695 0.105123
10.15 0.0235344 0.102332 0.105003
10.16 0.0296984 0.100589 0.104882
10.17 0.0357393 0.0984736 0.104759
10.18 0.0416349 0.0959939 0.104634
10.19 0.0473623 0.0931591 0.104507
10.2 0.0529009 0.0899807 0.104379
10.21 0.0582289 0.0864705 0.104249
10.22 0.0633271 0.0826423 0.104116
10.23 0.0681757 0.0785111 0.10398
10.24 0.0727571 0.0740926 0.103843
10.25 0.0770536 0.0694041 0.103702
10.26 0.0810499 0.0644634 0.10356
10.27 0.0847303 0.05929 0.103414
10.28 0.0880815 0.0539035 0.103266
10.29 0.0910911 0.0483251 0.103116
10.3 0.0937482 0.042576 0.102963
10.31 0.0960426 0.0366785 0.102808
10.32 0.0979666 0.0306553 0.102651
10.33 0.0995127 0.02453 0.102491
10.34 0.100676 0.0183259 0.10233
10.35 0.101453 0.0120672 0.102168
10.36 0.10184 0.00577754 0.102004
10.37 0.101837 -0.0005182 0.101838
10.38 0.101444 -0.00679622 0.101672
10.39 0.100664 -0.0130319 0.101505
10.4 0.099501 -0.0192017 0.101337
10.41 0.0979588 -0.0252815 0.101169
10.42 0.0960446 -0.0312483 0.101
10.43 0.0937666 -0.0370788 0.100832
10.44 0.0911341 -0.0427509 0.100663
10.45 0.0881581 -0.0482426 0.100495
10.46 0.0848508 -0.0535335 0.100327
10.47 0.0812255 -0.0586025 0.100159
10.48 0.0772969 -0.0634311 0.0999916
10.49 0.0730813 -0.0680003 0.0998244
10.5 0.0685952 -0.0722932 0.0996575
10.51 0.0638571 -0.0762934 0.0994907
10.52 0.0588854 -0.0799859 0.0993239
10.53 0.0537005 -0.0833569 0.099157
10.54 0.0483228 -0.0863938 0.0989898
10.55 0.0427742 -0.0890853 0.0988222
10.56 0.0370763 -0.0914218 0.098654
10.57 0.0312521 -0.0933948 0.098485
10.58 0.0253244 -0.0949971 0.0983147
10.59 0.0193169 -0.0962235 0.0981433
10.6 0.0132533 -0.0970699 0.0979705
10.61 0.00715781 -0.0975337 0.097796
10.62 0.0010538 -0.097614 0.0976197
10.63 -0.00503381 -0.0973115 0.0974416
10.64 -0.0110818 -0.0966279 0.0972613
10.65 -0.0170659 -0.0955674 0.0970792
10.66 -0.0229632 -0.0941344 0.0968947
10.67 -0.0287502 -0.0923361 0.0967085
10.68 -0.0344045 -0.0901799 0.0965199
10.69 -0.0399039 -0.0876758 0.0963295
10.7 -0.0452274 -0.0848342 0.0961372
10.71 -0.0503539 -0.0816676 0.0959432
10.72 -0.0552639 -0.0781889 0.0957476
10.73 -0.0599385 -0.0744132 0.0955507
10.74 -0.0643597 -0.0703559 0.0953526
10.75 -0.0685105 -0.0660344 0.0951537
10.76 -0.0723756 -0.061466 0.0949542
10.77 -0.0759399 -0.0566703 0.0947543
10.78 -0.0791902 -0.0516663 0.0945542
10.79 -0.0821146 -0.0464754 0.0943545
10.8 -0.0847021 -0.041118 0.0941548
10.81 -0.0869436 -0.0356167 0.0939561
10.82 -0.0888307 -0.0299935 0.0937577
10.83 -0.0903575 -0.0242716 0.0935607
10.84 -0.0915185 -0.018474 0.0933645
10.85 -0.0923104 -0.0126245 0.0931696
10.86 -0.0927307 -0.00674627 0.0929757
10.87 -0.0927793 -0.000863365 0.0927833
10.88 -0.0924566 0.00500052 0.0925918
10.89 -0.0917657 0.0108219 0.0924016
10.9 -0.0907098 0.0165778 0.0922122
10.91 -0.0892949 0.0222445 0.0920239
10.92 -0.0875269 0.0278 0.0918357
10.93 -0.085415 0.0332219 0.0916484
10.94 -0.082968 0.0384888 0.0914608
10.95 -0.0801975 0.0435802 0.0912736
10.96 -0.0771148 0.0484755 0.0910856
10.97 -0.0737341 0.0531562 0.0908971
10.98 -0.0700696 0.0576034 0.0907077
10.99 -0.0661373 0.0618002 0.0905174
11 -0.0619535 0.0657303 0.0903256
11.01 -0.0575365 0.0693788 0.0901325
11.02 -0.0529045 0.0727316 0.0899375
11.03 -0.0480772 0.0757762 0.089741
11.04 -0.0430747 0.0785012 0.0895426
11.05 -0.0379183 0.0808968 0.0893426
11.06 -0.0326288 0.0829541 0.0891404
11.07 -0.0272286 0.0846662 0.0889369
11.08 -0.0217399 0.086027 0.0887314
11.09 -0.0161853 0.0870325 0.0885247
11.1 -0.0105878 0.0876796 0.0883166
11.11 -0.0049701 0.0879673 0.0881075
11.12 0.000644432 0.0878952 0.0878976
11.13 0.00623318 0.0874654 0.0876872
11.14 0.0117733 0.0866805 0.0874764
11.15 0.0172423 0.0855455 0.0872658
11.16 0.0226179 0.0840658 0.0870553
11.17 0.0278788 0.0822491 0.0868455
11.18 0.0330034 0.0801039 0.0866364
11.19 0.0379716 0.0776406 0.0864286
11.2 0.0427631 0.0748698 0.0862216
11.21 0.0473593 0.0718048 0.0860165
11.22 0.0517414 0.0684588 0.0858125
11.23 0.0558931 0.0648469 0.0856105
11.24 0.0597971 0.0609849 0.0854099
11.25 0.063439 0.0568895 0.0852111
11.26 0.0668042 0.0525788 0.0850137
11.27 0.0698801 0.0480711 0.0848178
11.28 0.072655 0.0433859 0.0846232
11.29 0.0751188 0.0385433 0.0844299
11.3 0.0772618 0.0335636 0.0842371
11.31 0.079077 0.0284681 0.0840452
11.32 0.0805576 0.0232786 0.0838536
11.33 0.0816992 0.0180165 0.0836622
11.34 0.0824979 0.0127042 0.0834703
11.35 0.0829521 0.00736359 0.0832783
11.36 0.0830605 0.00201735 0.083085
11.37 0.0828246 -0.00331285 0.0828908
11.38 0.0822464 -0.00860429 0.0826952
11.39 0.0813296 -0.013836 0.0824981
11.4 0.0800794 -0.0189856 0.0822993
11.41 0.0785021 -0.0240327 0.0820984
11.42 0.0766057 -0.0289562 0.0818956
11.43 0.0743991 -0.0337365 0.0816908
11.44 0.0718928 -0.0383539 0.0814837
11.45 0.0690985 -0.0427903 0.0812749
11.46 0.0660289 -0.0470273 0.081064
11.47 0.0626976 -0.0510486 0.0808514
11.48 0.0591201 -0.0548378 0.0806372
11.49 0.0553117 -0.0583805 0.0804218
11.5 0.0512897 -0.0616622 0.0802051
11.51 0.0470713 -0.064671 0.0799878
11.52 0.0426755 -0.067395 0.0797701
11.53 0.0381207 -0.0698239 0.0795523
11.54 0.0334274 -0.0719489 0.079335
11.55 0.0286152 -0.0737622 0.0791183
11.56 0.0237053 -0.0752576 0.0789028
11.57 0.0187183 -0.07643 0.0786887
11.58 0.0136757 -0.0772757 0.0784764
11.59 0.0085986 -0.0777926 0.0782664
11.6 0.00350903 -0.0779798 0.0780587
11.61 -0.00157207 -0.0778378 0.0778536
11.62 -0.00662292 -0.0773687 0.0776517
11.63 -0.0116227 -0.0765756 0.0774527
11.64 -0.0165501 -0.0754632 0.0772568
11.65 -0.0213851 -0.0740375 0.0770641
11.66 -0.0261072 -0.072306 0.0768749
11.67 -0.0306972 -0.0702767 0.0766886
11.68 -0.0351362 -0.0679601 0.0765057
11.69 -0.0394059 -0.0653662 0.0763254
11.7 -0.043489 -0.062508 0.0761482
11.71 -0.047508 -0.059598 0.0762164
11.72 -0.0514598 -0.0566406 0.0765262
11.73 -0.0553408 -0.0536397 0.0770703
11.74 -0.0591477 -0.0505997 0.0778382
11.75 -0.0628775 -0.0475243 0.0788171
11.76 -0.0665271 -0.0444184 0.0799928
11.77 -0.0700931 -0.0412855 0.0813483
11.78 -0.0735731 -0.0381305 0.082867
11.79 -0.0769638 -0.034957 0.0845305
11.8 -0.0802627 -0.03177 0.0863216
11.81 -0.0834667 -0.0285732 0.088222
11.82 -0.086574 -0.0253712 0.090215
11.83 -0.0895811 -0.0221684 0.0922833
11.84 -0.0924866 -0.018969 0.0944118
11.85 -0.0952874 -0.0157773 0.0965847
11.86 -0.0979819 -0.0125976 0.0987884
11.87 -0.100568 -0.00943417 0.101009
11.88 -0.103043 -0.0062915 0.103235
11.89 -0.105406 -0.00317358 0.105453
11.9 -0.107655 -8.48564e-05 0.107655
11.91 -0.109787 0.00297046 0.109827
11.92 -0.111803 0.00598849 0.111963
11.93 -0.113699 0.00896465 0.114052
11.94 -0.115476 0.0118951 0.116087
11.95 -0.117131 0.0147757 0.118059
11.96 -0.118664 0.0176027 0.119963
11.97 -0.120074 0.0203715 0.12179
11.98 -0.12136 0.0230789 0.123535
11.99 -0.122521 0.0257204 0.125192
12 -0.123557 0.0282927 0.126755
12.01 -0.124467 0.0307918 0.128219
12.02 -0.12525 0.0332141 0.129579
12.03 -0.125907 0.035556 0.130832
12.04 -0.126438 0.0378141 0.131972
12.05 -0.126842 0.0399846 0.132995
12.06 -0.12712 0.0420647 0.133899
12.07 -0.127271 0.0440507 0.134679
12.08 -0.127296 0.0459396 0.135332
12.09 -0.127196 0.0477282 0.135856
12.1 -0.126971 0.0494138 0.136247
12.11 -0.126621 0.0509932 0.136504
12.12 -0.126148 0.0524636 0.136623
12.13 -0.125553 0.0538226 0.136603
12.14 -0.124836 0.0550673 0.136442
12.15 -0.123998 0.0561955 0.136138
12.16 -0.123041 0.0572045 0.135689
12.17 -0.121966 0.0580924 0.135094
12.18 -0.120775 0.0588569 0.134353
12.19 -0.119468 0.059496 0.133463
12.2 -0.118048 0.0600077 0.132424
12.21 -0.116516 0.0603904 0.131236
12.22 -0.114874 0.060642 0.129898
12.23 -0.113124 0.0607616 0.12841
12.24 -0.111268 0.0607472 0.12677
12.25 -0.109308 0.0605979 0.124981
12.26 -0.107245 0.0603119 0.123041
12.27 -0.105083 0.059889 0.120951
12.28 -0.102824 0.0593275 0.118712
12.29 -0.100469 0.0586271 0.116324
12.3 -0.0980223 0.0577868 0.113788
12.31 -0.0954848 0.0568061 0.111105
12.32 -0.0928599 0.0556847 0.108276
12.33 -0.0901501 0.0544223 0.105303
12.34 -0.0873579 0.0530184 0.102188
12.35 -0.0844862 0.0514735 0.0989315
12.36 -0.081538 0.0497871 0.0955363
12.37 -0.0785156 0.0479597 0.0920045
12.38 -0.0754225 0.0459914 0.0883389
12.39 -0.0722613 0.0438829 0.0845423
12.4 -0.0690352 0.0416347 0.0806183
12.41 -0.0657469 0.0392473 0.0765702
12.42 -0.0623999 0.0367218 0.0724033
12.43 -0.0589969 0.0340587 0.0681222
12.44 -0.0555413 0.0312594 0.0637338
12.45 -0.0520362 0.0283249 0.0592458
12.46 -0.0484846 0.0252567 0.0546686
12.47 -0.0448897 0.0220557 0.0500154
12.48 -0.0412551 0.0187237 0.0453052
12.49 -0.0375834 0.0152623 0.0405641
12.5 -0.0338784 0.0116733 0.0358331
12.51 -0.0301429 0.00795793 0.0311757
12.52 -0.0263803 0.00411894 0.0266999
12.53 -0.0225938 0.000157535 0.0225943
12.54 -0.0187866 -0.00392345 0.0191919
12.55 -0.014962 -0.00812252 0.0170246
12.56 -0.011123 -0.0124366 0.016685
12.57 -0.00727311 -0.0168642 0.0183657
12.58 -0.00341511 -0.021402 0.0216728
12.59 0.00044746 -0.0260482 0.026052
12.6 0.004312 -0.0307996 0.0311
12.61 0.0081748 -0.0356538 0.036579
12.62 0.0120334 -0.0406079 0.0423533
12.63 0.0158843 -0.0456591 0.0483432
12.64 0.019725 -0.0508042 0.054499
12.65 0.0235519 -0.0560407 0.0607886
12.66 0.027363 -0.0613651 0.0671894
12.67 0.0311546 -0.0667743 0.0736846
12.68 0.0349246 -0.0722653 0.0802621
12.69 0.0386696 -0.0778348 0.0869114
12.7 0.0423876 -0.0834795 0.0936244
12.71 0.0460752 -0.0891958 0.100393
12.72 0.0497306 -0.0949807 0.107212
12.73 0.0533508 -0.10083 0.114075
12.74 0.0569335 -0.106742 0.120976
12.75 0.0604766 -0.112711 0.127911
12.76 0.0639773 -0.118734 0.134874
12.77 0.0674338 -0.124809 0.141861
12.78 0.0708439 -0.13093 0.148868
12.79 0.0742053 -0.137095 0.155889
12.8 0.0775162 -0.1433 0.162922
12.81 0.0807747 -0.14954 0.169962
12.82 0.0839788 -0.155814 0.177004
12.83 0.0871271 -0.162115 0.184045
12.84 0.0902175 -0.168442 0.191081
12.85 0.0932491 -0.17479 0.198108
12.86 0.0962195 -0.181155 0.205122
12.87 0.0991283 -0.187533 0.21212
12.88 0.101973 -0.193921 0.219098
12.89 0.104754 -0.200315 0.226052
12.9 0.107469 -0.206711 0.232979
12.91 0.110118 -0.213106 0.239875
12.92 0.112698 -0.219494 0.246736
12.93 0.11521 -0.225874 0.25356
12.94 0.117653 -0.232241 0.260342
12.95 0.120027 -0.23859 0.26708
12.96 0.12233 -0.244919 0.27377
12.97 0.124562 -0.251225 0.280409
12.98 0.126723 -0.257501 0.286994
12.99 0.128812 -0.263746 0.293521
13 0.13083 -0.269956 0.299988
13.01 0.132777 -0.276127 0.306391
13.02 0.134652 -0.282254 0.312728
13.03 0.136455 -0.288336 0.318995
13.04 0.138187 -0.294367 0.325189
13.05 0.139848 -0.300345 0.331307
13.06 0.141439 -0.306266 0.337348
13.07 0.142959 -0.312126 0.343307
13.08 0.144409 -0.317922 0.349182
13.09 0.145791 -0.32365 0.354971
13.1 0.147104 -0.329308 0.36067
13.11 0.14835 -0.334891 0.366278
13.12 0.149529 -0.340396 0.371791
13.13 0.150642 -0.345821 0.377207
13.14 0.151691 -0.351161 0.382523
13.15 0.152676 -0.356414 0.387738
13.16 0.153598 -0.361576 0.392848
13.17 0.154459 -0.366644 0.397851
13.18 0.15526 -0.371616 0.402745
13.19 0.156002 -0.376487 0.407528
13.2 0.156687 -0.381256 0.412198
13.21 0.157316 -0.385918 0.416751
13.22 0.157891 -0.390472 0.421187
13.23 0.158413 -0.394914 0.425502
13.24 0.158884 -0.399242 0.429696
13.25 0.159304 -0.403453 0.433765
13.26 0.159677 -0.407544 0.437709
13.27 0.160004 -0.411512 0.441524
13.28 0.160286 -0.415355 0.44521
13.29 0.160526 -0.41907 0.448763
13.3 0.160724 -0.422656 0.452184
13.31 0.160884 -0.426108 0.455469
13.32 0.161006 -0.429426 0.458617
13.33 0.161093 -0.432607 0.461627
13.34 0.161146 -0.435648 0.464497
13.35 0.161169 -0.438548 0.467225
13.36 0.161161 -0.441304 0.46981
13.37 0.161125 -0.443914 0.472251
13.38 0.161064 -0.446376 0.474545
13.39 0.160979 -0.448689 0.476692
13.4 0.160872 -0.45085 0.478691
13.41 0.160746 -0.452858 0.48054
13.42 0.160601 -0.45471 0.482239
13.43 0.16044 -0.456406 0.483785
13.44 0.160265 -0.457944 0.485178
13.45 0.160078 -0.459322 0.486417
13.46 0.159881 -0.460538 0.487501
13.47 0.159675 -0.461592 0.48843
13.48 0.159462 -0.462482 0.489201
13.49 0.159245 -0.463207 0.489816
13.5 0.159025 -0.463765 0.490272
13.51 0.158803 -0.464155 0.49057
13.52 0.158583 -0.464377 0.490708
13.53 0.158364 -0.464429 0.490687
13.54 0.15815 -0.46431 0.490505
13.55 0.157941 -0.46402 0.490163
13.56 0.157739 -0.463557 0.48966
13.57 0.157546 -0.462921 0.488996
13.58 0.157364 -0.462111 0.48817
13.59 0.157192 -0.461128 0.487184
13.6 0.157034 -0.459968 0.486036
13.61 0.156891 -0.458634 0.484726
13.62 0.156763 -0.457123 0.483256
13.63 0.156652 -0.455437 0.481625
13.64 0.156559 -0.453573 0.479833
13.65 0.156485 -0.451533 0.477881
13.66 0.156431 -0.449316 0.475769
13.67 0.156399 -0.446922 0.473498
13.68 0.156388 -0.444351 0.471068
13.69 0.1564 -0.441603 0.46848
13.7 0.156436 -0.438677 0.465736
13.71 0.156496 -0.435575 0.462835
13.72 0.156581 -0.432296 0.45978
13.73 0.15669 -0.42884 0.45657
13.74 0.156826 -0.425209 0.453208
13.75 0.156987 -0.421402 0.449694
13.76 0.157175 -0.41742 0.446031
13.77 0.157389 -0.413263 0.442219
13.78 0.157629 -0.408932 0.438261
13.79 0.157896 -0.404427 0.434157
13.8 0.158189 -0.399751 0.429912
13.81 0.158508 -0.394902 0.425526
13.82 0.158853 -0.389882 0.421001
13.83 0.159223 -0.384692 0.416341
13.84 0.159618 -0.379333 0.411548
13.85 0.160038 -0.373806 0.406624
13.86 0.160481 -0.368113 0.401574
13.87 0.160947 -0.362254 0.396398
13.88 0.161435 -0.35623 0.391103
13.89 0.161945 -0.350044 0.38569
13.9 0.162474 -0.343696 0.380164
13.91 0.163022 -0.337188 0.374529
13.92 0.163588 -0.330521 0.368789
13.93 0.164171 -0.323698 0.36295
13.94 0.164768 -0.31672 0.357015
13.95 0.16538 -0.309588 0.350992
13.96 0.166003 -0.302305 0.344885
13.97 0.166637 -0.294872 0.3387
13.98 0.16728 -0.287292 0.332445
13.99 0.167929 -0.279567 0.326126
14 0.168584 -0.271698 0.319751
14.01 0.169242 -0.263689 0.313328
14.02 0.169901 -0.25554 0.306867
14.03 0.170559 -0.247256 0.300376
14.04 0.171213 -0.238837 0.293866
14.05 0.171863 -0.230288 0.287349
14.06 0.172504 -0.22161 0.280836
14.07 0.173136 -0.212806 0.27434
14.08 0.173755 -0.203879 0.267876
14.09 0.17436 -0.194833 0.261459
14.1 0.174947 -0.185669 0.255106
14.11 0.175514 -0.17639 0.248834
14.12 0.176058 -0.167001 0.242664
14.13 0.176577 -0.157504 0.236616
14.14 0.177069 -0.147902 0.230713
14.15 0.177529 -0.138199 0.22498
14.16 0.177957 -0.128399 0.219443
14.17 0.178349 -0.118504 0.214129
14.18 0.178701 -0.108518 0.20907
14.19 0.179012 -0.098445 0.204296
14.2 0.179279 -0.088289 0.199839
14.21 0.179498 -0.0780531 0.195734
14.22 0.179666 -0.0677415 0.192013
14.23 0.179782 -0.0573581 0.18871
14.24 0.179842 -0.0469069 0.185859
14.25 0.179843 -0.0363918 0.183488
14.26 0.179783 -0.0258172 0.181627
14.27 0.179658 -0.015187 0.180299
14.28 0.179466 -0.00450587 0.179522
14.29 0.179203 0.00622249 0.179311
14.3 0.178868 0.0169929 0.179674
14.31 0.177885 0.0277474 0.180036
14.32 0.176255 0.0384463 0.180399
14.33 0.17398 0.049051 0.180763
14.34 0.171066 0.0595224 0.181126
14.35 0.167521 0.0698221 0.18149
14.36 0.163355 0.079912 0.181854
14.37 0.15858 0.0897544 0.182219
14.38 0.153211 0.0993125 0.182583
14.39 0.147265 0.108551 0.182948
14.4 0.14076 0.117434 0.183314
14.41 0.133718 0.125928 0.18368
14.42 0.126161 0.134 0.184045
14.43 0.118117 0.14162 0.184412
14.44 0.10961 0.148757 0.184778
14.45 0.10067 0.155384 0.185145
14.46 0.0913285 0.161474 0.185512
14.47 0.0816167 0.167003 0.18588
14.48 0.0715685 0.171948 0.186248
14.49 0.061219 0.176288 0.186615
14.5 0.0506047 0.180006 0.186984
14.51 0.0397629 0.183084 0.187352
14.52 0.0287322 0.185509 0.187721
14.53 0.0175521 0.187269 0.188089
14.54 0.0062626 0.188355 0.188459
14.55 -0.00509577 0.188759 0.188828
14.56 -0.0164815 0.188478 0.189198
14.57 -0.0278537 0.18751 0.189567
14.58 -0.0391703 0.185855 0.189938
14.59 -0.0503902 0.183515 0.190308
14.6 -0.0614715 0.180498 0.190678
14.61 -0.0723738 0.17681 0.191049
14.62 -0.0830556 0.172463 0.19142
14.63 -0.093478 0.167468 0.191791
14.64 -0.103601 0.161843 0.192162
14.65 -0.113386 0.155605 0.192534
14.66 -0.122797 0.148773 0.192905
14.67 -0.131797 0.141371 0.193277
14.68 -0.140351 0.133422 0.193649
14.69 -0.148427 0.124955 0.194021
14.7 -0.155993 0.115997 0.194394
14.71 -0.163018 0.106579 0.194766
14.72 -0.169475 0.0967336 0.195139
14.73 -0.175338 0.0864958 0.195512
14.74 -0.180582 0.0759005 0.195884
14.75 -0.185186 0.0649858 0.196258
14.76 -0.18913 0.0537896 0.196631
14.77 -0.192398 0.0423527 0.197004
14.78 -0.194973 0.0307151 0.197377
14.79 -0.196844 0.0189195 0.197751
14.8 -0.198 0.00700805 0.198124
14.81 -0.198436 -0.00497578 0.198498
14.82 -0.198145 -0.0169884 0.198872
14.83 -0.197126 -0.0289854 0.199246
14.84 -0.19538 -0.0409232 0.19962
14.85 -0.192909 -0.052757 0.199993
14.86 -0.189721 -0.0644433 0.200367
14.87 -0.185824 -0.0759381 0.200741
14.88 -0.181229 -0.0871988 0.201115
14.89 -0.175949 -0.0981824 0.201489
14.9 -0.170003 -0.108848 0.201864
14.91 -0.163409 -0.119154 0.202237
14.92 -0.156188 -0.129061 0.202611
14.93 -0.148364 -0.138532 0.202985
14.94 -0.139965 -0.147529 0.203359
14.95 -0.131019 -0.156017 0.203733
14.96 -0.121555 -0.163964 0.204107
14.97 -0.111608 -0.171336 0.204481
14.98 -0.101211 -0.178106 0.204855
14.99 -0.0904024 -0.184245 0.205228
15 -0.0792192 -0.189727 0.205602
15.01 -0.0677015 -0.194531 0.205975
15.02 -0.0558907 -0.198635 0.206348
15.03 -0.0438289 -0.202022 0.206722
15.04 -0.0315601 -0.204676 0.207095
15.05 -0.0191288 -0.206584 0.207468
15.06 -0.00658001 -0.207736 0.20784
15.07 0.00603956 -0.208125 0.208213
15.08 0.0186842 -0.207747 0.208585
15.09 0.0313065 -0.206599 0.208957
15.1 0.0438601 -0.204683 0.209329
15.11 0.0562978 -0.202003 0.209701
15.12 0.0685733 -0.198565 0.210073
15.13 0.08064 -0.194381 0.210444
15.14 0.0924531 -0.189461 0.210815
15.15 0.103967 -0.183821 0.211186
15.16 0.115138 -0.177481 0.211556
15.17 0.125922 -0.170459 0.211926
15.18 0.13628 -0.162781 0.212296
15.19 0.14617 -0.15447 0.212666
15.2 0.155554 -0.145558 0.213035
15.21 0.164394 -0.136073 0.213404
15.22 0.172657 -0.126049 0.213773
15.23 0.180308 -0.115521 0.214141
15.24 0.187318 -0.104527 0.214509
15.25 0.193657 -0.0931054 0.214876
15.26 0.1993 -0.0812974 0.215243
15.27 0.204222 -0.0691452 0.21561
15.28 0.208403 -0.0566934 0.215976
15.29 0.211824 -0.0439863 0.216342
15.3 0.214469 -0.0310714 0.216708
15.31 0.216326 -0.0179952 0.217073
15.32 0.217384 -0.00480665 0.217437
15.33 0.217638 0.00844621 0.217802
15.34 0.217082 0.0217135 0.218165
15.35 0.215716 0.0349461 0.218529
15.36 0.213542 0.0480943 0.218891
15.37 0.210566 0.0611088 0.219254
15.38 0.206794 0.0739404 0.219615
15.39 0.202239 0.0865404 0.219977
15.4 0.196914 0.0988608 0.220337
15.41 0.190837 0.110855 0.220698
15.42 0.184027 0.122476 0.221057
15.43 0.176508 0.133679 0.221417
15.44 0.168305 0.144422 0.221775
15.45 0.159446 0.154661 0.222133
15.46 0.149962 0.164358 0.222491
15.47 0.139887 0.173473 0.222848
15.48 0.129255 0.181971 0.223205
15.49 0.118105 0.189817 0.223561
15.5 0.106477 0.19698 0.223916
15.51 0.0944121 0.20343 0.224271
15.52 0.0819548 0.209141 0.224626
15.53 0.0691499 0.214089 0.22498
15.54 0.0560445 0.218252 0.225333
15.55 0.0426867 0.221612 0.225686
15.56 0.0291256 0.224153 0.226038
15.57 0.0154116 0.225864 0.226389
15.58 0.00159561 0.226735 0.22674
15.59 -0.0122712 0.226759 0.227091
15.6 -0.0261362 0.225934 0.227441
15.61 -0.039948 0.22426 0.22779
15.62 -0.0536539 0.22174 0.228139
15.63 -0.0672026 0.21838 0.228487
15.64 -0.080542 0.214192 0.228834
15.65 -0.0936218 0.209187 0.229181
15.66 -0.106391 0.203381 0.229527
15.67 -0.118802 0.196794 0.229873
15.68 -0.130806 0.189447 0.230219
15.69 -0.142356 0.181367 0.230563
15.7 -0.153408 0.172581 0.230907
15.71 -0.163918 0.163119 0.231251
15.72 -0.173845 0.153015 0.231593
15.73 -0.183149 0.142305 0.231936
15.74 -0.191793 0.131027 0.232277
15.75 -0.199744 0.119222 0.232619
15.76 -0.206967 0.106933 0.232959
15.77 -0.213434 0.0942039 0.233299
15.78 -0.219118 0.0810816 0.233638
15.79 -0.223994 0.0676147 0.233977
15.8 -0.228043 0.0538524 0.234315
15.81 -0.231245 0.0398461 0.234653
15.82 -0.233586 0.0256473 0.23499
15.83 -0.235054 0.0113096 0.235326
15.84 -0.235641 -0.00311359 0.235662
15.85 -0.235342 -0.017568 0.235997
15.86 -0.234155 -0.0319993 0.236331
15.87 -0.232081 -0.0463524 0.236665
15.88 -0.229126 -0.0605733 0.236998
15.89 -0.225298 -0.0746075 0.23733
15.9 -0.220609 -0.0884012 0.237662
15.91 -0.215074 -0.101902 0.237993
15.92 -0.20871 -0.115057 0.238323
15.93 -0.20154 -0.127816 0.238653
15.94 -0.193588 -0.140129 0.238982
15.95 -0.184881 -0.151949 0.23931
15.96 -0.175451 -0.163228 0.239638
15.97 -0.16533 -0.173922 0.239965
15.98 -0.154555 -0.18399 0.240291
15.99 -0.143166 -0.19339 0.240616
16 -0.131202 -0.202085 0.24094
16.01 -0.118707 -0.21004 0.241264
16.02 -0.105729 -0.217222 0.241587
16.03 -0.0923132 -0.223603 0.241909
16.04 -0.0785103 -0.229154 0.24223
16.05 -0.0643719 -0.233853 0.242551
16.06 -0.0499499 -0.237678 0.24287
16.07 -0.0352989 -0.240614 0.243189
16.08 -0.0204733 -0.242645 0.243507
16.09 -0.00552973 -0.243761 0.243824
16.1 0.009476 -0.243956 0.24414
16.11 0.0244864 -0.243226 0.244455
16.12 0.0394449 -0.24157 0.244769
16.13 0.0542939 -0.238993 0.245083
16.14 0.0689767 -0.235501 0.245395
16.15 0.0834369 -0.231106 0.245706
16.16 0.097619 -0.22582 0.246017
16.17 0.111467 -0.219662 0.246326
16.18 0.124929 -0.212653 0.246635
16.19 0.137951 -0.204817 0.246942
16.2 0.150482 -0.196181 0.247248
16.21 0.162474 -0.186776 0.247554
16.22 0.173878 -0.176635 0.247858
16.23 0.18465 -0.165796 0.248161
16.24 0.194746 -0.154298 0.248463
16.25 0.204127 -0.142182 0.248764
16.26 0.212754 -0.129494 0.249064
16.27 0.220592 -0.11628 0.249363
16.28 0.227609 -0.102589 0.249661
16.29 0.233776 -0.0884726 0.249957
16.3 0.239066 -0.0739835 0.250253
16.31 0.243458 -0.0591756 0.250547
16.32 0.246932 -0.0441055 0.25084
16.33 0.249472 -0.0288296 0.251132
16.34 0.251065 -0.0134061 0.251422
16.35 0.251703 0.00210611 0.251712
16.36 0.251381 0.0176484 0.252
16.37 0.250099 0.0331604 0.252287
16.38 0.247856 0.0485834 0.252573
16.39 0.244662 0.0638573 0.252858
16.4 0.240523 0.0789236 0.253141
16.41 0.235455 0.0937234 0.253423
16.42 0.229474 0.1082 0.253704
16.43 0.222601 0.122296 0.253983
16.44 0.21486 0.135957 0.254262
16.45 0.206278 0.149128 0.254538
16.46 0.196886 0.16176 0.254814
16.47 0.186718 0.1738 0.255088
16.48 0.175812 0.185202 0.255361
16.49 0.164207 0.195919 0.255633
16.5 0.151946 0.20591 0.255903
16.51 0.139075 0.215133 0.256172
16.52 0.125643 0.223551 0.25644
16.53 0.111698 0.231131 0.256706
16.54 0.0972938 0.23784 0.256971
16.55 0.0824846 0.243651 0.257235
16.56 0.0673268 0.248539 0.257497
16.57 0.0518772 0.252483 0.257758
16.58 0.0361954 0.255466 0.258017
16.59 0.0203408 0.257473 0.258276
16.6 0.00437465 0.258495 0.258532
16.61 -0.0116426 0.258526 0.258788
16.62 -0.0276482 0.257562 0.259042
16.63 -0.0435812 0.255606 0.259295
16.64 -0.0593795 0.252662 0.259546
16.65 -0.0749819 0.24874 0.259796
16.66 -0.0903277 0.243853 0.260045
16.67 -0.105357 0.238017 0.260292
16.68 -0.120011 0.231252 0.260538
16.69 -0.134232 0.223583 0.260782
16.7 -0.147965 0.215037 0.261026
16.71 -0.161154 0.205645 0.261267
16.72 -0.173749 0.195442 0.261508
16.73 -0.185698 0.184465 0.261746
16.74 -0.196955 0.172756 0.261984
16.75 -0.207473 0.160357 0.26222
16.76 -0.217211 0.147315 0.262455
16.77 -0.226129 0.13368 0.262688
16.78 -0.234192 0.119503 0.26292
16.79 -0.241365 0.104838 0.26315
16.8 -0.24762 0.0897399 0.26338
16.81 -0.252929 0.0742667 0.263607
16.82 -0.257271 0.0584781 0.263834
16.83 -0.260626 0.0424341 0.264058
16.84 -0.26298 0.0261966 0.264282
16.85 -0.264321 0.00982805 0.264504
16.86 -0.264642 -0.00660788 0.264724
16.87 -0.263939 -0.0230482 0.264943
16.88 -0.262213 -0.0394283 0.26516
16.89 -0.259468 -0.0556851 0.265376
16.9 -0.255714 -0.0717545 0.265591
16.91 -0.250963 -0.0875747 0.265804
16.92 -0.245231 -0.103082 0.266015
16.93 -0.238538 -0.118218 0.266225
16.94 -0.230909 -0.13292 0.266434
16.95 -0.222372 -0.147132 0.266641
16.96 -0.212957 -0.160798 0.266846
16.97 -0.2027 -0.173862 0.267049
16.98 -0.19164 -0.186273 0.267251
16.99 -0.179817 -0.197981 0.267452
17 -0.167276 -0.20894 0.267651
17.01 -0.154065 -0.219104 0.267848
17.02 -0.140233 -0.228434 0.268044
17.03 -0.125835 -0.23689 0.268238
17.04 -0.110925 -0.244439 0.26843
17.05 -0.0955596 -0.251048 0.26862
17.06 -0.0797983 -0.256692 0.26881
17.07 -0.0637026 -0.261345 0.268997
17.08 -0.0473339 -0.264988 0.269182
17.09 -0.0307561 -0.267604 0.269366
17.1 -0.0140337 -0.269183 0.269548
17.11 0.00276854 -0.269714 0.269728
17.12 0.0195846 -0.269196 0.269907
17.13 0.0363491 -0.267627 0.270084
17.14 0.0529961 -0.265012 0.270259
17.15 0.0694603 -0.261359 0.270432
17.16 0.0856767 -0.256682 0.270603
17.17 0.101582 -0.250996 0.270773
17.18 0.117112 -0.244323 0.270941
17.19 0.132207 -0.236686 0.271107
17.2 0.146805 -0.228114 0.271271
17.21 0.16085 -0.218639 0.271433
17.22 0.174285 -0.208296 0.271593
17.23 0.187056 -0.197126 0.271751
17.24 0.199112 -0.18517 0.271907
17.25 0.210405 -0.172474 0.272062
17.26 0.220889 -0.159087 0.272215
17.27 0.230521 -0.145061 0.272365
17.28 0.239263 -0.130449 0.272514
17.29 0.247078 -0.115308 0.27266
17.3 0.253935 -0.0996967 0.272805
17.31 0.259805 -0.0836764 0.272947
17.32 0.264663 -0.0673087 0.273088
17.33 0.268489 -0.0506582 0.273226
17.34 0.271267 -0.0337894 0.273363
17.35 0.272983 -0.0167693 0.273497
17.36 0.27363 0.00033612 0.27363
17.37 0.273203 0.0174589 0.27376
17.38 0.271703 0.0345319 0.273888
17.39 0.269133 0.0514875 0.274014
17.4 0.265504 0.0682588 0.274138
17.41 0.260828 0.0847794 0.27426
17.42 0.255121 0.100984 0.27438
17.43 0.248405 0.116807 0.274497
17.44 0.240705 0.132187 0.274613
17.45 0.232051 0.147061 0.274726
17.46 0.222475 0.161371 0.274838
17.47 0.212014 0.17506 0.274947
17.48 0.200708 0.188071 0.275054
17.49 0.188601 0.200354 0.275158
17.5 0.17574 0.211858 0.275261
17.51 0.162175 0.222537 0.275361
17.52 0.147959 0.232348 0.275459
17.53 0.133148 0.241252 0.275555
17.54 0.117799 0.24921 0.275649
17.55 0.101972 0.256192 0.27574
17.56 0.0857306 0.262168 0.27583
17.57 0.0691378 0.267114 0.275917
17.58 0.0522592 0.271009 0.276001
17.59 0.0351616 0.273836 0.276084
17.6 0.0179122 0.275583 0.276164
17.61 0.00058009 0.276242 0.276243
17.62 -0.016767 0.27581 0.276319
17.63 -0.0340592 0.274286 0.276393
17.64 -0.0512288 0.271676 0.276464
17.65 -0.0682062 0.26799 0.276533
17.66 -0.084925 0.26324 0.2766
17.67 -0.101318 0.257445 0.276665
17.68 -0.117319 0.250628 0.276728
17.69 -0.132865 0.242813 0.276787
17.7 -0.147893 0.234032 0.276846
17.71 -0.162344 0.224318 0.276901
17.72 -0.176159 0.21371 0.276955
17.73 -0.189282 0.202249 0.277006
17.74 -0.201661 0.18998 0.277055
17.75 -0.213246 0.17695 0.277101
17.76 -0.22399 0.163212 0.277146
17.77 -0.23385 0.14882 0.277188
17.78 -0.242785 0.133831 0.277228
17.79 -0.25076 0.118303 0.277265
17.8 -0.257741 0.102299 0.2773
17.81 -0.263701 0.0858823 0.277333
17.82 -0.268614 0.0691179 0.277364
17.83 -0.272461 0.0520726 0.277392
17.84 -0.275225 0.0348141 0.277418
17.85 -0.276895 0.0174116 0.277442
17.86 -0.277464 -6.57689e-05 0.277464
17.87 -0.276927 -0.017548 0.277483
17.88 -0.275288 -0.0349652 0.277499
17.89 -0.272552 -0.0522476 0.277514
17.9 -0.268728 -0.0693264 0.277526
17.91 -0.263833 -0.0861322 0.277536
17.92 -0.257884 -0.102599 0.277544
17.93 -0.250905 -0.118659 0.277549
17.94 -0.242925 -0.134249 0.277552
17.95 -0.233973 -0.149305 0.277552
17.96 -0.224086 -0.163768 0.277551
17.97 -0.213302 -0.177578 0.277546
17.98 -0.201666 -0.190681 0.27754
17.99 -0.189222 -0.203023 0.27753
18 -0.176021 -0.214554 0.277519
18.01 -0.162115 -0.225229 0.277505
18.02 -0.14756 -0.235002 0.277489
18.03 -0.132414 -0.243836 0.27747
18.04 -0.116739 -0.251694 0.277449
18.05 -0.100595 -0.258545 0.277425
18.06 -0.08405 -0.264359 0.277399
18.07 -0.0671682 -0.269115 0.277371
18.08 -0.0500186 -0.272792 0.27734
18.09 -0.0326694 -0.275375 0.277306
18.1 -0.0151912 -0.276854 0.27727
18.11 0.00234626 -0.277222 0.277232
18.12 0.0198719 -0.276477 0.277191
18.13 0.0373153 -0.274624 0.277147
18.14 0.054606 -0.271667 0.277101
18.15 0.0716742 -0.267621 0.277053
18.16 0.0884511 -0.2625 0.277001
18.17 0.104869 -0.256325 0.276948
18.18 0.120861 -0.249121 0.276891
18.19 0.136363 -0.240918 0.276833
18.2 0.151312 -0.231747 0.276771
18.21 0.165648 -0.221647 0.276707
18.22 0.179313 -0.210657 0.27664
18.23 0.192251 -0.198824 0.276571
18.24 0.204411 -0.186193 0.276499
18.25 0.215741 -0.172817 0.276424
18.26 0.226199 -0.15875 0.276346
18.27 0.23574 -0.144048 0.276266
18.28 0.244326 -0.128772 0.276184
18.29 0.251922 -0.112983 0.276098
18.3 0.258499 -0.096746 0.27601
18.31 0.264028 -0.0801262 0.275919
18.32 0.268489 -0.0631915 0.275825
18.33 0.271862 -0.0460103 0.275728
18.34 0.274136 -0.0286532 0.275629
18.35 0.2753 -0.0111896 0.275527
18.36 0.275351 0.00630823 0.275423
18.37 0.274288 0.0237704 0.275316
18.38 0.272115 0.0411248 0.275205
18.39 0.268844 0.0583018 0.275093
18.4 0.264485 0.0752309 0.274977
18.41 0.25906 0.0918438 0.274858
18.42 0.252588 0.108073 0.274737
18.43 0.245098 0.123852 0.274613
18.44 0.236621 0.139117 0.274486
18.45 0.227191 0.153806 0.274357
18.46 0.216847 0.167859 0.274225
18.47 0.205632 0.181221 0.27409
18.48 0.193591 0.193835 0.273952
18.49 0.180776 0.205652 0.273811
18.5 0.167238 0.216624 0.273668
18.51 0.153033 0.226705 0.273522
18.52 0.138219 0.235857 0.273373
18.53 0.122858 0.244041 0.273222
18.54 0.107012 0.251225 0.273067
18.55 0.0907469 0.257381 0.27291
18.56 0.074129 0.262484 0.27275
18.57 0.0572266 0.266513 0.272588
18.58 0.0401092 0.269454 0.272423
18.59 0.0228467 0.271294 0.272254
18.6 0.00551017 0.272028 0.272084
18.61 -0.0118296 0.271653 0.27191
18.62 -0.0291014 0.270171 0.271734
18.63 -0.0462349 0.26759 0.271555
18.64 -0.0631593 0.263921 0.271373
18.65 -0.0798064 0.25918 0.271189
18.66 -0.0961071 0.253388 0.271002
18.67 -0.111996 0.246569 0.270812
18.68 -0.127407 0.238752 0.27062
18.69 -0.142279 0.22997 0.270425
18.7 -0.15655 0.22026 0.270227
18.71 -0.170163 0.209663 0.270026
18.72 -0.183062 0.198224 0.269823
18.73 -0.195195 0.18599 0.269617
18.74 -0.206513 0.173012 0.269408
18.75 -0.21697 0.159345 0.269197
18.76 -0.226525 0.145045 0.268983
18.77 -0.235139 0.130173 0.268766
18.78 -0.242777 0.114789 0.268547
18.79 -0.24941 0.0989579 0.268324
18.8 -0.255011 0.0827451 0.2681
18.81 -0.259558 0.0662185 0.267872
18.82 -0.263035 0.0494458 0.267642
18.83 -0.265427 0.0324969 0.267409
18.84 -0.266727 0.0154417 0.267174
18.85 -0.26693 -0.00164935 0.266935
18.86 -0.266038 -0.0187057 0.266695
18.87 -0.264054 -0.0356569 0.266451
18.88 -0.26099 -0.0524331 0.266205
18.89 -0.256858 -0.0689655 0.265956
18.9 -0.251678 -0.0851859 0.265704
18.91 -0.245473 -0.101028 0.265449
18.92 -0.238269 -0.116426 0.265193
18.93 -0.230097 -0.131319 0.264933
18.94 -0.220994 -0.145643 0.26467
18.95 -0.210998 -0.159343 0.264405
18.96 -0.200151 -0.17236 0.264137
18.97 -0.188501 -0.184643 0.263867
18.98 -0.176095 -0.196142 0.263593
18.99 -0.162988 -0.206811 0.263317
19 -0.149234 -0.216606 0.263038
19.01 -0.134892 -0.225489 0.262757
19.02 -0.120022 -0.233423 0.262472
19.03 -0.104687 -0.240379 0.262185
19.04 -0.0889497 -0.246327 0.261895
19.05 -0.0728783 -0.251246 0.261603
19.06 -0.056539 -0.255117 0.261307
19.07 -0.040001 -0.257926 0.261009
19.08 -0.0233322 -0.259662 0.260708
19.09 -0.00660342 -0.26032 0.260404
19.1 0.0101166 -0.259901 0.260097
19.11 0.0267577 -0.258406 0.259788
19.12 0.0432509 -0.255845 0.259476
19.13 0.0595281 -0.252231 0.25916
19.14 0.0755213 -0.24758 0.258842
19.15 0.091165 -0.241914 0.258521
19.16 0.106394 -0.235258 0.258198
19.17 0.121147 -0.227642 0.257871
19.18 0.135361 -0.219101 0.257542
19.19 0.14898 -0.20967 0.257209
19.2 0.161947 -0.199393 0.256874
19.21 0.17421 -0.188312 0.256536
19.22 0.185719 -0.176477 0.256195
19.23 0.196428 -0.163939 0.255851
19.24 0.206293 -0.150751 0.255504
19.25 0.215275 -0.13697 0.255155
19.26 0.223338 -0.122655 0.254802
19.27 0.230451 -0.107867 0.254447
19.28 0.236587 -0.0926696 0.254088
19.29 0.241721 -0.0771271 0.253727
19.3 0.245834 -0.0613051 0.253363
19.31 0.248913 -0.045271 0.252996
19.32 0.250946 -0.0290921 0.252626
19.33 0.251927 -0.0128374 0.252253
19.34 0.251855 0.00342556 0.251878
19.35 0.250732 0.0196278 0.251499
19.36 0.248567 0.0357022 0.251118
19.37 0.245371 0.0515805 0.250734
19.38 0.24116 0.0671979 0.250347
19.39 0.235954 0.0824881 0.249957
19.4 0.229778 0.0973886 0.249564
19.41 0.22266 0.111837 0.249169
19.42 0.214633 0.125775 0.24877
19.43 0.205733 0.139144 0.248369
19.44 0.196001 0.15189 0.247965
19.45 0.185478 0.16396 0.247558
19.46 0.174213 0.175307 0.247149
19.47 0.162253 0.185884 0.246737
19.48 0.149653 0.195648 0.246322
19.49 0.136466 0.204562 0.245904
19.5 0.12275 0.212589 0.245483
19.51 0.108565 0.2197 0.24506
19.52 0.0939716 0.225865 0.244634
19.53 0.0790325 0.231063 0.244205
19.54 0.0638122 0.235273 0.243773
19.55 0.0483758 0.238482 0.243339
19.56 0.0327888 0.240678 0.242902
19.57 0.0171185 0.241857 0.242462
19.58 0.00143023 0.242015 0.24202
19.59 -0.0142087 0.241156 0.241575
19.6 -0.0297328 0.239286 0.241127
19.61 -0.0450763 0.236417 0.240676
19.62 -0.0601755 0.232564 0.240223
19.63 -0.0749663 0.227746 0.239767
19.64 -0.0893881 0.221987 0.239309
19.65 -0.10338 0.215315 0.238847
19.66 -0.116885 0.207761 0.238384
19.67 -0.129847 0.19936 0.237917
19.68 -0.142213 0.19015 0.237448
19.69 -0.153932 0.180174 0.236976
19.7 -0.164958 0.169476 0.236502
19.71 -0.175245 0.158105 0.236025
19.72 -0.184752 0.14611 0.235546
19.73 -0.193443 0.133546 0.235063
19.74 -0.201283 0.120468 0.234579
19.75 -0.208241 0.106932 0.234091
19.76 -0.214291 0.0929994 0.233601
19.77 -0.219411 0.0787295 0.233109
19.78 -0.223583 0.064185 0.232613
19.79 -0.226792 0.0494285 0.232116
19.8 -0.229027 0.0345239 0.231615
19.81 -0.230285 0.0195352 0.231112
19.82 -0.230562 0.00452656 0.230606
19.83 -0.229861 -0.0104376 0.230098
19.84 -0.22819 -0.0252942 0.229587
19.85 -0.225558 -0.0399794 0.229074
19.86 -0.221982 -0.0544323 0.228558
19.87 -0.217479 -0.0685907 0.228039
19.88 -0.212074 -0.0823964 0.227518
19.89 -0.205792 -0.0957913 0.226994
19.9 -0.198665 -0.10872 0.226468
19.91 -0.190726 -0.121129 0.225939
19.92 -0.182012 -0.132967 0.225408
19.93 -0.172564 -0.144186 0.224873
19.94 -0.162426 -0.154741 0.224337
19.95 -0.151644 -0.164588 0.223797
19.96 -0.140268 -0.17369 0.223256
19.97 -0.128347 -0.182009 0.222711
19.98 -0.115936 -0.189515 0.222164
19.99 -0.10309 -0.196177 0.221615
20 -0.0898668 -0.201972 0.221063
20.01 -0.0763239 -0.206878 0.220508
20.02 -0.0625219 -0.210877 0.219951
20.03 -0.0485206 -0.213958 0.219391
20.04 -0.0343816 -0.216111 0.218828
20.05 -0.0201657 -0.21733 0.218263
20.06 -0.00593545 -0.217615 0.217696
20.07 0.00824871 -0.216969 0.217126
20.08 0.0223252 -0.215399 0.216553
20.09 0.0362343 -0.212916 0.215978
20.1 0.0499167 -0.209536 0.2154
20.11 0.0633142 -0.205277 0.214819
20.12 0.076371 -0.200162 0.214236
20.13 0.0890316 -0.194217 0.213651
20.14 0.101244 -0.187471 0.213063
20.15 0.112957 -0.179959 0.212472
20.16 0.124123 -0.171716 0.211879
20.17 0.134696 -0.162781 0.211284
20.18 0.144634 -0.153198 0.210686
20.19 0.153896 -0.14301 0.210085
20.2 0.162447 -0.132264 0.209482
20.21 0.170252 -0.121011 0.208877
20.22 0.177282 -0.109302 0.208269
20.23 0.183511 -0.0971894 0.207658
20.24 0.188915 -0.0847285 0.207046
20.25 0.193476 -0.0719746 0.20643
20.26 0.197179 -0.0589856 0.205813
20.27 0.200012 -0.045818 0.205193
20.28 0.201967 -0.0325311 0.20457
20.29 0.203041 -0.0191823 0.203945
20.3 0.203234 -0.00583099 0.203318
20.31 0.202551 0.00746561 0.202688
20.32 0.200998 0.0206495 0.202056
20.33 0.198589 0.0336642 0.201422
20.34 0.195338 0.0464537 0.200785
20.35 0.191264 0.0589641 0.200147
20.36 0.18639 0.0711421 0.199505
20.37 0.180742 0.0829368 0.198862
20.38 0.174349 0.094299 0.198216
20.39 0.167243 0.105182 0.197569
20.4 0.15946 0.11554 0.196919
20.41 0.151037 0.125333 0.196267
20.42 0.142016 0.13452 0.195613
20.43 0.13244 0.143065 0.194956
20.44 0.122352 0.150935 0.194298
20.45 0.111802 0.158099 0.193637
20.46 0.100838 0.164532 0.192974
20.47 0.0895104 0.170208 0.192309
20.48 0.0778712 0.175108 0.191643
20.49 0.0659732 0.179216 0.190974
20.5 0.0538705 0.182519 0.190303
20.51 0.0416169 0.185007 0.18963
20.52 0.0292679 0.186675 0.188955
20.53 0.0168772 0.18752 0.188278
20.54 0.00450079 0.187546 0.1876
20.55 -0.00780852 0.186756 0.186919
20.56 -0.019996 0.18516 0.186236
20.57 -0.0320097 0.18277 0.185552
20.58 -0.0437974 0.179602 0.184865
20.59 -0.0553095 0.175676 0.184177
20.6 -0.0664967 0.171014 0.183487
20.61 -0.0773124 0.165641 0.182795
20.62 -0.0877113 0.159586 0.182102
20.63 -0.0976508 0.152881 0.181406
20.64 -0.10709 0.145559 0.180709
20.65 -0.115991 0.137658 0.18001
20.66 -0.124319 0.129215 0.179309
20.67 -0.132041 0.120273 0.178607
20.68 -0.139127 0.110874 0.177903
20.69 -0.14555 0.101064 0.177197
20.7 -0.151287 0.0908883 0.17649
20.71 -0.156318 0.0803946 0.17578
20.72 -0.160626 0.0696318 0.17507
20.73 -0.164197 0.0586497 0.174357
20.74 -0.16702 0.0474983 0.173643
20.75 -0.16909 0.0362281 0.172927
20.76 -0.170402 0.0248906 0.17221
20.77 -0.170956 0.0135358 0.171491
20.78 -0.170756 0.00221465 0.170771
20.79 -0.169809 -0.00902326 0.170048
20.8 -0.168124 -0.0201281 0.169325
20.81 -0.165716 -0.0310525 0.1686
20.82 -0.162599 -0.0417481 0.167873
20.83 -0.158794 -0.0521707 0.167145
20.84 -0.154324 -0.0622746 0.166415
20.85 -0.149213 -0.0720186 0.165684
20.86 -0.14349 -0.0813616 0.164951
20.87 -0.137184 -0.0902655 0.164218
20.88 -0.130329 -0.0986942 0.163482
20.89 -0.122961 -0.106614 0.162745
20.9 -0.115115 -0.113994 0.162007
20.91 -0.106832 -0.120805 0.161267
20.92 -0.0981516 -0.127023 0.160526
20.93 -0.0891163 -0.132623 0.159783
20.94 -0.0797693 -0.137588 0.15904
20.95 -0.0701556 -0.141899 0.158294
20.96 -0.0603198 -0.145544 0.157548
20.97 -0.0503088 -0.14851 0.1568
20.98 -0.0401683 -0.150793 0.156052
20.99 -0.029945 -0.152387 0.155301
21 -0.0196861 -0.153291 0.15455
21.01 -0.00943695 -0.153508 0.153798
21.02 0.000755646 -0.153042 0.153044
21.03 0.0108471 -0.151902 0.152289
21.04 0.0207922 -0.1501 0.151533
21.05 0.0305485 -0.147649 0.150776
21.06 0.040073 -0.144567 0.150018
21.07 0.0493257 -0.140873 0.149259
21.08 0.0582669 -0.13659 0.148499
21.09 0.06686 -0.131743 0.147738
21.1 0.0750687 -0.126359 0.146976
21.11 0.0828608 -0.120468 0.146214
21.12 0.0902039 -0.1141 0.14545
21.13 0.0970705 -0.10729 0.144685
21.14 0.103434 -0.100072 0.14392
21.15 0.109269 -0.0924839 0.143154
21.16 0.114557 -0.0845624 0.142387
21.17 0.119278 -0.0763475 0.14162
21.18 0.123416 -0.0678787 0.140851
21.19 0.12696 -0.0591977 0.140083
21.2 0.129898 -0.0503452 0.139313
21.21 0.132224 -0.0413638 0.138543
21.22 0.133934 -0.0322949 0.137773
21.23 0.135026 -0.0231812 0.137002
21.24 0.135503 -0.0140639 0.136231
21.25 0.135367 -0.00498481 0.135459
21.26 0.134627 0.00401547 0.134687
21.27 0.133291 0.0128967 0.133914
21.28 0.131374 0.0216195 0.133141
21.29 0.128889 0.0301468 0.132368
21.3 0.125854 0.0384408 0.131594
21.31 0.12229 0.0464672 0.130821
21.32 0.118218 0.0541917 0.130047
21.33 0.113662 0.0615832 0.129273
21.34 0.108648 0.0686109 0.128499
21.35 0.103206 0.0752475 0.127725
21.36 0.0973632 0.0814666 0.12695
21.37 0.0911525 0.0872453 0.126177
21.38 0.0846057 0.0925613 0.125402
21.39 0.0777573 0.0973966 0.124629
21.4 0.0706412 0.101734 0.123855
21.41 0.063294 0.10556 0.123081
21.42 0.0557511 0.108862 0.122307
21.43 0.0480506 0.111632 0.121534
21.44 0.0402284 0.113864 0.120761
21.45 0.0323228 0.115553 0.119988
21.46 0.0243705 0.116699 0.119216
21.47 0.0164089 0.117302 0.118444
21.48 0.00847428 0.117367 0.117673
21.49 0.00060318 0.1169 0.116901
21.5 -0.00716912 0.115909 0.116131
21.51 -0.014808 0.114406 0.11536
21.52 -0.0222801 0.112404 0.114591
21.53 -0.029553 0.109918 0.113822
21.54 -0.0365955 0.106966 0.113053
21.55 -0.0433785 0.103567 0.112285
21.56 -0.0498733 0.0997439 0.111518
21.57 -0.0560544 0.0955179 0.110751
21.58 -0.0618962 0.0909147 0.109985
21.59 -0.0673774 0.0859606 0.10922
21.6 -0.0724762 0.0806825 0.108455
21.61 -0.0771748 0.0751098 0.107691
21.62 -0.0814561 0.0692716 0.106928
21.63 -0.0853064 0.0631989 0.106166
21.64 -0.0887131 0.0569227 0.105405
21.65 -0.0916666 0.0504754 0.104645
21.66 -0.0941591 0.0438885 0.103885
21.67 -0.0961855 0.0371955 0.103127
21.68 -0.0977427 0.030428 0.102369
21.69 -0.0988298 0.0236195 0.101613
21.7 -0.0994483 0.0168013 0.100858
21.71 -0.0996018 0.0100065 0.100103
21.72 -0.0992966 0.00326517 0.0993503
21.73 -0.0985395 -0.00339088 0.0985978
21.74 -0.0973419 -0.00993215 0.0978473
21.75 -0.0957143 -0.0163299 0.0970973
21.76 -0.0936716 -0.0225559 0.096349
21.77 -0.0912286 -0.0285837 0.0956017
21.78 -0.0884031 -0.0343877 0.0948558
21.79 -0.0852136 -0.0399442 0.0941111
21.8 -0.0816809 -0.0452305 0.0933679
21.81 -0.077826 -0.0502262 0.0926259
21.82 -0.0736727 -0.0549114 0.0918854
21.83 -0.0692444 -0.0592698 0.0911466
21.84 -0.0645665 -0.0632848 0.0904091
21.85 -0.0596645 -0.0669437 0.0896733
21.86 -0.0545651 -0.0702335 0.0889387
21.87 -0.0492957 -0.0731458 0.0882064
21.88 -0.0438829 -0.0756715 0.0874751
21.89 -0.0383559 -0.0778054 0.086746
21.9 -0.0327413 -0.0795434 0.0860183
21.91 -0.0270679 -0.0808836 0.0852926
21.92 -0.0213629 -0.0818259 0.0845686
21.93 -0.0156544 -0.0823722 0.0838465
21.94 -0.00996893 -0.0825263 0.0831262
21.95 -0.0043338 -0.082294 0.0824081
21.96 0.00122603 -0.0816827 0.0816919
21.97 0.00668432 -0.0807011 0.0809775
21.98 0.0120178 -0.0793608 0.0802656
21.99 0.0172025 -0.0776732 0.0795553
22 0.0222167 -0.075653 0.0788477
22.01 0.027039 -0.0733144 0.0781416
22.02 0.0316499 -0.0706753 0.0774384
22.03 0.0360312 -0.0677519 0.076737
22.04 0.0401653 -0.0645643 0.0760381
22.05 0.0440374 -0.0611314 0.0753415
22.06 0.0476332 -0.0574743 0.0746473
22.07 0.0509405 -0.0536143 0.0739556
22.08 0.0539483 -0.0495733 0.0732662
22.09 0.0566478 -0.0453738 0.0725793
22.1 0.0590311 -0.0410391 0.0718949
22.11 0.0610932 -0.036592 0.0712134
22.12 0.0628288 -0.0320558 0.070534
22.13 0.0642367 -0.0274544 0.0698577
22.14 0.0653152 -0.0228103 0.0691837
22.15 0.0660657 -0.0181474 0.0685128
22.16 0.0664899 -0.0134876 0.0678442
22.17 0.0665924 -0.00885443 0.0671785
22.18 0.0663787 -0.00426836 0.0665158
22.19 0.0658552 0.000248158 0.0658556
22.2 0.0650308 0.00467557 0.0651987
22.21 0.0639147 0.00899363 0.0645443
22.22 0.0625182 0.0131838 0.0638932
22.23 0.0608529 0.0172282 0.0632447
22.24 0.0589326 0.0211102 0.0625995
22.25 0.0567708 0.0248137 0.0619568
22.26 0.0543836 0.0283247 0.0613178
22.27 0.0517858 0.0316297 0.0606812
22.28 0.0489953 0.0347166 0.0600481
22.29 0.0460284 0.0375749 0.0594179
22.3 0.0429039 0.0401949 0.0587909
22.31 0.0396393 0.0425692 0.0581671
22.32 0.0362541 0.0446901 0.0575462
22.33 0.0327668 0.0465537 0.056929
22.34 0.0291964 0.0481548 0.0563145
22.35 0.0255624 0.049492 0.0557036
22.36 0.0218834 0.0505634 0.0550958
22.37 0.0181786 0.0513697 0.0544914
22.38 0.0144666 0.0519121 0.0538901
22.39 0.0107658 0.0521938 0.0532925
22.4 0.00709381 0.052218 0.0526977
22.41 0.00346879 0.0519911 0.0521067
22.42 -9.34727e-05 0.0515189 0.051519
22.43 -0.00357575 0.0508089 0.0509345
22.44 -0.00696357 0.0498698 0.0503536
22.45 -0.0102413 0.0487111 0.049776
22.46 -0.013396 0.0473434 0.0492021
22.47 -0.0164141 0.0457774 0.0486312
22.48 -0.0192841 0.0440261 0.0480643
22.49 -0.0219948 0.0421013 0.0475004
22.5 -0.0245363 0.0400171 0.0469403
22.51 -0.0268999 0.0377867 0.0463836
22.52 -0.0290776 0.0354249 0.0458304
22.53 -0.0310627 0.032946 0.0452806
22.54 -0.0328499 0.0303657 0.0447347
22.55 -0.0344347 0.027698 0.0441919
22.56 -0.0358134 0.0249595 0.0436529
22.57 -0.0369848 0.0221645 0.0431177
22.58 -0.0379466 0.0193287 0.0425858
22.59 -0.0387 0.0164671 0.0420578
22.6 -0.0392451 0.0135947 0.041533
22.61 -0.0395849 0.0107263 0.0410124
22.62 -0.0397217 0.00787566 0.0404949
22.63 -0.0396604 0.00505746 0.0399816
22.64 -0.0394054 0.00228431 0.0394716
22.65 -0.038963 -0.000430168 0.0389654
22.66 -0.0383399 -0.00307435 0.038463
22.67 -0.0375435 -0.00563616 0.0379642
22.68 -0.036582 -0.00810497 0.0374691
22.69 -0.0354645 -0.0104699 0.0369777
22.7 -0.0342005 -0.0127228 0.0364903
22.71 -0.0327997 -0.0148536 0.0360062
22.72 -0.0312733 -0.0168556 0.0355265
22.73 -0.0296313 -0.0187214 0.03505
22.74 -0.0278858 -0.020445 0.0345777
22.75 -0.0260475 -0.0220213 0.0341088
22.76 -0.0241291 -0.0234458 0.033644
22.77 -0.0221416 -0.0247154 0.0331828
22.78 -0.0200975 -0.0258273 0.0327255
22.79 -0.0180083 -0.0267805 0.0322722
22.8 -0.0158862 -0.0275735 0.0318225
22.81 -0.0137428 -0.0282071 0.0313768
22.82 -0.0115896 -0.0286818 0.0309349
22.83 -0.00943782 -0.0289998 0.0304969
22.84 -0.00729895 -0.0291631 0.0300626
22.85 -0.00518317 -0.0291759 0.0296327
22.86 -0.00310073 -0.029041 0.0292061
22.87 -0.00106196 -0.0287643 0.0287839
22.88 0.000924593 -0.0283501 0.0283652
22.89 0.00284922 -0.027805 0.0279506
22.9 0.00470465 -0.027135 0.0275399
22.91 0.00648216 -0.0263472 0.0271329
22.92 0.00817562 -0.0254491 0.0267301
22.93 0.00977785 -0.0244481 0.0263309
22.94 0.0112838 -0.0233527 0.025936
22.95 0.0126879 -0.0221707 0.0255446
22.96 0.0139859 -0.0209114 0.0251573
22.97 0.015174 -0.0195829 0.0247738
22.98 0.0162494 -0.0181946 0.0243944
22.99 0.0172091 -0.016755 0.0240184
23 0.0180522 -0.0152738 0.0236468
23.01 0.0187773 -0.0137591 0.0232787
23.02 0.0193839 -0.0122206 0.0229146
23.03 0.0198729 -0.0106664 0.0225545
23.04 0.0202443 -0.00910577 0.0221979
23.05 0.0205006 -0.00754658 0.0218455
23.06 0.020643 -0.00599725 0.0214966
23.07 0.020675 -0.00446563 0.0211518
23.08 0.020599 -0.00295916 0.0208105
23.09 0.0204194 -0.00148519 0.0204734
23.1 0.0201397 -5.02153e-05 0.0201398
23.11 0.0197647 0.00133897 0.01981
23.12 0.0192991 0.00267666 0.0194839
23.13 0.0187488 0.00395722 0.0191618
23.14 0.0181183 0.00517587 0.0188431
23.15 0.0174144 0.0063274 0.0185283
23.16 0.0166427 0.00740873 0.0182172
23.17 0.0158094 0.00841531 0.0179096
23.18 0.0149212 0.00934502 0.017606
23.19 0.0139841 0.0101945 0.0173056
23.2 0.0130053 0.0109624 0.0170092
23.21 0.0119908 0.0116468 0.0167161
23.22 0.0109478 0.012247 0.0164269
23.23 0.00988214 0.0127622 0.0161409
23.24 0.00880099 0.0131925 0.0158587
23.25 0.00771011 0.0135385 0.01558
23.26 0.0066161 0.0138007 0.0153047
23.27 0.0055247 0.0139808 0.0150328
23.28 0.00444234 0.0140803 0.0147644
23.29 0.00337373 0.0141016 0.0144996
23.3 0.0023251 0.0140467 0.0142378
23.31 0.00130093 0.0139193 0.01398
23.32 0.000306104 0.0137215 0.0137249
23.33 -0.00065461 0.0134579 0.0134738
23.34 -0.00157767 0.0131311 0.0132256
23.35 -0.00245865 0.0127458 0.0129808
23.36 -0.0032947 0.0123059 0.0127393
23.37 -0.0040823 0.0118158 0.0125011
23.38 -0.00481936 0.0112797 0.0122661
23.39 -0.00550288 0.0107024 0.0120342
23.4 -0.00613154 0.0100886 0.0118058
23.41 -0.00670337 0.00944282 0.0115802
23.42 -0.00721759 0.00876989 0.011358
23.43 -0.00767282 0.00807456 0.0111387
23.44 -0.00806947 0.00736167 0.0109229
23.45 -0.00840666 0.00663536 0.0107098
23.46 -0.00868515 0.00590092 0.0105001
23.47 -0.00890539 0.00516177 0.0102932
23.48 -0.00906804 0.00442339 0.0100894
23.49 -0.00917481 0.00368894 0.00988865
23.5 -0.0092266 0.00296298 0.00969069
23.51 -0.00922568 0.00224911 0.00949588
23.52 -0.00917362 0.00155112 0.00930383
23.53 -0.00907315 0.000872053 0.00911496
23.54 -0.00892603 0.000215198 0.00892863
23.55 -0.00873552 -0.000416429 0.00874544
23.56 -0.00850394 -0.00102036 0.00856494
23.57 -0.0082346 -0.00159421 0.0083875
23.58 -0.00792995 -0.0021358 0.00821253
23.59 -0.00759388 -0.00264325 0.00804075
23.6 -0.00722879 -0.00311533 0.00787151
23.61 -0.00683843 -0.00355009 0.00770502
23.62 -0.00642581 -0.00394747 0.00754146
23.63 -0.00599414 -0.00430551 0.00738019
23.64 -0.00554703 -0.00462463 0.00722196
23.65 -0.00508722 -0.00490413 0.00706614
23.66 -0.00461826 -0.00514419 0.0069131
23.67 -0.00414297 -0.00534479 0.00676247
23.68 -0.00366471 -0.00550675 0.00661471
23.69 -0.00318585 -0.00563044 0.00646927
23.7 -0.0027097 -0.00571677 0.00632645
23.71 -0.00223859 -0.00576674 0.006186
23.72 -0.00177541 -0.00578174 0.00604819
23.73 -0.00132196 -0.00576296 0.00591264
23.74 -0.000881222 -0.00571204 0.00577961
23.75 -0.00045454 -0.00563075 0.00564907
23.76 -4.44052e-05 -0.00552034 0.00552052
23.77 0.000347892 -0.00538363 0.00539485
23.78 0.00072067 -0.00522148 0.00527097
23.79 0.00107233 -0.00503676 0.00514965
23.8 0.00140211 -0.00483122 0.00503056
23.81 0.00170878 -0.00460711 0.00491379
23.82 0.00199169 -0.00436631 0.00479911
23.83 0.00224994 -0.00411131 0.00468669
23.84 0.00248349 -0.00384394 0.00457641
23.85 0.00269168 -0.00356654 0.00446825
23.86 0.00287465 -0.00328103 0.00436219
23.87 0.00303206 -0.00298972 0.00425815
23.88 0.0031647 -0.00269435 0.0041563
23.89 0.00327223 -0.00239701 0.00405625
23.9 0.00335578 -0.00209965 0.00395851
23.91 0.00341526 -0.00180355 0.00386223
23.92 0.00345197 -0.00151134 0.00376832
23.93 0.00346651 -0.00122363 0.00367613
23.94 0.0034596 -0.000942642 0.00358572
23.95 0.0034326 -0.000669454 0.00349727
23.96 0.00338641 -0.000405487 0.0034106
23.97 0.00332232 -0.000151659 0.00332578
23.98 0.00324126 9.05402e-05 0.00324252
23.99 0.00314487 0.000320553 0.00316116
24 0.00303412 0.000537239 0.00308132
24.01 0.00291073 0.000740116 0.00300335
24.02 0.00277558 0.000928393 0.00292673
24.03 0.00263062 0.00110178 0.00285204
24.04 0.00247669 0.00125988 0.00277872
24.05 0.00231571 0.00140224 0.00270717
24.06 0.00214833 0.00152926 0.00263704
24.07 0.00197647 0.00164001 0.00256828
24.08 0.00180129 0.00173553 0.00250134
24.09 0.00162375 0.00181533 0.00243557
24.1 0.00144545 0.00187992 0.00237138
24.11 0.00126729 0.00192954 0.0023085
24.12 0.00109058 0.00196483 0.0022472
24.13 0.000916094 0.00198587 0.00218699
24.14 0.0007451 0.0019936 0.00212829
24.15 0.000578297 0.00198836 0.00207074
24.16 0.000416881 0.00197107 0.00201467
24.17 0.000261141 0.00194226 0.00195973
24.18 0.000112223 0.00190281 0.00190611
24.19 -2.96889e-05 0.00185348 0.00185371
24.2 -0.000163488 0.00179492 0.00180235
24.21 -0.000289416 0.00172845 0.00175251
24.22 -0.000406494 0.00165413 0.00170334
24.23 -0.000514507 0.00157368 0.00165566
24.24 -0.000613478 0.00148746 0.001609
24.25 -0.00070295 0.00139645 0.00156339
24.26 -0.000783056 0.00130143 0.00151885
24.27 -0.000853591 0.0012035 0.00147547
24.28 -0.000914707 0.00110307 0.00143299
24.29 -0.000966434 0.00100132 0.00139163
24.3 -0.00100908 0.000898698 0.00135126
24.31 -0.00104256 0.000796202 0.00131182
24.32 -0.00106757 0.000694298 0.00127348
24.33 -0.00108406 0.000593712 0.001236
24.34 -0.00109275 0.000495022 0.00119964
24.35 -0.00109342 0.000398695 0.00116384
24.36 -0.00108719 0.000305639 0.00112934
24.37 -0.00107403 0.000215602 0.00109546
24.38 -0.0010545 0.00012972 0.00106245
24.39 -0.00102933 4.79789e-05 0.00103045
24.4 -0.000998735 -2.92729e-05 0.000999164
24.41 -0.00096343 -0.000101827 0.000968796
24.42 -0.000923837 -0.000169233 0.00093921
24.43 -0.000880397 -0.000231642 0.00091036
24.44 -0.000833739 -0.000288596 0.000882275
24.45 -0.000784445 -0.000340393 0.000855115
24.46 -0.000732707 -0.00038664 0.000828462
24.47 -0.000679384 -0.000427558 0.000802726
24.48 -0.000624591 -0.000463093 0.00077754
24.49 -0.000569175 -0.000493385 0.000753252
24.5 -0.000512965 -0.000518558 0.000729408
24.51 -0.000457085 -0.00053839 0.000706251
24.52 -0.000401475 -0.000553722 0.000683952
24.53 -0.000346565 -0.000564151 0.000662098
24.54 -0.00029288 -0.000570165 0.000640988
24.55 -0.000240412 -0.000571913 0.000620389
24.56 -0.000189633 -0.000569792 0.00060052
24.57 -0.000140781 -0.000563792 0.000581103
24.58 -9.39344e-05 -0.000554471 0.000562372
24.59 -4.94256e-05 -0.000541746 0.000543996
24.6 -7.54633e-06 -0.000526336 0.000526391
24.61 3.19624e-05 -0.000508206 0.00050921
24.62 6.85669e-05 -0.000487725 0.000492522
24.63 0.000102549 -0.000465186 0.000476355
24.64 0.000133414 -0.000440897 0.000460641
24.65 0.000161679 -0.00041522 0.000445587
24.66 0.000186737 -0.000388008 0.000430605
24.67 0.000208974 -0.000360164 0.000416399
24.68 0.000228429 -0.000331456 0.000402546
24.69 0.000244876 -0.000302343 0.00038907
24.7 0.000258711 -0.000272905 0.000376043
24.71 0.000269773 -0.000243538 0.000363439
24.72 0.0002781 -0.000214273 0.000351073
24.73 0.000284007 -0.000185533 0.000339237
24.74 0.000287493 -0.000157151 0.000327641
24.75 0.00028855 -0.000129703 0.000316361
24.76 0.000287722 -0.000103132 0.000305647
24.77 0.000284706 -7.75311e-05 0.000295074
24.78 0.000279996 -5.30587e-05 0.000284979
24.79 0.00027337 -2.98477e-05 0.000274995
24.8 0.000265468 -8.11491e-06 0.000265592
24.81 0.000255975 1.24857e-05 0.000256279
24.82 0.000245318 3.13886e-05 0.000247318
24.83 0.000233711 4.8908e-05 0.000238774
24.84 0.000220983 6.48128e-05 0.000230291
24.85 0.000207608 7.92676e-05 0.000222226
24.86 0.000193581 9.21186e-05 0.000214381
24.87 0.000178939 0.000103434 0.000206683
24.88 0.000164123 0.000113067 0.000199299
24.89 0.000149107 0.000121387 0.00019227
24.9 0.000133843 0.000128113 0.000185275
24.91 0.00011885 0.000133385 0.000178653
24.92 0.000103806 0.000137317 0.000172139
24.93 8.91334e-05 0.000139974 0.000165944
24.94 7.463e-05 0.000141371 0.000159861
24.95 6.07968e-05 0.000141411 0.000153927
24.96 4.73336e-05 0.000140543 0.000148299
24.97 3.44696e-05 0.000138513 0.000142737
24.98 2.23761e-05 0.000135635 0.000137468
24.99 1.0808e-05 0.000131802 0.000132244
25 9.79124e-08 0.000127254 0.000127254
25.01 -9.7744e-06 0.00012204 0.000122431
25.02 -1.9001e-05 0.000116248 0.00011779
25.03 -2.72182e-05 0.000109808 0.000113131
25.04 -3.46062e-05 0.000103166 0.000108816
25.05 -4.13804e-05 9.61428e-05 0.00010467
25.06 -4.7099e-05 8.88673e-05 0.000100577
25.07 -5.21676e-05 8.1386e-05 9.66703e-05
25.08 -5.63043e-05 7.38411e-05 9.28584e-05
25.09 -5.98116e-05 6.63102e-05 8.92999e-05
25.1 -6.23748e-05 5.86608e-05 8.56254e-05
25.11 -6.43296e-05 5.12607e-05 8.22554e-05
25.12 -6.56365e-05 4.39274e-05 7.89795e-05
25.13 -6.61915e-05 3.69088e-05 7.57864e-05
25.14 -6.62838e-05 3.00183e-05 7.27643e-05
25.15 -6.57337e-05 2.3428e-05 6.97839e-05
25.16 -6.45913e-05 1.7208e-05 6.68442e-05
25.17 -6.32079e-05 1.13898e-05 6.42259e-05
25.18 -6.12557e-05 5.7972e-06 6.15295e-05
25.19 -5.88913e-05 7.54817e-07 5.88961e-05
25.2 -5.64582e-05 -3.92815e-06 5.65947e-05
25.21 -5.34896e-05 -8.19185e-06 5.41133e-05
25.22 -5.04355e-05 -1.20846e-05 5.18631e-05
25.23 -4.70846e-05 -1.55465e-05 4.95848e-05
25.24 -4.37612e-05 -1.84623e-05 4.74963e-05
25.25 -4.02356e-05 -2.10924e-05 4.5429e-05
25.26 -3.67221e-05 -2.32233e-05 4.34492e-05
25.27 -3.32352e-05 -2.50754e-05 4.16335e-05
25.28 -2.96586e-05 -2.64337e-05 3.97287e-05
25.29 -2.62495e-05 -2.75604e-05 3.80606e-05
25.3 -2.28433e-05 -2.83808e-05 3.64319e-05
25.31 -1.94356e-05 -2.88487e-05 3.47849e-05
25.32 -1.63683e-05 -2.89656e-05 3.32705e-05
25.33 -1.33147e-05 -2.89606e-05 3.18747e-05
25.34 -1.02652e-05 -2.86598e-05 3.04427e-05
25.35 -7.64768e-06 -2.81643e-05 2.91842e-05
25.36 -4.96527e-06 -2.74549e-05 2.79003e-05
25.37 -2.60017e-06 -2.65764e-05 2.67033e-05
25.38 -3.37038e-07 -2.56045e-05 2.56067e-05
25.39 1.64575e-06 -2.43742e-05 2.44297e-05
25.4 3.49074e-06 -2.31365e-05 2.33984e-05
25.41 5.16258e-06 -2.1775e-05 2.23787e-05
25.42 6.63695e-06 -2.04647e-05 2.1514e-05
25.43 8.02128e-06 -1.89619e-05 2.05887e-05
25.44 9.09444e-06 -1.74484e-05 1.96763e-05
25.45 1.00257e-05 -1.59585e-05 1.88464e-05
25.46 1.09253e-05 -1.44132e-05 1.80859e-05
25.47 1.14391e-05 -1.28363e-05 1.71938e-05
25.48 1.18648e-05 -1.13551e-05 1.64229e-05
25.49 1.23339e-05 -9.88311e-06 1.58051e-05
25.5 1.23946e-05 -8.47328e-06 1.50141e-05
25.51 1.25261e-05 -7.05379e-06 1.43757e-05
25.52 1.2428e-05 -5.68669e-06 1.36673e-05
25.53 1.22971e-05 -4.48506e-06 1.30895e-05
25.54 1.20625e-05 -3.27285e-06 1.24986e-05
25.55 1.17412e-05 -2.17905e-06 1.19417e-05
25.56 1.13456e-05 -1.10982e-06 1.13997e-05
25.57 1.08686e-05 -2.07097e-07 1.08706e-05
25.58 1.03953e-05 7.30992e-07 1.04209e-05
25.59 9.74422e-06 1.60699e-06 9.87584e-06
25.6 9.05395e-06 2.32031e-06 9.34654e-06
25.61 8.53292e-06 2.95669e-06 9.03066e-06
25.62 7.80931e-06 3.53571e-06 8.57243e-06
25.63 7.05316e-06 4.02191e-06 8.11929e-06
25.64 6.50374e-06 4.4659e-06 7.88942e-06
25.65 5.69865e-06 4.78091e-06 7.43853e-06
25.66 5.06307e-06 5.08428e-06 7.17527e-06
25.67 4.34132e-06 5.34281e-06 6.88423e-06
25.68 3.65667e-06 5.42506e-06 6.54236e-06
25.69 3.03809e-06 5.50088e-06 6.28408e-06
25.7 2.39266e-06 5.51238e-06 6.00925e-06
25.71 1.74267e-06 5.53103e-06 5.79907e-06
25.72 1.13899e-06 5.40469e-06 5.5234e-06
25.73 6.64393e-07 5.25134e-06 5.2932e-06
25.74 1.43844e-07 5.08222e-06 5.08425e-06
25.75 -3.98656e-07 4.82108e-06 4.83753e-06
25.76 -6.88052e-07 4.53772e-06 4.58959e-06
25.77 -1.07976e-06 4.25597e-06 4.39081e-06
25.78 -1.52528e-06 3.97444e-06 4.25707e-06
25.79 -1.70626e-06 3.74032e-06 4.11112e-06
25.8 -2.06979e-06 3.39331e-06 3.97474e-06
25.81 -2.21496e-06 3.06503e-06 3.78159e-06
25.82 -2.39624e-06 2.80505e-06 3.68921e-06
25.83 -2.56661e-06 2.46332e-06 3.55745e-06
25.84 -2.60909e-06 2.18649e-06 3.40413e-06
25.85 -2.63827e-06 1.8928e-06 3.24702e-06
25.86 -2.68735e-06 1.67663e-06 3.16748e-06
25.87 -2.6846e-06 1.40186e-06 3.02858e-06
25.88 -2.55413e-06 1.12425e-06 2.79061e-06
25.89 -2.45417e-06 9.19609e-07 2.62081e-06
25.9 -2.44438e-06 7.31519e-07 2.55149e-06
25.91 -2.23985e-06 5.94693e-07 2.31745e-06
25.92 -2.05551e-06 4.34244e-07 2.10088e-06
25.93 -1.98911e-06 3.0174e-07 2.01187e-06
25.94 -1.66122e-06 2.3394e-07 1.67762e-06
25.95 -1.53211e-06 1.0004e-07 1.53537e-06
25.96 -1.23083e-06 -1.18399e-08 1.23088e-06
25.97 -9.59758e-07 -1.45644e-09 9.59759e-07
25.98 -8.03835e-07 -2.08705e-08 8.04106e-07
25.99 -5.20091e-07 -3.55883e-09 5.20103e-07
26 -2.20814e-07 -2.66407e-08 2.22416e-07
