0 0.00322942 0.00865886 0.00924149
0.01 0.00645328 0.017279 0.0184448
0.02 0.00966562 0.0258218 0.0275716
0.03 0.0128608 0.0342493 0.0365843
0.04 0.0160333 0.0425233 0.0454456
0.05 0.0191769 0.0506072 0.0541188
0.06 0.0222862 0.0584647 0.0625683
0.07 0.0253552 0.0660604 0.0707592
0.08 0.0283779 0.0733603 0.0786577
0.09 0.0313486 0.0803315 0.0862315
0.1 0.0342611 0.0869427 0.0934497
0.11 0.0371094 0.0931639 0.100283
0.12 0.0398876 0.0989672 0.106703
0.13 0.0425892 0.104326 0.112684
0.14 0.0452084 0.109216 0.118203
0.15 0.0477387 0.113615 0.123237
0.16 0.0501739 0.117503 0.127767
0.17 0.0525079 0.120862 0.131775
0.18 0.0547343 0.123675 0.135245
0.19 0.0568467 0.12593 0.138166
0.2 0.0588391 0.127616 0.140527
0.21 0.0607049 0.128724 0.14232
0.22 0.0624383 0.129249 0.14354
0.23 0.0640329 0.129187 0.144186
0.24 0.0654827 0.128537 0.144256
0.25 0.066782 0.127302 0.143755
0.26 0.0679247 0.125485 0.14269
0.27 0.0689054 0.123094 0.141068
0.28 0.0697186 0.120138 0.138902
0.29 0.070359 0.116628 0.136208
0.3 0.0708217 0.11258 0.133004
0.31 0.0711021 0.10801 0.129312
0.32 0.0711956 0.102937 0.125159
0.33 0.0710982 0.0973821 0.120575
0.34 0.0708064 0.0913692 0.115594
0.35 0.0703166 0.0849236 0.110256
0.36 0.0696261 0.0780727 0.104609
0.37 0.0687326 0.0708457 0.098708
0.38 0.0676339 0.0632735 0.0926169
0.39 0.066329 0.0553887 0.0864144
0.4 0.0648167 0.0472253 0.0801962
0.41 0.0630971 0.0388182 0.0740817
0.42 0.0611703 0.0302041 0.0682209
0.43 0.0590373 0.0214202 0.0628031
0.44 0.0566999 0.0125046 0.0580624
0.45 0.0541604 0.00349635 0.0542732
0.46 0.0514216 -0.00556548 0.0517219
0.47 0.0484876 -0.014641 0.0506498
0.48 0.0453627 -0.0236906 0.0511763
0.49 0.0420519 -0.0326742 0.0532538
0.5 0.0385615 -0.0415523 0.0566885
0.51 0.0348981 -0.0502857 0.0612089
0.52 0.0310691 -0.0588355 0.066535
0.53 0.0270828 -0.0671637 0.0724185
0.54 0.0229482 -0.075233 0.078655
0.55 0.0186751 -0.0830072 0.0850821
0.56 0.0142738 -0.0904512 0.0915705
0.57 0.00975561 -0.0975314 0.0980181
0.58 0.00513257 -0.104215 0.104342
0.59 0.000417035 -0.110473 0.110473
0.6 -0.00437772 -0.116274 0.116356
0.61 -0.0092376 -0.121593 0.121943
0.62 -0.0141484 -0.126403 0.127193
0.63 -0.0190951 -0.130683 0.132071
0.64 -0.024062 -0.134412 0.136549
0.65 -0.0290333 -0.13757 0.1406
0.66 -0.0339925 -0.140142 0.144206
0.67 -0.0389227 -0.142115 0.147349
0.68 -0.0438071 -0.143477 0.150015
0.69 -0.048628 -0.144219 0.152197
0.7 -0.0533682 -0.144336 0.153887
0.71 -0.0580098 -0.143825 0.155083
0.72 -0.062535 -0.142684 0.155786
0.73 -0.0669264 -0.140917 0.156002
0.74 -0.0711659 -0.138527 0.155738
0.75 -0.0752362 -0.135522 0.155006
0.76 -0.0791201 -0.131913 0.153821
0.77 -0.0828003 -0.127711 0.152204
0.78 -0.0862602 -0.122933 0.150178
0.79 -0.0894838 -0.117596 0.147771
0.8 -0.0924551 -0.11172 0.145014
0.81 -0.095159 -0.105327 0.141947
0.82 -0.0975812 -0.0984427 0.138611
0.83 -0.0997077 -0.0910939 0.135055
0.84 -0.101526 -0.0833094 0.131331
0.85 -0.103023 -0.0751205 0.127502
0.86 -0.104189 -0.0665597 0.123635
0.87 -0.105013 -0.0576617 0.119802
0.88 -0.105486 -0.0484626 0.116085
0.89 -0.1056 -0.0389997 0.112571
0.9 -0.105348 -0.0293118 0.10935
0.91 -0.104725 -0.0194387 0.106514
0.92 -0.103727 -0.00942111 0.104154
0.93 -0.10235 0.000699399 0.102352
0.94 -0.100593 0.0108807 0.10118
0.95 -0.0984565 0.0210801 0.100688
0.96 -0.0959408 0.0312552 0.100904
0.97 -0.0930489 0.0413627 0.101828
0.98 -0.089785 0.0513601 0.103437
0.99 -0.0861548 0.061205 0.105682
1 -0.0821653 0.0708552 0.108497
1.01 -0.0778252 0.0802695 0.111803
1.02 -0.0731446 0.0894072 0.115515
1.03 -0.068135 0.0982289 0.119546
1.04 -0.0628095 0.106696 0.123811
1.05 -0.0571823 0.114772 0.128228
1.06 -0.0512696 0.12242 0.132722
1.07 -0.0450883 0.129607 0.137226
1.08 -0.038657 0.136301 0.141676
1.09 -0.0319954 0.14247 0.146019
1.1 -0.0251245 0.148088 0.150204
1.11 -0.0180662 0.153127 0.154189
1.12 -0.0108439 0.157564 0.157937
1.13 -0.00348158 0.161377 0.161415
1.14 0.00399555 0.164548 0.164596
1.15 0.0115616 0.167059 0.167459
1.16 0.0191899 0.168897 0.169984
1.17 0.0268531 0.170051 0.172159
1.18 0.0345235 0.170513 0.173973
1.19 0.0421725 0.170277 0.175421
1.2 0.0497715 0.16934 0.176502
1.21 0.0572918 0.167702 0.177218
1.22 0.0647041 0.165366 0.177574
1.23 0.0719792 0.162338 0.17758
1.24 0.0790885 0.158628 0.17725
1.25 0.0860029 0.154245 0.176601
1.26 0.0926941 0.149205 0.175654
1.27 0.0991341 0.143525 0.174433
1.28 0.105295 0.137224 0.172967
1.29 0.111151 0.130325 0.171287
1.3 0.116676 0.122852 0.169428
1.31 0.121844 0.114832 0.167429
1.32 0.126632 0.106296 0.165331
1.33 0.131016 0.0972747 0.16318
1.34 0.134975 0.0878023 0.161021
1.35 0.138489 0.0779145 0.158902
1.36 0.141539 0.0676491 0.156875
1.37 0.144107 0.0570453 0.154988
1.38 0.146178 0.0461441 0.153289
1.39 0.147738 0.0349877 0.151824
1.4 0.148774 0.0236196 0.150637
1.41 0.149276 0.0120842 0.149764
1.42 0.149235 0.000426849 0.149236
1.43 0.148646 -0.0113063 0.149075
1.44 0.147503 -0.023069 0.149296
1.45 0.145803 -0.0348141 0.149902
1.46 0.143548 -0.0464949 0.15089
1.47 0.140738 -0.0580643 0.152245
1.48 0.137378 -0.0694758 0.153946
1.49 0.133473 -0.0806831 0.155964
1.5 0.129032 -0.0916405 0.158263
1.51 0.124065 -0.102303 0.160804
1.52 0.118585 -0.112628 0.163546
1.53 0.112606 -0.122571 0.166445
1.54 0.106146 -0.132093 0.169456
1.55 0.0992221 -0.141152 0.172536
1.56 0.0918564 -0.14971 0.175644
1.57 0.0840712 -0.157732 0.178738
1.58 0.0758909 -0.165183 0.181782
1.59 0.067342 -0.17203 0.184741
1.6 0.0584524 -0.178244 0.187584
1.61 0.0492519 -0.183798 0.190282
1.62 0.0397715 -0.188665 0.192811
1.63 0.030044 -0.192823 0.19515
1.64 0.0201031 -0.196253 0.19728
1.65 0.00998382 -0.198938 0.199188
1.66 -0.000277692 -0.200863 0.200863
1.67 -0.0106445 -0.202016 0.202296
1.68 -0.0210787 -0.20239 0.203485
1.69 -0.0315421 -0.20198 0.204428
1.7 -0.0419954 -0.200782 0.205127
1.71 -0.0523996 -0.198799 0.205588
1.72 -0.0627151 -0.196032 0.20582
1.73 -0.0729024 -0.192491 0.205833
1.74 -0.082922 -0.188184 0.205643
1.75 -0.0927348 -0.183124 0.205266
1.76 -0.102302 -0.177328 0.204722
1.77 -0.111585 -0.170814 0.204031
1.78 -0.120547 -0.163605 0.20322
1.79 -0.129151 -0.155724 0.202312
1.8 -0.137361 -0.147199 0.201335
1.81 -0.145143 -0.13806 0.200318
1.82 -0.152464 -0.128339 0.199289
1.83 -0.159292 -0.118071 0.198279
1.84 -0.165597 -0.107292 0.197317
1.85 -0.17135 -0.0960424 0.196431
1.86 -0.176526 -0.084362 0.195649
1.87 -0.181099 -0.0722943 0.194996
1.88 -0.185048 -0.0598837 0.194496
1.89 -0.188351 -0.0471758 0.194169
1.9 -0.19099 -0.0342183 0.194031
1.91 -0.192951 -0.0210593 0.194097
1.92 -0.194219 -0.00774831 0.194373
1.93 -0.194784 0.00566466 0.194867
1.94 -0.194638 0.0191289 0.195576
1.95 -0.193776 0.0325932 0.196498
1.96 -0.192193 0.0460066 0.197623
1.97 -0.189892 0.0593177 0.198941
1.98 -0.186872 0.0724754 0.200435
1.99 -0.183142 0.0854292 0.202087
2 -0.178707 0.0981291 0.203876
2.01 -0.173579 0.110526 0.205781
2.02 -0.167772 0.122571 0.207776
2.03 -0.161301 0.134217 0.209839
2.04 -0.154185 0.14542 0.211943
2.05 -0.146447 0.156133 0.214066
2.06 -0.138108 0.166316 0.216183
2.07 -0.129197 0.175927 0.218271
2.08 -0.119741 0.184928 0.220309
2.09 -0.109771 0.193282 0.222278
2.1 -0.0993206 0.200955 0.22416
2.11 -0.088425 0.207916 0.225938
2.12 -0.077121 0.214135 0.227599
2.13 -0.0654475 0.219586 0.229132
2.14 -0.053445 0.224245 0.230526
2.15 -0.0411557 0.228093 0.231776
2.16 -0.0286228 0.23111 0.232876
2.17 -0.0158911 0.233283 0.233823
2.18 -0.00300632 0.234599 0.234618
2.19 0.00998518 0.235052 0.235264
2.2 0.023036 0.234634 0.235762
2.21 0.0360983 0.233346 0.236121
2.22 0.0491239 0.231187 0.236348
2.23 0.0620645 0.228163 0.236454
2.24 0.0748718 0.224282 0.236449
2.25 0.0874973 0.219554 0.236347
2.26 0.0998937 0.213994 0.236161
2.27 0.112013 0.20762 0.235909
2.28 0.12381 0.200451 0.235605
2.29 0.135238 0.192512 0.235266
2.3 0.146253 0.183829 0.234911
2.31 0.156812 0.174431 0.234555
2.32 0.166872 0.164351 0.234217
2.33 0.176395 0.153623 0.233913
2.34 0.185341 0.142284 0.233658
2.35 0.193673 0.130374 0.233467
2.36 0.201359 0.117935 0.233354
2.37 0.208365 0.10501 0.23333
2.38 0.214661 0.0916452 0.233406
2.39 0.220221 0.0778886 0.233589
2.4 0.225019 0.063789 0.233886
2.41 0.229033 0.0493971 0.2343
2.42 0.232245 0.0347642 0.234833
2.43 0.234637 0.0199436 0.235484
2.44 0.236197 0.00498855 0.23625
2.45 0.236914 -0.0100466 0.237126
2.46 0.23678 -0.0251071 0.238107
2.47 0.235791 -0.0401381 0.239183
2.48 0.233946 -0.0550848 0.240344
2.49 0.231247 -0.069892 0.241579
2.5 0.2277 -0.0845058 0.242876
2.51 0.223312 -0.098872 0.244222
2.52 0.218096 -0.112938 0.245603
2.53 0.212066 -0.126651 0.247007
2.54 0.205239 -0.13996 0.248419
2.55 0.197636 -0.152816 0.249825
2.56 0.189281 -0.165171 0.251215
2.57 0.180201 -0.176979 0.252574
2.58 0.170424 -0.188194 0.253892
2.59 0.159983 -0.198775 0.255159
2.6 0.148913 -0.208682 0.256365
2.61 0.13725 -0.217875 0.257502
2.62 0.125034 -0.226322 0.258563
2.63 0.112306 -0.233987 0.259543
2.64 0.0991111 -0.240843 0.260438
2.65 0.0854935 -0.24686 0.261245
2.66 0.0715009 -0.252017 0.261963
2.67 0.0571821 -0.25629 0.262592
2.68 0.0425874 -0.259664 0.263133
2.69 0.0277683 -0.262122 0.263589
2.7 0.0127771 -0.263654 0.263963
2.71 -0.00233257 -0.264251 0.264262
2.72 -0.0175072 -0.26391 0.26449
2.73 -0.032692 -0.262627 0.264654
2.74 -0.0478326 -0.260407 0.264763
2.75 -0.0628742 -0.257253 0.264825
2.76 -0.0777624 -0.253176 0.264849
2.77 -0.092443 -0.248186 0.264844
2.78 -0.106863 -0.2423 0.264819
2.79 -0.120968 -0.235536 0.264784
2.8 -0.134708 -0.227917 0.264749
2.81 -0.148031 -0.219466 0.264724
2.82 -0.160888 -0.210213 0.264716
2.83 -0.173232 -0.200188 0.264735
2.84 -0.185015 -0.189425 0.264788
2.85 -0.196195 -0.17796 0.264882
2.86 -0.206728 -0.165833 0.265023
2.87 -0.216575 -0.153084 0.265216
2.88 -0.225699 -0.139759 0.265466
2.89 -0.234063 -0.125902 0.265775
2.9 -0.241635 -0.111561 0.266145
2.91 -0.248386 -0.0967863 0.266577
2.92 -0.254289 -0.0816292 0.26707
2.93 -0.25932 -0.0661423 0.267623
2.94 -0.263459 -0.0503795 0.268232
2.95 -0.266687 -0.0343958 0.268895
2.96 -0.268989 -0.0182474 0.269608
2.97 -0.270356 -0.00199056 0.270364
2.98 -0.270779 0.0143175 0.271158
2.99 -0.270254 0.0306196 0.271983
3 -0.26878 0.0468582 0.272834
3.01 -0.266358 0.0629762 0.273702
3.02 -0.262996 0.0789168 0.274581
3.03 -0.258701 0.0946234 0.275463
3.04 -0.253487 0.110041 0.276341
3.05 -0.247369 0.125114 0.277209
3.06 -0.240366 0.13979 0.27806
3.07 -0.232501 0.154016 0.278887
3.08 -0.2238 0.167742 0.279685
3.09 -0.214289 0.180919 0.280449
3.1 -0.204002 0.1935 0.281174
3.11 -0.192972 0.205439 0.281857
3.12 -0.181235 0.216695 0.282494
3.13 -0.168833 0.227226 0.283083
3.14 -0.155806 0.236995 0.283623
3.15 -0.142198 0.245967 0.284113
3.16 -0.128057 0.254108 0.284552
3.17 -0.11343 0.26139 0.284941
3.18 -0.0983678 0.267786 0.285281
3.19 -0.0829221 0.273271 0.285575
3.2 -0.067146 0.277826 0.285825
3.21 -0.051094 0.281434 0.286034
3.22 -0.0348218 0.28408 0.286207
3.23 -0.0183855 0.285755 0.286346
3.24 -0.00184246 0.28645 0.286456
3.25 0.0147501 0.286163 0.286543
3.26 0.0313341 0.284892 0.28661
3.27 0.047852 0.282642 0.286664
3.28 0.064246 0.279418 0.286709
3.29 0.080459 0.27523 0.28675
3.3 0.096434 0.270093 0.286792
3.31 0.112115 0.264021 0.28684
3.32 0.127448 0.257036 0.286898
3.33 0.142378 0.24916 0.286971
3.34 0.156853 0.240419 0.287061
3.35 0.170822 0.230843 0.287173
3.36 0.184236 0.220463 0.28731
3.37 0.197047 0.209314 0.287472
3.38 0.209211 0.197435 0.287663
3.39 0.220685 0.184864 0.287883
3.4 0.231427 0.171645 0.288132
3.41 0.2414 0.157821 0.288412
3.42 0.250568 0.143441 0.28872
3.43 0.258898 0.128552 0.289057
3.44 0.266362 0.113205 0.28942
3.45 0.272931 0.0974522 0.289808
3.46 0.278583 0.0813473 0.290217
3.47 0.283297 0.0649447 0.290646
3.48 0.287056 0.0483003 0.291091
3.49 0.289845 0.0314708 0.291548
3.5 0.291654 0.014513 0.292015
3.51 0.292476 -0.0025151 0.292487
3.52 0.292307 -0.0195556 0.292961
3.53 0.291148 -0.0365507 0.293433
3.54 0.288999 -0.0534425 0.293899
3.55 0.28587 -0.0701735 0.294357
3.56 0.281768 -0.0866871 0.294802
3.57 0.276708 -0.102927 0.295231
3.58 0.270706 -0.118838 0.295642
3.59 0.263781 -0.134366 0.296032
3.6 0.255957 -0.149458 0.296398
3.61 0.24726 -0.164064 0.29674
3.62 0.237719 -0.178133 0.297055
3.63 0.227366 -0.191618 0.297342
3.64 0.216234 -0.204473 0.297601
3.65 0.204363 -0.216654 0.297831
3.66 0.191791 -0.228121 0.298032
3.67 0.178562 -0.238835 0.298206
3.68 0.164719 -0.248759 0.298351
3.69 0.15031 -0.25786 0.298471
3.7 0.135382 -0.266107 0.298565
3.71 0.119986 -0.273472 0.298636
3.72 0.104175 -0.279931 0.298686
3.73 0.0880006 -0.285461 0.298718
3.74 0.0715183 -0.290045 0.298732
3.75 0.0547833 -0.293667 0.298733
3.76 0.0378523 -0.296314 0.298722
3.77 0.0207818 -0.297979 0.298703
3.78 0.00362968 -0.298655 0.298677
3.79 -0.0135466 -0.298341 0.298648
3.8 -0.0306892 -0.297037 0.298618
3.81 -0.0477407 -0.294748 0.29859
3.82 -0.0646436 -0.291483 0.298565
3.83 -0.0813416 -0.287251 0.298546
3.84 -0.0977783 -0.282068 0.298535
3.85 -0.113899 -0.275951 0.298533
3.86 -0.12965 -0.268921 0.298542
3.87 -0.144978 -0.261001 0.298564
3.88 -0.159832 -0.252219 0.298598
3.89 -0.174163 -0.242603 0.298645
3.9 -0.187923 -0.232186 0.298706
3.91 -0.201067 -0.221002 0.298781
3.92 -0.21355 -0.20909 0.298868
3.93 -0.225331 -0.19649 0.298969
3.94 -0.236372 -0.183242 0.299081
3.95 -0.246637 -0.169392 0.299205
3.96 -0.25609 -0.154986 0.299337
3.97 -0.264702 -0.140071 0.299478
3.98 -0.272444 -0.124698 0.299625
3.99 -0.279291 -0.108917 0.299777
4 -0.28522 -0.0927803 0.299931
4.01 -0.290214 -0.0763419 0.300087
4.02 -0.294255 -0.0596561 0.300241
4.03 -0.297332 -0.0427779 0.300393
4.04 -0.299433 -0.025763 0.30054
4.05 -0.300555 -0.00866752 0.30068
4.06 -0.300692 0.00845223 0.300811
4.07 -0.299847 0.0255402 0.300932
4.08 -0.298021 0.04254 0.301042
4.09 -0.295223 0.0593963 0.301139
4.1 -0.291462 0.0760538 0.301221
4.11 -0.286752 0.0924581 0.301289
4.12 -0.281108 0.108556 0.30134
4.13 -0.27455 0.124295 0.301375
4.14 -0.267102 0.139623 0.301393
4.15 -0.258787 0.154492 0.301394
4.16 -0.249634 0.168854 0.301378
4.17 -0.239675 0.182661 0.301345
4.18 -0.228941 0.19587 0.301296
4.19 -0.217471 0.208438 0.301231
4.2 -0.205301 0.220325 0.301151
4.21 -0.192473 0.231493 0.301056
4.22 -0.179029 0.241907 0.300949
4.23 -0.165014 0.251534 0.30083
4.24 -0.150473 0.260343 0.300701
4.25 -0.135456 0.268307 0.300562
4.26 -0.120012 0.275402 0.300415
4.27 -0.104191 0.281605 0.300262
4.28 -0.0880462 0.286898 0.300105
4.29 -0.0716295 0.291265 0.299943
4.3 -0.0549949 0.294692 0.29978
4.31 -0.0381967 0.297171 0.299616
4.32 -0.0212897 0.298694 0.299452
4.33 -0.00432875 0.299259 0.29929
4.34 0.0126311 0.298864 0.299131
4.35 0.0295349 0.297512 0.298975
4.36 0.046328 0.29521 0.298823
4.37 0.0629565 0.291967 0.298677
4.38 0.0793667 0.287793 0.298536
4.39 0.095506 0.282705 0.298401
4.4 0.111323 0.276719 0.298272
4.41 0.126767 0.269857 0.298149
4.42 0.141789 0.262143 0.298032
4.43 0.156342 0.253602 0.297921
4.44 0.170378 0.244263 0.297814
4.45 0.183855 0.234158 0.297713
4.46 0.19673 0.223321 0.297615
4.47 0.208962 0.211787 0.297521
4.48 0.220513 0.199594 0.297429
4.49 0.231348 0.186783 0.297338
4.5 0.241434 0.173397 0.297248
4.51 0.250739 0.159477 0.297158
4.52 0.259234 0.145071 0.297066
4.53 0.266896 0.130226 0.296971
4.54 0.273699 0.114988 0.296873
4.55 0.279626 0.099408 0.29677
4.56 0.284658 0.0835356 0.296662
4.57 0.288781 0.0674225 0.296547
4.58 0.291983 0.0511199 0.296425
4.59 0.294258 0.0346803 0.296294
4.6 0.295598 0.0181561 0.296155
4.61 0.296003 0.00159998 0.296007
4.62 0.295472 -0.0149355 0.295849
4.63 0.29401 -0.0313979 0.295682
4.64 0.291622 -0.0477353 0.295503
4.65 0.28832 -0.063896 0.295315
4.66 0.284114 -0.0798295 0.295116
4.67 0.279021 -0.0954856 0.294907
4.68 0.273059 -0.110816 0.294688
4.69 0.266248 -0.125772 0.29446
4.7 0.258612 -0.140308 0.294222
4.71 0.250178 -0.154378 0.293976
4.72 0.240973 -0.16794 0.293721
4.73 0.231029 -0.180952 0.293459
4.74 0.220378 -0.193374 0.29319
4.75 0.209057 -0.205169 0.292915
4.76 0.197102 -0.2163 0.292634
4.77 0.184553 -0.226734 0.292349
4.78 0.17145 -0.23644 0.29206
4.79 0.157837 -0.24539 0.291768
4.8 0.143757 -0.253557 0.291474
4.81 0.129256 -0.260917 0.291178
4.82 0.114381 -0.267449 0.290881
4.83 0.0991793 -0.273135 0.290584
4.84 0.0836994 -0.277959 0.290287
4.85 0.0679907 -0.281907 0.28999
4.86 0.0521029 -0.284971 0.289695
4.87 0.0360868 -0.287142 0.289401
4.88 0.0199924 -0.288417 0.289109
4.89 0.00387064 -0.288793 0.288818
4.9 -0.012228 -0.288271 0.28853
4.91 -0.0282532 -0.286855 0.288243
4.92 -0.0441552 -0.284553 0.287959
4.93 -0.0598843 -0.281374 0.287676
4.94 -0.0753922 -0.27733 0.287395
4.95 -0.0906309 -0.272436 0.287115
4.96 -0.105554 -0.266709 0.286837
4.97 -0.120115 -0.26017 0.286559
4.98 -0.13427 -0.252841 0.286281
4.99 -0.147975 -0.244747 0.286003
5 -0.161191 -0.235916 0.285725
5.01 -0.173876 -0.226377 0.285446
5.02 -0.185993 -0.216162 0.285165
5.03 -0.197506 -0.205303 0.284883
5.04 -0.208381 -0.193838 0.284598
5.05 -0.218586 -0.181803 0.28431
5.06 -0.228091 -0.169237 0.284019
5.07 -0.236868 -0.156181 0.283724
5.08 -0.244893 -0.142676 0.283424
5.09 -0.252143 -0.128766 0.28312
5.1 -0.258598 -0.114496 0.282811
5.11 -0.26424 -0.0999092 0.282497
5.12 -0.269055 -0.085053 0.282178
5.13 -0.273029 -0.0699741 0.281853
5.14 -0.276153 -0.0547195 0.281522
5.15 -0.27842 -0.0393372 0.281185
5.16 -0.279826 -0.0238748 0.280842
5.17 -0.280369 -0.00838078 0.280494
5.18 -0.28005 0.00709745 0.280139
5.19 -0.278872 0.0225118 0.279779
5.2 -0.276843 0.037815 0.279414
5.21 -0.273971 0.05296 0.279042
5.22 -0.270267 0.0679011 0.278666
5.23 -0.265746 0.0825923 0.278284
5.24 -0.260424 0.0969896 0.277898
5.25 -0.25432 0.111049 0.277508
5.26 -0.247456 0.124729 0.277113
5.27 -0.239855 0.137989 0.276715
5.28 -0.231543 0.150788 0.276313
5.29 -0.222547 0.163089 0.275908
5.3 -0.212899 0.174856 0.275501
5.31 -0.202629 0.186055 0.275091
5.32 -0.191771 0.196652 0.274679
5.33 -0.180361 0.206618 0.274265
5.34 -0.168436 0.215923 0.273849
5.35 -0.156033 0.224542 0.273433
5.36 -0.143193 0.23245 0.273015
5.37 -0.129956 0.239626 0.272597
5.38 -0.116365 0.246049 0.272178
5.39 -0.102462 0.251703 0.271759
5.4 -0.0882907 0.256574 0.27134
5.41 -0.073896 0.260648 0.270921
5.42 -0.0593226 0.263916 0.270501
5.43 -0.0446156 0.266371 0.270082
5.44 -0.0298207 0.268009 0.269663
5.45 -0.0149835 0.268826 0.269243
5.46 -0.000149259 0.268824 0.268824
5.47 0.0146362 0.268006 0.268405
5.48 0.0293282 0.266376 0.267985
5.49 0.0438819 0.263943 0.267566
5.5 0.0582533 0.260717 0.267146
5.51 0.0723992 0.256711 0.266725
5.52 0.0862774 0.25194 0.266304
5.53 0.0998461 0.246422 0.265881
5.54 0.113065 0.240175 0.265458
5.55 0.125896 0.233222 0.265032
5.56 0.138299 0.225587 0.264606
5.57 0.150241 0.217295 0.264177
5.58 0.161684 0.208375 0.263746
5.59 0.172597 0.198856 0.263312
5.6 0.182949 0.188768 0.262876
5.61 0.192709 0.178147 0.262437
5.62 0.201851 0.167024 0.261994
5.63 0.210348 0.155438 0.261548
5.64 0.218178 0.143424 0.261098
5.65 0.225319 0.131021 0.260643
5.66 0.231752 0.118268 0.260185
5.67 0.23746 0.105206 0.259722
5.68 0.242429 0.0918755 0.259254
5.69 0.246646 0.0783182 0.258782
5.7 0.250103 0.0645764 0.258305
5.71 0.25279 0.0506927 0.257823
5.72 0.254704 0.0367098 0.257336
5.73 0.255841 0.0226708 0.256843
5.74 0.256202 0.00861852 0.256346
5.75 0.255787 -0.00540407 0.255844
5.76 0.254603 -0.0193547 0.255338
5.77 0.252656 -0.0331908 0.254826
5.78 0.249954 -0.0468714 0.254311
5.79 0.24651 -0.060355 0.253791
5.8 0.242336 -0.0736019 0.253267
5.81 0.237449 -0.0865724 0.252739
5.82 0.231867 -0.0992288 0.252208
5.83 0.225609 -0.111534 0.251673
5.84 0.218699 -0.123451 0.251136
5.85 0.211158 -0.134947 0.250596
5.86 0.203014 -0.145988 0.250055
5.87 0.194294 -0.156543 0.249511
5.88 0.185026 -0.166582 0.248966
5.89 0.175242 -0.176076 0.24842
5.9 0.164973 -0.184999 0.247873
5.91 0.154253 -0.193328 0.247325
5.92 0.143117 -0.201039 0.246777
5.93 0.1316 -0.208111 0.246229
5.94 0.119739 -0.214527 0.245681
5.95 0.107572 -0.22027 0.245134
5.96 0.0951367 -0.225326 0.244587
5.97 0.0824727 -0.229681 0.24404
5.98 0.0696194 -0.233328 0.243493
5.99 0.0566165 -0.236258 0.242947
6 0.0435046 -0.238466 0.242402
6.01 0.0303239 -0.239948 0.241856
6.02 0.0171145 -0.240703 0.241311
6.03 0.00391688 -0.240733 0.240765
6.04 -0.00922903 -0.240042 0.240219
6.05 -0.0222836 -0.238634 0.239673
6.06 -0.0352079 -0.236519 0.239125
6.07 -0.047963 -0.233705 0.238576
6.08 -0.0605114 -0.230205 0.238025
6.09 -0.072816 -0.226032 0.237472
6.1 -0.0848407 -0.221204 0.236916
6.11 -0.0965507 -0.215738 0.236358
6.12 -0.107912 -0.209654 0.235796
6.13 -0.118892 -0.202973 0.23523
6.14 -0.12946 -0.195719 0.234661
6.15 -0.139585 -0.187917 0.234087
6.16 -0.14924 -0.179593 0.233508
6.17 -0.158397 -0.170776 0.232925
6.18 -0.167033 -0.161494 0.232336
6.19 -0.175122 -0.151778 0.231742
6.2 -0.182646 -0.141661 0.231143
6.21 -0.189582 -0.131174 0.230539
6.22 -0.195914 -0.120352 0.229929
6.23 -0.201627 -0.10923 0.229313
6.24 -0.206706 -0.0978415 0.228692
6.25 -0.211139 -0.0862235 0.228066
6.26 -0.214918 -0.0744126 0.227435
6.27 -0.218034 -0.0624452 0.2268
6.28 -0.220482 -0.0503585 0.22616
6.29 -0.222258 -0.0381896 0.225515
6.3 -0.223362 -0.0259759 0.224867
6.31 -0.223794 -0.0137545 0.224216
6.32 -0.223556 -0.00156221 0.223562
6.33 -0.222654 0.0105641 0.222904
6.34 -0.221094 0.0225885 0.222245
6.35 -0.218886 0.0344751 0.221584
6.36 -0.216039 0.0461892 0.220921
6.37 -0.212567 0.057696 0.220258
6.38 -0.208483 0.0689627 0.219593
6.39 -0.203805 0.0799565 0.218928
6.4 -0.19855 0.090646 0.218263
6.41 -0.192738 0.101001 0.217598
6.42 -0.186389 0.110992 0.216934
6.43 -0.179527 0.120592 0.21627
6.44 -0.172176 0.129774 0.215606
6.45 -0.164361 0.138514 0.214943
6.46 -0.156108 0.146788 0.214281
6.47 -0.147446 0.154573 0.213619
6.48 -0.138403 0.161851 0.212958
6.49 -0.129009 0.168602 0.212297
6.5 -0.119295 0.17481 0.211636
6.51 -0.109292 0.180459 0.210975
6.52 -0.0990327 0.185538 0.210314
6.53 -0.0885492 0.190034 0.209652
6.54 -0.0778748 0.193938 0.208989
6.55 -0.0670426 0.197242 0.208324
6.56 -0.0560866 0.199941 0.207658
6.57 -0.0450403 0.202031 0.20699
6.58 -0.0339377 0.20351 0.20632
6.59 -0.0228123 0.204378 0.205647
6.6 -0.0116976 0.204637 0.204971
6.61 -0.000627091 0.204291 0.204292
6.62 0.0103669 0.203345 0.203609
6.63 0.0212516 0.201806 0.202922
6.64 0.0319957 0.199685 0.202232
6.65 0.0425678 0.19699 0.201537
6.66 0.0529381 0.193735 0.200838
6.67 0.0630767 0.189934 0.200134
6.68 0.0729555 0.185603 0.199427
6.69 0.0825471 0.180758 0.198715
6.7 0.091825 0.175418 0.197998
6.71 0.100764 0.169603 0.197278
6.72 0.109341 0.163334 0.196554
6.73 0.117532 0.156633 0.195826
6.74 0.125317 0.149524 0.195095
6.75 0.132676 0.142032 0.19436
6.76 0.13959 0.134181 0.193623
6.77 0.146043 0.125998 0.192884
6.78 0.152019 0.11751 0.192142
6.79 0.157505 0.108746 0.191399
6.8 0.162489 0.0997324 0.190655
6.81 0.16696 0.0904994 0.189909
6.82 0.170909 0.0810756 0.189164
6.83 0.174329 0.0714909 0.188418
6.84 0.177215 0.0617753 0.187673
6.85 0.179562 0.0519581 0.186929
6.86 0.18137 0.0420697 0.186185
6.87 0.182637 0.0321399 0.185443
6.88 0.183364 0.0221982 0.184702
6.89 0.183553 0.0122744 0.183963
6.9 0.183211 0.00239721 0.183226
6.91 0.182341 -0.00740422 0.182491
6.92 0.180952 -0.0171022 0.181759
6.93 0.179053 -0.0266687 0.181028
6.94 0.176653 -0.0360771 0.180299
6.95 0.173764 -0.045301 0.179572
6.96 0.1704 -0.0543154 0.178848
6.97 0.166575 -0.0630955 0.178125
6.98 0.162305 -0.071618 0.177403
6.99 0.157605 -0.0798603 0.176683
7 0.152494 -0.0878011 0.175965
7.01 0.146991 -0.0954198 0.175247
7.02 0.141116 -0.102698 0.174529
7.03 0.134889 -0.109617 0.173812
7.04 0.128331 -0.11616 0.173096
7.05 0.121466 -0.122313 0.172379
7.06 0.114316 -0.128061 0.171662
7.07 0.106904 -0.133391 0.170944
7.08 0.0992552 -0.138293 0.170225
7.09 0.0913932 -0.142756 0.169505
7.1 0.0833431 -0.146773 0.168785
7.11 0.0751301 -0.150335 0.168063
7.12 0.0667793 -0.153437 0.167339
7.13 0.0583162 -0.156076 0.166615
7.14 0.0497665 -0.158248 0.165889
7.15 0.0411551 -0.159951 0.165161
7.16 0.0325075 -0.161187 0.164433
7.17 0.023849 -0.161956 0.163703
7.18 0.015204 -0.162262 0.162972
7.19 0.00659755 -0.162107 0.162241
7.2 -0.00194682 -0.161498 0.161509
7.21 -0.010405 -0.16044 0.160777
7.22 -0.0187543 -0.158943 0.160046
7.23 -0.0269719 -0.157014 0.159314
7.24 -0.0350362 -0.154665 0.158584
7.25 -0.0429259 -0.151906 0.157854
7.26 -0.0506209 -0.148749 0.157126
7.27 -0.0581013 -0.145207 0.1564
7.28 -0.0653486 -0.141296 0.155676
7.29 -0.0723449 -0.13703 0.154955
7.3 -0.0790735 -0.132424 0.154236
7.31 -0.0855182 -0.127496 0.153521
7.32 -0.0916647 -0.122263 0.152809
7.33 -0.0974985 -0.116743 0.152101
7.34 -0.103007 -0.110954 0.151398
7.35 -0.108179 -0.104916 0.150698
7.36 -0.113003 -0.0986472 0.150004
7.37 -0.117471 -0.0921689 0.149313
7.38 -0.121573 -0.0855009 0.148628
7.39 -0.125302 -0.0786637 0.147948
7.4 -0.128653 -0.071678 0.147273
7.41 -0.131621 -0.0645647 0.146604
7.42 -0.134201 -0.0573448 0.145939
7.43 -0.13639 -0.050039 0.14528
7.44 -0.138189 -0.0426687 0.144626
7.45 -0.139594 -0.0352542 0.143977
7.46 -0.140609 -0.0278163 0.143334
7.47 -0.141233 -0.0203757 0.142695
7.48 -0.14147 -0.0129522 0.142061
7.49 -0.141323 -0.00556591 0.141432
7.5 -0.140797 0.00176395 0.140808
7.51 -0.139898 0.00901798 0.140189
7.52 -0.138633 0.016178 0.139574
7.53 -0.137008 0.0232256 0.138962
7.54 -0.135032 0.0301434 0.138356
7.55 -0.132715 0.0369145 0.137753
7.56 -0.130065 0.0435226 0.137154
7.57 -0.127095 0.0499518 0.136559
7.58 -0.123815 0.0561875 0.135968
7.59 -0.120237 0.062215 0.13538
7.6 -0.116374 0.0680212 0.134796
7.61 -0.11224 0.0735929 0.134215
7.62 -0.107847 0.0789187 0.133638
7.63 -0.103211 0.0839869 0.133065
7.64 -0.0983451 0.0887876 0.132495
7.65 -0.0932656 0.0933108 0.131929
7.66 -0.0879873 0.0975483 0.131368
7.67 -0.0825263 0.101492 0.13081
7.68 -0.0768983 0.105135 0.130256
7.69 -0.0711197 0.108471 0.129707
7.7 -0.0652066 0.111494 0.129162
7.71 -0.0591758 0.114202 0.128623
7.72 -0.0530435 0.116589 0.128088
7.73 -0.0468267 0.118652 0.127558
7.74 -0.0405416 0.120392 0.127035
7.75 -0.0342051 0.121805 0.126517
7.76 -0.0278332 0.122892 0.126005
7.77 -0.021443 0.123654 0.125499
7.78 -0.0150498 0.124091 0.125
7.79 -0.00867036 0.124206 0.124508
7.8 -0.00231994 0.124001 0.124023
7.81 0.00398552 0.123481 0.123546
7.82 0.0102312 0.122649 0.123075
7.83 0.0164018 0.121511 0.122613
7.84 0.0224832 0.120072 0.122158
7.85 0.0284608 0.118338 0.121712
7.86 0.0343212 0.116316 0.121273
7.87 0.0400507 0.114013 0.120843
7.88 0.0456367 0.111439 0.120421
7.89 0.0510664 0.108601 0.120008
7.9 0.0563284 0.105508 0.119603
7.91 0.0614107 0.10217 0.119206
7.92 0.0663027 0.0985971 0.118817
7.93 0.070994 0.0948 0.118436
7.94 0.0754747 0.0907892 0.118064
7.95 0.0797356 0.0865761 0.1177
7.96 0.083768 0.0821722 0.117343
7.97 0.0875638 0.0775897 0.116994
7.98 0.0911156 0.0728406 0.116652
7.99 0.0944163 0.0679374 0.116318
8 0.0974599 0.0628929 0.115991
8.01 0.100241 0.0577201 0.115671
8.02 0.102754 0.052432 0.115358
8.03 0.104994 0.047042 0.115051
8.04 0.106959 0.0415634 0.11475
8.05 0.108644 0.0360099 0.114456
8.06 0.110047 0.0303946 0.114167
8.07 0.111167 0.0247319 0.113885
8.08 0.112002 0.0190347 0.113608
8.09 0.112551 0.0133172 0.113336
8.1 0.112815 0.0075927 0.11307
8.11 0.112794 0.00187503 0.112809
8.12 0.112489 -0.0038226 0.112554
8.13 0.111902 -0.00948645 0.112303
8.14 0.111036 -0.0151036 0.112058
8.15 0.109893 -0.0206606 0.111819
8.16 0.108478 -0.0261447 0.111584
8.17 0.106794 -0.0315429 0.111355
8.18 0.104847 -0.0368431 0.111131
8.19 0.102641 -0.0420323 0.110914
8.2 0.100182 -0.047099 0.110701
8.21 0.0974779 -0.0520313 0.110495
8.22 0.0945343 -0.0568176 0.110295
8.23 0.0913596 -0.061447 0.110101
8.24 0.0879612 -0.0659084 0.109914
8.25 0.084348 -0.0701916 0.109733
8.26 0.0805286 -0.0742864 0.10956
8.27 0.0765129 -0.0781832 0.109393
8.28 0.0723104 -0.0818729 0.109234
8.29 0.0679318 -0.0853466 0.109081
8.3 0.0633874 -0.0885959 0.108937
8.31 0.0586888 -0.0916133 0.1088
8.32 0.0538469 -0.0943912 0.10867
8.33 0.0488743 -0.0969228 0.108548
8.34 0.0437823 -0.0992019 0.108434
8.35 0.0385842 -0.101223 0.108327
8.36 0.0332922 -0.10298 0.108228
8.37 0.0279196 -0.10447 0.108136
8.38 0.0224795 -0.105688 0.108052
8.39 0.0169856 -0.10663 0.107974
8.4 0.0114512 -0.107294 0.107903
8.41 0.00589033 -0.107678 0.107839
8.42 0.000316738 -0.107781 0.107781
8.43 -0.00525531 -0.107601 0.107729
8.44 -0.0108121 -0.107138 0.107682
8.45 -0.0163392 -0.106394 0.107641
8.46 -0.0218226 -0.105368 0.107604
8.47 -0.0272482 -0.104064 0.107572
8.48 -0.032602 -0.102483 0.107544
8.49 -0.0378699 -0.100629 0.107519
8.5 -0.0430383 -0.0985058 0.107497
8.51 -0.0480937 -0.0961184 0.107479
8.52 -0.053022 -0.0934716 0.107463
8.53 -0.0578107 -0.0905719 0.107449
8.54 -0.0624464 -0.0874256 0.107437
8.55 -0.0669165 -0.0840403 0.107427
8.56 -0.0712088 -0.0804239 0.107418
8.57 -0.0753113 -0.0765854 0.107411
8.58 -0.0792124 -0.0725336 0.107405
8.59 -0.082901 -0.0682791 0.107399
8.6 -0.0863664 -0.0638319 0.107395
8.61 -0.0895986 -0.0592036 0.107392
8.62 -0.0925878 -0.0544056 0.107389
8.63 -0.0953251 -0.0494504 0.107388
8.64 -0.0978019 -0.0443504 0.107388
8.65 -0.100011 -0.0391194 0.107389
8.66 -0.101944 -0.0337709 0.107392
8.67 -0.103595 -0.028319 0.107396
8.68 -0.104959 -0.0227784 0.107402
8.69 -0.10603 -0.0171642 0.107411
8.7 -0.106805 -0.0114914 0.107421
8.71 -0.107279 -0.00577583 0.107434
8.72 -0.107449 -3.31022e-05 0.107449
8.73 -0.107315 0.00572052 0.107468
8.74 -0.106875 0.011469 0.107489
8.75 -0.106129 0.0171959 0.107513
8.76 -0.105077 0.0228847 0.107541
8.77 -0.103722 0.0285193 0.107571
8.78 -0.102065 0.0340828 0.107605
8.79 -0.10011 0.0395592 0.107642
8.8 -0.0978602 0.0449319 0.107682
8.81 -0.0953221 0.0501854 0.107726
8.82 -0.092501 0.0553029 0.107772
8.83 -0.0894038 0.0602695 0.107821
8.84 -0.0860381 0.0650696 0.107873
8.85 -0.0824126 0.0696881 0.107927
8.86 -0.0785365 0.0741107 0.107983
8.87 -0.0744201 0.0783233 0.108041
8.88 -0.0700743 0.082312 0.1081
8.89 -0.0655111 0.0860644 0.108161
8.9 -0.0607429 0.0895673 0.108222
8.91 -0.0557828 0.0928098 0.108284
8.92 -0.050645 0.0957801 0.108345
8.93 -0.0453439 0.0984684 0.108407
8.94 -0.0398948 0.100865 0.108468
8.95 -0.0343132 0.102961 0.108528
8.96 -0.0286161 0.104748 0.108587
8.97 -0.0228194 0.106221 0.108644
8.98 -0.016941 0.107372 0.1087
8.99 -0.0109982 0.108196 0.108754
9 -0.00500913 0.10869 0.108805
9.01 0.0010081 0.108851 0.108855
9.02 0.00703479 0.108675 0.108903
9.03 0.0130526 0.108163 0.108948
9.04 0.0190424 0.107315 0.108991
9.05 0.0249857 0.106131 0.109032
9.06 0.0308632 0.104613 0.109071
9.07 0.0366567 0.102766 0.109108
9.08 0.0423471 0.100592 0.109143
9.09 0.0479165 0.0980989 0.109176
9.1 0.053346 0.0952917 0.109208
9.11 0.0586185 0.0921782 0.109238
9.12 0.0637159 0.0887673 0.109267
9.13 0.0686216 0.0850685 0.109296
9.14 0.0733188 0.0810924 0.109323
9.15 0.0777916 0.0768508 0.109351
9.16 0.0820245 0.0723562 0.109377
9.17 0.0860033 0.0676221 0.109404
9.18 0.0897134 0.062663 0.109431
9.19 0.0931423 0.0574939 0.109458
9.2 0.0962772 0.0521313 0.109485
9.21 0.099107 0.0465913 0.109512
9.22 0.101621 0.040892 0.10954
9.23 0.10381 0.035051 0.109568
9.24 0.105665 0.0290874 0.109596
9.25 0.10718 0.0230199 0.109624
9.26 0.108347 0.0168689 0.109652
9.27 0.109161 0.0106539 0.10968
9.28 0.109619 0.00439555 0.109708
9.29 0.109718 -0.00188553 0.109735
9.3 0.109456 -0.00816848 0.109761
9.31 0.108833 -0.0144324 0.109786
9.32 0.107849 -0.0206559 0.109809
9.33 0.106507 -0.0268186 0.109831
9.34 0.104809 -0.0328989 0.109851
9.35 0.102761 -0.0388767 0.109869
9.36 0.100368 -0.0447308 0.109884
9.37 0.0976367 -0.0504417 0.109897
9.38 0.094576 -0.0559891 0.109906
9.39 0.0911949 -0.0613542 0.109913
9.4 0.087504 -0.0665176 0.109916
9.41 0.0835146 -0.0714616 0.109916
9.42 0.07924 -0.0761684 0.109912
9.43 0.0746937 -0.0806216 0.109904
9.44 0.0698903 -0.084805 0.109893
9.45 0.0648458 -0.0887037 0.109879
9.46 0.0595771 -0.0923033 0.109861
9.47 0.0541014 -0.095591 0.109839
9.48 0.0484375 -0.0985545 0.109814
9.49 0.0426039 -0.101183 0.109786
9.5 0.036621 -0.103466 0.109756
9.51 0.0305088 -0.105395 0.109722
9.52 0.0242887 -0.106963 0.109686
9.53 0.0179817 -0.108164 0.109649
9.54 0.01161 -0.108992 0.109609
9.55 0.00519521 -0.109444 0.109567
9.56 -0.00123964 -0.109518 0.109525
9.57 -0.00767236 -0.109211 0.109481
9.58 -0.0140802 -0.108526 0.109436
9.59 -0.0204407 -0.107464 0.10939
9.6 -0.0267311 -0.106027 0.109345
9.61 -0.0329294 -0.10422 0.109298
9.62 -0.0390128 -0.102049 0.109252
9.63 -0.0449604 -0.0995209 0.109205
9.64 -0.0507501 -0.0966444 0.109159
9.65 -0.0563614 -0.0934285 0.109112
9.66 -0.0617741 -0.0898849 0.109066
9.67 -0.0669683 -0.0860251 0.109019
9.68 -0.0719253 -0.0818631 0.108972
9.69 -0.0766271 -0.0774127 0.108924
9.7 -0.0810563 -0.0726901 0.108876
9.71 -0.0851967 -0.0677112 0.108827
9.72 -0.0890331 -0.0624942 0.108777
9.73 -0.0925513 -0.0570572 0.108726
9.74 -0.0957382 -0.0514197 0.108673
9.75 -0.098582 -0.0456016 0.108618
9.76 -0.101072 -0.0396241 0.108562
9.77 -0.103199 -0.0335081 0.108503
9.78 -0.104955 -0.0272764 0.108442
9.79 -0.106333 -0.0209507 0.108377
9.8 -0.107328 -0.0145543 0.10831
9.81 -0.107936 -0.0081103 0.10824
9.82 -0.108154 -0.00164211 0.108167
9.83 -0.107982 0.00482672 0.10809
9.84 -0.10742 0.0112724 0.108009
9.85 -0.106469 0.0176717 0.107925
9.86 -0.105133 0.0240009 0.107838
9.87 -0.103417 0.0302369 0.107747
9.88 -0.101327 0.0363567 0.107652
9.89 -0.0988699 0.0423381 0.107554
9.9 -0.0960557 0.0481587 0.107452
9.91 -0.0928939 0.0537971 0.107347
9.92 -0.0893968 0.0592326 0.107239
9.93 -0.0855765 0.0644451 0.107128
9.94 -0.0814478 0.0694153 0.107015
9.95 -0.0770256 0.0741246 0.106899
9.96 -0.0723264 0.0785559 0.106781
9.97 -0.0673678 0.0826926 0.106661
9.98 -0.0621683 0.0865194 0.106539
9.99 -0.0567469 0.0900221 0.106415
10 -0.0511244 0.0931878 0.106291
10.01 -0.0453216 0.0960046 0.106165
10.02 -0.0393603 0.0984624 0.106038
10.03 -0.0332626 0.100552 0.105911
10.04 -0.0270519 0.102266 0.105783
10.05 -0.0207511 0.103597 0.105655
10.06 -0.0143843 0.104542 0.105527
10.07 -0.00797514 0.105096 0.105398
10.08 -0.00154793 0.105258 0.105269
10.09 0.00487313 0.105027 0.10514
10.1 0.0112641 0.104405 0.105011
10.11 0.0176002 0.103394 0.104882
10.12 0.0238582 0.101999 0.104752
10.13 0.0300142 0.100224 0.104622
10.14 0.0360451 0.0980776 0.104491
10.15 0.0419279 0.0955669 0.10436
10.16 0.0476407 0.0927025 0.104228
10.17 0.0531617 0.0894954 0.104094
10.18 0.0584703 0.0859583 0.10396
10.19 0.0635465 0.0821045 0.103823
10.2 0.0683713 0.0779495 0.103686
10.21 0.0729261 0.0735091 0.103546
10.22 0.0771946 0.0688009 0.103405
10.23 0.0811601 0.0638428 0.103261
10.24 0.0848085 0.0586542 0.103115
10.25 0.0881256 0.0532554 0.102967
10.26 0.0910997 0.047667 0.102817
10.27 0.0937194 0.041911 0.102664
10.28 0.0959756 0.0360095 0.102509
10.29 0.0978597 0.0299854 0.102351
10.3 0.0993655 0.023862 0.10219
10.31 0.100487 0.0176631 0.102028
10.32 0.101222 0.0114125 0.101863
10.33 0.101566 0.00513454 0.101696
10.34 0.101521 -0.00114665 0.101527
10.35 0.101086 -0.0074065 0.101357
10.36 0.100263 -0.0136214 0.101184
10.37 0.0990577 -0.0197668 0.101011
10.38 0.0974743 -0.0258196 0.100836
10.39 0.0955197 -0.0317559 0.10066
10.4 0.0932023 -0.0375533 0.100483
10.41 0.0905319 -0.0431894 0.100306
10.42 0.0875195 -0.0486426 0.100129
10.43 0.0841773 -0.053892 0.0999508
10.44 0.0805194 -0.0589177 0.099773
10.45 0.0765604 -0.0637001 0.0995952
10.46 0.0723165 -0.0682217 0.0994177
10.47 0.0678048 -0.0724649 0.0992404
10.48 0.0630437 -0.0764139 0.0990636
10.49 0.0580522 -0.0800535 0.0988869
10.5 0.0528504 -0.0833707 0.0987109
10.51 0.0474594 -0.0863525 0.098535
10.52 0.0419003 -0.0889887 0.0983597
10.53 0.0361958 -0.091269 0.0981843
10.54 0.0303682 -0.0931855 0.098009
10.55 0.0244413 -0.0947317 0.0978339
10.56 0.0184381 -0.095902 0.0976583
10.57 0.0123828 -0.0966928 0.0974825
10.58 0.00629913 -0.0971021 0.0973062
10.59 0.000211504 -0.0971286 0.0971289
10.6 -0.00585646 -0.0967737 0.0969508
10.61 -0.0118803 -0.0960395 0.0967715
10.62 -0.0178369 -0.0949298 0.096591
10.63 -0.0237022 -0.0934498 0.0964089
10.64 -0.0294539 -0.0916065 0.0962252
10.65 -0.0350688 -0.0894081 0.0960398
10.66 -0.0405258 -0.086864 0.0958525
10.67 -0.0458028 -0.0839855 0.0956633
10.68 -0.05088 -0.0807846 0.0954722
10.69 -0.0557374 -0.0772754 0.0952793
10.7 -0.0603564 -0.073472 0.0950843
10.71 -0.0647194 -0.0693909 0.0948878
10.72 -0.0688096 -0.0650488 0.0946895
10.73 -0.0726112 -0.0604639 0.0944895
10.74 -0.0761105 -0.055655 0.0942883
10.75 -0.079294 -0.0506423 0.0940861
10.76 -0.08215 -0.045446 0.0938827
10.77 -0.084668 -0.0400878 0.0936787
10.78 -0.086839 -0.0345893 0.0934742
10.79 -0.0886554 -0.0289735 0.0932697
10.8 -0.0901109 -0.0232625 0.0930651
10.81 -0.0912009 -0.0174803 0.092861
10.82 -0.0919218 -0.0116496 0.0926571
10.83 -0.0922724 -0.00579483 0.0924542
10.84 -0.0922519 6.09445e-05 0.0922519
10.85 -0.0918621 0.00589395 0.092051
10.86 -0.0911052 0.0116808 0.091851
10.87 -0.0899857 0.0173981 0.0916522
10.88 -0.0885093 0.0230233 0.0914547
10.89 -0.0866831 0.0285335 0.0912585
10.9 -0.0845153 0.0339072 0.0910633
10.91 -0.0820163 0.0391229 0.0908696
10.92 -0.0791967 0.0441601 0.0906765
10.93 -0.0760696 0.0489987 0.0904845
10.94 -0.0726479 0.0536199 0.0902929
10.95 -0.0689473 0.0580057 0.0901021
10.96 -0.0649828 0.0621389 0.0899111
10.97 -0.0607722 0.0660037 0.0897203
10.98 -0.0563328 0.0695851 0.0895291
10.99 -0.0516838 0.0728697 0.0893376
11 -0.0468445 0.0758449 0.0891451
11.01 -0.0418355 0.0784997 0.0889518
11.02 -0.0366775 0.0808245 0.0887572
11.03 -0.0313923 0.0828108 0.0885613
11.04 -0.0260014 0.0844516 0.0883637
11.05 -0.0205276 0.0857417 0.0881648
11.06 -0.0149933 0.0866766 0.0879638
11.07 -0.00942134 0.0872542 0.0877613
11.08 -0.00383448 0.087473 0.087557
11.09 0.00174431 0.0873338 0.0873513
11.1 0.00729234 0.086838 0.0871436
11.11 0.012787 0.0859894 0.086935
11.12 0.0182058 0.0847924 0.0867248
11.13 0.0235271 0.0832535 0.086514
11.14 0.0287292 0.0813801 0.0863023
11.15 0.0337916 0.0791812 0.0860902
11.16 0.0386934 0.0766669 0.0858778
11.17 0.0434155 0.0738491 0.0856656
11.18 0.0479391 0.0707402 0.0854537
11.19 0.0522464 0.0673545 0.0852427
11.2 0.05632 0.0637065 0.0850322
11.21 0.0601447 0.0598129 0.0848231
11.22 0.063705 0.0556901 0.0846151
11.23 0.0669877 0.0513566 0.0844088
11.24 0.0699797 0.0468306 0.0842037
11.25 0.0726706 0.0421321 0.0840007
11.26 0.0750494 0.0372808 0.083799
11.27 0.0771083 0.0322976 0.0835992
11.28 0.0788393 0.0272037 0.0834007
11.29 0.0802369 0.0220205 0.0832037
11.3 0.0812963 0.0167701 0.083008
11.31 0.0820147 0.0114744 0.0828134
11.32 0.08239 0.00615551 0.0826196
11.33 0.0824225 0.000835907 0.0824267
11.34 0.0821125 -0.00446242 0.0822337
11.35 0.0814636 -0.00971767 0.0820411
11.36 0.080479 -0.0149076 0.081848
11.37 0.0791646 -0.0200116 0.0816547
11.38 0.0775266 -0.025008 0.0814603
11.39 0.0755736 -0.029877 0.081265
11.4 0.0733145 -0.0345982 0.0810682
11.41 0.0707603 -0.0391531 0.0808702
11.42 0.0679226 -0.0435228 0.0806704
11.43 0.0648142 -0.0476903 0.0804689
11.44 0.0614495 -0.0516384 0.0802656
11.45 0.0578431 -0.055352 0.0800604
11.46 0.0540114 -0.0588161 0.0798534
11.47 0.0499713 -0.0620176 0.0796449
11.48 0.0457403 -0.0649436 0.0794345
11.49 0.041337 -0.0675837 0.0792231
11.5 0.0367808 -0.0699271 0.0790103
11.51 0.0320908 -0.071966 0.0787967
11.52 0.0272878 -0.0736924 0.0785825
11.53 0.0223921 -0.075101 0.0783681
11.54 0.017425 -0.0761865 0.0781538
11.55 0.0124072 -0.0769463 0.0779401
11.56 0.00736046 -0.077378 0.0777273
11.57 0.00230579 -0.0774814 0.0775157
11.58 -0.00273509 -0.0772573 0.0773057
11.59 -0.00774134 -0.0767079 0.0770976
11.6 -0.0126917 -0.0758373 0.0768919
11.61 -0.0175657 -0.07465 0.0766889
11.62 -0.0223429 -0.0731524 0.0764884
11.63 -0.0270036 -0.0713523 0.0762912
11.64 -0.0315283 -0.0692585 0.0760971
11.65 -0.0358988 -0.0668808 0.0759063
11.66 -0.0400969 -0.0642309 0.075719
11.67 -0.0441057 -0.0613205 0.0755349
11.68 -0.0479087 -0.0581636 0.0753541
11.69 -0.0514908 -0.0547742 0.0751765
11.7 -0.0548375 -0.051168 0.0750021
11.71 -0.0581111 -0.0475244 0.0750697
11.72 -0.0613091 -0.0438485 0.0753757
11.73 -0.0644291 -0.0401447 0.0759125
11.74 -0.0674688 -0.0364182 0.0766702
11.75 -0.0704257 -0.0326732 0.0776358
11.76 -0.0732979 -0.0289148 0.078795
11.77 -0.0760833 -0.0251476 0.0801316
11.78 -0.0787795 -0.0213768 0.0816283
11.79 -0.081385 -0.0176064 0.0832676
11.8 -0.0838979 -0.013842 0.0850321
11.81 -0.0863161 -0.0100877 0.0869035
11.82 -0.0886385 -0.00634879 0.0888655
11.83 -0.090863 -0.00262957 0.0909011
11.84 -0.0929888 0.0010649 0.0929949
11.85 -0.0950137 0.00473022 0.0951314
11.86 -0.0969373 0.00836151 0.0972972
11.87 -0.0987577 0.0119543 0.0994786
11.88 -0.100475 0.0155039 0.101664
11.89 -0.102086 0.0190058 0.10384
11.9 -0.103593 0.0224555 0.105998
11.91 -0.104992 0.0258487 0.108127
11.92 -0.106285 0.0291805 0.110218
11.93 -0.10747 0.0324473 0.112261
11.94 -0.108547 0.0356445 0.11425
11.95 -0.109516 0.0387676 0.116175
11.96 -0.110376 0.0418131 0.11803
11.97 -0.111127 0.0447764 0.119809
11.98 -0.11177 0.0476539 0.121505
11.99 -0.112304 0.0504414 0.123112
12 -0.11273 0.0531354 0.124625
12.01 -0.113047 0.0557318 0.126039
12.02 -0.113257 0.0582274 0.127348
12.03 -0.11336 0.0606182 0.12855
12.04 -0.113356 0.0629014 0.129638
12.05 -0.113246 0.065073 0.13061
12.06 -0.113031 0.0671302 0.131462
12.07 -0.112711 0.0690697 0.132191
12.08 -0.112288 0.0708887 0.132792
12.09 -0.111763 0.0725839 0.133264
12.1 -0.111137 0.0741531 0.133604
12.11 -0.110411 0.0755931 0.133809
12.12 -0.109586 0.0769017 0.133877
12.13 -0.108665 0.0780763 0.133805
12.14 -0.107647 0.0791146 0.133593
12.15 -0.106536 0.0800146 0.133237
12.16 -0.105332 0.080774 0.132738
12.17 -0.104038 0.0813911 0.132092
12.18 -0.102654 0.0818639 0.131299
12.19 -0.101184 0.0821911 0.130359
12.2 -0.099628 0.0823708 0.12927
12.21 -0.0979895 0.0824019 0.128031
12.22 -0.0962698 0.082283 0.126643
12.23 -0.0944716 0.0820131 0.125104
12.24 -0.0925962 0.0815909 0.123414
12.25 -0.0906468 0.0810162 0.121575
12.26 -0.0886249 0.0802875 0.119585
12.27 -0.0865335 0.079405 0.117444
12.28 -0.0843746 0.0783677 0.115155
12.29 -0.0821508 0.0771758 0.112716
12.3 -0.0798646 0.0758287 0.110129
12.31 -0.0775184 0.0743267 0.107394
12.32 -0.0751151 0.0726697 0.104514
12.33 -0.0726569 0.0708584 0.101489
12.34 -0.0701468 0.0688926 0.0983197
12.35 -0.0675872 0.0667733 0.095009
12.36 -0.064981 0.0645009 0.0915581
12.37 -0.062331 0.0620762 0.0879694
12.38 -0.0596397 0.0595001 0.0842447
12.39 -0.0569098 0.056774 0.0803867
12.4 -0.0541447 0.0538986 0.0763983
12.41 -0.0513463 0.0508754 0.0722824
12.42 -0.0485181 0.0477059 0.0680431
12.43 -0.0456626 0.0443915 0.0636842
12.44 -0.0427827 0.0409341 0.0592112
12.45 -0.0398811 0.0373351 0.0546298
12.46 -0.0369608 0.0335968 0.0499484
12.47 -0.0340244 0.0297209 0.0451774
12.48 -0.031075 0.0257098 0.0403317
12.49 -0.028115 0.0215654 0.0354333
12.5 -0.0251475 0.0172904 0.0305181
12.51 -0.0221751 0.0128871 0.0256478
12.52 -0.0192006 0.00835792 0.0209408
12.53 -0.0162264 0.00370544 0.0166441
12.54 -0.0132559 -0.00106709 0.0132987
12.55 -0.0102911 -0.00595773 0.0118912
12.56 -0.0073348 -0.0109625 0.01319
12.57 -0.00438989 -0.0160794 0.0166678
12.58 -0.00145851 -0.0213046 0.0213544
12.59 0.00145624 -0.0266355 0.0266753
12.6 0.00435251 -0.0320684 0.0323624
12.61 0.00722732 -0.0376004 0.0382887
12.62 0.0100787 -0.0432278 0.0443871
12.63 0.0129039 -0.0489475 0.0506199
12.64 0.015701 -0.0547556 0.0569623
12.65 0.0184673 -0.060649 0.0633983
12.66 0.0212011 -0.0666237 0.0699157
12.67 0.0238998 -0.0726764 0.0765053
12.68 0.0265619 -0.0788029 0.0831591
12.69 0.0291845 -0.085 0.0898706
12.7 0.0317667 -0.0912635 0.0966341
12.71 0.0343057 -0.0975897 0.103444
12.72 0.0368002 -0.103975 0.110295
12.73 0.0392482 -0.110415 0.117183
12.74 0.0416483 -0.116906 0.124103
12.75 0.0439985 -0.123444 0.131051
12.76 0.0462976 -0.130025 0.138022
12.77 0.0485439 -0.136646 0.145012
12.78 0.0507362 -0.143301 0.152018
12.79 0.0528732 -0.149988 0.159034
12.8 0.0549535 -0.156701 0.166058
12.81 0.0569762 -0.163438 0.173085
12.82 0.05894 -0.170194 0.180111
12.83 0.060844 -0.176965 0.187132
12.84 0.0626874 -0.183747 0.194146
12.85 0.0644695 -0.190535 0.201147
12.86 0.0661891 -0.197327 0.208132
12.87 0.0678463 -0.204118 0.215098
12.88 0.0694396 -0.210904 0.222041
12.89 0.0709696 -0.217681 0.228958
12.9 0.072435 -0.224445 0.235844
12.91 0.0738362 -0.231192 0.242696
12.92 0.0751726 -0.237918 0.249512
12.93 0.0764445 -0.24462 0.256287
12.94 0.0776512 -0.251294 0.263018
12.95 0.0787935 -0.257935 0.269702
12.96 0.079871 -0.26454 0.276335
12.97 0.0808844 -0.271106 0.282915
12.98 0.0818334 -0.277628 0.289437
12.99 0.0827194 -0.284103 0.295901
13 0.0835418 -0.290527 0.3023
13.01 0.084302 -0.296898 0.308634
13.02 0.0850003 -0.30321 0.314899
13.03 0.0856375 -0.309461 0.321092
13.04 0.0862145 -0.315647 0.327209
13.05 0.0867321 -0.321765 0.333249
13.06 0.0871914 -0.327811 0.339209
13.07 0.0875934 -0.333783 0.345085
13.08 0.0879392 -0.339676 0.350875
13.09 0.0882301 -0.345489 0.356577
13.1 0.0884674 -0.351216 0.362187
13.11 0.0886523 -0.356857 0.367704
13.12 0.0887864 -0.362406 0.373124
13.13 0.0888711 -0.367862 0.378445
13.14 0.0889081 -0.373221 0.383665
13.15 0.0888987 -0.378482 0.388782
13.16 0.088845 -0.383639 0.393793
13.17 0.0887481 -0.388692 0.398695
13.18 0.0886106 -0.393637 0.403487
13.19 0.0884336 -0.398471 0.408166
13.2 0.0882194 -0.403193 0.412731
13.21 0.0879697 -0.407799 0.417179
13.22 0.0876866 -0.412286 0.421508
13.23 0.0873719 -0.416654 0.425716
13.24 0.0870281 -0.420898 0.429801
13.25 0.0866566 -0.425017 0.433762
13.26 0.0862601 -0.429009 0.437595
13.27 0.0858403 -0.432872 0.441301
13.28 0.0853998 -0.436602 0.444876
13.29 0.0849402 -0.440199 0.448319
13.3 0.0844643 -0.44366 0.451628
13.31 0.083974 -0.446983 0.454802
13.32 0.0834713 -0.450167 0.45784
13.33 0.0829588 -0.453209 0.460739
13.34 0.0824385 -0.456108 0.463498
13.35 0.0819129 -0.458862 0.466116
13.36 0.081384 -0.461469 0.468591
13.37 0.0808542 -0.463929 0.470922
13.38 0.0803256 -0.466239 0.473108
13.39 0.0798007 -0.468397 0.475147
13.4 0.0792812 -0.470404 0.477038
13.41 0.0787699 -0.472257 0.478781
13.42 0.0782685 -0.473955 0.480374
13.43 0.0777795 -0.475496 0.481815
13.44 0.0773047 -0.47688 0.483105
13.45 0.0768468 -0.478106 0.484242
13.46 0.076407 -0.479172 0.485226
13.47 0.0759883 -0.480078 0.486055
13.48 0.0755919 -0.480823 0.486729
13.49 0.0752204 -0.481405 0.487247
13.5 0.0748754 -0.481825 0.487608
13.51 0.0745589 -0.482081 0.487813
13.52 0.0742728 -0.482173 0.48786
13.53 0.074019 -0.4821 0.487749
13.54 0.0737989 -0.481862 0.48748
13.55 0.0736146 -0.481458 0.487053
13.56 0.0734677 -0.480887 0.486467
13.57 0.0733597 -0.48015 0.485722
13.58 0.0732922 -0.479246 0.484818
13.59 0.0732667 -0.478175 0.483756
13.6 0.0732847 -0.476937 0.482534
13.61 0.0733473 -0.475531 0.481154
13.62 0.0734564 -0.473957 0.479615
13.63 0.0736125 -0.472215 0.477918
13.64 0.0738174 -0.470306 0.476064
13.65 0.0740716 -0.468229 0.474051
13.66 0.0743766 -0.465984 0.471883
13.67 0.0747331 -0.463572 0.469558
13.68 0.0751421 -0.460993 0.467077
13.69 0.0756039 -0.458247 0.464441
13.7 0.0761201 -0.455334 0.461652
13.71 0.0766903 -0.452254 0.45871
13.72 0.0773158 -0.449009 0.455617
13.73 0.0779964 -0.445598 0.452372
13.74 0.0787331 -0.442022 0.448979
13.75 0.0795255 -0.438281 0.445437
13.76 0.0803744 -0.434376 0.44175
13.77 0.0812794 -0.430308 0.437917
13.78 0.0822406 -0.426077 0.433941
13.79 0.0832579 -0.421684 0.429824
13.8 0.084331 -0.417129 0.425569
13.81 0.0854598 -0.412414 0.421176
13.82 0.0866437 -0.40754 0.416648
13.83 0.0878821 -0.402506 0.411989
13.84 0.0891747 -0.397315 0.4072
13.85 0.0905206 -0.391967 0.402283
13.86 0.0919188 -0.386463 0.397244
13.87 0.0933688 -0.380804 0.392083
13.88 0.0948692 -0.374991 0.386806
13.89 0.0964193 -0.369026 0.381415
13.9 0.0980173 -0.36291 0.375914
13.91 0.0996626 -0.356644 0.370307
13.92 0.101353 -0.350228 0.364599
13.93 0.103088 -0.343666 0.358795
13.94 0.104865 -0.336958 0.352898
13.95 0.106683 -0.330105 0.346916
13.96 0.10854 -0.323109 0.340853
13.97 0.110434 -0.315973 0.334715
13.98 0.112362 -0.308696 0.32851
13.99 0.114325 -0.301282 0.322243
14 0.116317 -0.293731 0.315923
14.01 0.118339 -0.286046 0.309558
14.02 0.120387 -0.278228 0.303156
14.03 0.122458 -0.27028 0.296727
14.04 0.124551 -0.262202 0.290281
14.05 0.126663 -0.253999 0.283829
14.06 0.128791 -0.245671 0.277383
14.07 0.130933 -0.237221 0.270956
14.08 0.133085 -0.22865 0.264561
14.09 0.135245 -0.219962 0.258214
14.1 0.13741 -0.211159 0.251932
14.11 0.139576 -0.202242 0.245731
14.12 0.141742 -0.193215 0.239631
14.13 0.143903 -0.18408 0.233653
14.14 0.146057 -0.17484 0.22782
14.15 0.1482 -0.165497 0.222155
14.16 0.15033 -0.156054 0.216684
14.17 0.152442 -0.146515 0.211436
14.18 0.154534 -0.136881 0.206439
14.19 0.156601 -0.127155 0.201724
14.2 0.158642 -0.117342 0.197324
14.21 0.160652 -0.107444 0.19327
14.22 0.162628 -0.0974636 0.189597
14.23 0.164566 -0.0874045 0.186337
14.24 0.166463 -0.0772703 0.183523
14.25 0.168315 -0.0670637 0.181184
14.26 0.17012 -0.0567888 0.179348
14.27 0.171873 -0.0464487 0.178038
14.28 0.17357 -0.0360471 0.177274
14.29 0.17521 -0.0255874 0.177068
14.3 0.176787 -0.0150738 0.177428
14.31 0.177733 -0.00446097 0.177789
14.32 0.178041 0.00621228 0.178149
14.33 0.177708 0.0169083 0.17851
14.34 0.176731 0.027588 0.178872
14.35 0.175113 0.0382131 0.179234
14.36 0.172854 0.0487445 0.179596
14.37 0.169961 0.059144 0.179958
14.38 0.166442 0.0693731 0.180321
14.39 0.162306 0.079394 0.180684
14.4 0.157565 0.0891696 0.181047
14.41 0.152235 0.0986631 0.181411
14.42 0.146331 0.107839 0.181774
14.43 0.139873 0.116663 0.182139
14.44 0.132881 0.1251 0.182503
14.45 0.125379 0.13312 0.182868
14.46 0.117391 0.14069 0.183233
14.47 0.108945 0.147781 0.183598
14.48 0.100069 0.154366 0.183964
14.49 0.0907929 0.160418 0.18433
14.5 0.0811494 0.165914 0.184696
14.51 0.0711718 0.170829 0.185062
14.52 0.0608947 0.175145 0.185429
14.53 0.0503544 0.178842 0.185796
14.54 0.0395879 0.181905 0.186163
14.55 0.0286334 0.18432 0.18653
14.56 0.0175302 0.186074 0.186898
14.57 0.00631797 0.187159 0.187266
14.58 -0.00496325 0.187569 0.187634
14.59 -0.0162723 0.187297 0.188003
14.6 -0.027568 0.186343 0.188371
14.61 -0.0388096 0.184707 0.18874
14.62 -0.0499553 0.182392 0.18911
14.63 -0.0609645 0.179403 0.189479
14.64 -0.071796 0.175749 0.189849
14.65 -0.0824101 0.17144 0.190218
14.66 -0.0927662 0.166488 0.190588
14.67 -0.102826 0.16091 0.190959
14.68 -0.112552 0.154722 0.191329
14.69 -0.121906 0.147945 0.1917
14.7 -0.130853 0.140601 0.19207
14.71 -0.139358 0.132714 0.192441
14.72 -0.147388 0.124311 0.192812
14.73 -0.154913 0.115421 0.193184
14.74 -0.161901 0.106073 0.193555
14.75 -0.168326 0.0963012 0.193927
14.76 -0.174162 0.0861376 0.194299
14.77 -0.179383 0.0756193 0.194671
14.78 -0.18397 0.0647822 0.195043
14.79 -0.187902 0.0536656 0.195415
14.8 -0.191161 0.0423082 0.195787
14.81 -0.193734 0.0307514 0.19616
14.82 -0.195608 0.0190361 0.196532
14.83 -0.196773 0.00720525 0.196905
14.84 -0.197222 -0.00469886 0.197278
14.85 -0.19695 -0.0166323 0.197651
14.86 -0.195954 -0.0285518 0.198024
14.87 -0.194237 -0.0404131 0.198397
14.88 -0.191801 -0.052173 0.19877
14.89 -0.188651 -0.0637869 0.199143
14.9 -0.184797 -0.0752124 0.199517
14.91 -0.180249 -0.0864062 0.19989
14.92 -0.175023 -0.0973264 0.200263
14.93 -0.169133 -0.107931 0.200637
14.94 -0.162599 -0.118181 0.20101
14.95 -0.155442 -0.128036 0.201384
14.96 -0.147686 -0.137458 0.201757
14.97 -0.139357 -0.146412 0.202131
14.98 -0.130484 -0.154861 0.202504
14.99 -0.121097 -0.162773 0.202878
15 -0.111228 -0.170116 0.203251
15.01 -0.100911 -0.176861 0.203625
15.02 -0.0901842 -0.182981 0.203998
15.03 -0.0790838 -0.18845 0.204371
15.04 -0.06765 -0.193245 0.204744
15.05 -0.0559235 -0.197347 0.205118
15.06 -0.0439463 -0.200736 0.205491
15.07 -0.0317619 -0.203399 0.205864
15.08 -0.0194142 -0.205321 0.206236
15.09 -0.00694849 -0.206492 0.206609
15.1 0.00558985 -0.206906 0.206982
15.11 0.0181543 -0.206558 0.207354
15.12 0.030699 -0.205446 0.207727
15.13 0.0431769 -0.20357 0.208099
15.14 0.055542 -0.200936 0.208471
15.15 0.0677476 -0.197549 0.208843
15.16 0.0797482 -0.193419 0.209214
15.17 0.0914981 -0.188559 0.209586
15.18 0.102953 -0.182982 0.209957
15.19 0.114069 -0.176709 0.210328
15.2 0.124804 -0.169758 0.210699
15.21 0.135116 -0.162154 0.211069
15.22 0.144965 -0.153921 0.211439
15.23 0.154314 -0.145087 0.211809
15.24 0.163124 -0.135685 0.212179
15.25 0.171362 -0.125744 0.212548
15.26 0.178995 -0.115303 0.212917
15.27 0.185991 -0.104395 0.213286
15.28 0.192322 -0.0930611 0.213654
15.29 0.197963 -0.0813409 0.214022
15.3 0.202888 -0.0692771 0.21439
15.31 0.207079 -0.0569127 0.214757
15.32 0.210515 -0.0442932 0.215124
15.33 0.213181 -0.0314639 0.215491
15.34 0.215065 -0.0184728 0.215857
15.35 0.216156 -0.00536658 0.216223
15.36 0.216447 0.00780539 0.216588
15.37 0.215935 0.0209948 0.216953
15.38 0.214617 0.0341522 0.217317
15.39 0.212496 0.0472286 0.217682
15.4 0.209577 0.0601748 0.218045
15.41 0.205868 0.0729419 0.218408
15.42 0.201379 0.0854815 0.218771
15.43 0.196125 0.0977461 0.219133
15.44 0.190122 0.109689 0.219495
15.45 0.18339 0.121264 0.219856
15.46 0.175951 0.132426 0.220217
15.47 0.167831 0.143133 0.220577
15.48 0.159057 0.153342 0.220937
15.49 0.14966 0.163014 0.221296
15.5 0.139673 0.172111 0.221655
15.51 0.129131 0.180595 0.222012
15.52 0.118072 0.188434 0.22237
15.53 0.106535 0.195596 0.222727
15.54 0.0945609 0.202051 0.223084
15.55 0.082194 0.207772 0.22344
15.56 0.069479 0.212737 0.223795
15.57 0.0564622 0.216922 0.22415
15.58 0.0431915 0.22031 0.224504
15.59 0.0297156 0.222885 0.224858
15.6 0.0160846 0.224636 0.225211
15.61 0.0023489 0.225551 0.225563
15.62 -0.0114403 0.225625 0.225915
15.63 -0.0252315 0.224855 0.226266
15.64 -0.0389725 0.223241 0.226617
15.65 -0.0526123 0.220785 0.226967
15.66 -0.0660983 0.217495 0.227317
15.67 -0.0793803 0.213379 0.227666
15.68 -0.0924069 0.20845 0.228014
15.69 -0.105129 0.202725 0.228362
15.7 -0.117497 0.196221 0.22871
15.71 -0.129463 0.18896 0.229056
15.72 -0.140982 0.180968 0.229402
15.73 -0.152008 0.172272 0.229748
15.74 -0.162498 0.162902 0.230093
15.75 -0.172411 0.152891 0.230437
15.76 -0.181707 0.142275 0.23078
15.77 -0.19035 0.131092 0.231124
15.78 -0.198304 0.119382 0.231466
15.79 -0.205538 0.107187 0.231808
15.8 -0.212022 0.0945518 0.232149
15.81 -0.217728 0.0815225 0.23249
15.82 -0.222634 0.0681467 0.23283
15.83 -0.226716 0.054474 0.233169
15.84 -0.229959 0.0405547 0.233508
15.85 -0.232346 0.0264407 0.233846
15.86 -0.233866 0.0121845 0.234183
15.87 -0.23451 -0.00216022 0.23452
15.88 -0.234273 -0.0165401 0.234857
15.89 -0.233153 -0.0309006 0.235192
15.9 -0.231152 -0.0451875 0.235527
15.91 -0.228273 -0.0593465 0.235861
15.92 -0.224526 -0.073324 0.236195
15.93 -0.21992 -0.0870664 0.236528
15.94 -0.214473 -0.100521 0.236861
15.95 -0.2082 -0.113636 0.237192
15.96 -0.201123 -0.12636 0.237523
15.97 -0.193267 -0.138645 0.237854
15.98 -0.184658 -0.150442 0.238183
15.99 -0.175327 -0.161706 0.238513
16 -0.165307 -0.172391 0.238841
16.01 -0.154633 -0.182456 0.239169
16.02 -0.143345 -0.19186 0.239495
16.03 -0.131482 -0.200566 0.239822
16.04 -0.119089 -0.208539 0.240147
16.05 -0.10621 -0.215746 0.240472
16.06 -0.0928922 -0.222157 0.240796
16.07 -0.0791858 -0.227746 0.241119
16.08 -0.0651407 -0.232488 0.241441
16.09 -0.0508101 -0.236364 0.241763
16.1 -0.0362465 -0.239355 0.242084
16.11 -0.0215055 -0.241448 0.242404
16.12 -0.0066417 -0.242632 0.242723
16.13 0.00828814 -0.2429 0.243041
16.14 0.0232278 -0.242248 0.243359
16.15 0.0381203 -0.240675 0.243675
16.16 0.0529091 -0.238185 0.243991
16.17 0.0675371 -0.234785 0.244306
16.18 0.081949 -0.230485 0.24462
16.19 0.0960884 -0.225298 0.244933
16.2 0.109901 -0.219241 0.245245
16.21 0.123334 -0.212336 0.245556
16.22 0.136333 -0.204605 0.245866
16.23 0.148849 -0.196077 0.246175
16.24 0.160833 -0.18678 0.246483
16.25 0.172237 -0.176749 0.246791
16.26 0.183015 -0.166019 0.247097
16.27 0.193125 -0.15463 0.247402
16.28 0.202527 -0.142622 0.247706
16.29 0.211182 -0.130041 0.248009
16.3 0.219056 -0.116931 0.248311
16.31 0.226115 -0.103343 0.248612
16.32 0.232331 -0.0893269 0.248912
16.33 0.237678 -0.0749342 0.249211
16.34 0.242132 -0.0602196 0.249508
16.35 0.245674 -0.0452382 0.249805
16.36 0.248288 -0.0300468 0.2501
16.37 0.249962 -0.0147028 0.250394
16.38 0.250686 0.000735473 0.250687
16.39 0.250455 0.0162088 0.250979
16.4 0.249267 0.0316587 0.25127
16.41 0.247125 0.0470251 0.251559
16.42 0.244033 0.0622497 0.251847
16.43 0.240001 0.0772729 0.252134
16.44 0.235043 0.0920373 0.25242
16.45 0.229174 0.106485 0.252705
16.46 0.222415 0.12056 0.252988
16.47 0.214789 0.134207 0.25327
16.48 0.206323 0.147374 0.253551
16.49 0.197048 0.160007 0.253831
16.5 0.186997 0.172057 0.254109
16.51 0.176207 0.183476 0.254386
16.52 0.164717 0.194219 0.254662
16.53 0.152569 0.204243 0.254936
16.54 0.13981 0.213507 0.255209
16.55 0.126485 0.221973 0.255481
16.56 0.112646 0.229608 0.255751
16.57 0.098343 0.236379 0.25602
16.58 0.0836315 0.242259 0.256288
16.59 0.0685663 0.247222 0.256555
16.6 0.053205 0.251248 0.25682
16.61 0.0376055 0.254318 0.257083
16.62 0.0218281 0.256418 0.257346
16.63 0.00593218 0.257538 0.257607
16.64 -0.0100204 0.257671 0.257866
16.65 -0.0259688 0.256815 0.258124
16.66 -0.0418511 0.254969 0.258381
16.67 -0.0576063 0.25214 0.258637
16.68 -0.0731729 0.248334 0.25889
16.69 -0.0884906 0.243566 0.259143
16.7 -0.1035 0.237851 0.259394
16.71 -0.118142 0.231209 0.259644
16.72 -0.132359 0.223664 0.259893
16.73 -0.146095 0.215242 0.26014
16.74 -0.159297 0.205974 0.260386
16.75 -0.171912 0.195894 0.26063
16.76 -0.183889 0.185038 0.260873
16.77 -0.195182 0.173449 0.261114
16.78 -0.205745 0.161168 0.261354
16.79 -0.215535 0.148241 0.261593
16.8 -0.224513 0.134718 0.26183
16.81 -0.232643 0.120648 0.262066
16.82 -0.23989 0.106086 0.262301
16.83 -0.246226 0.0910864 0.262533
16.84 -0.251623 0.0757069 0.262765
16.85 -0.256058 0.0600056 0.262995
16.86 -0.259513 0.0440434 0.263224
16.87 -0.261972 0.0278809 0.263451
16.88 -0.263423 0.0115809 0.263677
16.89 -0.263858 -0.00479409 0.263901
16.9 -0.263274 -0.0211804 0.264125
16.91 -0.26167 -0.0375148 0.264346
16.92 -0.259052 -0.0537332 0.264566
16.93 -0.255426 -0.0697732 0.264784
16.94 -0.250805 -0.0855713 0.265001
16.95 -0.245205 -0.101066 0.265217
16.96 -0.238646 -0.116197 0.265431
16.97 -0.231151 -0.130905 0.265644
16.98 -0.222746 -0.14513 0.265855
16.99 -0.213465 -0.158817 0.266064
17 -0.20334 -0.171913 0.266272
17.01 -0.192409 -0.184363 0.266479
17.02 -0.180713 -0.19612 0.266684
17.03 -0.168297 -0.207135 0.266887
17.04 -0.155206 -0.217365 0.267089
17.05 -0.141492 -0.226768 0.26729
17.06 -0.127205 -0.235305 0.267488
17.07 -0.112402 -0.242943 0.267685
17.08 -0.0971375 -0.249648 0.267881
17.09 -0.0814715 -0.255394 0.268074
17.1 -0.0654636 -0.260157 0.268267
17.11 -0.0491763 -0.263915 0.268457
17.12 -0.032672 -0.266652 0.268646
17.13 -0.0160151 -0.268356 0.268833
17.14 0.000729523 -0.269018 0.269019
17.15 0.0174969 -0.268633 0.269202
17.16 0.0342211 -0.267202 0.269384
17.17 0.0508372 -0.264728 0.269565
17.18 0.0672795 -0.261218 0.269743
17.19 0.0834838 -0.256685 0.26992
17.2 0.099386 -0.251145 0.270095
17.21 0.114924 -0.244617 0.270268
17.22 0.130035 -0.237126 0.27044
17.23 0.14466 -0.228698 0.270609
17.24 0.15874 -0.219367 0.270777
17.25 0.172221 -0.209165 0.270943
17.26 0.185047 -0.198133 0.271107
17.27 0.197167 -0.186312 0.27127
17.28 0.208533 -0.173747 0.27143
17.29 0.219099 -0.160486 0.271588
17.3 0.228822 -0.14658 0.271745
17.31 0.237663 -0.132083 0.2719
17.32 0.245584 -0.11705 0.272052
17.33 0.252555 -0.101541 0.272203
17.34 0.258546 -0.0856141 0.272352
17.35 0.263531 -0.0693327 0.272499
17.36 0.26749 -0.0527595 0.272644
17.37 0.270406 -0.0359601 0.272787
17.38 0.272266 -0.0189993 0.272928
17.39 0.27306 -0.00194446 0.273067
17.4 0.272784 0.015138 0.273204
17.41 0.271437 0.0321804 0.273338
17.42 0.269024 0.0491158 0.273471
17.43 0.265552 0.0658772 0.273602
17.44 0.261034 0.0823983 0.27373
17.45 0.255486 0.0986136 0.273857
17.46 0.248928 0.114459 0.273981
17.47 0.241385 0.129871 0.274104
17.48 0.232885 0.144788 0.274224
17.49 0.22346 0.159151 0.274342
17.5 0.213148 0.172902 0.274458
17.51 0.201987 0.185987 0.274572
17.52 0.19002 0.198352 0.274684
17.53 0.177293 0.209949 0.274793
17.54 0.163857 0.220729 0.274901
17.55 0.149762 0.23065 0.275006
17.56 0.135065 0.239671 0.275109
17.57 0.119823 0.247756 0.27521
17.58 0.104095 0.254871 0.275308
17.59 0.0879431 0.260987 0.275405
17.6 0.0714306 0.266078 0.275499
17.61 0.0546229 0.270124 0.275591
17.62 0.037586 0.273107 0.275681
17.63 0.0203874 0.275014 0.275769
17.64 0.00309487 0.275837 0.275854
17.65 -0.0142228 0.275571 0.275938
17.66 -0.0314974 0.274215 0.276018
17.67 -0.0486594 0.271775 0.276097
17.68 -0.0656418 0.268259 0.276174
17.69 -0.0823758 0.26368 0.276248
17.7 -0.0987956 0.258054 0.27632
17.71 -0.114835 0.251404 0.276389
17.72 -0.13043 0.243755 0.276457
17.73 -0.145519 0.235135 0.276522
17.74 -0.160041 0.22558 0.276585
17.75 -0.173937 0.215125 0.276646
17.76 -0.187152 0.203812 0.276704
17.77 -0.199633 0.191685 0.27676
17.78 -0.211329 0.178791 0.276814
17.79 -0.222193 0.165182 0.276865
17.8 -0.232181 0.15091 0.276915
17.81 -0.241253 0.136033 0.276962
17.82 -0.249372 0.120608 0.277007
17.83 -0.256505 0.104698 0.277049
17.84 -0.262621 0.0883651 0.277089
17.85 -0.267698 0.071674 0.277127
17.86 -0.271713 0.0546914 0.277163
17.87 -0.27465 0.0374847 0.277196
17.88 -0.276496 0.0201223 0.277227
17.89 -0.277243 0.00267376 0.277256
17.9 -0.276887 -0.0147915 0.277282
17.91 -0.27543 -0.0322036 0.277306
17.92 -0.272876 -0.0494932 0.277328
17.93 -0.269235 -0.0665907 0.277347
17.94 -0.26452 -0.0834278 0.277364
17.95 -0.258751 -0.0999369 0.277379
17.96 -0.251949 -0.116052 0.277392
17.97 -0.244141 -0.131708 0.277402
17.98 -0.235358 -0.146843 0.27741
17.99 -0.225635 -0.161394 0.277415
18 -0.21501 -0.175305 0.277418
18.01 -0.203525 -0.188518 0.277419
18.02 -0.191226 -0.200981 0.277418
18.03 -0.178161 -0.212643 0.277414
18.04 -0.164384 -0.223457 0.277407
18.05 -0.149948 -0.233379 0.277399
18.06 -0.134912 -0.242369 0.277388
18.07 -0.119336 -0.250391 0.277374
18.08 -0.103281 -0.257411 0.277358
18.09 -0.0868131 -0.263403 0.27734
18.1 -0.0699977 -0.26834 0.27732
18.11 -0.0529016 -0.272204 0.277296
18.12 -0.0355945 -0.274977 0.277271
18.13 -0.0181451 -0.276649 0.277243
18.14 -0.000624126 -0.277212 0.277213
18.15 0.0168982 -0.276664 0.27718
18.16 0.0343513 -0.275007 0.277144
18.17 0.0516646 -0.272248 0.277107
18.18 0.0687685 -0.268396 0.277066
18.19 0.0855941 -0.263469 0.277024
18.2 0.102073 -0.257484 0.276978
18.21 0.11814 -0.250466 0.27693
18.22 0.133729 -0.242444 0.27688
18.23 0.148777 -0.233449 0.276827
18.24 0.163223 -0.223518 0.276771
18.25 0.17701 -0.212692 0.276713
18.26 0.190081 -0.201012 0.276652
18.27 0.202383 -0.188527 0.276589
18.28 0.213868 -0.175288 0.276523
18.29 0.224487 -0.161347 0.276455
18.3 0.234199 -0.146761 0.276384
18.31 0.242964 -0.131589 0.27631
18.32 0.250747 -0.115893 0.276234
18.33 0.257515 -0.099736 0.276154
18.34 0.263243 -0.0831839 0.276073
18.35 0.267906 -0.0663033 0.275988
18.36 0.271486 -0.0491633 0.275902
18.37 0.273969 -0.0318328 0.275812
18.38 0.275344 -0.0143828 0.27572
18.39 0.275607 0.00311652 0.275624
18.4 0.274756 0.0205933 0.275527
18.41 0.272795 0.0379776 0.275426
18.42 0.269733 0.0551977 0.275323
18.43 0.265582 0.0721847 0.275217
18.44 0.260359 0.0888688 0.275108
18.45 0.254086 0.105183 0.274996
18.46 0.246788 0.12106 0.274882
18.47 0.238497 0.136436 0.274765
18.48 0.229246 0.151249 0.274645
18.49 0.219072 0.165438 0.274522
18.5 0.208019 0.178946 0.274397
18.51 0.196131 0.191719 0.274269
18.52 0.183456 0.203704 0.274138
18.53 0.170049 0.214853 0.274004
18.54 0.155962 0.225121 0.273867
18.55 0.141254 0.234466 0.273728
18.56 0.125986 0.242852 0.273586
18.57 0.110219 0.250243 0.273441
18.58 0.09402 0.256612 0.273294
18.59 0.0774536 0.261931 0.273143
18.6 0.0605885 0.266181 0.27299
18.61 0.0434933 0.269345 0.272834
18.62 0.0262386 0.27141 0.272675
18.63 0.00889462 0.272368 0.272514
18.64 -0.00846729 0.272218 0.27235
18.65 -0.0257765 0.270959 0.272182
18.66 -0.0429615 0.268599 0.272013
18.67 -0.0599531 0.265147 0.27184
18.68 -0.0766808 0.260618 0.271665
18.69 -0.0930771 0.255033 0.271487
18.7 -0.109074 0.248414 0.271306
18.71 -0.124608 0.240791 0.271123
18.72 -0.139615 0.232194 0.270936
18.73 -0.154033 0.222661 0.270747
18.74 -0.167805 0.212231 0.270555
18.75 -0.180873 0.200948 0.270361
18.76 -0.193187 0.188858 0.270164
18.77 -0.204695 0.176013 0.269964
18.78 -0.215351 0.162466 0.269761
18.79 -0.225112 0.148274 0.269556
18.8 -0.233939 0.133494 0.269348
18.81 -0.241798 0.11819 0.269137
18.82 -0.248655 0.102423 0.268924
18.83 -0.254486 0.0862605 0.268708
18.84 -0.259266 0.069768 0.268489
18.85 -0.262977 0.0530148 0.268267
18.86 -0.265605 0.0360693 0.268043
18.87 -0.267141 0.0190021 0.267816
18.88 -0.26758 0.00188346 0.267586
18.89 -0.26692 -0.0152161 0.267354
18.9 -0.265168 -0.0322259 0.267119
18.91 -0.26233 -0.0490762 0.266881
18.92 -0.25842 -0.0656975 0.26664
18.93 -0.253456 -0.0820215 0.266397
18.94 -0.24746 -0.0979813 0.266151
18.95 -0.240456 -0.113512 0.265903
18.96 -0.232478 -0.128549 0.265651
18.97 -0.223557 -0.143031 0.265397
18.98 -0.213733 -0.1569 0.26514
18.99 -0.203048 -0.170099 0.264881
19 -0.191546 -0.182573 0.264618
19.01 -0.179277 -0.194274 0.264354
19.02 -0.166293 -0.205153 0.264086
19.03 -0.152649 -0.215167 0.263816
19.04 -0.138401 -0.224276 0.263542
19.05 -0.123611 -0.232443 0.263266
19.06 -0.108339 -0.239635 0.262988
19.07 -0.0926515 -0.245826 0.262706
19.08 -0.0766124 -0.25099 0.262422
19.09 -0.0602899 -0.255108 0.262135
19.1 -0.0437512 -0.258165 0.261846
19.11 -0.0270665 -0.260149 0.261553
19.12 -0.0103043 -0.261055 0.261258
19.13 0.00646488 -0.26088 0.26096
19.14 0.023172 -0.259627 0.260659
19.15 0.0397469 -0.257303 0.260355
19.16 0.0561216 -0.253921 0.260049
19.17 0.0722279 -0.249495 0.25974
19.18 0.0879994 -0.244047 0.259428
19.19 0.103371 -0.2376 0.259113
19.2 0.11828 -0.230184 0.258795
19.21 0.132664 -0.221831 0.258474
19.22 0.146465 -0.212579 0.258151
19.23 0.159626 -0.202467 0.257824
19.24 0.172094 -0.191539 0.257495
19.25 0.183818 -0.179843 0.257163
19.26 0.194751 -0.167429 0.256828
19.27 0.204849 -0.154351 0.25649
19.28 0.21407 -0.140663 0.256149
19.29 0.22238 -0.126427 0.255805
19.3 0.229743 -0.1117 0.255458
19.31 0.236134 -0.0965474 0.255109
19.32 0.241525 -0.0810321 0.254756
19.33 0.245899 -0.0652207 0.254401
19.34 0.249237 -0.0491793 0.254043
19.35 0.251529 -0.0329765 0.253681
19.36 0.252767 -0.0166797 0.253317
19.37 0.25295 -0.000358031 0.25295
19.38 0.252078 0.0159205 0.25258
19.39 0.250158 0.0320868 0.252207
19.4 0.2472 0.0480747 0.251831
19.41 0.24322 0.0638161 0.251452
19.42 0.238236 0.0792467 0.251071
19.43 0.232273 0.0943016 0.250686
19.44 0.225358 0.108919 0.250299
19.45 0.217521 0.123039 0.249908
19.46 0.2088 0.136602 0.249515
19.47 0.199232 0.149554 0.249119
19.48 0.188861 0.161842 0.24872
19.49 0.177732 0.173415 0.248317
19.5 0.165894 0.184227 0.247913
19.51 0.153399 0.194235 0.247505
19.52 0.140301 0.203399 0.247094
19.53 0.126658 0.211682 0.24668
19.54 0.112528 0.219051 0.246264
19.55 0.097972 0.22548 0.245845
19.56 0.0830533 0.230943 0.245423
19.57 0.0678357 0.23542 0.244998
19.58 0.0523841 0.238894 0.24457
19.59 0.0367648 0.241356 0.24414
19.6 0.0210437 0.242796 0.243707
19.61 0.00528823 0.243213 0.243271
19.62 -0.0104356 0.242607 0.242832
19.63 -0.0260607 0.240985 0.24239
19.64 -0.0415221 0.238356 0.241946
19.65 -0.0567542 0.234735 0.241499
19.66 -0.0716939 0.23014 0.241049
19.67 -0.0862784 0.224594 0.240596
19.68 -0.100448 0.218124 0.240141
19.69 -0.114142 0.210759 0.239683
19.7 -0.127307 0.202534 0.239222
19.71 -0.139886 0.193487 0.238758
19.72 -0.15183 0.18366 0.238292
19.73 -0.163089 0.173095 0.237823
19.74 -0.173618 0.161841 0.237352
19.75 -0.183375 0.149948 0.236877
19.76 -0.192321 0.137469 0.2364
19.77 -0.200421 0.124458 0.23592
19.78 -0.207644 0.110973 0.235438
19.79 -0.213962 0.0970725 0.234953
19.8 -0.219351 0.0828178 0.234465
19.81 -0.223793 0.0682702 0.233974
19.82 -0.227271 0.0534931 0.233481
19.83 -0.229774 0.0385497 0.232986
19.84 -0.231296 0.0235049 0.232487
19.85 -0.231833 0.00842275 0.231986
19.86 -0.231387 -0.00663237 0.231482
19.87 -0.229964 -0.0215959 0.230976
19.88 -0.227573 -0.0364053 0.230466
19.89 -0.224229 -0.050997 0.229955
19.9 -0.219949 -0.0653104 0.229441
19.91 -0.214756 -0.0792848 0.228924
19.92 -0.208674 -0.0928627 0.228404
19.93 -0.201735 -0.105987 0.227882
19.94 -0.19397 -0.118603 0.227357
19.95 -0.185417 -0.13066 0.226829
19.96 -0.176115 -0.142109 0.226299
19.97 -0.166107 -0.152902 0.225766
19.98 -0.155439 -0.162996 0.225231
19.99 -0.14416 -0.172351 0.224693
20 -0.13232 -0.18093 0.224152
20.01 -0.119972 -0.1887 0.223609
20.02 -0.107172 -0.195631 0.223063
20.03 -0.0939761 -0.201696 0.222514
20.04 -0.0804434 -0.206873 0.221963
20.05 -0.0666328 -0.211145 0.22141
20.06 -0.0526052 -0.214497 0.220853
20.07 -0.0384215 -0.216918 0.220294
20.08 -0.0241441 -0.218402 0.219732
20.09 -0.00983391 -0.218948 0.219168
20.1 0.00444674 -0.218556 0.218601
20.11 0.0186369 -0.217234 0.218032
20.12 0.0326755 -0.214991 0.21746
20.13 0.0465033 -0.211841 0.216885
20.14 0.0600612 -0.207802 0.216307
20.15 0.0732923 -0.202896 0.215728
20.16 0.0861414 -0.197147 0.215145
20.17 0.0985541 -0.190586 0.21456
20.18 0.11048 -0.183244 0.213972
20.19 0.121869 -0.175156 0.213382
20.2 0.132676 -0.166362 0.212789
20.21 0.142855 -0.156903 0.212194
20.22 0.152367 -0.146823 0.211596
20.23 0.161174 -0.136168 0.210995
20.24 0.169241 -0.124989 0.210392
20.25 0.176537 -0.113336 0.209786
20.26 0.183034 -0.101261 0.209178
20.27 0.188709 -0.0888203 0.208567
20.28 0.193541 -0.0760689 0.207954
20.29 0.197514 -0.0630632 0.207338
20.3 0.200616 -0.0498623 0.206719
20.31 0.202836 -0.036523 0.206098
20.32 0.204172 -0.0231055 0.205475
20.33 0.204621 -0.00966721 0.204849
20.34 0.204187 0.00373253 0.204221
20.35 0.202876 0.0170362 0.20359
20.36 0.200699 0.0301861 0.202957
20.37 0.197671 0.0431264 0.202321
20.38 0.19381 0.0558014 0.201683
20.39 0.189137 0.0681579 0.201043
20.4 0.183677 0.0801438 0.2004
20.41 0.177458 0.0917091 0.199755
20.42 0.170513 0.102806 0.199107
20.43 0.162876 0.113388 0.198458
20.44 0.154583 0.123414 0.197805
20.45 0.145677 0.132841 0.197151
20.46 0.136197 0.141634 0.196494
20.47 0.126191 0.149757 0.195835
20.48 0.115705 0.157179 0.195174
20.49 0.104788 0.163871 0.19451
20.5 0.0934891 0.16981 0.193845
20.51 0.0818614 0.174974 0.193177
20.52 0.0699576 0.179346 0.192507
20.53 0.0578312 0.18291 0.191835
20.54 0.0455374 0.185657 0.19116
20.55 0.0331304 0.187581 0.190484
20.56 0.020666 0.188677 0.189806
20.57 0.00819833 0.188947 0.189125
20.58 -0.00421688 0.188395 0.188443
20.59 -0.0165267 0.187029 0.187758
20.6 -0.0286764 0.18486 0.187071
20.61 -0.0406152 0.181904 0.186383
20.62 -0.0522908 0.178177 0.185692
20.63 -0.0636547 0.173704 0.185
20.64 -0.0746586 0.168507 0.184305
20.65 -0.0852567 0.162615 0.183609
20.66 -0.0954052 0.156059 0.182911
20.67 -0.105063 0.148872 0.182211
20.68 -0.11419 0.141089 0.181509
20.69 -0.122751 0.132751 0.180805
20.7 -0.130711 0.123897 0.1801
20.71 -0.13804 0.114571 0.179393
20.72 -0.144711 0.104816 0.178683
20.73 -0.150698 0.0946795 0.177972
20.74 -0.155981 0.0842081 0.17726
20.75 -0.16054 0.0734512 0.176545
20.76 -0.164362 0.0624581 0.175829
20.77 -0.167435 0.0512792 0.175111
20.78 -0.169751 0.0399658 0.174392
20.79 -0.171305 0.0285682 0.173671
20.8 -0.172097 0.0171381 0.172948
20.81 -0.172128 0.00572602 0.172223
20.82 -0.171405 -0.00561724 0.171498
20.83 -0.169937 -0.0168425 0.17077
20.84 -0.167736 -0.0279002 0.170041
20.85 -0.164817 -0.0387433 0.16931
20.86 -0.1612 -0.0493246 0.168577
20.87 -0.156905 -0.0596001 0.167844
20.88 -0.151958 -0.0695256 0.167108
20.89 -0.146386 -0.0790609 0.166372
20.9 -0.140218 -0.0881657 0.165633
20.91 -0.133487 -0.0968037 0.164893
20.92 -0.126228 -0.10494 0.164152
20.93 -0.118477 -0.112543 0.163409
20.94 -0.110273 -0.119582 0.162665
20.95 -0.101656 -0.126032 0.16192
20.96 -0.0926682 -0.131868 0.161173
20.97 -0.0833537 -0.13707 0.160424
20.98 -0.0737556 -0.14162 0.159675
20.99 -0.0639204 -0.145502 0.158924
21 -0.0538935 -0.148707 0.158171
21.01 -0.0437217 -0.151224 0.157418
21.02 -0.0334517 -0.15305 0.156663
21.03 -0.0231305 -0.154181 0.155906
21.04 -0.0128048 -0.15462 0.155149
21.05 -0.00252073 -0.15437 0.15439
21.06 0.00767536 -0.153439 0.153631
21.07 0.0177395 -0.151837 0.152869
21.08 0.0276264 -0.149577 0.152107
21.09 0.0372945 -0.146677 0.151344
21.1 0.0467015 -0.143154 0.15058
21.11 0.0558082 -0.139031 0.149814
21.12 0.0645757 -0.134332 0.149047
21.13 0.0729686 -0.129083 0.14828
21.14 0.0809517 -0.123314 0.147511
21.15 0.088494 -0.117056 0.146742
21.16 0.0955649 -0.11034 0.145971
21.17 0.102138 -0.103203 0.1452
21.18 0.108188 -0.0956808 0.144428
21.19 0.113692 -0.0878112 0.143655
21.2 0.118632 -0.0796326 0.142881
21.21 0.122991 -0.0711863 0.142106
21.22 0.126754 -0.0625119 0.141331
21.23 0.129912 -0.0536521 0.140555
21.24 0.132455 -0.0446484 0.139778
21.25 0.13438 -0.0355432 0.139001
21.26 0.135682 -0.0263787 0.138223
21.27 0.136364 -0.0171976 0.137444
21.28 0.136428 -0.00804104 0.136665
21.29 0.135881 0.00104912 0.135885
21.3 0.134733 0.0100325 0.135106
21.31 0.132993 0.0188696 0.134325
21.32 0.130678 0.0275214 0.133544
21.33 0.127803 0.0359511 0.132763
21.34 0.124388 0.0441222 0.131982
21.35 0.120455 0.052001 0.1312
21.36 0.116027 0.0595538 0.130418
21.37 0.11113 0.0667513 0.129636
21.38 0.105791 0.0735633 0.128854
21.39 0.10004 0.079964 0.128071
21.4 0.0939085 0.0859283 0.127289
21.41 0.0874279 0.0914346 0.126507
21.42 0.0806322 0.0964623 0.125724
21.43 0.0735564 0.100995 0.124942
21.44 0.0662356 0.105016 0.124159
21.45 0.0587068 0.108515 0.123377
21.46 0.0510062 0.111481 0.122595
21.47 0.0431722 0.113906 0.121813
21.48 0.0352411 0.115788 0.121032
21.49 0.0272515 0.117122 0.12025
21.5 0.0192399 0.11791 0.119469
21.51 0.0112443 0.118155 0.118688
21.52 0.0033005 0.117862 0.117908
21.53 -0.00455542 0.11704 0.117128
21.54 -0.0122882 0.115698 0.116349
21.55 -0.0198641 0.11385 0.11557
21.56 -0.0272501 0.11151 0.114792
21.57 -0.0344145 0.108696 0.114014
21.58 -0.0413271 0.105426 0.113237
21.59 -0.0479595 0.101721 0.11246
21.6 -0.0542841 0.0976041 0.111684
21.61 -0.0602766 0.0930994 0.110909
21.62 -0.0659125 0.0882332 0.110134
21.63 -0.0711716 0.0830323 0.109361
21.64 -0.0760335 0.0775253 0.108588
21.65 -0.0804819 0.0717419 0.107816
21.66 -0.0845007 0.0657122 0.107044
21.67 -0.088078 0.0594683 0.106274
21.68 -0.0912026 0.0530409 0.105505
21.69 -0.0938663 0.0464633 0.104736
21.7 -0.096063 0.0397675 0.103969
21.71 -0.0977889 0.0329867 0.103203
21.72 -0.0990424 0.026153 0.102437
21.73 -0.0998243 0.0192998 0.101673
21.74 -0.100138 0.0124585 0.10091
21.75 -0.0999873 0.00566168 0.100147
21.76 -0.0993812 -0.00106057 0.0993869
21.77 -0.0983276 -0.00767704 0.0986269
21.78 -0.0968391 -0.0141589 0.0978687
21.79 -0.0949277 -0.0204775 0.0971113
21.8 -0.0926097 -0.0266057 0.0963557
21.81 -0.0899006 -0.0325178 0.0956008
21.82 -0.0868201 -0.0381888 0.0948478
21.83 -0.0833872 -0.0435963 0.094096
21.84 -0.0796237 -0.0487183 0.0933457
21.85 -0.0755521 -0.0535353 0.0925967
21.86 -0.0711964 -0.0580291 0.0918494
21.87 -0.0665809 -0.0621838 0.0911035
21.88 -0.0617319 -0.0659843 0.0903591
21.89 -0.0566754 -0.0694192 0.0896165
21.9 -0.0514386 -0.0724766 0.0888751
21.91 -0.0460491 -0.0751495 0.0881361
21.92 -0.0405343 -0.0774299 0.0873981
21.93 -0.0349229 -0.0793142 0.0866623
21.94 -0.0292423 -0.080799 0.0859279
21.95 -0.0235212 -0.0818844 0.0851956
21.96 -0.0177864 -0.082571 0.0844649
21.97 -0.0120664 -0.0828622 0.0837362
21.98 -0.00638718 -0.0827634 0.0830095
21.99 -0.000775585 -0.0822809 0.0822846
22 0.00474325 -0.0814237 0.0815617
22.01 0.0101441 -0.0802019 0.0808409
22.02 0.0154039 -0.0786276 0.0801222
22.03 0.0204993 -0.0767138 0.0794055
22.04 0.0254095 -0.0744761 0.0786914
22.05 0.0301136 -0.0719296 0.0779788
22.06 0.0345931 -0.069093 0.0772692
22.07 0.0388306 -0.0659835 0.0765613
22.08 0.0428096 -0.0626218 0.0758561
22.09 0.046516 -0.0590275 0.0751531
22.1 0.0499364 -0.0552226 0.0744525
22.11 0.0530602 -0.0512283 0.0737545
22.12 0.0558767 -0.0470677 0.0730587
22.13 0.0583789 -0.0427634 0.0723658
22.14 0.0605597 -0.0383387 0.0716752
22.15 0.062415 -0.0338169 0.0709874
22.16 0.0639412 -0.0292216 0.0703021
22.17 0.0651377 -0.0245761 0.0696197
22.18 0.0660039 -0.0199036 0.0689396
22.19 0.0665427 -0.0152275 0.0682628
22.2 0.0667567 -0.0105696 0.0675883
22.21 0.0666515 -0.00595316 0.0669169
22.22 0.0662335 -0.00139832 0.0662483
22.23 0.0655105 0.00307299 0.0655825
22.24 0.0644918 0.00744152 0.0649197
22.25 0.0631879 0.0116874 0.0642597
22.26 0.0616111 0.0157932 0.0636031
22.27 0.0597734 0.0197412 0.062949
22.28 0.0576898 0.0235156 0.0622984
22.29 0.0553743 0.0271015 0.0616506
22.3 0.0528433 0.0304852 0.0610062
22.31 0.0501128 0.0336541 0.0603646
22.32 0.0472007 0.0365973 0.0597266
22.33 0.0441239 0.0393048 0.0590913
22.34 0.0409018 0.0417681 0.0584596
22.35 0.0375518 0.0439807 0.0578311
22.36 0.0340938 0.0459357 0.0572056
22.37 0.0305464 0.0476303 0.0565838
22.38 0.0269288 0.0490604 0.055965
22.39 0.0232603 0.0502251 0.0553498
22.4 0.0195596 0.0511237 0.0547376
22.41 0.0158459 0.051758 0.0541293
22.42 0.0121371 0.0521298 0.053524
22.43 0.00845186 0.0522432 0.0529224
22.44 0.00480729 0.0521028 0.0523241
22.45 0.00122089 0.051715 0.0517294
22.46 -0.00229144 0.0510866 0.051138
22.47 -0.00571342 0.0502263 0.0505502
22.48 -0.00903088 0.049143 0.0499659
22.49 -0.0122287 0.047847 0.049385
22.5 -0.0152949 0.0463497 0.0488081
22.51 -0.0182161 0.0446621 0.0482341
22.52 -0.0209819 0.0427978 0.0476643
22.53 -0.0235816 0.0407689 0.0470978
22.54 -0.0260062 0.0385901 0.0465351
22.55 -0.0282475 0.0362746 0.0459757
22.56 -0.0302985 0.033838 0.0454203
22.57 -0.0321534 0.0312942 0.0448683
22.58 -0.0338073 0.0286592 0.0443202
22.59 -0.0352568 0.0259474 0.0437756
22.6 -0.036499 0.0231747 0.0432348
22.61 -0.037533 0.020356 0.0426977
22.62 -0.038358 0.0175069 0.0421642
22.63 -0.0389752 0.0146417 0.0416347
22.64 -0.0393857 0.0117757 0.0411084
22.65 -0.0395936 0.00892328 0.0405866
22.66 -0.0396012 0.0060979 0.0400679
22.67 -0.0394143 0.00331381 0.0395534
22.68 -0.0390381 0.000583423 0.0390425
22.69 -0.0384793 -0.00208022 0.0385354
22.7 -0.0377447 -0.00466594 0.038032
22.71 -0.0368429 -0.00716186 0.0375325
22.72 -0.0357822 -0.00955825 0.0370368
22.73 -0.034572 -0.0118449 0.0365449
22.74 -0.0332223 -0.0140134 0.0360568
22.75 -0.0317432 -0.0160552 0.0355724
22.76 -0.0301457 -0.0179637 0.0350921
22.77 -0.0284408 -0.0197318 0.0346154
22.78 -0.0266402 -0.0213551 0.0341429
22.79 -0.0247548 -0.0228281 0.0336737
22.8 -0.0227976 -0.0241477 0.0332091
22.81 -0.0207792 -0.0253111 0.032748
22.82 -0.0187125 -0.0263161 0.0322907
22.83 -0.0166087 -0.0271621 0.0318375
22.84 -0.01448 -0.0278485 0.031388
22.85 -0.0123376 -0.0283766 0.0309426
22.86 -0.0101933 -0.0287473 0.030501
22.87 -0.00805786 -0.0289635 0.0300634
22.88 -0.00594225 -0.0290276 0.0296296
22.89 -0.00385672 -0.0289442 0.0292
22.9 -0.0018111 -0.0287169 0.028774
22.91 0.000184857 -0.0283517 0.0283523
22.92 0.00212242 -0.0278533 0.0279341
22.93 0.00399286 -0.027229 0.0275202
22.94 0.00578911 -0.0264847 0.02711
22.95 0.00750267 -0.0256281 0.0267038
22.96 0.00912833 -0.0246669 0.0263017
22.97 0.0106591 -0.0236085 0.0259032
22.98 0.0120903 -0.0224619 0.025509
22.99 0.0134169 -0.021235 0.0251184
23 0.0146353 -0.019937 0.0247321
23.01 0.0157421 -0.0185764 0.0243494
23.02 0.016735 -0.0171625 0.023971
23.03 0.0176118 -0.0157037 0.0235963
23.04 0.0183716 -0.0142098 0.0232257
23.05 0.0190139 -0.0126887 0.0228589
23.06 0.0195386 -0.01115 0.0224962
23.07 0.0199465 -0.00960163 0.0221371
23.08 0.0202389 -0.0080529 0.0217821
23.09 0.0204182 -0.00651096 0.0214312
23.1 0.020486 -0.0049846 0.0210837
23.11 0.0204464 -0.003481 0.0207407
23.12 0.020302 -0.00200731 0.020401
23.13 0.0200574 -0.000570778 0.0200655
23.14 0.0197165 0.000822523 0.0197336
23.15 0.0192845 0.00216614 0.0194058
23.16 0.0187662 0.00345482 0.0190816
23.17 0.0181675 0.00468322 0.0187614
23.18 0.0174936 0.00584693 0.0184448
23.19 0.0167508 0.00694131 0.018132
23.2 0.0159451 0.00796339 0.017823
23.21 0.0150829 0.00890931 0.0175177
23.22 0.0141705 0.00977704 0.0172161
23.23 0.0132146 0.0105637 0.016918
23.24 0.012222 0.0112687 0.0166241
23.25 0.0111984 0.01189 0.0163333
23.26 0.0101513 0.0124274 0.0160465
23.27 0.00908635 0.0128808 0.0157631
23.28 0.00801046 0.0132503 0.0154835
23.29 0.00692934 0.0135369 0.0152074
23.3 0.00584945 0.0137417 0.0149349
23.31 0.00477619 0.0138663 0.0146658
23.32 0.00371565 0.0139128 0.0144004
23.33 0.0026726 0.0138836 0.0141385
23.34 0.00165267 0.0137811 0.0138798
23.35 0.000660297 0.0136089 0.0136249
23.36 -0.000299747 0.0133697 0.0133731
23.37 -0.00122365 0.0130679 0.013125
23.38 -0.0021073 0.0127063 0.0128798
23.39 -0.00294721 0.0122901 0.0126386
23.4 -0.0037408 0.0118226 0.0124003
23.41 -0.00448448 0.0113087 0.0121654
23.42 -0.00517674 0.0107526 0.0119339
23.43 -0.00581483 0.0101589 0.0117053
23.44 -0.00639771 0.00953237 0.0114803
23.45 -0.00692364 0.00887757 0.0112582
23.46 -0.00739215 0.00819912 0.0110394
23.47 -0.00780224 0.00750184 0.0108237
23.48 -0.00815431 0.0067903 0.0106114
23.49 -0.00844792 0.00606859 0.0104017
23.5 -0.00868401 0.00534183 0.0101955
23.51 -0.00886305 0.00461367 0.00999198
23.52 -0.0089865 0.00388889 0.00979186
23.53 -0.00905543 0.00317064 0.00959447
23.54 -0.00907151 0.00246372 0.00940011
23.55 -0.00903709 0.00177077 0.00920894
23.56 -0.0089535 0.00109585 0.00902032
23.57 -0.00882391 0.000441795 0.00883497
23.58 -0.00865008 -0.000188422 0.00865214
23.59 -0.00843535 -0.000791917 0.00847244
23.6 -0.00818209 -0.00136644 0.00829541
23.61 -0.00789357 -0.00190995 0.00812135
23.62 -0.00757247 -0.00242031 0.00794986
23.63 -0.00722249 -0.00289588 0.00778142
23.64 -0.0068461 -0.00333572 0.00761552
23.65 -0.00644707 -0.00373808 0.00745238
23.66 -0.00602823 -0.0041027 0.00729189
23.67 -0.00559319 -0.00442845 0.00713407
23.68 -0.00514482 -0.00471575 0.00697907
23.69 -0.00468627 -0.00496361 0.00682631
23.7 -0.004221 -0.00517305 0.00667662
23.71 -0.0037514 -0.00534374 0.00652906
23.72 -0.00328106 -0.00547668 0.00638431
23.73 -0.00281211 -0.00557258 0.00624193
23.74 -0.00234782 -0.00563234 0.00610209
23.75 -0.00189041 -0.00565718 0.00596468
23.76 -0.00144238 -0.00564866 0.00582991
23.77 -0.0010057 -0.00560792 0.00569739
23.78 -0.00058302 -0.00553664 0.00556726
23.79 -0.000175542 -0.00543684 0.00543968
23.8 0.000214403 -0.00530987 0.0053142
23.81 0.000585714 -0.00515812 0.00519127
23.82 0.000936532 -0.00498313 0.00507037
23.83 0.00126606 -0.0047875 0.00495208
23.84 0.00157321 -0.00457261 0.00483567
23.85 0.00185693 -0.00434131 0.00472178
23.86 0.00211692 -0.00409507 0.00460987
23.87 0.0023522 -0.00383645 0.00450013
23.88 0.00256305 -0.00356743 0.00439269
23.89 0.00274882 -0.00329003 0.00428722
23.9 0.0029097 -0.00300627 0.00418378
23.91 0.00304591 -0.00271838 0.00408254
23.92 0.0031579 -0.00242789 0.00398334
23.93 0.00324553 -0.00213687 0.00388583
23.94 0.00331009 -0.00184724 0.00379065
23.95 0.00335161 -0.00156036 0.00369703
23.96 0.00337146 -0.00127821 0.00360563
23.97 0.00337004 -0.00100193 0.00351583
23.98 0.00334871 -0.00073339 0.00342808
23.99 0.00330845 -0.000473213 0.00334212
24 0.00325028 -0.000223305 0.00325794
24.01 0.00317561 1.59336e-05 0.00317565
24.02 0.00308526 0.000243093 0.00309482
24.03 0.00298111 0.000457552 0.00301602
24.04 0.00286404 0.000658621 0.00293879
24.05 0.00273545 0.000845723 0.0028632
24.06 0.00259676 0.00101814 0.00278922
24.07 0.00244947 0.0011759 0.00271711
24.08 0.00229434 0.00131849 0.0026462
24.09 0.00213343 0.00144566 0.0025771
24.1 0.00196734 0.00155766 0.00250933
24.11 0.00179801 0.00165422 0.00244321
24.12 0.00162614 0.00173588 0.00237857
24.13 0.00145316 0.00180234 0.00231519
24.14 0.00128017 0.0018546 0.00225352
24.15 0.00110817 0.00189231 0.00219292
24.16 0.000938403 0.0019166 0.002134
24.17 0.000771398 0.00192747 0.0020761
24.18 0.000608689 0.00192576 0.00201967
24.19 0.000450684 0.00191215 0.00196454
24.2 0.000298198 0.00188727 0.00191068
24.21 0.00015195 0.00185167 0.00185789
24.22 1.27992e-05 0.00180647 0.00180652
24.23 -0.000119271 0.00175225 0.0017563
24.24 -0.000243049 0.00168974 0.00170713
24.25 -0.000358877 0.00162002 0.0016593
24.26 -0.000465817 0.00154366 0.00161241
24.27 -0.000564033 0.00146185 0.00156689
24.28 -0.000653262 0.00137489 0.0015222
24.29 -0.000733336 0.0012842 0.00147883
24.3 -0.000804249 0.00118999 0.00143628
24.31 -0.000865864 0.00109359 0.00139487
24.32 -0.000918639 0.000995349 0.00135448
24.33 -0.00096223 0.00089619 0.00131493
24.34 -0.000997134 0.000796913 0.00127646
24.35 -0.00102361 0.000698119 0.00123901
24.36 -0.00104188 0.000600229 0.00120241
24.37 -0.00105207 0.000504206 0.00116665
24.38 -0.00105503 0.000410368 0.00113203
24.39 -0.00105047 0.000319227 0.0010979
24.4 -0.00103956 0.00023136 0.00106499
24.41 -0.00102217 0.000147009 0.00103269
24.42 -0.000999064 6.68829e-05 0.0010013
24.43 -0.000970689 -9.20142e-06 0.000970732
24.44 -0.000937502 -8.04656e-05 0.000940949
24.45 -0.000899973 -0.000147133 0.000911921
24.46 -0.000858574 -0.000208534 0.000883536
24.47 -0.000814106 -0.000264948 0.000856135
24.48 -0.0007667 -0.000316154 0.000829327
24.49 -0.000717061 -0.000361988 0.000803251
24.5 -0.000665689 -0.000402528 0.000777927
24.51 -0.000612956 -0.000438039 0.000753388
24.52 -0.000559174 -0.000468222 0.00072932
24.53 -0.00050521 -0.000493408 0.000706179
24.54 -0.000450832 -0.000513616 0.000683412
24.55 -0.000397111 -0.000529037 0.000661497
24.56 -0.000343893 -0.00054 0.000640205
24.57 -0.000291686 -0.000546337 0.000619326
24.58 -0.000240806 -0.000548752 0.000599263
24.59 -0.000191527 -0.00054709 0.000579647
24.6 -0.000144022 -0.000541946 0.000560756
24.61 -9.85455e-05 -0.000533167 0.000542197
24.62 -5.54669e-05 -0.000521388 0.00052433
24.63 -1.46475e-05 -0.00050683 0.000507041
24.64 2.36257e-05 -0.000489654 0.000490224
24.65 5.92179e-05 -0.000470121 0.000473836
24.66 9.20981e-05 -0.000448762 0.000458115
24.67 0.00012233 -0.000425498 0.000442733
24.68 0.000149433 -0.00040088 0.000427826
24.69 0.000174061 -0.000374969 0.0004134
24.7 0.00019554 -0.000348135 0.000399292
24.71 0.000214391 -0.000320831 0.00038587
24.72 0.000230499 -0.00029281 0.000372649
24.73 0.000243879 -0.000264788 0.000359986
24.74 0.000254621 -0.000236604 0.000347582
24.75 0.000262887 -0.000208812 0.000335726
24.76 0.000268779 -0.000181186 0.000324146
24.77 0.000272225 -0.000154198 0.000312863
24.78 0.000273671 -0.000127993 0.000302123
24.79 0.00027303 -0.000102595 0.00029167
24.8 0.000270447 -7.80632e-05 0.000281488
24.81 0.000266076 -5.4752e-05 0.000271651
24.82 0.000260215 -3.24983e-05 0.000262236
24.83 0.000252601 -1.16512e-05 0.000252869
24.84 0.000244001 7.94736e-06 0.00024413
24.85 0.000233966 2.62002e-05 0.000235428
24.86 0.000223025 4.27714e-05 0.000227089
24.87 0.000211249 5.81928e-05 0.000219118
24.88 0.000198647 7.19871e-05 0.000211288
24.89 0.000185433 8.44402e-05 0.000203754
24.9 0.000171807 9.52415e-05 0.00019644
24.91 0.00015788 0.000104712 0.000189449
24.92 0.000143603 0.000112737 0.000182569
24.93 0.000129375 0.000119289 0.000175977
24.94 0.000115127 0.000124487 0.000169562
24.95 0.000100969 0.000128476 0.000163404
24.96 8.70159e-05 0.000131104 0.000157353
24.97 7.35217e-05 0.000132641 0.000151654
24.98 6.021e-05 0.00013289 0.000145894
24.99 4.76668e-05 0.000132205 0.000140536
25 3.54403e-05 0.000130673 0.000135394
25.01 2.38665e-05 0.000128003 0.000130209
25.02 1.30141e-05 0.000124777 0.000125454
25.03 2.74764e-06 0.000120679 0.00012071
25.04 -6.826e-06 0.000116015 0.000116216
25.05 -1.55773e-05 0.000110644 0.000111735
25.06 -2.35422e-05 0.000104842 0.000107452
25.07 -3.08665e-05 9.8695e-05 0.000103409
25.08 -3.72997e-05 9.21912e-05 9.94509e-05
25.09 -4.29847e-05 8.53946e-05 9.56029e-05
25.1 -4.79251e-05 7.84859e-05 9.19612e-05
25.11 -5.21216e-05 7.13722e-05 8.83779e-05
25.12 -5.54774e-05 6.43308e-05 8.49482e-05
25.13 -5.83051e-05 5.7117e-05 8.16201e-05
25.14 -6.02129e-05 5.00699e-05 7.83108e-05
25.15 -6.16655e-05 4.32791e-05 7.53373e-05
25.16 -6.24697e-05 3.6392e-05 7.22969e-05
25.17 -6.25773e-05 2.99007e-05 6.9354e-05
25.18 -6.22064e-05 2.35506e-05 6.65152e-05
25.19 -6.13807e-05 1.758e-05 6.38486e-05
25.2 -6.00086e-05 1.18951e-05 6.11762e-05
25.21 -5.8208e-05 6.56686e-06 5.85773e-05
25.22 -5.6176e-05 1.6731e-06 5.62009e-05
25.23 -5.37419e-05 -2.8229e-06 5.3816e-05
25.24 -5.1067e-05 -7.02901e-06 5.15485e-05
25.25 -4.81705e-05 -1.0778e-05 4.93615e-05
25.26 -4.51227e-05 -1.4201e-05 4.73046e-05
25.27 -4.18712e-05 -1.70583e-05 4.52127e-05
25.28 -3.86788e-05 -1.97031e-05 4.34081e-05
25.29 -3.51906e-05 -2.1912e-05 4.1455e-05
25.3 -3.18542e-05 -2.35905e-05 3.96384e-05
25.31 -2.85217e-05 -2.51719e-05 3.8041e-05
25.32 -2.50913e-05 -2.62306e-05 3.6299e-05
25.33 -2.17833e-05 -2.70663e-05 3.47432e-05
25.34 -1.86324e-05 -2.75118e-05 3.32275e-05
25.35 -1.55402e-05 -2.76711e-05 3.17362e-05
25.36 -1.25289e-05 -2.76392e-05 3.03464e-05
25.37 -9.77695e-06 -2.73651e-05 2.90592e-05
25.38 -7.10362e-06 -2.68166e-05 2.77415e-05
25.39 -4.63323e-06 -2.61749e-05 2.65818e-05
25.4 -2.31047e-06 -2.52865e-05 2.53919e-05
25.41 -1.8822e-07 -2.43019e-05 2.43026e-05
25.42 1.78147e-06 -2.30204e-05 2.30892e-05
25.43 3.40921e-06 -2.17915e-05 2.20566e-05
25.44 5.07331e-06 -2.05195e-05 2.11374e-05
25.45 6.40702e-06 -1.90013e-05 2.00524e-05
25.46 7.50301e-06 -1.76767e-05 1.92032e-05
25.47 8.56728e-06 -1.61374e-05 1.82705e-05
25.48 9.41079e-06 -1.47002e-05 1.74545e-05
25.49 1.00424e-05 -1.3233e-05 1.66121e-05
25.5 1.05496e-05 -1.17379e-05 1.5782e-05
25.51 1.09968e-05 -1.03759e-05 1.51191e-05
25.52 1.12315e-05 -9.054e-06 1.44264e-05
25.53 1.14213e-05 -7.66959e-06 1.37575e-05
25.54 1.14495e-05 -6.40312e-06 1.31184e-05
25.55 1.13999e-05 -5.14741e-06 1.25081e-05
25.56 1.12715e-05 -4.04165e-06 1.19742e-05
25.57 1.1059e-05 -2.8851e-06 1.14292e-05
25.58 1.06394e-05 -1.8957e-06 1.08069e-05
25.59 1.03582e-05 -1.05287e-06 1.04116e-05
25.6 9.93721e-06 -7.97366e-08 9.93753e-06
25.61 9.35855e-06 6.44312e-07 9.3807e-06
25.62 8.87735e-06 1.4571e-06 8.99614e-06
25.63 8.34172e-06 2.10323e-06 8.60278e-06
25.64 7.72867e-06 2.63332e-06 8.16497e-06
25.65 7.09845e-06 3.21169e-06 7.79121e-06
25.66 6.5094e-06 3.62455e-06 7.45048e-06
25.67 5.85114e-06 3.9427e-06 7.05555e-06
25.68 5.2545e-06 4.31885e-06 6.80163e-06
25.69 4.58573e-06 4.53579e-06 6.44998e-06
25.7 3.93955e-06 4.72914e-06 6.15506e-06
25.71 3.36972e-06 4.75609e-06 5.82884e-06
25.72 2.8108e-06 4.84498e-06 5.60129e-06
25.73 2.14557e-06 4.87293e-06 5.32437e-06
25.74 1.677e-06 4.7847e-06 5.07008e-06
25.75 1.21796e-06 4.82691e-06 4.9782e-06
25.76 6.5747e-07 4.66648e-06 4.71257e-06
25.77 2.21084e-07 4.59752e-06 4.60284e-06
25.78 -1.83027e-07 4.42976e-06 4.43354e-06
25.79 -5.86032e-07 4.15604e-06 4.19715e-06
25.8 -9.66201e-07 4.03714e-06 4.15115e-06
25.81 -1.26678e-06 3.85251e-06 4.05544e-06
25.82 -1.58044e-06 3.57877e-06 3.91221e-06
25.83 -1.76158e-06 3.42979e-06 3.85572e-06
25.84 -1.97851e-06 3.16944e-06 3.73629e-06
25.85 -2.17884e-06 2.97718e-06 3.68931e-06
25.86 -2.23048e-06 2.69879e-06 3.50121e-06
25.87 -2.25554e-06 2.5025e-06 3.36897e-06
25.88 -2.37917e-06 2.33328e-06 3.33236e-06
25.89 -2.34076e-06 2.06539e-06 3.1217e-06
25.9 -2.24397e-06 1.905e-06 2.94354e-06
25.91 -2.23527e-06 1.58841e-06 2.74217e-06
25.92 -2.12104e-06 1.41316e-06 2.54869e-06
25.93 -1.96444e-06 1.24311e-06 2.32472e-06
25.94 -1.77318e-06 9.77613e-07 2.02482e-06
25.95 -1.57339e-06 8.8251e-07 1.80399e-06
25.96 -1.33064e-06 7.77793e-07 1.54129e-06
25.97 -1.12376e-06 5.33829e-07 1.24411e-06
25.98 -7.93392e-07 4.45087e-07 9.09711e-07
25.99 -5.25763e-07 2.41284e-07 5.78485e-07
26 -3.26697e-07 1.47857e-07 3.58598e-07
