0 0.0101279 0.00416658 0.0109515
0.01 0.0202177 0.00830776 0.0218581
0.02 0.0302316 0.0123986 0.0326753
0.03 0.0401317 0.0164142 0.0433587
0.04 0.049881 0.0203299 0.0538648
0.05 0.0594427 0.0241218 0.0641506
0.06 0.0687808 0.0277668 0.0741741
0.07 0.0778602 0.031242 0.0838944
0.08 0.0866467 0.0345261 0.0932722
0.09 0.095107 0.0375982 0.102269
0.1 0.103209 0.0404392 0.110849
0.11 0.110923 0.0430304 0.118977
0.12 0.118219 0.0453552 0.126621
0.13 0.125069 0.0473979 0.133749
0.14 0.131448 0.0491445 0.140334
0.15 0.137331 0.0505826 0.14635
0.16 0.142696 0.0517015 0.151773
0.17 0.147521 0.052492 0.156582
0.18 0.15179 0.0529468 0.160759
0.19 0.155485 0.0530607 0.164289
0.2 0.158591 0.0528298 0.167159
0.21 0.161097 0.0522523 0.16936
0.22 0.162993 0.0513285 0.170884
0.23 0.164271 0.0500602 0.171729
0.24 0.164925 0.0484515 0.171895
0.25 0.164952 0.0465081 0.171383
0.26 0.164352 0.0442378 0.170201
0.27 0.163126 0.0416498 0.168359
0.28 0.161278 0.0387556 0.165869
0.29 0.158814 0.0355683 0.162748
0.3 0.155742 0.0321024 0.159016
0.31 0.152074 0.0283742 0.154699
0.32 0.147822 0.0244018 0.149823
0.33 0.143002 0.0202042 0.144422
0.34 0.13763 0.0158022 0.138534
0.35 0.131727 0.0112178 0.132203
0.36 0.125312 0.00647412 0.125479
0.37 0.118411 0.00159514 0.118422
0.38 0.111047 -0.00339382 0.111099
0.39 0.103248 -0.00846706 0.103595
0.4 0.0950423 -0.0135978 0.0960101
0.41 0.0864599 -0.0187591 0.0884715
0.42 0.0775322 -0.0239232 0.0811391
0.43 0.0682924 -0.0290623 0.074219
0.44 0.0587742 -0.0341486 0.0679745
0.45 0.049013 -0.0391537 0.0627319
0.46 0.039045 -0.04405 0.0588635
0.47 0.0289069 -0.0488099 0.0567276
0.48 0.0186365 -0.0534063 0.0565645
0.49 0.00827205 -0.0578121 0.0584009
0.5 -0.00214794 -0.0620021 0.0620393
0.51 -0.0125844 -0.0659507 0.0671406
0.52 -0.0229984 -0.0696338 0.0733334
0.53 -0.0333509 -0.0730285 0.0802835
0.54 -0.0436029 -0.0761129 0.0877176
0.55 -0.0537159 -0.0788664 0.0954218
0.56 -0.0636518 -0.0812699 0.10323
0.57 -0.0733728 -0.0833061 0.111011
0.58 -0.0828423 -0.0849589 0.118663
0.59 -0.092024 -0.0862141 0.1261
0.6 -0.100883 -0.0870595 0.133254
0.61 -0.109386 -0.0874846 0.140067
0.62 -0.117499 -0.0874809 0.146488
0.63 -0.125191 -0.0870418 0.152477
0.64 -0.132433 -0.0861633 0.157996
0.65 -0.139197 -0.0848426 0.163015
0.66 -0.145455 -0.0830798 0.16751
0.67 -0.151184 -0.0808769 0.171457
0.68 -0.15636 -0.078238 0.174841
0.69 -0.160962 -0.0751694 0.177649
0.7 -0.164972 -0.0716795 0.179871
0.71 -0.168373 -0.0677791 0.181503
0.72 -0.171151 -0.0634806 0.182544
0.73 -0.173293 -0.0587989 0.182997
0.74 -0.17479 -0.0537508 0.182868
0.75 -0.175635 -0.0483547 0.18217
0.76 -0.175822 -0.0426314 0.180916
0.77 -0.175348 -0.0366033 0.179128
0.78 -0.174214 -0.0302942 0.176828
0.79 -0.172421 -0.0237297 0.174046
0.8 -0.169974 -0.0169372 0.170816
0.81 -0.166881 -0.00994499 0.167177
0.82 -0.163151 -0.00278275 0.163175
0.83 -0.158796 0.00451825 0.15886
0.84 -0.153829 0.0119265 0.154291
0.85 -0.148268 0.0194091 0.149533
0.86 -0.142131 0.0269326 0.14466
0.87 -0.135439 0.0344629 0.139755
0.88 -0.128216 0.0419657 0.134909
0.89 -0.120486 0.0494063 0.130223
0.9 -0.112277 0.0567497 0.125804
0.91 -0.103616 0.0639613 0.121768
0.92 -0.0945361 0.0710065 0.118233
0.93 -0.085068 0.0778512 0.115314
0.94 -0.0752459 0.0844617 0.113118
0.95 -0.065105 0.0908053 0.111733
0.96 -0.054682 0.0968497 0.11122
0.97 -0.0440144 0.102564 0.111609
0.98 -0.0331408 0.107918 0.112892
0.99 -0.022101 0.112883 0.115026
1 -0.0109351 0.117433 0.117941
1.01 0.000315943 0.12154 0.121541
1.02 0.0116107 0.125183 0.12572
1.03 0.0229076 0.128338 0.130366
1.04 0.0341648 0.130985 0.135367
1.05 0.0453405 0.133106 0.140617
1.06 0.0563932 0.134686 0.146016
1.07 0.0672815 0.13571 0.151473
1.08 0.0779645 0.136168 0.156908
1.09 0.0884021 0.136049 0.162248
1.1 0.0985547 0.135348 0.167428
1.11 0.108384 0.13406 0.172393
1.12 0.117852 0.132184 0.177093
1.13 0.126923 0.129721 0.181486
1.14 0.135562 0.126674 0.185535
1.15 0.143735 0.12305 0.189211
1.16 0.15141 0.118857 0.192489
1.17 0.158557 0.114106 0.195347
1.18 0.165148 0.108812 0.197773
1.19 0.171157 0.10299 0.199754
1.2 0.176558 0.0966598 0.201286
1.21 0.18133 0.0898418 0.202367
1.22 0.185453 0.0825596 0.203
1.23 0.188909 0.0748389 0.203193
1.24 0.191682 0.0667073 0.202958
1.25 0.193761 0.0581948 0.202311
1.26 0.195133 0.049333 0.201273
1.27 0.195792 0.0401552 0.199868
1.28 0.195733 0.0306968 0.198125
1.29 0.194951 0.0209943 0.196079
1.3 0.193449 0.0110858 0.193766
1.31 0.191228 0.0010105 0.19123
1.32 0.188293 -0.00919127 0.188517
1.33 0.184652 -0.0194783 0.185677
1.34 0.180316 -0.0298087 0.182764
1.35 0.175298 -0.0401399 0.179835
1.36 0.169614 -0.0504291 0.176952
1.37 0.163281 -0.0606333 0.174175
1.38 0.15632 -0.0707091 0.171568
1.39 0.148754 -0.0806139 0.169193
1.4 0.140608 -0.090305 0.16711
1.41 0.13191 -0.0997403 0.165374
1.42 0.122689 -0.108878 0.164034
1.43 0.112977 -0.117679 0.163132
1.44 0.102807 -0.126103 0.1627
1.45 0.0922135 -0.134112 0.162755
1.46 0.0812348 -0.141669 0.163307
1.47 0.0699087 -0.148738 0.164348
1.48 0.0582751 -0.155288 0.165862
1.49 0.0463753 -0.161285 0.16782
1.5 0.0342514 -0.166702 0.170184
1.51 0.0219467 -0.171509 0.172907
1.52 0.00950535 -0.175682 0.175939
1.53 -0.00302814 -0.179198 0.179224
1.54 -0.0156083 -0.182038 0.182706
1.55 -0.0281896 -0.184183 0.186328
1.56 -0.0407265 -0.185619 0.190035
1.57 -0.0531731 -0.186334 0.193772
1.58 -0.0654836 -0.186318 0.197491
1.59 -0.0776131 -0.185566 0.201143
1.6 -0.0895165 -0.184073 0.204686
1.61 -0.10115 -0.18184 0.20808
1.62 -0.112469 -0.17887 0.211291
1.63 -0.123433 -0.175167 0.214287
1.64 -0.134 -0.17074 0.217044
1.65 -0.144129 -0.165602 0.219539
1.66 -0.153783 -0.159767 0.221753
1.67 -0.162924 -0.153252 0.223675
1.68 -0.171517 -0.146077 0.225293
1.69 -0.179529 -0.138267 0.226602
1.7 -0.186929 -0.129846 0.227601
1.71 -0.193686 -0.120844 0.228293
1.72 -0.199774 -0.111291 0.228682
1.73 -0.205169 -0.101221 0.228779
1.74 -0.209847 -0.0906691 0.228597
1.75 -0.213789 -0.0796741 0.228153
1.76 -0.216978 -0.0682757 0.227466
1.77 -0.219398 -0.0565155 0.22656
1.78 -0.221038 -0.0444371 0.225461
1.79 -0.22189 -0.0320856 0.224197
1.8 -0.221945 -0.0195074 0.222801
1.81 -0.221202 -0.00675003 0.221305
1.82 -0.21966 0.00613772 0.219745
1.83 -0.21732 0.0191065 0.218158
1.84 -0.214187 0.0321064 0.21658
1.85 -0.210271 0.0450866 0.21505
1.86 -0.205581 0.0579967 0.213606
1.87 -0.200132 0.0707857 0.212282
1.88 -0.19394 0.0834033 0.211113
1.89 -0.187024 0.0957992 0.210132
1.9 -0.179406 0.107924 0.209366
1.91 -0.171111 0.119728 0.208839
1.92 -0.162165 0.131165 0.208571
1.93 -0.152599 0.142187 0.208575
1.94 -0.142443 0.152749 0.208859
1.95 -0.131732 0.162808 0.209427
1.96 -0.120503 0.172321 0.210274
1.97 -0.108793 0.181248 0.211392
1.98 -0.096642 0.189552 0.212766
1.99 -0.0840926 0.197196 0.214378
2 -0.0711875 0.204147 0.216203
2.01 -0.0579718 0.210374 0.218216
2.02 -0.0444913 0.21585 0.220387
2.03 -0.0307935 0.220547 0.222687
2.04 -0.016926 0.224445 0.225082
2.05 -0.00293816 0.227523 0.227542
2.06 0.0111207 0.229764 0.230033
2.07 0.0252008 0.231156 0.232526
2.08 0.0392517 0.231689 0.23499
2.09 0.0532233 0.231354 0.237397
2.1 0.0670654 0.230149 0.239722
2.11 0.0807283 0.228074 0.24194
2.12 0.0941625 0.225131 0.24403
2.13 0.107319 0.221328 0.245974
2.14 0.120151 0.216673 0.247757
2.15 0.13261 0.21118 0.249364
2.16 0.144652 0.204865 0.250786
2.17 0.156231 0.197748 0.252017
2.18 0.167305 0.189852 0.253051
2.19 0.177832 0.181202 0.253887
2.2 0.187774 0.171827 0.254526
2.21 0.197092 0.161759 0.254973
2.22 0.205752 0.151032 0.255234
2.23 0.21372 0.139683 0.255318
2.24 0.220965 0.127753 0.255237
2.25 0.227459 0.115282 0.255005
2.26 0.233177 0.102315 0.254637
2.27 0.238095 0.088898 0.25415
2.28 0.242193 0.0750794 0.253564
2.29 0.245454 0.060909 0.252899
2.3 0.247864 0.046438 0.252176
2.31 0.249409 0.031719 0.251418
2.32 0.250083 0.0168058 0.250648
2.33 0.24988 0.00175305 0.249886
2.34 0.248798 -0.0133839 0.249157
2.35 0.246836 -0.028549 0.248482
2.36 0.244 -0.0436862 0.24788
2.37 0.240296 -0.0587392 0.247371
2.38 0.235734 -0.0736516 0.246972
2.39 0.230328 -0.0883679 0.246698
2.4 0.224094 -0.102833 0.246562
2.41 0.217051 -0.116991 0.246572
2.42 0.209221 -0.13079 0.246738
2.43 0.200629 -0.144178 0.247061
2.44 0.191302 -0.157102 0.247543
2.45 0.181273 -0.169514 0.248183
2.46 0.170572 -0.181366 0.248975
2.47 0.159236 -0.192613 0.249912
2.48 0.147303 -0.20321 0.250983
2.49 0.134812 -0.213117 0.252177
2.5 0.121806 -0.222294 0.253479
2.51 0.108329 -0.230706 0.254873
2.52 0.0944261 -0.238319 0.256344
2.53 0.0801453 -0.245102 0.257872
2.54 0.0655353 -0.251027 0.259441
2.55 0.0506462 -0.256071 0.261031
2.56 0.0355296 -0.260212 0.262626
2.57 0.0202375 -0.263431 0.264207
2.58 0.00482294 -0.265714 0.265757
2.59 -0.0106605 -0.267049 0.267262
2.6 -0.0261589 -0.26743 0.268706
2.61 -0.0416182 -0.26685 0.270076
2.62 -0.0569842 -0.265311 0.271362
2.63 -0.0722029 -0.262814 0.272551
2.64 -0.087221 -0.259365 0.273638
2.65 -0.101985 -0.254974 0.274614
2.66 -0.116444 -0.249655 0.275475
2.67 -0.130545 -0.243424 0.276219
2.68 -0.144239 -0.2363 0.276844
2.69 -0.157477 -0.228308 0.277351
2.7 -0.170212 -0.219473 0.277742
2.71 -0.182398 -0.209826 0.278021
2.72 -0.193991 -0.199399 0.278195
2.73 -0.204949 -0.188226 0.278268
2.74 -0.215232 -0.176348 0.278251
2.75 -0.224804 -0.163804 0.278152
2.76 -0.233629 -0.150638 0.277983
2.77 -0.241674 -0.136896 0.277753
2.78 -0.24891 -0.122625 0.277477
2.79 -0.25531 -0.107876 0.277165
2.8 -0.260849 -0.0926999 0.276831
2.81 -0.265506 -0.0771502 0.276488
2.82 -0.269263 -0.0612814 0.276149
2.83 -0.272105 -0.0451499 0.275826
2.84 -0.27402 -0.0288123 0.27553
2.85 -0.274998 -0.0123265 0.275275
2.86 -0.275036 0.00424893 0.275069
2.87 -0.274129 0.0208556 0.274921
2.88 -0.27228 0.0374341 0.274841
2.89 -0.269493 0.0539259 0.274835
2.9 -0.265774 0.070272 0.274907
2.91 -0.261136 0.0864143 0.275063
2.92 -0.255592 0.102295 0.275303
2.93 -0.249159 0.117858 0.275628
2.94 -0.241859 0.133048 0.276038
2.95 -0.233713 0.147809 0.27653
2.96 -0.224748 0.162089 0.277101
2.97 -0.214995 0.175838 0.277744
2.98 -0.204483 0.189005 0.278453
2.99 -0.19325 0.201543 0.279223
3 -0.181331 0.213408 0.280043
3.01 -0.168766 0.224557 0.280905
3.02 -0.155598 0.234948 0.2818
3.03 -0.141869 0.244546 0.282718
3.04 -0.127627 0.253315 0.28365
3.05 -0.11292 0.261223 0.284584
3.06 -0.0977961 0.268241 0.285512
3.07 -0.0823075 0.274343 0.286424
3.08 -0.0665062 0.279509 0.287312
3.09 -0.0504459 0.283716 0.288166
3.1 -0.0341811 0.286952 0.28898
3.11 -0.0177669 0.289202 0.289747
3.12 -0.00125929 0.290458 0.290461
3.13 0.0152854 0.290714 0.291116
3.14 0.0318111 0.289969 0.291709
3.15 0.0482612 0.288225 0.292237
3.16 0.0645794 0.285485 0.292698
3.17 0.0807103 0.28176 0.293092
3.18 0.0965982 0.27706 0.293417
3.19 0.112189 0.271402 0.293676
3.2 0.127429 0.264804 0.29387
3.21 0.142266 0.257288 0.294002
3.22 0.15665 0.24888 0.294076
3.23 0.17053 0.239609 0.294097
3.24 0.183859 0.229504 0.294069
3.25 0.196592 0.218602 0.293998
3.26 0.208683 0.206938 0.293891
3.27 0.220093 0.194553 0.293754
3.28 0.23078 0.181489 0.293594
3.29 0.240709 0.16779 0.293418
3.3 0.249844 0.153504 0.293233
3.31 0.258155 0.138678 0.293045
3.32 0.265612 0.123364 0.292862
3.33 0.272189 0.107614 0.29269
3.34 0.277863 0.0914823 0.292536
3.35 0.282615 0.075023 0.292403
3.36 0.286427 0.0582928 0.292299
3.37 0.289286 0.0413486 0.292226
3.38 0.291182 0.0242485 0.29219
3.39 0.292107 0.00705046 0.292192
3.4 0.292057 -0.0101866 0.292235
3.41 0.291033 -0.0274042 0.29232
3.42 0.289037 -0.0445435 0.292449
3.43 0.286074 -0.0615464 0.29262
3.44 0.282155 -0.0783551 0.292833
3.45 0.277292 -0.0949125 0.293086
3.46 0.271501 -0.111162 0.293377
3.47 0.264801 -0.12705 0.293702
3.48 0.257213 -0.142521 0.294059
3.49 0.248764 -0.157523 0.294443
3.5 0.23948 -0.172006 0.294851
3.51 0.229393 -0.18592 0.295276
3.52 0.218537 -0.19922 0.295714
3.53 0.206946 -0.21186 0.296161
3.54 0.19466 -0.223797 0.29661
3.55 0.18172 -0.234992 0.297058
3.56 0.168168 -0.245407 0.297498
3.57 0.15405 -0.255008 0.297927
3.58 0.139412 -0.263762 0.298339
3.59 0.124304 -0.27164 0.298731
3.6 0.108776 -0.278617 0.299098
3.61 0.0928789 -0.284669 0.299438
3.62 0.076666 -0.289776 0.299746
3.63 0.0601913 -0.293922 0.300022
3.64 0.0435095 -0.297094 0.300263
3.65 0.0266758 -0.299281 0.300467
3.66 0.00974641 -0.300476 0.300634
3.67 -0.00722277 -0.300677 0.300764
3.68 -0.0241753 -0.299883 0.300856
3.69 -0.0410552 -0.298097 0.300911
3.7 -0.0578064 -0.295326 0.300931
3.71 -0.0743736 -0.291581 0.300917
3.72 -0.0907021 -0.286873 0.300871
3.73 -0.106738 -0.28122 0.300795
3.74 -0.122428 -0.274641 0.300693
3.75 -0.137721 -0.267159 0.300568
3.76 -0.152566 -0.258799 0.300422
3.77 -0.166915 -0.24959 0.30026
3.78 -0.180721 -0.239562 0.300084
3.79 -0.193938 -0.228751 0.299898
3.8 -0.206523 -0.217191 0.299706
3.81 -0.218435 -0.204923 0.299512
3.82 -0.229636 -0.191988 0.299319
3.83 -0.240088 -0.178428 0.29913
3.84 -0.249758 -0.164289 0.298948
3.85 -0.258615 -0.149619 0.298777
3.86 -0.266631 -0.134466 0.298618
3.87 -0.273778 -0.11888 0.298475
3.88 -0.280036 -0.102914 0.298348
3.89 -0.285383 -0.0866199 0.298239
3.9 -0.289804 -0.070052 0.29815
3.91 -0.293284 -0.053265 0.298081
3.92 -0.295812 -0.0363138 0.298033
3.93 -0.297382 -0.0192546 0.298005
3.94 -0.297989 -0.00214315 0.297996
3.95 -0.297631 0.0149646 0.298007
3.96 -0.296312 0.0320125 0.298036
3.97 -0.294036 0.048945 0.298082
3.98 -0.290811 0.0657072 0.298142
3.99 -0.286649 0.0822445 0.298214
4 -0.281564 0.0985034 0.298297
4.01 -0.275575 0.114431 0.298389
4.02 -0.2687 0.129977 0.298486
4.03 -0.260965 0.145089 0.298586
4.04 -0.252393 0.159722 0.298686
4.05 -0.243016 0.173826 0.298784
4.06 -0.232863 0.187358 0.298878
4.07 -0.221968 0.200274 0.298964
4.08 -0.210369 0.212534 0.299041
4.09 -0.198102 0.224098 0.299106
4.1 -0.185209 0.234931 0.299157
4.11 -0.171732 0.244999 0.299193
4.12 -0.157715 0.25427 0.299211
4.13 -0.143205 0.262715 0.299211
4.14 -0.128248 0.27031 0.299191
4.15 -0.112894 0.277031 0.299151
4.16 -0.0971923 0.282857 0.29909
4.17 -0.0811942 0.287772 0.299008
4.18 -0.0649516 0.291762 0.298904
4.19 -0.048517 0.294815 0.29878
4.2 -0.0319434 0.296923 0.298636
4.21 -0.0152845 0.29808 0.298472
4.22 0.0014065 0.298287 0.29829
4.23 0.0180756 0.297542 0.298091
4.24 0.0346698 0.295851 0.297876
4.25 0.0511359 0.293221 0.297647
4.26 0.0674214 0.289662 0.297405
4.27 0.0834745 0.285187 0.297153
4.28 0.0992444 0.279813 0.296891
4.29 0.114681 0.273558 0.296623
4.3 0.129736 0.266444 0.29635
4.31 0.144361 0.258495 0.296074
4.32 0.158511 0.24974 0.295797
4.33 0.172142 0.240206 0.29552
4.34 0.185211 0.229927 0.295245
4.35 0.197678 0.218937 0.294974
4.36 0.209503 0.207271 0.294708
4.37 0.220651 0.19497 0.294449
4.38 0.231088 0.182072 0.294197
4.39 0.240781 0.168621 0.293953
4.4 0.249701 0.154661 0.293719
4.41 0.257822 0.140236 0.293494
4.42 0.26512 0.125393 0.293278
4.43 0.271572 0.110182 0.293072
4.44 0.277161 0.0946496 0.292876
4.45 0.281869 0.0788469 0.292689
4.46 0.285685 0.0628243 0.292511
4.47 0.288598 0.046633 0.292341
4.48 0.290601 0.0303244 0.292179
4.49 0.291689 0.0139504 0.292022
4.5 0.291861 -0.00243717 0.291871
4.51 0.291118 -0.0187865 0.291723
4.52 0.289464 -0.0350465 0.291578
4.53 0.286908 -0.0511656 0.291435
4.54 0.283459 -0.067094 0.291291
4.55 0.279129 -0.0827816 0.291146
4.56 0.273935 -0.0981798 0.290998
4.57 0.267894 -0.113241 0.290845
4.58 0.261029 -0.127919 0.290688
4.59 0.253361 -0.142168 0.290523
4.6 0.244918 -0.155944 0.290351
4.61 0.235727 -0.169207 0.290169
4.62 0.22582 -0.181915 0.289979
4.63 0.215228 -0.19403 0.289777
4.64 0.203987 -0.205515 0.289564
4.65 0.192134 -0.216337 0.28934
4.66 0.179707 -0.226464 0.289103
4.67 0.166746 -0.235865 0.288854
4.68 0.153294 -0.244513 0.288593
4.69 0.139394 -0.252383 0.288319
4.7 0.125089 -0.259453 0.288033
4.71 0.110427 -0.265703 0.287736
4.72 0.0954534 -0.271115 0.287428
4.73 0.080216 -0.275675 0.287108
4.74 0.0647631 -0.279371 0.28678
4.75 0.0491433 -0.282194 0.286441
4.76 0.0334058 -0.284138 0.286095
4.77 0.0175999 -0.285199 0.285742
4.78 0.00177497 -0.285377 0.285382
4.79 -0.0140196 -0.284672 0.285017
4.8 -0.0297348 -0.283091 0.284648
4.81 -0.0453219 -0.28064 0.284276
4.82 -0.060733 -0.277329 0.283901
4.83 -0.0759205 -0.273172 0.283526
4.84 -0.090838 -0.268183 0.28315
4.85 -0.10544 -0.262381 0.282775
4.86 -0.119682 -0.255786 0.282401
4.87 -0.13352 -0.248421 0.282029
4.88 -0.146914 -0.24031 0.28166
4.89 -0.159822 -0.231481 0.281295
4.9 -0.172207 -0.221964 0.280933
4.91 -0.184031 -0.21179 0.280575
4.92 -0.19526 -0.200993 0.280222
4.93 -0.205859 -0.189607 0.279873
4.94 -0.2158 -0.17767 0.279528
4.95 -0.225051 -0.16522 0.279188
4.96 -0.233588 -0.152298 0.278852
4.97 -0.241386 -0.138944 0.278519
4.98 -0.248423 -0.125201 0.278189
4.99 -0.254679 -0.111113 0.277863
5 -0.260138 -0.0967238 0.277538
5.01 -0.264786 -0.0820794 0.277215
5.02 -0.268609 -0.0672251 0.276893
5.03 -0.271599 -0.0522075 0.276572
5.04 -0.273751 -0.0370735 0.27625
5.05 -0.275058 -0.0218698 0.275926
5.06 -0.275521 -0.00664339 0.275601
5.07 -0.275139 0.00855878 0.275273
5.08 -0.273918 0.0236901 0.274941
5.09 -0.271864 0.0387043 0.274605
5.1 -0.268985 0.0535558 0.274265
5.11 -0.265294 0.0681993 0.273919
5.12 -0.260803 0.0825908 0.273568
5.13 -0.25553 0.0966868 0.27321
5.14 -0.249493 0.110445 0.272846
5.15 -0.242713 0.123825 0.272475
5.16 -0.235214 0.136786 0.272096
5.17 -0.227021 0.149291 0.27171
5.18 -0.218162 0.161302 0.271317
5.19 -0.208665 0.172785 0.270917
5.2 -0.198563 0.183705 0.270509
5.21 -0.187888 0.194033 0.270094
5.22 -0.176676 0.203737 0.269672
5.23 -0.164961 0.212791 0.269243
5.24 -0.152782 0.221169 0.268809
5.25 -0.140178 0.228848 0.268368
5.26 -0.127189 0.235807 0.267922
5.27 -0.113856 0.242027 0.26747
5.28 -0.100221 0.247492 0.267015
5.29 -0.0863275 0.252188 0.266555
5.3 -0.0722179 0.256104 0.266091
5.31 -0.0579368 0.259229 0.265625
5.32 -0.0435283 0.261559 0.265156
5.33 -0.0290369 0.263087 0.264685
5.34 -0.0145076 0.263814 0.264212
5.35 1.56017e-05 0.263738 0.263738
5.36 0.0144879 0.262865 0.263264
5.37 0.0288655 0.261198 0.262789
5.38 0.0431047 0.258748 0.262314
5.39 0.0571626 0.255523 0.261839
5.4 0.070997 0.251537 0.261364
5.41 0.0845663 0.246804 0.26089
5.42 0.0978304 0.241343 0.260417
5.43 0.11075 0.235172 0.259945
5.44 0.123286 0.228313 0.259473
5.45 0.135404 0.22079 0.259002
5.46 0.147066 0.212628 0.258533
5.47 0.15824 0.203855 0.258063
5.48 0.168893 0.194499 0.257594
5.49 0.178995 0.184592 0.257126
5.5 0.188518 0.174167 0.256658
5.51 0.197434 0.163256 0.256189
5.52 0.20572 0.151895 0.25572
5.53 0.213352 0.140121 0.25525
5.54 0.22031 0.12797 0.25478
5.55 0.226575 0.115482 0.254308
5.56 0.232131 0.102697 0.253834
5.57 0.236965 0.089653 0.253358
5.58 0.241065 0.0763922 0.25288
5.59 0.244421 0.0629556 0.252399
5.6 0.247027 0.0493847 0.251915
5.61 0.248878 0.0357215 0.251428
5.62 0.24997 0.0220077 0.250937
5.63 0.250306 0.00828539 0.250443
5.64 0.249885 -0.00540355 0.249944
5.65 0.248715 -0.0190181 0.249441
5.66 0.2468 -0.0325167 0.248933
5.67 0.244151 -0.0458592 0.248421
5.68 0.240779 -0.0590057 0.247904
5.69 0.236697 -0.0719171 0.247381
5.7 0.231921 -0.0845553 0.246854
5.71 0.226469 -0.0968831 0.246322
5.72 0.22036 -0.108865 0.245785
5.73 0.213616 -0.120465 0.245242
5.74 0.206261 -0.131651 0.244695
5.75 0.19832 -0.14239 0.244143
5.76 0.189819 -0.152653 0.243586
5.77 0.180787 -0.162409 0.243024
5.78 0.171255 -0.171632 0.242458
5.79 0.161253 -0.180297 0.241888
5.8 0.150814 -0.18838 0.241313
5.81 0.139972 -0.19586 0.240735
5.82 0.128762 -0.202716 0.240153
5.83 0.11722 -0.20893 0.239567
5.84 0.105382 -0.214489 0.238979
5.85 0.0932862 -0.219377 0.238387
5.86 0.0809702 -0.223583 0.237793
5.87 0.0684723 -0.227099 0.237197
5.88 0.0558317 -0.229917 0.236599
5.89 0.043087 -0.232031 0.235998
5.9 0.0302779 -0.233441 0.235396
5.91 0.0174433 -0.234144 0.234793
5.92 0.00462212 -0.234143 0.234188
5.93 -0.00814679 -0.233441 0.233583
5.94 -0.0208248 -0.232044 0.232977
5.95 -0.0333746 -0.22996 0.23237
5.96 -0.0457581 -0.2272 0.231762
5.97 -0.0579393 -0.223775 0.231155
5.98 -0.0698824 -0.2197 0.230547
5.99 -0.0815524 -0.21499 0.229938
6 -0.0929156 -0.209664 0.22933
6.01 -0.103939 -0.203741 0.228722
6.02 -0.114592 -0.197242 0.228113
6.03 -0.124844 -0.19019 0.227504
6.04 -0.134666 -0.18261 0.226895
6.05 -0.144032 -0.174528 0.226285
6.06 -0.152915 -0.165971 0.225675
6.07 -0.161291 -0.156968 0.225064
6.08 -0.169139 -0.147549 0.224452
6.09 -0.176438 -0.137745 0.223839
6.1 -0.183168 -0.127588 0.223225
6.11 -0.189313 -0.117111 0.222608
6.12 -0.194859 -0.106347 0.22199
6.13 -0.199792 -0.09533 0.22137
6.14 -0.204101 -0.0840959 0.220747
6.15 -0.207776 -0.0726794 0.220121
6.16 -0.210811 -0.0611164 0.219492
6.17 -0.213201 -0.0494425 0.218859
6.18 -0.214943 -0.0376937 0.218223
6.19 -0.216035 -0.0259057 0.217583
6.2 -0.216479 -0.0141145 0.216939
6.21 -0.216277 -0.00235565 0.21629
6.22 -0.215434 0.00933579 0.215637
6.23 -0.213958 0.020925 0.214979
6.24 -0.211856 0.0323778 0.214316
6.25 -0.209139 0.0436608 0.213648
6.26 -0.20582 0.0547408 0.212975
6.27 -0.201913 0.0655863 0.212298
6.28 -0.197433 0.0761663 0.211616
6.29 -0.192398 0.0864507 0.210928
6.3 -0.186827 0.0964109 0.210237
6.31 -0.180741 0.106019 0.209541
6.32 -0.174161 0.115249 0.208841
6.33 -0.167111 0.124076 0.208137
6.34 -0.159615 0.132476 0.207429
6.35 -0.151699 0.140428 0.206719
6.36 -0.14339 0.14791 0.206005
6.37 -0.134715 0.154904 0.205289
6.38 -0.125704 0.161393 0.204571
6.39 -0.116386 0.167361 0.203851
6.4 -0.106791 0.172793 0.20313
6.41 -0.0969502 0.177679 0.202408
6.42 -0.0868945 0.182007 0.201686
6.43 -0.0766558 0.185769 0.200964
6.44 -0.0662662 0.188959 0.200241
6.45 -0.0557578 0.19157 0.199519
6.46 -0.0451633 0.1936 0.198798
6.47 -0.0345145 0.195048 0.198078
6.48 -0.0238441 0.195914 0.197359
6.49 -0.0131837 0.196199 0.196642
6.5 -0.00256544 0.195909 0.195926
6.51 0.00797979 0.195048 0.195211
6.52 0.0184209 0.193623 0.194497
6.53 0.0287279 0.191644 0.193785
6.54 0.038871 0.189121 0.193075
6.55 0.0488217 0.186067 0.192365
6.56 0.0585516 0.182494 0.191657
6.57 0.0680341 0.178417 0.190949
6.58 0.0772432 0.173854 0.190242
6.59 0.0861536 0.168822 0.189534
6.6 0.0947417 0.163339 0.188827
6.61 0.102985 0.157426 0.188119
6.62 0.110862 0.151104 0.187411
6.63 0.118352 0.144395 0.186701
6.64 0.125438 0.137323 0.18599
6.65 0.132101 0.129912 0.185277
6.66 0.138326 0.122186 0.184563
6.67 0.144099 0.11417 0.183846
6.68 0.149406 0.105892 0.183126
6.69 0.154236 0.0973778 0.182404
6.7 0.15858 0.0886546 0.181679
6.71 0.16243 0.0797497 0.180951
6.72 0.165778 0.0706911 0.180221
6.73 0.168619 0.0615065 0.179487
6.74 0.170951 0.052224 0.17875
6.75 0.17277 0.0428717 0.17801
6.76 0.174078 0.0334774 0.177268
6.77 0.174874 0.0240689 0.176523
6.78 0.175162 0.0146736 0.175775
6.79 0.174945 0.00531879 0.175026
6.8 0.17423 -0.00396874 0.174275
6.81 0.173023 -0.0131629 0.173523
6.82 0.171332 -0.0222378 0.17277
6.83 0.169169 -0.0311686 0.172016
6.84 0.166542 -0.0399307 0.171262
6.85 0.163465 -0.0485007 0.170509
6.86 0.159952 -0.0568555 0.169756
6.87 0.156016 -0.0649736 0.169005
6.88 0.151674 -0.0728341 0.168255
6.89 0.146942 -0.0804165 0.167508
6.9 0.141838 -0.0877025 0.166763
6.91 0.13638 -0.0946741 0.16602
6.92 0.130588 -0.101314 0.165281
6.93 0.124482 -0.107608 0.164546
6.94 0.118082 -0.113541 0.163814
6.95 0.111411 -0.119099 0.163086
6.96 0.104489 -0.124272 0.162362
6.97 0.0973394 -0.129048 0.161643
6.98 0.0899849 -0.133418 0.160927
6.99 0.0824484 -0.137374 0.160216
7 0.0747535 -0.140909 0.15951
7.01 0.0669231 -0.144018 0.158807
7.02 0.0589813 -0.146696 0.158109
7.03 0.0509515 -0.148941 0.157415
7.04 0.0428571 -0.150751 0.156725
7.05 0.0347219 -0.152125 0.156038
7.06 0.0265688 -0.153066 0.155354
7.07 0.0184209 -0.153573 0.154674
7.08 0.010301 -0.153652 0.153997
7.09 0.00223137 -0.153306 0.153322
7.1 -0.00576613 -0.152541 0.15265
7.11 -0.0136703 -0.151363 0.15198
7.12 -0.02146 -0.149782 0.151311
7.13 -0.0291152 -0.147804 0.150644
7.14 -0.0366161 -0.145441 0.149979
7.15 -0.043944 -0.142702 0.149315
7.16 -0.0510805 -0.139601 0.148653
7.17 -0.0580085 -0.136148 0.147991
7.18 -0.0647112 -0.132358 0.14733
7.19 -0.0711727 -0.128244 0.14667
7.2 -0.0773786 -0.123822 0.146012
7.21 -0.0833146 -0.119107 0.145354
7.22 -0.0889678 -0.114114 0.144697
7.23 -0.0943261 -0.108861 0.144042
7.24 -0.0993783 -0.103365 0.143389
7.25 -0.104114 -0.0976421 0.142737
7.26 -0.108525 -0.0917116 0.142087
7.27 -0.112602 -0.0855911 0.14144
7.28 -0.116339 -0.0792995 0.140795
7.29 -0.11973 -0.072855 0.140154
7.3 -0.122768 -0.0662768 0.139516
7.31 -0.125451 -0.0595837 0.138881
7.32 -0.127774 -0.0527948 0.138252
7.33 -0.129737 -0.045929 0.137627
7.34 -0.131337 -0.0390051 0.137007
7.35 -0.132575 -0.0320424 0.136392
7.36 -0.133451 -0.0250591 0.135784
7.37 -0.133968 -0.0180739 0.135181
7.38 -0.134127 -0.0111052 0.134586
7.39 -0.133932 -0.00417063 0.133997
7.4 -0.133388 0.00271196 0.133416
7.41 -0.1325 0.0095253 0.132842
7.42 -0.131273 0.0162525 0.132275
7.43 -0.129715 0.0228772 0.131717
7.44 -0.127833 0.0293835 0.131167
7.45 -0.125635 0.035756 0.130625
7.46 -0.123131 0.0419796 0.130091
7.47 -0.120329 0.04804 0.129565
7.48 -0.117241 0.0539237 0.129047
7.49 -0.113875 0.0596172 0.128537
7.5 -0.110245 0.0651085 0.128036
7.51 -0.106362 0.0703853 0.127542
7.52 -0.102237 0.0754366 0.127056
7.53 -0.0978843 0.0802521 0.126577
7.54 -0.0933163 0.0848218 0.126106
7.55 -0.0885463 0.0891367 0.125642
7.56 -0.0835883 0.0931885 0.125184
7.57 -0.0784561 0.0969695 0.124733
7.58 -0.0731641 0.100473 0.124289
7.59 -0.0677268 0.103693 0.123851
7.6 -0.0621588 0.106624 0.123419
7.61 -0.056475 0.10926 0.122993
7.62 -0.0506902 0.1116 0.122572
7.63 -0.0448194 0.113638 0.122157
7.64 -0.0388774 0.115373 0.121748
7.65 -0.0328797 0.116804 0.121343
7.66 -0.0268409 0.117928 0.120944
7.67 -0.0207759 0.118746 0.12055
7.68 -0.0146998 0.119258 0.120161
7.69 -0.00862698 0.119465 0.119776
7.7 -0.00257229 0.11937 0.119398
7.71 0.0034499 0.118974 0.119024
7.72 0.00942559 0.118281 0.118656
7.73 0.0153406 0.117294 0.118293
7.74 0.0211814 0.116018 0.117935
7.75 0.0269343 0.114457 0.117584
7.76 0.0325863 0.112618 0.117238
7.77 0.0381245 0.110507 0.116898
7.78 0.0435367 0.10813 0.116565
7.79 0.0488101 0.105494 0.116238
7.8 0.0539338 0.102607 0.115918
7.81 0.0588958 0.0994773 0.115605
7.82 0.0636855 0.0961142 0.115299
7.83 0.0682923 0.0925261 0.115
7.84 0.0727062 0.0887233 0.114708
7.85 0.0769175 0.0847153 0.114425
7.86 0.0809175 0.0805129 0.114149
7.87 0.084697 0.0761267 0.113881
7.88 0.0882486 0.071568 0.113621
7.89 0.0915641 0.0668482 0.11337
7.9 0.0946369 0.061979 0.113126
7.91 0.0974603 0.0569728 0.112891
7.92 0.100029 0.0518417 0.112664
7.93 0.102336 0.0465984 0.112446
7.94 0.104378 0.0412555 0.112236
7.95 0.106151 0.0358265 0.112034
7.96 0.10765 0.0303239 0.11184
7.97 0.108873 0.0247614 0.111654
7.98 0.109818 0.0191526 0.111476
7.99 0.110482 0.0135106 0.111305
8 0.110865 0.00784918 0.111142
8.01 0.110965 0.00218211 0.110986
8.02 0.110783 -0.00347731 0.110838
8.03 0.11032 -0.00911498 0.110696
8.04 0.109576 -0.0147177 0.11056
8.05 0.108555 -0.0202717 0.110431
8.06 0.107257 -0.0257637 0.110308
8.07 0.105687 -0.03118 0.110191
8.08 0.103849 -0.0365079 0.110079
8.09 0.101745 -0.0417338 0.109972
8.1 0.0993829 -0.0468453 0.10987
8.11 0.0967667 -0.0518296 0.109773
8.12 0.0939031 -0.0566743 0.10968
8.13 0.0907985 -0.0613675 0.109592
8.14 0.0874608 -0.0658972 0.109507
8.15 0.0838977 -0.0702519 0.109427
8.16 0.0801178 -0.0744209 0.10935
8.17 0.0761302 -0.0783929 0.109276
8.18 0.0719444 -0.0821582 0.109206
8.19 0.0675706 -0.0857065 0.109139
8.2 0.0630194 -0.0890287 0.109076
8.21 0.0583021 -0.0921158 0.109016
8.22 0.05343 -0.0949594 0.108959
8.23 0.0484155 -0.0975516 0.108905
8.24 0.0432706 -0.0998854 0.108855
8.25 0.0380087 -0.101954 0.108808
8.26 0.0326425 -0.103751 0.108765
8.27 0.0271859 -0.105271 0.108725
8.28 0.0216527 -0.10651 0.108688
8.29 0.0160571 -0.107463 0.108656
8.3 0.0104135 -0.108127 0.108627
8.31 0.00473678 -0.108499 0.108602
8.32 -0.000958653 -0.108577 0.108581
8.33 -0.00665716 -0.10836 0.108565
8.34 -0.0123442 -0.107848 0.108552
8.35 -0.0180041 -0.107041 0.108544
8.36 -0.0236218 -0.105939 0.10854
8.37 -0.0291819 -0.104544 0.108541
8.38 -0.0346693 -0.10286 0.108546
8.39 -0.0400685 -0.100889 0.108555
8.4 -0.0453648 -0.0986363 0.108568
8.41 -0.0505431 -0.0961059 0.108586
8.42 -0.0555887 -0.0933039 0.108608
8.43 -0.0604869 -0.0902366 0.108634
8.44 -0.065224 -0.0869117 0.108664
8.45 -0.0697854 -0.0833371 0.108697
8.46 -0.0741583 -0.0795214 0.108734
8.47 -0.078329 -0.0754746 0.108774
8.48 -0.0822854 -0.0712063 0.108817
8.49 -0.0860147 -0.0667282 0.108863
8.5 -0.0895057 -0.0620515 0.108911
8.51 -0.0927473 -0.0571888 0.108962
8.52 -0.095729 -0.0521526 0.109014
8.53 -0.0984409 -0.0469571 0.109067
8.54 -0.100874 -0.0416157 0.109121
8.55 -0.10302 -0.0361437 0.109176
8.56 -0.104871 -0.0305558 0.109232
8.57 -0.10642 -0.0248678 0.109287
8.58 -0.107662 -0.0190956 0.109342
8.59 -0.108591 -0.0132559 0.109397
8.6 -0.109203 -0.00736498 0.109451
8.61 -0.109494 -0.00144041 0.109504
8.62 -0.109462 0.0045011 0.109555
8.63 -0.109106 0.0104415 0.109605
8.64 -0.108425 0.0163638 0.109653
8.65 -0.107419 0.0222498 0.109699
8.66 -0.10609 0.028082 0.109744
8.67 -0.104441 0.0338426 0.109787
8.68 -0.102473 0.0395141 0.109828
8.69 -0.100193 0.0450787 0.109867
8.7 -0.0976057 0.0505194 0.109905
8.71 -0.0947168 0.0558189 0.109941
8.72 -0.0915341 0.0609605 0.109976
8.73 -0.0880658 0.0659276 0.110009
8.74 -0.0843213 0.0707045 0.110042
8.75 -0.080311 0.0752753 0.110074
8.76 -0.0760454 0.0796252 0.110105
8.77 -0.0715374 0.0837396 0.110136
8.78 -0.0667991 0.0876048 0.110167
8.79 -0.0618449 0.0912075 0.110198
8.8 -0.0566887 0.0945353 0.110229
8.81 -0.0513461 0.0975767 0.110262
8.82 -0.0458329 0.100321 0.110294
8.83 -0.0401659 0.102757 0.110328
8.84 -0.0343621 0.104877 0.110363
8.85 -0.0284396 0.106673 0.110399
8.86 -0.0224164 0.108137 0.110436
8.87 -0.0163115 0.109264 0.110475
8.88 -0.0101438 0.110048 0.110514
8.89 -0.00393321 0.110485 0.110555
8.9 0.00230098 0.110572 0.110596
8.91 0.00853833 0.110309 0.110638
8.92 0.0147591 0.109692 0.110681
8.93 0.0209428 0.108725 0.110724
8.94 0.0270695 0.107408 0.110767
8.95 0.0331189 0.105744 0.110809
8.96 0.0390709 0.103737 0.110851
8.97 0.0449058 0.101393 0.110892
8.98 0.0506042 0.0987167 0.110931
8.99 0.0561465 0.095717 0.110969
9 0.0615143 0.0924017 0.111005
9.01 0.0666891 0.0887812 0.111038
9.02 0.0716531 0.0848657 0.111069
9.03 0.0763891 0.0806674 0.111097
9.04 0.0808808 0.0761989 0.111121
9.05 0.0851122 0.0714746 0.111143
9.06 0.0890684 0.0665086 0.11116
9.07 0.0927355 0.0613174 0.111174
9.08 0.0960998 0.0559168 0.111184
9.09 0.0991496 0.0503249 0.11119
9.1 0.101873 0.0445593 0.111192
9.11 0.104261 0.0386391 0.111191
9.12 0.106304 0.0325836 0.111185
9.13 0.107993 0.0264132 0.111177
9.14 0.109323 0.0201479 0.111164
9.15 0.110287 0.0138093 0.111149
9.16 0.110882 0.00741812 0.11113
9.17 0.111104 0.000996256 0.111109
9.18 0.110952 -0.0054344 0.111085
9.19 0.110425 -0.0118519 0.111059
9.2 0.109524 -0.0182343 0.111031
9.21 0.108251 -0.0245597 0.111002
9.22 0.10661 -0.0308058 0.110971
9.23 0.104605 -0.0369513 0.11094
9.24 0.102243 -0.0429744 0.110907
9.25 0.0995308 -0.0488542 0.110874
9.26 0.0964771 -0.0545697 0.110841
9.27 0.0930918 -0.060101 0.110807
9.28 0.0893859 -0.065428 0.110773
9.29 0.0853719 -0.0705321 0.110739
9.3 0.0810627 -0.0753948 0.110705
9.31 0.0764733 -0.0799986 0.11067
9.32 0.0716189 -0.0843267 0.110636
9.33 0.0665162 -0.0883637 0.110601
9.34 0.0611825 -0.0920944 0.110565
9.35 0.0556364 -0.0955055 0.110529
9.36 0.0498968 -0.0985839 0.110492
9.37 0.0439839 -0.101319 0.110454
9.38 0.0379182 -0.103699 0.110414
9.39 0.0317208 -0.105717 0.110373
9.4 0.0254137 -0.107363 0.11033
9.41 0.0190188 -0.108632 0.110284
9.42 0.0125591 -0.109518 0.110236
9.43 0.00605727 -0.110019 0.110186
9.44 -0.000463608 -0.110131 0.110132
9.45 -0.00698013 -0.109853 0.110075
9.46 -0.0134691 -0.109187 0.110015
9.47 -0.0199072 -0.108134 0.109951
9.48 -0.0262713 -0.106697 0.109884
9.49 -0.0325386 -0.104882 0.109813
9.5 -0.0386862 -0.102693 0.109738
9.51 -0.0446922 -0.10014 0.10966
9.52 -0.0505344 -0.09723 0.109578
9.53 -0.0561922 -0.0939742 0.109493
9.54 -0.0616443 -0.090384 0.109404
9.55 -0.0668713 -0.086472 0.109312
9.56 -0.071854 -0.0822524 0.109217
9.57 -0.0765742 -0.0777402 0.10912
9.58 -0.0810144 -0.0729518 0.10902
9.59 -0.0851586 -0.0679045 0.108917
9.6 -0.0889913 -0.0626164 0.108813
9.61 -0.0924987 -0.0571071 0.108707
9.62 -0.0956675 -0.0513965 0.1086
9.63 -0.0984864 -0.0455055 0.108491
9.64 -0.100945 -0.0394558 0.108382
9.65 -0.103034 -0.0332695 0.108272
9.66 -0.104745 -0.0269696 0.108161
9.67 -0.106073 -0.0205788 0.108051
9.68 -0.107012 -0.0141215 0.10794
9.69 -0.10756 -0.00762078 0.107829
9.7 -0.107713 -0.00110125 0.107719
9.71 -0.107472 0.00541322 0.107608
9.72 -0.106837 0.0118982 0.107498
9.73 -0.105812 0.0183299 0.107388
9.74 -0.104399 0.024684 0.107277
9.75 -0.102604 0.0309374 0.107167
9.76 -0.100434 0.0370664 0.107056
9.77 -0.0978973 0.0430484 0.106944
9.78 -0.0950034 0.0488608 0.106832
9.79 -0.0917632 0.0544824 0.106718
9.8 -0.088189 0.0598917 0.106604
9.81 -0.0842943 0.0650692 0.106487
9.82 -0.0800941 0.0699948 0.106369
9.83 -0.0756038 0.074651 0.106248
9.84 -0.0708412 0.0790199 0.106125
9.85 -0.0658237 0.0830856 0.106
9.86 -0.0605708 0.0868327 0.105871
9.87 -0.0551022 0.0902476 0.10574
9.88 -0.049439 0.0933175 0.105605
9.89 -0.0436024 0.0960314 0.105467
9.9 -0.0376148 0.0983789 0.105325
9.91 -0.0314989 0.100352 0.10518
9.92 -0.0252783 0.101944 0.105031
9.93 -0.0189761 0.103148 0.104879
9.94 -0.0126169 0.10396 0.104723
9.95 -0.00622441 0.104379 0.104564
9.96 0.000176485 0.104402 0.104402
9.97 0.0065621 0.104031 0.104238
9.98 0.0129074 0.103267 0.10407
9.99 0.0191889 0.102113 0.1039
10 0.0253822 0.100575 0.103729
10.01 0.031464 0.0986595 0.103555
10.02 0.037411 0.0963737 0.10338
10.03 0.0432008 0.0937272 0.103204
10.04 0.0488113 0.0907307 0.103027
10.05 0.0542214 0.0873964 0.10285
10.06 0.0594103 0.0837376 0.102672
10.07 0.0643587 0.0797688 0.102494
10.08 0.0690478 0.0755061 0.102317
10.09 0.0734599 0.0709661 0.10214
10.1 0.0775785 0.0661673 0.101963
10.11 0.0813884 0.0611281 0.101788
10.12 0.084875 0.0558691 0.101613
10.13 0.0880256 0.0504104 0.101438
10.14 0.0908287 0.0447742 0.101265
10.15 0.0932739 0.0389823 0.101092
10.16 0.0953525 0.0330575 0.10092
10.17 0.0970571 0.0270231 0.100749
10.18 0.0983816 0.0209029 0.100578
10.19 0.0993219 0.0147208 0.100407
10.2 0.0998749 0.00850113 0.100236
10.21 0.100039 0.00226783 0.100065
10.22 0.0998156 -0.00395422 0.0998939
10.23 0.0992048 -0.0101412 0.0997217
10.24 0.0982107 -0.0162686 0.0995491
10.25 0.0968376 -0.0223131 0.0993751
10.26 0.0950921 -0.0282506 0.0991999
10.27 0.0929815 -0.0340588 0.099023
10.28 0.0905154 -0.0397147 0.0988448
10.29 0.0877037 -0.0451966 0.0986644
10.3 0.0845587 -0.0504836 0.0984823
10.31 0.0810933 -0.0555551 0.098298
10.32 0.0773221 -0.0603919 0.0981116
10.33 0.0732605 -0.0649755 0.097923
10.34 0.0689256 -0.0692885 0.0977324
10.35 0.0643345 -0.0733147 0.0975396
10.36 0.0595068 -0.0770386 0.0973447
10.37 0.0544614 -0.0804466 0.0971478
10.38 0.0492196 -0.0835261 0.0969494
10.39 0.043802 -0.0862655 0.0967489
10.4 0.038231 -0.0886552 0.0965472
10.41 0.0325287 -0.0906865 0.0963439
10.42 0.0267185 -0.0923525 0.0961398
10.43 0.0208234 -0.0936473 0.0959345
10.44 0.0148673 -0.0945673 0.0957288
10.45 0.00887399 -0.0951094 0.0955225
10.46 0.00286746 -0.0952729 0.0953161
10.47 -0.00312836 -0.0950581 0.0951095
10.48 -0.0090895 -0.094467 0.0949033
10.49 -0.0149924 -0.0935029 0.0946972
10.5 -0.0208134 -0.0921711 0.0944919
10.51 -0.0265298 -0.0904777 0.094287
10.52 -0.0321188 -0.0884309 0.0940832
10.53 -0.0375584 -0.0860394 0.0938798
10.54 -0.0428276 -0.0833146 0.0936777
10.55 -0.0479052 -0.0802676 0.0934762
10.56 -0.0527718 -0.0769125 0.0932759
10.57 -0.0574085 -0.0732629 0.0930762
10.58 -0.0617974 -0.069335 0.0928777
10.59 -0.0659212 -0.0651452 0.0926795
10.6 -0.0697647 -0.0607112 0.0924822
10.61 -0.0733129 -0.0560517 0.0922853
10.62 -0.0765526 -0.0511861 0.0920886
10.63 -0.0794716 -0.0461347 0.091892
10.64 -0.0820594 -0.0409186 0.0916956
10.65 -0.0843064 -0.035559 0.0914987
10.66 -0.0862048 -0.0300786 0.0913016
10.67 -0.0877477 -0.0244995 0.0911037
10.68 -0.0889305 -0.0188447 0.0909052
10.69 -0.0897492 -0.0131375 0.0907056
10.7 -0.090202 -0.00740086 0.0905052
10.71 -0.0902881 -0.0016583 0.0903033
10.72 -0.0900086 0.00406682 0.0901004
10.73 -0.0893655 0.0097514 0.0898959
10.74 -0.0883631 0.0153727 0.0896903
10.75 -0.0870064 0.0209077 0.0894832
10.76 -0.0853023 0.0263347 0.0892748
10.77 -0.0832589 0.0316316 0.0890651
10.78 -0.0808858 0.0367776 0.0888544
10.79 -0.0781936 0.0417522 0.0886424
10.8 -0.0751949 0.0465357 0.0884299
10.81 -0.0719025 0.0511092 0.0882163
10.82 -0.0683314 0.0554551 0.0880025
10.83 -0.0644968 0.0595559 0.0877881
10.84 -0.0604156 0.0633966 0.0875738
10.85 -0.0561053 0.0669616 0.0873594
10.86 -0.0515845 0.070238 0.0871455
10.87 -0.0468724 0.0732128 0.0869318
10.88 -0.0419892 0.0758757 0.0867192
10.89 -0.0369555 0.0782162 0.0865071
10.9 -0.0317923 0.0802264 0.0862962
10.91 -0.0265218 0.081899 0.0860863
10.92 -0.0211658 0.0832287 0.0858778
10.93 -0.0157466 0.0842108 0.0856704
10.94 -0.010287 0.0848433 0.0854647
10.95 -0.00480947 0.0851241 0.0852599
10.96 0.00066333 0.0850543 0.0850569
10.97 0.00610861 0.0846345 0.0848547
10.98 0.0115045 0.0838687 0.084654
10.99 0.016828 0.0827607 0.0844543
11 0.0220584 0.0813168 0.0842556
11.01 0.0271737 0.0795441 0.0840576
11.02 0.0321536 0.0774514 0.0838604
11.03 0.0369776 0.0750481 0.0836634
11.04 0.0416266 0.0723458 0.0834667
11.05 0.0460818 0.0693569 0.0832701
11.06 0.0503257 0.0660945 0.0830732
11.07 0.0543413 0.0625733 0.0828758
11.08 0.0581131 0.0588091 0.082678
11.09 0.0616259 0.0548184 0.0824791
11.1 0.0648667 0.0506185 0.0822795
11.11 0.0678225 0.0462279 0.0820787
11.12 0.0704828 0.0416654 0.0818769
11.13 0.072837 0.036951 0.0816737
11.14 0.074877 0.0321042 0.0814692
11.15 0.0765954 0.0271466 0.0812637
11.16 0.0779863 0.0220986 0.0810568
11.17 0.0790452 0.0169821 0.0808488
11.18 0.0797692 0.0118183 0.0806399
11.19 0.0801565 0.00662934 0.0804301
11.2 0.0802067 0.00143655 0.0802195
11.21 0.0799213 -0.0037379 0.0800086
11.22 0.0793026 -0.00887274 0.0797975
11.23 0.0783548 -0.0139464 0.0795863
11.24 0.0770831 -0.0189382 0.0793754
11.25 0.0754942 -0.0238271 0.0791651
11.26 0.073596 -0.0285935 0.0789554
11.27 0.0713979 -0.0332173 0.0787468
11.28 0.0689102 -0.0376803 0.0785393
11.29 0.0661449 -0.0419639 0.0783334
11.3 0.0631142 -0.0460511 0.0781287
11.31 0.0598326 -0.0499253 0.0779261
11.32 0.0563146 -0.0535712 0.0777252
11.33 0.0525762 -0.0569741 0.0775261
11.34 0.0486338 -0.0601209 0.0773289
11.35 0.0445053 -0.0629992 0.0771338
11.36 0.0402085 -0.0655978 0.0769403
11.37 0.0357627 -0.0679071 0.0767486
11.38 0.0311868 -0.0699185 0.0765585
11.39 0.0265012 -0.0716243 0.0763699
11.4 0.0217257 -0.0730188 0.0761823
11.41 0.0168814 -0.0740972 0.0759959
11.42 0.0119884 -0.0748563 0.0758102
11.43 0.0070684 -0.0752941 0.0756252
11.44 0.00214171 -0.0754097 0.0754401
11.45 -0.00277025 -0.0752046 0.0752556
11.46 -0.00764703 -0.0746802 0.0750707
11.47 -0.0124678 -0.0738404 0.0748855
11.48 -0.0172127 -0.0726898 0.0746999
11.49 -0.0218615 -0.0712347 0.0745138
11.5 -0.0263951 -0.0694821 0.0743268
11.51 -0.0307946 -0.0674413 0.0741393
11.52 -0.0350419 -0.0651214 0.0739509
11.53 -0.0391194 -0.0625339 0.0737619
11.54 -0.0430107 -0.0596906 0.0735723
11.55 -0.0466996 -0.056605 0.0733824
11.56 -0.0501717 -0.0532905 0.0731921
11.57 -0.0534127 -0.0497631 0.0730019
11.58 -0.0564098 -0.0460378 0.0728117
11.59 -0.0591515 -0.0421321 0.0726224
11.6 -0.0616267 -0.0380628 0.0724336
11.61 -0.0638262 -0.0338484 0.0722461
11.62 -0.0657417 -0.0295072 0.07206
11.63 -0.0673659 -0.0250586 0.0718756
11.64 -0.0686933 -0.0205217 0.0716932
11.65 -0.0697195 -0.0159167 0.0715133
11.66 -0.0704409 -0.0112635 0.0713358
11.67 -0.0708562 -0.00658234 0.0711613
11.68 -0.0709644 -0.00189323 0.0709896
11.69 -0.0707665 0.00278324 0.0708212
11.7 -0.0702643 0.00742736 0.0706557
11.71 -0.0696864 0.0120428 0.0707193
11.72 -0.0690341 0.0166246 0.0710076
11.73 -0.06831 0.0211679 0.0715146
11.74 -0.0675153 0.0256676 0.0722297
11.75 -0.0666525 0.0301192 0.0731418
11.76 -0.0657236 0.0345174 0.0742364
11.77 -0.0647306 0.0388578 0.0754982
11.78 -0.0636759 0.0431356 0.076911
11.79 -0.0625616 0.0473462 0.0784577
11.8 -0.0613901 0.0514847 0.0801213
11.81 -0.0601636 0.0555474 0.0818851
11.82 -0.0588847 0.059529 0.0837323
11.83 -0.0575557 0.0634257 0.0856474
11.84 -0.056179 0.0672329 0.0876148
11.85 -0.0547574 0.070947 0.0896206
11.86 -0.0532933 0.0745633 0.0916507
11.87 -0.0517891 0.0780784 0.0936929
11.88 -0.0502479 0.0814879 0.0957347
11.89 -0.0486718 0.0847887 0.0977654
11.9 -0.0470642 0.0879765 0.0997743
11.91 -0.045427 0.0910482 0.101752
11.92 -0.0437636 0.0940003 0.103688
11.93 -0.0420764 0.0968293 0.105576
11.94 -0.0403683 0.0995322 0.107407
11.95 -0.0386418 0.102106 0.109173
11.96 -0.0369003 0.104548 0.110869
11.97 -0.0351459 0.106854 0.112486
11.98 -0.033382 0.109024 0.11402
11.99 -0.031611 0.111053 0.115464
12 -0.0298361 0.112939 0.116814
12.01 -0.0280596 0.114681 0.118064
12.02 -0.026285 0.116276 0.11921
12.03 -0.0245143 0.117721 0.120247
12.04 -0.0227511 0.119017 0.121172
12.05 -0.0209975 0.120159 0.12198
12.06 -0.0192567 0.121148 0.122669
12.07 -0.0175313 0.121981 0.123234
12.08 -0.0158239 0.122657 0.123673
12.09 -0.0141374 0.123175 0.123984
12.1 -0.0124743 0.123534 0.124162
12.11 -0.0108374 0.123733 0.124207
12.12 -0.00922914 0.123773 0.124116
12.13 -0.00765221 0.12365 0.123887
12.14 -0.00610921 0.123367 0.123518
12.15 -0.00460258 0.122921 0.123007
12.16 -0.00313466 0.122314 0.122354
12.17 -0.00170815 0.121544 0.121556
12.18 -0.000325061 0.120613 0.120614
12.19 0.00101178 0.11952 0.119525
12.2 0.00230073 0.118267 0.118289
12.21 0.00353884 0.116852 0.116906
12.22 0.0047246 0.115278 0.115375
12.23 0.00585545 0.113545 0.113696
12.24 0.00692955 0.111654 0.111869
12.25 0.00794462 0.109606 0.109894
12.26 0.0088993 0.107402 0.107771
12.27 0.00979084 0.105045 0.1055
12.28 0.0106183 0.102534 0.103082
12.29 0.0113793 0.0998716 0.100518
12.3 0.0120726 0.0970599 0.0978079
12.31 0.0126961 0.0941007 0.0949533
12.32 0.013249 0.0909955 0.091955
12.33 0.013729 0.0877471 0.0888146
12.34 0.0141355 0.0843568 0.0855329
12.35 0.0144666 0.0808278 0.0821122
12.36 0.0147213 0.0771616 0.0785533
12.37 0.0148986 0.0733616 0.0748591
12.38 0.0149971 0.0694297 0.071031
12.39 0.015016 0.0653691 0.0670715
12.4 0.0149544 0.0611821 0.0629832
12.41 0.0148113 0.0568723 0.0587693
12.42 0.0145862 0.0524419 0.0544326
12.43 0.0142782 0.0478945 0.0499775
12.44 0.0138868 0.043233 0.0454086
12.45 0.0134115 0.0384609 0.0407322
12.46 0.0128518 0.0335811 0.0359563
12.47 0.0122078 0.0285973 0.031094
12.48 0.0114785 0.0235127 0.026165
12.49 0.0106645 0.0183311 0.0212075
12.5 0.00976513 0.0130558 0.0163038
12.51 0.00878094 0.00769046 0.0116725
12.52 0.00771144 0.00223905 0.00802992
12.53 0.00655715 -0.00329522 0.00733858
12.54 0.00531831 -0.00890808 0.0103749
12.55 0.00399525 -0.014596 0.0151329
12.56 0.00258815 -0.020355 0.0205189
12.57 0.00109801 -0.0261813 0.0262043
12.58 -0.000475088 -0.0320706 0.0320741
12.59 -0.00213019 -0.0380195 0.0380791
12.6 -0.0038667 -0.0440235 0.044193
12.61 -0.0056837 -0.0500791 0.0504006
12.62 -0.00758046 -0.0561816 0.0566907
12.63 -0.00955579 -0.0623278 0.0630561
12.64 -0.0116088 -0.0685129 0.0694894
12.65 -0.0137384 -0.0747334 0.0759857
12.66 -0.0159433 -0.0809847 0.0825392
12.67 -0.0182225 -0.0872634 0.0891457
12.68 -0.0205742 -0.093565 0.0958003
12.69 -0.0229975 -0.0998856 0.102499
12.7 -0.0254908 -0.106221 0.109237
12.71 -0.0280524 -0.112568 0.116011
12.72 -0.0306808 -0.118921 0.122815
12.73 -0.0333746 -0.125278 0.129647
12.74 -0.0361317 -0.131633 0.136502
12.75 -0.0389508 -0.137984 0.143376
12.76 -0.0418295 -0.144326 0.150266
12.77 -0.0447667 -0.150656 0.157166
12.78 -0.0477596 -0.156969 0.164074
12.79 -0.050807 -0.163262 0.170985
12.8 -0.0539061 -0.169532 0.177896
12.81 -0.0570556 -0.175774 0.184802
12.82 -0.0602528 -0.181985 0.1917
12.83 -0.0634958 -0.188161 0.198586
12.84 -0.0667823 -0.194299 0.205456
12.85 -0.07011 -0.200396 0.212306
12.86 -0.0734766 -0.206448 0.219134
12.87 -0.0768799 -0.212452 0.225934
12.88 -0.0803172 -0.218404 0.232704
12.89 -0.0837864 -0.224302 0.23944
12.9 -0.0872849 -0.230142 0.246139
12.91 -0.0908103 -0.235922 0.252795
12.92 -0.09436 -0.241638 0.259408
12.93 -0.0979313 -0.247287 0.265972
12.94 -0.101522 -0.252867 0.272486
12.95 -0.105129 -0.258375 0.278944
12.96 -0.10875 -0.263809 0.285345
12.97 -0.112382 -0.269165 0.291684
12.98 -0.116023 -0.274441 0.297959
12.99 -0.11967 -0.279636 0.304166
13 -0.12332 -0.284746 0.310303
13.01 -0.12697 -0.289769 0.316366
13.02 -0.130618 -0.294704 0.322354
13.03 -0.134261 -0.299549 0.328261
13.04 -0.137896 -0.3043 0.334087
13.05 -0.14152 -0.308957 0.339827
13.06 -0.145131 -0.313518 0.34548
13.07 -0.148726 -0.317981 0.351043
13.08 -0.152301 -0.322344 0.356513
13.09 -0.155855 -0.326607 0.361888
13.1 -0.159384 -0.330766 0.367164
13.11 -0.162885 -0.334823 0.372341
13.12 -0.166356 -0.338773 0.377414
13.13 -0.169793 -0.342618 0.382383
13.14 -0.173195 -0.346356 0.387245
13.15 -0.176557 -0.349985 0.391998
13.16 -0.179879 -0.353505 0.396639
13.17 -0.183155 -0.356916 0.401167
13.18 -0.186385 -0.360215 0.405579
13.19 -0.189564 -0.363404 0.409874
13.2 -0.19269 -0.36648 0.41405
13.21 -0.195762 -0.369445 0.418105
13.22 -0.198774 -0.372296 0.422037
13.23 -0.201726 -0.375035 0.425846
13.24 -0.204614 -0.37766 0.429527
13.25 -0.207435 -0.380172 0.433082
13.26 -0.210187 -0.38257 0.436507
13.27 -0.212868 -0.384854 0.439802
13.28 -0.215474 -0.387025 0.442964
13.29 -0.218004 -0.389082 0.445993
13.3 -0.220454 -0.391025 0.448888
13.31 -0.222821 -0.392856 0.451647
13.32 -0.225104 -0.394573 0.454268
13.33 -0.227301 -0.396177 0.456752
13.34 -0.229407 -0.39767 0.459096
13.35 -0.231422 -0.39905 0.461299
13.36 -0.233343 -0.400319 0.463362
13.37 -0.235167 -0.401476 0.465282
13.38 -0.236893 -0.402524 0.467059
13.39 -0.238517 -0.403461 0.468691
13.4 -0.240039 -0.40429 0.47018
13.41 -0.241455 -0.405009 0.471522
13.42 -0.242764 -0.405621 0.472719
13.43 -0.243963 -0.406126 0.473768
13.44 -0.245051 -0.406524 0.47467
13.45 -0.246025 -0.406817 0.475425
13.46 -0.246885 -0.407005 0.476031
13.47 -0.247627 -0.407089 0.476488
13.48 -0.248251 -0.40707 0.476796
13.49 -0.248754 -0.406949 0.476955
13.5 -0.249135 -0.406726 0.476964
13.51 -0.249393 -0.406403 0.476823
13.52 -0.249525 -0.40598 0.476532
13.53 -0.249531 -0.405459 0.476091
13.54 -0.249408 -0.40484 0.475499
13.55 -0.249157 -0.404124 0.474758
13.56 -0.248775 -0.403312 0.473866
13.57 -0.248261 -0.402405 0.472825
13.58 -0.247614 -0.401404 0.471634
13.59 -0.246834 -0.40031 0.470293
13.6 -0.245919 -0.399124 0.468803
13.61 -0.244868 -0.397847 0.467164
13.62 -0.243682 -0.396479 0.465377
13.63 -0.242358 -0.395021 0.463443
13.64 -0.240896 -0.393475 0.461361
13.65 -0.239296 -0.391841 0.459132
13.66 -0.237558 -0.39012 0.456758
13.67 -0.235681 -0.388314 0.454239
13.68 -0.233664 -0.386422 0.451576
13.69 -0.231508 -0.384445 0.448769
13.7 -0.229211 -0.382385 0.445821
13.71 -0.226776 -0.380242 0.442732
13.72 -0.2242 -0.378017 0.439503
13.73 -0.221486 -0.375711 0.436136
13.74 -0.218631 -0.373324 0.432632
13.75 -0.215638 -0.370856 0.428992
13.76 -0.212506 -0.36831 0.425219
13.77 -0.209237 -0.365685 0.421314
13.78 -0.205829 -0.362981 0.417278
13.79 -0.202285 -0.360201 0.413114
13.8 -0.198604 -0.357343 0.408824
13.81 -0.194788 -0.354409 0.40441
13.82 -0.190837 -0.351399 0.399875
13.83 -0.186754 -0.348313 0.39522
13.84 -0.182537 -0.345152 0.390449
13.85 -0.17819 -0.341917 0.385563
13.86 -0.173713 -0.338608 0.380567
13.87 -0.169107 -0.335225 0.375463
13.88 -0.164374 -0.331768 0.370255
13.89 -0.159515 -0.328238 0.364946
13.9 -0.154533 -0.324636 0.359539
13.91 -0.149428 -0.32096 0.354039
13.92 -0.144202 -0.317212 0.348451
13.93 -0.138859 -0.313392 0.342777
13.94 -0.133398 -0.3095 0.337024
13.95 -0.127823 -0.305535 0.331195
13.96 -0.122135 -0.301499 0.325298
13.97 -0.116337 -0.297391 0.319336
13.98 -0.110432 -0.293211 0.313317
13.99 -0.10442 -0.288959 0.307247
14 -0.0983064 -0.284635 0.301134
14.01 -0.0920915 -0.28024 0.294984
14.02 -0.085779 -0.275773 0.288806
14.03 -0.0793714 -0.271234 0.282609
14.04 -0.0728716 -0.266623 0.276402
14.05 -0.0662823 -0.26194 0.270196
14.06 -0.0596067 -0.257185 0.264002
14.07 -0.0528478 -0.252357 0.257831
14.08 -0.0460089 -0.247457 0.251698
14.09 -0.0390928 -0.242484 0.245615
14.1 -0.0321034 -0.237439 0.239599
14.11 -0.0250434 -0.23232 0.233666
14.12 -0.017917 -0.227128 0.227834
14.13 -0.0107271 -0.221863 0.222123
14.14 -0.00347769 -0.216525 0.216553
14.15 0.00382758 -0.211113 0.211148
14.16 0.0111851 -0.205627 0.205931
14.17 0.018591 -0.200067 0.200929
14.18 0.0260414 -0.194433 0.196169
14.19 0.0335322 -0.188724 0.19168
14.2 0.0410597 -0.182942 0.187493
14.21 0.0486192 -0.177084 0.183637
14.22 0.0562072 -0.171153 0.180146
14.23 0.0638192 -0.165146 0.177048
14.24 0.0714509 -0.159065 0.174376
14.25 0.079098 -0.152909 0.172156
14.26 0.0867564 -0.146679 0.170415
14.27 0.0944211 -0.140374 0.169175
14.28 0.102088 -0.133995 0.168454
14.29 0.109753 -0.127541 0.168263
14.3 0.117411 -0.121014 0.168611
14.31 0.124682 -0.114025 0.168959
14.32 0.131537 -0.106598 0.169308
14.33 0.137952 -0.0987574 0.169657
14.34 0.143899 -0.0905295 0.170008
14.35 0.149357 -0.0819416 0.170358
14.36 0.154303 -0.0730235 0.170709
14.37 0.158716 -0.063805 0.171061
14.38 0.162579 -0.0543184 0.171413
14.39 0.165876 -0.0445961 0.171766
14.4 0.168591 -0.0346723 0.17212
14.41 0.170713 -0.0245811 0.172473
14.42 0.17223 -0.014359 0.172828
14.43 0.173135 -0.00404109 0.173182
14.44 0.173422 0.00633493 0.173538
14.45 0.173087 0.0167328 0.173894
14.46 0.172127 0.0271146 0.17425
14.47 0.170544 0.0374432 0.174606
14.48 0.168341 0.0476809 0.174963
14.49 0.165522 0.0577906 0.175321
14.5 0.162095 0.0677351 0.175679
14.51 0.15807 0.0774778 0.176037
14.52 0.153458 0.0869825 0.176396
14.53 0.148274 0.0962141 0.176755
14.54 0.142532 0.105138 0.177114
14.55 0.136253 0.11372 0.177474
14.56 0.129455 0.121928 0.177834
14.57 0.122162 0.12973 0.178195
14.58 0.114396 0.137097 0.178555
14.59 0.106185 0.144 0.178917
14.6 0.0975552 0.150411 0.179278
14.61 0.088537 0.156306 0.17964
14.62 0.0791609 0.161661 0.180002
14.63 0.0694594 0.166453 0.180364
14.64 0.0594661 0.170663 0.180727
14.65 0.0492159 0.174273 0.181089
14.66 0.038745 0.177268 0.181452
14.67 0.0280901 0.179633 0.181816
14.68 0.0172892 0.181357 0.182179
14.69 0.00638103 0.182432 0.182543
14.7 -0.00459563 0.18285 0.182907
14.71 -0.015601 0.182606 0.183271
14.72 -0.0265951 0.1817 0.183636
14.73 -0.0375384 0.180131 0.184001
14.74 -0.0483902 0.177902 0.184366
14.75 -0.0591115 0.175018 0.184731
14.76 -0.0696618 0.171488 0.185097
14.77 -0.0800028 0.16732 0.185462
14.78 -0.0900954 0.162527 0.185828
14.79 -0.099902 0.157124 0.186194
14.8 -0.109385 0.151128 0.18656
14.81 -0.11851 0.144558 0.186927
14.82 -0.127241 0.137436 0.187293
14.83 -0.135544 0.129785 0.18766
14.84 -0.143388 0.121631 0.188027
14.85 -0.150743 0.113001 0.188395
14.86 -0.157577 0.103925 0.188762
14.87 -0.163867 0.0944337 0.189129
14.88 -0.169584 0.08456 0.189497
14.89 -0.174707 0.074339 0.189865
14.9 -0.179213 0.0638055 0.190233
14.91 -0.183085 0.0529976 0.190601
14.92 -0.186305 0.0419527 0.19097
14.93 -0.188857 0.0307108 0.191338
14.94 -0.190732 0.0193118 0.191707
14.95 -0.191917 0.00779703 0.192076
14.96 -0.192408 -0.00379251 0.192445
14.97 -0.192197 -0.0154139 0.192814
14.98 -0.191284 -0.0270257 0.193183
14.99 -0.189668 -0.0385845 0.193553
15 -0.187353 -0.0500485 0.193923
15.01 -0.184344 -0.0613746 0.194292
15.02 -0.180649 -0.0725214 0.194663
15.03 -0.176279 -0.0834468 0.195032
15.04 -0.171247 -0.0941101 0.195403
15.05 -0.165568 -0.104471 0.195773
15.06 -0.159261 -0.11449 0.196143
15.07 -0.152347 -0.12413 0.196514
15.08 -0.144847 -0.133353 0.196885
15.09 -0.136787 -0.142123 0.197255
15.1 -0.128195 -0.150407 0.197626
15.11 -0.119099 -0.158172 0.197997
15.12 -0.109531 -0.165387 0.198368
15.13 -0.0995247 -0.172024 0.198739
15.14 -0.0891142 -0.178055 0.19911
15.15 -0.0783361 -0.183457 0.199482
15.16 -0.067229 -0.188206 0.199853
15.17 -0.0558321 -0.192282 0.200224
15.18 -0.0441861 -0.195668 0.200595
15.19 -0.0323332 -0.198349 0.200967
15.2 -0.0203156 -0.20031 0.201338
15.21 -0.00817757 -0.201544 0.20171
15.22 0.00403733 -0.202041 0.202081
15.23 0.0162839 -0.201796 0.202452
15.24 0.0285174 -0.200809 0.202824
15.25 0.0406926 -0.199079 0.203195
15.26 0.0527644 -0.196609 0.203566
15.27 0.0646875 -0.193407 0.203938
15.28 0.0764179 -0.189479 0.204309
15.29 0.0879109 -0.184839 0.20468
15.3 0.0991236 -0.179501 0.205051
15.31 0.110013 -0.17348 0.205422
15.32 0.120538 -0.166798 0.205793
15.33 0.130657 -0.159475 0.206164
15.34 0.140333 -0.151536 0.206535
15.35 0.149527 -0.143009 0.206905
15.36 0.158203 -0.133922 0.207276
15.37 0.166328 -0.124306 0.207646
15.38 0.173868 -0.114196 0.208017
15.39 0.180794 -0.103627 0.208387
15.4 0.187078 -0.0926349 0.208757
15.41 0.192693 -0.0812601 0.209126
15.42 0.197617 -0.0695434 0.209496
15.43 0.201827 -0.0575259 0.209865
15.44 0.205307 -0.0452519 0.210235
15.45 0.208039 -0.0327652 0.210604
15.46 0.210012 -0.0201121 0.210972
15.47 0.211214 -0.00733798 0.211341
15.48 0.211637 0.00550931 0.211709
15.49 0.211279 0.0183831 0.212077
15.5 0.210136 0.0312351 0.212445
15.51 0.208211 0.0440178 0.212813
15.52 0.205506 0.0566833 0.21318
15.53 0.202029 0.069184 0.213547
15.54 0.197791 0.0814728 0.213913
15.55 0.192803 0.0935032 0.21428
15.56 0.187081 0.105229 0.214646
15.57 0.180646 0.116606 0.215011
15.58 0.173515 0.127591 0.215377
15.59 0.165716 0.13814 0.215742
15.6 0.157273 0.148213 0.216106
15.61 0.148216 0.157771 0.21647
15.62 0.138575 0.166775 0.216834
15.63 0.128386 0.175191 0.217197
15.64 0.117683 0.182984 0.217561
15.65 0.106506 0.190124 0.217923
15.66 0.0948931 0.19658 0.218285
15.67 0.0828866 0.202327 0.218647
15.68 0.0705303 0.20734 0.219008
15.69 0.0578687 0.211598 0.219369
15.7 0.044948 0.215083 0.219729
15.71 0.0318156 0.217777 0.220089
15.72 0.01852 0.219669 0.220448
15.73 0.00510991 0.220748 0.220807
15.74 -0.00836433 0.221007 0.221165
15.75 -0.0218531 0.220442 0.221523
15.76 -0.0353054 0.219053 0.22188
15.77 -0.0486715 0.216841 0.222236
15.78 -0.0618999 0.213813 0.222592
15.79 -0.0749418 0.209975 0.222948
15.8 -0.0877467 0.205341 0.223303
15.81 -0.100266 0.199923 0.223658
15.82 -0.112452 0.193741 0.224011
15.83 -0.124258 0.186814 0.224365
15.84 -0.135638 0.179165 0.224717
15.85 -0.146548 0.170821 0.225069
15.86 -0.156944 0.161811 0.225421
15.87 -0.166788 0.152166 0.225772
15.88 -0.176039 0.14192 0.226122
15.89 -0.18466 0.13111 0.226472
15.9 -0.192618 0.119774 0.22682
15.91 -0.19988 0.107953 0.227169
15.92 -0.206416 0.0956894 0.227517
15.93 -0.212198 0.0830285 0.227864
15.94 -0.217204 0.0700157 0.22821
15.95 -0.221411 0.0566994 0.228556
15.96 -0.224802 0.0431282 0.228901
15.97 -0.227359 0.0293527 0.229246
15.98 -0.229071 0.0154239 0.22959
15.99 -0.229928 0.00139373 0.229933
16 -0.229926 -0.0126855 0.230275
16.01 -0.229059 -0.0267604 0.230617
16.02 -0.22733 -0.0407785 0.230958
16.03 -0.224741 -0.0546866 0.231299
16.04 -0.2213 -0.0684317 0.231639
16.05 -0.217016 -0.0819618 0.231978
16.06 -0.211903 -0.0952249 0.232316
16.07 -0.205978 -0.10817 0.232654
16.08 -0.199261 -0.120748 0.232991
16.09 -0.191773 -0.13291 0.233327
16.1 -0.183541 -0.144607 0.233663
16.11 -0.174593 -0.155796 0.233998
16.12 -0.164962 -0.166431 0.234333
16.13 -0.15468 -0.176472 0.234666
16.14 -0.143786 -0.185877 0.234999
16.15 -0.132317 -0.19461 0.235332
16.16 -0.120316 -0.202635 0.235663
16.17 -0.107826 -0.209921 0.235994
16.18 -0.0948934 -0.216435 0.236324
16.19 -0.0815649 -0.222153 0.236654
16.2 -0.0678897 -0.22705 0.236982
16.21 -0.053919 -0.231104 0.237311
16.22 -0.039704 -0.234297 0.237638
16.23 -0.0252987 -0.236616 0.237964
16.24 -0.010756 -0.238047 0.23829
16.25 0.00386856 -0.238584 0.238615
16.26 0.0185205 -0.238221 0.23894
16.27 0.0331439 -0.236957 0.239264
16.28 0.0476837 -0.234794 0.239587
16.29 0.062084 -0.231736 0.239909
16.3 0.0762905 -0.227795 0.24023
16.31 0.0902479 -0.22298 0.240551
16.32 0.103903 -0.217309 0.240871
16.33 0.117203 -0.210799 0.24119
16.34 0.130097 -0.203473 0.241509
16.35 0.142533 -0.195357 0.241826
16.36 0.154464 -0.186478 0.242143
16.37 0.165843 -0.176869 0.242459
16.38 0.176625 -0.166563 0.242775
16.39 0.186766 -0.155598 0.243089
16.4 0.196227 -0.144013 0.243403
16.41 0.20497 -0.131851 0.243716
16.42 0.212959 -0.119155 0.244028
16.43 0.220161 -0.105974 0.244339
16.44 0.226547 -0.0923549 0.244649
16.45 0.232091 -0.0783488 0.244958
16.46 0.236768 -0.0640082 0.245267
16.47 0.240558 -0.0493861 0.245575
16.48 0.243443 -0.0345381 0.245881
16.49 0.245412 -0.0195197 0.246187
16.5 0.246453 -0.00438755 0.246492
16.51 0.24656 0.0108005 0.246796
16.52 0.245729 0.0259871 0.247099
16.53 0.243961 0.0411139 0.247401
16.54 0.24126 0.0561237 0.247702
16.55 0.237634 0.0709579 0.248002
16.56 0.233094 0.0855602 0.248301
16.57 0.227655 0.0998736 0.248599
16.58 0.221334 0.113843 0.248896
16.59 0.214155 0.127414 0.249192
16.6 0.206141 0.140533 0.249487
16.61 0.197321 0.153149 0.24978
16.62 0.187727 0.165213 0.250073
16.63 0.177392 0.176676 0.250364
16.64 0.166356 0.187493 0.250655
16.65 0.154657 0.197621 0.250944
16.66 0.14234 0.20702 0.251233
16.67 0.129448 0.21565 0.251519
16.68 0.116032 0.223478 0.251805
16.69 0.102139 0.230471 0.25209
16.7 0.0878232 0.2366 0.252373
16.71 0.0731372 0.241838 0.252656
16.72 0.0581369 0.246165 0.252937
16.73 0.0428786 0.249559 0.253216
16.74 0.0274209 0.252007 0.253495
16.75 0.0118218 0.253496 0.253772
16.76 -0.00385831 0.254019 0.254048
16.77 -0.0195603 0.253569 0.254323
16.78 -0.0352229 0.252147 0.254596
16.79 -0.0507866 0.249757 0.254868
16.8 -0.0661907 0.246403 0.255138
16.81 -0.0813759 0.242097 0.255408
16.82 -0.096283 0.236854 0.255676
16.83 -0.110854 0.23069 0.255943
16.84 -0.125032 0.223628 0.256208
16.85 -0.138762 0.215692 0.256472
16.86 -0.151989 0.206911 0.256734
16.87 -0.164661 0.197316 0.256996
16.88 -0.176728 0.186943 0.257255
16.89 -0.188142 0.175829 0.257514
16.9 -0.198858 0.164016 0.257771
16.91 -0.208832 0.151548 0.258026
16.92 -0.218025 0.13847 0.258281
16.93 -0.226398 0.124833 0.258533
16.94 -0.233919 0.110688 0.258785
16.95 -0.240554 0.0960867 0.259035
16.96 -0.246278 0.0810862 0.259283
16.97 -0.251066 0.0657427 0.25953
16.98 -0.254896 0.0501152 0.259776
16.99 -0.257753 0.0342628 0.26002
17 -0.259623 0.0182468 0.260263
17.01 -0.260496 0.00212843 0.260504
17.02 -0.260367 -0.0140299 0.260744
17.03 -0.259233 -0.0301662 0.260983
17.04 -0.257098 -0.0462173 0.26122
17.05 -0.253968 -0.0621217 0.261455
17.06 -0.249851 -0.0778167 0.261689
17.07 -0.244763 -0.0932419 0.261921
17.08 -0.23872 -0.108336 0.262152
17.09 -0.231744 -0.123041 0.262382
17.1 -0.223859 -0.137298 0.262609
17.11 -0.215096 -0.151051 0.262836
17.12 -0.205485 -0.164246 0.263061
17.13 -0.195063 -0.176831 0.263284
17.14 -0.183867 -0.188755 0.263506
17.15 -0.17194 -0.199971 0.263727
17.16 -0.159327 -0.210433 0.263946
17.17 -0.146075 -0.2201 0.264163
17.18 -0.132234 -0.228933 0.264379
17.19 -0.117857 -0.236895 0.264593
17.2 -0.102998 -0.243954 0.264806
17.21 -0.0877153 -0.25008 0.265017
17.22 -0.0720658 -0.255249 0.265227
17.23 -0.0561108 -0.259437 0.265435
17.24 -0.0399108 -0.262627 0.265642
17.25 -0.023529 -0.264804 0.265847
17.26 -0.00702849 -0.265958 0.266051
17.27 0.00952676 -0.266082 0.266253
17.28 0.0260723 -0.265175 0.266453
17.29 0.0425437 -0.263236 0.266652
17.3 0.0588767 -0.260273 0.266849
17.31 0.0750075 -0.256295 0.267045
17.32 0.0908727 -0.251315 0.267239
17.33 0.10641 -0.24535 0.267432
17.34 0.121558 -0.238423 0.267623
17.35 0.136258 -0.230559 0.267812
17.36 0.15045 -0.221786 0.268
17.37 0.16408 -0.212136 0.268186
17.38 0.177091 -0.201647 0.268371
17.39 0.189434 -0.190358 0.268554
17.4 0.201057 -0.17831 0.268735
17.41 0.211915 -0.165551 0.268915
17.42 0.221964 -0.152128 0.269093
17.43 0.231163 -0.138093 0.269269
17.44 0.239474 -0.123499 0.269444
17.45 0.246864 -0.108403 0.269617
17.46 0.253302 -0.092863 0.269788
17.47 0.258761 -0.076939 0.269957
17.48 0.263218 -0.0606924 0.270125
17.49 0.266655 -0.044187 0.270291
17.5 0.269055 -0.027486 0.270455
17.51 0.270408 -0.0106554 0.270618
17.52 0.270707 0.00623979 0.270779
17.53 0.269948 0.0231325 0.270937
17.54 0.268134 0.0399577 0.271095
17.55 0.265269 0.056648 0.27125
17.56 0.261363 0.0731385 0.271403
17.57 0.256429 0.0893639 0.271555
17.58 0.250487 0.10526 0.271705
17.59 0.243556 0.120764 0.271852
17.6 0.235664 0.135814 0.271998
17.61 0.226839 0.150351 0.272142
17.62 0.217115 0.164316 0.272284
17.63 0.206529 0.177654 0.272424
17.64 0.195121 0.190311 0.272562
17.65 0.182934 0.202237 0.272699
17.66 0.170016 0.213383 0.272833
17.67 0.156417 0.223704 0.272965
17.68 0.142189 0.233159 0.273095
17.69 0.127387 0.24171 0.273223
17.7 0.112069 0.24932 0.273349
17.71 0.0962943 0.255959 0.273474
17.72 0.0801248 0.2616 0.273595
17.73 0.0636239 0.266218 0.273715
17.74 0.046856 0.269795 0.273833
17.75 0.0298871 0.272314 0.273949
17.76 0.0127838 0.273764 0.274063
17.77 -0.00438622 0.274139 0.274174
17.78 -0.0215556 0.273435 0.274284
17.79 -0.0386558 0.271655 0.274391
17.8 -0.0556201 0.268802 0.274496
17.81 -0.0723802 0.264888 0.274599
17.82 -0.0888705 0.259927 0.2747
17.83 -0.105024 0.253937 0.274799
17.84 -0.120779 0.246941 0.274895
17.85 -0.136069 0.238965 0.274989
17.86 -0.150836 0.23004 0.275082
17.87 -0.165019 0.2202 0.275171
17.88 -0.178563 0.209483 0.275259
17.89 -0.191411 0.19793 0.275344
17.9 -0.203514 0.185587 0.275428
17.91 -0.214821 0.172501 0.275509
17.92 -0.225288 0.158725 0.275587
17.93 -0.234872 0.144311 0.275664
17.94 -0.243534 0.129317 0.275738
17.95 -0.251238 0.113801 0.27581
17.96 -0.257953 0.0978244 0.27588
17.97 -0.263652 0.0814505 0.275947
17.98 -0.268311 0.0647442 0.276012
17.99 -0.271911 0.047771 0.276075
18 -0.274435 0.0305989 0.276136
18.01 -0.275874 0.0132955 0.276194
18.02 -0.27622 -0.00407031 0.27625
18.03 -0.275472 -0.0214293 0.276304
18.04 -0.27363 -0.0387126 0.276355
18.05 -0.270703 -0.0558511 0.276404
18.06 -0.2667 -0.0727764 0.276451
18.07 -0.261637 -0.089421 0.276496
18.08 -0.255532 -0.105718 0.276538
18.09 -0.248411 -0.121603 0.276578
18.1 -0.240299 -0.137011 0.276615
18.11 -0.23123 -0.151881 0.27665
18.12 -0.221238 -0.166154 0.276683
18.13 -0.210363 -0.179771 0.276713
18.14 -0.198648 -0.192679 0.276742
18.15 -0.186138 -0.204824 0.276767
18.16 -0.172884 -0.216158 0.276791
18.17 -0.158937 -0.226636 0.276812
18.18 -0.144354 -0.236214 0.276831
18.19 -0.129192 -0.244855 0.276847
18.2 -0.113512 -0.252522 0.276861
18.21 -0.0973753 -0.259185 0.276873
18.22 -0.0808473 -0.264816 0.276882
18.23 -0.0639932 -0.269393 0.276889
18.24 -0.0468813 -0.272896 0.276894
18.25 -0.0295788 -0.275312 0.276896
18.26 -0.0121562 -0.276629 0.276896
18.27 0.00531774 -0.276843 0.276894
18.28 0.0227723 -0.275951 0.276889
18.29 0.0401381 -0.273958 0.276882
18.3 0.0573448 -0.270869 0.276872
18.31 0.0743238 -0.266698 0.276861
18.32 0.0910067 -0.261461 0.276846
18.33 0.107326 -0.255178 0.27683
18.34 0.123217 -0.247875 0.276811
18.35 0.138615 -0.23958 0.27679
18.36 0.153458 -0.230326 0.276766
18.37 0.167686 -0.22015 0.27674
18.38 0.181242 -0.209094 0.276711
18.39 0.194071 -0.197201 0.27668
18.4 0.206122 -0.184518 0.276646
18.41 0.217345 -0.171097 0.27661
18.42 0.227696 -0.156992 0.276572
18.43 0.237133 -0.142259 0.276531
18.44 0.245617 -0.126958 0.276488
18.45 0.253113 -0.11115 0.276442
18.46 0.259592 -0.0948985 0.276395
18.47 0.265028 -0.0782692 0.276344
18.48 0.269398 -0.0613294 0.276291
18.49 0.272685 -0.0441471 0.276235
18.5 0.274875 -0.026792 0.276177
18.51 0.275959 -0.0093337 0.276117
18.52 0.275933 0.00815683 0.276054
18.53 0.274797 0.0256094 0.275988
18.54 0.272556 0.0429529 0.27592
18.55 0.269219 0.060118 0.275849
18.56 0.264798 0.0770343 0.275776
18.57 0.259313 0.0936342 0.275701
18.58 0.252786 0.10985 0.275622
18.59 0.245242 0.125617 0.275541
18.6 0.236712 0.140869 0.275458
18.61 0.227233 0.155547 0.275372
18.62 0.21684 0.169591 0.275283
18.63 0.205578 0.182943 0.275192
18.64 0.193492 0.19555 0.275098
18.65 0.180631 0.20736 0.275001
18.66 0.167047 0.218326 0.274902
18.67 0.152797 0.228404 0.2748
18.68 0.137936 0.237552 0.274695
18.69 0.122528 0.245735 0.274588
18.7 0.106633 0.252918 0.274478
18.71 0.0903178 0.259073 0.274365
18.72 0.0736477 0.264176 0.27425
18.73 0.056691 0.268205 0.274131
18.74 0.0395168 0.271146 0.274011
18.75 0.0221951 0.272986 0.273887
18.76 0.00479669 0.273719 0.273761
18.77 -0.0126079 0.273341 0.273631
18.78 -0.0299473 0.271855 0.273499
18.79 -0.0471512 0.269267 0.273364
18.8 -0.0641492 0.265589 0.273227
18.81 -0.0808724 0.260837 0.273086
18.82 -0.0972522 0.255029 0.272943
18.83 -0.113223 0.248191 0.272797
18.84 -0.128718 0.240351 0.272648
18.85 -0.143676 0.231542 0.272497
18.86 -0.158035 0.2218 0.272342
18.87 -0.171737 0.211165 0.272185
18.88 -0.184727 0.199683 0.272024
18.89 -0.196952 0.187399 0.271861
18.9 -0.208362 0.174366 0.271695
18.91 -0.218912 0.160637 0.271527
18.92 -0.228558 0.146269 0.271355
18.93 -0.237262 0.131321 0.27118
18.94 -0.24499 0.115855 0.271003
18.95 -0.25171 0.0999349 0.270822
18.96 -0.257395 0.0836259 0.270639
18.97 -0.262024 0.0669959 0.270453
18.98 -0.265578 0.0501126 0.270264
18.99 -0.268043 0.0330466 0.270072
19 -0.269411 0.0158669 0.269878
19.01 -0.269677 -0.00135487 0.26968
19.02 -0.268841 -0.0185484 0.26948
19.03 -0.266907 -0.0356431 0.269276
19.04 -0.263885 -0.0525686 0.26907
19.05 -0.259788 -0.0692556 0.268861
19.06 -0.254635 -0.0856356 0.268649
19.07 -0.248447 -0.101642 0.268434
19.08 -0.241252 -0.117209 0.268217
19.09 -0.233079 -0.132273 0.267996
19.1 -0.223965 -0.146773 0.267773
19.11 -0.213946 -0.160649 0.267547
19.12 -0.203067 -0.173846 0.267318
19.13 -0.191373 -0.186309 0.267086
19.14 -0.178913 -0.197989 0.266851
19.15 -0.165739 -0.208838 0.266613
19.16 -0.151907 -0.218812 0.266372
19.17 -0.137475 -0.227872 0.266129
19.18 -0.122502 -0.235981 0.265883
19.19 -0.107053 -0.243107 0.265634
19.2 -0.0911898 -0.249223 0.265382
19.21 -0.0749805 -0.254304 0.265127
19.22 -0.0584916 -0.258331 0.26487
19.23 -0.0417923 -0.261288 0.264609
19.24 -0.0249513 -0.263166 0.264346
19.25 -0.00803913 -0.263957 0.26408
19.26 0.00887486 -0.263662 0.263811
19.27 0.0257199 -0.262281 0.263539
19.28 0.0424271 -0.259823 0.263264
19.29 0.0589266 -0.2563 0.262987
19.3 0.0751516 -0.251728 0.262707
19.31 0.0910342 -0.246128 0.262423
19.32 0.10651 -0.239524 0.262138
19.33 0.121515 -0.231946 0.261849
19.34 0.135987 -0.223427 0.261557
19.35 0.149869 -0.214003 0.261263
19.36 0.163102 -0.203717 0.260965
19.37 0.175634 -0.19261 0.260665
19.38 0.187414 -0.180733 0.260362
19.39 0.198393 -0.168134 0.260056
19.4 0.208529 -0.154868 0.259747
19.41 0.217779 -0.140992 0.259435
19.42 0.226108 -0.126563 0.25912
19.43 0.233483 -0.111644 0.258803
19.44 0.239874 -0.0962973 0.258482
19.45 0.245258 -0.0805875 0.258159
19.46 0.249613 -0.0645809 0.257832
19.47 0.252924 -0.0483452 0.257503
19.48 0.255178 -0.0319477 0.25717
19.49 0.256369 -0.015458 0.256835
19.5 0.256494 0.00105551 0.256497
19.51 0.255555 0.0175232 0.256155
19.52 0.253558 0.0338773 0.255811
19.53 0.250513 0.0500488 0.255464
19.54 0.246436 0.0659714 0.255114
19.55 0.241346 0.0815782 0.25476
19.56 0.235266 0.0968057 0.254404
19.57 0.228224 0.11159 0.254045
19.58 0.220253 0.125871 0.253683
19.59 0.211387 0.13959 0.253317
19.6 0.201665 0.152691 0.252949
19.61 0.191131 0.16512 0.252577
19.62 0.17983 0.176826 0.252203
19.63 0.167812 0.187764 0.251826
19.64 0.15513 0.197888 0.251445
19.65 0.141836 0.207158 0.251062
19.66 0.127991 0.215537 0.250675
19.67 0.113652 0.222993 0.250285
19.68 0.0988811 0.229496 0.249892
19.69 0.0837418 0.235023 0.249496
19.7 0.0682989 0.239551 0.249097
19.71 0.0526176 0.243065 0.248695
19.72 0.036765 0.245552 0.248289
19.73 0.0208079 0.247006 0.247881
19.74 0.00481416 0.247422 0.247469
19.75 -0.011149 0.246803 0.247055
19.76 -0.0270146 0.245153 0.246637
19.77 -0.0427152 0.242482 0.246216
19.78 -0.0581863 0.238805 0.245792
19.79 -0.0733622 0.23414 0.245365
19.8 -0.0881806 0.22851 0.244934
19.81 -0.102579 0.221942 0.244501
19.82 -0.116499 0.214465 0.244064
19.83 -0.129883 0.206115 0.243624
19.84 -0.142676 0.196929 0.243182
19.85 -0.154825 0.186948 0.242735
19.86 -0.166282 0.176219 0.242287
19.87 -0.177 0.164787 0.241834
19.88 -0.186936 0.152705 0.241379
19.89 -0.19605 0.140025 0.24092
19.9 -0.204307 0.126803 0.240459
19.91 -0.211675 0.113096 0.239994
19.92 -0.218125 0.0989653 0.239526
19.93 -0.223634 0.0844709 0.239056
19.94 -0.228181 0.0696763 0.238582
19.95 -0.231749 0.0546447 0.238105
19.96 -0.234328 0.0394414 0.237624
19.97 -0.23591 0.0241308 0.237141
19.98 -0.236492 0.00877897 0.236655
19.99 -0.236075 -0.00654932 0.236166
20 -0.234664 -0.0217885 0.235674
20.01 -0.23227 -0.0368746 0.235179
20.02 -0.228905 -0.0517437 0.23468
20.03 -0.224588 -0.0663336 0.234179
20.04 -0.21934 -0.0805832 0.233675
20.05 -0.213189 -0.094433 0.233168
20.06 -0.206162 -0.107826 0.232657
20.07 -0.198295 -0.120706 0.232144
20.08 -0.189623 -0.133022 0.231628
20.09 -0.180186 -0.144721 0.231109
20.1 -0.170028 -0.155759 0.230587
20.11 -0.159196 -0.166088 0.230062
20.12 -0.147737 -0.175669 0.229534
20.13 -0.135704 -0.184464 0.229003
20.14 -0.12315 -0.192439 0.22847
20.15 -0.110131 -0.199561 0.227933
20.16 -0.0967048 -0.205806 0.227394
20.17 -0.0829297 -0.21115 0.226852
20.18 -0.0688671 -0.215574 0.226307
20.19 -0.0545775 -0.219062 0.225758
20.2 -0.0401239 -0.221604 0.225208
20.21 -0.0255678 -0.223194 0.224654
20.22 -0.0109732 -0.223828 0.224097
20.23 0.00359833 -0.223509 0.223538
20.24 0.0180837 -0.222241 0.222975
20.25 0.0324216 -0.220034 0.22241
20.26 0.046551 -0.216903 0.221842
20.27 0.0604124 -0.212865 0.221271
20.28 0.0739473 -0.20794 0.220697
20.29 0.0870995 -0.202156 0.220121
20.3 0.0998138 -0.195539 0.219541
20.31 0.112038 -0.188124 0.218959
20.32 0.123722 -0.179945 0.218374
20.33 0.134817 -0.171042 0.217786
20.34 0.14528 -0.161455 0.217196
20.35 0.155067 -0.15123 0.216602
20.36 0.164141 -0.140414 0.216006
20.37 0.172465 -0.129057 0.215407
20.38 0.180009 -0.11721 0.214805
20.39 0.186741 -0.104926 0.2142
20.4 0.192639 -0.0922607 0.213593
20.41 0.197681 -0.0792709 0.212983
20.42 0.201849 -0.0660144 0.21237
20.43 0.20513 -0.0525495 0.211754
20.44 0.207514 -0.0389358 0.211135
20.45 0.208996 -0.0252326 0.210513
20.46 0.209574 -0.0115002 0.209889
20.47 0.209251 0.00220266 0.209262
20.48 0.208032 0.0158159 0.208633
20.49 0.205929 0.0292818 0.208
20.5 0.202954 0.0425422 0.207365
20.51 0.199126 0.0555416 0.206727
20.52 0.194466 0.068224 0.206086
20.53 0.188999 0.0805371 0.205443
20.54 0.182752 0.0924289 0.204796
20.55 0.175759 0.10385 0.204147
20.56 0.168053 0.114755 0.203496
20.57 0.159672 0.125098 0.202841
20.58 0.150656 0.134837 0.202184
20.59 0.141049 0.143935 0.201525
20.6 0.130896 0.152354 0.200862
20.61 0.120244 0.160063 0.200197
20.62 0.109142 0.167033 0.199529
20.63 0.0976425 0.173236 0.198859
20.64 0.0857968 0.178652 0.198186
20.65 0.0736594 0.183261 0.197511
20.66 0.0612847 0.187049 0.196833
20.67 0.0487283 0.190003 0.196152
20.68 0.0360466 0.192116 0.195469
20.69 0.0232952 0.193385 0.194783
20.7 0.0105308 0.193808 0.194094
20.71 -0.0021911 0.193391 0.193403
20.72 -0.0148147 0.19214 0.19271
20.73 -0.0272858 0.190065 0.192014
20.74 -0.0395504 0.187183 0.191315
20.75 -0.0515566 0.18351 0.190614
20.76 -0.0632528 0.179068 0.189911
20.77 -0.0745909 0.173882 0.189205
20.78 -0.0855224 0.167979 0.188497
20.79 -0.0960031 0.161391 0.187787
20.8 -0.105989 0.154152 0.187073
20.81 -0.115442 0.146297 0.186358
20.82 -0.124321 0.137865 0.185641
20.83 -0.132594 0.128898 0.184921
20.84 -0.140227 0.119438 0.184199
20.85 -0.147192 0.109532 0.183474
20.86 -0.153463 0.0992258 0.182748
20.87 -0.159018 0.0885679 0.182019
20.88 -0.163837 0.0776074 0.181288
20.89 -0.167904 0.0663956 0.180555
20.9 -0.171208 0.054983 0.17982
20.91 -0.173738 0.0434224 0.179082
20.92 -0.175492 0.0317651 0.178343
20.93 -0.176465 0.0200637 0.177602
20.94 -0.17666 0.00837042 0.176858
20.95 -0.176082 -0.00326354 0.176113
20.96 -0.174741 -0.0147869 0.175366
20.97 -0.172647 -0.0261499 0.174616
20.98 -0.169816 -0.0373029 0.173865
20.99 -0.166266 -0.048199 0.173112
21 -0.16202 -0.0587913 0.172357
21.01 -0.157101 -0.069036 0.1716
21.02 -0.151536 -0.0788898 0.170841
21.03 -0.145356 -0.0883129 0.170081
21.04 -0.138594 -0.0972665 0.169319
21.05 -0.131283 -0.105715 0.168555
21.06 -0.123461 -0.113625 0.16779
21.07 -0.115168 -0.120967 0.167023
21.08 -0.106443 -0.127711 0.166254
21.09 -0.0973307 -0.133834 0.165484
21.1 -0.0878731 -0.139314 0.164712
21.11 -0.0781165 -0.144131 0.163938
21.12 -0.0681058 -0.14827 0.163163
21.13 -0.0578891 -0.151718 0.162387
21.14 -0.0475128 -0.154467 0.161609
21.15 -0.0370252 -0.15651 0.16083
21.16 -0.0264737 -0.157845 0.160049
21.17 -0.0159062 -0.158471 0.159267
21.18 -0.00536995 -0.158393 0.158484
21.19 0.00508804 -0.157617 0.157699
21.2 0.0154222 -0.156153 0.156913
21.21 0.0255868 -0.154014 0.156125
21.22 0.0355383 -0.151217 0.155337
21.23 0.0452343 -0.147779 0.154547
21.24 0.0546331 -0.143722 0.153756
21.25 0.0636962 -0.13907 0.152963
21.26 0.0723855 -0.133851 0.15217
21.27 0.0806663 -0.128092 0.151375
21.28 0.0885044 -0.121825 0.15058
21.29 0.09587 -0.115082 0.149783
21.3 0.102734 -0.1079 0.148985
21.31 0.10907 -0.100314 0.148187
21.32 0.114856 -0.0923635 0.147387
21.33 0.12007 -0.084087 0.146586
21.34 0.124696 -0.0755253 0.145784
21.35 0.128718 -0.0667201 0.144982
21.36 0.132123 -0.0577132 0.144178
21.37 0.134904 -0.0485482 0.143374
21.38 0.137055 -0.0392669 0.142569
21.39 0.138571 -0.0299139 0.141763
21.4 0.139453 -0.020531 0.140956
21.41 0.139704 -0.011162 0.140149
21.42 0.139329 -0.00184823 0.139341
21.43 0.138336 0.00736784 0.138532
21.44 0.136737 0.0164461 0.137723
21.45 0.134546 0.0253465 0.136912
21.46 0.131779 0.0340307 0.136102
21.47 0.128455 0.0424616 0.135291
21.48 0.124595 0.0506037 0.134479
21.49 0.120223 0.0584232 0.133667
21.5 0.115365 0.0658883 0.132854
21.51 0.110047 0.0729689 0.132041
21.52 0.104301 0.0796368 0.131228
21.53 0.0981562 0.0858674 0.130414
21.54 0.091646 0.0916358 0.1296
21.55 0.0848044 0.0969226 0.128786
21.56 0.0776663 0.101708 0.127971
21.57 0.0702681 0.105977 0.127157
21.58 0.0626464 0.109716 0.126341
21.59 0.0548393 0.112914 0.125527
21.6 0.0468842 0.115563 0.124712
21.61 0.0388199 0.117658 0.123897
21.62 0.0306841 0.119195 0.123082
21.63 0.0225157 0.120176 0.122267
21.64 0.0143519 0.120601 0.121452
21.65 0.00623073 0.120476 0.120637
21.66 -0.0018117 0.119809 0.119823
21.67 -0.00973842 0.11861 0.119009
21.68 -0.0175156 0.11689 0.118195
21.69 -0.0251084 0.114664 0.117381
21.7 -0.0324847 0.11195 0.116568
21.71 -0.0396132 0.108766 0.115755
21.72 -0.0464643 0.105133 0.114943
21.73 -0.0530101 0.101074 0.114131
21.74 -0.0592243 0.0966125 0.11332
21.75 -0.0650828 0.091775 0.11251
21.76 -0.070563 0.0865893 0.1117
21.77 -0.0756451 0.0810835 0.110891
21.78 -0.0803106 0.075288 0.110082
21.79 -0.084544 0.0692332 0.109275
21.8 -0.0883314 0.0629511 0.108468
21.81 -0.0916617 0.0564734 0.107662
21.82 -0.0945252 0.0498336 0.106857
21.83 -0.0969163 0.0430645 0.106053
21.84 -0.0988293 0.0361991 0.10525
21.85 -0.100263 0.0292714 0.104449
21.86 -0.101218 0.0223136 0.103648
21.87 -0.101695 0.0153593 0.102849
21.88 -0.101701 0.00844016 0.102051
21.89 -0.101241 0.00158851 0.101254
21.9 -0.100326 -0.00516534 0.100458
21.91 -0.0989645 -0.0117907 0.0996644
21.92 -0.0971712 -0.0182592 0.0988718
21.93 -0.0949603 -0.0245423 0.0980804
21.94 -0.0923488 -0.030614 0.0972909
21.95 -0.0893547 -0.0364486 0.0965026
21.96 -0.085998 -0.0420232 0.0957162
21.97 -0.0822995 -0.0473146 0.0949309
21.98 -0.078283 -0.0523032 0.094148
21.99 -0.0739706 -0.05697 0.0933661
22 -0.0693888 -0.0612979 0.0925864
22.01 -0.0645621 -0.0652725 0.0918083
22.02 -0.0595179 -0.06888 0.091032
22.03 -0.0542829 -0.0721099 0.0902578
22.04 -0.048885 -0.0749524 0.0894852
22.05 -0.043352 -0.077401 0.0887148
22.06 -0.0377126 -0.0794499 0.0879461
22.07 -0.0319947 -0.0810966 0.0871798
22.08 -0.0262268 -0.082339 0.086415
22.09 -0.0204371 -0.083179 0.0856529
22.1 -0.0146531 -0.0836183 0.0848925
22.11 -0.00890224 -0.0836624 0.0841347
22.12 -0.00321089 -0.0833167 0.0833785
22.13 0.00239418 -0.0825904 0.0826251
22.14 0.00788915 -0.0814928 0.0818738
22.15 0.0132483 -0.0800356 0.0811247
22.16 0.0184499 -0.078232 0.0803781
22.17 0.0234708 -0.0760963 0.0796337
22.18 0.0282911 -0.0736449 0.0788921
22.19 0.0328907 -0.0708944 0.0781525
22.2 0.0372521 -0.0678637 0.0774157
22.21 0.041358 -0.0645717 0.0766811
22.22 0.0451941 -0.0610394 0.0759495
22.23 0.0487464 -0.0572873 0.0752199
22.24 0.0520031 -0.0533381 0.0744934
22.25 0.054954 -0.0492135 0.0737693
22.26 0.0575907 -0.0449371 0.0730482
22.27 0.0599061 -0.0405316 0.0723294
22.28 0.0618948 -0.0360213 0.0716136
22.29 0.0635541 -0.031429 0.0709007
22.3 0.0648811 -0.026779 0.0701902
22.31 0.0658767 -0.0220944 0.0694831
22.32 0.0665414 -0.0173985 0.0687784
22.33 0.0668792 -0.0127144 0.068077
22.34 0.066894 -0.00806406 0.0673783
22.35 0.0665924 -0.00346965 0.0666828
22.36 0.0659817 0.0010478 0.06599
22.37 0.0650713 0.00546781 0.0653006
22.38 0.063871 0.00977125 0.0646141
22.39 0.0623928 0.0139389 0.0639308
22.4 0.060649 0.0179539 0.0632506
22.41 0.0586538 0.0217992 0.0625738
22.42 0.0564216 0.0254603 0.0619001
22.43 0.0539682 0.028922 0.0612295
22.44 0.0513103 0.0321727 0.0605626
22.45 0.0484644 0.0351999 0.0598985
22.46 0.0454491 0.0379939 0.0592382
22.47 0.042282 0.0405458 0.0585809
22.48 0.0389823 0.0428481 0.0579273
22.49 0.0355684 0.044895 0.0572771
22.5 0.0320599 0.0466817 0.0566305
22.51 0.0284756 0.0482049 0.0559873
22.52 0.0248353 0.0494629 0.0553477
22.53 0.0211573 0.0504554 0.0547118
22.54 0.0174613 0.0511828 0.0540793
22.55 0.0137652 0.0516478 0.0534507
22.56 0.0100878 0.0518535 0.0528256
22.57 0.00644621 0.0518051 0.0522046
22.58 0.00285809 0.0515075 0.0515868
22.59 -0.00066018 0.0509691 0.0509734
22.6 -0.00409307 0.0501966 0.0503632
22.61 -0.00742492 0.0492002 0.0497573
22.62 -0.0106422 0.0479892 0.0491551
22.63 -0.013731 0.0465748 0.0485567
22.64 -0.0166796 0.0449688 0.0479625
22.65 -0.019476 0.0431834 0.0473721
22.66 -0.0221103 0.0412315 0.0467857
22.67 -0.0245727 0.039127 0.0462032
22.68 -0.0268557 0.0368838 0.0456251
22.69 -0.0289513 0.0345162 0.0450505
22.7 -0.0308543 0.0320393 0.0444804
22.71 -0.0325591 0.0294677 0.043914
22.72 -0.0340626 0.0268169 0.0433521
22.73 -0.0353615 0.0241014 0.0427938
22.74 -0.0364548 0.0213374 0.0422402
22.75 -0.0373417 0.0185386 0.0416904
22.76 -0.0380228 0.0157212 0.0411448
22.77 -0.0385001 0.0128988 0.0406035
22.78 -0.0387757 0.0100864 0.0400661
22.79 -0.0388539 0.00729741 0.0395332
22.8 -0.0387386 0.00454557 0.0390044
22.81 -0.0384356 0.00184349 0.0384798
22.82 -0.0379509 -0.000795967 0.0379593
22.83 -0.0372921 -0.00336152 0.0374433
22.84 -0.0364662 -0.00584188 0.0369312
22.85 -0.0354824 -0.00822656 0.0364236
22.86 -0.0343492 -0.0105062 0.03592
22.87 -0.0330768 -0.0126717 0.035421
22.88 -0.0316746 -0.0147155 0.0349261
22.89 -0.0301538 -0.0166296 0.0344354
22.9 -0.0285247 -0.0184087 0.0339491
22.91 -0.0267988 -0.0200463 0.0334668
22.92 -0.0249874 -0.0215386 0.0329891
22.93 -0.0231018 -0.0228813 0.0325153
22.94 -0.0211542 -0.0240718 0.0320461
22.95 -0.0191557 -0.0251081 0.031581
22.96 -0.0171181 -0.0259892 0.0311202
22.97 -0.015053 -0.0267143 0.0306634
22.98 -0.0129719 -0.0272846 0.0302112
22.99 -0.0108855 -0.0277009 0.0297629
23 -0.00880536 -0.0279656 0.0293191
23.01 -0.0067414 -0.0280815 0.0288794
23.02 -0.00470449 -0.0280522 0.0284439
23.03 -0.00270367 -0.0278821 0.0280128
23.04 -0.000749031 -0.0275755 0.0275856
23.05 0.00115119 -0.0271387 0.0271631
23.06 0.00298826 -0.0265769 0.0267444
23.07 0.00475455 -0.0258973 0.0263301
23.08 0.00644314 -0.0251063 0.0259199
23.09 0.008047 -0.0242117 0.0255139
23.1 0.00956066 -0.023221 0.0251121
23.11 0.0109787 -0.0221423 0.0247147
23.12 0.0122965 -0.0209836 0.0243211
23.13 0.01351 -0.0197539 0.0239319
23.14 0.0146164 -0.0184612 0.0235468
23.15 0.0156123 -0.0171146 0.0231658
23.16 0.0164967 -0.0157226 0.0227891
23.17 0.0172676 -0.0142941 0.0224163
23.18 0.017925 -0.0128377 0.022048
23.19 0.0184682 -0.0113617 0.0216833
23.2 0.0188986 -0.00987516 0.0213231
23.21 0.0192167 -0.00838551 0.0209666
23.22 0.0194248 -0.00690154 0.0206144
23.23 0.0195252 -0.00543027 0.0202662
23.24 0.0195204 -0.00397984 0.019922
23.25 0.0194142 -0.00255682 0.0195818
23.26 0.0192103 -0.00116825 0.0192458
23.27 0.0189127 0.000179933 0.0189136
23.28 0.0185262 0.0014811 0.0185854
23.29 0.0180561 0.0027306 0.0182614
23.3 0.0175068 0.00392275 0.0179409
23.31 0.0168849 0.0050534 0.0176249
23.32 0.0161952 0.00611825 0.0173123
23.33 0.0154445 0.00711383 0.0170041
23.34 0.0146381 0.00803724 0.0166995
23.35 0.0137831 0.00888545 0.0163989
23.36 0.012885 0.00965691 0.0161021
23.37 0.0119506 0.0103495 0.0158091
23.38 0.0109861 0.0109627 0.0155202
23.39 0.00999777 0.0114953 0.0152348
23.4 0.00899191 0.0119478 0.0149534
23.41 0.00797459 0.01232 0.0146757
23.42 0.00695155 0.0126131 0.0144019
23.43 0.00592888 0.0128277 0.0141315
23.44 0.00491221 0.012966 0.0138653
23.45 0.00390644 0.0130293 0.0136023
23.46 0.00291748 0.0130205 0.0133434
23.47 0.00194937 0.0129418 0.0130878
23.48 0.00100751 0.0127964 0.012836
23.49 9.52955e-05 0.0125875 0.0125879
23.5 -0.000782442 0.0123183 0.0123432
23.51 -0.0016228 0.0119929 0.0121022
23.52 -0.00242199 0.0116146 0.0118645
23.53 -0.00317735 0.0111883 0.0116307
23.54 -0.00388629 0.0107171 0.0114
23.55 -0.00454643 0.0102062 0.011173
23.56 -0.00515601 0.00965941 0.0109494
23.57 -0.00571371 0.00908138 0.0107293
23.58 -0.00621797 0.00847614 0.0105123
23.59 -0.00666816 0.00784874 0.0102989
23.6 -0.00706408 0.00720286 0.0100887
23.61 -0.00740497 0.00654346 0.00988183
23.62 -0.00769172 0.0058743 0.00967833
23.63 -0.00792414 0.00519979 0.00947785
23.64 -0.0081037 0.00452389 0.00928093
23.65 -0.00823078 0.00385034 0.00908685
23.66 -0.00830723 0.00318304 0.00889617
23.67 -0.00833418 0.00252531 0.00870838
23.68 -0.00831377 0.00188093 0.00852389
23.69 -0.00824779 0.00125244 0.00834234
23.7 -0.00813842 0.000643326 0.0081638
23.71 -0.00798804 5.60225e-05 0.00798823
23.72 -0.00779936 -0.000506896 0.00781581
23.73 -0.00757454 -0.00104338 0.00764606
23.74 -0.00731666 -0.00155088 0.00747922
23.75 -0.00702864 -0.00202838 0.00731547
23.76 -0.00671294 -0.0024736 0.00715418
23.77 -0.00637309 -0.00288593 0.00699607
23.78 -0.00601143 -0.00326395 0.00684037
23.79 -0.00563165 -0.00360701 0.00668775
23.8 -0.00523602 -0.00391461 0.00653759
23.81 -0.00482801 -0.00418631 0.00639022
23.82 -0.00441012 -0.00442216 0.00624537
23.83 -0.00398563 -0.00462199 0.00610312
23.84 -0.00355698 -0.00478666 0.00596358
23.85 -0.00312699 -0.00491617 0.00582639
23.86 -0.00269824 -0.00501158 0.00569179
23.87 -0.00227338 -0.00507369 0.00555972
23.88 -0.00185432 -0.00510366 0.00543008
23.89 -0.00144369 -0.00510231 0.00530262
23.9 -0.00104351 -0.00507173 0.00517797
23.91 -0.000655466 -0.00501253 0.00505521
23.92 -0.000281748 -0.00492711 0.00493516
23.93 7.66038e-05 -0.00481656 0.00481717
23.94 0.000417436 -0.00468293 0.0047015
23.95 0.000740162 -0.00452798 0.00458808
23.96 0.00104312 -0.00435356 0.00447678
23.97 0.00132577 -0.00416165 0.00436773
23.98 0.00158683 -0.00395407 0.0042606
23.99 0.00182616 -0.00373316 0.00415588
24 0.00204304 -0.00350038 0.00405299
24.01 0.00223729 -0.00325807 0.00395227
24.02 0.00240857 -0.00300801 0.00385348
24.03 0.00255729 -0.00275216 0.00375688
24.04 0.0026832 -0.00249205 0.00366195
24.05 0.00278672 -0.00223016 0.00356923
24.06 0.00286839 -0.00196732 0.00347822
24.07 0.00292844 -0.00170605 0.00338916
24.08 0.00296805 -0.00144725 0.0033021
24.09 0.00298727 -0.00119274 0.00321658
24.1 0.00298762 -0.000943854 0.00313317
24.11 0.00296953 -0.000701773 0.00305133
24.12 0.00293435 -0.000467797 0.0029714
24.13 0.00288275 -0.000242882 0.00289296
24.14 0.0028163 -2.82547e-05 0.00281644
24.15 0.0027359 0.000175678 0.00274154
24.16 0.00264284 0.000367813 0.00266832
24.17 0.00253822 0.000547627 0.00259662
24.18 0.00242353 0.000714646 0.0025267
24.19 0.00229968 0.000868591 0.00245825
24.2 0.0021681 0.00100863 0.00239123
24.21 0.00203002 0.00113532 0.00232593
24.22 0.00188654 0.00124778 0.00226186
24.23 0.0017392 0.00134664 0.0021996
24.24 0.00158857 0.00143161 0.00213848
24.25 0.00143637 0.00150292 0.00207892
24.26 0.00128328 0.00156095 0.00202074
24.27 0.00113057 0.00160593 0.00196397
24.28 0.00097894 0.00163827 0.00190847
24.29 0.000829682 0.00165835 0.00185432
24.3 0.000683353 0.00166697 0.0018016
24.31 0.000540863 0.00166443 0.0017501
24.32 0.000402792 0.00165137 0.00169979
24.33 0.000270021 0.00162856 0.0016508
24.34 0.000142863 0.00159674 0.00160312
24.35 2.20774e-05 0.00155617 0.00155633
24.36 -9.2027e-05 0.0015083 0.0015111
24.37 -0.00019906 0.0014531 0.00146667
24.38 -0.000298493 0.00139199 0.00142363
24.39 -0.000390599 0.00132529 0.00138166
24.4 -0.000474655 0.00125381 0.00134065
24.41 -0.0005509 0.00117843 0.00130084
24.42 -0.000619072 0.00109976 0.00126203
24.43 -0.000679382 0.00101844 0.00122425
24.44 -0.000731559 0.000935187 0.00118733
24.45 -0.000776027 0.000850828 0.00115158
24.46 -0.000812728 0.000765759 0.00111665
24.47 -0.00084201 0.000680624 0.0010827
24.48 -0.00086389 0.000596088 0.00104958
24.49 -0.000878866 0.000512736 0.0010175
24.5 -0.00088699 0.000430693 0.000986026
24.51 -0.000888832 0.000351047 0.000955645
24.52 -0.000884628 0.000273511 0.000925945
24.53 -0.000874655 0.000199136 0.000897037
24.54 -0.000859721 0.000127775 0.000869164
24.55 -0.000839674 5.98376e-05 0.000841803
24.56 -0.000815346 -4.2553e-06 0.000815357
24.57 -0.000786907 -6.44149e-05 0.00078954
24.58 -0.000754994 -0.000120523 0.000764553
24.59 -0.000719769 -0.000172342 0.000740114
24.6 -0.000681978 -0.000219669 0.000716483
24.61 -0.000641791 -0.000262645 0.000693454
24.62 -0.000599801 -0.000301176 0.000671169
24.63 -0.000556225 -0.000335213 0.000649426
24.64 -0.000511651 -0.000364704 0.000628328
24.65 -0.000466229 -0.000390064 0.000607881
24.66 -0.000420585 -0.00041082 0.000587933
24.67 -0.000374865 -0.00042773 0.00056875
24.68 -0.000329355 -0.000440268 0.000549828
24.69 -0.000284695 -0.000449108 0.000531742
24.7 -0.000240603 -0.000454284 0.000514066
24.71 -0.000197821 -0.000455784 0.000496862
24.72 -0.000156325 -0.000453996 0.000480156
24.73 -0.000116487 -0.000449161 0.000464021
24.74 -7.83365e-05 -0.000441413 0.000448311
24.75 -4.22704e-05 -0.000430931 0.000432999
24.76 -8.18284e-06 -0.000418132 0.000418212
24.77 2.36387e-05 -0.000403198 0.00040389
24.78 5.32481e-05 -0.000386346 0.000389999
24.79 8.04271e-05 -0.000367715 0.000376407
24.8 0.000105292 -0.00034785 0.000363436
24.81 0.000127582 -0.00032655 0.000350589
24.82 0.000147511 -0.000304576 0.000338417
24.83 0.000165054 -0.000281586 0.000326395
24.84 0.000179974 -0.000258254 0.000314779
24.85 0.000192824 -0.000234692 0.000303746
24.86 0.000203156 -0.000210844 0.000292793
24.87 0.000211308 -0.000187141 0.000282264
24.88 0.000217292 -0.000163747 0.000272082
24.89 0.000221264 -0.000140743 0.000262233
24.9 0.000223218 -0.000118266 0.000252612
24.91 0.000223453 -9.65384e-05 0.000243415
24.92 0.000221935 -7.56559e-05 0.000234476
24.93 0.000218896 -5.56821e-05 0.000225867
24.94 0.000214348 -3.66182e-05 0.000217453
24.95 0.000208563 -1.87945e-05 0.000209409
24.96 0.000201474 -1.95761e-06 0.000201484
24.97 0.000193467 1.34421e-05 0.000193933
24.98 0.000184563 2.7843e-05 0.000186652
24.99 0.000174728 4.08263e-05 0.000179434
25 0.000164533 5.24613e-05 0.000172695
25.01 0.000153624 6.29894e-05 0.000166037
25.02 0.000142381 7.21822e-05 0.000159633
25.03 0.000130917 8.00453e-05 0.000153449
25.04 0.000119314 8.67414e-05 0.000147512
25.05 0.000107603 9.22519e-05 0.000141735
25.06 9.6045e-05 9.66157e-05 0.000136232
25.07 8.45376e-05 9.98738e-05 0.000130849
25.08 7.33076e-05 0.00010209 0.000125684
25.09 6.2292e-05 0.000103452 0.000120758
25.1 5.1715e-05 0.000103753 0.000115928
25.11 4.14573e-05 0.000103338 0.000111344
25.12 3.18024e-05 0.000101962 0.000106806
25.13 2.26315e-05 0.000100117 0.000102643
25.14 1.38603e-05 9.75122e-05 9.84923e-05
25.15 5.93257e-06 9.43038e-05 9.44902e-05
25.16 -1.64804e-06 9.07626e-05 9.07776e-05
25.17 -8.56538e-06 8.67378e-05 8.71596e-05
25.18 -1.48208e-05 8.228e-05 8.36041e-05
25.19 -2.04946e-05 7.75742e-05 8.02358e-05
25.2 -2.56062e-05 7.26262e-05 7.70081e-05
25.21 -3.00431e-05 6.751e-05 7.38931e-05
25.22 -3.39815e-05 6.22487e-05 7.092e-05
25.23 -3.72603e-05 5.68645e-05 6.79846e-05
25.24 -4.00511e-05 5.15657e-05 6.52925e-05
25.25 -4.22259e-05 4.6134e-05 6.2541e-05
25.26 -4.39637e-05 4.08598e-05 6.00194e-05
25.27 -4.50945e-05 3.55354e-05 5.74132e-05
25.28 -4.58416e-05 3.05615e-05 5.5095e-05
25.29 -4.62873e-05 2.56307e-05 5.29098e-05
25.3 -4.60789e-05 2.08394e-05 5.05722e-05
25.31 -4.57589e-05 1.63783e-05 4.86017e-05
25.32 -4.50151e-05 1.20759e-05 4.66067e-05
25.33 -4.39105e-05 7.97261e-06 4.46285e-05
25.34 -4.25864e-05 4.16498e-06 4.27896e-05
25.35 -4.10372e-05 6.38813e-07 4.10422e-05
25.36 -3.92188e-05 -2.59471e-06 3.93045e-05
25.37 -3.73198e-05 -5.56264e-06 3.77321e-05
25.38 -3.51631e-05 -8.32307e-06 3.61347e-05
25.39 -3.29687e-05 -1.06786e-05 3.4655e-05
25.4 -3.06371e-05 -1.28837e-05 3.32358e-05
25.41 -2.82865e-05 -1.47291e-05 3.18916e-05
25.42 -2.5812e-05 -1.64075e-05 3.05854e-05
25.43 -2.33848e-05 -1.76635e-05 2.93061e-05
25.44 -2.10478e-05 -1.87599e-05 2.81948e-05
25.45 -1.84573e-05 -1.96939e-05 2.69912e-05
25.46 -1.6148e-05 -2.02658e-05 2.59126e-05
25.47 -1.37916e-05 -2.06803e-05 2.48573e-05
25.48 -1.14414e-05 -2.08833e-05 2.38122e-05
25.49 -9.27732e-06 -2.08544e-05 2.28249e-05
25.5 -7.18634e-06 -2.06287e-05 2.18446e-05
25.51 -5.18774e-06 -2.02051e-05 2.08604e-05
25.52 -3.38927e-06 -1.96627e-05 1.99526e-05
25.53 -1.59539e-06 -1.90468e-05 1.91135e-05
25.54 -2.58368e-08 -1.81893e-05 1.81893e-05
25.55 1.4332e-06 -1.73175e-05 1.73767e-05
25.56 2.73913e-06 -1.63062e-05 1.65347e-05
25.57 3.98025e-06 -1.52905e-05 1.58001e-05
25.58 5.00016e-06 -1.41148e-05 1.49743e-05
25.59 5.82849e-06 -1.29609e-05 1.42111e-05
25.6 6.75576e-06 -1.18709e-05 1.36587e-05
25.61 7.30711e-06 -1.0646e-05 1.29124e-05
25.62 7.80795e-06 -9.45314e-06 1.22607e-05
25.63 8.24861e-06 -8.28413e-06 1.16904e-05
25.64 8.47074e-06 -7.10945e-06 1.10588e-05
25.65 8.65068e-06 -5.98602e-06 1.05198e-05
25.66 8.74976e-06 -4.8716e-06 1.00145e-05
25.67 8.68165e-06 -3.83529e-06 9.49108e-06
25.68 8.68555e-06 -2.91199e-06 9.16071e-06
25.69 8.49607e-06 -1.90596e-06 8.70724e-06
25.7 8.25264e-06 -1.02987e-06 8.31665e-06
25.71 7.95822e-06 -1.89555e-07 7.96048e-06
25.72 7.66144e-06 5.33119e-07 7.67996e-06
25.73 7.24329e-06 1.25169e-06 7.35064e-06
25.74 6.74502e-06 1.86844e-06 6.99903e-06
25.75 6.43182e-06 2.33574e-06 6.84281e-06
25.76 5.87374e-06 2.83691e-06 6.52295e-06
25.77 5.38469e-06 3.25214e-06 6.29057e-06
25.78 4.96562e-06 3.56463e-06 6.11261e-06
25.79 4.44101e-06 3.81476e-06 5.85448e-06
25.8 4.00997e-06 3.97225e-06 5.64435e-06
25.81 3.58573e-06 4.10304e-06 5.44908e-06
25.82 3.07933e-06 4.17702e-06 5.18939e-06
25.83 2.75807e-06 4.13451e-06 4.97002e-06
25.84 2.31184e-06 4.18293e-06 4.77928e-06
25.85 1.91514e-06 4.11841e-06 4.54192e-06
25.86 1.5837e-06 4.01105e-06 4.31238e-06
25.87 1.32237e-06 3.83231e-06 4.05404e-06
25.88 1.02807e-06 3.67214e-06 3.81333e-06
25.89 7.40311e-07 3.49581e-06 3.57334e-06
25.9 6.70547e-07 3.22126e-06 3.29031e-06
25.91 4.13272e-07 3.01927e-06 3.04743e-06
25.92 2.73585e-07 2.78852e-06 2.80191e-06
25.93 2.11859e-07 2.50623e-06 2.51517e-06
25.94 7.27845e-08 2.20337e-06 2.20457e-06
25.95 4.57945e-08 1.89336e-06 1.89391e-06
25.96 9.25339e-09 1.60373e-06 1.60376e-06
25.97 -1.04501e-07 1.32571e-06 1.32982e-06
25.98 -5.39118e-09 9.57081e-07 9.57096e-07
25.99 -5.61418e-08 6.88345e-07 6.9063e-07
26 -6.01045e-08 3.60774e-07 3.65746e-07
