0 0.0118557 -0.000211912 0.0118575
0.01 0.0236628 -0.000432069 0.0236668
0.02 0.0353734 -0.000668937 0.0353797
0.03 0.0469396 -0.000930627 0.0469488
0.04 0.0583139 -0.00122488 0.0583268
0.05 0.0694501 -0.00155969 0.0694676
0.06 0.0803026 -0.00194214 0.0803261
0.07 0.0908269 -0.00237928 0.0908581
0.08 0.10098 -0.0028776 0.101021
0.09 0.110721 -0.00344295 0.110774
0.1 0.120008 -0.00408093 0.120078
0.11 0.128805 -0.00479604 0.128895
0.12 0.137076 -0.00559255 0.13719
0.13 0.144785 -0.00647394 0.14493
0.14 0.151902 -0.00744255 0.152084
0.15 0.158397 -0.00850055 0.158625
0.16 0.164243 -0.00964885 0.164526
0.17 0.169416 -0.0108877 0.169766
0.18 0.173895 -0.0122162 0.174323
0.19 0.17766 -0.0136334 0.178182
0.2 0.180696 -0.0151362 0.181329
0.21 0.182991 -0.0167219 0.183753
0.22 0.184533 -0.0183861 0.185447
0.23 0.185317 -0.0201237 0.186406
0.24 0.185338 -0.0219291 0.186631
0.25 0.184595 -0.0237952 0.186123
0.26 0.183092 -0.0257149 0.184889
0.27 0.180833 -0.0276797 0.182939
0.28 0.177827 -0.0296804 0.180287
0.29 0.174085 -0.0317076 0.176949
0.3 0.169622 -0.0337506 0.172947
0.31 0.164455 -0.0357986 0.168306
0.32 0.158605 -0.03784 0.163056
0.33 0.152094 -0.0398628 0.157231
0.34 0.144948 -0.0418544 0.15087
0.35 0.137196 -0.0438022 0.144018
0.36 0.128868 -0.0456929 0.136729
0.37 0.119997 -0.0475133 0.129061
0.38 0.110618 -0.0492499 0.121086
0.39 0.10077 -0.050889 0.11289
0.4 0.0904904 -0.0524175 0.104576
0.41 0.0798215 -0.0538216 0.0962717
0.42 0.0688057 -0.0550883 0.0881416
0.43 0.0574871 -0.0562046 0.0803973
0.44 0.0459111 -0.0571578 0.0733133
0.45 0.0341242 -0.0579358 0.0672385
0.46 0.0221738 -0.0585268 0.0625865
0.47 0.010108 -0.0589198 0.0597806
0.48 -0.00202466 -0.0591044 0.0591391
0.49 -0.0141751 -0.0590709 0.0607479
0.5 -0.0262945 -0.0588103 0.0644209
0.51 -0.0383335 -0.0583147 0.0697859
0.52 -0.0502436 -0.0575772 0.0764169
0.53 -0.0619765 -0.0565913 0.0839266
0.54 -0.0734845 -0.0553526 0.0919994
0.55 -0.0847208 -0.0538569 0.10039
0.56 -0.0956396 -0.0521016 0.108911
0.57 -0.106196 -0.0500853 0.117415
0.58 -0.116348 -0.0478077 0.125787
0.59 -0.126053 -0.04527 0.133935
0.6 -0.135271 -0.0424744 0.141782
0.61 -0.143964 -0.0394248 0.149265
0.62 -0.152097 -0.0361261 0.156328
0.63 -0.159635 -0.0325847 0.162926
0.64 -0.166547 -0.0288084 0.16902
0.65 -0.172804 -0.0248064 0.174576
0.66 -0.17838 -0.0205887 0.179565
0.67 -0.183251 -0.0161673 0.183963
0.68 -0.187396 -0.0115552 0.187752
0.69 -0.190797 -0.00676641 0.190917
0.7 -0.193438 -0.00181648 0.193447
0.71 -0.195308 0.00327817 0.195336
0.72 -0.196397 0.00849984 0.196581
0.73 -0.196699 0.0138298 0.197185
0.74 -0.196212 0.0192488 0.197154
0.75 -0.194935 0.0247357 0.196498
0.76 -0.192871 0.0302698 0.195232
0.77 -0.190028 0.0358287 0.193376
0.78 -0.186415 0.0413898 0.190954
0.79 -0.182043 0.0469299 0.187995
0.8 -0.17693 0.0524256 0.184534
0.81 -0.171093 0.0578524 0.18061
0.82 -0.164554 0.0631864 0.176269
0.83 -0.157338 0.0684033 0.171564
0.84 -0.149471 0.0734785 0.166555
0.85 -0.140982 0.0783879 0.161309
0.86 -0.131905 0.0831073 0.155903
0.87 -0.122273 0.0876131 0.150422
0.88 -0.112123 0.0918819 0.144961
0.89 -0.101494 0.0958908 0.139628
0.9 -0.0904274 0.099618 0.134539
0.91 -0.0789651 0.103042 0.12982
0.92 -0.0671514 0.106142 0.1256
0.93 -0.0550323 0.108899 0.122015
0.94 -0.0426545 0.111295 0.119189
0.95 -0.0300663 0.113312 0.117233
0.96 -0.0173165 0.114935 0.116232
0.97 -0.00445504 0.116149 0.116234
0.98 0.00846798 0.11694 0.117247
0.99 0.0214019 0.117299 0.119235
1 0.0342959 0.117214 0.122128
1.01 0.0470995 0.116678 0.125825
1.02 0.059762 0.115684 0.130208
1.03 0.0722337 0.114227 0.13515
1.04 0.0844651 0.112306 0.140524
1.05 0.0964078 0.109919 0.146208
1.06 0.108014 0.107068 0.152088
1.07 0.119238 0.103755 0.15806
1.08 0.130035 0.0999864 0.164032
1.09 0.140361 0.0957684 0.16992
1.1 0.150175 0.0911103 0.175652
1.11 0.159437 0.0860232 0.181163
1.12 0.16811 0.0805202 0.186399
1.13 0.176158 0.0746165 0.19131
1.14 0.183549 0.0683284 0.195854
1.15 0.190251 0.0616753 0.199999
1.16 0.196238 0.0546772 0.203713
1.17 0.201483 0.0473566 0.206973
1.18 0.205964 0.0397374 0.209763
1.19 0.209662 0.031845 0.212067
1.2 0.212561 0.0237066 0.213879
1.21 0.214647 0.0153503 0.215195
1.22 0.215909 0.00680613 0.216016
1.23 0.21634 -0.00189511 0.216348
1.24 0.215937 -0.0107216 0.216203
1.25 0.214699 -0.0196401 0.215595
1.26 0.212627 -0.0286169 0.214544
1.27 0.209728 -0.0376178 0.213075
1.28 0.206011 -0.0466074 0.211217
1.29 0.201487 -0.0555502 0.209005
1.3 0.196172 -0.0644107 0.206476
1.31 0.190083 -0.0731527 0.203674
1.32 0.183243 -0.0817404 0.200648
1.33 0.175674 -0.0901381 0.197449
1.34 0.167404 -0.0983102 0.194137
1.35 0.158463 -0.106222 0.190771
1.36 0.148883 -0.113839 0.187418
1.37 0.138698 -0.121127 0.184144
1.38 0.127946 -0.128054 0.181019
1.39 0.116667 -0.134587 0.178115
1.4 0.104901 -0.140698 0.175499
1.41 0.0926916 -0.146356 0.173239
1.42 0.080085 -0.151533 0.171394
1.43 0.0671275 -0.156204 0.170017
1.44 0.0538673 -0.160344 0.16915
1.45 0.0403541 -0.16393 0.168824
1.46 0.0266382 -0.166942 0.169054
1.47 0.0127711 -0.169362 0.169843
1.48 -0.00119489 -0.171172 0.171176
1.49 -0.0152076 -0.172359 0.173029
1.5 -0.0292138 -0.172911 0.175361
1.51 -0.0431609 -0.172818 0.178126
1.52 -0.0569957 -0.172073 0.181267
1.53 -0.0706659 -0.170672 0.184723
1.54 -0.0841194 -0.168613 0.188431
1.55 -0.097305 -0.165896 0.192327
1.56 -0.110172 -0.162524 0.196347
1.57 -0.122672 -0.158504 0.200429
1.58 -0.134756 -0.153843 0.204516
1.59 -0.146378 -0.148553 0.208553
1.6 -0.157492 -0.142647 0.21249
1.61 -0.168057 -0.136141 0.216281
1.62 -0.17803 -0.129055 0.219886
1.63 -0.187373 -0.121409 0.223269
1.64 -0.196049 -0.113226 0.226397
1.65 -0.204024 -0.104533 0.229245
1.66 -0.211266 -0.0953582 0.23179
1.67 -0.217747 -0.085731 0.234016
1.68 -0.223438 -0.0756841 0.235908
1.69 -0.228319 -0.0652515 0.23746
1.7 -0.232367 -0.0544697 0.238666
1.71 -0.235566 -0.043376 0.239526
1.72 -0.237902 -0.0320098 0.240045
1.73 -0.239363 -0.020412 0.240231
1.74 -0.239942 -0.00862441 0.240097
1.75 -0.239634 0.00331006 0.239656
1.76 -0.238438 0.0153471 0.238931
1.77 -0.236356 0.0274421 0.237944
1.78 -0.233394 0.0395497 0.236721
1.79 -0.22956 0.051624 0.235293
1.8 -0.224865 0.063619 0.233692
1.81 -0.219326 0.0754886 0.231954
1.82 -0.21296 0.0871867 0.230116
1.83 -0.205789 0.0986676 0.22822
1.84 -0.197836 0.109886 0.226305
1.85 -0.18913 0.120797 0.224415
1.86 -0.1797 0.131358 0.222592
1.87 -0.16958 0.141525 0.220877
1.88 -0.158803 0.151257 0.21931
1.89 -0.14741 0.160513 0.217931
1.9 -0.135439 0.169255 0.216774
1.91 -0.122932 0.177446 0.215869
1.92 -0.109936 0.185051 0.215244
1.93 -0.0964958 0.192037 0.214917
1.94 -0.0826593 0.198371 0.214904
1.95 -0.0684766 0.204027 0.215212
1.96 -0.0539983 0.208977 0.21584
1.97 -0.0392768 0.213197 0.216785
1.98 -0.0243649 0.216666 0.218032
1.99 -0.00931675 0.219366 0.219564
2 0.00581324 0.22128 0.221357
2.01 0.0209703 0.222397 0.223383
2.02 0.0360993 0.222706 0.225612
2.03 0.0511451 0.222199 0.228009
2.04 0.066053 0.220874 0.230539
2.05 0.0807686 0.218729 0.233166
2.06 0.0952379 0.215768 0.235851
2.07 0.109408 0.211994 0.238561
2.08 0.123227 0.207417 0.241261
2.09 0.136644 0.202048 0.243916
2.1 0.149609 0.195903 0.246497
2.11 0.162075 0.188998 0.248975
2.12 0.173996 0.181354 0.251324
2.13 0.185327 0.172996 0.253522
2.14 0.196026 0.163949 0.255549
2.15 0.206053 0.154242 0.257388
2.16 0.21537 0.143908 0.259025
2.17 0.223943 0.132981 0.26045
2.18 0.231739 0.121497 0.261657
2.19 0.238728 0.109495 0.262641
2.2 0.244883 0.0970175 0.263401
2.21 0.250181 0.0841067 0.26394
2.22 0.2546 0.0708079 0.264263
2.23 0.258123 0.0571679 0.264378
2.24 0.260736 0.0432349 0.264297
2.25 0.262427 0.0290586 0.264031
2.26 0.263188 0.0146896 0.263598
2.27 0.263014 0.000179788 0.263014
2.28 0.261905 -0.0144184 0.262302
2.29 0.259862 -0.0290518 0.261481
2.3 0.25689 -0.043667 0.260575
2.31 0.252999 -0.0582102 0.259609
2.32 0.2482 -0.0726279 0.258608
2.33 0.242508 -0.0868665 0.257597
2.34 0.235943 -0.100873 0.256602
2.35 0.228525 -0.114595 0.255648
2.36 0.22028 -0.127981 0.25476
2.37 0.211234 -0.140981 0.25396
2.38 0.20142 -0.153545 0.25327
2.39 0.190868 -0.165625 0.25271
2.4 0.179617 -0.177174 0.252296
2.41 0.167704 -0.188149 0.252042
2.42 0.155171 -0.198507 0.251958
2.43 0.14206 -0.208207 0.252053
2.44 0.128416 -0.21721 0.252331
2.45 0.114287 -0.225481 0.252791
2.46 0.0997223 -0.232987 0.253432
2.47 0.0847718 -0.239697 0.254246
2.48 0.0694877 -0.245584 0.255225
2.49 0.0539231 -0.250621 0.256357
2.5 0.0381325 -0.254789 0.257626
2.51 0.022171 -0.258067 0.259017
2.52 0.00609411 -0.26044 0.260511
2.53 -0.0100416 -0.261897 0.262089
2.54 -0.0261796 -0.262427 0.26373
2.55 -0.0422637 -0.262026 0.265413
2.56 -0.0582369 -0.260691 0.267117
2.57 -0.0740434 -0.258424 0.268822
2.58 -0.0896276 -0.255229 0.270509
2.59 -0.104935 -0.251114 0.272157
2.6 -0.11991 -0.24609 0.27375
2.61 -0.134502 -0.240173 0.275271
2.62 -0.148658 -0.23338 0.276705
2.63 -0.162329 -0.225732 0.278039
2.64 -0.175466 -0.217255 0.279263
2.65 -0.188022 -0.207975 0.280367
2.66 -0.199954 -0.197922 0.281344
2.67 -0.211217 -0.187131 0.282189
2.68 -0.221773 -0.175638 0.2829
2.69 -0.231584 -0.163481 0.283474
2.7 -0.240615 -0.150701 0.283913
2.71 -0.248832 -0.137343 0.284219
2.72 -0.256208 -0.123451 0.284399
2.73 -0.262714 -0.109075 0.284457
2.74 -0.268328 -0.0942633 0.284403
2.75 -0.273028 -0.0790677 0.284246
2.76 -0.276797 -0.0635411 0.283997
2.77 -0.279621 -0.0477378 0.283667
2.78 -0.28149 -0.0317132 0.283271
2.79 -0.282395 -0.0155233 0.282821
2.8 -0.282332 0.000774592 0.282333
2.81 -0.2813 0.0171233 0.281821
2.82 -0.279303 0.0334649 0.2813
2.83 -0.276344 0.0497416 0.280785
2.84 -0.272434 0.0658955 0.28029
2.85 -0.267586 0.0818697 0.27983
2.86 -0.261814 0.0976068 0.279416
2.87 -0.255137 0.113051 0.279061
2.88 -0.247578 0.128147 0.278777
2.89 -0.239161 0.142841 0.278571
2.9 -0.229915 0.15708 0.278451
2.91 -0.21987 0.170814 0.278425
2.92 -0.209061 0.183992 0.278495
2.93 -0.197522 0.196568 0.278664
2.94 -0.185294 0.208495 0.278934
2.95 -0.172417 0.219732 0.279302
2.96 -0.158935 0.230236 0.279766
2.97 -0.144893 0.23997 0.280321
2.98 -0.130339 0.248899 0.280961
2.99 -0.115322 0.256989 0.281678
3 -0.0998922 0.264211 0.282464
3.01 -0.0841028 0.270539 0.28331
3.02 -0.068007 0.275947 0.284204
3.03 -0.0516593 0.280417 0.285136
3.04 -0.0351151 0.283931 0.286094
3.05 -0.0184305 0.286475 0.287068
3.06 -0.00166216 0.28804 0.288044
3.07 0.0151331 0.288617 0.289013
3.08 0.0318982 0.288204 0.289964
3.09 0.0485764 0.286801 0.290885
3.1 0.0651109 0.284411 0.291768
3.11 0.0814459 0.281041 0.292605
3.12 0.0975256 0.276702 0.293386
3.13 0.113296 0.271407 0.294105
3.14 0.128703 0.265175 0.294757
3.15 0.143694 0.258024 0.295338
3.16 0.158219 0.249979 0.295843
3.17 0.172229 0.241067 0.296271
3.18 0.185676 0.231318 0.29662
3.19 0.198514 0.220764 0.296891
3.2 0.2107 0.209441 0.297086
3.21 0.222193 0.197387 0.297206
3.22 0.232953 0.184643 0.297254
3.23 0.242944 0.171252 0.297236
3.24 0.252133 0.157261 0.297157
3.25 0.260488 0.142715 0.297021
3.26 0.267981 0.127665 0.296837
3.27 0.274587 0.112163 0.296611
3.28 0.280282 0.0962601 0.296352
3.29 0.285049 0.0800113 0.296066
3.3 0.28887 0.0634719 0.295761
3.31 0.291734 0.0466982 0.295448
3.32 0.293629 0.0297473 0.295132
3.33 0.29455 0.0126769 0.294823
3.34 0.294494 -0.00445451 0.294528
3.35 0.29346 -0.0215891 0.294253
3.36 0.291452 -0.0386683 0.294006
3.37 0.288477 -0.0556339 0.293792
3.38 0.284544 -0.0724285 0.293617
3.39 0.279667 -0.0889949 0.293485
3.4 0.273862 -0.105277 0.2934
3.41 0.267148 -0.121219 0.293363
3.42 0.259548 -0.136768 0.293378
3.43 0.251087 -0.15187 0.293443
3.44 0.241793 -0.166474 0.29356
3.45 0.231698 -0.180532 0.293727
3.46 0.220834 -0.193995 0.293942
3.47 0.209239 -0.206819 0.294202
3.48 0.19695 -0.21896 0.294504
3.49 0.184008 -0.230377 0.294843
3.5 0.170458 -0.241031 0.295215
3.51 0.156343 -0.250889 0.295615
3.52 0.14171 -0.259915 0.296036
3.53 0.126608 -0.26808 0.296474
3.54 0.111088 -0.275358 0.296922
3.55 0.0951995 -0.281724 0.297374
3.56 0.0789962 -0.287156 0.297824
3.57 0.0625316 -0.291637 0.298266
3.58 0.04586 -0.295153 0.298695
3.59 0.0290363 -0.297693 0.299105
3.6 0.0121161 -0.299247 0.299492
3.61 -0.0048448 -0.299812 0.299851
3.62 -0.0217908 -0.299386 0.300178
3.63 -0.0386662 -0.297971 0.300469
3.64 -0.0554153 -0.295572 0.300722
3.65 -0.0719837 -0.292199 0.300935
3.66 -0.0883167 -0.287863 0.301106
3.67 -0.104361 -0.282579 0.301234
3.68 -0.120064 -0.276365 0.301319
3.69 -0.135375 -0.269243 0.30136
3.7 -0.150244 -0.261237 0.30136
3.71 -0.164622 -0.252374 0.301319
3.72 -0.178463 -0.242684 0.301239
3.73 -0.191723 -0.232201 0.301122
3.74 -0.204357 -0.220959 0.300973
3.75 -0.216326 -0.208996 0.300793
3.76 -0.22759 -0.196353 0.300586
3.77 -0.238115 -0.183072 0.300357
3.78 -0.247866 -0.169197 0.300109
3.79 -0.256812 -0.154775 0.299846
3.8 -0.264924 -0.139854 0.299573
3.81 -0.272178 -0.124483 0.299294
3.82 -0.27855 -0.108713 0.299013
3.83 -0.28402 -0.092597 0.298734
3.84 -0.288573 -0.0761877 0.298461
3.85 -0.292193 -0.0595395 0.298197
3.86 -0.29487 -0.0427071 0.297947
3.87 -0.296596 -0.025746 0.297712
3.88 -0.297368 -0.00871164 0.297496
3.89 -0.297183 0.00833998 0.2973
3.9 -0.296043 0.0253533 0.297127
3.91 -0.293953 0.0422726 0.296977
3.92 -0.290921 0.0590432 0.296852
3.93 -0.286958 0.0756102 0.296752
3.94 -0.282078 0.0919203 0.296677
3.95 -0.276297 0.107921 0.296626
3.96 -0.269636 0.12356 0.296598
3.97 -0.262116 0.138787 0.296592
3.98 -0.253764 0.153554 0.296606
3.99 -0.244608 0.167813 0.296638
4 -0.234677 0.181519 0.296686
4.01 -0.224006 0.194628 0.296747
4.02 -0.212629 0.2071 0.296819
4.03 -0.200584 0.218893 0.296897
4.04 -0.18791 0.229973 0.296981
4.05 -0.174649 0.240303 0.297065
4.06 -0.160845 0.249852 0.297148
4.07 -0.146542 0.25859 0.297226
4.08 -0.131788 0.266491 0.297297
4.09 -0.116629 0.273531 0.297358
4.1 -0.101116 0.279688 0.297405
4.11 -0.0852981 0.284944 0.297438
4.12 -0.0692267 0.289285 0.297453
4.13 -0.0529535 0.292697 0.297448
4.14 -0.0365306 0.295172 0.297424
4.15 -0.0200109 0.296703 0.297377
4.16 -0.00344704 0.297287 0.297307
4.17 0.0131078 0.296925 0.297214
4.18 0.0296014 0.295619 0.297097
4.19 0.0459809 0.293375 0.296957
4.2 0.0621947 0.290203 0.296793
4.21 0.0781913 0.286114 0.296606
4.22 0.0939205 0.281124 0.296398
4.23 0.109333 0.275249 0.296168
4.24 0.124379 0.268512 0.29592
4.25 0.139014 0.260934 0.295654
4.26 0.15319 0.252542 0.295372
4.27 0.166865 0.243365 0.295077
4.28 0.179994 0.233433 0.29477
4.29 0.192539 0.22278 0.294453
4.3 0.204461 0.211441 0.294128
4.31 0.215722 0.199453 0.293799
4.32 0.22629 0.186857 0.293466
4.33 0.236131 0.173693 0.293133
4.34 0.245216 0.160004 0.292801
4.35 0.253519 0.145836 0.292472
4.36 0.261014 0.131233 0.292148
4.37 0.267679 0.116244 0.29183
4.38 0.273496 0.100917 0.291521
4.39 0.278448 0.0853 0.29122
4.4 0.282521 0.0694441 0.290931
4.41 0.285704 0.0533998 0.290652
4.42 0.28799 0.0372181 0.290384
4.43 0.289372 0.0209505 0.290129
4.44 0.289849 0.0046484 0.289886
4.45 0.289421 -0.0116368 0.289655
4.46 0.288092 -0.027854 0.289435
4.47 0.285867 -0.0439519 0.289226
4.48 0.282757 -0.0598806 0.289028
4.49 0.278772 -0.0755902 0.288838
4.5 0.273927 -0.0910322 0.288657
4.51 0.268239 -0.106158 0.288482
4.52 0.261729 -0.120923 0.288313
4.53 0.254418 -0.135279 0.288147
4.54 0.246331 -0.149184 0.287984
4.55 0.237496 -0.162595 0.287822
4.56 0.227941 -0.175472 0.287659
4.57 0.217699 -0.187775 0.287493
4.58 0.206803 -0.199467 0.287323
4.59 0.195288 -0.210515 0.287148
4.6 0.183193 -0.220884 0.286966
4.61 0.170555 -0.230545 0.286775
4.62 0.157417 -0.239469 0.286575
4.63 0.14382 -0.24763 0.286364
4.64 0.129807 -0.255005 0.286142
4.65 0.115424 -0.261574 0.285908
4.66 0.100715 -0.267318 0.285661
4.67 0.0857282 -0.272221 0.2854
4.68 0.0705102 -0.276271 0.285127
4.69 0.0551088 -0.279457 0.284839
4.7 0.0395723 -0.281772 0.284537
4.71 0.0239495 -0.283212 0.284223
4.72 0.00828875 -0.283774 0.283895
4.73 -0.00736106 -0.283459 0.283555
4.74 -0.0229514 -0.282272 0.283203
4.75 -0.0384344 -0.280217 0.28284
4.76 -0.0537623 -0.277304 0.282467
4.77 -0.0688878 -0.273544 0.282085
4.78 -0.0837651 -0.268953 0.281695
4.79 -0.0983486 -0.263545 0.281298
4.8 -0.112594 -0.257342 0.280895
4.81 -0.126459 -0.250363 0.280488
4.82 -0.1399 -0.242634 0.280078
4.83 -0.152879 -0.23418 0.279665
4.84 -0.165355 -0.22503 0.279251
4.85 -0.177293 -0.215214 0.278837
4.86 -0.188657 -0.204765 0.278424
4.87 -0.199413 -0.193716 0.278013
4.88 -0.20953 -0.182104 0.277605
4.89 -0.218979 -0.169966 0.277201
4.9 -0.227733 -0.157342 0.276801
4.91 -0.235766 -0.144272 0.276405
4.92 -0.243056 -0.130797 0.276015
4.93 -0.249584 -0.116961 0.27563
4.94 -0.255331 -0.102807 0.275251
4.95 -0.260282 -0.0883793 0.274877
4.96 -0.264423 -0.0737239 0.274509
4.97 -0.267746 -0.0588865 0.274145
4.98 -0.270243 -0.0439132 0.273787
4.99 -0.271907 -0.0288505 0.273433
5 -0.272737 -0.013745 0.273083
5.01 -0.272733 0.00135673 0.272736
5.02 -0.271897 0.0164084 0.272392
5.03 -0.270235 0.0313637 0.272049
5.04 -0.267755 0.0461773 0.271708
5.05 -0.264466 0.0608044 0.271366
5.06 -0.260382 0.0752003 0.271024
5.07 -0.255517 0.0893218 0.27068
5.08 -0.24989 0.103127 0.270333
5.09 -0.243519 0.116574 0.269983
5.1 -0.236427 0.129623 0.269629
5.11 -0.228638 0.142236 0.26927
5.12 -0.220179 0.154375 0.268906
5.13 -0.211077 0.166005 0.268535
5.14 -0.201362 0.177093 0.268157
5.15 -0.191066 0.187605 0.267773
5.16 -0.180224 0.197513 0.26738
5.17 -0.168869 0.206788 0.266979
5.18 -0.157039 0.215404 0.266571
5.19 -0.144771 0.223336 0.266154
5.2 -0.132105 0.230564 0.265728
5.21 -0.11908 0.237068 0.265295
5.22 -0.105738 0.24283 0.264853
5.23 -0.0921202 0.247836 0.264403
5.24 -0.0782697 0.252074 0.263946
5.25 -0.0642296 0.255533 0.263481
5.26 -0.0500435 0.258205 0.26301
5.27 -0.0357551 0.260086 0.262532
5.28 -0.0214086 0.261173 0.262049
5.29 -0.00704788 0.261465 0.26156
5.3 0.00728294 0.260965 0.261067
5.31 0.0215405 0.259678 0.260569
5.32 0.0356813 0.25761 0.260069
5.33 0.0496629 0.25477 0.259566
5.34 0.063443 0.251172 0.25906
5.35 0.0769806 0.246827 0.258553
5.36 0.090235 0.241754 0.258045
5.37 0.103167 0.235969 0.257536
5.38 0.115739 0.229495 0.257028
5.39 0.127913 0.222352 0.256519
5.4 0.139655 0.214566 0.256012
5.41 0.150929 0.206163 0.255505
5.42 0.161705 0.197172 0.255
5.43 0.17195 0.187621 0.254496
5.44 0.181635 0.177543 0.253994
5.45 0.190734 0.166969 0.253492
5.46 0.199222 0.155936 0.252993
5.47 0.207074 0.144478 0.252495
5.48 0.214271 0.132631 0.251998
5.49 0.220792 0.120434 0.251502
5.5 0.22662 0.107925 0.251007
5.51 0.231742 0.0951434 0.250513
5.52 0.236144 0.0821295 0.250018
5.53 0.239816 0.0689236 0.249524
5.54 0.24275 0.0555667 0.249029
5.55 0.244941 0.0421004 0.248532
5.56 0.246384 0.0285658 0.248035
5.57 0.24708 0.0150043 0.247536
5.58 0.24703 0.00145744 0.247034
5.59 0.246236 -0.0120338 0.24653
5.6 0.244705 -0.0254287 0.246023
5.61 0.242445 -0.0386872 0.245512
5.62 0.239466 -0.0517694 0.244998
5.63 0.23578 -0.0646365 0.244479
5.64 0.231403 -0.0772505 0.243957
5.65 0.22635 -0.0895743 0.243429
5.66 0.22064 -0.101572 0.242897
5.67 0.214294 -0.113209 0.242359
5.68 0.207334 -0.124451 0.241817
5.69 0.199784 -0.135266 0.241269
5.7 0.191671 -0.145624 0.240715
5.71 0.18302 -0.155495 0.240157
5.72 0.173863 -0.164852 0.239592
5.73 0.164228 -0.173669 0.239022
5.74 0.154147 -0.181923 0.238447
5.75 0.143654 -0.18959 0.237867
5.76 0.132782 -0.196651 0.237282
5.77 0.121566 -0.203087 0.236692
5.78 0.110043 -0.208883 0.236097
5.79 0.0982477 -0.214024 0.235497
5.8 0.0862185 -0.218497 0.234893
5.81 0.0739928 -0.222294 0.234285
5.82 0.0616088 -0.225406 0.233674
5.83 0.0491047 -0.227827 0.233058
5.84 0.0365192 -0.229553 0.23244
5.85 0.023891 -0.230584 0.231819
5.86 0.0112584 -0.230921 0.231195
5.87 -0.00134034 -0.230565 0.230569
5.88 -0.013867 -0.229522 0.22994
5.89 -0.0262845 -0.227799 0.22931
5.9 -0.0385554 -0.225405 0.228678
5.91 -0.0506438 -0.222351 0.228045
5.92 -0.0625138 -0.21865 0.227411
5.93 -0.0741311 -0.214318 0.226776
5.94 -0.0854618 -0.20937 0.226141
5.95 -0.0964734 -0.203826 0.225504
5.96 -0.107135 -0.197706 0.224868
5.97 -0.117415 -0.191032 0.224231
5.98 -0.127286 -0.183827 0.223594
5.99 -0.136721 -0.176117 0.222956
6 -0.145693 -0.167927 0.222319
6.01 -0.154178 -0.159286 0.221682
6.02 -0.162154 -0.150222 0.221044
6.03 -0.169599 -0.140765 0.220406
6.04 -0.176495 -0.130947 0.219768
6.05 -0.182825 -0.120799 0.219129
6.06 -0.188572 -0.110355 0.21849
6.07 -0.193724 -0.0996465 0.21785
6.08 -0.198268 -0.088709 0.217209
6.09 -0.202196 -0.0775763 0.216567
6.1 -0.205498 -0.0662835 0.215924
6.11 -0.20817 -0.0548655 0.215279
6.12 -0.210207 -0.0433579 0.214632
6.13 -0.211609 -0.0317954 0.213984
6.14 -0.212374 -0.0202137 0.213334
6.15 -0.212504 -0.00864759 0.21268
6.16 -0.212005 0.00286832 0.212025
6.17 -0.210882 0.0142996 0.211366
6.18 -0.209142 0.0256126 0.210704
6.19 -0.206795 0.0367741 0.210039
6.2 -0.203853 0.0477516 0.209371
6.21 -0.200328 0.0585136 0.208698
6.22 -0.196235 0.0690291 0.208022
6.23 -0.191591 0.0792687 0.207342
6.24 -0.186414 0.0892033 0.206658
6.25 -0.180723 0.0988056 0.205969
6.26 -0.174539 0.108049 0.205276
6.27 -0.167884 0.116909 0.204579
6.28 -0.160781 0.125362 0.203878
6.29 -0.153256 0.133385 0.203172
6.3 -0.145334 0.140958 0.202463
6.31 -0.137041 0.148062 0.201749
6.32 -0.128406 0.154679 0.201032
6.33 -0.119457 0.160793 0.20031
6.34 -0.110222 0.166389 0.199586
6.35 -0.100733 0.171457 0.198858
6.36 -0.091018 0.175983 0.198127
6.37 -0.0811089 0.17996 0.197393
6.38 -0.0710369 0.18338 0.196658
6.39 -0.0608329 0.186237 0.19592
6.4 -0.0505286 0.188527 0.195181
6.41 -0.0401552 0.190249 0.194441
6.42 -0.0297443 0.191402 0.193699
6.43 -0.019327 0.191987 0.192958
6.44 -0.0089344 0.192008 0.192216
6.45 0.00140307 0.191469 0.191474
6.46 0.0116551 0.190377 0.190734
6.47 0.0217921 0.18874 0.189993
6.48 0.0317851 0.186566 0.189255
6.49 0.0416058 0.183869 0.188517
6.5 0.0512265 0.180659 0.187781
6.51 0.0606209 0.176951 0.187047
6.52 0.0697629 0.172762 0.186315
6.53 0.0786282 0.168106 0.185585
6.54 0.0871926 0.163002 0.184857
6.55 0.0954341 0.157469 0.184131
6.56 0.103331 0.151528 0.183407
6.57 0.110864 0.1452 0.182685
6.58 0.118013 0.138507 0.181965
6.59 0.124762 0.131471 0.181246
6.6 0.131094 0.124117 0.180529
6.61 0.136994 0.116469 0.179812
6.62 0.14245 0.108552 0.179097
6.63 0.14745 0.100393 0.178382
6.64 0.151982 0.0920167 0.177667
6.65 0.15604 0.0834499 0.176953
6.66 0.159615 0.0747198 0.176238
6.67 0.162701 0.0658528 0.175523
6.68 0.165295 0.0568766 0.174807
6.69 0.167393 0.0478176 0.174089
6.7 0.168995 0.0387035 0.173371
6.71 0.170101 0.0295608 0.17265
6.72 0.170712 0.0204164 0.171929
6.73 0.170832 0.0112966 0.171205
6.74 0.170465 0.00222744 0.170479
6.75 0.169617 -0.00676565 0.169751
6.76 0.168295 -0.0156573 0.169022
6.77 0.166509 -0.0244233 0.16829
6.78 0.164268 -0.0330397 0.167557
6.79 0.161583 -0.0414836 0.166823
6.8 0.158466 -0.0497323 0.166086
6.81 0.154931 -0.0577647 0.165349
6.82 0.150992 -0.0655599 0.164611
6.83 0.146666 -0.0730984 0.163872
6.84 0.141967 -0.0803615 0.163134
6.85 0.136914 -0.0873315 0.162395
6.86 0.131525 -0.0939918 0.161658
6.87 0.125818 -0.100327 0.160921
6.88 0.119813 -0.106322 0.160186
6.89 0.11353 -0.111965 0.159453
6.9 0.106991 -0.117243 0.158723
6.91 0.100215 -0.122145 0.157995
6.92 0.0932259 -0.126662 0.157271
6.93 0.0860442 -0.130784 0.156551
6.94 0.0786925 -0.134506 0.155835
6.95 0.0711933 -0.137821 0.155123
6.96 0.0635693 -0.140724 0.154416
6.97 0.0558428 -0.143212 0.153714
6.98 0.0480368 -0.145282 0.153018
6.99 0.0401735 -0.146933 0.152326
7 0.0322758 -0.148166 0.151641
7.01 0.0243656 -0.148982 0.150961
7.02 0.0164649 -0.149382 0.150287
7.03 0.00859552 -0.149371 0.149618
7.04 0.000778717 -0.148953 0.148955
7.05 -0.00696476 -0.148134 0.148298
7.06 -0.0146143 -0.146921 0.147646
7.07 -0.0221504 -0.14532 0.146999
7.08 -0.0295535 -0.143342 0.146357
7.09 -0.0368051 -0.140995 0.14572
7.1 -0.0438871 -0.13829 0.145087
7.11 -0.0507825 -0.135238 0.144458
7.12 -0.0574744 -0.131851 0.143834
7.13 -0.0639474 -0.128143 0.143212
7.14 -0.0701863 -0.124126 0.142595
7.15 -0.0761772 -0.119814 0.14198
7.16 -0.0819068 -0.115224 0.141369
7.17 -0.0873626 -0.110369 0.14076
7.18 -0.0925334 -0.105266 0.140154
7.19 -0.0974085 -0.0999301 0.139551
7.2 -0.101978 -0.0943792 0.13895
7.21 -0.106234 -0.0886295 0.138351
7.22 -0.110169 -0.0826988 0.137754
7.23 -0.113774 -0.0766042 0.13716
7.24 -0.117046 -0.0703637 0.136568
7.25 -0.119979 -0.0639948 0.135979
7.26 -0.122568 -0.0575158 0.135392
7.27 -0.124812 -0.0509443 0.134808
7.28 -0.126707 -0.0442987 0.134228
7.29 -0.128253 -0.0375965 0.13365
7.3 -0.12945 -0.0308558 0.133077
7.31 -0.130298 -0.0240942 0.132507
7.32 -0.130799 -0.0173293 0.131942
7.33 -0.130955 -0.0105783 0.131382
7.34 -0.13077 -0.00385834 0.130827
7.35 -0.130247 0.00281402 0.130277
7.36 -0.129391 0.00942206 0.129734
7.37 -0.128208 0.0159501 0.129196
7.38 -0.126704 0.0223822 0.128666
7.39 -0.124887 0.0287033 0.128143
7.4 -0.122763 0.0348984 0.127627
7.41 -0.120342 0.0409536 0.127119
7.42 -0.117632 0.0468549 0.12662
7.43 -0.114642 0.0525891 0.126129
7.44 -0.111384 0.0581436 0.125646
7.45 -0.107866 0.0635061 0.125172
7.46 -0.104102 0.0686654 0.124708
7.47 -0.100101 0.0736103 0.124252
7.48 -0.0958764 0.0783308 0.123806
7.49 -0.0914403 0.082817 0.123369
7.5 -0.0868053 0.0870601 0.122941
7.51 -0.0819843 0.0910516 0.122523
7.52 -0.0769909 0.0947841 0.122113
7.53 -0.0718385 0.0982504 0.121712
7.54 -0.0665408 0.101444 0.12132
7.55 -0.061112 0.10436 0.120937
7.56 -0.0555661 0.106993 0.120562
7.57 -0.0499172 0.109339 0.120194
7.58 -0.04418 0.111394 0.119835
7.59 -0.0383687 0.113155 0.119483
7.6 -0.0324977 0.11462 0.119138
7.61 -0.0265816 0.115788 0.1188
7.62 -0.0206348 0.116658 0.118469
7.63 -0.0146717 0.117229 0.118144
7.64 -0.00870644 0.117503 0.117825
7.65 -0.00275341 0.11748 0.117512
7.66 0.00317334 0.117162 0.117205
7.67 0.0090601 0.116551 0.116903
7.68 0.0148929 0.115651 0.116606
7.69 0.0206582 0.114465 0.116315
7.7 0.0263429 0.112998 0.116028
7.71 0.0319339 0.111254 0.115747
7.72 0.0374182 0.109239 0.11547
7.73 0.0427836 0.106959 0.115198
7.74 0.0480179 0.10442 0.114932
7.75 0.053109 0.10163 0.11467
7.76 0.0580458 0.0985954 0.114413
7.77 0.062817 0.0953253 0.114162
7.78 0.067412 0.091828 0.113916
7.79 0.0718203 0.0881126 0.113675
7.8 0.0760323 0.0841887 0.11344
7.81 0.0800384 0.0800659 0.113211
7.82 0.0838299 0.075755 0.112988
7.83 0.087398 0.0712665 0.112771
7.84 0.090735 0.0666116 0.112561
7.85 0.0938333 0.0618017 0.112357
7.86 0.0966859 0.0568489 0.11216
7.87 0.0992864 0.0517649 0.111971
7.88 0.101629 0.0465626 0.111788
7.89 0.103709 0.0412542 0.111613
7.9 0.10552 0.0358528 0.111445
7.91 0.10706 0.0303717 0.111285
7.92 0.108324 0.024824 0.111132
7.93 0.109309 0.0192234 0.110987
7.94 0.110014 0.0135833 0.110849
7.95 0.110436 0.0079176 0.110719
7.96 0.110574 0.00224016 0.110597
7.97 0.110429 -0.00343524 0.110482
7.98 0.109999 -0.00909453 0.110375
7.99 0.109287 -0.0147238 0.110274
8 0.108293 -0.0203092 0.110181
8.01 0.107019 -0.0258368 0.110094
8.02 0.105469 -0.0312928 0.110014
8.03 0.103646 -0.0366635 0.10994
8.04 0.101554 -0.0419356 0.109872
8.05 0.0991981 -0.0470952 0.10981
8.06 0.0965831 -0.0521297 0.109753
8.07 0.0937154 -0.0570259 0.109702
8.08 0.0906016 -0.0617711 0.109655
8.09 0.0872492 -0.0663529 0.109614
8.1 0.0836659 -0.0707594 0.109576
8.11 0.0798603 -0.0749787 0.109542
8.12 0.0758417 -0.0789998 0.109512
8.13 0.0716194 -0.0828114 0.109485
8.14 0.0672041 -0.0864034 0.109462
8.15 0.0626066 -0.0897656 0.109442
8.16 0.0578381 -0.0928887 0.109424
8.17 0.0529104 -0.0957635 0.109408
8.18 0.047836 -0.0983821 0.109395
8.19 0.0426278 -0.100736 0.109384
8.2 0.0372987 -0.102819 0.109375
8.21 0.0318627 -0.104624 0.109368
8.22 0.0263336 -0.106146 0.109363
8.23 0.020726 -0.107378 0.10936
8.24 0.0150545 -0.108317 0.109358
8.25 0.00933406 -0.108959 0.109358
8.26 0.00357983 -0.109302 0.10936
8.27 -0.00219257 -0.109342 0.109364
8.28 -0.00796761 -0.109079 0.109369
8.29 -0.0137295 -0.108512 0.109377
8.3 -0.0194625 -0.107641 0.109386
8.31 -0.0251505 -0.106467 0.109398
8.32 -0.0307778 -0.104993 0.109411
8.33 -0.0363283 -0.103221 0.109427
8.34 -0.0417866 -0.101154 0.109445
8.35 -0.0471364 -0.0987976 0.109466
8.36 -0.0523629 -0.0961562 0.109489
8.37 -0.0574501 -0.0932365 0.109515
8.38 -0.0623835 -0.0900451 0.109544
8.39 -0.0671481 -0.0865899 0.109575
8.4 -0.0717297 -0.0828796 0.109609
8.41 -0.076114 -0.0789235 0.109646
8.42 -0.080288 -0.0747318 0.109686
8.43 -0.084238 -0.0703154 0.109728
8.44 -0.087952 -0.0656861 0.109773
8.45 -0.0914177 -0.0608562 0.109821
8.46 -0.0946241 -0.0558389 0.109871
8.47 -0.0975603 -0.0506479 0.109924
8.48 -0.100217 -0.0452975 0.109978
8.49 -0.102583 -0.0398028 0.110035
8.5 -0.104653 -0.034179 0.110093
8.51 -0.106417 -0.0284427 0.110152
8.52 -0.107869 -0.0226097 0.110213
8.53 -0.109003 -0.0166975 0.110274
8.54 -0.109814 -0.0107231 0.110336
8.55 -0.110298 -0.00470426 0.110398
8.56 -0.110452 0.00134135 0.110461
8.57 -0.110275 0.00739526 0.110522
8.58 -0.109764 0.0134396 0.110583
8.59 -0.108919 0.0194555 0.110643
8.6 -0.107743 0.025425 0.110702
8.61 -0.106236 0.0313292 0.110759
8.62 -0.104402 0.0371502 0.110815
8.63 -0.102245 0.042869 0.110868
8.64 -0.0997693 0.0484683 0.110919
8.65 -0.0969821 0.0539295 0.110968
8.66 -0.09389 0.0592357 0.111014
8.67 -0.0905016 0.0643692 0.111058
8.68 -0.0868257 0.0693134 0.111099
8.69 -0.0828728 0.0740519 0.111138
8.7 -0.0786539 0.0785692 0.111173
8.71 -0.0741811 0.0828497 0.111207
8.72 -0.0694673 0.0868793 0.111237
8.73 -0.0645265 0.0906438 0.111265
8.74 -0.0593733 0.0941305 0.111291
8.75 -0.0540233 0.0973268 0.111315
8.76 -0.0484925 0.100221 0.111337
8.77 -0.0427982 0.102804 0.111357
8.78 -0.0369575 0.105065 0.111375
8.79 -0.030989 0.106995 0.111393
8.8 -0.024911 0.108588 0.111409
8.81 -0.0187432 0.109837 0.111424
8.82 -0.0125048 0.110735 0.111439
8.83 -0.00621598 0.11128 0.111454
8.84 0.000102969 0.111468 0.111468
8.85 0.0064316 0.111297 0.111482
8.86 0.0127492 0.110766 0.111497
8.87 0.0190348 0.109875 0.111512
8.88 0.0252681 0.108627 0.111527
8.89 0.0314278 0.107024 0.111543
8.9 0.0374938 0.10507 0.111559
8.91 0.0434451 0.10277 0.111576
8.92 0.049262 0.100131 0.111593
8.93 0.0549244 0.0971607 0.11161
8.94 0.0604132 0.0938673 0.111628
8.95 0.065709 0.0902612 0.111646
8.96 0.0707939 0.0863529 0.111663
8.97 0.07565 0.0821552 0.11168
8.98 0.08026 0.0776807 0.111696
8.99 0.0846079 0.072944 0.111711
9 0.088678 0.06796 0.111724
9.01 0.0924558 0.062745 0.111736
9.02 0.0959276 0.0573155 0.111746
9.03 0.0990806 0.05169 0.111753
9.04 0.101903 0.0458863 0.111758
9.05 0.104385 0.0399242 0.11176
9.06 0.106517 0.0338232 0.111758
9.07 0.10829 0.0276042 0.111753
9.08 0.109697 0.0212876 0.111744
9.09 0.110733 0.0148954 0.111731
9.1 0.111394 0.00844879 0.111714
9.11 0.111675 0.00197029 0.111692
9.12 0.111575 -0.00451823 0.111667
9.13 0.111095 -0.0109942 0.111637
9.14 0.110233 -0.0174352 0.111604
9.15 0.108993 -0.0238188 0.111566
9.16 0.107379 -0.030123 0.111524
9.17 0.105394 -0.0363253 0.111478
9.18 0.103045 -0.0424043 0.111429
9.19 0.10034 -0.0483382 0.111377
9.2 0.0972877 -0.0541063 0.111321
9.21 0.0938981 -0.0596879 0.111263
9.22 0.090182 -0.0650631 0.111202
9.23 0.0861527 -0.0702127 0.11114
9.24 0.0818233 -0.0751182 0.111076
9.25 0.0772092 -0.0797618 0.11101
9.26 0.0723256 -0.0841269 0.110943
9.27 0.0671902 -0.0881975 0.110875
9.28 0.0618203 -0.0919585 0.110807
9.29 0.056235 -0.0953966 0.110738
9.3 0.0504537 -0.0984988 0.110669
9.31 0.0444971 -0.101254 0.1106
9.32 0.0383858 -0.103651 0.11053
9.33 0.032142 -0.105682 0.110461
9.34 0.0257874 -0.107338 0.110392
9.35 0.0193453 -0.108614 0.110323
9.36 0.0128382 -0.109504 0.110254
9.37 0.00628979 -0.110005 0.110184
9.38 -0.000276467 -0.110114 0.110114
9.39 -0.00683694 -0.109831 0.110044
9.4 -0.0133679 -0.109157 0.109972
9.41 -0.0198456 -0.108093 0.1099
9.42 -0.0262467 -0.106643 0.109826
9.43 -0.032548 -0.104813 0.10975
9.44 -0.0387263 -0.102607 0.109672
9.45 -0.0447592 -0.100035 0.109592
9.46 -0.0506247 -0.0971058 0.10951
9.47 -0.0563013 -0.0938291 0.109425
9.48 -0.0617683 -0.0902168 0.109336
9.49 -0.0670056 -0.0862825 0.109245
9.5 -0.071994 -0.0820399 0.10915
9.51 -0.0767154 -0.0775049 0.109052
9.52 -0.0811519 -0.0726935 0.108949
9.53 -0.0852879 -0.0676239 0.108844
9.54 -0.0891076 -0.0623142 0.108735
9.55 -0.0925974 -0.0567843 0.108622
9.56 -0.0957441 -0.0510542 0.108506
9.57 -0.0985365 -0.0451454 0.108386
9.58 -0.100964 -0.0390795 0.108263
9.59 -0.103018 -0.032879 0.108138
9.6 -0.104691 -0.026567 0.108009
9.61 -0.105977 -0.0201668 0.107878
9.62 -0.10687 -0.0137022 0.107745
9.63 -0.107369 -0.00719741 0.10761
9.64 -0.107472 -0.000676413 0.107474
9.65 -0.107177 0.00583631 0.107336
9.66 -0.106487 0.0123164 0.107197
9.67 -0.105405 0.0187399 0.107058
9.68 -0.103934 0.0250824 0.106918
9.69 -0.102081 0.0313207 0.106778
9.7 -0.0998523 0.037431 0.106638
9.71 -0.0972572 0.0433907 0.106497
9.72 -0.0943053 0.0491774 0.106357
9.73 -0.0910084 0.0547696 0.106218
9.74 -0.0873788 0.0601461 0.106078
9.75 -0.0834309 0.0652872 0.105939
9.76 -0.0791796 0.0701733 0.1058
9.77 -0.0746416 0.0747864 0.105662
9.78 -0.0698339 0.079109 0.105523
9.79 -0.0647754 0.0831256 0.105384
9.8 -0.0594853 0.0868206 0.105244
9.81 -0.0539841 0.0901809 0.105104
9.82 -0.0482928 0.0931936 0.104963
9.83 -0.0424331 0.0958481 0.104821
9.84 -0.036428 0.0981342 0.104677
9.85 -0.0303001 0.100044 0.104532
9.86 -0.0240729 0.101571 0.104385
9.87 -0.0177706 0.102709 0.104235
9.88 -0.0114172 0.103455 0.104083
9.89 -0.00503689 0.103806 0.103929
9.9 0.00134549 0.103762 0.103771
9.91 0.00770586 0.103324 0.103611
9.92 0.0140197 0.102492 0.103447
9.93 0.0202631 0.101273 0.10328
9.94 0.0264117 0.0996696 0.10311
9.95 0.0324428 0.0976903 0.102937
9.96 0.0383326 0.0953426 0.10276
9.97 0.0440594 0.0926364 0.10258
9.98 0.0496007 0.0895828 0.102398
9.99 0.0549363 0.0861942 0.102213
10 0.0600453 0.0824843 0.102025
10.01 0.0649087 0.0784681 0.101835
10.02 0.069508 0.0741616 0.101643
10.03 0.0738262 0.0695824 0.10145
10.04 0.0778468 0.0647486 0.101255
10.05 0.0815552 0.0596793 0.101059
10.06 0.0849372 0.0543951 0.100862
10.07 0.0879807 0.0489169 0.100665
10.08 0.0906744 0.0432663 0.100468
10.09 0.0930088 0.0374659 0.100271
10.1 0.0949752 0.0315387 0.100075
10.11 0.0965672 0.025508 0.0998793
10.12 0.0977792 0.0193978 0.0996847
10.13 0.0986073 0.0132319 0.0994911
10.14 0.0990492 0.00703516 0.0992987
10.15 0.099104 0.000831365 0.0991075
10.16 0.0987726 -0.00535477 0.0989176
10.17 0.0980571 -0.0114991 0.098729
10.18 0.0969612 -0.0175775 0.0985416
10.19 0.0954901 -0.0235664 0.0983552
10.2 0.0936508 -0.029442 0.0981697
10.21 0.0914511 -0.0351819 0.097985
10.22 0.0889007 -0.0407636 0.0978008
10.23 0.0860107 -0.0461656 0.0976171
10.24 0.0827933 -0.0513666 0.0974333
10.25 0.0792618 -0.0563472 0.0972494
10.26 0.0754315 -0.0610877 0.097065
10.27 0.0713178 -0.0655704 0.0968798
10.28 0.0669382 -0.0697779 0.0966937
10.29 0.0623102 -0.0736947 0.0965063
10.3 0.0574535 -0.0773056 0.0963175
10.31 0.0523875 -0.0805975 0.096127
10.32 0.0471331 -0.0835579 0.0959346
10.33 0.0417117 -0.0861763 0.0957404
10.34 0.0361455 -0.0884429 0.095544
10.35 0.0304565 -0.0903501 0.0953454
10.36 0.0246685 -0.0918912 0.0951447
10.37 0.0188041 -0.0930611 0.0949419
10.38 0.0128875 -0.0938562 0.0947368
10.39 0.00694204 -0.0942747 0.09453
10.4 0.000992096 -0.0943159 0.0943212
10.41 -0.00493924 -0.0939808 0.0941106
10.42 -0.0108276 -0.0932722 0.0938986
10.43 -0.01665 -0.0921937 0.0936852
10.44 -0.0223831 -0.0907513 0.0934708
10.45 -0.0280043 -0.0889515 0.0932556
10.46 -0.0334911 -0.0868029 0.0930398
10.47 -0.0388222 -0.0843154 0.0928238
10.48 -0.0439765 -0.0814999 0.0926076
10.49 -0.048934 -0.0783688 0.0923916
10.5 -0.053675 -0.0749362 0.0921761
10.51 -0.0581814 -0.0712162 0.091961
10.52 -0.0624356 -0.0672255 0.0917468
10.53 -0.0664216 -0.0629806 0.0915336
10.54 -0.0701237 -0.0585 0.0913214
10.55 -0.0735283 -0.0538021 0.0911103
10.56 -0.0766224 -0.0489073 0.0909006
10.57 -0.0793945 -0.0438354 0.090692
10.58 -0.0818347 -0.0386081 0.0904848
10.59 -0.0839338 -0.0332468 0.0902787
10.6 -0.0856849 -0.027774 0.0900739
10.61 -0.0870819 -0.0222121 0.0898701
10.62 -0.0881202 -0.0165841 0.0896672
10.63 -0.0887971 -0.0109131 0.0894652
10.64 -0.0891109 -0.00522246 0.0892638
10.65 -0.0890615 0.000464921 0.0890627
10.66 -0.0886509 0.0061255 0.0888622
10.67 -0.0878814 0.0117366 0.0886616
10.68 -0.0867578 0.0172753 0.088461
10.69 -0.0852858 0.0227195 0.0882601
10.7 -0.0834729 0.028047 0.0880588
10.71 -0.0813272 0.0332367 0.0878566
10.72 -0.0788593 0.0382678 0.087654
10.73 -0.07608 0.0431202 0.0874501
10.74 -0.0730022 0.047775 0.0872455
10.75 -0.0696392 0.0522136 0.0870395
10.76 -0.0660061 0.0564188 0.0868326
10.77 -0.0621188 0.0603742 0.0866244
10.78 -0.0579942 0.0640643 0.0864151
10.79 -0.0536499 0.0674753 0.0862046
10.8 -0.049105 0.0705942 0.0859932
10.81 -0.0443784 0.0734088 0.0857805
10.82 -0.0394908 0.0759094 0.0855673
10.83 -0.0344624 0.0780865 0.0853531
10.84 -0.029315 0.0799326 0.0851386
10.85 -0.0240697 0.081441 0.0849234
10.86 -0.0187491 0.0826074 0.0847084
10.87 -0.013375 0.0834277 0.084493
10.88 -0.00797002 0.0839005 0.0842782
10.89 -0.00255659 0.0840246 0.0840635
10.9 0.00284287 0.0838015 0.0838497
10.91 0.00820604 0.0832329 0.0836365
10.92 0.0135108 0.082323 0.0834244
10.93 0.0187356 0.0810767 0.0832133
10.94 0.0238588 0.0795006 0.0830035
10.95 0.0288596 0.0776022 0.0827948
10.96 0.0337179 0.0753915 0.082588
10.97 0.0384138 0.0728781 0.0823823
10.98 0.0429287 0.0700742 0.0821783
10.99 0.0472443 0.0669922 0.0819755
11 0.0513435 0.0636466 0.0817744
11.01 0.05521 0.0600518 0.0815743
11.02 0.0588288 0.0562243 0.0813757
11.03 0.0621854 0.0521806 0.0811778
11.04 0.0652673 0.0479387 0.0809811
11.05 0.0680623 0.043517 0.080785
11.06 0.0705602 0.0389347 0.0805894
11.07 0.0727515 0.0342115 0.0803941
11.08 0.0746284 0.029368 0.080199
11.09 0.0761842 0.0244246 0.0800037
11.1 0.0774139 0.0194026 0.0798083
11.11 0.0783131 0.0143233 0.0796122
11.12 0.0788802 0.00920807 0.0794158
11.13 0.0791133 0.00407879 0.0792184
11.14 0.0790134 -0.00104323 0.0790203
11.15 0.0785819 -0.0061364 0.0788211
11.16 0.0778222 -0.0111796 0.0786211
11.17 0.0767385 -0.0161516 0.0784199
11.18 0.0753372 -0.0210322 0.0782179
11.19 0.0736249 -0.0258008 0.0780148
11.2 0.0716105 -0.0304383 0.077811
11.21 0.0693036 -0.0349252 0.0776064
11.22 0.0667152 -0.0392436 0.0774014
11.23 0.0638571 -0.0433758 0.0771958
11.24 0.0607428 -0.0473053 0.0769901
11.25 0.0573863 -0.051016 0.0767843
11.26 0.0538029 -0.0544938 0.0765789
11.27 0.0500088 -0.0577241 0.0763738
11.28 0.0460206 -0.0606951 0.0761695
11.29 0.0418563 -0.0633947 0.0759661
11.3 0.0375341 -0.065813 0.0757639
11.31 0.0330731 -0.0679406 0.0755629
11.32 0.0284925 -0.06977 0.0753636
11.33 0.0238128 -0.0712943 0.0751659
11.34 0.0190536 -0.0725085 0.0749702
11.35 0.0142361 -0.0734088 0.0747765
11.36 0.00938062 -0.0739925 0.0745848
11.37 0.00450821 -0.0742584 0.0743952
11.38 -0.000360519 -0.0742068 0.0742077
11.39 -0.0052046 -0.073839 0.0740222
11.4 -0.0100038 -0.0731582 0.073839
11.41 -0.0147373 -0.0721681 0.0736575
11.42 -0.019386 -0.0708745 0.0734779
11.43 -0.0239293 -0.069284 0.0733
11.44 -0.0283492 -0.0674045 0.0731235
11.45 -0.0326267 -0.0652454 0.0729483
11.46 -0.0367444 -0.0628167 0.0727742
11.47 -0.0406849 -0.0601302 0.072601
11.48 -0.0444327 -0.0571979 0.0724283
11.49 -0.0479719 -0.0540339 0.0722562
11.5 -0.0512885 -0.0506521 0.0720843
11.51 -0.054369 -0.0470681 0.0719125
11.52 -0.0572013 -0.043298 0.0717406
11.53 -0.0597741 -0.0393586 0.0715685
11.54 -0.0620777 -0.0352673 0.0713962
11.55 -0.0641027 -0.0310426 0.0712235
11.56 -0.0658421 -0.0267025 0.0710507
11.57 -0.0672891 -0.022267 0.0708776
11.58 -0.0684389 -0.0177544 0.0707044
11.59 -0.0692877 -0.0131853 0.0705311
11.6 -0.069833 -0.00857897 0.070358
11.61 -0.0700736 -0.0039557 0.0701852
11.62 -0.0700097 0.000665007 0.0700129
11.63 -0.069643 0.00526265 0.0698415
11.64 -0.0689758 0.00981816 0.0696711
11.65 -0.0680126 0.0143115 0.069502
11.66 -0.0667585 0.018724 0.0693346
11.67 -0.06522 0.0230366 0.0691689
11.68 -0.063405 0.0272313 0.0690054
11.69 -0.0613224 0.0312901 0.0688441
11.7 -0.0589821 0.0351965 0.0686854
11.71 -0.0565842 0.039046 0.0687486
11.72 -0.054132 0.0428357 0.0690302
11.73 -0.0516299 0.0465612 0.069524
11.74 -0.0490808 0.0502191 0.0702202
11.75 -0.0464891 0.0538059 0.0711078
11.76 -0.0438585 0.0573179 0.0721728
11.77 -0.0411929 0.0607518 0.0734006
11.78 -0.0384961 0.0641041 0.0747749
11.79 -0.0357723 0.0673717 0.0762798
11.8 -0.0330251 0.070551 0.0778981
11.81 -0.0302587 0.0736393 0.0796136
11.82 -0.027477 0.0766332 0.0814102
11.83 -0.024684 0.07953 0.0832725
11.84 -0.0218835 0.0823266 0.0851854
11.85 -0.0190798 0.0850205 0.0871351
11.86 -0.0162765 0.0876087 0.0891079
11.87 -0.0134779 0.0900893 0.0910919
11.88 -0.0106877 0.0924588 0.0930744
11.89 -0.00790992 0.0947159 0.0950456
11.9 -0.00514866 0.0968574 0.0969942
11.91 -0.00240741 0.098882 0.0989113
11.92 0.000309589 0.100787 0.100787
11.93 0.00299893 0.102571 0.102615
11.94 0.0056563 0.104232 0.104385
11.95 0.0082785 0.105768 0.106091
11.96 0.0108613 0.107178 0.107727
11.97 0.0134016 0.10846 0.109285
11.98 0.0158953 0.109613 0.110759
11.99 0.0183393 0.110636 0.112145
12 0.0207296 0.111527 0.113437
12.01 0.0230633 0.112286 0.11463
12.02 0.0253364 0.112911 0.115719
12.03 0.0275464 0.113403 0.116701
12.04 0.0296891 0.11376 0.117571
12.05 0.0317622 0.113982 0.118325
12.06 0.0337621 0.114069 0.11896
12.07 0.0356859 0.11402 0.119474
12.08 0.0375306 0.113835 0.119862
12.09 0.0392936 0.113515 0.120123
12.1 0.0409717 0.113059 0.120254
12.11 0.0425626 0.112467 0.120251
12.12 0.0440634 0.11174 0.120115
12.13 0.0454718 0.110879 0.119841
12.14 0.0467852 0.109884 0.11943
12.15 0.0480015 0.108756 0.118878
12.16 0.0491181 0.107496 0.118186
12.17 0.0501332 0.106103 0.117351
12.18 0.0510446 0.104581 0.116373
12.19 0.0518502 0.102929 0.115251
12.2 0.0525485 0.10115 0.113985
12.21 0.0531374 0.0992436 0.112574
12.22 0.0536157 0.0972123 0.111017
12.23 0.0539814 0.0950574 0.109316
12.24 0.0542335 0.0927809 0.107469
12.25 0.0543702 0.0903842 0.105477
12.26 0.0543908 0.0878693 0.103341
12.27 0.0542937 0.0852382 0.101061
12.28 0.0540784 0.0824928 0.0986384
12.29 0.0537435 0.0796355 0.0960738
12.3 0.0532888 0.0766683 0.0933688
12.31 0.052713 0.0735936 0.0905244
12.32 0.0520162 0.0704137 0.087543
12.33 0.0511973 0.0671312 0.0844261
12.34 0.0502568 0.0637484 0.0811764
12.35 0.0491935 0.0602683 0.0777963
12.36 0.0480081 0.0566929 0.074289
12.37 0.0467002 0.0530256 0.0706585
12.38 0.04527 0.0492688 0.0669088
12.39 0.0437177 0.0454256 0.0630454
12.4 0.0420438 0.0414986 0.0590747
12.41 0.0402485 0.0374911 0.0550048
12.42 0.0383325 0.0334058 0.0508461
12.43 0.0362963 0.029246 0.0466128
12.44 0.034141 0.0250144 0.042324
12.45 0.0318669 0.0207147 0.0380079
12.46 0.0294756 0.0163494 0.0337063
12.47 0.0269678 0.0119224 0.0294857
12.48 0.0243447 0.00743621 0.0254551
12.49 0.0216077 0.00289485 0.0218008
12.5 0.0187579 -0.00169915 0.0188347
12.51 0.0157973 -0.00634199 0.0170228
12.52 0.0127267 -0.0110305 0.0168416
12.53 0.00954839 -0.0157616 0.0184282
12.54 0.00626375 -0.0205316 0.0214658
12.55 0.00287493 -0.0253374 0.0254999
12.56 -0.00061653 -0.0301755 0.0301818
12.57 -0.00420823 -0.0350428 0.0352946
12.58 -0.00789846 -0.0399356 0.0407092
12.59 -0.0116846 -0.0448509 0.046348
12.6 -0.0155649 -0.0497853 0.0521617
12.61 -0.0195365 -0.0547354 0.0581175
12.62 -0.0235975 -0.0596979 0.0641925
12.63 -0.0277448 -0.0646697 0.07037
12.64 -0.0319766 -0.0696471 0.0766369
12.65 -0.0362896 -0.0746275 0.0829831
12.66 -0.0406815 -0.0796068 0.0893993
12.67 -0.0451496 -0.0845829 0.0958789
12.68 -0.0496908 -0.0895516 0.102414
12.69 -0.0543025 -0.0945106 0.109
12.7 -0.0589816 -0.0994561 0.11563
12.71 -0.0637252 -0.104386 0.1223
12.72 -0.0685301 -0.109296 0.129004
12.73 -0.0733937 -0.114184 0.135737
12.74 -0.0783124 -0.119046 0.142495
12.75 -0.0832834 -0.123881 0.149274
12.76 -0.0883032 -0.128685 0.156068
12.77 -0.0933689 -0.133455 0.162874
12.78 -0.098477 -0.138189 0.169687
12.79 -0.103624 -0.142883 0.176504
12.8 -0.108807 -0.147536 0.183319
12.81 -0.114023 -0.152145 0.19013
12.82 -0.119268 -0.156707 0.196931
12.83 -0.124539 -0.161219 0.203719
12.84 -0.129832 -0.16568 0.210491
12.85 -0.135144 -0.170088 0.217241
12.86 -0.140472 -0.174439 0.223967
12.87 -0.145812 -0.178731 0.230664
12.88 -0.151161 -0.182964 0.23733
12.89 -0.156515 -0.187134 0.243959
12.9 -0.161871 -0.191239 0.250549
12.91 -0.167225 -0.195279 0.257095
12.92 -0.172574 -0.19925 0.263595
12.93 -0.177915 -0.203152 0.270045
12.94 -0.183244 -0.206982 0.276442
12.95 -0.188558 -0.21074 0.282781
12.96 -0.193853 -0.214423 0.289061
12.97 -0.199126 -0.21803 0.295276
12.98 -0.204374 -0.22156 0.301426
12.99 -0.209593 -0.225012 0.307505
13 -0.214779 -0.228385 0.313512
13.01 -0.219931 -0.231677 0.319443
13.02 -0.225044 -0.234887 0.325295
13.03 -0.230115 -0.238015 0.331065
13.04 -0.235141 -0.24106 0.336751
13.05 -0.240118 -0.244021 0.342349
13.06 -0.245044 -0.246897 0.347857
13.07 -0.249915 -0.249689 0.353273
13.08 -0.254729 -0.252394 0.358594
13.09 -0.259481 -0.255014 0.363816
13.1 -0.26417 -0.257547 0.368939
13.11 -0.268791 -0.259994 0.373959
13.12 -0.273343 -0.262354 0.378875
13.13 -0.277822 -0.264627 0.383683
13.14 -0.282225 -0.266814 0.388382
13.15 -0.28655 -0.268913 0.39297
13.16 -0.290793 -0.270926 0.397444
13.17 -0.294952 -0.272853 0.401803
13.18 -0.299024 -0.274693 0.406044
13.19 -0.303007 -0.276448 0.410167
13.2 -0.306898 -0.278118 0.414169
13.21 -0.310693 -0.279702 0.418048
13.22 -0.314392 -0.281203 0.421802
13.23 -0.31799 -0.28262 0.425431
13.24 -0.321487 -0.283953 0.428933
13.25 -0.324879 -0.285205 0.432305
13.26 -0.328164 -0.286375 0.435548
13.27 -0.331339 -0.287464 0.438659
13.28 -0.334404 -0.288474 0.441637
13.29 -0.337354 -0.289405 0.444481
13.3 -0.340189 -0.290259 0.44719
13.31 -0.342906 -0.291035 0.449762
13.32 -0.345503 -0.291736 0.452197
13.33 -0.347978 -0.292363 0.454494
13.34 -0.350329 -0.292916 0.456652
13.35 -0.352555 -0.293398 0.458669
13.36 -0.354653 -0.293808 0.460546
13.37 -0.356622 -0.294149 0.46228
13.38 -0.35846 -0.294422 0.463873
13.39 -0.360166 -0.294627 0.465322
13.4 -0.361737 -0.294767 0.466628
13.41 -0.363173 -0.294843 0.467789
13.42 -0.364471 -0.294856 0.468806
13.43 -0.365631 -0.294807 0.469678
13.44 -0.366651 -0.294699 0.470404
13.45 -0.367529 -0.294531 0.470985
13.46 -0.368266 -0.294307 0.471419
13.47 -0.368858 -0.294026 0.471707
13.48 -0.369305 -0.293692 0.471849
13.49 -0.369607 -0.293303 0.471843
13.5 -0.369761 -0.292864 0.471691
13.51 -0.369768 -0.292374 0.471393
13.52 -0.369626 -0.291836 0.470947
13.53 -0.369334 -0.291249 0.470355
13.54 -0.368892 -0.290617 0.469617
13.55 -0.368299 -0.28994 0.468732
13.56 -0.367554 -0.28922 0.467701
13.57 -0.366656 -0.288457 0.466524
13.58 -0.365606 -0.287654 0.465202
13.59 -0.364402 -0.286811 0.463734
13.6 -0.363045 -0.285929 0.462123
13.61 -0.361533 -0.285011 0.460367
13.62 -0.359867 -0.284056 0.458467
13.63 -0.358047 -0.283066 0.456425
13.64 -0.356072 -0.282042 0.454241
13.65 -0.353942 -0.280985 0.451915
13.66 -0.351657 -0.279896 0.449449
13.67 -0.349217 -0.278776 0.446843
13.68 -0.346623 -0.277626 0.444099
13.69 -0.343875 -0.276447 0.441217
13.7 -0.340972 -0.27524 0.438199
13.71 -0.337915 -0.274005 0.435046
13.72 -0.334705 -0.272743 0.431759
13.73 -0.331341 -0.271454 0.428339
13.74 -0.327825 -0.27014 0.424789
13.75 -0.324158 -0.268802 0.421109
13.76 -0.320338 -0.267438 0.417301
13.77 -0.316369 -0.26605 0.413367
13.78 -0.312249 -0.264639 0.409308
13.79 -0.307981 -0.263205 0.405128
13.8 -0.303564 -0.261747 0.400827
13.81 -0.299 -0.260266 0.396409
13.82 -0.29429 -0.258763 0.391874
13.83 -0.289436 -0.257238 0.387227
13.84 -0.284438 -0.25569 0.382468
13.85 -0.279297 -0.254119 0.377602
13.86 -0.274015 -0.252526 0.372631
13.87 -0.268594 -0.25091 0.367558
13.88 -0.263034 -0.249272 0.362386
13.89 -0.257337 -0.24761 0.357118
13.9 -0.251506 -0.245926 0.35176
13.91 -0.245541 -0.244218 0.346313
13.92 -0.239444 -0.242486 0.340783
13.93 -0.233217 -0.240729 0.335173
13.94 -0.226863 -0.238948 0.329489
13.95 -0.220382 -0.237141 0.323735
13.96 -0.213777 -0.235309 0.317916
13.97 -0.20705 -0.233449 0.312039
13.98 -0.200203 -0.231563 0.306108
13.99 -0.193238 -0.229648 0.300132
14 -0.186157 -0.227704 0.294115
14.01 -0.178964 -0.225731 0.288067
14.02 -0.17166 -0.223727 0.281994
14.03 -0.164247 -0.221691 0.275906
14.04 -0.156728 -0.219624 0.269811
14.05 -0.149106 -0.217522 0.26372
14.06 -0.141383 -0.215386 0.257644
14.07 -0.133563 -0.213214 0.251593
14.08 -0.125647 -0.211005 0.245581
14.09 -0.117638 -0.208758 0.239622
14.1 -0.10954 -0.206472 0.23373
14.11 -0.101356 -0.204146 0.227922
14.12 -0.0930876 -0.201777 0.222214
14.13 -0.0847388 -0.199365 0.216627
14.14 -0.0763128 -0.196909 0.21118
14.15 -0.0678123 -0.194407 0.205895
14.16 -0.0592411 -0.191858 0.200796
14.17 -0.050602 -0.189261 0.195908
14.18 -0.0418987 -0.186613 0.191258
14.19 -0.0331343 -0.183914 0.186874
14.2 -0.0243126 -0.181161 0.182785
14.21 -0.0154371 -0.178355 0.179021
14.22 -0.006511 -0.175492 0.175613
14.23 0.00246145 -0.172572 0.17259
14.24 0.011477 -0.169594 0.169981
14.25 0.0205317 -0.166555 0.167815
14.26 0.0296217 -0.163454 0.166116
14.27 0.0387431 -0.16029 0.164906
14.28 0.0478923 -0.157062 0.164201
14.29 0.0570648 -0.153767 0.164014
14.3 0.0662571 -0.150405 0.164352
14.31 0.0752525 -0.146493 0.164691
14.32 0.0840187 -0.142042 0.165031
14.33 0.0925228 -0.137066 0.165371
14.34 0.100734 -0.131579 0.165712
14.35 0.10862 -0.1256 0.166054
14.36 0.116154 -0.119147 0.166396
14.37 0.123305 -0.112241 0.166739
14.38 0.130046 -0.104905 0.167084
14.39 0.136352 -0.0971618 0.167428
14.4 0.142197 -0.0890386 0.167774
14.41 0.14756 -0.0805623 0.16812
14.42 0.152418 -0.0717616 0.168466
14.43 0.156751 -0.0626662 0.168814
14.44 0.160543 -0.0533078 0.169162
14.45 0.163776 -0.043718 0.16951
14.46 0.166436 -0.033931 0.16986
14.47 0.168512 -0.02398 0.17021
14.48 0.169993 -0.0139007 0.17056
14.49 0.17087 -0.0037281 0.170911
14.5 0.171139 0.0065011 0.171263
14.51 0.170795 0.0167513 0.171615
14.52 0.169837 0.0269848 0.171967
14.53 0.168265 0.0371654 0.172321
14.54 0.166082 0.0472561 0.172674
14.55 0.163293 0.0572202 0.173029
14.56 0.159906 0.067021 0.173383
14.57 0.15593 0.076623 0.173739
14.58 0.151375 0.0859902 0.174094
14.59 0.146257 0.0950882 0.17445
14.6 0.140591 0.103883 0.174807
14.61 0.134395 0.112341 0.175164
14.62 0.127688 0.12043 0.175521
14.63 0.120493 0.12812 0.175879
14.64 0.112834 0.135381 0.176237
14.65 0.104736 0.142185 0.176596
14.66 0.096225 0.148505 0.176955
14.67 0.0873318 0.154316 0.177314
14.68 0.0780858 0.159595 0.177674
14.69 0.0685191 0.16432 0.178033
14.7 0.0586648 0.168472 0.178394
14.71 0.0485573 0.172033 0.178754
14.72 0.0382318 0.174988 0.179116
14.73 0.0277249 0.177322 0.179477
14.74 0.0170738 0.179026 0.179838
14.75 0.00631632 0.180089 0.1802
14.76 -0.00450884 0.180506 0.180563
14.77 -0.0153631 0.180271 0.180925
14.78 -0.0262067 0.179384 0.181288
14.79 -0.0370009 0.177842 0.181651
14.8 -0.0477056 0.175651 0.182014
14.81 -0.0582823 0.172814 0.182377
14.82 -0.0686913 0.169339 0.182741
14.83 -0.0788949 0.165237 0.183105
14.84 -0.0888543 0.160518 0.18347
14.85 -0.0985327 0.155197 0.183834
14.86 -0.107894 0.149292 0.184199
14.87 -0.116902 0.142821 0.184564
14.88 -0.125522 0.135804 0.184929
14.89 -0.133722 0.128266 0.185294
14.9 -0.14147 0.120231 0.185659
14.91 -0.148736 0.111727 0.186025
14.92 -0.155491 0.102781 0.186391
14.93 -0.161709 0.0934259 0.186757
14.94 -0.167364 0.0836925 0.187123
14.95 -0.172433 0.0736155 0.187489
14.96 -0.176895 0.0632294 0.187856
14.97 -0.180732 0.0525716 0.188222
14.98 -0.183926 0.0416789 0.188589
14.99 -0.186463 0.0305908 0.188956
15 -0.188332 0.0193464 0.189323
15.01 -0.189522 0.00798635 0.18969
15.02 -0.190026 -0.00344874 0.190058
15.03 -0.18984 -0.0149167 0.190425
15.04 -0.188961 -0.0263767 0.190793
15.05 -0.187389 -0.0377858 0.19116
15.06 -0.185127 -0.0491032 0.191529
15.07 -0.182181 -0.0602861 0.191896
15.08 -0.178558 -0.0712937 0.192265
15.09 -0.174268 -0.0820847 0.192633
15.1 -0.169326 -0.0926189 0.193001
15.11 -0.163745 -0.102856 0.19337
15.12 -0.157544 -0.112759 0.193739
15.13 -0.150742 -0.122288 0.194107
15.14 -0.143363 -0.131408 0.194476
15.15 -0.13543 -0.140083 0.194845
15.16 -0.126971 -0.14828 0.195214
15.17 -0.118014 -0.155967 0.195583
15.18 -0.10859 -0.163113 0.195953
15.19 -0.0987316 -0.169689 0.196322
15.2 -0.0884732 -0.17567 0.196692
15.21 -0.0778505 -0.181032 0.197061
15.22 -0.0669013 -0.18575 0.197431
15.23 -0.0556643 -0.189807 0.197801
15.24 -0.0441796 -0.193183 0.198171
15.25 -0.0324884 -0.195864 0.198541
15.26 -0.0206327 -0.197837 0.19891
15.27 -0.00865562 -0.199093 0.199281
15.28 0.00339966 -0.199622 0.199651
15.29 0.0154887 -0.19942 0.200021
15.3 0.0275676 -0.198486 0.200391
15.31 0.0395915 -0.196819 0.200761
15.32 0.0515161 -0.194422 0.201131
15.33 0.063297 -0.191302 0.201502
15.34 0.0748905 -0.187467 0.201872
15.35 0.0862525 -0.182927 0.202242
15.36 0.097341 -0.177698 0.202613
15.37 0.108113 -0.171795 0.202983
15.38 0.118529 -0.165238 0.203353
15.39 0.128547 -0.158047 0.203723
15.4 0.13813 -0.150248 0.204094
15.41 0.147241 -0.141865 0.204464
15.42 0.155843 -0.132928 0.204834
15.43 0.163904 -0.123468 0.205204
15.44 0.17139 -0.113517 0.205574
15.45 0.178273 -0.10311 0.205944
15.46 0.184524 -0.0922841 0.206314
15.47 0.190117 -0.0810771 0.206683
15.48 0.19503 -0.0695294 0.207053
15.49 0.199241 -0.0576818 0.207423
15.5 0.202732 -0.0455776 0.207792
15.51 0.205487 -0.0332599 0.208161
15.52 0.207493 -0.0207742 0.20853
15.53 0.20874 -0.00816529 0.208899
15.54 0.209219 0.00451986 0.209268
15.55 0.208927 0.017235 0.209636
15.56 0.207861 0.0299329 0.210005
15.57 0.206022 0.0425666 0.210373
15.58 0.203413 0.0550886 0.210741
15.59 0.200043 0.0674525 0.211109
15.6 0.195919 0.0796113 0.211476
15.61 0.191055 0.0915193 0.211843
15.62 0.185465 0.103131 0.21221
15.63 0.179168 0.114403 0.212577
15.64 0.172183 0.125291 0.212944
15.65 0.164536 0.135753 0.21331
15.66 0.156251 0.14575 0.213676
15.67 0.147357 0.155241 0.214041
15.68 0.137883 0.16419 0.214407
15.69 0.127865 0.172561 0.214772
15.7 0.117336 0.180322 0.215137
15.71 0.106334 0.18744 0.215501
15.72 0.0948987 0.193886 0.215865
15.73 0.0830703 0.199635 0.216228
15.74 0.0708914 0.204662 0.216592
15.75 0.0584064 0.208945 0.216954
15.76 0.0456607 0.212466 0.217317
15.77 0.0327008 0.215209 0.217679
15.78 0.0195743 0.21716 0.218041
15.79 0.00632942 0.21831 0.218402
15.8 -0.00698449 0.218651 0.218763
15.81 -0.0203185 0.218179 0.219123
15.82 -0.0336221 0.216892 0.219483
15.83 -0.0468464 0.214793 0.219842
15.84 -0.0599407 0.211886 0.220201
15.85 -0.0728563 0.208179 0.22056
15.86 -0.0855438 0.203683 0.220918
15.87 -0.0979553 0.198412 0.221275
15.88 -0.110043 0.192383 0.221632
15.89 -0.12176 0.185616 0.221988
15.9 -0.133062 0.178133 0.222344
15.91 -0.143905 0.16996 0.2227
15.92 -0.154247 0.161125 0.223054
15.93 -0.164046 0.151658 0.223409
15.94 -0.173265 0.141593 0.223762
15.95 -0.181867 0.130967 0.224115
15.96 -0.189816 0.119815 0.224468
15.97 -0.197082 0.108179 0.22482
15.98 -0.203634 0.0960992 0.225171
15.99 -0.209445 0.0836215 0.225521
16 -0.214492 0.07079 0.225872
16.01 -0.218751 0.0576521 0.226221
16.02 -0.222205 0.044256 0.22657
16.03 -0.224838 0.0306512 0.226918
16.04 -0.226637 0.0168878 0.227265
16.05 -0.227592 0.00301757 0.227612
16.06 -0.227697 -0.0109082 0.227958
16.07 -0.226949 -0.0248372 0.228304
16.08 -0.225347 -0.038717 0.228649
16.09 -0.222895 -0.0524951 0.228993
16.1 -0.219598 -0.0661196 0.229337
16.11 -0.215467 -0.0795384 0.229679
16.12 -0.210515 -0.0927002 0.230022
16.13 -0.204756 -0.105555 0.230363
16.14 -0.198211 -0.118053 0.230704
16.15 -0.190901 -0.130146 0.231044
16.16 -0.182851 -0.141787 0.231383
16.17 -0.17409 -0.152931 0.231722
16.18 -0.164647 -0.163534 0.23206
16.19 -0.154556 -0.173554 0.232397
16.2 -0.143854 -0.182951 0.232734
16.21 -0.132578 -0.191689 0.23307
16.22 -0.120769 -0.199732 0.233405
16.23 -0.10847 -0.207047 0.23374
16.24 -0.0957259 -0.213604 0.234073
16.25 -0.0825835 -0.219377 0.234407
16.26 -0.069091 -0.22434 0.234739
16.27 -0.0552986 -0.228474 0.23507
16.28 -0.0412568 -0.231758 0.235401
16.29 -0.0270186 -0.234178 0.235731
16.3 -0.0126366 -0.235722 0.236061
16.31 0.00183474 -0.236382 0.236389
16.32 0.0163414 -0.236153 0.236717
16.33 0.0308283 -0.235031 0.237044
16.34 0.0452408 -0.23302 0.237371
16.35 0.0595236 -0.230123 0.237696
16.36 0.0736231 -0.226349 0.238021
16.37 0.0874844 -0.221709 0.238346
16.38 0.101055 -0.216219 0.238669
16.39 0.114282 -0.209897 0.238992
16.4 0.127115 -0.202763 0.239314
16.41 0.139503 -0.194842 0.239635
16.42 0.151399 -0.186164 0.239955
16.43 0.162755 -0.176756 0.240274
16.44 0.173527 -0.166654 0.240593
16.45 0.183673 -0.155893 0.240911
16.46 0.193152 -0.144512 0.241229
16.47 0.201925 -0.132553 0.241545
16.48 0.209958 -0.120059 0.241861
16.49 0.217218 -0.107076 0.242176
16.5 0.223675 -0.0936523 0.24249
16.51 0.229302 -0.0798368 0.242803
16.52 0.234075 -0.0656814 0.243116
16.53 0.237974 -0.0512387 0.243427
16.54 0.24098 -0.036563 0.243738
16.55 0.243081 -0.021709 0.244048
16.56 0.244264 -0.00673311 0.244357
16.57 0.244525 0.00830818 0.244666
16.58 0.243857 0.0233581 0.244973
16.59 0.242262 0.0383586 0.24528
16.6 0.239742 0.0532534 0.245585
16.61 0.236305 0.0679845 0.24589
16.62 0.231961 0.0824961 0.246194
16.63 0.226724 0.0967317 0.246497
16.64 0.220611 0.110637 0.246799
16.65 0.213644 0.124156 0.2471
16.66 0.205845 0.137239 0.2474
16.67 0.197244 0.149832 0.247699
16.68 0.18787 0.161888 0.247998
16.69 0.177757 0.173357 0.248295
16.7 0.166941 0.184196 0.248591
16.71 0.155462 0.19436 0.248886
16.72 0.143362 0.203809 0.24918
16.73 0.130685 0.212505 0.249473
16.74 0.117479 0.220412 0.249766
16.75 0.103792 0.227499 0.250057
16.76 0.0896749 0.233735 0.250347
16.77 0.0751812 0.239094 0.250636
16.78 0.0603653 0.243554 0.250923
16.79 0.0452828 0.247095 0.25121
16.8 0.0299911 0.249701 0.251496
16.81 0.0145476 0.251359 0.25178
16.82 -0.000987949 0.252061 0.252063
16.83 -0.0165572 0.251802 0.252345
16.84 -0.0320997 0.250578 0.252626
16.85 -0.0475564 0.248394 0.252906
16.86 -0.0628672 0.245255 0.253184
16.87 -0.0779734 0.24117 0.253461
16.88 -0.0928162 0.236152 0.253737
16.89 -0.107338 0.230219 0.254012
16.9 -0.121482 0.22339 0.254285
16.91 -0.135193 0.21569 0.254558
16.92 -0.148418 0.207147 0.254828
16.93 -0.161103 0.19779 0.255098
16.94 -0.173199 0.187654 0.255366
16.95 -0.184658 0.176776 0.255633
16.96 -0.195435 0.165195 0.255899
16.97 -0.205485 0.152955 0.256163
16.98 -0.214769 0.140101 0.256426
16.99 -0.223249 0.126682 0.256687
17 -0.23089 0.112747 0.256947
17.01 -0.23766 0.0983487 0.257206
17.02 -0.243532 0.0835419 0.257463
17.03 -0.248481 0.0683824 0.257719
17.04 -0.252486 0.0529283 0.257974
17.05 -0.255527 0.0372379 0.258226
17.06 -0.257593 0.0213717 0.258478
17.07 -0.258672 0.00539017 0.258728
17.08 -0.258758 -0.0106449 0.258977
17.09 -0.257848 -0.026672 0.259224
17.1 -0.255944 -0.0426289 0.25947
17.11 -0.253051 -0.0584542 0.259714
17.12 -0.249177 -0.0740857 0.259957
17.13 -0.244335 -0.0894636 0.260199
17.14 -0.238542 -0.104527 0.260438
17.15 -0.231818 -0.119217 0.260677
17.16 -0.224188 -0.133476 0.260914
17.17 -0.215678 -0.147248 0.261149
17.18 -0.206319 -0.160479 0.261383
17.19 -0.196147 -0.173116 0.261616
17.2 -0.185198 -0.185109 0.261846
17.21 -0.173513 -0.19641 0.262076
17.22 -0.161137 -0.206974 0.262304
17.23 -0.148115 -0.216758 0.26253
17.24 -0.134497 -0.225722 0.262755
17.25 -0.120334 -0.233832 0.262978
17.26 -0.10568 -0.241052 0.2632
17.27 -0.0905916 -0.247353 0.26342
17.28 -0.0751248 -0.252709 0.263639
17.29 -0.0593403 -0.257097 0.263856
17.3 -0.0432979 -0.260498 0.264072
17.31 -0.0270599 -0.262897 0.264286
17.32 -0.0106885 -0.264283 0.264499
17.33 0.00575253 -0.264647 0.264709
17.34 0.0221996 -0.263987 0.264919
17.35 0.0385888 -0.262304 0.265127
17.36 0.0548563 -0.259601 0.265333
17.37 0.0709386 -0.255887 0.265538
17.38 0.0867727 -0.251175 0.265741
17.39 0.102297 -0.245481 0.265943
17.4 0.117449 -0.238826 0.266143
17.41 0.132171 -0.231233 0.266341
17.42 0.146403 -0.22273 0.266538
17.43 0.160091 -0.213349 0.266734
17.44 0.173178 -0.203125 0.266927
17.45 0.185613 -0.192095 0.267119
17.46 0.197347 -0.180302 0.26731
17.47 0.208332 -0.167789 0.267499
17.48 0.218524 -0.154606 0.267686
17.49 0.227882 -0.140801 0.267871
17.5 0.236368 -0.126427 0.268055
17.51 0.243947 -0.11154 0.268238
17.52 0.250588 -0.0961962 0.268418
17.53 0.256264 -0.0804558 0.268597
17.54 0.26095 -0.0643789 0.268774
17.55 0.264627 -0.048028 0.26895
17.56 0.267278 -0.0314661 0.269124
17.57 0.268892 -0.0147585 0.269297
17.58 0.26946 0.00203099 0.269467
17.59 0.268978 0.0188355 0.269636
17.6 0.267446 0.0355904 0.269804
17.61 0.264869 0.0522292 0.269969
17.62 0.261255 0.0686872 0.270133
17.63 0.256616 0.0848992 0.270295
17.64 0.250969 0.100801 0.270456
17.65 0.244334 0.116331 0.270614
17.66 0.236737 0.131427 0.270772
17.67 0.228204 0.146028 0.270926
17.68 0.218768 0.160078 0.27108
17.69 0.208465 0.173519 0.271231
17.7 0.197333 0.186299 0.271381
17.71 0.185416 0.198366 0.271529
17.72 0.172758 0.209671 0.271675
17.73 0.159409 0.220169 0.271819
17.74 0.145419 0.229818 0.271961
17.75 0.130843 0.238578 0.272102
17.76 0.115738 0.246413 0.27224
17.77 0.100161 0.253292 0.272377
17.78 0.0841734 0.259186 0.272511
17.79 0.067838 0.26407 0.272644
17.8 0.0512181 0.267923 0.272775
17.81 0.0343791 0.27073 0.272904
17.82 0.0173866 0.272476 0.273031
17.83 0.000307897 0.273155 0.273155
17.84 -0.0167903 0.272762 0.273278
17.85 -0.0338402 0.271297 0.273399
17.86 -0.0507748 0.268764 0.273518
17.87 -0.0675265 0.265172 0.273635
17.88 -0.08403 0.260533 0.273749
17.89 -0.100218 0.254865 0.273861
17.9 -0.116029 0.248189 0.273972
17.91 -0.131397 0.24053 0.27408
17.92 -0.146262 0.231917 0.274186
17.93 -0.160565 0.222382 0.27429
17.94 -0.174249 0.211964 0.274392
17.95 -0.187257 0.2007 0.274492
17.96 -0.19954 0.188636 0.27459
17.97 -0.211045 0.175817 0.274685
17.98 -0.221728 0.162295 0.274778
17.99 -0.231545 0.148121 0.274869
18 -0.240456 0.133351 0.274958
18.01 -0.248425 0.118044 0.275044
18.02 -0.25542 0.102258 0.275129
18.03 -0.26141 0.0860566 0.275211
18.04 -0.266372 0.0695037 0.275291
18.05 -0.270286 0.0526637 0.275369
18.06 -0.273133 0.0356039 0.275444
18.07 -0.274903 0.0183916 0.275517
18.08 -0.275586 0.00109499 0.275588
18.09 -0.275179 -0.0162173 0.275657
18.1 -0.273683 -0.0334764 0.275723
18.11 -0.271103 -0.0506136 0.275787
18.12 -0.267447 -0.0675608 0.275849
18.13 -0.262731 -0.0842503 0.275909
18.14 -0.25697 -0.100616 0.275966
18.15 -0.250188 -0.116591 0.276021
18.16 -0.24241 -0.132113 0.276073
18.17 -0.233667 -0.147119 0.276124
18.18 -0.223993 -0.161549 0.276172
18.19 -0.213425 -0.175344 0.276217
18.2 -0.202005 -0.188451 0.276261
18.21 -0.189778 -0.200815 0.276301
18.22 -0.176793 -0.212387 0.27634
18.23 -0.163099 -0.22312 0.276376
18.24 -0.148752 -0.232972 0.276411
18.25 -0.133808 -0.2419 0.276442
18.26 -0.118327 -0.249871 0.276472
18.27 -0.102369 -0.25685 0.276498
18.28 -0.0859997 -0.26281 0.276523
18.29 -0.0692824 -0.267726 0.276545
18.3 -0.0522847 -0.271578 0.276565
18.31 -0.0350737 -0.27435 0.276583
18.32 -0.0177188 -0.27603 0.276598
18.33 -0.000288623 -0.276611 0.276611
18.34 0.0171461 -0.276089 0.276621
18.35 0.0345169 -0.274468 0.276629
18.36 0.051753 -0.271751 0.276635
18.37 0.068786 -0.26795 0.276638
18.38 0.0855473 -0.26308 0.276639
18.39 0.10197 -0.257159 0.276638
18.4 0.117987 -0.250211 0.276634
18.41 0.133535 -0.242263 0.276628
18.42 0.148552 -0.233346 0.276619
18.43 0.162976 -0.223498 0.276608
18.44 0.176749 -0.212754 0.276595
18.45 0.189817 -0.201161 0.276579
18.46 0.202126 -0.188762 0.276561
18.47 0.213626 -0.175609 0.27654
18.48 0.224272 -0.161752 0.276517
18.49 0.23402 -0.14725 0.276492
18.5 0.242831 -0.132158 0.276464
18.51 0.250668 -0.116537 0.276433
18.52 0.257501 -0.100452 0.276401
18.53 0.263302 -0.0839649 0.276366
18.54 0.268047 -0.0671437 0.276328
18.55 0.271716 -0.0500552 0.276288
18.56 0.274295 -0.0327686 0.276246
18.57 0.275774 -0.0153534 0.276201
18.58 0.276145 0.00212017 0.276153
18.59 0.275408 0.019582 0.276103
18.6 0.273566 0.036961 0.276051
18.61 0.270625 0.0541879 0.275997
18.62 0.266597 0.0711924 0.275939
18.63 0.261499 0.0879066 0.27588
18.64 0.255352 0.104262 0.275817
18.65 0.248179 0.120194 0.275753
18.66 0.240011 0.135637 0.275685
18.67 0.230879 0.150528 0.275616
18.68 0.220822 0.164809 0.275543
18.69 0.209879 0.178421 0.275469
18.7 0.198095 0.191308 0.275391
18.71 0.185518 0.20342 0.275311
18.72 0.172198 0.214706 0.275229
18.73 0.158191 0.225122 0.275144
18.74 0.143552 0.234625 0.275056
18.75 0.128341 0.243177 0.274966
18.76 0.11262 0.250743 0.274873
18.77 0.0964526 0.257293 0.274777
18.78 0.0799044 0.2628 0.274679
18.79 0.0630433 0.267243 0.274578
18.8 0.0459369 0.270604 0.274475
18.81 0.0286553 0.272868 0.274369
18.82 0.0112688 0.274029 0.27426
18.83 -0.00615224 0.274079 0.274148
18.84 -0.0235367 0.273022 0.274034
18.85 -0.0408141 0.27086 0.273917
18.86 -0.0579139 0.267603 0.273798
18.87 -0.0747669 0.263264 0.273675
18.88 -0.0913045 0.257863 0.27355
18.89 -0.10746 0.25142 0.273422
18.9 -0.123166 0.243964 0.273292
18.91 -0.138361 0.235524 0.273158
18.92 -0.152981 0.226136 0.273022
18.93 -0.166969 0.215839 0.272883
18.94 -0.180267 0.204674 0.272741
18.95 -0.192821 0.192689 0.272597
18.96 -0.20458 0.179931 0.272449
18.97 -0.215498 0.166455 0.272299
18.98 -0.225529 0.152315 0.272145
18.99 -0.234633 0.13757 0.271989
19 -0.242774 0.12228 0.27183
19.01 -0.24992 0.106509 0.271669
19.02 -0.25604 0.0903198 0.271504
19.03 -0.261112 0.0737809 0.271336
19.04 -0.265116 0.0569593 0.271166
19.05 -0.268035 0.039925 0.270992
19.06 -0.269859 0.0227467 0.270816
19.07 -0.270581 0.00549603 0.270636
19.08 -0.270199 -0.011757 0.270454
19.09 -0.268715 -0.0289409 0.270269
19.1 -0.266137 -0.0459861 0.270081
19.11 -0.262476 -0.0628221 0.26989
19.12 -0.257749 -0.0793802 0.269696
19.13 -0.251975 -0.0955929 0.269499
19.14 -0.245181 -0.111394 0.269299
19.15 -0.237393 -0.126718 0.269096
19.16 -0.228645 -0.141504 0.268891
19.17 -0.218975 -0.155691 0.268682
19.18 -0.208424 -0.169221 0.26847
19.19 -0.197035 -0.182039 0.268255
19.2 -0.184856 -0.194094 0.268038
19.21 -0.171939 -0.205336 0.267817
19.22 -0.158337 -0.215721 0.267593
19.23 -0.144108 -0.225207 0.267367
19.24 -0.12931 -0.233755 0.267137
19.25 -0.114006 -0.241332 0.266905
19.26 -0.0982585 -0.247907 0.266669
19.27 -0.0821343 -0.253455 0.266431
19.28 -0.0656994 -0.257954 0.266189
19.29 -0.049023 -0.261388 0.265945
19.3 -0.0321732 -0.263743 0.265698
19.31 -0.0152206 -0.265011 0.265447
19.32 0.00176508 -0.265188 0.265194
19.33 0.0187133 -0.264276 0.264938
19.34 0.0355545 -0.26228 0.264679
19.35 0.0522185 -0.259209 0.264417
19.36 0.0686376 -0.255078 0.264152
19.37 0.0847433 -0.249906 0.263883
19.38 0.10047 -0.243716 0.263613
19.39 0.115753 -0.236534 0.263339
19.4 0.130531 -0.228393 0.263062
19.41 0.144741 -0.219327 0.262782
19.42 0.158328 -0.209376 0.262499
19.43 0.171234 -0.198581 0.262213
19.44 0.183409 -0.186991 0.261925
19.45 0.194802 -0.174654 0.261633
19.46 0.205368 -0.161622 0.261338
19.47 0.215065 -0.14795 0.261041
19.48 0.223854 -0.133698 0.26074
19.49 0.231699 -0.118924 0.260437
19.5 0.23857 -0.103692 0.26013
19.51 0.244441 -0.0880643 0.259821
19.52 0.249289 -0.0721082 0.259508
19.53 0.253096 -0.0558902 0.259193
19.54 0.255847 -0.039478 0.258875
19.55 0.257534 -0.0229407 0.258554
19.56 0.258151 -0.00634684 0.258229
19.57 0.257699 0.0102337 0.257902
19.58 0.25618 0.0267327 0.257571
19.59 0.253605 0.0430807 0.257238
19.6 0.249985 0.0592107 0.256902
19.61 0.245338 0.0750552 0.256562
19.62 0.239686 0.0905493 0.25622
19.63 0.233054 0.105629 0.255874
19.64 0.225473 0.120232 0.255526
19.65 0.216975 0.134298 0.255174
19.66 0.207599 0.14777 0.25482
19.67 0.197385 0.160593 0.254462
19.68 0.186379 0.172715 0.254102
19.69 0.174627 0.184087 0.253738
19.7 0.162182 0.194663 0.253371
19.71 0.149097 0.2044 0.253001
19.72 0.135428 0.213261 0.252628
19.73 0.121233 0.221209 0.252251
19.74 0.106574 0.228213 0.251872
19.75 0.0915131 0.234248 0.251489
19.76 0.0761148 0.23929 0.251103
19.77 0.060444 0.243319 0.250715
19.78 0.0445677 0.246323 0.250322
19.79 0.0285527 0.248291 0.249927
19.8 0.012467 0.249217 0.249529
19.81 -0.00362207 0.249101 0.249127
19.82 -0.0196465 0.247945 0.248722
19.83 -0.0355391 0.245758 0.248315
19.84 -0.0512337 0.242551 0.247903
19.85 -0.0666643 0.238341 0.247489
19.86 -0.0817673 0.233148 0.247071
19.87 -0.0964793 0.226998 0.24665
19.88 -0.11074 0.219918 0.246226
19.89 -0.124491 0.211941 0.245798
19.9 -0.137674 0.203104 0.245368
19.91 -0.150237 0.193446 0.244934
19.92 -0.162129 0.183011 0.244497
19.93 -0.1733 0.171844 0.244056
19.94 -0.183707 0.159997 0.243613
19.95 -0.193307 0.147519 0.243166
19.96 -0.202063 0.134468 0.242716
19.97 -0.209939 0.120898 0.242262
19.98 -0.216907 0.10687 0.241806
19.99 -0.222939 0.0924443 0.241346
20 -0.228012 0.0776833 0.240882
20.01 -0.232109 0.0626501 0.240416
20.02 -0.235216 0.0474101 0.239946
20.03 -0.237322 0.0320279 0.239473
20.04 -0.238422 0.0165697 0.238997
20.05 -0.238515 0.00110081 0.238518
20.06 -0.237604 -0.0143126 0.238035
20.07 -0.235697 -0.0296057 0.237549
20.08 -0.232804 -0.0447138 0.237059
20.09 -0.228943 -0.0595735 0.236567
20.1 -0.224132 -0.0741225 0.236071
20.11 -0.218397 -0.0883003 0.235572
20.12 -0.211764 -0.102048 0.23507
20.13 -0.204266 -0.115308 0.234564
20.14 -0.195937 -0.128027 0.234056
20.15 -0.186816 -0.140152 0.233544
20.16 -0.176945 -0.151634 0.233029
20.17 -0.166369 -0.162427 0.23251
20.18 -0.155136 -0.172487 0.231989
20.19 -0.143296 -0.181775 0.231464
20.2 -0.130902 -0.190254 0.230937
20.21 -0.11801 -0.19789 0.230406
20.22 -0.104676 -0.204656 0.229872
20.23 -0.0909591 -0.210525 0.229335
20.24 -0.0769195 -0.215477 0.228795
20.25 -0.0626182 -0.219494 0.228251
20.26 -0.0481179 -0.222563 0.227705
20.27 -0.0334807 -0.224674 0.227155
20.28 -0.0187709 -0.225824 0.226602
20.29 -0.00405035 -0.22601 0.226047
20.3 0.0106167 -0.225238 0.225488
20.31 0.0251687 -0.223514 0.224926
20.32 0.0395431 -0.220849 0.224361
20.33 0.0536799 -0.21726 0.223794
20.34 0.0675189 -0.212766 0.223222
20.35 0.0810027 -0.207391 0.222649
20.36 0.0940747 -0.201161 0.222072
20.37 0.106681 -0.194108 0.221492
20.38 0.11877 -0.186265 0.220909
20.39 0.130291 -0.17767 0.220323
20.4 0.141199 -0.168362 0.219734
20.41 0.151449 -0.158388 0.219143
20.42 0.161001 -0.14779 0.218548
20.43 0.169816 -0.136619 0.21795
20.44 0.177861 -0.124926 0.21735
20.45 0.185104 -0.112762 0.216746
20.46 0.191519 -0.100184 0.21614
20.47 0.197082 -0.0872463 0.21553
20.48 0.201774 -0.0740076 0.214918
20.49 0.205578 -0.060526 0.214303
20.5 0.208484 -0.0468612 0.213685
20.51 0.210482 -0.0330728 0.213064
20.52 0.211569 -0.0192213 0.21244
20.53 0.211745 -0.00536627 0.211813
20.54 0.211016 0.00843171 0.211184
20.55 0.209387 0.022114 0.210551
20.56 0.206872 0.0356215 0.209916
20.57 0.203485 0.0488976 0.209278
20.58 0.199247 0.0618849 0.208637
20.59 0.194181 0.0745301 0.207993
20.6 0.188312 0.0867793 0.207346
20.61 0.181672 0.0985823 0.206696
20.62 0.174293 0.10989 0.206044
20.63 0.166212 0.120657 0.205388
20.64 0.157466 0.130839 0.20473
20.65 0.1481 0.140395 0.204069
20.66 0.138155 0.149288 0.203405
20.67 0.12768 0.157482 0.202739
20.68 0.116723 0.164947 0.202069
20.69 0.105335 0.171654 0.201397
20.7 0.0935672 0.177579 0.200722
20.71 0.0814737 0.182701 0.200044
20.72 0.0691088 0.187002 0.199364
20.73 0.0565287 0.190469 0.19868
20.74 0.0437888 0.193091 0.197994
20.75 0.030946 0.194863 0.197305
20.76 0.0180574 0.195783 0.196614
20.77 0.00517881 0.195851 0.19592
20.78 -0.00763296 0.195074 0.195223
20.79 -0.0203229 0.193459 0.194523
20.8 -0.0328359 0.191019 0.193821
20.81 -0.0451188 0.187772 0.193116
20.82 -0.0571189 0.183735 0.192409
20.83 -0.0687864 0.178932 0.191699
20.84 -0.0800714 0.17339 0.190986
20.85 -0.090928 0.167138 0.190271
20.86 -0.101311 0.160207 0.189553
20.87 -0.111179 0.152634 0.188832
20.88 -0.12049 0.144455 0.188109
20.89 -0.12921 0.135711 0.187384
20.9 -0.137303 0.126444 0.186656
20.91 -0.144739 0.1167 0.185926
20.92 -0.15149 0.106523 0.185193
20.93 -0.15753 0.0959626 0.184457
20.94 -0.162839 0.085067 0.18372
20.95 -0.167398 0.0738875 0.18298
20.96 -0.171194 0.0624746 0.182237
20.97 -0.174214 0.0508811 0.181492
20.98 -0.176453 0.0391586 0.180746
20.99 -0.177904 0.0273607 0.179996
21 -0.17857 0.0155392 0.179245
21.01 -0.178451 0.00374712 0.178491
21.02 -0.177556 -0.0079642 0.177735
21.03 -0.175894 -0.0195432 0.176976
21.04 -0.173479 -0.0309401 0.176216
21.05 -0.170326 -0.0421062 0.175454
21.06 -0.166457 -0.052993 0.174689
21.07 -0.161894 -0.0635558 0.173923
21.08 -0.156663 -0.0737494 0.173154
21.09 -0.150792 -0.0835325 0.172383
21.1 -0.144314 -0.0928645 0.171611
21.11 -0.13726 -0.101708 0.170836
21.12 -0.129669 -0.110028 0.17006
21.13 -0.121578 -0.117793 0.169281
21.14 -0.113026 -0.124971 0.168501
21.15 -0.104057 -0.131536 0.167719
21.16 -0.0947134 -0.137465 0.166935
21.17 -0.0850404 -0.142737 0.16615
21.18 -0.0750834 -0.147333 0.165362
21.19 -0.0648899 -0.15124 0.164573
21.2 -0.0545065 -0.154447 0.163783
21.21 -0.0439822 -0.156944 0.16299
21.22 -0.0333642 -0.158728 0.162197
21.23 -0.0227014 -0.159797 0.161401
21.24 -0.0120413 -0.160152 0.160604
21.25 -0.00143182 -0.1598 0.159806
21.26 0.00908046 -0.158747 0.159006
21.27 0.0194492 -0.157005 0.158205
21.28 0.0296298 -0.154589 0.157403
21.29 0.039578 -0.151515 0.156598
21.3 0.0492519 -0.147803 0.155793
21.31 0.0586107 -0.143477 0.154987
21.32 0.0676154 -0.138562 0.154179
21.33 0.0762293 -0.133084 0.15337
21.34 0.0844173 -0.127076 0.15256
21.35 0.0921476 -0.120567 0.151749
21.36 0.0993888 -0.113594 0.150936
21.37 0.106115 -0.106191 0.150123
21.38 0.112299 -0.0983964 0.149308
21.39 0.11792 -0.0902491 0.148493
21.4 0.122958 -0.0817892 0.147676
21.41 0.127396 -0.0730583 0.146858
21.42 0.131221 -0.0640981 0.14604
21.43 0.134422 -0.0549518 0.145221
21.44 0.13699 -0.045662 0.1444
21.45 0.138922 -0.036273 0.143579
21.46 0.140214 -0.0268272 0.142757
21.47 0.140868 -0.0173688 0.141935
21.48 0.140888 -0.00793981 0.141111
21.49 0.14028 0.0014165 0.140287
21.5 0.139055 0.0106597 0.139463
21.51 0.137224 0.0197481 0.138637
21.52 0.134802 0.028643 0.137812
21.53 0.131807 0.0373058 0.136985
21.54 0.12826 0.0457 0.136158
21.55 0.124181 0.0537904 0.135331
21.56 0.119597 0.0615438 0.134503
21.57 0.114532 0.0689288 0.133674
21.58 0.109017 0.075916 0.132846
21.59 0.103081 0.0824782 0.132016
21.6 0.0967563 0.0885903 0.131187
21.61 0.0900759 0.0942303 0.130357
21.62 0.083075 0.0993772 0.129527
21.63 0.0757889 0.104014 0.128697
21.64 0.0682547 0.108125 0.127866
21.65 0.0605094 0.1117 0.127036
21.66 0.0525911 0.114725 0.126205
21.67 0.0445386 0.117197 0.125375
21.68 0.0363896 0.119109 0.124544
21.69 0.0281834 0.12046 0.123713
21.7 0.0199577 0.121251 0.122882
21.71 0.011751 0.121485 0.122052
21.72 0.00360029 0.121168 0.121221
21.73 -0.00445721 0.120308 0.120391
21.74 -0.0123865 0.118918 0.119561
21.75 -0.0201515 0.117008 0.118731
21.76 -0.0277201 0.114597 0.117902
21.77 -0.0350587 0.1117 0.117072
21.78 -0.0421374 0.108338 0.116244
21.79 -0.0489264 0.104532 0.115415
21.8 -0.0553987 0.100306 0.114588
21.81 -0.0615284 0.0956852 0.11376
21.82 -0.0672918 0.0906965 0.112934
21.83 -0.0726677 0.0853671 0.112108
21.84 -0.0776358 0.0797272 0.111282
21.85 -0.0821794 0.0738067 0.110458
21.86 -0.086283 0.0676372 0.109634
21.87 -0.0899339 0.0612507 0.108811
21.88 -0.0931214 0.0546801 0.107988
21.89 -0.0958377 0.0479579 0.107167
21.9 -0.0980761 0.0411183 0.106347
21.91 -0.0998342 0.0341942 0.105528
21.92 -0.10111 0.0272192 0.104709
21.93 -0.101904 0.0202267 0.103892
21.94 -0.102221 0.0132491 0.103076
21.95 -0.102066 0.00631924 0.102262
21.96 -0.101447 -0.000531938 0.101448
21.97 -0.100373 -0.0072728 0.100636
21.98 -0.0988566 -0.0138745 0.0998255
21.99 -0.0969113 -0.0203075 0.0990161
22 -0.094553 -0.0265449 0.0982084
22.01 -0.0917988 -0.0325601 0.0974021
22.02 -0.0886679 -0.0383286 0.0965975
22.03 -0.0851807 -0.043827 0.0957944
22.04 -0.0813593 -0.0490343 0.0949931
22.05 -0.0772265 -0.0539298 0.0941932
22.06 -0.0728075 -0.0584964 0.0933957
22.07 -0.0681264 -0.0627172 0.0925994
22.08 -0.0632105 -0.0665782 0.0918053
22.09 -0.0580859 -0.070067 0.091013
22.1 -0.0527809 -0.0731732 0.0902228
22.11 -0.0473226 -0.0758887 0.0894345
22.12 -0.04174 -0.0782066 0.0886482
22.13 -0.0360609 -0.0801233 0.0878643
22.14 -0.0303141 -0.0816356 0.0870822
22.15 -0.0245276 -0.0827438 0.0863026
22.16 -0.0187296 -0.083449 0.085525
22.17 -0.0129477 -0.083755 0.0847499
22.18 -0.00720899 -0.0836669 0.0839769
22.19 -0.0015398 -0.0831923 0.0832066
22.2 0.00403408 -0.0823394 0.0824382
22.21 0.00948766 -0.0811199 0.0816728
22.22 0.0147979 -0.0795448 0.0809096
22.23 0.0199409 -0.0776287 0.080149
22.24 0.0248965 -0.0753863 0.079391
22.25 0.0296431 -0.0728343 0.0786355
22.26 0.0341631 -0.0699902 0.077883
22.27 0.038438 -0.0668728 0.0771327
22.28 0.0424525 -0.0635023 0.0763856
22.29 0.0461917 -0.0598988 0.0756409
22.3 0.0496433 -0.0560843 0.0748993
22.31 0.0527955 -0.0520804 0.0741602
22.32 0.0556391 -0.0479104 0.0734243
22.33 0.0581661 -0.0435968 0.072691
22.34 0.0603704 -0.0391636 0.0719609
22.35 0.0622472 -0.0346335 0.0712334
22.36 0.0637941 -0.0300312 0.0705093
22.37 0.0650099 -0.0253789 0.0697881
22.38 0.0658945 -0.0207012 0.0690697
22.39 0.066451 -0.0160203 0.0683549
22.4 0.066682 -0.0113594 0.0676426
22.41 0.0665938 -0.0067401 0.0669341
22.42 0.0661921 -0.00218425 0.0662282
22.43 0.065486 0.00228731 0.065526
22.44 0.0644842 0.00665492 0.0648267
22.45 0.063198 0.0108991 0.064131
22.46 0.0616389 0.0150021 0.0634383
22.47 0.0598204 0.0189465 0.0627492
22.48 0.0577565 0.0227168 0.0620634
22.49 0.0554623 0.0262977 0.0613811
22.5 0.0529534 0.0296762 0.0607021
22.51 0.0502471 0.0328394 0.0600266
22.52 0.0473603 0.0357773 0.0593549
22.53 0.0443107 0.0384791 0.0586863
22.54 0.0411174 0.0409376 0.0580218
22.55 0.0377981 0.0431453 0.0573604
22.56 0.0343726 0.0450971 0.056703
22.57 0.0308594 0.0467886 0.0560489
22.58 0.0272782 0.0482174 0.0553987
22.59 0.0236475 0.0493821 0.0547521
22.6 0.0199868 0.0502827 0.0541093
22.61 0.0163143 0.0509207 0.0534703
22.62 0.0126488 0.0512986 0.052835
22.63 0.00900782 0.0514206 0.0522036
22.64 0.00540923 0.0512915 0.051576
22.65 0.00186936 0.050918 0.0509523
22.66 -0.00159486 0.050307 0.0503323
22.67 -0.00496879 0.0494678 0.0497167
22.68 -0.00823735 0.0484086 0.0491045
22.69 -0.0113866 0.047141 0.0484966
22.7 -0.0144041 0.0456751 0.0478925
22.71 -0.0172775 0.0440237 0.0472927
22.72 -0.0199963 0.0421988 0.0466968
22.73 -0.02255 0.0402139 0.0461049
22.74 -0.0249305 0.0380827 0.0455173
22.75 -0.0271295 0.0358194 0.0449337
22.76 -0.029141 0.0334383 0.0443545
22.77 -0.0309588 0.0309543 0.0437791
22.78 -0.032579 0.0283824 0.0432083
22.79 -0.033998 0.0257375 0.0426414
22.8 -0.0352142 0.0230349 0.042079
22.81 -0.0362255 0.0202893 0.0415204
22.82 -0.0370332 0.0175162 0.0409668
22.83 -0.0376374 0.0147293 0.0404169
22.84 -0.0380405 0.0119441 0.0398716
22.85 -0.0382458 0.00917349 0.0393306
22.86 -0.0382568 0.00643208 0.0387938
22.87 -0.0380791 0.00373219 0.0382616
22.88 -0.0377178 0.001087 0.0377335
22.89 -0.0371801 -0.00149195 0.03721
22.9 -0.0364729 -0.00399295 0.0366908
22.91 -0.0356046 -0.00640574 0.0361762
22.92 -0.0345833 -0.00872011 0.0356657
22.93 -0.033419 -0.010927 0.03516
22.94 -0.0321207 -0.013018 0.0346585
22.95 -0.0306993 -0.0149857 0.0341617
22.96 -0.0291646 -0.0168232 0.0336689
22.97 -0.0275285 -0.0185246 0.033181
22.98 -0.0258012 -0.0200854 0.0326975
22.99 -0.0239945 -0.0215006 0.0322182
23 -0.0221198 -0.022768 0.0317438
23.01 -0.0201884 -0.0238842 0.0312734
23.02 -0.0182121 -0.0248486 0.030808
23.03 -0.0162019 -0.0256596 0.0303466
23.04 -0.0141695 -0.026318 0.02989
23.05 -0.0121257 -0.0268242 0.0294376
23.06 -0.0100817 -0.0271804 0.0289899
23.07 -0.00804747 -0.0273886 0.0285464
23.08 -0.00603402 -0.0274522 0.0281075
23.09 -0.0040505 -0.027375 0.027673
23.1 -0.00210687 -0.0271614 0.027243
23.11 -0.000211496 -0.0268164 0.0268172
23.12 0.00162634 -0.0263458 0.0263959
23.13 0.00339975 -0.0257559 0.0259793
23.14 0.00510062 -0.0250526 0.0255666
23.15 0.00672262 -0.024244 0.0251588
23.16 0.00825952 -0.0233363 0.0247549
23.17 0.00970573 -0.0223382 0.0243556
23.18 0.0110566 -0.021257 0.0239605
23.19 0.0123077 -0.0201013 0.0235699
23.2 0.0134556 -0.0188791 0.0231835
23.21 0.0144973 -0.0175993 0.0228014
23.22 0.0154308 -0.0162699 0.0224237
23.23 0.0162541 -0.0149 0.0220501
23.24 0.0169668 -0.0134977 0.0216809
23.25 0.0175682 -0.0120717 0.0213159
23.26 0.0180588 -0.01063 0.0209552
23.27 0.0184391 -0.0091812 0.0205984
23.28 0.0187113 -0.00773297 0.0202463
23.29 0.0188767 -0.00629275 0.0198979
23.3 0.0189383 -0.00486872 0.0195541
23.31 0.0188987 -0.00346702 0.0192141
23.32 0.0187617 -0.00209533 0.0188784
23.33 0.0185312 -0.000759343 0.0185468
23.34 0.0182113 0.000534423 0.0182191
23.35 0.0178068 0.0017807 0.0178956
23.36 0.0173227 0.0029741 0.0175761
23.37 0.0167643 0.00411034 0.0172608
23.38 0.0161368 0.00518463 0.0169493
23.39 0.0154465 0.00619371 0.016642
23.4 0.0146987 0.00713404 0.0163385
23.41 0.0138998 0.00800307 0.0160391
23.42 0.0130555 0.0087981 0.0157433
23.43 0.0121726 0.00951777 0.0154519
23.44 0.0112565 0.0101607 0.015164
23.45 0.0103141 0.0107256 0.0148801
23.46 0.00935081 0.0112128 0.0146002
23.47 0.00837316 0.0116216 0.0143238
23.48 0.00738682 0.0119533 0.0140515
23.49 0.00639751 0.0122081 0.0137828
23.5 0.00541092 0.0123878 0.013518
23.51 0.00443236 0.0124939 0.0132568
23.52 0.00346688 0.0125288 0.0129996
23.53 0.00251931 0.0124943 0.0127457
23.54 0.00159451 0.0123937 0.0124959
23.55 0.000696343 0.0122296 0.0122494
23.56 -0.000170685 0.0120056 0.0120068
23.57 -0.00100337 0.0117246 0.0117675
23.58 -0.0017977 0.0113909 0.0115319
23.59 -0.00255151 0.0110081 0.0113
23.6 -0.00326118 0.01058 0.0110712
23.61 -0.00392526 0.0101112 0.0108464
23.62 -0.00454109 0.00960517 0.0106245
23.63 -0.00510742 0.00906697 0.0104065
23.64 -0.00562285 0.00850023 0.0101917
23.65 -0.00608636 0.00790964 0.00998029
23.66 -0.0064974 0.00729927 0.00977219
23.67 -0.0068558 0.00667365 0.00956763
23.68 -0.00716144 0.00603633 0.00936608
23.69 -0.00741462 0.00539213 0.00916797
23.7 -0.00761627 0.00474439 0.00897312
23.71 -0.00776685 0.00409737 0.00878136
23.72 -0.00786796 0.00345432 0.00859285
23.73 -0.00792057 0.00281924 0.00840735
23.74 -0.007927 0.00219514 0.00822533
23.75 -0.00788828 0.00158509 0.00804596
23.76 -0.0078073 0.000992392 0.00787012
23.77 -0.00768556 0.000419185 0.00769699
23.78 -0.00752589 -0.000131427 0.00752703
23.79 -0.00733059 -0.000657769 0.00736004
23.8 -0.00710218 -0.00115741 0.00719587
23.81 -0.00684355 -0.00162874 0.0070347
23.82 -0.00655745 -0.00207006 0.00687643
23.83 -0.0062465 -0.00248047 0.00672097
23.84 -0.0059137 -0.00285827 0.00656822
23.85 -0.00556203 -0.00320321 0.00641846
23.86 -0.00519401 -0.00351428 0.00627119
23.87 -0.00481283 -0.00379143 0.00612685
23.88 -0.00442101 -0.0040341 0.00598492
23.89 -0.00402175 -0.00424271 0.00584594
23.9 -0.00361705 -0.00441739 0.00570932
23.91 -0.00321027 -0.00455845 0.00557542
23.92 -0.00280321 -0.00466687 0.00544405
23.93 -0.00239881 -0.00474296 0.00531507
23.94 -0.00199908 -0.00478819 0.00518874
23.95 -0.00160617 -0.00480326 0.00506469
23.96 -0.00122232 -0.00478959 0.0049431
23.97 -0.000849371 -0.0047485 0.00482386
23.98 -0.00048878 -0.00468167 0.00470712
23.99 -0.000142507 -0.0045902 0.00459242
24 0.000188144 -0.00447633 0.00448028
24.01 0.000502064 -0.00434123 0.00437017
24.02 0.000797863 -0.00418712 0.00426246
24.03 0.00107483 -0.00401536 0.00415673
24.04 0.00133178 -0.00382822 0.00405326
24.05 0.0015687 -0.00362727 0.00395195
24.06 0.00178433 -0.00341443 0.00385255
24.07 0.00197907 -0.00319167 0.00375546
24.08 0.00215208 -0.00296051 0.00366006
24.09 0.00230372 -0.00272316 0.0035669
24.1 0.00243397 -0.00248098 0.00347555
24.11 0.00254286 -0.00223595 0.00338609
24.12 0.00263084 -0.00198962 0.00329847
24.13 0.00269864 -0.00174374 0.00321299
24.14 0.00274634 -0.00149943 0.00312901
24.15 0.0027749 -0.00125869 0.00304702
24.16 0.0027851 -0.00102226 0.00296678
24.17 0.00277755 -0.000791906 0.00288824
24.18 0.00275341 -0.00056834 0.00281146
24.19 0.00271332 -0.000353053 0.0027362
24.2 0.00265885 -0.000146685 0.00266289
24.21 0.0025904 4.97564e-05 0.00259088
24.22 0.00250976 0.00023552 0.00252079
24.23 0.00241745 0.000410119 0.00245199
24.24 0.00231512 0.000572714 0.00238491
24.25 0.00220374 0.000723219 0.00231938
24.26 0.00208438 0.000860987 0.00225521
24.27 0.00195836 0.000985932 0.00219254
24.28 0.00182703 0.00109783 0.0021315
24.29 0.00169101 0.00119688 0.00207172
24.3 0.00155183 0.00128267 0.00201331
24.31 0.00141046 0.0013559 0.00195649
24.32 0.00126779 0.00141619 0.00190076
24.33 0.00112505 0.0014643 0.0018466
24.34 0.000982862 0.00150015 0.00179345
24.35 0.000842616 0.00152447 0.00174184
24.36 0.000704553 0.00153757 0.0016913
24.37 0.000570022 0.00153999 0.0016421
24.38 0.000439181 0.00153239 0.00159408
24.39 0.000313175 0.00151516 0.00154719
24.4 0.000192325 0.00148926 0.00150162
24.41 7.70563e-05 0.00145498 0.00145702
24.42 -3.19472e-05 0.00141326 0.00141362
24.43 -0.000134274 0.00136472 0.00137131
24.44 -0.000230006 0.00131015 0.00133018
24.45 -0.000318442 0.00125 0.00128992
24.46 -0.000399567 0.0011854 0.00125093
24.47 -0.000473342 0.00111657 0.00121276
24.48 -0.000539465 0.00104462 0.00117569
24.49 -0.000598229 0.000969881 0.00113954
24.5 -0.000649262 0.000893314 0.00110433
24.51 -0.000693113 0.000815395 0.00107018
24.52 -0.000729515 0.000736765 0.00103683
24.53 -0.000759046 0.000658019 0.00100456
24.54 -0.000781511 0.000579594 0.000972979
24.55 -0.000797422 0.000502219 0.000942393
24.56 -0.000807111 0.000426039 0.000912654
24.57 -0.000810647 0.000351771 0.000883681
24.58 -0.000808415 0.000279761 0.000855454
24.59 -0.0008011 0.000210321 0.000828249
24.6 -0.000788593 0.000143683 0.000801575
24.61 -0.000771591 8.04366e-05 0.000775772
24.62 -0.00075044 2.03886e-05 0.000750717
24.63 -0.000725404 -3.58112e-05 0.000726287
24.64 -0.000697148 -8.83822e-05 0.000702728
24.65 -0.00066571 -0.000136848 0.00067963
24.66 -0.000631889 -0.000181346 0.000657396
24.67 -0.000595742 -0.000221744 0.000635672
24.68 -0.000557979 -0.000258048 0.000614759
24.69 -0.000518591 -0.000290266 0.000594299
24.7 -0.000478251 -0.000318292 0.000574485
24.71 -0.000437256 -0.000342471 0.000555409
24.72 -0.000395768 -0.000362556 0.00053673
24.73 -0.000354195 -0.000378775 0.000518579
24.74 -0.000313086 -0.000391344 0.000501172
24.75 -0.000272251 -0.0004004 0.000484191
24.76 -0.000232326 -0.000405888 0.000467676
24.77 -0.000193388 -0.000408387 0.000451862
24.78 -0.000155577 -0.000407626 0.000436306
24.79 -0.000119317 -0.000404231 0.000421472
24.8 -8.44214e-05 -0.000398025 0.00040688
24.81 -5.1418e-05 -0.000389479 0.000392858
24.82 -2.01362e-05 -0.000378738 0.000379272
24.83 9.07155e-06 -0.00036602 0.000366132
24.84 3.64317e-05 -0.000351498 0.000353381
24.85 6.15638e-05 -0.000335347 0.000340951
24.86 8.45438e-05 -0.000318013 0.000329059
24.87 0.000105428 -0.000299375 0.000317396
24.88 0.000124122 -0.000279835 0.000306128
24.89 0.000140447 -0.00025967 0.000295218
24.9 0.000154843 -0.000238994 0.000284771
24.91 0.000166956 -0.000217852 0.00027447
24.92 0.000177027 -0.000196754 0.000264671
24.93 0.000185157 -0.000175437 0.000255071
24.94 0.000191171 -0.00015451 0.000245804
24.95 0.000195525 -0.000133708 0.000236871
24.96 0.000197923 -0.000113441 0.000228128
24.97 0.000198746 -9.38008e-05 0.000219769
24.98 0.000197924 -7.48209e-05 0.000211594
24.99 0.000195784 -5.65995e-05 0.000203801
25 0.000192196 -3.92241e-05 0.000196158
25.01 0.000187411 -2.29511e-05 0.000188811
25.02 0.000181603 -7.51269e-06 0.000181758
25.03 0.000174795 6.8001e-06 0.000174927
25.04 0.000167027 1.99387e-05 0.000168213
25.05 0.000158721 3.20024e-05 0.000161915
25.06 0.000149657 4.30184e-05 0.000155717
25.07 0.00014014 5.275e-05 0.000149739
25.08 0.000130284 6.1545e-05 0.000144089
25.09 0.000119981 6.89816e-05 0.000138397
25.1 0.000109675 7.54938e-05 0.000133146
25.11 9.91155e-05 8.08413e-05 0.000127903
25.12 8.86335e-05 8.50567e-05 0.000122844
25.13 7.82138e-05 8.83445e-05 0.000117992
25.14 6.8033e-05 9.06798e-05 0.000113364
25.15 5.80088e-05 9.20989e-05 0.000108845
25.16 4.8308e-05 9.25453e-05 0.000104395
25.17 3.90122e-05 9.23623e-05 0.000100263
25.18 3.00908e-05 9.13658e-05 9.61934e-05
25.19 2.15672e-05 8.96358e-05 9.2194e-05
25.2 1.36883e-05 8.73859e-05 8.84515e-05
25.21 6.20076e-06 8.46216e-05 8.48485e-05
25.22 -6.77495e-07 8.12796e-05 8.12824e-05
25.23 -6.97261e-06 7.7674e-05 7.79863e-05
25.24 -1.28171e-05 7.349e-05 7.45993e-05
25.25 -1.7926e-05 6.92321e-05 7.15152e-05
25.26 -2.25846e-05 6.46614e-05 6.84921e-05
25.27 -2.66152e-05 5.98551e-05 6.55057e-05
25.28 -3.00848e-05 5.50648e-05 6.27473e-05
25.29 -3.29931e-05 5.02165e-05 6.00853e-05
25.3 -3.54546e-05 4.53175e-05 5.75387e-05
25.31 -3.73854e-05 4.0372e-05 5.50233e-05
25.32 -3.88322e-05 3.56404e-05 5.27084e-05
25.33 -3.98512e-05 3.0928e-05 5.04446e-05
25.34 -4.04842e-05 2.62994e-05 4.82766e-05
25.35 -4.06002e-05 2.19268e-05 4.61428e-05
25.36 -4.04968e-05 1.77357e-05 4.42103e-05
25.37 -3.99827e-05 1.36811e-05 4.22586e-05
25.38 -3.91831e-05 9.98109e-06 4.04344e-05
25.39 -3.82071e-05 6.30308e-06 3.87235e-05
25.4 -3.68471e-05 3.13626e-06 3.69803e-05
25.41 -3.54136e-05 1.16623e-07 3.54138e-05
25.42 -3.37428e-05 -2.70606e-06 3.38512e-05
25.43 -3.19356e-05 -5.12143e-06 3.23436e-05
25.44 -3.00219e-05 -7.32491e-06 3.09026e-05
25.45 -2.80743e-05 -9.3256e-06 2.95826e-05
25.46 -2.60156e-05 -1.11206e-05 2.82927e-05
25.47 -2.39249e-05 -1.25413e-05 2.70127e-05
25.48 -2.18136e-05 -1.38092e-05 2.58172e-05
25.49 -1.97272e-05 -1.48669e-05 2.4702e-05
25.5 -1.75744e-05 -1.56346e-05 2.35223e-05
25.51 -1.5577e-05 -1.62196e-05 2.24882e-05
25.52 -1.35624e-05 -1.66632e-05 2.14849e-05
25.53 -1.16154e-05 -1.6838e-05 2.04557e-05
25.54 -9.81614e-06 -1.70466e-05 1.96708e-05
25.55 -7.95163e-06 -1.68477e-05 1.86299e-05
25.56 -6.2934e-06 -1.66607e-05 1.78097e-05
25.57 -4.67253e-06 -1.64207e-05 1.70725e-05
25.58 -3.14008e-06 -1.59033e-05 1.62103e-05
25.59 -1.74023e-06 -1.53778e-05 1.5476e-05
25.6 -4.55843e-07 -1.47894e-05 1.47964e-05
25.61 7.68992e-07 -1.41197e-05 1.41406e-05
25.62 1.87143e-06 -1.32771e-05 1.34083e-05
25.63 2.88009e-06 -1.24594e-05 1.2788e-05
25.64 3.75832e-06 -1.16047e-05 1.21981e-05
25.65 4.58253e-06 -1.06813e-05 1.16228e-05
25.66 5.20799e-06 -9.75927e-06 1.10619e-05
25.67 5.79277e-06 -8.85999e-06 1.05856e-05
25.68 6.28852e-06 -7.88846e-06 1.00883e-05
25.69 6.6237e-06 -7.07684e-06 9.69304e-06
25.7 6.99713e-06 -6.01596e-06 9.22777e-06
25.71 7.17784e-06 -5.13933e-06 8.82803e-06
25.72 7.30921e-06 -4.34334e-06 8.5023e-06
25.73 7.38707e-06 -3.3733e-06 8.12083e-06
25.74 7.34579e-06 -2.58523e-06 7.78743e-06
25.75 7.27163e-06 -1.8225e-06 7.49654e-06
25.76 7.17185e-06 -1.1008e-06 7.25584e-06
25.77 7.00502e-06 -3.64668e-07 7.01451e-06
25.78 6.80824e-06 2.45053e-07 6.81265e-06
25.79 6.55351e-06 7.88654e-07 6.60079e-06
25.8 6.30316e-06 1.29382e-06 6.43458e-06
25.81 5.96553e-06 1.73934e-06 6.21392e-06
25.82 5.66955e-06 2.12448e-06 6.05452e-06
25.83 5.366e-06 2.47802e-06 5.91055e-06
25.84 5.00267e-06 2.66906e-06 5.67015e-06
25.85 4.71024e-06 3.02678e-06 5.59891e-06
25.86 4.3355e-06 3.13134e-06 5.34807e-06
25.87 3.96024e-06 3.13033e-06 5.04802e-06
25.88 3.63292e-06 3.28029e-06 4.89474e-06
25.89 3.2529e-06 3.19873e-06 4.56215e-06
25.9 2.91946e-06 3.10861e-06 4.26459e-06
25.91 2.61872e-06 2.98799e-06 3.97313e-06
25.92 2.28366e-06 2.85151e-06 3.65324e-06
25.93 1.98633e-06 2.63702e-06 3.30142e-06
25.94 1.67116e-06 2.37242e-06 2.90192e-06
25.95 1.40541e-06 2.09565e-06 2.52328e-06
25.96 1.11086e-06 1.81212e-06 2.12551e-06
25.97 8.90224e-07 1.49661e-06 1.74136e-06
25.98 6.70874e-07 1.1611e-06 1.34098e-06
25.99 4.22221e-07 7.22309e-07 8.3666e-07
26 2.40087e-07 4.7179e-07 5.29365e-07
