0 -0.000881034 -0.0157113 0.015736
0.01 -0.00176868 -0.0313597 0.0314095
0.02 -0.00266937 -0.0468822 0.0469582
0.03 -0.00358937 -0.0622168 0.0623202
0.04 -0.00453484 -0.0773018 0.0774347
0.05 -0.00551189 -0.0920768 0.0922416
0.06 -0.00652593 -0.106483 0.106682
0.07 -0.00758242 -0.120461 0.1207
0.08 -0.00868616 -0.133957 0.134238
0.09 -0.00984123 -0.146914 0.147244
0.1 -0.011052 -0.159283 0.159666
0.11 -0.0123214 -0.171013 0.171456
0.12 -0.0136522 -0.182056 0.182567
0.13 -0.0150466 -0.192369 0.192956
0.14 -0.0165059 -0.201909 0.202583
0.15 -0.0180307 -0.21064 0.21141
0.16 -0.0196211 -0.218524 0.219403
0.17 -0.0212761 -0.225531 0.226532
0.18 -0.0229944 -0.231632 0.232771
0.19 -0.0247734 -0.236803 0.238095
0.2 -0.02661 -0.241023 0.242487
0.21 -0.0285004 -0.244273 0.24593
0.22 -0.0304396 -0.246542 0.248414
0.23 -0.0324225 -0.24782 0.249932
0.24 -0.0344428 -0.2481 0.25048
0.25 -0.036493 -0.247383 0.25006
0.26 -0.038566 -0.245669 0.248678
0.27 -0.040653 -0.242967 0.246344
0.28 -0.0427453 -0.239285 0.243073
0.29 -0.044833 -0.234638 0.238883
0.3 -0.0469059 -0.229045 0.233799
0.31 -0.0489533 -0.222528 0.227849
0.32 -0.0509639 -0.215111 0.221066
0.33 -0.0529262 -0.206825 0.21349
0.34 -0.0548282 -0.197702 0.205164
0.35 -0.0566576 -0.187777 0.196138
0.36 -0.0584018 -0.177091 0.186472
0.37 -0.0600485 -0.165684 0.17623
0.38 -0.0615845 -0.153603 0.165489
0.39 -0.0629973 -0.140895 0.154338
0.4 -0.0642744 -0.127611 0.142884
0.41 -0.0654029 -0.113803 0.131258
0.42 -0.0663709 -0.0995248 0.119626
0.43 -0.0671662 -0.0848343 0.108204
0.44 -0.0677769 -0.0697891 0.0972842
0.45 -0.0681923 -0.0544489 0.0872633
0.46 -0.0684015 -0.0388747 0.0786766
0.47 -0.0683944 -0.023128 0.0721991
0.48 -0.0681616 -0.00727138 0.0685484
0.49 -0.0676946 0.00863232 0.0682428
0.5 -0.0669855 0.02452 0.0713322
0.51 -0.0660275 0.0403285 0.0773693
0.52 -0.0648143 0.0559952 0.0856525
0.53 -0.0633411 0.0714577 0.0954898
0.54 -0.0616039 0.0866548 0.106321
0.55 -0.0596 0.101526 0.117727
0.56 -0.0573277 0.116012 0.129404
0.57 -0.0547862 0.130056 0.141124
0.58 -0.0519765 0.143601 0.152718
0.59 -0.0489006 0.156593 0.164051
0.6 -0.0455617 0.168981 0.175016
0.61 -0.0419644 0.180716 0.185524
0.62 -0.0381146 0.191749 0.195501
0.63 -0.0340195 0.202039 0.204883
0.64 -0.0296876 0.211542 0.213615
0.65 -0.0251287 0.220222 0.221651
0.66 -0.0203538 0.228042 0.228949
0.67 -0.0153756 0.234973 0.235475
0.68 -0.0102076 0.240984 0.2412
0.69 -0.00486462 0.246053 0.246102
0.7 0.000637356 0.250159 0.25016
0.71 0.00628123 0.253284 0.253362
0.72 0.0120484 0.255415 0.255699
0.73 0.0179201 0.256544 0.257169
0.74 0.0238758 0.256664 0.257773
0.75 0.0298946 0.255775 0.257516
0.76 0.0359548 0.253879 0.256413
0.77 0.0420335 0.250983 0.254478
0.78 0.0481075 0.247096 0.251736
0.79 0.0541533 0.242234 0.248214
0.8 0.0601466 0.236415 0.243946
0.81 0.0660626 0.22966 0.238973
0.82 0.0718767 0.221995 0.233341
0.83 0.077564 0.213449 0.227105
0.84 0.0830994 0.204054 0.220326
0.85 0.0884581 0.193847 0.213076
0.86 0.0936151 0.182866 0.205436
0.87 0.0985464 0.171154 0.197497
0.88 0.103228 0.158756 0.189366
0.89 0.107635 0.145718 0.18116
0.9 0.111747 0.132091 0.173019
0.91 0.11554 0.117928 0.165096
0.92 0.118993 0.103283 0.157565
0.93 0.122087 0.0882127 0.150621
0.94 0.124801 0.0727744 0.144469
0.95 0.127118 0.0570279 0.139324
0.96 0.12902 0.0410341 0.135389
0.97 0.130494 0.0248544 0.132839
0.98 0.131523 0.00855132 0.131801
0.99 0.132097 -0.00781224 0.132327
1 0.132203 -0.0241732 0.134395
1.01 0.131834 -0.0404684 0.137905
1.02 0.130981 -0.056635 0.142701
1.03 0.129639 -0.0726104 0.148589
1.04 0.127804 -0.0883331 0.15536
1.05 0.125475 -0.103742 0.162808
1.06 0.122651 -0.118778 0.170738
1.07 0.119334 -0.133384 0.178974
1.08 0.11553 -0.147501 0.187359
1.09 0.111242 -0.161076 0.195756
1.1 0.106481 -0.174056 0.204043
1.11 0.101256 -0.186391 0.212119
1.12 0.0955786 -0.198034 0.219892
1.13 0.0894636 -0.208938 0.227286
1.14 0.082927 -0.219062 0.234233
1.15 0.0759868 -0.228366 0.240676
1.16 0.0686628 -0.236814 0.246567
1.17 0.0609767 -0.244373 0.251866
1.18 0.0529519 -0.251013 0.256538
1.19 0.0446137 -0.256709 0.260557
1.2 0.0359885 -0.261438 0.263903
1.21 0.0271049 -0.265181 0.266562
1.22 0.0179925 -0.267922 0.268526
1.23 0.00868192 -0.269652 0.269791
1.24 -0.000794137 -0.270361 0.270362
1.25 -0.0104027 -0.270048 0.270248
1.26 -0.0201095 -0.268711 0.269462
1.27 -0.0298793 -0.266356 0.268026
1.28 -0.0396762 -0.26299 0.265966
1.29 -0.0494639 -0.258625 0.263313
1.3 -0.0592055 -0.253277 0.260105
1.31 -0.0688638 -0.246966 0.256387
1.32 -0.0784015 -0.239714 0.252209
1.33 -0.0877812 -0.231548 0.247629
1.34 -0.0969657 -0.222498 0.242709
1.35 -0.105918 -0.212597 0.237521
1.36 -0.114602 -0.201882 0.232142
1.37 -0.122981 -0.190393 0.226658
1.38 -0.131021 -0.178173 0.22116
1.39 -0.138686 -0.165265 0.215746
1.4 -0.145945 -0.151719 0.21052
1.41 -0.152764 -0.137584 0.205588
1.42 -0.159113 -0.122914 0.201059
1.43 -0.164963 -0.107762 0.197042
1.44 -0.170286 -0.0921844 0.193637
1.45 -0.175056 -0.0762398 0.190937
1.46 -0.179248 -0.0599869 0.189019
1.47 -0.182841 -0.0434863 0.187941
1.48 -0.185815 -0.0267991 0.187737
1.49 -0.18815 -0.00998745 0.188415
1.5 -0.189832 0.0068865 0.189957
1.51 -0.190847 0.0237598 0.19232
1.52 -0.191184 0.0405702 0.195441
1.53 -0.190834 0.0572551 0.199238
1.54 -0.189791 0.0737525 0.203618
1.55 -0.188052 0.0900015 0.20848
1.56 -0.185616 0.105942 0.213722
1.57 -0.182485 0.121514 0.219241
1.58 -0.178663 0.136661 0.224937
1.59 -0.174156 0.151326 0.230716
1.6 -0.168976 0.165455 0.236491
1.61 -0.163134 0.178995 0.242182
1.62 -0.156645 0.191898 0.247714
1.63 -0.149527 0.204114 0.253023
1.64 -0.1418 0.215598 0.25805
1.65 -0.133487 0.226309 0.262744
1.66 -0.124612 0.236206 0.267061
1.67 -0.115204 0.245253 0.270963
1.68 -0.105291 0.253416 0.274419
1.69 -0.0949065 0.260665 0.277405
1.7 -0.0840831 0.266973 0.279901
1.71 -0.0728572 0.272317 0.281894
1.72 -0.0612664 0.276676 0.283378
1.73 -0.0493499 0.280035 0.284351
1.74 -0.0371488 0.282382 0.284815
1.75 -0.0247053 0.283706 0.28478
1.76 -0.0120627 0.284003 0.284259
1.77 0.000734008 0.283272 0.283273
1.78 0.0136393 0.281514 0.281844
1.79 0.0266068 0.278736 0.280003
1.8 0.0395897 0.274948 0.277784
1.81 0.0525405 0.270163 0.275224
1.82 0.0654117 0.264398 0.272369
1.83 0.0781554 0.257674 0.269266
1.84 0.0907243 0.250014 0.265966
1.85 0.103071 0.241447 0.262527
1.86 0.115149 0.232002 0.259007
1.87 0.126911 0.221715 0.255468
1.88 0.138314 0.210621 0.251976
1.89 0.149311 0.198761 0.248595
1.9 0.159862 0.186176 0.245392
1.91 0.169922 0.172912 0.24243
1.92 0.179454 0.159017 0.239771
1.93 0.188417 0.144541 0.237472
1.94 0.196776 0.129534 0.235584
1.95 0.204495 0.114051 0.23415
1.96 0.211543 0.0981474 0.233203
1.97 0.217889 0.0818795 0.232766
1.98 0.223506 0.0653055 0.232851
1.99 0.228367 0.0484846 0.233457
2 0.232451 0.0314766 0.234572
2.01 0.235737 0.0143424 0.236173
2.02 0.238209 -0.00285755 0.238226
2.03 0.239851 -0.0200616 0.240689
2.04 0.240654 -0.0372088 0.243514
2.05 0.240609 -0.0542385 0.246646
2.06 0.23971 -0.07109 0.250029
2.07 0.237955 -0.0877039 0.253603
2.08 0.235347 -0.104021 0.25731
2.09 0.231888 -0.119984 0.26109
2.1 0.227587 -0.135537 0.264888
2.11 0.222453 -0.150623 0.26865
2.12 0.216501 -0.165192 0.272325
2.13 0.209747 -0.17919 0.275868
2.14 0.202212 -0.192569 0.279235
2.15 0.193916 -0.205282 0.28239
2.16 0.184887 -0.217285 0.2853
2.17 0.175153 -0.228534 0.287935
2.18 0.164744 -0.238992 0.290272
2.19 0.153695 -0.248621 0.292292
2.2 0.142041 -0.257388 0.29398
2.21 0.129821 -0.265262 0.295326
2.22 0.117076 -0.272217 0.296326
2.23 0.10385 -0.278227 0.296977
2.24 0.0901858 -0.283274 0.297283
2.25 0.0761313 -0.287338 0.297252
2.26 0.0617346 -0.290406 0.296895
2.27 0.0470454 -0.292468 0.296228
2.28 0.0321149 -0.293518 0.295269
2.29 0.0169948 -0.293551 0.294042
2.3 0.00173834 -0.292568 0.292573
2.31 -0.0136008 -0.290573 0.290891
2.32 -0.0289682 -0.287574 0.289029
2.33 -0.0443096 -0.28358 0.287021
2.34 -0.0595702 -0.278606 0.284904
2.35 -0.0746955 -0.272671 0.282717
2.36 -0.089631 -0.265794 0.2805
2.37 -0.104323 -0.258001 0.278294
2.38 -0.118719 -0.249318 0.27614
2.39 -0.132765 -0.239776 0.274078
2.4 -0.146412 -0.229407 0.272147
2.41 -0.159608 -0.21825 0.270384
2.42 -0.172307 -0.206341 0.268824
2.43 -0.18446 -0.193722 0.267495
2.44 -0.196023 -0.180438 0.266426
2.45 -0.206952 -0.166534 0.265636
2.46 -0.217207 -0.152058 0.265143
2.47 -0.226749 -0.13706 0.264954
2.48 -0.235543 -0.121592 0.265075
2.49 -0.243553 -0.105706 0.265503
2.5 -0.250751 -0.0894582 0.26623
2.51 -0.257106 -0.0729035 0.267242
2.52 -0.262595 -0.0560986 0.26852
2.53 -0.267195 -0.0391011 0.27004
2.54 -0.270886 -0.0219689 0.271776
2.55 -0.273655 -0.00476038 0.273696
2.56 -0.275486 0.0124656 0.275768
2.57 -0.276372 0.0296508 0.277958
2.58 -0.276307 0.0467369 0.280232
2.59 -0.275287 0.0636658 0.282554
2.6 -0.273315 0.0803802 0.284889
2.61 -0.270393 0.096824 0.287206
2.62 -0.266529 0.112941 0.289471
2.63 -0.261735 0.128678 0.291657
2.64 -0.256025 0.143982 0.293734
2.65 -0.249416 0.1588 0.295679
2.66 -0.241929 0.173085 0.29747
2.67 -0.233588 0.186787 0.299087
2.68 -0.22442 0.199862 0.300515
2.69 -0.214455 0.212265 0.30174
2.7 -0.203725 0.223956 0.302754
2.71 -0.192266 0.234896 0.30355
2.72 -0.180117 0.245049 0.304124
2.73 -0.167318 0.254382 0.304475
2.74 -0.153911 0.262863 0.304608
2.75 -0.139943 0.270466 0.304526
2.76 -0.125461 0.277166 0.304239
2.77 -0.110513 0.282941 0.303757
2.78 -0.0951502 0.287772 0.303095
2.79 -0.0794255 0.291645 0.302267
2.8 -0.0633923 0.294548 0.301292
2.81 -0.0471054 0.296471 0.30019
2.82 -0.0306205 0.29741 0.298982
2.83 -0.0139944 0.297362 0.297691
2.84 0.00271625 0.296329 0.296341
2.85 0.0194535 0.294314 0.294956
2.86 0.0361602 0.291325 0.293561
2.87 0.0527787 0.287375 0.292181
2.88 0.0692517 0.282475 0.29084
2.89 0.0855223 0.276645 0.289563
2.9 0.101535 0.269904 0.28837
2.91 0.117233 0.262275 0.287283
2.92 0.132564 0.253784 0.286321
2.93 0.147474 0.244462 0.2855
2.94 0.161912 0.234338 0.284833
2.95 0.175827 0.223449 0.284332
2.96 0.189172 0.211829 0.284003
2.97 0.2019 0.19952 0.283852
2.98 0.213968 0.186561 0.283879
2.99 0.225333 0.172996 0.284082
3 0.235956 0.158871 0.284457
3.01 0.245801 0.144233 0.284994
3.02 0.254833 0.12913 0.285683
3.03 0.263022 0.113612 0.28651
3.04 0.270337 0.0977313 0.287461
3.05 0.276755 0.0815397 0.288517
3.06 0.282253 0.0650907 0.289661
3.07 0.286811 0.0484386 0.290872
3.08 0.290413 0.0316379 0.292132
3.09 0.293048 0.0147438 0.293419
3.1 0.294706 -0.00218847 0.294714
3.11 0.29538 -0.0191036 0.295997
3.12 0.295068 -0.0359465 0.29725
3.13 0.293771 -0.0526622 0.298454
3.14 0.291493 -0.0691968 0.299594
3.15 0.288241 -0.0854964 0.300654
3.16 0.284027 -0.101508 0.301621
3.17 0.278864 -0.117181 0.302484
3.18 0.272769 -0.132464 0.303232
3.19 0.265763 -0.147309 0.303858
3.2 0.25787 -0.161667 0.304357
3.21 0.249116 -0.175493 0.304723
3.22 0.23953 -0.188742 0.304956
3.23 0.229145 -0.201374 0.305055
3.24 0.217996 -0.213347 0.305023
3.25 0.20612 -0.224623 0.304862
3.26 0.193557 -0.235168 0.304579
3.27 0.180349 -0.244949 0.30418
3.28 0.166541 -0.253934 0.303675
3.29 0.152178 -0.262097 0.303072
3.3 0.13731 -0.269411 0.302384
3.31 0.121986 -0.275855 0.301623
3.32 0.106256 -0.281409 0.300801
3.33 0.0901746 -0.286056 0.299933
3.34 0.0737942 -0.289783 0.299032
3.35 0.05717 -0.29258 0.298113
3.36 0.0403572 -0.294438 0.297191
3.37 0.0234116 -0.295353 0.296279
3.38 0.00638974 -0.295323 0.295393
3.39 -0.010652 -0.294351 0.294544
3.4 -0.0276572 -0.29244 0.293745
3.41 -0.0445695 -0.289598 0.293008
3.42 -0.0613331 -0.285836 0.292342
3.43 -0.0778927 -0.281166 0.291756
3.44 -0.0941938 -0.275606 0.291258
3.45 -0.110183 -0.269174 0.290852
3.46 -0.125807 -0.261893 0.290543
3.47 -0.141016 -0.253786 0.290332
3.48 -0.15576 -0.244881 0.290221
3.49 -0.16999 -0.235208 0.290206
3.5 -0.183661 -0.224799 0.290286
3.51 -0.196728 -0.213687 0.290455
3.52 -0.209149 -0.20191 0.290708
3.53 -0.220884 -0.189505 0.291036
3.54 -0.231896 -0.176514 0.291432
3.55 -0.242148 -0.162979 0.291887
3.56 -0.25161 -0.148942 0.292389
3.57 -0.26025 -0.134451 0.292928
3.58 -0.268042 -0.119551 0.293494
3.59 -0.274961 -0.10429 0.294075
3.6 -0.280987 -0.0887178 0.29466
3.61 -0.2861 -0.0728834 0.295237
3.62 -0.290285 -0.0568377 0.295797
3.63 -0.293531 -0.0406318 0.29633
3.64 -0.295828 -0.024317 0.296826
3.65 -0.29717 -0.00794531 0.297276
3.66 -0.297554 0.00843178 0.297674
3.67 -0.296982 0.0247622 0.298012
3.68 -0.295455 0.0409947 0.298285
3.69 -0.292981 0.0570783 0.298489
3.7 -0.289569 0.0729626 0.29862
3.71 -0.285232 0.0885976 0.298676
3.72 -0.279986 0.103935 0.298655
3.73 -0.27385 0.118926 0.298559
3.74 -0.266844 0.133526 0.298387
3.75 -0.258993 0.147688 0.298143
3.76 -0.250325 0.161369 0.297829
3.77 -0.240867 0.174526 0.29745
3.78 -0.230653 0.18712 0.29701
3.79 -0.219717 0.199112 0.296515
3.8 -0.208096 0.210466 0.295972
3.81 -0.195827 0.221146 0.295387
3.82 -0.182953 0.231121 0.294769
3.83 -0.169515 0.240361 0.294123
3.84 -0.155557 0.248837 0.293459
3.85 -0.141126 0.256526 0.292784
3.86 -0.126269 0.263405 0.292106
3.87 -0.111035 0.269453 0.291434
3.88 -0.0954719 0.274653 0.290774
3.89 -0.0796312 0.278991 0.290133
3.9 -0.0635641 0.282455 0.289519
3.91 -0.0473221 0.285035 0.288936
3.92 -0.0309577 0.286725 0.288392
3.93 -0.0145231 0.287522 0.287889
3.94 0.00192911 0.287425 0.287432
3.95 0.0183465 0.286436 0.287023
3.96 0.0346772 0.28456 0.286665
3.97 0.050869 0.281804 0.286359
3.98 0.0668715 0.27818 0.286104
3.99 0.0826338 0.273699 0.285901
4 0.0981067 0.268378 0.285747
4.01 0.113242 0.262234 0.285641
4.02 0.127992 0.255289 0.285578
4.03 0.142312 0.247566 0.285556
4.04 0.156158 0.239091 0.285569
4.05 0.169485 0.229891 0.285614
4.06 0.182255 0.219997 0.285684
4.07 0.194428 0.20944 0.285775
4.08 0.205967 0.198255 0.28588
4.09 0.216838 0.186478 0.285994
4.1 0.227008 0.174146 0.286111
4.11 0.236446 0.1613 0.286224
4.12 0.245126 0.14798 0.28633
4.13 0.253021 0.134228 0.286421
4.14 0.26011 0.120088 0.286493
4.15 0.266371 0.105605 0.286542
4.16 0.271789 0.0908239 0.286563
4.17 0.276347 0.0757915 0.286552
4.18 0.280035 0.0605548 0.286507
4.19 0.282842 0.0451613 0.286425
4.2 0.284764 0.0296591 0.286304
4.21 0.285795 0.0140962 0.286143
4.22 0.285936 -0.0014789 0.28594
4.23 0.285189 -0.0170183 0.285696
4.24 0.283558 -0.0324738 0.285412
4.25 0.281052 -0.0477981 0.285087
4.26 0.27768 -0.0629442 0.284724
4.27 0.273455 -0.0778656 0.284325
4.28 0.268395 -0.0925169 0.283893
4.29 0.262515 -0.106854 0.283429
4.3 0.255838 -0.120832 0.282937
4.31 0.248387 -0.13441 0.282422
4.32 0.240187 -0.147547 0.281886
4.33 0.231265 -0.160203 0.281334
4.34 0.221653 -0.172341 0.280769
4.35 0.211381 -0.183925 0.280197
4.36 0.200484 -0.194919 0.27962
4.37 0.188998 -0.205292 0.279043
4.38 0.176959 -0.215014 0.27847
4.39 0.164408 -0.224056 0.277905
4.4 0.151385 -0.232392 0.277351
4.41 0.137931 -0.239998 0.27681
4.42 0.124089 -0.246853 0.276287
4.43 0.109905 -0.252938 0.275784
4.44 0.0954217 -0.258236 0.275302
4.45 0.0806862 -0.262732 0.274843
4.46 0.0657446 -0.266416 0.274408
4.47 0.0506438 -0.269278 0.273999
4.48 0.0354308 -0.271311 0.273615
4.49 0.0201532 -0.272512 0.273256
4.5 0.00485836 -0.272879 0.272922
4.51 -0.0104067 -0.272412 0.272611
4.52 -0.0255947 -0.271117 0.272323
4.53 -0.0406592 -0.268999 0.272055
4.54 -0.055554 -0.266068 0.271806
4.55 -0.070234 -0.262333 0.271572
4.56 -0.0846545 -0.25781 0.271353
4.57 -0.0987722 -0.252514 0.271145
4.58 -0.112544 -0.246464 0.270944
4.59 -0.12593 -0.239681 0.270749
4.6 -0.138889 -0.232187 0.270556
4.61 -0.151383 -0.224007 0.270363
4.62 -0.163376 -0.215169 0.270166
4.63 -0.174832 -0.205702 0.269962
4.64 -0.185718 -0.195637 0.26975
4.65 -0.196003 -0.185005 0.269526
4.66 -0.205656 -0.173843 0.269288
4.67 -0.214652 -0.162185 0.269034
4.68 -0.222964 -0.150068 0.268762
4.69 -0.230569 -0.137532 0.268472
4.7 -0.237447 -0.124615 0.26816
4.71 -0.243579 -0.111359 0.267827
4.72 -0.248949 -0.0978058 0.267473
4.73 -0.253544 -0.0839967 0.267095
4.74 -0.257352 -0.0699756 0.266695
4.75 -0.260364 -0.0557857 0.266273
4.76 -0.262575 -0.0414711 0.265829
4.77 -0.26398 -0.0270759 0.265365
4.78 -0.264578 -0.0126445 0.26488
4.79 -0.264371 0.00177891 0.264377
4.8 -0.263362 0.0161503 0.263856
4.81 -0.261557 0.030426 0.263321
4.82 -0.258965 0.0445625 0.262771
4.83 -0.255597 0.0585173 0.26221
4.84 -0.251466 0.0722483 0.261639
4.85 -0.246588 0.0857144 0.261061
4.86 -0.240981 0.0988754 0.260477
4.87 -0.234664 0.111692 0.259889
4.88 -0.227661 0.124127 0.259301
4.89 -0.219994 0.136143 0.258712
4.9 -0.21169 0.147705 0.258127
4.91 -0.202777 0.15878 0.257545
4.92 -0.193285 0.169335 0.25697
4.93 -0.183245 0.179341 0.256401
4.94 -0.172689 0.188768 0.255842
4.95 -0.161654 0.197591 0.255292
4.96 -0.150173 0.205784 0.254753
4.97 -0.138284 0.213326 0.254225
4.98 -0.126025 0.220195 0.253708
4.99 -0.113434 0.226373 0.253204
5 -0.100553 0.231845 0.252711
5.01 -0.08742 0.236595 0.252229
5.02 -0.0740778 0.240614 0.251759
5.03 -0.0605673 0.243891 0.251299
5.04 -0.0469309 0.246419 0.250849
5.05 -0.0332101 0.248195 0.250407
5.06 -0.0194475 0.249214 0.249972
5.07 -0.00568494 0.249478 0.249543
5.08 0.00803547 0.248989 0.249119
5.09 0.0216723 0.247752 0.248698
5.1 0.0351842 0.245773 0.248279
5.11 0.0485308 0.243062 0.247859
5.12 0.0616723 0.23963 0.247439
5.13 0.0745695 0.23549 0.247015
5.14 0.0871843 0.23066 0.246587
5.15 0.0994798 0.225155 0.246152
5.16 0.11142 0.218996 0.245711
5.17 0.12297 0.212205 0.245261
5.18 0.134097 0.204805 0.244801
5.19 0.14477 0.196822 0.24433
5.2 0.154957 0.188283 0.243848
5.21 0.164631 0.179215 0.243354
5.22 0.173763 0.16965 0.242847
5.23 0.182331 0.159618 0.242327
5.24 0.190309 0.149152 0.241793
5.25 0.197677 0.138287 0.241246
5.26 0.204416 0.127057 0.240686
5.27 0.210509 0.115499 0.240112
5.28 0.215939 0.103648 0.239526
5.29 0.220695 0.0915426 0.238927
5.3 0.224765 0.0792209 0.238318
5.31 0.228141 0.0667212 0.237697
5.32 0.230815 0.0540826 0.237067
5.33 0.232784 0.041344 0.236427
5.34 0.234046 0.0285447 0.23578
5.35 0.2346 0.0157238 0.235126
5.36 0.234448 0.00292079 0.234467
5.37 0.233596 -0.00982616 0.233803
5.38 0.232049 -0.0224782 0.233135
5.39 0.229816 -0.0349975 0.232465
5.4 0.226908 -0.0473469 0.231795
5.41 0.223336 -0.0594898 0.231124
5.42 0.219117 -0.0713905 0.230454
5.43 0.214266 -0.0830141 0.229785
5.44 0.208802 -0.0943269 0.22912
5.45 0.202744 -0.105297 0.228457
5.46 0.196116 -0.115892 0.227799
5.47 0.188939 -0.126082 0.227144
5.48 0.181239 -0.135839 0.226495
5.49 0.173043 -0.145136 0.22585
5.5 0.164378 -0.153948 0.225211
5.51 0.155273 -0.16225 0.224577
5.52 0.145759 -0.17002 0.223948
5.53 0.135867 -0.177239 0.223324
5.54 0.125629 -0.183887 0.222704
5.55 0.115078 -0.189948 0.222088
5.56 0.104248 -0.195407 0.221476
5.57 0.0931737 -0.200252 0.220867
5.58 0.0818896 -0.204471 0.22026
5.59 0.0704315 -0.208057 0.219655
5.6 0.0588348 -0.211001 0.21905
5.61 0.0471356 -0.2133 0.218446
5.62 0.0353698 -0.21495 0.21784
5.63 0.0235731 -0.215951 0.217233
5.64 0.0117814 -0.216304 0.216624
5.65 3.0225e-05 -0.216012 0.216012
5.66 -0.0116453 -0.21508 0.215395
5.67 -0.0232109 -0.213517 0.214775
5.68 -0.0346321 -0.211329 0.214148
5.69 -0.045876 -0.208529 0.213516
5.7 -0.0569096 -0.20513 0.212878
5.71 -0.0677016 -0.201144 0.212232
5.72 -0.0782212 -0.19659 0.21158
5.73 -0.0884388 -0.191483 0.21092
5.74 -0.0983257 -0.185845 0.210253
5.75 -0.107855 -0.179694 0.209578
5.76 -0.117001 -0.173055 0.208895
5.77 -0.125738 -0.165949 0.208204
5.78 -0.134044 -0.158402 0.207506
5.79 -0.141897 -0.15044 0.206801
5.8 -0.149276 -0.142089 0.206089
5.81 -0.156165 -0.133378 0.205371
5.82 -0.162544 -0.124336 0.204646
5.83 -0.168401 -0.114992 0.203916
5.84 -0.17372 -0.105376 0.203181
5.85 -0.17849 -0.095519 0.202442
5.86 -0.182702 -0.085453 0.201698
5.87 -0.186347 -0.0752092 0.200952
5.88 -0.189419 -0.0648198 0.200203
5.89 -0.191914 -0.0543168 0.199453
5.9 -0.193828 -0.0437326 0.198701
5.91 -0.195161 -0.0330993 0.197948
5.92 -0.195914 -0.0224491 0.197196
5.93 -0.196088 -0.0118136 0.196444
5.94 -0.195689 -0.00122468 0.195693
5.95 -0.194722 0.00928695 0.194944
5.96 -0.193196 0.0196903 0.194196
5.97 -0.191118 0.0299558 0.193451
5.98 -0.1885 0.0400538 0.192709
5.99 -0.185355 0.0499562 0.191969
6 -0.181697 0.0596349 0.191233
6.01 -0.17754 0.0690635 0.1905
6.02 -0.172901 0.0782162 0.18977
6.03 -0.167798 0.0870683 0.189043
6.04 -0.162251 0.0955964 0.188319
6.05 -0.156279 0.103778 0.187598
6.06 -0.149904 0.111593 0.18688
6.07 -0.143149 0.11902 0.186165
6.08 -0.136036 0.126042 0.185452
6.09 -0.12859 0.132642 0.184741
6.1 -0.120836 0.138804 0.184032
6.11 -0.112798 0.144514 0.183324
6.12 -0.104504 0.14976 0.182618
6.13 -0.0959803 0.154531 0.181912
6.14 -0.0872533 0.158816 0.181206
6.15 -0.0783507 0.162609 0.180501
6.16 -0.0693 0.165903 0.179795
6.17 -0.0601291 0.168692 0.179088
6.18 -0.0508657 0.170975 0.178381
6.19 -0.0415376 0.172748 0.177672
6.2 -0.0321725 0.174012 0.176961
6.21 -0.0227979 0.174769 0.176249
6.22 -0.0134409 0.17502 0.175535
6.23 -0.00412852 0.17477 0.174819
6.24 0.00511287 0.174026 0.174101
6.25 0.0142575 0.172793 0.173381
6.26 0.0232797 0.171081 0.172658
6.27 0.0321551 0.1689 0.171933
6.28 0.0408594 0.166259 0.171206
6.29 0.0493697 0.163173 0.170478
6.3 0.0576633 0.159653 0.169747
6.31 0.065719 0.155715 0.169015
6.32 0.0735161 0.151374 0.168282
6.33 0.0810351 0.146647 0.167547
6.34 0.0882575 0.141551 0.166812
6.35 0.0951658 0.136105 0.166076
6.36 0.101744 0.130328 0.165339
6.37 0.107976 0.124239 0.164603
6.38 0.113849 0.11786 0.163867
6.39 0.11935 0.111211 0.163133
6.4 0.124467 0.104314 0.162399
6.41 0.12919 0.0971909 0.161667
6.42 0.133509 0.0898648 0.160936
6.43 0.137418 0.0823579 0.160208
6.44 0.14091 0.0746935 0.159482
6.45 0.143978 0.0668945 0.15876
6.46 0.14662 0.0589842 0.15804
6.47 0.148833 0.0509859 0.157324
6.48 0.150615 0.0429229 0.156612
6.49 0.151966 0.0348181 0.155904
6.5 0.152887 0.0266945 0.1552
6.51 0.153381 0.0185748 0.154501
6.52 0.153449 0.0104813 0.153807
6.53 0.153098 0.00243596 0.153117
6.54 0.152332 -0.00553951 0.152433
6.55 0.151159 -0.0134243 0.151754
6.56 0.149586 -0.0211974 0.15108
6.57 0.147621 -0.0288395 0.150412
6.58 0.145275 -0.0363305 0.149749
6.59 0.142558 -0.0436524 0.149092
6.6 0.139482 -0.0507867 0.14844
6.61 0.136058 -0.0577167 0.147794
6.62 0.132301 -0.0644255 0.147154
6.63 0.128223 -0.0708979 0.146519
6.64 0.12384 -0.0771188 0.145889
6.65 0.119166 -0.0830746 0.145265
6.66 0.114217 -0.0887522 0.144646
6.67 0.10901 -0.0941396 0.144033
6.68 0.103561 -0.0992255 0.143424
6.69 0.0978871 -0.104 0.142821
6.7 0.0920059 -0.108454 0.142223
6.71 0.0859352 -0.112579 0.141629
6.72 0.0796932 -0.116367 0.14104
6.73 0.073298 -0.119814 0.140456
6.74 0.0667681 -0.122912 0.139876
6.75 0.0601219 -0.125658 0.1393
6.76 0.0533781 -0.128049 0.138729
6.77 0.0465553 -0.130082 0.138162
6.78 0.0396718 -0.131755 0.137598
6.79 0.0327461 -0.133069 0.137039
6.8 0.0257967 -0.134023 0.136483
6.81 0.0188414 -0.134619 0.135932
6.82 0.0118983 -0.13486 0.135384
6.83 0.00498495 -0.134747 0.134839
6.84 -0.00188141 -0.134286 0.134299
6.85 -0.0086838 -0.13348 0.133762
6.86 -0.0154055 -0.132336 0.133229
6.87 -0.0220307 -0.130859 0.132701
6.88 -0.0285432 -0.129057 0.132176
6.89 -0.0349282 -0.126938 0.131656
6.9 -0.0411706 -0.124509 0.13114
6.91 -0.0472564 -0.121781 0.130628
6.92 -0.0531719 -0.118762 0.130121
6.93 -0.0589039 -0.115463 0.12962
6.94 -0.06444 -0.111894 0.129123
6.95 -0.0697685 -0.108068 0.128632
6.96 -0.074878 -0.103995 0.128147
6.97 -0.0797579 -0.099689 0.127668
6.98 -0.0843983 -0.0951616 0.127196
6.99 -0.0887901 -0.0904261 0.12673
7 -0.0929244 -0.0854957 0.126271
7.01 -0.0967938 -0.0803845 0.12582
7.02 -0.100391 -0.0751062 0.125376
7.03 -0.103709 -0.069675 0.12494
7.04 -0.106742 -0.0641056 0.124513
7.05 -0.109486 -0.0584123 0.124093
7.06 -0.111935 -0.0526101 0.123682
7.07 -0.114087 -0.0467137 0.123281
7.08 -0.115939 -0.040738 0.122888
7.09 -0.117487 -0.034698 0.122504
7.1 -0.118731 -0.0286087 0.122129
7.11 -0.11967 -0.022485 0.121764
7.12 -0.120303 -0.0163419 0.121408
7.13 -0.120632 -0.0101941 0.121061
7.14 -0.120656 -0.00405657 0.120724
7.15 -0.120379 0.00205639 0.120396
7.16 -0.119802 0.00813002 0.120077
7.17 -0.118928 0.0141505 0.119767
7.18 -0.117762 0.0201033 0.119466
7.19 -0.116308 0.0259751 0.119173
7.2 -0.11457 0.031752 0.118889
7.21 -0.112555 0.037421 0.118612
7.22 -0.110268 0.042969 0.118344
7.23 -0.107715 0.0483834 0.118083
7.24 -0.104905 0.053652 0.117829
7.25 -0.101845 0.0587629 0.117582
7.26 -0.0985427 0.0637045 0.117341
7.27 -0.0950073 0.068466 0.117107
7.28 -0.0912479 0.0730364 0.116878
7.29 -0.087274 0.0774058 0.116655
7.3 -0.0830959 0.0815642 0.116437
7.31 -0.0787239 0.0855028 0.116225
7.32 -0.074169 0.0892121 0.116017
7.33 -0.0694423 0.0926848 0.115813
7.34 -0.0645555 0.0959125 0.115614
7.35 -0.0595205 0.0988883 0.115419
7.36 -0.0543497 0.101606 0.115228
7.37 -0.0490554 0.104059 0.115042
7.38 -0.0436506 0.106241 0.114859
7.39 -0.0381484 0.108149 0.11468
7.4 -0.0325618 0.109779 0.114506
7.41 -0.0269045 0.111125 0.114336
7.42 -0.0211901 0.112186 0.114169
7.43 -0.0154323 0.112959 0.114008
7.44 -0.00964521 0.113442 0.113851
7.45 -0.00384261 0.113634 0.113699
7.46 0.00196126 0.113535 0.113552
7.47 0.00775247 0.113146 0.113411
7.48 0.0135166 0.112466 0.113275
7.49 0.0192398 0.111497 0.113145
7.5 0.0249078 0.110243 0.113022
7.51 0.0305068 0.108705 0.112904
7.52 0.0360226 0.106887 0.112794
7.53 0.0414418 0.104794 0.11269
7.54 0.0467504 0.102429 0.112594
7.55 0.0519353 0.0998001 0.112505
7.56 0.0569831 0.0969116 0.112423
7.57 0.0618811 0.093771 0.112349
7.58 0.0666162 0.0903855 0.112282
7.59 0.0711766 0.0867633 0.112223
7.6 0.0755499 0.0829131 0.112171
7.61 0.0797247 0.078844 0.112127
7.62 0.0836896 0.0745661 0.112089
7.63 0.0874342 0.0700896 0.112059
7.64 0.0909476 0.0654256 0.112036
7.65 0.0942206 0.0605854 0.112018
7.66 0.0972436 0.0555814 0.112007
7.67 0.100008 0.0504256 0.112002
7.68 0.102506 0.0451312 0.112001
7.69 0.104729 0.0397116 0.112006
7.7 0.106672 0.0341806 0.112014
7.71 0.108327 0.0285523 0.112027
7.72 0.10969 0.0228412 0.112043
7.73 0.110755 0.0170622 0.112062
7.74 0.111519 0.0112306 0.112083
7.75 0.111978 0.00536129 0.112106
7.76 0.11213 -0.000529541 0.112131
7.77 0.111972 -0.0064266 0.112157
7.78 0.111505 -0.0123135 0.112183
7.79 0.110728 -0.0181749 0.11221
7.8 0.109642 -0.0239939 0.112237
7.81 0.108249 -0.0297552 0.112264
7.82 0.10655 -0.0354423 0.11229
7.83 0.10455 -0.0410393 0.112316
7.84 0.102252 -0.0465304 0.112341
7.85 0.0996619 -0.0518999 0.112366
7.86 0.096785 -0.0571321 0.11239
7.87 0.0936282 -0.0622121 0.112413
7.88 0.0901991 -0.0671245 0.112435
7.89 0.0865061 -0.0718553 0.112457
7.9 0.0825586 -0.0763895 0.112478
7.91 0.0783663 -0.0807141 0.112499
7.92 0.0739404 -0.0848153 0.11252
7.93 0.0692921 -0.0886807 0.112542
7.94 0.0644341 -0.0922976 0.112564
7.95 0.0593791 -0.0956549 0.112587
7.96 0.0541411 -0.0987413 0.11261
7.97 0.0487341 -0.101547 0.112636
7.98 0.0431735 -0.104062 0.112662
7.99 0.0374746 -0.106278 0.112691
8 0.0316536 -0.108186 0.112722
8.01 0.0257269 -0.10978 0.112755
8.02 0.0197118 -0.111054 0.11279
8.03 0.0136255 -0.112002 0.112828
8.04 0.00748607 -0.11262 0.112869
8.05 0.00131124 -0.112904 0.112912
8.06 -0.0048802 -0.112853 0.112958
8.07 -0.0110701 -0.112463 0.113007
8.08 -0.0172395 -0.111736 0.113058
8.09 -0.0233698 -0.110671 0.113112
8.1 -0.0294419 -0.109271 0.113168
8.11 -0.0354375 -0.107537 0.113226
8.12 -0.0413374 -0.105474 0.113285
8.13 -0.0471234 -0.103086 0.113346
8.14 -0.0527773 -0.10038 0.113409
8.15 -0.0582807 -0.0973614 0.113472
8.16 -0.0636162 -0.0940387 0.113535
8.17 -0.0687664 -0.0904207 0.113599
8.18 -0.0737145 -0.0865172 0.113662
8.19 -0.0784441 -0.0823392 0.113724
8.2 -0.0829395 -0.0778984 0.113785
8.21 -0.0871856 -0.0732074 0.113845
8.22 -0.091168 -0.0682802 0.113903
8.23 -0.094873 -0.0631306 0.113958
8.24 -0.0982876 -0.0577745 0.11401
8.25 -0.1014 -0.0522275 0.11406
8.26 -0.104199 -0.0465067 0.114106
8.27 -0.106674 -0.0406292 0.11415
8.28 -0.108817 -0.0346134 0.114189
8.29 -0.110618 -0.0284777 0.114225
8.3 -0.112071 -0.0222414 0.114257
8.31 -0.11317 -0.015924 0.114285
8.32 -0.11391 -0.00954566 0.114309
8.33 -0.114287 -0.00312657 0.11433
8.34 -0.114298 0.00331245 0.114346
8.35 -0.113943 0.00975087 0.114359
8.36 -0.113221 0.0161674 0.114369
8.37 -0.112132 0.0225415 0.114375
8.38 -0.11068 0.0288518 0.114379
8.39 -0.108868 0.0350777 0.114379
8.4 -0.1067 0.0411982 0.114377
8.41 -0.104182 0.0471931 0.114373
8.42 -0.101323 0.0530418 0.114367
8.43 -0.0981287 0.0587249 0.114358
8.44 -0.0946103 0.0642227 0.114349
8.45 -0.0907778 0.0695164 0.114338
8.46 -0.0866433 0.074588 0.114326
8.47 -0.0822194 0.0794196 0.114313
8.48 -0.0775204 0.0839943 0.1143
8.49 -0.0725608 0.0882961 0.114286
8.5 -0.0673569 0.0923097 0.114272
8.51 -0.0619252 0.0960207 0.114257
8.52 -0.0562837 0.0994159 0.114243
8.53 -0.0504503 0.102483 0.114228
8.54 -0.0444451 0.10521 0.114213
8.55 -0.0382872 0.107587 0.114197
8.56 -0.0319977 0.109606 0.114181
8.57 -0.0255973 0.111258 0.114165
8.58 -0.0191079 0.112537 0.114148
8.59 -0.0125511 0.113438 0.11413
8.6 -0.00594943 0.113956 0.114111
8.61 0.000674665 0.114088 0.11409
8.62 0.00729844 0.113835 0.114068
8.63 0.0138992 0.113194 0.114045
8.64 0.0204539 0.112169 0.114019
8.65 0.0269402 0.110761 0.11399
8.66 0.0333352 0.108975 0.113959
8.67 0.0396167 0.106815 0.113925
8.68 0.0457625 0.10429 0.113888
8.69 0.0517514 0.101406 0.113848
8.7 0.0575618 0.0981736 0.113804
8.71 0.0631734 0.094603 0.113757
8.72 0.0685663 0.0907062 0.113706
8.73 0.0737211 0.0864963 0.11365
8.74 0.0786195 0.0819875 0.113591
8.75 0.0832438 0.0771952 0.113528
8.76 0.0875777 0.0721359 0.113461
8.77 0.091605 0.0668269 0.11339
8.78 0.0953116 0.0612867 0.113315
8.79 0.0986838 0.0555345 0.113237
8.8 0.101709 0.0495906 0.113155
8.81 0.104377 0.0434755 0.113069
8.82 0.106677 0.0372112 0.112981
8.83 0.1086 0.0308194 0.112889
8.84 0.110141 0.024323 0.112795
8.85 0.111292 0.0177448 0.112697
8.86 0.112049 0.0111086 0.112598
8.87 0.11241 0.00443786 0.112497
8.88 0.112372 -0.00224343 0.112394
8.89 0.111936 -0.00891146 0.11229
8.9 0.111103 -0.015542 0.112184
8.91 0.109875 -0.0221114 0.112078
8.92 0.108257 -0.0285958 0.11197
8.93 0.106255 -0.0349717 0.111862
8.94 0.103875 -0.0412161 0.111754
8.95 0.101127 -0.0473065 0.111645
8.96 0.098019 -0.0532203 0.111535
8.97 0.0945633 -0.0589364 0.111426
8.98 0.0907724 -0.0644338 0.111316
8.99 0.0866594 -0.0696924 0.111206
9 0.0822401 -0.0746931 0.111097
9.01 0.0775297 -0.0794176 0.110986
9.02 0.0725461 -0.0838486 0.110876
9.03 0.0673072 -0.0879698 0.110765
9.04 0.0618323 -0.0917663 0.110654
9.05 0.0561414 -0.095224 0.110542
9.06 0.0502557 -0.0983304 0.110429
9.07 0.0441965 -0.101074 0.110314
9.08 0.0379865 -0.103445 0.110199
9.09 0.0316484 -0.105434 0.110082
9.1 0.0252058 -0.107035 0.109963
9.11 0.0186823 -0.108241 0.109841
9.12 0.0121024 -0.109049 0.109718
9.13 0.00549019 -0.109455 0.109592
9.14 -0.0011296 -0.109458 0.109464
9.15 -0.00773246 -0.109058 0.109332
9.16 -0.0142939 -0.108258 0.109198
9.17 -0.0207894 -0.10706 0.10906
9.18 -0.0271951 -0.10547 0.108919
9.19 -0.0334868 -0.103492 0.108775
9.2 -0.0396414 -0.101135 0.108627
9.21 -0.0456359 -0.0984088 0.108475
9.22 -0.051448 -0.095323 0.108321
9.23 -0.0570561 -0.0918896 0.108162
9.24 -0.0624396 -0.088122 0.108001
9.25 -0.0675782 -0.0840347 0.107836
9.26 -0.072453 -0.0796433 0.107668
9.27 -0.077046 -0.0749646 0.107498
9.28 -0.0813402 -0.070017 0.107325
9.29 -0.0853196 -0.0648188 0.107149
9.3 -0.08897 -0.0593906 0.106972
9.31 -0.0922775 -0.0537527 0.106792
9.32 -0.0952306 -0.047927 0.106611
9.33 -0.0978181 -0.0419358 0.106428
9.34 -0.100031 -0.035802 0.106245
9.35 -0.101862 -0.0295491 0.106061
9.36 -0.103303 -0.0232012 0.105877
9.37 -0.104351 -0.0167824 0.105692
9.38 -0.105002 -0.0103174 0.105508
9.39 -0.105254 -0.00383091 0.105324
9.4 -0.105107 0.00265231 0.10514
9.41 -0.104562 0.00910735 0.104958
9.42 -0.103621 0.0155096 0.104776
9.43 -0.10229 0.0218348 0.104595
9.44 -0.100574 0.0280586 0.104415
9.45 -0.09848 0.0341573 0.104235
9.46 -0.0960171 0.040108 0.104057
9.47 -0.0931952 0.0458875 0.10388
9.48 -0.0900263 0.0514746 0.103703
9.49 -0.0865229 0.0568475 0.103527
9.5 -0.0826993 0.0619863 0.103351
9.51 -0.0785711 0.0668714 0.103176
9.52 -0.0741546 0.0714846 0.103
9.53 -0.0694675 0.0758084 0.102823
9.54 -0.0645288 0.079827 0.102647
9.55 -0.0593578 0.0835251 0.102468
9.56 -0.0539753 0.0868895 0.102289
9.57 -0.0484025 0.0899074 0.102108
9.58 -0.0426616 0.0925682 0.101926
9.59 -0.0367751 0.0948622 0.101741
9.6 -0.0307666 0.0967815 0.101554
9.61 -0.0246594 0.0983191 0.101364
9.62 -0.0184775 0.0994706 0.101172
9.63 -0.0122456 0.100232 0.100977
9.64 -0.00598766 0.100601 0.100779
9.65 0.000271528 0.100578 0.100578
9.66 0.0065076 0.100163 0.100374
9.67 0.0126961 0.0993596 0.100167
9.68 0.0188132 0.0981716 0.099958
9.69 0.0248348 0.0966045 0.0997457
9.7 0.0307378 0.0946659 0.0995311
9.71 0.036499 0.092364 0.0993141
9.72 0.0420967 0.0897091 0.0990952
9.73 0.0475088 0.0867126 0.0988745
9.74 0.0527149 0.0833873 0.0986525
9.75 0.0576947 0.0797472 0.0984291
9.76 0.0624297 0.0758077 0.0982053
9.77 0.0669013 0.071585 0.0979806
9.78 0.0710934 0.0670968 0.0977561
9.79 0.0749893 0.0623617 0.0975315
9.8 0.0785753 0.0573991 0.0973075
9.81 0.0818377 0.0522295 0.0970841
9.82 0.0847646 0.0468738 0.0968617
9.83 0.0873454 0.0413542 0.0966405
9.84 0.089571 0.0356929 0.0964207
9.85 0.0914335 0.029913 0.0962022
9.86 0.0929269 0.0240377 0.0959855
9.87 0.094046 0.0180911 0.0957702
9.88 0.0947879 0.0120967 0.0955566
9.89 0.0951505 0.00607905 0.0953445
9.9 0.0951339 6.18411e-05 0.0951339
9.91 0.0947389 -0.00593051 0.0949243
9.92 0.0939688 -0.0118745 0.0947161
9.93 0.0928275 -0.0177459 0.0945085
9.94 0.091321 -0.0235222 0.0943018
9.95 0.0894564 -0.0291798 0.0940952
9.96 0.0872425 -0.0346969 0.0938889
9.97 0.0846891 -0.0400516 0.0936823
9.98 0.0818077 -0.045223 0.0934753
9.99 0.078611 -0.0501909 0.0932674
10 0.0751128 -0.054936 0.0930586
10.01 0.0713282 -0.0594399 0.0928483
10.02 0.0672734 -0.0636857 0.0926368
10.03 0.0629657 -0.0676565 0.0924234
10.04 0.0584231 -0.0713379 0.0922083
10.05 0.0536651 -0.0747157 0.0919912
10.06 0.0487114 -0.0777776 0.0917723
10.07 0.0435828 -0.080512 0.0915513
10.08 0.0383004 -0.0829095 0.0913286
10.09 0.0328865 -0.0849613 0.091104
10.1 0.027363 -0.0866605 0.0908778
10.11 0.0217531 -0.0880014 0.0906501
10.12 0.0160795 -0.0889801 0.0904213
10.13 0.0103657 -0.0895938 0.0901914
10.14 0.00463484 -0.0898415 0.0899609
10.15 -0.00108956 -0.0897235 0.0897301
10.16 -0.00678447 -0.0892418 0.0894993
10.17 -0.0124265 -0.0883995 0.0892687
10.18 -0.0179934 -0.0872019 0.0890389
10.19 -0.0234621 -0.0856548 0.08881
10.2 -0.0288113 -0.0837661 0.0885825
10.21 -0.034019 -0.0815449 0.0883564
10.22 -0.0390651 -0.0790014 0.0881323
10.23 -0.0439289 -0.0761473 0.08791
10.24 -0.0485919 -0.0729955 0.0876899
10.25 -0.0530351 -0.0695603 0.0874721
10.26 -0.0572417 -0.0658566 0.0872565
10.27 -0.0611949 -0.0619008 0.0870432
10.28 -0.0648798 -0.05771 0.0868322
10.29 -0.068282 -0.0533026 0.0866233
10.3 -0.0713888 -0.0486972 0.0864163
10.31 -0.0741885 -0.0439139 0.0862111
10.32 -0.0766708 -0.0389726 0.0860074
10.33 -0.0788265 -0.0338949 0.0858049
10.34 -0.0806484 -0.0287015 0.0856034
10.35 -0.0821299 -0.023415 0.0854024
10.36 -0.0832663 -0.0180569 0.0852017
10.37 -0.0840544 -0.0126501 0.085001
10.38 -0.0844922 -0.00721666 0.0847999
10.39 -0.0845794 -0.0017796 0.0845981
10.4 -0.0843167 0.00363927 0.0843952
10.41 -0.083707 0.00901688 0.0841913
10.42 -0.0827538 0.0143318 0.0839857
10.43 -0.0814629 0.0195619 0.0837787
10.44 -0.0798405 0.0246861 0.0835698
10.45 -0.0778949 0.0296835 0.083359
10.46 -0.0756354 0.034534 0.0831463
10.47 -0.0730728 0.0392179 0.0829318
10.48 -0.0702187 0.0437169 0.0827153
10.49 -0.0670864 0.0480124 0.0824972
10.5 -0.0636898 0.0520882 0.0822774
10.51 -0.0600446 0.0559277 0.0820565
10.52 -0.0561664 0.0595162 0.0818342
10.53 -0.0520728 0.0628396 0.0816112
10.54 -0.0477813 0.0658855 0.0813876
10.55 -0.0433112 0.068642 0.0811639
10.56 -0.0386812 0.0710991 0.0809402
10.57 -0.0339121 0.0732478 0.0807172
10.58 -0.0290237 0.0750802 0.0804947
10.59 -0.0240374 0.0765902 0.0802736
10.6 -0.0189743 0.0777727 0.0800539
10.61 -0.013856 0.0786243 0.0798359
10.62 -0.00870405 0.0791427 0.0796199
10.63 -0.00354051 0.0793273 0.0794063
10.64 0.00161341 0.0791785 0.079195
10.65 0.00673546 0.0786986 0.0789863
10.66 0.0118048 0.0778907 0.0787801
10.67 0.0168 0.0767599 0.0785769
10.68 0.0217005 0.075312 0.078376
10.69 0.026486 0.0735546 0.078178
10.7 0.0311369 0.0714963 0.0779822
10.71 0.035634 0.0691472 0.077789
10.72 0.0399592 0.0665181 0.0775976
10.73 0.044095 0.0636216 0.0774084
10.74 0.0480243 0.0604706 0.0772207
10.75 0.0517318 0.0570799 0.0770344
10.76 0.0552027 0.0534645 0.0768491
10.77 0.0584232 0.0496407 0.0766646
10.78 0.0613807 0.0456253 0.0764804
10.79 0.0640638 0.0414366 0.0762966
10.8 0.0664625 0.0370923 0.0761124
10.81 0.0685675 0.0326121 0.075928
10.82 0.0703712 0.028015 0.0757427
10.83 0.0718675 0.0233213 0.0755568
10.84 0.0730509 0.0185511 0.0753696
10.85 0.0739181 0.0137249 0.0751815
10.86 0.0744663 0.00886336 0.0749919
10.87 0.074695 0.00398753 0.0748014
10.88 0.074604 -0.00088214 0.0746093
10.89 0.0741957 -0.00572491 0.0744162
10.9 0.0734725 -0.0105202 0.0742219
10.91 0.0724393 -0.0152479 0.0740267
10.92 0.0711014 -0.0198883 0.0738306
10.93 0.0694661 -0.0244218 0.073634
10.94 0.0675412 -0.0288297 0.0734368
10.95 0.0653368 -0.0330936 0.0732399
10.96 0.0628627 -0.037196 0.0730428
10.97 0.0601313 -0.04112 0.0728466
10.98 0.0571546 -0.0448496 0.0726508
10.99 0.0539471 -0.0483698 0.0724564
11 0.0505228 -0.0516661 0.072263
11.01 0.0468979 -0.0547256 0.0720715
11.02 0.0430881 -0.057536 0.0718816
11.03 0.0391111 -0.0600864 0.0716942
11.04 0.0349842 -0.0623666 0.0715087
11.05 0.030726 -0.0643685 0.0713259
11.06 0.0263551 -0.066084 0.0711455
11.07 0.0218909 -0.0675072 0.0709678
11.08 0.0173528 -0.068633 0.0707927
11.09 0.0127608 -0.069458 0.0706205
11.1 0.00813466 -0.0699793 0.0704505
11.11 0.00349464 -0.0701965 0.0702835
11.12 -0.00113939 -0.0701092 0.0701185
11.13 -0.00574742 -0.0697196 0.0699561
11.14 -0.0103096 -0.0690298 0.0697955
11.15 -0.0148067 -0.0680446 0.0696369
11.16 -0.0192192 -0.0667688 0.0694798
11.17 -0.0235288 -0.0652094 0.0693244
11.18 -0.0277169 -0.0633739 0.0691699
11.19 -0.0317663 -0.0612715 0.0690166
11.2 -0.0356595 -0.058912 0.0688638
11.21 -0.0393809 -0.0563067 0.0687118
11.22 -0.0429146 -0.0534678 0.06856
11.23 -0.0462462 -0.0504084 0.0684084
11.24 -0.0493619 -0.0471424 0.0682568
11.25 -0.0522493 -0.0436849 0.0681055
11.26 -0.0548963 -0.0400512 0.0679537
11.27 -0.0572929 -0.0362581 0.0678021
11.28 -0.059429 -0.0323223 0.0676501
11.29 -0.0612969 -0.0282615 0.0674983
11.3 -0.062889 -0.0240937 0.0673464
11.31 -0.0641997 -0.0198372 0.0671946
11.32 -0.0652241 -0.0155112 0.0670431
11.33 -0.0659591 -0.0111343 0.0668922
11.34 -0.0664021 -0.0067259 0.0667419
11.35 -0.0665526 -0.00230515 0.0665925
11.36 -0.0664108 0.0021084 0.0664442
11.37 -0.0659783 0.00649597 0.0662973
11.38 -0.0652581 0.0108383 0.066152
11.39 -0.0642543 0.0151166 0.0660085
11.4 -0.0629721 0.0193126 0.065867
11.41 -0.0614183 0.0234083 0.0657279
11.42 -0.0596004 0.0273858 0.0655911
11.43 -0.0575273 0.0312288 0.0654571
11.44 -0.0552088 0.0349202 0.0653256
11.45 -0.0526559 0.0384449 0.0651971
11.46 -0.0498807 0.0417877 0.0650714
11.47 -0.0468954 0.0449349 0.0649486
11.48 -0.0437144 0.0478729 0.0648287
11.49 -0.0403519 0.0505899 0.0647118
11.5 -0.0368233 0.0530743 0.0645975
11.51 -0.0331443 0.0553164 0.064486
11.52 -0.0293318 0.0573066 0.0643771
11.53 -0.0254025 0.0590373 0.0642704
11.54 -0.0213743 0.0605014 0.064166
11.55 -0.0172648 0.0616935 0.0640638
11.56 -0.0130926 0.0626088 0.0639631
11.57 -0.00887578 0.0632446 0.0638644
11.58 -0.00463347 0.0635983 0.0637668
11.59 -0.000383617 0.0636696 0.0636707
11.6 0.00385435 0.0634585 0.0635755
11.61 0.00806261 0.062967 0.0634811
11.62 0.012222 0.062198 0.0633874
11.63 0.0163153 0.0611553 0.0632943
11.64 0.0203239 0.0598446 0.0632015
11.65 0.024231 0.058272 0.0631092
11.66 0.0280192 0.0564453 0.0630171
11.67 0.0316728 0.0543729 0.0629252
11.68 0.0351754 0.0520649 0.0628336
11.69 0.0385125 0.0495314 0.0627422
11.7 0.0416695 0.0467847 0.0626511
11.71 0.0447667 0.0439868 0.0627606
11.72 0.0478003 0.0411416 0.0630674
11.73 0.0507676 0.0382527 0.0635658
11.74 0.0536649 0.0353246 0.0642475
11.75 0.0564897 0.0323605 0.0651021
11.76 0.0592385 0.029365 0.0661174
11.77 0.0619086 0.0263416 0.0672797
11.78 0.0644973 0.0232949 0.0685752
11.79 0.0670015 0.0202282 0.0699885
11.8 0.0694188 0.0171462 0.071505
11.81 0.0717464 0.0140524 0.0731096
11.82 0.0739817 0.0109513 0.0747879
11.83 0.0761223 0.00784664 0.0765257
11.84 0.0781662 0.00474264 0.0783099
11.85 0.0801105 0.00164317 0.0801274
11.86 0.0819535 -0.00144761 0.0819663
11.87 0.083693 -0.00452593 0.0838153
11.88 0.085327 -0.00758744 0.0856637
11.89 0.0868534 -0.0106286 0.0875013
11.9 0.0882708 -0.0136452 0.0893193
11.91 0.0895771 -0.0166334 0.0911083
11.92 0.0907711 -0.0195895 0.0928609
11.93 0.0918508 -0.0225095 0.0945687
11.94 0.0928153 -0.0253899 0.0962254
11.95 0.093663 -0.0282265 0.0978237
11.96 0.0943927 -0.0310162 0.0993579
11.97 0.0950033 -0.033755 0.100822
11.98 0.095494 -0.0364395 0.10221
11.99 0.0958636 -0.0390661 0.103518
12 0.0961115 -0.0416318 0.104741
12.01 0.096237 -0.0441325 0.105874
12.02 0.0962394 -0.0465657 0.106913
12.03 0.0961183 -0.0489276 0.107855
12.04 0.0958733 -0.0512155 0.108696
12.05 0.095504 -0.0534259 0.109432
12.06 0.0950104 -0.0555564 0.110061
12.07 0.0943924 -0.0576035 0.110581
12.08 0.0936497 -0.059565 0.110988
12.09 0.0927829 -0.0614378 0.11128
12.1 0.0917917 -0.0632196 0.111456
12.11 0.090677 -0.0649076 0.111514
12.12 0.0894387 -0.0664996 0.111452
12.13 0.0880775 -0.0679932 0.111269
12.14 0.0865941 -0.0693864 0.110964
12.15 0.0849893 -0.0706767 0.110537
12.16 0.0832634 -0.0718626 0.109986
12.17 0.0814179 -0.0729418 0.109313
12.18 0.0794534 -0.0739129 0.108517
12.19 0.0773712 -0.0747738 0.107598
12.2 0.0751723 -0.0755235 0.106558
12.21 0.0728583 -0.07616 0.105398
12.22 0.07043 -0.0766823 0.104118
12.23 0.0678894 -0.0770892 0.102722
12.24 0.0652375 -0.0773794 0.10121
12.25 0.0624765 -0.0775522 0.0995874
12.26 0.0596075 -0.0776064 0.0978561
12.27 0.0566327 -0.0775417 0.0960207
12.28 0.0535538 -0.077357 0.0940857
12.29 0.0503728 -0.0770521 0.0920567
12.3 0.0470915 -0.0766263 0.08994
12.31 0.0437123 -0.0760797 0.0877433
12.32 0.0402371 -0.0754116 0.0854747
12.33 0.0366682 -0.0746224 0.0831448
12.34 0.0330079 -0.0737119 0.0807649
12.35 0.0292586 -0.0726804 0.0783486
12.36 0.0254225 -0.0715279 0.0759114
12.37 0.0215023 -0.0702553 0.0734721
12.38 0.0175006 -0.0688624 0.0710514
12.39 0.0134195 -0.0673505 0.0686744
12.4 0.0092623 -0.0657197 0.0663692
12.41 0.00503096 -0.0639713 0.0641688
12.42 0.000729046 -0.0621058 0.0621101
12.43 -0.00364147 -0.0601245 0.0602347
12.44 -0.00807714 -0.0580285 0.0585879
12.45 -0.0125755 -0.0558188 0.0572179
12.46 -0.0171333 -0.0534969 0.0561735
12.47 -0.0217482 -0.0510641 0.0555025
12.48 -0.0264165 -0.048522 0.0552469
12.49 -0.0311358 -0.0458721 0.0554409
12.5 -0.0359026 -0.0431162 0.0561071
12.51 -0.0407144 -0.040256 0.0572556
12.52 -0.0455675 -0.0372933 0.0588828
12.53 -0.0504596 -0.03423 0.0609742
12.54 -0.0553866 -0.0310684 0.0635053
12.55 -0.0603464 -0.0278101 0.0664461
12.56 -0.0653352 -0.0244579 0.0697629
12.57 -0.0703502 -0.0210132 0.0734214
12.58 -0.0753881 -0.0174792 0.0773879
12.59 -0.080446 -0.0138577 0.0816308
12.6 -0.0855206 -0.0101514 0.086121
12.61 -0.0906089 -0.00636257 0.090832
12.62 -0.0957076 -0.00249413 0.0957401
12.63 -0.100814 0.00145177 0.100824
12.64 -0.105925 0.00547192 0.106066
12.65 -0.111036 0.009564 0.111448
12.66 -0.116147 0.013725 0.116955
12.67 -0.121252 0.0179522 0.122574
12.68 -0.12635 0.0222425 0.128293
12.69 -0.131437 0.0265934 0.1341
12.7 -0.13651 0.0310015 0.139986
12.71 -0.141567 0.0354641 0.145941
12.72 -0.146604 0.039978 0.151958
12.73 -0.151619 0.0445401 0.158026
12.74 -0.15661 0.0491476 0.16414
12.75 -0.161572 0.0537968 0.170293
12.76 -0.166504 0.0584852 0.176477
12.77 -0.171402 0.0632091 0.182686
12.78 -0.176265 0.0679656 0.188915
12.79 -0.18109 0.0727512 0.195157
12.8 -0.185874 0.0775631 0.201408
12.81 -0.190614 0.0823975 0.207661
12.82 -0.195309 0.0872516 0.213912
12.83 -0.199955 0.0921218 0.220156
12.84 -0.204551 0.0970052 0.226387
12.85 -0.209095 0.101898 0.232602
12.86 -0.213583 0.106797 0.238796
12.87 -0.218015 0.111699 0.244964
12.88 -0.222388 0.116602 0.251102
12.89 -0.226699 0.1215 0.257206
12.9 -0.230948 0.126392 0.263271
12.91 -0.235132 0.131274 0.269295
12.92 -0.239249 0.136142 0.275272
12.93 -0.243297 0.140994 0.281199
12.94 -0.247276 0.145826 0.287072
12.95 -0.251183 0.150635 0.292888
12.96 -0.255016 0.155417 0.298643
12.97 -0.258774 0.160171 0.304333
12.98 -0.262456 0.164892 0.309956
12.99 -0.266061 0.169577 0.315507
13 -0.269586 0.174223 0.320984
13.01 -0.273032 0.178828 0.326383
13.02 -0.276395 0.183388 0.331701
13.03 -0.279677 0.1879 0.336936
13.04 -0.282875 0.192361 0.342083
13.05 -0.285988 0.196769 0.347142
13.06 -0.289016 0.20112 0.352108
13.07 -0.291958 0.205412 0.356979
13.08 -0.294813 0.209642 0.361752
13.09 -0.297581 0.213806 0.366425
13.1 -0.30026 0.217903 0.370995
13.11 -0.30285 0.22193 0.375461
13.12 -0.30535 0.225884 0.379819
13.13 -0.307761 0.229763 0.384068
13.14 -0.310082 0.233563 0.388204
13.15 -0.312313 0.237283 0.392228
13.16 -0.314452 0.24092 0.396135
13.17 -0.316501 0.244472 0.399924
13.18 -0.318459 0.247937 0.403595
13.19 -0.320325 0.251312 0.407143
13.2 -0.322101 0.254595 0.410569
13.21 -0.323785 0.257784 0.413871
13.22 -0.325378 0.260877 0.417046
13.23 -0.326881 0.263871 0.420094
13.24 -0.328293 0.266766 0.423014
13.25 -0.329615 0.269559 0.425803
13.26 -0.330847 0.272248 0.428461
13.27 -0.331989 0.274831 0.430986
13.28 -0.333043 0.277308 0.433379
13.29 -0.334008 0.279675 0.435636
13.3 -0.334885 0.281932 0.437759
13.31 -0.335674 0.284076 0.439746
13.32 -0.336376 0.286108 0.441596
13.33 -0.336992 0.288024 0.443308
13.34 -0.337524 0.289824 0.444882
13.35 -0.33797 0.291506 0.446318
13.36 -0.338332 0.29307 0.447615
13.37 -0.338611 0.294514 0.448772
13.38 -0.338808 0.295837 0.44979
13.39 -0.338924 0.297038 0.450667
13.4 -0.33896 0.298115 0.451405
13.41 -0.338916 0.299069 0.452003
13.42 -0.338794 0.299898 0.45246
13.43 -0.338595 0.3006 0.452777
13.44 -0.338319 0.301177 0.452954
13.45 -0.337969 0.301626 0.452992
13.46 -0.337544 0.301948 0.452889
13.47 -0.337046 0.302141 0.452647
13.48 -0.336477 0.302206 0.452266
13.49 -0.335837 0.302141 0.451747
13.5 -0.335127 0.301946 0.451089
13.51 -0.334349 0.301621 0.450294
13.52 -0.333504 0.301165 0.449361
13.53 -0.332593 0.300579 0.448292
13.54 -0.331617 0.299862 0.447087
13.55 -0.330577 0.299014 0.445748
13.56 -0.329475 0.298035 0.444273
13.57 -0.328312 0.296925 0.442666
13.58 -0.327089 0.295683 0.440926
13.59 -0.325807 0.29431 0.439054
13.6 -0.324467 0.292806 0.437052
13.61 -0.323071 0.291172 0.43492
13.62 -0.321619 0.289406 0.43266
13.63 -0.320114 0.28751 0.430273
13.64 -0.318555 0.285484 0.42776
13.65 -0.316944 0.283329 0.425122
13.66 -0.315282 0.281043 0.42236
13.67 -0.31357 0.278629 0.419476
13.68 -0.311809 0.276086 0.416472
13.69 -0.310001 0.273416 0.413348
13.7 -0.308145 0.270618 0.410107
13.71 -0.306244 0.267693 0.406749
13.72 -0.304297 0.264642 0.403277
13.73 -0.302306 0.261466 0.399692
13.74 -0.300272 0.258165 0.395996
13.75 -0.298195 0.254741 0.39219
13.76 -0.296077 0.251193 0.388278
13.77 -0.293918 0.247523 0.384259
13.78 -0.291718 0.243732 0.380138
13.79 -0.289478 0.239821 0.375915
13.8 -0.2872 0.235791 0.371593
13.81 -0.284883 0.231643 0.367174
13.82 -0.282528 0.227378 0.362661
13.83 -0.280135 0.222997 0.358055
13.84 -0.277706 0.218501 0.35336
13.85 -0.27524 0.213892 0.348578
13.86 -0.272737 0.209172 0.343713
13.87 -0.270199 0.20434 0.338766
13.88 -0.267624 0.199399 0.333741
13.89 -0.265014 0.194351 0.328641
13.9 -0.262369 0.189196 0.32347
13.91 -0.259689 0.183936 0.31823
13.92 -0.256973 0.178573 0.312927
13.93 -0.254223 0.173108 0.307564
13.94 -0.251437 0.167543 0.302144
13.95 -0.248616 0.16188 0.296673
13.96 -0.245759 0.156121 0.291155
13.97 -0.242868 0.150267 0.285596
13.98 -0.23994 0.14432 0.279999
13.99 -0.236977 0.138283 0.274372
14 -0.233978 0.132156 0.26872
14.01 -0.230942 0.125943 0.263051
14.02 -0.227869 0.119644 0.25737
14.03 -0.22476 0.113263 0.251686
14.04 -0.221613 0.106801 0.246006
14.05 -0.218428 0.100261 0.24034
14.06 -0.215205 0.0936443 0.234696
14.07 -0.211943 0.0869537 0.229087
14.08 -0.208641 0.0801915 0.223521
14.09 -0.2053 0.0733603 0.218013
14.1 -0.201917 0.0664619 0.212574
14.11 -0.198494 0.0594994 0.20722
14.12 -0.195029 0.0524749 0.201965
14.13 -0.191521 0.0453913 0.196826
14.14 -0.18797 0.0382506 0.191822
14.15 -0.184375 0.0310563 0.186972
14.16 -0.180736 0.0238103 0.182297
14.17 -0.177051 0.0165159 0.177819
14.18 -0.17332 0.00917551 0.173562
14.19 -0.169542 0.00179224 0.169551
14.2 -0.165716 -0.00563127 0.165812
14.21 -0.161842 -0.0130919 0.162371
14.22 -0.157919 -0.020587 0.159255
14.23 -0.153946 -0.028113 0.156492
14.24 -0.149922 -0.0356677 0.154106
14.25 -0.145846 -0.0432471 0.152123
14.26 -0.141719 -0.0508487 0.150565
14.27 -0.137538 -0.0584692 0.14945
14.28 -0.133303 -0.0661052 0.148794
14.29 -0.129014 -0.0737537 0.148608
14.3 -0.12467 -0.0814113 0.148897
14.31 -0.11987 -0.0888144 0.149188
14.32 -0.114631 -0.0959355 0.149479
14.33 -0.108968 -0.102749 0.149771
14.34 -0.1029 -0.109229 0.150064
14.35 -0.096445 -0.115352 0.150359
14.36 -0.0896254 -0.121094 0.150654
14.37 -0.0824629 -0.126435 0.15095
14.38 -0.0749816 -0.131352 0.151247
14.39 -0.0672057 -0.135828 0.151545
14.4 -0.059162 -0.139844 0.151843
14.41 -0.050877 -0.143385 0.152143
14.42 -0.0423791 -0.146435 0.152444
14.43 -0.0336972 -0.148982 0.152746
14.44 -0.024861 -0.151015 0.153048
14.45 -0.0159009 -0.152525 0.153352
14.46 -0.00684798 -0.153503 0.153656
14.47 0.00226623 -0.153945 0.153961
14.48 0.0114102 -0.153845 0.154267
14.49 0.0205515 -0.153202 0.154574
14.5 0.0296581 -0.152016 0.154882
14.51 0.0386976 -0.150289 0.155191
14.52 0.0476379 -0.148024 0.155501
14.53 0.0564469 -0.145227 0.155811
14.54 0.0650932 -0.141906 0.156123
14.55 0.073545 -0.138069 0.156435
14.56 0.0817725 -0.133729 0.156749
14.57 0.0897445 -0.128898 0.157063
14.58 0.0974328 -0.123591 0.157378
14.59 0.104808 -0.117824 0.157694
14.6 0.111844 -0.111617 0.158011
14.61 0.118512 -0.104989 0.158328
14.62 0.124789 -0.0979614 0.158647
14.63 0.13065 -0.0905575 0.158966
14.64 0.136073 -0.0828022 0.159286
14.65 0.141037 -0.0747208 0.159607
14.66 0.145521 -0.066341 0.159929
14.67 0.149508 -0.0576906 0.160252
14.68 0.152981 -0.0487996 0.160576
14.69 0.155926 -0.039698 0.1609
14.7 0.158331 -0.0304176 0.161226
14.71 0.160183 -0.0209898 0.161552
14.72 0.161474 -0.0114485 0.161879
14.73 0.162197 -0.00182585 0.162207
14.74 0.162347 0.00784342 0.162536
14.75 0.16192 0.0175258 0.162866
14.76 0.160916 0.0271863 0.163196
14.77 0.159335 0.0367912 0.163528
14.78 0.157181 0.0463055 0.16386
14.79 0.154458 0.0556952 0.164193
14.8 0.151174 0.0649262 0.164526
14.81 0.147338 0.073965 0.164861
14.82 0.14296 0.0827785 0.165196
14.83 0.138055 0.0913343 0.165533
14.84 0.132636 0.0996007 0.165869
14.85 0.126722 0.107547 0.166207
14.86 0.120331 0.115143 0.166546
14.87 0.113483 0.122361 0.166885
14.88 0.106201 0.129172 0.167225
14.89 0.0985096 0.135551 0.167566
14.9 0.0904334 0.141473 0.167907
14.91 0.0819999 0.146914 0.168249
14.92 0.0732374 0.151854 0.168592
14.93 0.0641761 0.156271 0.168936
14.94 0.0548467 0.160149 0.16928
14.95 0.0452816 0.16347 0.169625
14.96 0.0355139 0.16622 0.169971
14.97 0.0255776 0.168386 0.170318
14.98 0.0155076 0.169959 0.170665
14.99 0.0053393 0.170929 0.171012
15 -0.00489131 0.171291 0.171361
15.01 -0.0151477 0.171041 0.17171
15.02 -0.0253933 0.170176 0.17206
15.03 -0.0355914 0.168697 0.17241
15.04 -0.0457047 0.166606 0.172761
15.05 -0.0556972 0.163908 0.173113
15.06 -0.0655316 0.16061 0.173465
15.07 -0.0751726 0.156722 0.173818
15.08 -0.084584 0.152253 0.174171
15.09 -0.0937314 0.147219 0.174525
15.1 -0.10258 0.141633 0.174879
15.11 -0.111098 0.135515 0.175234
15.12 -0.119251 0.128883 0.17559
15.13 -0.12701 0.121759 0.175946
15.14 -0.134344 0.114167 0.176302
15.15 -0.141225 0.106131 0.176659
15.16 -0.147626 0.0976792 0.177016
15.17 -0.153522 0.0888395 0.177374
15.18 -0.158889 0.0796421 0.177732
15.19 -0.163706 0.0701191 0.178091
15.2 -0.167952 0.0603026 0.17845
15.21 -0.17161 0.0502277 0.178809
15.22 -0.174663 0.0399288 0.179169
15.23 -0.177098 0.0294429 0.179529
15.24 -0.178904 0.0188063 0.17989
15.25 -0.18007 0.00805775 0.180251
15.26 -0.180591 -0.0027652 0.180612
15.27 -0.18046 -0.013623 0.180973
15.28 -0.179676 -0.024477 0.181335
15.29 -0.178238 -0.0352873 0.181697
15.3 -0.176149 -0.046015 0.18206
15.31 -0.173413 -0.0566203 0.182422
15.32 -0.170037 -0.0670647 0.182785
15.33 -0.166032 -0.0773089 0.183148
15.34 -0.161408 -0.0873155 0.183512
15.35 -0.156179 -0.0970466 0.183875
15.36 -0.150363 -0.106466 0.184239
15.37 -0.143977 -0.115537 0.184603
15.38 -0.137042 -0.124227 0.184967
15.39 -0.129581 -0.1325 0.185331
15.4 -0.121619 -0.140327 0.185696
15.41 -0.113182 -0.147676 0.18606
15.42 -0.1043 -0.154517 0.186425
15.43 -0.0950026 -0.160826 0.18679
15.44 -0.0853219 -0.166574 0.187155
15.45 -0.0752913 -0.171741 0.18752
15.46 -0.0649464 -0.176303 0.187885
15.47 -0.0543231 -0.180242 0.18825
15.48 -0.0434592 -0.183541 0.188616
15.49 -0.0323933 -0.186184 0.188981
15.5 -0.0211648 -0.18816 0.189347
15.51 -0.0098143 -0.189459 0.189713
15.52 0.00161776 -0.190071 0.190078
15.53 0.0130893 -0.189994 0.190444
15.54 0.0245592 -0.189223 0.19081
15.55 0.0359851 -0.187759 0.191176
15.56 0.0473252 -0.185604 0.191542
15.57 0.0585374 -0.182763 0.191908
15.58 0.0695806 -0.179243 0.192274
15.59 0.0804131 -0.175055 0.192641
15.6 0.090995 -0.17021 0.193007
15.61 0.101286 -0.164725 0.193373
15.62 0.111247 -0.158616 0.193739
15.63 0.120841 -0.151903 0.194106
15.64 0.13003 -0.144609 0.194472
15.65 0.138779 -0.136756 0.194838
15.66 0.147056 -0.128373 0.195205
15.67 0.154825 -0.119487 0.195571
15.68 0.162059 -0.110129 0.195938
15.69 0.168727 -0.100332 0.196304
15.7 0.174803 -0.090129 0.19667
15.71 0.180262 -0.0795563 0.197037
15.72 0.185081 -0.0686513 0.197403
15.73 0.18924 -0.0574525 0.197769
15.74 0.192722 -0.0460002 0.198136
15.75 0.19551 -0.0343349 0.198502
15.76 0.197592 -0.0224993 0.198868
15.77 0.198956 -0.0105354 0.199235
15.78 0.199595 0.00151238 0.199601
15.79 0.199504 0.0136009 0.199967
15.8 0.19868 0.0256851 0.200333
15.81 0.197123 0.0377212 0.2007
15.82 0.194835 0.0496639 0.201065
15.83 0.191823 0.0614695 0.201432
15.84 0.188094 0.0730936 0.201797
15.85 0.18366 0.0844927 0.202164
15.86 0.178534 0.0956239 0.202529
15.87 0.172731 0.106445 0.202895
15.88 0.166271 0.116915 0.203261
15.89 0.159174 0.126994 0.203627
15.9 0.151465 0.136643 0.203993
15.91 0.14317 0.145824 0.204358
15.92 0.134316 0.154503 0.204724
15.93 0.124935 0.162644 0.205089
15.94 0.115057 0.170216 0.205455
15.95 0.10472 0.177188 0.20582
15.96 0.0939579 0.183533 0.206185
15.97 0.0828097 0.189223 0.20655
15.98 0.0713149 0.194237 0.206915
15.99 0.0595148 0.198552 0.20728
16 0.0474518 0.20215 0.207645
16.01 0.0351693 0.205015 0.208009
16.02 0.0227123 0.207132 0.208374
16.03 0.0101259 0.208492 0.208738
16.04 -0.00254357 0.209087 0.209103
16.05 -0.0152497 0.208911 0.209467
16.06 -0.0279451 0.207961 0.209831
16.07 -0.0405833 0.206239 0.210194
16.08 -0.0531166 0.203748 0.210558
16.09 -0.0654987 0.200493 0.210921
16.1 -0.0776824 0.196485 0.211284
16.11 -0.0896224 0.191735 0.211647
16.12 -0.101273 0.186258 0.21201
16.13 -0.11259 0.180072 0.212373
16.14 -0.12353 0.173195 0.212735
16.15 -0.134051 0.165653 0.213098
16.16 -0.144112 0.15747 0.213459
16.17 -0.153674 0.148674 0.213821
16.18 -0.162699 0.139295 0.214182
16.19 -0.171153 0.129366 0.214544
16.2 -0.179001 0.118922 0.214905
16.21 -0.186212 0.108001 0.215265
16.22 -0.192757 0.0966392 0.215626
16.23 -0.198608 0.0848797 0.215986
16.24 -0.203742 0.0727635 0.216345
16.25 -0.208136 0.0603352 0.216705
16.26 -0.211772 0.0476392 0.217064
16.27 -0.214632 0.0347225 0.217423
16.28 -0.216704 0.0216319 0.217781
16.29 -0.217977 0.00841616 0.218139
16.3 -0.218443 -0.00487649 0.218497
16.31 -0.218096 -0.0181962 0.218854
16.32 -0.216937 -0.0314935 0.219211
16.33 -0.214965 -0.0447188 0.219567
16.34 -0.212186 -0.0578222 0.219923
16.35 -0.208606 -0.0707543 0.220279
16.36 -0.204237 -0.0834663 0.220634
16.37 -0.199091 -0.0959096 0.220989
16.38 -0.193186 -0.108037 0.221343
16.39 -0.18654 -0.119802 0.221697
16.4 -0.179175 -0.131158 0.22205
16.41 -0.171117 -0.142063 0.222403
16.42 -0.162393 -0.152473 0.222755
16.43 -0.153034 -0.162349 0.223107
16.44 -0.143073 -0.171649 0.223458
16.45 -0.132543 -0.18034 0.223808
16.46 -0.121484 -0.188384 0.224158
16.47 -0.109935 -0.19575 0.224508
16.48 -0.0979367 -0.202408 0.224857
16.49 -0.0855332 -0.20833 0.225205
16.5 -0.0727696 -0.213491 0.225553
16.51 -0.0596924 -0.21787 0.2259
16.52 -0.0463497 -0.221447 0.226246
16.53 -0.0327909 -0.224207 0.226592
16.54 -0.0190658 -0.226135 0.226937
16.55 -0.00522603 -0.227221 0.227282
16.56 0.00867752 -0.22746 0.227625
16.57 0.022592 -0.226846 0.227969
16.58 0.036466 -0.22538 0.228311
16.59 0.0502461 -0.223064 0.228653
16.6 0.0638813 -0.219903 0.228994
16.61 0.0773185 -0.215907 0.229334
16.62 0.0905077 -0.211089 0.229674
16.63 0.103397 -0.205463 0.230013
16.64 0.115939 -0.199048 0.230351
16.65 0.128083 -0.191865 0.230689
16.66 0.139782 -0.18394 0.231026
16.67 0.150992 -0.175299 0.231362
16.68 0.161669 -0.165972 0.231697
16.69 0.17177 -0.155993 0.232032
16.7 0.181255 -0.145398 0.232366
16.71 0.190086 -0.134224 0.232699
16.72 0.198229 -0.122511 0.233032
16.73 0.20565 -0.110302 0.233363
16.74 0.212318 -0.0976412 0.233694
16.75 0.218207 -0.0845753 0.234024
16.76 0.223291 -0.0711525 0.234353
16.77 0.227549 -0.0574219 0.234682
16.78 0.230961 -0.0434349 0.235009
16.79 0.233513 -0.0292433 0.235337
16.8 0.235191 -0.0149002 0.235662
16.81 0.235987 -0.000459435 0.235988
16.82 0.235896 0.0140247 0.236312
16.83 0.234914 0.0284976 0.236636
16.84 0.233042 0.0429042 0.236959
16.85 0.230286 0.0571899 0.237281
16.86 0.226651 0.0713004 0.237602
16.87 0.222151 0.0851812 0.237922
16.88 0.216798 0.0987796 0.238241
16.89 0.210612 0.112043 0.23856
16.9 0.203612 0.124919 0.238878
16.91 0.195822 0.13736 0.239195
16.92 0.187271 0.149315 0.239511
16.93 0.177987 0.160738 0.239826
16.94 0.168005 0.171585 0.24014
16.95 0.157359 0.181813 0.240453
16.96 0.146089 0.19138 0.240766
16.97 0.134235 0.200248 0.241077
16.98 0.12184 0.208382 0.241388
16.99 0.108951 0.215749 0.241698
17 0.0956141 0.222318 0.242007
17.01 0.0818789 0.228062 0.242315
17.02 0.0677972 0.232957 0.242622
17.03 0.0534205 0.236982 0.242928
17.04 0.0388037 0.240118 0.243233
17.05 0.0240007 0.242352 0.243538
17.06 0.00906827 0.243673 0.243841
17.07 -0.00593807 0.244072 0.244144
17.08 -0.0209605 0.243545 0.244445
17.09 -0.0359427 0.242093 0.244746
17.1 -0.0508267 0.239717 0.245046
17.11 -0.0655562 0.236424 0.245345
17.12 -0.0800741 0.232225 0.245643
17.13 -0.0943249 0.227132 0.24594
17.14 -0.108253 0.221163 0.246236
17.15 -0.121805 0.214339 0.246531
17.16 -0.134928 0.206681 0.246825
17.17 -0.14757 0.198218 0.247118
17.18 -0.159683 0.188979 0.24741
17.19 -0.171218 0.178999 0.247702
17.2 -0.182129 0.168312 0.247992
17.21 -0.192374 0.156958 0.248281
17.22 -0.201912 0.144977 0.248569
17.23 -0.210703 0.132416 0.248857
17.24 -0.218713 0.119319 0.249143
17.25 -0.225908 0.105735 0.249428
17.26 -0.23226 0.0917154 0.249713
17.27 -0.237741 0.0773122 0.249996
17.28 -0.242328 0.0625796 0.250278
17.29 -0.246002 0.047573 0.25056
17.3 -0.248745 0.0323491 0.25084
17.31 -0.250545 0.0169659 0.251119
17.32 -0.251393 0.00148152 0.251397
17.33 -0.251282 -0.0140449 0.251674
17.34 -0.250211 -0.0295537 0.25195
17.35 -0.248181 -0.0449858 0.252225
17.36 -0.245198 -0.0602813 0.252499
17.37 -0.24127 -0.0753819 0.252772
17.38 -0.23641 -0.0902284 0.253043
17.39 -0.230635 -0.104764 0.253314
17.4 -0.223963 -0.118931 0.253583
17.41 -0.21642 -0.132675 0.253851
17.42 -0.208031 -0.145942 0.254118
17.43 -0.198826 -0.15868 0.254384
17.44 -0.188839 -0.170838 0.254648
17.45 -0.178106 -0.182368 0.254912
17.46 -0.166667 -0.193224 0.255174
17.47 -0.154564 -0.203364 0.255435
17.48 -0.141842 -0.212745 0.255694
17.49 -0.128548 -0.221331 0.255953
17.5 -0.114731 -0.229086 0.25621
17.51 -0.100446 -0.235978 0.256466
17.52 -0.0857432 -0.241978 0.25672
17.53 -0.0706807 -0.247062 0.256974
17.54 -0.0553145 -0.251208 0.257226
17.55 -0.039704 -0.254397 0.257476
17.56 -0.023908 -0.256614 0.257726
17.57 -0.00798772 -0.25785 0.257973
17.58 0.00799628 -0.258096 0.25822
17.59 0.0239821 -0.25735 0.258465
17.6 0.0399082 -0.255612 0.258709
17.61 0.0557128 -0.252887 0.258951
17.62 0.0713348 -0.249183 0.259192
17.63 0.0867129 -0.244511 0.259432
17.64 0.101788 -0.238889 0.25967
17.65 0.1165 -0.232334 0.259906
17.66 0.130792 -0.224872 0.260142
17.67 0.144607 -0.216527 0.260375
17.68 0.157891 -0.207332 0.260607
17.69 0.170592 -0.197319 0.260838
17.7 0.182658 -0.186526 0.261067
17.71 0.194043 -0.174992 0.261295
17.72 0.204699 -0.162762 0.261521
17.73 0.214585 -0.149879 0.261745
17.74 0.22366 -0.136394 0.261968
17.75 0.231888 -0.122358 0.262189
17.76 0.239234 -0.107823 0.262409
17.77 0.245669 -0.0928443 0.262627
17.78 0.251165 -0.0774802 0.262844
17.79 0.255699 -0.0617891 0.263059
17.8 0.259252 -0.0458309 0.263272
17.81 0.261808 -0.0296679 0.263484
17.82 0.263355 -0.0133615 0.263694
17.83 0.263885 0.00302436 0.263902
17.84 0.263394 0.0194269 0.264109
17.85 0.261881 0.0357817 0.264314
17.86 0.259351 0.0520256 0.264518
17.87 0.255812 0.0680947 0.26472
17.88 0.251274 0.0839266 0.26492
17.89 0.245755 0.0994587 0.265118
17.9 0.239274 0.11463 0.265315
17.91 0.231853 0.129382 0.26551
17.92 0.223521 0.143655 0.265703
17.93 0.214308 0.157392 0.265895
17.94 0.204248 0.17054 0.266085
17.95 0.193379 0.183046 0.266273
17.96 0.181743 0.19486 0.26646
17.97 0.169382 0.205935 0.266645
17.98 0.156344 0.216226 0.266828
17.99 0.142678 0.225693 0.26701
18 0.128437 0.234295 0.267189
18.01 0.113676 0.241998 0.267367
18.02 0.0984505 0.248771 0.267544
18.03 0.0828199 0.254586 0.267718
18.04 0.0668447 0.259417 0.267891
18.05 0.0505863 0.263246 0.268062
18.06 0.0341081 0.266054 0.268231
18.07 0.0174742 0.26783 0.268399
18.08 0.000749213 0.268564 0.268565
18.09 -0.0160016 0.268253 0.26873
18.1 -0.0327126 0.266895 0.268892
18.11 -0.0493183 0.264494 0.269053
18.12 -0.065754 0.261058 0.269212
18.13 -0.0819542 0.256599 0.269369
18.14 -0.0978559 0.251133 0.269525
18.15 -0.113396 0.244679 0.269678
18.16 -0.128513 0.237262 0.269831
18.17 -0.143146 0.228908 0.269981
18.18 -0.157239 0.219649 0.270129
18.19 -0.170735 0.209521 0.270276
18.2 -0.183579 0.198561 0.270421
18.21 -0.195721 0.186811 0.270564
18.22 -0.207112 0.174316 0.270706
18.23 -0.217706 0.161125 0.270845
18.24 -0.227461 0.147288 0.270983
18.25 -0.236335 0.132858 0.271119
18.26 -0.244295 0.117891 0.271254
18.27 -0.251307 0.102446 0.271386
18.28 -0.257342 0.0865825 0.271516
18.29 -0.262374 0.0703618 0.271645
18.3 -0.266384 0.053848 0.271772
18.31 -0.269353 0.037105 0.271897
18.32 -0.271269 0.0201991 0.27202
18.33 -0.272123 0.00319611 0.272142
18.34 -0.271909 -0.0138367 0.272261
18.35 -0.270628 -0.0308328 0.272379
18.36 -0.268282 -0.0477246 0.272494
18.37 -0.264881 -0.0644458 0.272608
18.38 -0.260435 -0.0809299 0.27272
18.39 -0.254961 -0.0971119 0.27283
18.4 -0.24848 -0.112927 0.272937
18.41 -0.241016 -0.128313 0.273044
18.42 -0.232596 -0.143209 0.273147
18.43 -0.223254 -0.157554 0.27325
18.44 -0.213024 -0.171292 0.27335
18.45 -0.201947 -0.184367 0.273448
18.46 -0.190064 -0.196727 0.273544
18.47 -0.177423 -0.208323 0.273638
18.48 -0.164073 -0.219107 0.27373
18.49 -0.150064 -0.229037 0.273819
18.5 -0.135453 -0.238071 0.273907
18.51 -0.120296 -0.246173 0.273993
18.52 -0.104652 -0.25331 0.274077
18.53 -0.0885837 -0.259453 0.274158
18.54 -0.0721538 -0.264575 0.274238
18.55 -0.0554269 -0.268657 0.274315
18.56 -0.0384694 -0.27168 0.27439
18.57 -0.0213479 -0.273631 0.274463
18.58 -0.0041309 -0.274503 0.274534
18.59 0.0131143 -0.274289 0.274602
18.6 0.0303181 -0.27299 0.274668
18.61 0.0474133 -0.27061 0.274733
18.62 0.0643308 -0.267158 0.274794
18.63 0.081004 -0.262646 0.274854
18.64 0.0973658 -0.257092 0.274911
18.65 0.113351 -0.250516 0.274967
18.66 0.128896 -0.242943 0.275019
18.67 0.143938 -0.234404 0.27507
18.68 0.158417 -0.224931 0.275118
18.69 0.172275 -0.214561 0.275164
18.7 0.185456 -0.203335 0.275207
18.71 0.197907 -0.191297 0.275248
18.72 0.209578 -0.178494 0.275287
18.73 0.220422 -0.164977 0.275324
18.74 0.230394 -0.150799 0.275357
18.75 0.239455 -0.136016 0.275389
18.76 0.247568 -0.120688 0.275418
18.77 0.254699 -0.104874 0.275445
18.78 0.260819 -0.0886377 0.275469
18.79 0.265904 -0.0720438 0.275491
18.8 0.269933 -0.0551582 0.275511
18.81 0.272888 -0.0380482 0.275528
18.82 0.274757 -0.0207823 0.275542
18.83 0.275533 -0.00342942 0.275554
18.84 0.275211 0.013941 0.275564
18.85 0.273792 0.0312597 0.27557
18.86 0.271281 0.0484567 0.275575
18.87 0.267688 0.0654637 0.275577
18.88 0.263027 0.082212 0.275576
18.89 0.257316 0.0986347 0.275573
18.9 0.250578 0.114665 0.275567
18.91 0.242838 0.13024 0.275559
18.92 0.234128 0.145295 0.275548
18.93 0.224482 0.159772 0.275535
18.94 0.213939 0.17361 0.275519
18.95 0.202541 0.186755 0.2755
18.96 0.190333 0.199153 0.275479
18.97 0.177364 0.210755 0.275455
18.98 0.163686 0.221513 0.275429
18.99 0.149354 0.231384 0.2754
19 0.134425 0.240328 0.275368
19.01 0.118959 0.248309 0.275334
19.02 0.103019 0.255295 0.275297
19.03 0.0866679 0.261258 0.275258
19.04 0.069972 0.266172 0.275216
19.05 0.0529988 0.270019 0.275171
19.06 0.0358158 0.272783 0.275124
19.07 0.0184933 0.274451 0.275074
19.08 0.00110012 0.275019 0.275021
19.09 -0.0162929 0.274483 0.274966
19.1 -0.0336161 0.272845 0.274908
19.11 -0.0507992 0.270112 0.274847
19.12 -0.0677732 0.266295 0.274784
19.13 -0.0844693 0.261409 0.274718
19.14 -0.10082 0.255475 0.27465
19.15 -0.11676 0.248516 0.274578
19.16 -0.132224 0.24056 0.274504
19.17 -0.14715 0.23164 0.274427
19.18 -0.161478 0.221792 0.274348
19.19 -0.17515 0.211055 0.274266
19.2 -0.18811 0.199474 0.274181
19.21 -0.200307 0.187095 0.274094
19.22 -0.21169 0.173969 0.274003
19.23 -0.222215 0.160148 0.273911
19.24 -0.231838 0.14569 0.273815
19.25 -0.240522 0.130652 0.273716
19.26 -0.24823 0.115096 0.273615
19.27 -0.254932 0.0990847 0.273511
19.28 -0.260602 0.0826836 0.273404
19.29 -0.265216 0.0659595 0.273295
19.3 -0.268755 0.0489798 0.273182
19.31 -0.271207 0.0318141 0.273067
19.32 -0.272562 0.0145316 0.272949
19.33 -0.272813 -0.00279671 0.272828
19.34 -0.271962 -0.0201013 0.272704
19.35 -0.270012 -0.0373109 0.272577
19.36 -0.26697 -0.0543565 0.272448
19.37 -0.262851 -0.0711679 0.272315
19.38 -0.257671 -0.0876777 0.27218
19.39 -0.251452 -0.103818 0.272041
19.4 -0.244221 -0.119524 0.2719
19.41 -0.236006 -0.134731 0.271756
19.42 -0.226842 -0.149379 0.271609
19.43 -0.216767 -0.163407 0.271459
19.44 -0.205823 -0.176759 0.271306
19.45 -0.194054 -0.189381 0.271149
19.46 -0.18151 -0.201221 0.27099
19.47 -0.168242 -0.212232 0.270828
19.48 -0.154304 -0.22237 0.270663
19.49 -0.139755 -0.231594 0.270495
19.5 -0.124654 -0.239867 0.270323
19.51 -0.109063 -0.247155 0.270149
19.52 -0.0930469 -0.25343 0.269971
19.53 -0.0766707 -0.258667 0.269791
19.54 -0.0600022 -0.262845 0.269607
19.55 -0.0431099 -0.265949 0.26942
19.56 -0.0260628 -0.267965 0.26923
19.57 -0.00893135 -0.268888 0.269037
19.58 0.00821453 -0.268715 0.26884
19.59 0.0253042 -0.267446 0.268641
19.6 0.042268 -0.265089 0.268438
19.61 0.0590361 -0.261654 0.268232
19.62 0.0755404 -0.257157 0.268022
19.63 0.0917127 -0.251617 0.26781
19.64 0.107488 -0.245057 0.267594
19.65 0.1228 -0.237507 0.267375
19.66 0.137589 -0.228997 0.267153
19.67 0.151792 -0.219565 0.266927
19.68 0.165354 -0.209251 0.266698
19.69 0.178218 -0.198096 0.266465
19.7 0.190332 -0.18615 0.26623
19.71 0.201648 -0.173461 0.26599
19.72 0.21212 -0.160084 0.265748
19.73 0.221706 -0.146073 0.265502
19.74 0.230368 -0.131488 0.265252
19.75 0.238071 -0.11639 0.264999
19.76 0.244785 -0.100842 0.264743
19.77 0.250484 -0.0849078 0.264483
19.78 0.255145 -0.068655 0.26422
19.79 0.258751 -0.05215 0.263954
19.8 0.261288 -0.0354625 0.263683
19.81 0.262748 -0.018661 0.26341
19.82 0.263126 -0.00181545 0.263132
19.83 0.262423 0.0150045 0.262852
19.84 0.260643 0.0317292 0.262567
19.85 0.257796 0.0482897 0.26228
19.86 0.253894 0.0646179 0.261988
19.87 0.248957 0.0806461 0.261693
19.88 0.243006 0.0963089 0.261395
19.89 0.236068 0.111542 0.261093
19.9 0.228172 0.126282 0.260787
19.91 0.219355 0.14047 0.260478
19.92 0.209654 0.154048 0.260165
19.93 0.199111 0.16696 0.259848
19.94 0.187772 0.179155 0.259528
19.95 0.175685 0.190583 0.259204
19.96 0.162902 0.201197 0.258877
19.97 0.149477 0.210956 0.258546
19.98 0.135468 0.219821 0.258211
19.99 0.120934 0.227757 0.257873
20 0.105937 0.234733 0.257531
20.01 0.0905394 0.240721 0.257185
20.02 0.0748078 0.2457 0.256836
20.03 0.0588072 0.24965 0.256483
20.04 0.0426055 0.252558 0.256126
20.05 0.0262703 0.254413 0.255766
20.06 0.00987034 0.255211 0.255402
20.07 -0.00652633 0.254951 0.255034
20.08 -0.0228506 0.253635 0.254663
20.09 -0.0390353 0.251274 0.254288
20.1 -0.0550124 0.247878 0.253909
20.11 -0.0707165 0.243465 0.253527
20.12 -0.0860823 0.238055 0.253141
20.13 -0.101046 0.231674 0.252751
20.14 -0.115547 0.224351 0.252358
20.15 -0.129526 0.216119 0.251961
20.16 -0.142925 0.207015 0.25156
20.17 -0.155689 0.197079 0.251156
20.18 -0.167768 0.186355 0.250748
20.19 -0.179113 0.174891 0.250336
20.2 -0.189677 0.162735 0.249921
20.21 -0.199419 0.149943 0.249501
20.22 -0.208301 0.136567 0.249079
20.23 -0.216288 0.122668 0.248652
20.24 -0.223348 0.108303 0.248222
20.25 -0.229455 0.0935356 0.247788
20.26 -0.234587 0.0784284 0.24735
20.27 -0.238724 0.0630455 0.246909
20.28 -0.241852 0.0474532 0.246464
20.29 -0.243962 0.0317165 0.246015
20.3 -0.245047 0.0159032 0.245562
20.31 -0.245106 7.92002e-05 0.245106
20.32 -0.244143 -0.0156883 0.244646
20.33 -0.242164 -0.0313338 0.244183
20.34 -0.239182 -0.0467909 0.243715
20.35 -0.235211 -0.0619961 0.243244
20.36 -0.230273 -0.0768854 0.24277
20.37 -0.224391 -0.0913977 0.242291
20.38 -0.217594 -0.105472 0.241809
20.39 -0.209912 -0.119053 0.241323
20.4 -0.201382 -0.132082 0.240833
20.41 -0.192044 -0.144507 0.240339
20.42 -0.181937 -0.156279 0.239842
20.43 -0.17111 -0.167349 0.239341
20.44 -0.159609 -0.177673 0.238836
20.45 -0.147486 -0.187211 0.238327
20.46 -0.134795 -0.195924 0.237815
20.47 -0.121591 -0.20378 0.237299
20.48 -0.107932 -0.210748 0.236779
20.49 -0.0938787 -0.216802 0.236255
20.5 -0.0794909 -0.22192 0.235727
20.51 -0.0648316 -0.226084 0.235196
20.52 -0.0499638 -0.22928 0.234661
20.53 -0.0349515 -0.231498 0.234121
20.54 -0.0198589 -0.232733 0.233579
20.55 -0.0047506 -0.232983 0.233032
20.56 0.0103092 -0.232253 0.232481
20.57 0.0252568 -0.230547 0.231927
20.58 0.0400287 -0.22788 0.231369
20.59 0.0545636 -0.224264 0.230807
20.6 0.0687995 -0.219721 0.23024
20.61 0.0826783 -0.214273 0.229671
20.62 0.0961414 -0.207948 0.229097
20.63 0.109134 -0.200776 0.22852
20.64 0.121602 -0.192792 0.227938
20.65 0.133496 -0.184034 0.227353
20.66 0.144766 -0.174542 0.226764
20.67 0.155368 -0.16436 0.226171
20.68 0.165259 -0.153535 0.225574
20.69 0.174402 -0.142117 0.224974
20.7 0.182759 -0.130157 0.224369
20.71 0.190299 -0.117709 0.223761
20.72 0.196994 -0.104828 0.223149
20.73 0.202819 -0.0915718 0.222533
20.74 0.207754 -0.0779987 0.221913
20.75 0.211781 -0.0641692 0.221289
20.76 0.214889 -0.050143 0.220662
20.77 0.217069 -0.0359819 0.220031
20.78 0.218315 -0.0217471 0.219396
20.79 0.218628 -0.00750005 0.218757
20.8 0.218012 0.006698 0.218114
20.81 0.216472 0.0207862 0.217468
20.82 0.214022 0.0347046 0.216818
20.83 0.210677 0.0483944 0.216164
20.84 0.206456 0.0617977 0.215506
20.85 0.201381 0.0748588 0.214845
20.86 0.195481 0.0875228 0.21418
20.87 0.188784 0.0997382 0.213511
20.88 0.181324 0.111454 0.212839
20.89 0.173138 0.122623 0.212163
20.9 0.164264 0.1332 0.211483
20.91 0.154747 0.143144 0.2108
20.92 0.144629 0.152414 0.210113
20.93 0.133959 0.160975 0.209423
20.94 0.122786 0.168794 0.208729
20.95 0.111161 0.175842 0.208032
20.96 0.0991375 0.182092 0.20733
20.97 0.0867699 0.187524 0.206626
20.98 0.0741134 0.192118 0.205918
20.99 0.0612252 0.19586 0.205207
21 0.048162 0.198739 0.204492
21.01 0.0349823 0.200749 0.203774
21.02 0.021743 0.201885 0.203052
21.03 0.00850294 0.202148 0.202327
21.04 -0.0046814 0.201545 0.201599
21.05 -0.0177523 0.200081 0.200867
21.06 -0.0306545 0.197771 0.200133
21.07 -0.0433326 0.194629 0.199394
21.08 -0.0557332 0.190675 0.198653
21.09 -0.0678043 0.185931 0.197908
21.1 -0.0794956 0.180424 0.197161
21.11 -0.0907589 0.174183 0.19641
21.12 -0.101548 0.16724 0.195656
21.13 -0.11182 0.15963 0.194899
21.14 -0.121533 0.151392 0.194139
21.15 -0.130649 0.142566 0.193375
21.16 -0.139132 0.133194 0.192609
21.17 -0.146951 0.123321 0.19184
21.18 -0.154075 0.112995 0.191068
21.19 -0.160479 0.102263 0.190293
21.2 -0.166141 0.0911759 0.189515
21.21 -0.171041 0.0797847 0.188734
21.22 -0.175163 0.0681408 0.18795
21.23 -0.178496 0.0562983 0.187164
21.24 -0.18103 0.0443093 0.186374
21.25 -0.182762 0.0322285 0.185582
21.26 -0.18369 0.0201089 0.184787
21.27 -0.183815 0.00800437 0.183989
21.28 -0.183145 -0.00403259 0.183189
21.29 -0.181687 -0.015949 0.182386
21.3 -0.179456 -0.0276943 0.18158
21.31 -0.176467 -0.0392174 0.180772
21.32 -0.172739 -0.0504704 0.179961
21.33 -0.168295 -0.0614051 0.179148
21.34 -0.163161 -0.0719769 0.178332
21.35 -0.157365 -0.0821417 0.177513
21.36 -0.150938 -0.0918585 0.176693
21.37 -0.143913 -0.101088 0.175869
21.38 -0.136328 -0.109794 0.175043
21.39 -0.12822 -0.117943 0.174215
21.4 -0.11963 -0.125503 0.173385
21.41 -0.110599 -0.132446 0.172552
21.42 -0.101172 -0.138747 0.171717
21.43 -0.0913943 -0.144384 0.170879
21.44 -0.0813119 -0.149338 0.17004
21.45 -0.070972 -0.153593 0.169198
21.46 -0.0604232 -0.157137 0.168354
21.47 -0.049714 -0.159961 0.167508
21.48 -0.0388934 -0.162058 0.166659
21.49 -0.0280106 -0.163426 0.165809
21.5 -0.0171141 -0.164067 0.164957
21.51 -0.00625323 -0.163984 0.164103
21.52 0.00452498 -0.163184 0.163246
21.53 0.0151724 -0.161678 0.162388
21.54 0.0256441 -0.159479 0.161528
21.55 0.0358938 -0.156605 0.160666
21.56 0.0458792 -0.153075 0.159802
21.57 0.0555576 -0.14891 0.158936
21.58 0.0648894 -0.144136 0.158069
21.59 0.0738359 -0.138781 0.1572
21.6 0.0823618 -0.132874 0.156329
21.61 0.0904325 -0.126447 0.155457
21.62 0.0980174 -0.119535 0.154583
21.63 0.105087 -0.112173 0.153707
21.64 0.111615 -0.104399 0.152831
21.65 0.117579 -0.0962528 0.151952
21.66 0.122957 -0.0877748 0.151072
21.67 0.127732 -0.0790058 0.150191
21.68 0.131888 -0.0699894 0.149308
21.69 0.135415 -0.0607679 0.148425
21.7 0.138302 -0.0513857 0.147539
21.71 0.140545 -0.0418864 0.146653
21.72 0.142139 -0.0323141 0.145766
21.73 0.143086 -0.022713 0.144878
21.74 0.143388 -0.0131265 0.143988
21.75 0.143052 -0.00359764 0.143098
21.76 0.142086 0.00583113 0.142206
21.77 0.140503 0.0151184 0.141314
21.78 0.138315 0.0242241 0.140421
21.79 0.135542 0.0331088 0.139527
21.8 0.132201 0.0417356 0.138632
21.81 0.128315 0.0500675 0.137737
21.82 0.123908 0.0580716 0.136841
21.83 0.119007 0.0657143 0.135945
21.84 0.113639 0.0729666 0.135048
21.85 0.107835 0.0797994 0.13415
21.86 0.101627 0.0861878 0.133253
21.87 0.0950475 0.0921076 0.132355
21.88 0.0881318 0.0975381 0.131457
21.89 0.080915 0.102461 0.130558
21.9 0.0734343 0.10686 0.12966
21.91 0.0657267 0.110722 0.128761
21.92 0.057831 0.114037 0.127863
21.93 0.0497846 0.116796 0.126964
21.94 0.0416273 0.118995 0.126066
21.95 0.0333969 0.12063 0.125167
21.96 0.0251327 0.121701 0.124269
21.97 0.0168723 0.122212 0.123372
21.98 0.00865393 0.122168 0.122474
21.99 0.000514442 0.121576 0.121577
22 -0.00751002 0.120446 0.12068
22.01 -0.0153841 0.118792 0.119784
22.02 -0.0230741 0.116628 0.118888
22.03 -0.0305467 0.113971 0.117993
22.04 -0.0377715 0.11084 0.117099
22.05 -0.044718 0.107257 0.116206
22.06 -0.0513588 0.103244 0.115313
22.07 -0.0576672 0.0988261 0.114421
22.08 -0.0636197 0.0940293 0.11353
22.09 -0.0691931 0.0888817 0.112639
22.1 -0.0743683 0.0834118 0.111751
22.11 -0.0791263 0.0776496 0.110862
22.12 -0.0834523 0.0716264 0.109976
22.13 -0.0873318 0.0653734 0.10909
22.14 -0.0907545 0.0589237 0.108205
22.15 -0.0937108 0.0523094 0.107322
22.16 -0.0961946 0.0455644 0.10644
22.17 -0.0982013 0.0387212 0.10556
22.18 -0.0997292 0.031814 0.104681
22.19 -0.100779 0.0248749 0.103803
22.2 -0.101352 0.0179373 0.102927
22.21 -0.101455 0.0110331 0.102053
22.22 -0.101093 0.00419426 0.10118
22.23 -0.100277 -0.00254899 0.10031
22.24 -0.0990169 -0.00916591 0.0994402
22.25 -0.0973263 -0.0156285 0.0985732
22.26 -0.0952196 -0.0219087 0.0977075
22.27 -0.0927143 -0.0279801 0.0968444
22.28 -0.0898277 -0.0338181 0.0959827
22.29 -0.0865807 -0.0393988 0.0951235
22.3 -0.0829936 -0.0447008 0.0942661
22.31 -0.0790897 -0.0497035 0.093411
22.32 -0.0748921 -0.054389 0.092558
22.33 -0.070426 -0.0587402 0.0917073
22.34 -0.0657167 -0.0627429 0.090859
22.35 -0.0607907 -0.0663837 0.0900128
22.36 -0.0556751 -0.0696523 0.0891692
22.37 -0.050397 -0.0725394 0.0883279
22.38 -0.0449844 -0.0750385 0.0874893
22.39 -0.0394653 -0.0771441 0.0866529
22.4 -0.0338677 -0.0788542 0.0858196
22.41 -0.0282191 -0.0801668 0.0849884
22.42 -0.0225479 -0.0810837 0.0841604
22.43 -0.0168805 -0.0816072 0.0833348
22.44 -0.0112447 -0.0817424 0.0825122
22.45 -0.00566566 -0.0814957 0.0816924
22.46 -0.000169708 -0.0808752 0.0808754
22.47 0.00521925 -0.0798912 0.0800615
22.48 0.0104769 -0.0785548 0.0792504
22.49 0.0155814 -0.0768795 0.0784426
22.5 0.0205106 -0.0748792 0.0776375
22.51 0.0252447 -0.0725704 0.0768359
22.52 0.0297649 -0.0699693 0.0760372
22.53 0.0340536 -0.0670947 0.0752419
22.54 0.0380947 -0.0639652 0.0744497
22.55 0.0418739 -0.0606015 0.0736611
22.56 0.0453781 -0.0570234 0.0728755
22.57 0.0485958 -0.0532534 0.0720936
22.58 0.0515179 -0.0493126 0.071315
22.59 0.0541354 -0.0452242 0.0705398
22.6 0.0564428 -0.0410103 0.0697685
22.61 0.0584344 -0.036694 0.0690003
22.62 0.0601081 -0.0322985 0.0682361
22.63 0.0614614 -0.0278462 0.0674752
22.64 0.0624952 -0.0233603 0.0667184
22.65 0.0632106 -0.0188629 0.065965
22.66 0.0636114 -0.0143765 0.0652158
22.67 0.0637021 -0.00992191 0.0644702
22.68 0.0634889 -0.00552085 0.0637285
22.69 0.0629795 -0.00119298 0.0629908
22.7 0.0621828 0.00304175 0.0622572
22.71 0.0611087 0.00716534 0.0615274
22.72 0.0597688 0.0111593 0.0608017
22.73 0.0581757 0.015008 0.0600803
22.74 0.0563421 0.0186948 0.0593627
22.75 0.0542833 0.0222062 0.0586498
22.76 0.0520135 0.0255283 0.0579405
22.77 0.0495496 0.0286495 0.057236
22.78 0.0469072 0.0315591 0.0565355
22.79 0.0441041 0.0342473 0.0558395
22.8 0.0411571 0.0367064 0.0551477
22.81 0.0380849 0.0389292 0.0544605
22.82 0.0349046 0.0409108 0.0537776
22.83 0.0316353 0.0426466 0.0530992
22.84 0.0282946 0.0441343 0.0524254
22.85 0.0249012 0.045372 0.0517561
22.86 0.0214726 0.04636 0.0510913
22.87 0.0180273 0.047099 0.0504311
22.88 0.0145822 0.0475919 0.0497758
22.89 0.0111546 0.0478415 0.0491247
22.9 0.00776127 0.0478535 0.0484788
22.91 0.00441784 0.0476327 0.0478371
22.92 0.00114032 0.0471868 0.0472005
22.93 -0.00205737 0.0465231 0.0465686
22.94 -0.00516057 0.0456507 0.0459415
22.95 -0.00815673 0.0445791 0.0453192
22.96 -0.0110331 0.0433188 0.0447018
22.97 -0.013779 0.0418808 0.0440893
22.98 -0.0163832 0.0402769 0.0434814
22.99 -0.018837 0.0385195 0.0428787
23 -0.0211316 0.0366213 0.0422808
23.01 -0.0232599 0.0345956 0.0416879
23.02 -0.0252151 0.0324559 0.0410997
23.03 -0.0269926 0.0302161 0.0405169
23.04 -0.0285876 0.0278898 0.0399385
23.05 -0.029997 0.0254917 0.0393656
23.06 -0.0312189 0.023035 0.0387973
23.07 -0.0322518 0.0205347 0.0382342
23.08 -0.0330962 0.0180037 0.0376761
23.09 -0.0337521 0.0154564 0.0371229
23.1 -0.0342222 0.0129059 0.0365749
23.11 -0.0345087 0.0103652 0.0360317
23.12 -0.0346155 0.00784698 0.0354937
23.13 -0.0345466 0.00536365 0.0349605
23.14 -0.0343081 0.00292678 0.0344327
23.15 -0.0339052 0.000547452 0.0339096
23.16 -0.0333451 -0.00176356 0.0333917
23.17 -0.0326349 -0.00399655 0.0328787
23.18 -0.0317829 -0.0061422 0.032371
23.19 -0.030797 -0.00819219 0.031868
23.2 -0.0296868 -0.0101382 0.0313702
23.21 -0.0284612 -0.0119741 0.0308775
23.22 -0.02713 -0.0136926 0.0303896
23.23 -0.0257034 -0.0152894 0.029907
23.24 -0.0241912 -0.0167588 0.0294291
23.25 -0.0226043 -0.0180976 0.0289565
23.26 -0.0209527 -0.0193026 0.0284887
23.27 -0.0192473 -0.0203715 0.028026
23.28 -0.0174982 -0.0213028 0.0275681
23.29 -0.0157165 -0.0220961 0.0271154
23.3 -0.0139117 -0.0227512 0.0266674
23.31 -0.0120946 -0.0232689 0.0262244
23.32 -0.0102747 -0.023651 0.0257864
23.33 -0.00846208 -0.0238995 0.0253534
23.34 -0.00666542 -0.0240174 0.0249251
23.35 -0.00489436 -0.0240079 0.0245017
23.36 -0.00315682 -0.0238757 0.0240835
23.37 -0.00146133 -0.0236245 0.0236697
23.38 0.000184676 -0.0232605 0.0232612
23.39 0.0017741 -0.0227881 0.0228571
23.4 0.00330003 -0.0222143 0.0224581
23.41 0.00475693 -0.0215449 0.0220638
23.42 0.00613878 -0.0207867 0.0216742
23.43 0.00744106 -0.0199467 0.0212895
23.44 0.00865914 -0.0190322 0.0209095
23.45 0.00978969 -0.0180503 0.0205342
23.46 0.010829 -0.0170088 0.0201635
23.47 0.0117753 -0.0159152 0.0197977
23.48 0.0126259 -0.0147771 0.0194364
23.49 0.0133801 -0.0136021 0.01908
23.5 0.0140366 -0.0123979 0.0187279
23.51 0.0145959 -0.0111721 0.0183808
23.52 0.0150575 -0.00993158 0.0180379
23.53 0.015423 -0.00868437 0.0176999
23.54 0.0156934 -0.00743663 0.0173662
23.55 0.0158706 -0.00619597 0.0170372
23.56 0.0159571 -0.00496821 0.0167126
23.57 0.0159554 -0.00376004 0.0163924
23.58 0.0158689 -0.00257716 0.0160768
23.59 0.0157011 -0.00142523 0.0157656
23.6 0.0154558 -0.000309178 0.0154589
23.61 0.015137 0.000765714 0.0151563
23.62 0.0147495 0.00179545 0.0148584
23.63 0.0142975 0.00277582 0.0145645
23.64 0.0137864 0.00370333 0.0142751
23.65 0.0132207 0.00457467 0.0139898
23.66 0.0126061 0.0053873 0.013709
23.67 0.0119472 0.00613893 0.0134322
23.68 0.0112501 0.00682734 0.0131596
23.69 0.0105193 0.00745169 0.0128912
23.7 0.0097608 0.00801025 0.0126268
23.71 0.00897963 0.00850312 0.0123668
23.72 0.00818095 0.00892949 0.0121105
23.73 0.00737021 0.00928996 0.0118585
23.74 0.00655211 0.0095849 0.0116104
23.75 0.00573166 0.00981537 0.0113663
23.76 0.00491355 0.00998227 0.011126
23.77 0.00410234 0.0100877 0.0108899
23.78 0.00330207 0.010133 0.0106574
23.79 0.00251725 0.0101206 0.0104289
23.8 0.00175126 0.0100527 0.0102041
23.81 0.0010081 0.00993213 0.00998316
23.82 0.000290572 0.00976157 0.0097659
23.83 -0.000397678 0.00954395 0.00955223
23.84 -0.00105463 0.00928275 0.00934247
23.85 -0.00167719 0.00898074 0.00913601
23.86 -0.00226366 0.00864192 0.00893347
23.87 -0.00281199 0.0082691 0.00873415
23.88 -0.00332052 0.00786645 0.00853855
23.89 -0.00378832 0.00743711 0.00834637
23.9 -0.0042141 0.00698485 0.00815762
23.91 -0.00459729 0.00651306 0.00797214
23.92 -0.00493755 0.00602566 0.00779024
23.93 -0.00523473 0.0055256 0.00761148
23.94 -0.00548866 0.00501679 0.00743597
23.95 -0.00570021 0.00450228 0.00726381
23.96 -0.00586947 0.00398549 0.00709471
23.97 -0.00599777 0.00346936 0.0069289
23.98 -0.00608561 0.00295697 0.00676596
23.99 -0.00613491 0.00245126 0.00660649
24 -0.00614638 0.00195455 0.00644967
24.01 -0.0061222 0.00146984 0.00629617
24.02 -0.0060637 0.000998882 0.00614543
24.03 -0.00597288 0.000544454 0.00599764
24.04 -0.00585187 0.000107958 0.00585287
24.05 -0.00570239 -0.000308495 0.00571072
24.06 -0.00552692 -0.00070348 0.00557151
24.07 -0.00532762 -0.00107548 0.00543509
24.08 -0.00510661 -0.00142365 0.00530134
24.09 -0.00486623 -0.00174653 0.00517016
24.1 -0.00460906 -0.00204377 0.00504186
24.11 -0.00433697 -0.00231447 0.0049159
24.12 -0.00405273 -0.00255844 0.00479273
24.13 -0.00375822 -0.00277529 0.00467188
24.14 -0.00345618 -0.00296504 0.00455375
24.15 -0.00314819 -0.00312791 0.00443789
24.16 -0.00283698 -0.00326393 0.00432455
24.17 -0.0025241 -0.00337389 0.00421358
24.18 -0.00221187 -0.00345792 0.00410482
24.19 -0.00190206 -0.00351721 0.00399857
24.2 -0.00159631 -0.00355216 0.00389436
24.21 -0.00129662 -0.00356399 0.00379253
24.22 -0.00100435 -0.00355364 0.00369284
24.23 -0.000720821 -0.00352238 0.00359538
24.24 -0.000447631 -0.00347115 0.00349989
24.25 -0.000185863 -0.00340164 0.00340671
24.26 6.36359e-05 -0.00331479 0.0033154
24.27 0.000299522 -0.0032123 0.00322623
24.28 0.000521357 -0.00309537 0.00313897
24.29 0.000728118 -0.00296563 0.0030537
24.3 0.000919709 -0.00282445 0.00297042
24.31 0.00109516 -0.00267325 0.00288888
24.32 0.00125468 -0.00251366 0.0028094
24.33 0.00139769 -0.00234686 0.00273153
24.34 0.00152435 -0.0021746 0.00265566
24.35 0.00163464 -0.00199787 0.00258138
24.36 0.00172852 -0.0018184 0.00250886
24.37 0.00180652 -0.00163728 0.00243807
24.38 0.0018689 -0.00145582 0.00236901
24.39 0.00191584 -0.00127514 0.0023014
24.4 0.00194822 -0.00109658 0.00223563
24.41 0.00196646 -0.000920811 0.00217137
24.42 0.00197099 -0.000749217 0.00210858
24.43 0.00196286 -0.000582372 0.00204743
24.44 0.00194249 -0.000421348 0.00198766
24.45 0.00191102 -0.000266718 0.00192954
24.46 0.00186882 -0.000119228 0.00187262
24.47 0.00181726 2.05202e-05 0.00181738
24.48 0.00175676 0.000152157 0.00176333
24.49 0.00168853 0.000275063 0.00171079
24.5 0.00161323 0.00038921 0.00165952
24.51 0.00153182 0.000493945 0.00160949
24.52 0.00144535 0.000589476 0.00156094
24.53 0.00135446 0.000675444 0.00151353
24.54 0.00126002 0.000751923 0.00146732
24.55 0.00116313 0.000818861 0.00142247
24.56 0.00106428 0.000876593 0.0013788
24.57 0.000964237 0.000924885 0.0013361
24.58 0.000864038 0.00096436 0.00129482
24.59 0.000763967 0.000994938 0.00125441
24.6 0.000665081 0.00101713 0.00121527
24.61 0.000567582 0.00103116 0.00117705
24.62 0.000472508 0.00103744 0.00113997
24.63 0.000379925 0.00103647 0.00110391
24.64 0.000290639 0.00102852 0.00106879
24.65 0.000204821 0.00101429 0.00103476
24.66 0.000122998 0.000993947 0.00100153
24.67 4.55122e-05 0.000968358 0.000969427
24.68 -2.75749e-05 0.000937672 0.000938077
24.69 -9.58085e-05 0.000902593 0.000907663
24.7 -0.000158984 0.000863609 0.000878121
24.71 -0.000217266 0.000821239 0.000849492
24.72 -0.000270292 0.00077581 0.000821547
24.73 -0.000317982 0.000728171 0.000794572
24.74 -0.000360625 0.000678391 0.000768287
24.75 -0.000397851 0.000627245 0.000742779
24.76 -0.000430088 0.000575003 0.000718056
24.77 -0.000457056 0.000522181 0.000693955
24.78 -0.000479276 0.000469213 0.000670721
24.79 -0.000496596 0.000416371 0.000648053
24.8 -0.000509406 0.000364189 0.000626201
24.81 -0.000517752 0.000312782 0.000604897
24.82 -0.000521941 0.000262709 0.000584327
24.83 -0.000522261 0.000213928 0.000564377
24.84 -0.000518747 0.000166986 0.000544961
24.85 -0.000511814 0.000121985 0.00052615
24.86 -0.000501856 7.90776e-05 0.000508048
24.87 -0.000488825 3.84756e-05 0.000490337
24.88 -0.000473223 4.73712e-07 0.000473224
24.89 -0.000455412 -3.51743e-05 0.000456768
24.9 -0.000435362 -6.79995e-05 0.000440641
24.91 -0.00041369 -9.81959e-05 0.000425185
24.92 -0.000390364 -0.000125585 0.000410068
24.93 -0.000365962 -0.000150183 0.00039558
24.94 -0.000340471 -0.000172041 0.000381469
24.95 -0.00031432 -0.000191064 0.000367834
24.96 -0.000287636 -0.000207447 0.000354638
24.97 -0.000260739 -0.000221108 0.000341868
24.98 -0.000233779 -0.000232308 0.000329575
24.99 -0.000206896 -0.000240868 0.000317527
25 -0.000180446 -0.000247113 0.000305983
25.01 -0.000154569 -0.000251101 0.000294862
25.02 -0.000129216 -0.000252849 0.000283953
25.03 -0.000104852 -0.000252556 0.000273457
25.04 -8.14495e-05 -0.000250546 0.000263452
25.05 -5.89816e-05 -0.000246594 0.00025355
25.06 -3.7835e-05 -0.000241223 0.000244172
25.07 -1.77914e-05 -0.000234326 0.000235
25.08 8.02645e-07 -0.000226177 0.000226178
25.09 1.81564e-05 -0.000216899 0.000217658
25.1 3.40341e-05 -0.000206576 0.000209361
25.11 4.85176e-05 -0.000195498 0.000201429
25.12 6.15265e-05 -0.000183678 0.000193709
25.13 7.31563e-05 -0.000171368 0.00018633
25.14 8.33477e-05 -0.000158522 0.000179098
25.15 9.20646e-05 -0.000145519 0.000172196
25.16 9.9441e-05 -0.000132277 0.000165486
25.17 0.000105544 -0.000118921 0.000159002
25.18 0.000110203 -0.000105706 0.000152703
25.19 0.000113722 -9.27039e-05 0.00014672
25.2 0.000116126 -7.9779e-05 0.00014089
25.21 0.000117275 -6.74108e-05 0.000135269
25.22 0.000117544 -5.53046e-05 0.000129905
25.23 0.000116705 -4.37404e-05 0.000124632
25.24 0.000115098 -3.27001e-05 0.000119653
25.25 0.000112583 -2.22025e-05 0.000114751
25.26 0.00010937 -1.24441e-05 0.000110076
25.27 0.000105507 -3.27564e-06 0.000105558
25.28 0.000101111 5.14237e-06 0.000101242
25.29 9.61905e-05 1.2895e-05 9.7051e-05
25.3 9.08567e-05 1.98164e-05 9.29927e-05
25.31 8.52562e-05 2.61436e-05 8.91746e-05
25.32 7.93722e-05 3.17089e-05 8.54717e-05
25.33 7.3232e-05 3.64724e-05 8.18117e-05
25.34 6.70924e-05 4.05985e-05 7.84196e-05
25.35 6.08631e-05 4.41105e-05 7.51669e-05
25.36 5.45473e-05 4.67743e-05 7.18557e-05
25.37 4.84318e-05 4.90192e-05 6.89095e-05
25.38 4.22736e-05 5.05656e-05 6.59086e-05
25.39 3.6376e-05 5.15936e-05 6.31278e-05
25.4 3.05706e-05 5.21237e-05 6.04272e-05
25.41 2.50301e-05 5.20604e-05 5.7765e-05
25.42 1.97682e-05 5.16705e-05 5.53229e-05
25.43 1.47664e-05 5.07815e-05 5.28849e-05
25.44 1.00574e-05 4.95495e-05 5.05599e-05
25.45 5.68725e-06 4.79757e-05 4.83116e-05
25.46 1.67361e-06 4.6219e-05 4.62493e-05
25.47 -2.06124e-06 4.41241e-05 4.41722e-05
25.48 -5.45484e-06 4.18099e-05 4.21642e-05
25.49 -8.4131e-06 3.94274e-05 4.0315e-05
25.5 -1.11201e-05 3.68564e-05 3.84974e-05
25.51 -1.34864e-05 3.40907e-05 3.66614e-05
25.52 -1.54276e-05 3.14675e-05 3.50459e-05
25.53 -1.71742e-05 2.86476e-05 3.34012e-05
25.54 -1.85088e-05 2.59061e-05 3.18387e-05
25.55 -1.9629e-05 2.31711e-05 3.03677e-05
25.56 -2.04269e-05 2.04133e-05 2.88783e-05
25.57 -2.09472e-05 1.7839e-05 2.75139e-05
25.58 -2.12765e-05 1.52216e-05 2.61607e-05
25.59 -2.13667e-05 1.27605e-05 2.48871e-05
25.6 -2.12315e-05 1.0436e-05 2.36577e-05
25.61 -2.09454e-05 8.24956e-06 2.25115e-05
25.62 -2.05189e-05 6.0972e-06 2.14056e-05
25.63 -1.99159e-05 4.13861e-06 2.03414e-05
25.64 -1.91482e-05 2.34516e-06 1.92913e-05
25.65 -1.83531e-05 5.7766e-07 1.83622e-05
25.66 -1.74082e-05 -1.02543e-06 1.74384e-05
25.67 -1.63472e-05 -2.3565e-06 1.65162e-05
25.68 -1.53344e-05 -3.73014e-06 1.57816e-05
25.69 -1.41785e-05 -4.82592e-06 1.49773e-05
25.7 -1.30673e-05 -5.84729e-06 1.43159e-05
25.71 -1.19013e-05 -6.7574e-06 1.36859e-05
25.72 -1.07343e-05 -7.45678e-06 1.30701e-05
25.73 -9.62706e-06 -8.16975e-06 1.26264e-05
25.74 -8.49294e-06 -8.65104e-06 1.21231e-05
25.75 -7.39307e-06 -9.02625e-06 1.16675e-05
25.76 -6.37191e-06 -9.34167e-06 1.13079e-05
25.77 -5.37048e-06 -9.57707e-06 1.09801e-05
25.78 -4.39977e-06 -9.6489e-06 1.06047e-05
25.79 -3.49407e-06 -9.69063e-06 1.03013e-05
25.8 -2.69791e-06 -9.71363e-06 1.00813e-05
25.81 -1.90537e-06 -9.56932e-06 9.75717e-06
25.82 -1.1986e-06 -9.32287e-06 9.39961e-06
25.83 -6.39907e-07 -9.17347e-06 9.19576e-06
25.84 -5.70366e-08 -8.78714e-06 8.78733e-06
25.85 3.79534e-07 -8.48251e-06 8.491e-06
25.86 7.83995e-07 -8.11408e-06 8.15187e-06
25.87 1.11206e-06 -7.67566e-06 7.7558e-06
25.88 1.33975e-06 -7.32448e-06 7.446e-06
25.89 1.5621e-06 -6.78134e-06 6.95893e-06
25.9 1.68079e-06 -6.30658e-06 6.52671e-06
25.91 1.71689e-06 -5.82655e-06 6.07424e-06
25.92 1.74246e-06 -5.27956e-06 5.55967e-06
25.93 1.69967e-06 -4.69783e-06 4.99585e-06
25.94 1.58046e-06 -4.19471e-06 4.48257e-06
25.95 1.42361e-06 -3.63843e-06 3.90703e-06
25.96 1.26272e-06 -2.99807e-06 3.25313e-06
25.97 1.04088e-06 -2.39984e-06 2.61585e-06
25.98 7.6307e-07 -1.85952e-06 2.01e-06
25.99 5.53168e-07 -1.15368e-06 1.27944e-06
26 2.60394e-07 -6.12646e-07 6.65687e-07
