0 -0.00408775 -0.0157174 0.0162403
0.01 -0.00816915 -0.0313701 0.0324163
0.02 -0.0122377 -0.0468933 0.0484639
0.03 -0.0162869 -0.0622231 0.0643194
0.04 -0.0203105 -0.0772963 0.0799202
0.05 -0.0243017 -0.0920505 0.0952043
0.06 -0.0282542 -0.106425 0.110112
0.07 -0.0321612 -0.120361 0.124583
0.08 -0.0360162 -0.133799 0.138562
0.09 -0.0398123 -0.146686 0.151993
0.1 -0.0435428 -0.158968 0.164823
0.11 -0.0472008 -0.170593 0.177003
0.12 -0.0507794 -0.181514 0.188483
0.13 -0.0542716 -0.191686 0.199221
0.14 -0.0576702 -0.201066 0.209173
0.15 -0.0609681 -0.209615 0.218302
0.16 -0.0641581 -0.217299 0.226573
0.17 -0.0672329 -0.224085 0.233953
0.18 -0.0701853 -0.229944 0.240417
0.19 -0.0730079 -0.234853 0.245939
0.2 -0.0756933 -0.23879 0.2505
0.21 -0.0782342 -0.241739 0.254083
0.22 -0.0806232 -0.243688 0.256678
0.23 -0.0828531 -0.244627 0.258277
0.24 -0.0849165 -0.244553 0.258876
0.25 -0.0868064 -0.243465 0.258477
0.26 -0.0885156 -0.241367 0.257085
0.27 -0.0900373 -0.238267 0.254711
0.28 -0.0913646 -0.234178 0.251369
0.29 -0.0924909 -0.229115 0.247079
0.3 -0.0934102 -0.223098 0.241864
0.31 -0.0941159 -0.216153 0.235754
0.32 -0.0946025 -0.208305 0.228781
0.33 -0.0948643 -0.199589 0.220986
0.34 -0.0948964 -0.190037 0.212413
0.35 -0.0946939 -0.179689 0.203114
0.36 -0.0942525 -0.168587 0.193145
0.37 -0.0935683 -0.156775 0.182575
0.38 -0.092638 -0.144302 0.171479
0.39 -0.0914589 -0.131218 0.159947
0.4 -0.0900284 -0.117576 0.148085
0.41 -0.0883452 -0.103431 0.136025
0.42 -0.0864081 -0.0888406 0.123931
0.43 -0.0842168 -0.0738643 0.11202
0.44 -0.0817715 -0.058563 0.100579
0.45 -0.0790735 -0.0429987 0.0900083
0.46 -0.0761245 -0.0272347 0.0808496
0.47 -0.0729271 -0.0113353 0.0738028
0.48 -0.0694847 0.00463488 0.0696391
0.49 -0.0658016 0.0206107 0.068954
0.5 -0.0618827 0.0365272 0.0718589
0.51 -0.057734 0.0523193 0.0779136
0.52 -0.0533624 0.0679226 0.0863773
0.53 -0.0487753 0.0832736 0.0965066
0.54 -0.0439812 0.0983092 0.107699
0.55 -0.0389897 0.112968 0.119507
0.56 -0.0338108 0.127191 0.131608
0.57 -0.0284559 0.140918 0.143763
0.58 -0.0229367 0.154095 0.155792
0.59 -0.0172661 0.166666 0.167558
0.6 -0.0114577 0.17858 0.178947
0.61 -0.00552585 0.189788 0.189869
0.62 0.000514057 0.200245 0.200245
0.63 0.00664628 0.209905 0.21001
0.64 0.0128542 0.218731 0.219108
0.65 0.0191204 0.226684 0.227489
0.66 0.025427 0.233732 0.235111
0.67 0.0317557 0.239845 0.241938
0.68 0.0380873 0.244997 0.24794
0.69 0.0444024 0.249167 0.253093
0.7 0.0506812 0.252337 0.257376
0.71 0.0569033 0.254491 0.260775
0.72 0.0630485 0.255621 0.263282
0.73 0.0690957 0.25572 0.264891
0.74 0.0750242 0.254788 0.265604
0.75 0.0808131 0.252826 0.265427
0.76 0.0864414 0.24984 0.264371
0.77 0.0918884 0.245842 0.262453
0.78 0.0971331 0.240846 0.259696
0.79 0.102155 0.234872 0.256126
0.8 0.106935 0.22794 0.251778
0.81 0.111452 0.22008 0.246691
0.82 0.115687 0.211319 0.240913
0.83 0.119622 0.201693 0.234498
0.84 0.123238 0.191238 0.227508
0.85 0.126519 0.179996 0.220012
0.86 0.129447 0.168009 0.212093
0.87 0.132007 0.155325 0.203843
0.88 0.134185 0.141994 0.195366
0.89 0.135967 0.128067 0.186784
0.9 0.13734 0.1136 0.178233
0.91 0.138292 0.0986489 0.169872
0.92 0.138815 0.0832723 0.161876
0.93 0.138899 0.0675312 0.154445
0.94 0.138536 0.0514872 0.147795
0.95 0.137721 0.0352037 0.14215
0.96 0.13645 0.0187448 0.137731
0.97 0.134718 0.00217539 0.134736
0.98 0.132525 -0.0144391 0.13331
0.99 0.129871 -0.0310332 0.133528
1 0.126758 -0.0475411 0.13538
1.01 0.123189 -0.0638977 0.138774
1.02 0.119168 -0.0800383 0.143552
1.03 0.114704 -0.0958992 0.149511
1.04 0.109804 -0.111417 0.156431
1.05 0.104478 -0.126531 0.164091
1.06 0.0987382 -0.141181 0.172283
1.07 0.0925979 -0.155308 0.180818
1.08 0.0860722 -0.168858 0.189529
1.09 0.0791777 -0.181775 0.19827
1.1 0.0719327 -0.194008 0.206914
1.11 0.0643567 -0.205509 0.21535
1.12 0.0564711 -0.216231 0.223483
1.13 0.0482984 -0.226132 0.231233
1.14 0.0398628 -0.235172 0.238527
1.15 0.0311893 -0.243315 0.245306
1.16 0.0223046 -0.250528 0.251519
1.17 0.0132362 -0.256781 0.257122
1.18 0.00401307 -0.262049 0.262079
1.19 -0.00533555 -0.26631 0.266363
1.2 -0.0147788 -0.269546 0.269951
1.21 -0.0242855 -0.271745 0.272828
1.22 -0.0338238 -0.272895 0.274983
1.23 -0.0433609 -0.272991 0.276413
1.24 -0.0528642 -0.272032 0.27712
1.25 -0.0623001 -0.270019 0.277113
1.26 -0.0716353 -0.26696 0.276404
1.27 -0.0808362 -0.262865 0.275013
1.28 -0.0898691 -0.257748 0.272966
1.29 -0.0987009 -0.251629 0.270294
1.3 -0.107298 -0.244529 0.267034
1.31 -0.115629 -0.236475 0.263231
1.32 -0.12366 -0.227496 0.258933
1.33 -0.13136 -0.217627 0.254199
1.34 -0.1387 -0.206904 0.249092
1.35 -0.145648 -0.195367 0.243683
1.36 -0.152176 -0.18306 0.238051
1.37 -0.158257 -0.170028 0.232282
1.38 -0.163865 -0.156322 0.226469
1.39 -0.168973 -0.141992 0.220712
1.4 -0.17356 -0.127093 0.215118
1.41 -0.177603 -0.11168 0.209798
1.42 -0.181082 -0.0958136 0.204868
1.43 -0.183978 -0.079552 0.200441
1.44 -0.186276 -0.0629572 0.196627
1.45 -0.18796 -0.046092 0.193529
1.46 -0.189019 -0.0290201 0.191234
1.47 -0.189442 -0.0118062 0.189809
1.48 -0.18922 0.00548464 0.189299
1.49 -0.188348 0.0227869 0.189722
1.5 -0.186822 0.040035 0.191064
1.51 -0.184642 0.0571638 0.193288
1.52 -0.181806 0.0741084 0.19633
1.53 -0.17832 0.0908046 0.200109
1.54 -0.174189 0.107189 0.204527
1.55 -0.16942 0.123201 0.209479
1.56 -0.164025 0.138778 0.214857
1.57 -0.158015 0.153862 0.22055
1.58 -0.151407 0.168395 0.226453
1.59 -0.144217 0.182324 0.232467
1.6 -0.136466 0.195595 0.238496
1.61 -0.128175 0.208158 0.244455
1.62 -0.119368 0.219965 0.250266
1.63 -0.110071 0.230972 0.255858
1.64 -0.100313 0.241136 0.261169
1.65 -0.0901235 0.250421 0.266144
1.66 -0.0795342 0.258789 0.270735
1.67 -0.068579 0.26621 0.274901
1.68 -0.0572929 0.272655 0.278609
1.69 -0.0457127 0.2781 0.281832
1.7 -0.0338767 0.282523 0.284547
1.71 -0.0218239 0.285909 0.286741
1.72 -0.009595 0.288243 0.288403
1.73 0.00276855 0.289517 0.28953
1.74 0.0152246 0.289725 0.290125
1.75 0.0277299 0.288867 0.290194
1.76 0.0402412 0.286943 0.289751
1.77 0.0527144 0.283962 0.288814
1.78 0.0651055 0.279935 0.287406
1.79 0.0773701 0.274874 0.285555
1.8 0.0894645 0.268799 0.283296
1.81 0.101344 0.261731 0.280667
1.82 0.112967 0.253696 0.277711
1.83 0.124289 0.244724 0.274477
1.84 0.135268 0.234847 0.271017
1.85 0.145863 0.2241 0.267389
1.86 0.156035 0.212524 0.263654
1.87 0.165744 0.200159 0.259875
1.88 0.174952 0.187052 0.256119
1.89 0.183624 0.17325 0.252455
1.9 0.191726 0.158803 0.248952
1.91 0.199224 0.143764 0.245679
1.92 0.206089 0.128187 0.242702
1.93 0.212291 0.112128 0.240084
1.94 0.217804 0.0956477 0.23788
1.95 0.222604 0.0788042 0.236141
1.96 0.22667 0.0616589 0.234906
1.97 0.229981 0.044274 0.234204
1.98 0.232522 0.0267124 0.234051
1.99 0.234278 0.00903786 0.234452
2 0.235238 -0.00868578 0.235398
2.01 0.235393 -0.0263946 0.236868
2.02 0.234738 -0.0440246 0.238831
2.03 0.233269 -0.0615121 0.241243
2.04 0.230988 -0.0787943 0.244057
2.05 0.227895 -0.0958089 0.247215
2.06 0.223998 -0.112495 0.250659
2.07 0.219305 -0.128792 0.254326
2.08 0.213827 -0.144642 0.258153
2.09 0.207579 -0.159988 0.262079
2.1 0.200579 -0.174775 0.266042
2.11 0.192845 -0.188951 0.269985
2.12 0.184402 -0.202464 0.273854
2.13 0.175274 -0.215267 0.277599
2.14 0.16549 -0.227315 0.281174
2.15 0.155079 -0.238564 0.284538
2.16 0.144075 -0.248974 0.287655
2.17 0.132513 -0.258509 0.290494
2.18 0.12043 -0.267136 0.293027
2.19 0.107865 -0.274823 0.295233
2.2 0.0948605 -0.281544 0.297095
2.21 0.0814586 -0.287276 0.298601
2.22 0.0677043 -0.291998 0.299744
2.23 0.0536435 -0.295694 0.300521
2.24 0.0393236 -0.298353 0.300933
2.25 0.0247935 -0.299964 0.300986
2.26 0.0101027 -0.300522 0.300692
2.27 -0.0046986 -0.300027 0.300064
2.28 -0.0195592 -0.298481 0.299121
2.29 -0.034428 -0.295889 0.297885
2.3 -0.0492529 -0.292261 0.296382
2.31 -0.0639823 -0.287611 0.294642
2.32 -0.0785645 -0.281956 0.292697
2.33 -0.0929482 -0.275316 0.290583
2.34 -0.107083 -0.267715 0.288336
2.35 -0.120917 -0.25918 0.285999
2.36 -0.134403 -0.249742 0.283611
2.37 -0.147491 -0.239434 0.281216
2.38 -0.160134 -0.228294 0.278857
2.39 -0.172288 -0.216359 0.276576
2.4 -0.183907 -0.203674 0.274417
2.41 -0.194948 -0.190282 0.272419
2.42 -0.205372 -0.176231 0.27062
2.43 -0.21514 -0.161569 0.269054
2.44 -0.224215 -0.146349 0.267751
2.45 -0.232563 -0.130624 0.266737
2.46 -0.240153 -0.114448 0.26603
2.47 -0.246955 -0.0978786 0.265645
2.48 -0.252943 -0.0809726 0.265587
2.49 -0.258093 -0.063789 0.265859
2.5 -0.262384 -0.0463873 0.266452
2.51 -0.265798 -0.0288278 0.267356
2.52 -0.26832 -0.0111714 0.268553
2.53 -0.26994 0.0065215 0.270018
2.54 -0.270647 0.0241895 0.271725
2.55 -0.270436 0.0417723 0.273643
2.56 -0.269305 0.0592094 0.275737
2.57 -0.267255 0.0764412 0.277972
2.58 -0.26429 0.0934088 0.280311
2.59 -0.260418 0.110055 0.282718
2.6 -0.255647 0.126322 0.285154
2.61 -0.249994 0.142155 0.287585
2.62 -0.243473 0.157501 0.289976
2.63 -0.236106 0.172309 0.292295
2.64 -0.227914 0.186527 0.294511
2.65 -0.218924 0.200109 0.296599
2.66 -0.209164 0.213008 0.298533
2.67 -0.198665 0.225183 0.300292
2.68 -0.187462 0.236592 0.301857
2.69 -0.175591 0.247198 0.303214
2.7 -0.163091 0.256965 0.304351
2.71 -0.150003 0.265863 0.30526
2.72 -0.13637 0.273861 0.305936
2.73 -0.122238 0.280934 0.306376
2.74 -0.107654 0.28706 0.306582
2.75 -0.0926669 0.292218 0.306559
2.76 -0.0773263 0.296394 0.306314
2.77 -0.0616841 0.299573 0.305858
2.78 -0.045793 0.301748 0.305203
2.79 -0.0297068 0.302911 0.304364
2.8 -0.0134796 0.303061 0.30336
2.81 0.00283327 0.302198 0.302211
2.82 0.0191766 0.300327 0.300939
2.83 0.0354949 0.297456 0.299566
2.84 0.0517325 0.293595 0.298118
2.85 0.067834 0.288759 0.29662
2.86 0.0837446 0.282966 0.295098
2.87 0.0994098 0.276236 0.293579
2.88 0.114776 0.268594 0.29209
2.89 0.129791 0.260066 0.290654
2.9 0.144402 0.250682 0.289298
2.91 0.15856 0.240475 0.288044
2.92 0.172217 0.229479 0.286913
2.93 0.185324 0.217733 0.285925
2.94 0.197838 0.205277 0.285094
2.95 0.209714 0.192153 0.284434
2.96 0.220912 0.178406 0.283956
2.97 0.231393 0.164083 0.283665
2.98 0.241121 0.149231 0.283565
2.99 0.250062 0.133901 0.283655
3 0.258184 0.118144 0.283932
3.01 0.265461 0.102013 0.284387
3.02 0.271866 0.0855617 0.285012
3.03 0.277376 0.0688446 0.285792
3.04 0.281973 0.0519175 0.286712
3.05 0.285639 0.0348362 0.287756
3.06 0.288363 0.0176572 0.288903
3.07 0.290133 0.00043722 0.290134
3.08 0.290944 -0.0167674 0.291426
3.09 0.290791 -0.0339003 0.29276
3.1 0.289674 -0.0509053 0.294113
3.11 0.287597 -0.0677271 0.295464
3.12 0.284566 -0.084311 0.296793
3.13 0.28059 -0.100603 0.29808
3.14 0.275682 -0.116551 0.299307
3.15 0.269859 -0.132104 0.300458
3.16 0.263138 -0.14721 0.301517
3.17 0.255543 -0.161823 0.302471
3.18 0.247097 -0.175894 0.303308
3.19 0.23783 -0.189381 0.30402
3.2 0.227772 -0.202239 0.304599
3.21 0.216955 -0.214429 0.30504
3.22 0.205416 -0.225911 0.305338
3.23 0.193193 -0.236651 0.305495
3.24 0.180326 -0.246614 0.30551
3.25 0.166859 -0.25577 0.305386
3.26 0.152836 -0.264092 0.305128
3.27 0.138303 -0.271552 0.304743
3.28 0.123309 -0.27813 0.304239
3.29 0.107903 -0.283806 0.303626
3.3 0.0921366 -0.288563 0.302915
3.31 0.0760621 -0.292387 0.302118
3.32 0.0597323 -0.295268 0.30125
3.33 0.0432016 -0.297199 0.300323
3.34 0.0265246 -0.298176 0.299353
3.35 0.00975641 -0.298196 0.298356
3.36 -0.00704752 -0.297263 0.297346
3.37 -0.0238319 -0.29538 0.29634
3.38 -0.0405414 -0.292556 0.295352
3.39 -0.0571209 -0.288802 0.294397
3.4 -0.0735158 -0.284132 0.293488
3.41 -0.0896723 -0.278562 0.292639
3.42 -0.105538 -0.272112 0.291861
3.43 -0.12106 -0.264804 0.291165
3.44 -0.136187 -0.256665 0.290558
3.45 -0.150872 -0.24772 0.290047
3.46 -0.165065 -0.238001 0.289639
3.47 -0.17872 -0.227539 0.289336
3.48 -0.191794 -0.216371 0.289139
3.49 -0.204244 -0.204532 0.289048
3.5 -0.216029 -0.192063 0.289061
3.51 -0.227112 -0.179003 0.289174
3.52 -0.237457 -0.165395 0.289381
3.53 -0.247031 -0.151285 0.289674
3.54 -0.255803 -0.136717 0.290046
3.55 -0.263747 -0.121739 0.290487
3.56 -0.270836 -0.106399 0.290986
3.57 -0.277049 -0.0907465 0.291532
3.58 -0.282366 -0.0748317 0.292113
3.59 -0.286771 -0.0587053 0.292718
3.6 -0.290251 -0.0424189 0.293334
3.61 -0.292796 -0.0260242 0.29395
3.62 -0.294398 -0.00957308 0.294554
3.63 -0.295054 0.00688221 0.295134
3.64 -0.294762 0.0232901 0.295681
3.65 -0.293526 0.0395988 0.296185
3.66 -0.291349 0.0557571 0.296636
3.67 -0.288241 0.0717147 0.297029
3.68 -0.284213 0.0874217 0.297355
3.69 -0.27928 0.102829 0.297609
3.7 -0.273458 0.11789 0.297787
3.71 -0.266767 0.132557 0.297886
3.72 -0.259232 0.146785 0.297904
3.73 -0.250877 0.16053 0.297841
3.74 -0.24173 0.173751 0.297696
3.75 -0.231823 0.186407 0.297472
3.76 -0.221188 0.198461 0.297171
3.77 -0.209861 0.209874 0.296797
3.78 -0.197879 0.220614 0.296355
3.79 -0.185282 0.230648 0.295851
3.8 -0.172112 0.239946 0.295291
3.81 -0.158412 0.248481 0.294681
3.82 -0.144227 0.256228 0.294031
3.83 -0.129602 0.263164 0.293347
3.84 -0.114587 0.269271 0.292638
3.85 -0.0992283 0.274529 0.291912
3.86 -0.0835773 0.278926 0.291179
3.87 -0.0676839 0.28245 0.290446
3.88 -0.0515995 0.28509 0.289722
3.89 -0.0353758 0.286842 0.289016
3.9 -0.0190647 0.287702 0.288333
3.91 -0.00271846 0.287669 0.287681
3.92 0.0136108 0.286745 0.287068
3.93 0.0298713 0.284935 0.286496
3.94 0.0460115 0.282247 0.285973
3.95 0.0619801 0.278691 0.2855
3.96 0.0777271 0.27428 0.285081
3.97 0.0932028 0.26903 0.284718
3.98 0.108359 0.26296 0.284411
3.99 0.123148 0.256089 0.28416
4 0.137524 0.248441 0.283964
4.01 0.151442 0.240042 0.283822
4.02 0.16486 0.230919 0.283729
4.03 0.177736 0.221102 0.283683
4.04 0.190031 0.210623 0.283679
4.05 0.201707 0.199517 0.283712
4.06 0.212729 0.187818 0.283777
4.07 0.223064 0.175565 0.283867
4.08 0.232681 0.162797 0.283978
4.09 0.241552 0.149554 0.284102
4.1 0.24965 0.135879 0.284233
4.11 0.256952 0.121814 0.284364
4.12 0.263437 0.107404 0.28449
4.13 0.269087 0.0926949 0.284605
4.14 0.273886 0.0777319 0.284703
4.15 0.277821 0.0625622 0.284778
4.16 0.280883 0.0472328 0.284826
4.17 0.283063 0.0317913 0.284843
4.18 0.284359 0.0162858 0.284825
4.19 0.284767 0.000764009 0.284768
4.2 0.284289 -0.0147262 0.28467
4.21 0.282929 -0.0301372 0.28453
4.22 0.280695 -0.0454219 0.284346
4.23 0.277594 -0.0605335 0.284117
4.24 0.27364 -0.0754258 0.283845
4.25 0.268846 -0.090054 0.283528
4.26 0.263232 -0.104374 0.283169
4.27 0.256815 -0.118341 0.28277
4.28 0.24962 -0.131915 0.282333
4.29 0.24167 -0.145054 0.28186
4.3 0.232992 -0.15772 0.281356
4.31 0.223616 -0.169874 0.280823
4.32 0.213574 -0.181481 0.280266
4.33 0.202897 -0.192507 0.279689
4.34 0.191621 -0.202918 0.279096
4.35 0.179784 -0.212686 0.278492
4.36 0.167423 -0.221781 0.277881
4.37 0.15458 -0.230178 0.277267
4.38 0.141294 -0.237853 0.276655
4.39 0.127609 -0.244784 0.276049
4.4 0.113568 -0.250952 0.275454
4.41 0.0992169 -0.25634 0.274871
4.42 0.0846001 -0.260934 0.274306
4.43 0.069764 -0.264722 0.273761
4.44 0.0547552 -0.267695 0.273238
4.45 0.039621 -0.269846 0.272739
4.46 0.0244083 -0.27117 0.272266
4.47 0.00916461 -0.271666 0.27182
4.48 -0.00606275 -0.271335 0.271402
4.49 -0.021227 -0.27018 0.271012
4.5 -0.0362812 -0.268206 0.270649
4.51 -0.0511795 -0.265424 0.270313
4.52 -0.0658762 -0.261842 0.270002
4.53 -0.0803266 -0.257475 0.269715
4.54 -0.0944871 -0.252339 0.269449
4.55 -0.108315 -0.246451 0.269203
4.56 -0.121769 -0.239831 0.268973
4.57 -0.134808 -0.232502 0.268757
4.58 -0.147394 -0.224489 0.268552
4.59 -0.15949 -0.215818 0.268355
4.6 -0.171061 -0.206517 0.268162
4.61 -0.182071 -0.196617 0.267971
4.62 -0.192491 -0.18615 0.267777
4.63 -0.202289 -0.17515 0.267578
4.64 -0.211437 -0.163652 0.267372
4.65 -0.219911 -0.151693 0.267154
4.66 -0.227686 -0.13931 0.266923
4.67 -0.23474 -0.126544 0.266677
4.68 -0.241056 -0.113433 0.266412
4.69 -0.246616 -0.10002 0.266127
4.7 -0.251407 -0.0863454 0.265821
4.71 -0.255415 -0.0724528 0.265493
4.72 -0.258632 -0.0583853 0.265141
4.73 -0.261051 -0.044186 0.264765
4.74 -0.262668 -0.0298989 0.264364
4.75 -0.263481 -0.0155679 0.26394
4.76 -0.263489 -0.0012367 0.263492
4.77 -0.262698 0.0130508 0.263022
4.78 -0.26111 0.0272513 0.262529
4.79 -0.258736 0.0413217 0.262015
4.8 -0.255585 0.0552195 0.261482
4.81 -0.25167 0.0689032 0.260932
4.82 -0.247006 0.0823316 0.260366
4.83 -0.24161 0.0954648 0.259786
4.84 -0.235502 0.108264 0.259195
4.85 -0.228703 0.120691 0.258595
4.86 -0.221237 0.132709 0.257987
4.87 -0.213129 0.144284 0.257375
4.88 -0.204407 0.155381 0.25676
4.89 -0.1951 0.16597 0.256145
4.9 -0.18524 0.176019 0.255531
4.91 -0.174857 0.185499 0.254921
4.92 -0.163987 0.194385 0.254317
4.93 -0.152664 0.202651 0.25372
4.94 -0.140926 0.210275 0.253131
4.95 -0.128809 0.217236 0.252553
4.96 -0.116353 0.223515 0.251986
4.97 -0.103596 0.229096 0.25143
4.98 -0.0905797 0.233965 0.250887
4.99 -0.0773443 0.23811 0.250357
5 -0.0639313 0.241521 0.249839
5.01 -0.0503823 0.244191 0.249334
5.02 -0.0367395 0.246115 0.248842
5.03 -0.0230446 0.24729 0.248361
5.04 -0.0093398 0.247716 0.247892
5.05 0.00433316 0.247394 0.247432
5.06 0.0179326 0.246329 0.246981
5.07 0.0314177 0.244527 0.246537
5.08 0.0447476 0.241997 0.2461
5.09 0.0578826 0.238751 0.245667
5.1 0.0707835 0.234799 0.245237
5.11 0.0834123 0.230159 0.244808
5.12 0.0957315 0.224848 0.244379
5.13 0.107706 0.218883 0.243948
5.14 0.119299 0.212288 0.243513
5.15 0.13048 0.205083 0.243072
5.16 0.141214 0.197296 0.242625
5.17 0.151473 0.18895 0.24217
5.18 0.161227 0.180076 0.241705
5.19 0.170449 0.170701 0.24123
5.2 0.179114 0.160858 0.240742
5.21 0.187198 0.150577 0.240242
5.22 0.194679 0.139894 0.239729
5.23 0.201539 0.128841 0.239203
5.24 0.207759 0.117455 0.238662
5.25 0.213324 0.105771 0.238107
5.26 0.218221 0.093827 0.237537
5.27 0.222438 0.0816602 0.236954
5.28 0.225966 0.0693088 0.236357
5.29 0.228798 0.0568111 0.235746
5.3 0.23093 0.044206 0.235123
5.31 0.232358 0.0315321 0.234488
5.32 0.233083 0.0188285 0.233842
5.33 0.233106 0.00613343 0.233187
5.34 0.232431 -0.00651418 0.232522
5.35 0.231063 -0.0190764 0.23185
5.36 0.229012 -0.0315155 0.231171
5.37 0.226287 -0.0437946 0.230486
5.38 0.222901 -0.0558772 0.229798
5.39 0.218867 -0.0677279 0.229107
5.4 0.214202 -0.079312 0.228413
5.41 0.208923 -0.090596 0.22772
5.42 0.20305 -0.101547 0.227027
5.43 0.196605 -0.112135 0.226335
5.44 0.18961 -0.122328 0.225646
5.45 0.18209 -0.1321 0.224961
5.46 0.174072 -0.141422 0.224279
5.47 0.165581 -0.150269 0.223602
5.48 0.156648 -0.158617 0.22293
5.49 0.147301 -0.166444 0.222264
5.5 0.137572 -0.173729 0.221603
5.51 0.127493 -0.180454 0.220948
5.52 0.117096 -0.186602 0.220299
5.53 0.106414 -0.192158 0.219656
5.54 0.095482 -0.197109 0.219018
5.55 0.0843345 -0.201444 0.218385
5.56 0.0730064 -0.205154 0.217757
5.57 0.0615332 -0.208231 0.217132
5.58 0.0499502 -0.21067 0.216511
5.59 0.0382933 -0.212469 0.215892
5.6 0.0265981 -0.213626 0.215275
5.61 0.0149 -0.214142 0.21466
5.62 0.00323426 -0.214019 0.214044
5.63 -0.00836434 -0.213263 0.213427
5.64 -0.0198612 -0.21188 0.212809
5.65 -0.0312227 -0.209878 0.212188
5.66 -0.0424155 -0.207268 0.211563
5.67 -0.0534073 -0.204062 0.210935
5.68 -0.0641664 -0.200274 0.210302
5.69 -0.0746625 -0.195919 0.209663
5.7 -0.0848657 -0.191014 0.209018
5.71 -0.0947479 -0.185579 0.208367
5.72 -0.104282 -0.179633 0.207708
5.73 -0.113441 -0.173198 0.207042
5.74 -0.122202 -0.166297 0.206369
5.75 -0.130541 -0.158954 0.205687
5.76 -0.138435 -0.151194 0.204998
5.77 -0.145866 -0.143044 0.2043
5.78 -0.152815 -0.134532 0.203595
5.79 -0.159264 -0.125684 0.202883
5.8 -0.165198 -0.116531 0.202163
5.81 -0.170604 -0.107102 0.201436
5.82 -0.175469 -0.0974273 0.200703
5.83 -0.179785 -0.087538 0.199963
5.84 -0.183541 -0.0774651 0.199219
5.85 -0.186732 -0.0672401 0.19847
5.86 -0.189353 -0.0568949 0.197716
5.87 -0.191401 -0.046461 0.196959
5.88 -0.192874 -0.0359703 0.1962
5.89 -0.193773 -0.0254544 0.195438
5.9 -0.194101 -0.0149448 0.194675
5.91 -0.19386 -0.00447258 0.193911
5.92 -0.193057 0.00593135 0.193148
5.93 -0.191698 0.016237 0.192385
5.94 -0.189794 0.0264145 0.191623
5.95 -0.187353 0.0364349 0.190863
5.96 -0.184388 0.0462699 0.190105
5.97 -0.180913 0.0558921 0.18935
5.98 -0.176941 0.065275 0.188598
5.99 -0.17249 0.0743929 0.187849
6 -0.167577 0.0832213 0.187104
6.01 -0.16222 0.0917371 0.186363
6.02 -0.156439 0.0999176 0.185625
6.03 -0.150255 0.107742 0.184892
6.04 -0.143689 0.115191 0.184162
6.05 -0.136766 0.122246 0.183436
6.06 -0.129507 0.128889 0.182714
6.07 -0.121937 0.135106 0.181995
6.08 -0.114083 0.140881 0.18128
6.09 -0.105968 0.146203 0.180567
6.1 -0.0976196 0.15106 0.179857
6.11 -0.0890639 0.155442 0.17915
6.12 -0.0803279 0.159341 0.178444
6.13 -0.0714386 0.162751 0.17774
6.14 -0.0624232 0.165666 0.177036
6.15 -0.0533092 0.168083 0.176334
6.16 -0.0441239 0.169999 0.175632
6.17 -0.0348944 0.171414 0.174929
6.18 -0.025648 0.172329 0.174227
6.19 -0.0164114 0.172746 0.173523
6.2 -0.00721088 0.172668 0.172819
6.21 0.00192712 0.172103 0.172113
6.22 0.0109773 0.171054 0.171406
6.23 0.0199146 0.169532 0.170697
6.24 0.0287144 0.167544 0.169987
6.25 0.0373531 0.165102 0.169274
6.26 0.0458078 0.162216 0.16856
6.27 0.0540562 0.1589 0.167843
6.28 0.062077 0.155169 0.167125
6.29 0.0698499 0.151035 0.166405
6.3 0.0773554 0.146517 0.165684
6.31 0.084575 0.14163 0.164961
6.32 0.0914914 0.136393 0.164237
6.33 0.0980884 0.130823 0.163511
6.34 0.104351 0.12494 0.162786
6.35 0.110264 0.118765 0.16206
6.36 0.115816 0.112317 0.161334
6.37 0.120995 0.105618 0.160608
6.38 0.12579 0.0986888 0.159883
6.39 0.130193 0.0915517 0.15916
6.4 0.134194 0.0842288 0.158438
6.41 0.137788 0.0767424 0.157717
6.42 0.140968 0.0691153 0.157
6.43 0.143731 0.0613702 0.156285
6.44 0.146073 0.0535298 0.155573
6.45 0.147994 0.0456167 0.154864
6.46 0.149491 0.0376538 0.15416
6.47 0.150565 0.0296633 0.153459
6.48 0.151219 0.0216677 0.152763
6.49 0.151455 0.0136887 0.152072
6.5 0.151277 0.00574831 0.151386
6.51 0.15069 -0.00213255 0.150705
6.52 0.1497 -0.00993304 0.15003
6.53 0.148315 -0.0176328 0.14936
6.54 0.146543 -0.025212 0.148696
6.55 0.144392 -0.0326518 0.148038
6.56 0.141873 -0.0399333 0.147386
6.57 0.138996 -0.047039 0.14674
6.58 0.135773 -0.0539515 0.1461
6.59 0.132218 -0.0606546 0.145466
6.6 0.128342 -0.0671326 0.144839
6.61 0.124159 -0.073371 0.144218
6.62 0.119685 -0.0793555 0.143603
6.63 0.114934 -0.0850733 0.142994
6.64 0.109922 -0.090512 0.142392
6.65 0.104665 -0.0956607 0.141795
6.66 0.0991797 -0.100509 0.141204
6.67 0.0934826 -0.105046 0.140619
6.68 0.0875907 -0.109266 0.14004
6.69 0.081522 -0.113159 0.139466
6.7 0.075294 -0.116719 0.138898
6.71 0.0689245 -0.119941 0.138335
6.72 0.0624318 -0.12282 0.137777
6.73 0.0558336 -0.125352 0.137224
6.74 0.0491482 -0.127534 0.136677
6.75 0.0423937 -0.129365 0.136134
6.76 0.0355881 -0.130842 0.135596
6.77 0.0287492 -0.131967 0.135062
6.78 0.0218949 -0.13274 0.134533
6.79 0.0150428 -0.133162 0.134009
6.8 0.00821019 -0.133236 0.133489
6.81 0.00141401 -0.132966 0.132973
6.82 -0.00532875 -0.132355 0.132462
6.83 -0.0120017 -0.131408 0.131955
6.84 -0.018589 -0.130132 0.131453
6.85 -0.0250749 -0.128531 0.130954
6.86 -0.031444 -0.126614 0.13046
6.87 -0.037682 -0.124389 0.129971
6.88 -0.0437742 -0.121863 0.129486
6.89 -0.0497072 -0.119045 0.129006
6.9 -0.0554677 -0.115946 0.128531
6.91 -0.0610431 -0.112575 0.12806
6.92 -0.0664212 -0.108943 0.127595
6.93 -0.0715909 -0.105062 0.127135
6.94 -0.0765411 -0.100942 0.12668
6.95 -0.0812617 -0.0965964 0.126231
6.96 -0.0857431 -0.0920371 0.125788
6.97 -0.0899765 -0.0872771 0.125352
6.98 -0.0939535 -0.0823294 0.124922
6.99 -0.0976666 -0.0772077 0.124498
7 -0.101109 -0.0719254 0.124082
7.01 -0.104274 -0.0664967 0.123673
7.02 -0.107157 -0.0609357 0.123271
7.03 -0.109752 -0.0552565 0.122877
7.04 -0.112056 -0.049474 0.122491
7.05 -0.114064 -0.0436024 0.122114
7.06 -0.115775 -0.0376565 0.121745
7.07 -0.117186 -0.031651 0.121385
7.08 -0.118295 -0.0256006 0.121033
7.09 -0.119102 -0.0195199 0.120691
7.1 -0.119607 -0.0134239 0.120358
7.11 -0.11981 -0.00732676 0.120034
7.12 -0.119712 -0.00124339 0.119719
7.13 -0.119317 0.00481218 0.119414
7.14 -0.118624 0.0108253 0.119117
7.15 -0.117639 0.0167823 0.11883
7.16 -0.116365 0.022669 0.118552
7.17 -0.114806 0.0284721 0.118283
7.18 -0.112966 0.0341777 0.118023
7.19 -0.110853 0.0397733 0.117772
7.2 -0.108471 0.0452454 0.117529
7.21 -0.105827 0.0505819 0.117294
7.22 -0.102929 0.0557704 0.117067
7.23 -0.0997841 0.0607993 0.116848
7.24 -0.0964006 0.0656569 0.116636
7.25 -0.0927874 0.0703324 0.116431
7.26 -0.0889535 0.0748149 0.116232
7.27 -0.0849086 0.0790945 0.116041
7.28 -0.0806628 0.0831612 0.115855
7.29 -0.0762267 0.087006 0.115674
7.3 -0.071611 0.0906199 0.115499
7.31 -0.0668273 0.0939949 0.11533
7.32 -0.0618869 0.097123 0.115165
7.33 -0.0568021 0.0999973 0.115004
7.34 -0.0515852 0.102611 0.114848
7.35 -0.0462486 0.104958 0.114696
7.36 -0.0408055 0.107033 0.114548
7.37 -0.0352688 0.108831 0.114403
7.38 -0.029652 0.110348 0.114262
7.39 -0.0239688 0.11158 0.114125
7.4 -0.0182328 0.112524 0.113992
7.41 -0.0124579 0.113178 0.113862
7.42 -0.00665841 0.11354 0.113735
7.43 -0.000848125 0.11361 0.113613
7.44 0.00495842 0.113386 0.113494
7.45 0.0107473 0.112869 0.11338
7.46 0.0165038 0.11206 0.113269
7.47 0.022214 0.110961 0.113163
7.48 0.0278634 0.109574 0.113062
7.49 0.0334382 0.107903 0.112965
7.5 0.038924 0.10595 0.112873
7.51 0.0443071 0.10372 0.112787
7.52 0.0495737 0.101219 0.112707
7.53 0.0547102 0.0984515 0.112632
7.54 0.0597034 0.0954249 0.112563
7.55 0.0645401 0.0921462 0.1125
7.56 0.0692076 0.0886229 0.112444
7.57 0.0736937 0.0848636 0.112395
7.58 0.0779859 0.0808771 0.112352
7.59 0.082073 0.0766734 0.112316
7.6 0.0859434 0.0722625 0.112286
7.61 0.0895867 0.0676553 0.112263
7.62 0.0929922 0.0628632 0.112247
7.63 0.0961504 0.0578984 0.112237
7.64 0.099052 0.0527731 0.112233
7.65 0.101689 0.0475002 0.112236
7.66 0.104052 0.0420936 0.112244
7.67 0.106135 0.0365667 0.112257
7.68 0.10793 0.0309342 0.112276
7.69 0.109433 0.0252106 0.112299
7.7 0.110637 0.0194108 0.112327
7.71 0.111538 0.0135503 0.112358
7.72 0.112132 0.007645 0.112392
7.73 0.112417 0.00171021 0.11243
7.74 0.112389 -0.00423748 0.112469
7.75 0.112049 -0.0101823 0.112511
7.76 0.111395 -0.0161074 0.112553
7.77 0.110427 -0.0219969 0.112597
7.78 0.109148 -0.0278339 0.112641
7.79 0.107558 -0.0336022 0.112685
7.8 0.105662 -0.0392852 0.112729
7.81 0.103462 -0.0448669 0.112772
7.82 0.100965 -0.0503308 0.112814
7.83 0.0981737 -0.0556614 0.112855
7.84 0.0950968 -0.0608427 0.112895
7.85 0.0917411 -0.0658594 0.112933
7.86 0.0881147 -0.0706963 0.11297
7.87 0.0842267 -0.0753391 0.113005
7.88 0.0800872 -0.079773 0.113038
7.89 0.0757066 -0.0839849 0.113071
7.9 0.0710968 -0.0879611 0.113101
7.91 0.0662697 -0.0916893 0.113131
7.92 0.0612388 -0.095157 0.113159
7.93 0.0560174 -0.0983535 0.113187
7.94 0.0506202 -0.101268 0.113215
7.95 0.0450621 -0.10389 0.113242
7.96 0.0393589 -0.10621 0.113269
7.97 0.0335266 -0.108222 0.113296
7.98 0.0275823 -0.109916 0.113324
7.99 0.0215429 -0.111287 0.113353
8 0.0154262 -0.112329 0.113383
8.01 0.0092503 -0.113037 0.113415
8.02 0.00303345 -0.113407 0.113448
8.03 -0.00320584 -0.113438 0.113483
8.04 -0.0094483 -0.113126 0.11352
8.05 -0.0156755 -0.112472 0.113559
8.06 -0.0218678 -0.111476 0.1136
8.07 -0.0280064 -0.110139 0.113644
8.08 -0.034072 -0.108464 0.11369
8.09 -0.0400457 -0.106455 0.113738
8.1 -0.0459085 -0.104115 0.113788
8.11 -0.0516417 -0.101452 0.113839
8.12 -0.0572269 -0.0984716 0.113893
8.13 -0.0626461 -0.0951815 0.113948
8.14 -0.0678815 -0.0915912 0.114004
8.15 -0.0729159 -0.08771 0.11406
8.16 -0.0777327 -0.0835492 0.114118
8.17 -0.0823156 -0.0791205 0.114175
8.18 -0.0866491 -0.0744368 0.114232
8.19 -0.0907187 -0.0695118 0.114288
8.2 -0.0945098 -0.0643601 0.114343
8.21 -0.0980098 -0.0589969 0.114397
8.22 -0.101206 -0.0534389 0.114448
8.23 -0.104087 -0.0477025 0.114497
8.24 -0.106642 -0.0418057 0.114544
8.25 -0.108862 -0.0357666 0.114587
8.26 -0.110738 -0.0296042 0.114627
8.27 -0.112263 -0.0233378 0.114663
8.28 -0.113431 -0.0169874 0.114696
8.29 -0.114236 -0.0105729 0.114725
8.3 -0.114675 -0.00411548 0.114749
8.31 -0.114745 0.00236452 0.114769
8.32 -0.114444 0.00884578 0.114785
8.33 -0.113771 0.0153072 0.114797
8.34 -0.112729 0.0217273 0.114804
8.35 -0.111319 0.0280853 0.114807
8.36 -0.109544 0.0343594 0.114806
8.37 -0.107409 0.0405293 0.114801
8.38 -0.104921 0.0465737 0.114793
8.39 -0.102085 0.0524724 0.114781
8.4 -0.0989116 0.0582053 0.114767
8.41 -0.0954089 0.0637528 0.114749
8.42 -0.0915883 0.0690956 0.114728
8.43 -0.0874613 0.0742155 0.114706
8.44 -0.0830412 0.0790946 0.114681
8.45 -0.0783416 0.0837157 0.114655
8.46 -0.0733783 0.0880625 0.114627
8.47 -0.0681666 0.0921197 0.114598
8.48 -0.062724 0.0958727 0.114568
8.49 -0.0570681 0.0993081 0.114538
8.5 -0.0512178 0.102413 0.114506
8.51 -0.0451921 0.105177 0.114475
8.52 -0.039012 0.107588 0.114443
8.53 -0.0326973 0.109639 0.114411
8.54 -0.0262699 0.111321 0.114378
8.55 -0.0197514 0.112627 0.114346
8.56 -0.0131642 0.113552 0.114313
8.57 -0.00653044 0.114093 0.11428
8.58 0.000126653 0.114246 0.114246
8.59 0.00678442 0.11401 0.114212
8.6 0.0134196 0.113385 0.114177
8.61 0.0200094 0.112373 0.114141
8.62 0.0265306 0.110976 0.114103
8.63 0.0329606 0.109198 0.114064
8.64 0.0392766 0.107045 0.114024
8.65 0.0454567 0.104524 0.113981
8.66 0.0514786 0.101643 0.113936
8.67 0.0573215 0.098411 0.113888
8.68 0.0629642 0.0948394 0.113838
8.69 0.0683868 0.0909396 0.113784
8.7 0.07357 0.0867253 0.113727
8.71 0.078495 0.0822107 0.113666
8.72 0.0831443 0.0774114 0.113602
8.73 0.087501 0.0723439 0.113534
8.74 0.0915494 0.0670259 0.113463
8.75 0.0952748 0.0614757 0.113387
8.76 0.0986637 0.0557132 0.113307
8.77 0.101704 0.0497581 0.113223
8.78 0.104384 0.0436318 0.113136
8.79 0.106693 0.0373558 0.113044
8.8 0.108625 0.0309525 0.112949
8.81 0.110171 0.0244445 0.11285
8.82 0.111325 0.0178554 0.112748
8.83 0.112083 0.0112081 0.112642
8.84 0.112443 0.00452722 0.112534
8.85 0.112402 -0.00216378 0.112423
8.86 0.111961 -0.00884058 0.112309
8.87 0.111121 -0.0154791 0.112193
8.88 0.109884 -0.0220554 0.112076
8.89 0.108256 -0.0285456 0.111957
8.9 0.106243 -0.0349261 0.111836
8.91 0.10385 -0.0411738 0.111714
8.92 0.101087 -0.0472659 0.111592
8.93 0.0979643 -0.0531804 0.111468
8.94 0.0944929 -0.0588955 0.111344
8.95 0.0906853 -0.0643905 0.11122
8.96 0.0865556 -0.0696451 0.111096
8.97 0.0821188 -0.0746403 0.110971
8.98 0.0773915 -0.0793576 0.110847
8.99 0.0723904 -0.08378 0.110722
9 0.0671348 -0.0878911 0.110598
9.01 0.0616434 -0.0916758 0.110473
9.02 0.0559368 -0.0951205 0.110349
9.03 0.050036 -0.0982123 0.110224
9.04 0.043963 -0.10094 0.110098
9.05 0.0377401 -0.103294 0.109973
9.06 0.0313906 -0.105265 0.109846
9.07 0.0249379 -0.106847 0.109719
9.08 0.0184061 -0.108033 0.10959
9.09 0.0118194 -0.10882 0.10946
9.1 0.00520248 -0.109205 0.109329
9.11 -0.00142027 -0.109186 0.109196
9.12 -0.00802389 -0.108765 0.109061
9.13 -0.014584 -0.107942 0.108923
9.14 -0.0210759 -0.106722 0.108783
9.15 -0.0274757 -0.105109 0.108641
9.16 -0.0337592 -0.10311 0.108496
9.17 -0.0399032 -0.100732 0.108347
9.18 -0.0458847 -0.0979845 0.108196
9.19 -0.0516815 -0.0948788 0.108041
9.2 -0.0572719 -0.0914266 0.107884
9.21 -0.0626352 -0.0876412 0.107723
9.22 -0.0677514 -0.0835375 0.107558
9.23 -0.0726016 -0.0791311 0.10739
9.24 -0.0771678 -0.0744392 0.10722
9.25 -0.081433 -0.0694796 0.107046
9.26 -0.0853816 -0.0642719 0.106869
9.27 -0.0889991 -0.0588358 0.106689
9.28 -0.0922723 -0.0531924 0.106506
9.29 -0.0951891 -0.0473632 0.106321
9.3 -0.0977393 -0.0413712 0.106135
9.31 -0.0999132 -0.0352386 0.105945
9.32 -0.101704 -0.0289897 0.105755
9.33 -0.103105 -0.0226482 0.105563
9.34 -0.104111 -0.0162385 0.10537
9.35 -0.10472 -0.00978518 0.105176
9.36 -0.10493 -0.00331304 0.104982
9.37 -0.10474 0.00315316 0.104787
9.38 -0.104153 0.00958851 0.104593
9.39 -0.10317 0.0159685 0.104399
9.4 -0.101798 0.0222687 0.104205
9.41 -0.100041 0.0284651 0.104012
9.42 -0.0979079 0.034534 0.10382
9.43 -0.0954068 0.0404523 0.103628
9.44 -0.0925486 0.0461974 0.103438
9.45 -0.0893447 0.0517476 0.103249
9.46 -0.0858087 0.0570818 0.10306
9.47 -0.0819544 0.0621797 0.102873
9.48 -0.077798 0.0670224 0.102687
9.49 -0.073356 0.0715914 0.102501
9.5 -0.0686462 0.0758697 0.102316
9.51 -0.0636877 0.0798414 0.102131
9.52 -0.0585003 0.0834917 0.101947
9.53 -0.0531044 0.086807 0.101762
9.54 -0.047522 0.0897755 0.101577
9.55 -0.0417748 0.0923861 0.101392
9.56 -0.0358861 0.0946299 0.101206
9.57 -0.0298787 0.0964986 0.101018
9.58 -0.0237768 0.0979862 0.10083
9.59 -0.0176042 0.0990874 0.100639
9.6 -0.0113854 0.0997994 0.100447
9.61 -0.00514473 0.10012 0.100252
9.62 0.00109324 0.100049 0.100055
9.63 0.00730407 0.099588 0.0998555
9.64 0.0134636 0.0987397 0.0996534
9.65 0.0195476 0.0975084 0.0994484
9.66 0.0255325 0.0958999 0.0992406
9.67 0.031395 0.0939217 0.09903
9.68 0.0371123 0.0915829 0.0988167
9.69 0.0426624 0.0888931 0.0986006
9.7 0.048024 0.0858646 0.0983821
9.71 0.0531762 0.0825098 0.098161
9.72 0.0580996 0.0788434 0.0979379
9.73 0.0627752 0.0748803 0.0977128
9.74 0.0671855 0.0706376 0.0974862
9.75 0.0713134 0.0661326 0.0972581
9.76 0.075144 0.0613842 0.0970291
9.77 0.0786624 0.0564119 0.0967992
9.78 0.0818563 0.0512361 0.0965691
9.79 0.0847133 0.0458781 0.0963387
9.8 0.0872238 0.0403598 0.0961088
9.81 0.0893785 0.0347038 0.0958794
9.82 0.0911701 0.0289328 0.0956509
9.83 0.0925925 0.0230705 0.0954234
9.84 0.0936415 0.0171406 0.0951974
9.85 0.0943137 0.0111669 0.0949725
9.86 0.0946082 0.00517346 0.0947496
9.87 0.0945246 -0.000815543 0.0945281
9.88 0.0940648 -0.0067763 0.0943086
9.89 0.0932317 -0.0126847 0.0940906
9.9 0.0920301 -0.0185177 0.0938746
9.91 0.0904658 -0.0242515 0.09366
9.92 0.0885465 -0.029864 0.093447
9.93 0.086281 -0.0353324 0.0932352
9.94 0.0836799 -0.0406359 0.0930247
9.95 0.0807544 -0.045753 0.0928149
9.96 0.0775175 -0.0506643 0.0926058
9.97 0.0739836 -0.0553503 0.0923972
9.98 0.0701677 -0.0597931 0.0921885
9.99 0.0660861 -0.0639755 0.0919796
10 0.0617566 -0.0678817 0.0917703
10.01 0.0571971 -0.0714964 0.0915601
10.02 0.0524272 -0.0748067 0.0913491
10.03 0.0474667 -0.0777998 0.0911367
10.04 0.0423365 -0.0804649 0.090923
10.05 0.037058 -0.0827923 0.0907075
10.06 0.0316529 -0.0847741 0.0904906
10.07 0.0261438 -0.086403 0.0902717
10.08 0.0205533 -0.0876742 0.0900511
10.09 0.0149046 -0.0885835 0.0898287
10.1 0.00922042 -0.089129 0.0896046
10.11 0.00352452 -0.0893093 0.0893788
10.12 -0.00216038 -0.0891254 0.0891516
10.13 -0.00781077 -0.0885796 0.0889233
10.14 -0.013404 -0.0876752 0.0886939
10.15 -0.0189174 -0.0864173 0.0884637
10.16 -0.024329 -0.0848128 0.0882333
10.17 -0.0296166 -0.0828691 0.0880024
10.18 -0.0347597 -0.0805959 0.0877721
10.19 -0.0397373 -0.0780036 0.0875421
10.2 -0.0445301 -0.0751042 0.087313
10.21 -0.0491188 -0.0719107 0.087085
10.22 -0.0534857 -0.0684375 0.0868586
10.23 -0.0576135 -0.0647 0.0866338
10.24 -0.0614865 -0.0607145 0.0864109
10.25 -0.0650894 -0.0564985 0.08619
10.26 -0.0684089 -0.0520703 0.0859714
10.27 -0.0714321 -0.0474489 0.0857551
10.28 -0.0741478 -0.0426542 0.0855411
10.29 -0.0765462 -0.0377067 0.0853295
10.3 -0.0786186 -0.0326274 0.0851201
10.31 -0.0803574 -0.0274378 0.0849126
10.32 -0.0817574 -0.0221597 0.0847073
10.33 -0.0828134 -0.0168156 0.0845034
10.34 -0.083523 -0.0114275 0.0843011
10.35 -0.0838843 -0.00601813 0.0840999
10.36 -0.0838974 -0.000609716 0.0838996
10.37 -0.0835634 0.00477491 0.0836998
10.38 -0.0828853 0.0101141 0.0835001
10.39 -0.0818672 0.0153853 0.0833003
10.4 -0.0805145 0.0205674 0.0830999
10.41 -0.0788344 0.0256389 0.0828988
10.42 -0.076835 0.0305796 0.0826966
10.43 -0.0745261 0.0353691 0.0824931
10.44 -0.0719182 0.0399885 0.082288
10.45 -0.0690238 0.044419 0.0820813
10.46 -0.0658557 0.0486432 0.0818727
10.47 -0.0624285 0.052644 0.0816622
10.48 -0.0587573 0.0564064 0.08145
10.49 -0.0548587 0.0599148 0.0812358
10.5 -0.0507494 0.0631564 0.08102
10.51 -0.0464481 0.0661184 0.0808027
10.52 -0.0419729 0.0687899 0.0805839
10.53 -0.0373438 0.0711607 0.0803642
10.54 -0.0325802 0.0732223 0.0801435
10.55 -0.0277033 0.0749674 0.0799223
10.56 -0.0227333 0.07639 0.0797009
10.57 -0.0176919 0.0774856 0.0794797
10.58 -0.0126002 0.078251 0.079259
10.59 -0.00748019 0.0786844 0.0790392
10.6 -0.00235306 0.0787853 0.0788204
10.61 0.00275934 0.0785548 0.0786033
10.62 0.00783571 0.0779953 0.078388
10.63 0.0128546 0.0771105 0.0781746
10.64 0.0177957 0.0759056 0.0779638
10.65 0.0226377 0.074387 0.0777554
10.66 0.0273613 0.0725623 0.0775495
10.67 0.0319467 0.0704408 0.0773466
10.68 0.0363752 0.0680323 0.0771463
10.69 0.0406288 0.0653486 0.076949
10.7 0.0446903 0.0624018 0.0767542
10.71 0.0485431 0.0592059 0.0765622
10.72 0.0521721 0.055775 0.0763726
10.73 0.0555626 0.0521249 0.0761853
10.74 0.0587013 0.0482717 0.076
10.75 0.0615761 0.044233 0.0758167
10.76 0.0641756 0.0400263 0.0756347
10.77 0.0664902 0.0356703 0.0754541
10.78 0.0685111 0.0311839 0.0752742
10.79 0.0702309 0.0265869 0.0750949
10.8 0.0716437 0.0218989 0.0749158
10.81 0.0727446 0.0171407 0.0747368
10.82 0.0735302 0.0123323 0.0745572
10.83 0.0739988 0.00749466 0.0743773
10.84 0.0741491 0.00264822 0.0741964
10.85 0.0739824 -0.00218618 0.0740147
10.86 0.0735002 -0.00698825 0.0738316
10.87 0.0727062 -0.0117375 0.0736475
10.88 0.0716048 -0.016414 0.073462
10.89 0.0702023 -0.0209981 0.0732753
10.9 0.0685055 -0.0254707 0.0730873
10.91 0.0665233 -0.0298131 0.0728983
10.92 0.0642649 -0.0340074 0.0727082
10.93 0.0617415 -0.0380363 0.0725174
10.94 0.0589646 -0.0418833 0.0723259
10.95 0.0559475 -0.0455324 0.0721341
10.96 0.0527037 -0.0489694 0.0719422
10.97 0.0492485 -0.0521799 0.0717507
10.98 0.0455971 -0.0551512 0.0715594
10.99 0.0417664 -0.0578719 0.0713694
11 0.0377731 -0.0603308 0.0711801
11.01 0.0336355 -0.0625189 0.0709927
11.02 0.0293715 -0.0644274 0.0708066
11.03 0.0250004 -0.0660497 0.0706228
11.04 0.020541 -0.0673796 0.0704411
11.05 0.0160132 -0.0684129 0.070262
11.06 0.0114365 -0.0691459 0.0700853
11.07 0.00683108 -0.069577 0.0699115
11.08 0.0022167 -0.0697052 0.0697404
11.09 -0.00238658 -0.0695314 0.0695724
11.1 -0.00695913 -0.0690573 0.069407
11.11 -0.0114809 -0.0682863 0.0692447
11.12 -0.0159331 -0.0672224 0.0690848
11.13 -0.0202964 -0.065872 0.068928
11.14 -0.0245522 -0.0642413 0.0687732
11.15 -0.0286829 -0.062339 0.0686211
11.16 -0.0326706 -0.0601737 0.0684708
11.17 -0.036499 -0.0577565 0.0683226
11.18 -0.0401518 -0.0550979 0.0681758
11.19 -0.0436141 -0.052211 0.0680307
11.2 -0.0468712 -0.0491087 0.0678865
11.21 -0.0499103 -0.0458055 0.0677435
11.22 -0.0527184 -0.042316 0.0676008
11.23 -0.0552846 -0.0386565 0.067459
11.24 -0.0575983 -0.0348431 0.0673172
11.25 -0.0596507 -0.0308931 0.0671758
11.26 -0.0614335 -0.0268238 0.0670342
11.27 -0.0629402 -0.0226537 0.0668928
11.28 -0.0641648 -0.0184007 0.066751
11.29 -0.0651036 -0.0140841 0.0666096
11.3 -0.0657528 -0.00972262 0.0664677
11.31 -0.0661112 -0.00533523 0.0663261
11.32 -0.0661778 -0.000941453 0.0661845
11.33 -0.0659536 0.00343988 0.0660433
11.34 -0.0654404 0.00778961 0.0659024
11.35 -0.0646415 0.012089 0.0657622
11.36 -0.0635613 0.0163192 0.0656228
11.37 -0.0622055 0.0204624 0.0654846
11.38 -0.0605808 0.0245005 0.0653476
11.39 -0.0586954 0.0284165 0.0652124
11.4 -0.0565582 0.0321934 0.0650788
11.41 -0.0541795 0.0358153 0.0649473
11.42 -0.0515703 0.0392668 0.0648181
11.43 -0.048743 0.0425336 0.0646915
11.44 -0.0457104 0.0456014 0.0645672
11.45 -0.0424864 0.0484582 0.064446
11.46 -0.0390861 0.0510913 0.0643276
11.47 -0.0355243 0.0534904 0.0642121
11.48 -0.0318177 0.0556453 0.0640996
11.49 -0.0279826 0.0575476 0.0639902
11.5 -0.0240363 0.0591894 0.0638837
11.51 -0.0199963 0.0605645 0.0637802
11.52 -0.0158809 0.0616674 0.0636794
11.53 -0.0117081 0.0624941 0.0635814
11.54 -0.0074965 0.0630416 0.0634858
11.55 -0.00326447 0.0633085 0.0633926
11.56 0.000968978 0.063294 0.0633014
11.57 0.00518561 0.0629992 0.0632123
11.58 0.00936667 0.0624259 0.0631247
11.59 0.0134942 0.0615776 0.0630388
11.6 0.0175498 0.0604582 0.0629539
11.61 0.0215164 0.0590738 0.0628703
11.62 0.025376 0.057431 0.0627874
11.63 0.0291128 0.0555373 0.0627052
11.64 0.0327099 0.053402 0.0626235
11.65 0.0361525 0.0510349 0.0625425
11.66 0.0394252 0.0484469 0.0624616
11.67 0.0425145 0.0456499 0.0623811
11.68 0.0454069 0.0426568 0.0623008
11.69 0.0480904 0.039481 0.0622208
11.7 0.0505532 0.0361371 0.062141
11.71 0.0529473 0.0327554 0.0622602
11.72 0.0552698 0.0293408 0.062575
11.73 0.0575188 0.0258974 0.06308
11.74 0.0596915 0.0224298 0.0637665
11.75 0.0617864 0.0189422 0.0646248
11.76 0.0638006 0.0154396 0.0656422
11.77 0.0657327 0.0119257 0.0668058
11.78 0.0675805 0.00840592 0.0681013
11.79 0.069342 0.00488386 0.0695138
11.8 0.0710155 0.00136465 0.0710286
11.81 0.0725994 -0.00214772 0.0726311
11.82 0.0740918 -0.0056484 0.0743068
11.83 0.0754914 -0.00913336 0.0760419
11.84 0.0767966 -0.0125978 0.077823
11.85 0.078006 -0.0160378 0.0796375
11.86 0.0791183 -0.0194485 0.0814736
11.87 0.0801324 -0.0228261 0.08332
11.88 0.0810471 -0.0261659 0.0851662
11.89 0.0818612 -0.029464 0.0870022
11.9 0.0825741 -0.032716 0.0888191
11.91 0.0831846 -0.0359181 0.0906079
11.92 0.0836923 -0.0390658 0.0923609
11.93 0.0840959 -0.0421553 0.0940701
11.94 0.0843955 -0.0451829 0.0957292
11.95 0.08459 -0.0481442 0.097331
11.96 0.0846793 -0.0510359 0.0988699
11.97 0.084663 -0.053854 0.10034
11.98 0.0845408 -0.056595 0.101736
11.99 0.0843125 -0.0592551 0.103052
12 0.0839782 -0.0618312 0.104285
12.01 0.0835376 -0.0643194 0.10543
12.02 0.0829912 -0.0667169 0.106483
12.03 0.0823387 -0.0690201 0.10744
12.04 0.0815806 -0.0712263 0.108299
12.05 0.0807173 -0.073332 0.109054
12.06 0.0797491 -0.0753347 0.109705
12.07 0.0786765 -0.0772312 0.110248
12.08 0.0775002 -0.0790194 0.110681
12.09 0.0762208 -0.0806959 0.111002
12.1 0.0748387 -0.082259 0.111209
12.11 0.0733553 -0.0837058 0.1113
12.12 0.071771 -0.0850343 0.111274
12.13 0.0700871 -0.0862423 0.11113
12.14 0.0683044 -0.0873279 0.110868
12.15 0.0664242 -0.0882889 0.110486
12.16 0.0644475 -0.089124 0.109984
12.17 0.0623757 -0.089831 0.109363
12.18 0.06021 -0.0904088 0.108623
12.19 0.0579519 -0.0908558 0.107764
12.2 0.0556025 -0.0911708 0.106788
12.21 0.0531638 -0.0913526 0.105696
12.22 0.050637 -0.0914003 0.10449
12.23 0.048024 -0.0913128 0.103171
12.24 0.0453261 -0.0910896 0.101744
12.25 0.0425457 -0.09073 0.10021
12.26 0.0396839 -0.0902331 0.098574
12.27 0.036743 -0.0895992 0.0968404
12.28 0.0337248 -0.0888276 0.0950142
12.29 0.0306311 -0.0879183 0.0931015
12.3 0.0274641 -0.0868713 0.0911093
12.31 0.0242259 -0.0856868 0.0890457
12.32 0.0209184 -0.0843649 0.0869196
12.33 0.017544 -0.0829062 0.0847421
12.34 0.0141046 -0.081311 0.0825252
12.35 0.0106026 -0.0795801 0.0802833
12.36 0.00704036 -0.0777141 0.0780323
12.37 0.00341994 -0.0757141 0.0757913
12.38 -0.000256097 -0.0735808 0.0735812
12.39 -0.00398555 -0.0713157 0.071427
12.4 -0.0077658 -0.0689195 0.0693556
12.41 -0.0115948 -0.0663942 0.067399
12.42 -0.0154695 -0.0637406 0.0655909
12.43 -0.0193881 -0.0609606 0.0639694
12.44 -0.0233476 -0.0580558 0.0625746
12.45 -0.0273457 -0.0550279 0.061448
12.46 -0.0313797 -0.0518789 0.0606309
12.47 -0.0354475 -0.0486108 0.0601626
12.48 -0.0395458 -0.0452255 0.0600767
12.49 -0.0436728 -0.0417253 0.0604012
12.5 -0.0478251 -0.0381123 0.0611539
12.51 -0.0520011 -0.034389 0.0623435
12.52 -0.0561971 -0.0305579 0.063968
12.53 -0.0604116 -0.0266212 0.066017
12.54 -0.064641 -0.0225818 0.0684719
12.55 -0.0688837 -0.0184422 0.0713097
12.56 -0.0731361 -0.0142054 0.0745029
12.57 -0.0773965 -0.00987375 0.0780238
12.58 -0.0816618 -0.00545083 0.0818435
12.59 -0.0859296 -0.000938864 0.0859348
12.6 -0.0901975 0.00365857 0.0902717
12.61 -0.0944628 0.00833868 0.0948302
12.62 -0.0987231 0.0130981 0.0995882
12.63 -0.102976 0.017934 0.104526
12.64 -0.107219 0.0228426 0.109625
12.65 -0.111449 0.0278211 0.114869
12.66 -0.115664 0.0328657 0.120243
12.67 -0.119863 0.0379736 0.125734
12.68 -0.124041 0.0431407 0.131329
12.69 -0.128198 0.0483642 0.137018
12.7 -0.132331 0.0536401 0.142789
12.71 -0.136437 0.0589653 0.148633
12.72 -0.140515 0.0643358 0.154543
12.73 -0.144561 0.0697484 0.160508
12.74 -0.148575 0.0751994 0.166522
12.75 -0.152554 0.080685 0.172577
12.76 -0.156496 0.0862021 0.178667
12.77 -0.160399 0.0917464 0.184784
12.78 -0.164261 0.0973147 0.190923
12.79 -0.168079 0.102903 0.197078
12.8 -0.171854 0.108508 0.203243
12.81 -0.175582 0.114126 0.209413
12.82 -0.179262 0.119753 0.215582
12.83 -0.182891 0.125386 0.221745
12.84 -0.18647 0.131021 0.227898
12.85 -0.189995 0.136654 0.234035
12.86 -0.193465 0.142281 0.240152
12.87 -0.19688 0.1479 0.246244
12.88 -0.200237 0.153506 0.252307
12.89 -0.203535 0.159096 0.258337
12.9 -0.206773 0.164666 0.26433
12.91 -0.20995 0.170213 0.270281
12.92 -0.213065 0.175734 0.276186
12.93 -0.216115 0.181224 0.282042
12.94 -0.219102 0.18668 0.287845
12.95 -0.222022 0.192099 0.293591
12.96 -0.224876 0.197478 0.299277
12.97 -0.227663 0.202812 0.304898
12.98 -0.230381 0.2081 0.310452
12.99 -0.23303 0.213336 0.315936
13 -0.23561 0.218519 0.321345
13.01 -0.238119 0.223645 0.326677
13.02 -0.240558 0.228711 0.331929
13.03 -0.242925 0.233714 0.337097
13.04 -0.24522 0.23865 0.342179
13.05 -0.247443 0.243517 0.347172
13.06 -0.249593 0.248312 0.352073
13.07 -0.25167 0.253032 0.356879
13.08 -0.253674 0.257673 0.361588
13.09 -0.255605 0.262233 0.366197
13.1 -0.257462 0.26671 0.370703
13.11 -0.259246 0.271101 0.375105
13.12 -0.260955 0.275402 0.3794
13.13 -0.262592 0.279613 0.383585
13.14 -0.264155 0.283729 0.387659
13.15 -0.265645 0.287749 0.39162
13.16 -0.267061 0.29167 0.395465
13.17 -0.268404 0.29549 0.399193
13.18 -0.269675 0.299206 0.402802
13.19 -0.270873 0.302818 0.406289
13.2 -0.272 0.306321 0.409654
13.21 -0.273055 0.309715 0.412895
13.22 -0.274039 0.312997 0.41601
13.23 -0.274952 0.316166 0.418998
13.24 -0.275795 0.319219 0.421858
13.25 -0.276569 0.322156 0.424588
13.26 -0.277274 0.324973 0.427187
13.27 -0.277911 0.32767 0.429654
13.28 -0.27848 0.330245 0.431988
13.29 -0.278983 0.332697 0.434188
13.3 -0.27942 0.335024 0.436253
13.31 -0.279792 0.337224 0.438182
13.32 -0.2801 0.339297 0.439975
13.33 -0.280344 0.341241 0.441631
13.34 -0.280525 0.343056 0.44315
13.35 -0.280646 0.344739 0.44453
13.36 -0.280706 0.34629 0.445772
13.37 -0.280706 0.347709 0.446875
13.38 -0.280647 0.348994 0.447839
13.39 -0.280531 0.350144 0.448663
13.4 -0.280359 0.351159 0.449348
13.41 -0.280131 0.352038 0.449893
13.42 -0.279849 0.35278 0.450299
13.43 -0.279514 0.353385 0.450565
13.44 -0.279127 0.353853 0.450692
13.45 -0.278688 0.354182 0.45068
13.46 -0.2782 0.354374 0.450529
13.47 -0.277664 0.354426 0.450239
13.48 -0.277079 0.35434 0.44981
13.49 -0.276449 0.354114 0.449244
13.5 -0.275773 0.353749 0.448541
13.51 -0.275053 0.353245 0.447701
13.52 -0.274291 0.352601 0.446725
13.53 -0.273487 0.351818 0.445613
13.54 -0.272642 0.350896 0.444366
13.55 -0.271758 0.349835 0.442986
13.56 -0.270836 0.348634 0.441473
13.57 -0.269877 0.347296 0.439827
13.58 -0.268881 0.345818 0.43805
13.59 -0.267851 0.344203 0.436142
13.6 -0.266787 0.34245 0.434105
13.61 -0.265691 0.34056 0.431941
13.62 -0.264563 0.338533 0.429649
13.63 -0.263404 0.33637 0.427231
13.64 -0.262216 0.334071 0.424689
13.65 -0.260999 0.331637 0.422023
13.66 -0.259755 0.329069 0.419236
13.67 -0.258483 0.326367 0.416328
13.68 -0.257186 0.323532 0.413301
13.69 -0.255865 0.320564 0.410156
13.7 -0.254519 0.317465 0.406896
13.71 -0.253149 0.314236 0.403521
13.72 -0.251758 0.310877 0.400033
13.73 -0.250344 0.307389 0.396434
13.74 -0.248909 0.303773 0.392726
13.75 -0.247454 0.30003 0.388911
13.76 -0.24598 0.296162 0.38499
13.77 -0.244485 0.292168 0.380967
13.78 -0.242973 0.288051 0.376841
13.79 -0.241441 0.283812 0.372616
13.8 -0.239893 0.27945 0.368295
13.81 -0.238326 0.274969 0.363878
13.82 -0.236743 0.270368 0.359369
13.83 -0.235143 0.26565 0.354771
13.84 -0.233526 0.260816 0.350085
13.85 -0.231893 0.255866 0.345314
13.86 -0.230244 0.250802 0.340461
13.87 -0.228578 0.245626 0.335529
13.88 -0.226897 0.240339 0.330522
13.89 -0.225199 0.234942 0.325442
13.9 -0.223485 0.229437 0.320292
13.91 -0.221755 0.223826 0.315077
13.92 -0.220009 0.21811 0.3098
13.93 -0.218246 0.21229 0.304464
13.94 -0.216466 0.206369 0.299074
13.95 -0.214668 0.200347 0.293635
13.96 -0.212853 0.194227 0.288151
13.97 -0.211021 0.188011 0.282626
13.98 -0.209169 0.181699 0.277067
13.99 -0.207299 0.175295 0.27148
14 -0.205409 0.168799 0.265868
14.01 -0.203499 0.162214 0.260241
14.02 -0.201568 0.155541 0.254603
14.03 -0.199616 0.148783 0.248964
14.04 -0.197642 0.141941 0.24333
14.05 -0.195645 0.135018 0.237711
14.06 -0.193623 0.128016 0.232116
14.07 -0.191578 0.120936 0.226556
14.08 -0.189506 0.113781 0.22104
14.09 -0.187409 0.106552 0.215582
14.1 -0.185283 0.0992533 0.210193
14.11 -0.18313 0.0918859 0.204889
14.12 -0.180946 0.0844519 0.199684
14.13 -0.178733 0.0769544 0.194595
14.14 -0.176487 0.0693949 0.18964
14.15 -0.174209 0.0617767 0.184838
14.16 -0.171897 0.0541015 0.18021
14.17 -0.169551 0.0463723 0.175778
14.18 -0.167167 0.0385911 0.171564
14.19 -0.164747 0.0307612 0.167594
14.2 -0.162288 0.0228844 0.163893
14.21 -0.159789 0.0149639 0.160488
14.22 -0.157249 0.00700222 0.157405
14.23 -0.154666 -0.000997815 0.15467
14.24 -0.15204 -0.00903385 0.152309
14.25 -0.149369 -0.0171024 0.150345
14.26 -0.146653 -0.0252014 0.148802
14.27 -0.143888 -0.0333273 0.147697
14.28 -0.141075 -0.0414777 0.147046
14.29 -0.138212 -0.0496493 0.146859
14.3 -0.135298 -0.0578392 0.147142
14.31 -0.131898 -0.0658594 0.147426
14.32 -0.128023 -0.0736811 0.147712
14.33 -0.123683 -0.0812759 0.147998
14.34 -0.118893 -0.0886164 0.148285
14.35 -0.113666 -0.0956759 0.148573
14.36 -0.10802 -0.102428 0.148862
14.37 -0.101972 -0.108848 0.149152
14.38 -0.0955423 -0.114913 0.149443
14.39 -0.0887506 -0.120598 0.149735
14.4 -0.0816202 -0.125883 0.150028
14.41 -0.0741737 -0.130747 0.150322
14.42 -0.0664368 -0.135172 0.150616
14.43 -0.0584347 -0.13914 0.150912
14.44 -0.0501947 -0.142634 0.151209
14.45 -0.0417446 -0.145642 0.151506
14.46 -0.0331131 -0.148149 0.151805
14.47 -0.0243299 -0.150146 0.152104
14.48 -0.0154251 -0.151622 0.152404
14.49 -0.00642963 -0.15257 0.152706
14.5 0.00262551 -0.152985 0.153008
14.51 0.0117083 -0.152863 0.153311
14.52 0.0207874 -0.152202 0.153615
14.53 0.0298304 -0.151001 0.15392
14.54 0.0388055 -0.149263 0.154225
14.55 0.0476807 -0.146992 0.154532
14.56 0.0564244 -0.144193 0.154839
14.57 0.0650048 -0.140873 0.155148
14.58 0.0733916 -0.137042 0.155457
14.59 0.0815534 -0.132712 0.155767
14.6 0.0894615 -0.127895 0.156079
14.61 0.0970858 -0.122606 0.15639
14.62 0.104399 -0.116862 0.156703
14.63 0.111373 -0.110681 0.157017
14.64 0.117983 -0.104083 0.157332
14.65 0.124202 -0.0970895 0.157647
14.66 0.130008 -0.0897234 0.157963
14.67 0.135378 -0.0820088 0.15828
14.68 0.140291 -0.073972 0.158598
14.69 0.144728 -0.0656396 0.158917
14.7 0.14867 -0.0570401 0.159237
14.71 0.152102 -0.0482023 0.159557
14.72 0.15501 -0.0391571 0.159879
14.73 0.15738 -0.0299347 0.160201
14.74 0.159201 -0.0205682 0.160524
14.75 0.160466 -0.011089 0.160848
14.76 0.161166 -0.00153119 0.161173
14.77 0.161297 0.00807249 0.161499
14.78 0.160856 0.0176875 0.161825
14.79 0.159841 0.0272802 0.162153
14.8 0.158255 0.0368161 0.162481
14.81 0.156099 0.0462614 0.16281
14.82 0.153379 0.0555817 0.163139
14.83 0.150102 0.0647437 0.16347
14.84 0.146278 0.0737138 0.163801
14.85 0.141917 0.0824594 0.164134
14.86 0.137032 0.0909482 0.164467
14.87 0.131639 0.0991491 0.164801
14.88 0.125753 0.107031 0.165135
14.89 0.119396 0.114565 0.165471
14.9 0.112585 0.121723 0.165807
14.91 0.105345 0.128477 0.166144
14.92 0.0976979 0.134801 0.166482
14.93 0.0896703 0.140671 0.16682
14.94 0.0812886 0.146063 0.16716
14.95 0.0725813 0.150957 0.1675
14.96 0.0635779 0.155333 0.167841
14.97 0.0543093 0.159172 0.168182
14.98 0.0448073 0.162459 0.168524
14.99 0.035105 0.165178 0.168867
15 0.0252361 0.167319 0.169211
15.01 0.0152351 0.16887 0.169555
15.02 0.0051372 0.169823 0.169901
15.03 -0.00502178 0.170172 0.170246
15.04 -0.0152058 0.169914 0.170593
15.05 -0.0253786 0.169045 0.17094
15.06 -0.0355033 0.167568 0.171288
15.07 -0.045544 0.165483 0.171636
15.08 -0.0554634 0.162797 0.171985
15.09 -0.0652263 0.159514 0.172335
15.1 -0.0747961 0.155646 0.172685
15.11 -0.0841382 0.151203 0.173036
15.12 -0.0932175 0.146198 0.173388
15.13 -0.102001 0.140646 0.17374
15.14 -0.110454 0.134566 0.174092
15.15 -0.118547 0.127977 0.174446
15.16 -0.126247 0.120899 0.1748
15.17 -0.133526 0.113357 0.175154
15.18 -0.140354 0.105375 0.175509
15.19 -0.146707 0.0969804 0.175864
15.2 -0.152558 0.0882009 0.17622
15.21 -0.157885 0.079067 0.176577
15.22 -0.162665 0.0696094 0.176933
15.23 -0.166879 0.0598615 0.177291
15.24 -0.170509 0.0498564 0.177648
15.25 -0.173539 0.0396298 0.178007
15.26 -0.175956 0.0292171 0.178365
15.27 -0.177748 0.0186554 0.178724
15.28 -0.178906 0.00798183 0.179084
15.29 -0.179422 -0.00276492 0.179444
15.3 -0.179293 -0.013547 0.179804
15.31 -0.178515 -0.0243248 0.180164
15.32 -0.177088 -0.03506 0.180525
15.33 -0.175015 -0.0457129 0.180886
15.34 -0.1723 -0.0562451 0.181248
15.35 -0.16895 -0.0666172 0.18161
15.36 -0.164975 -0.0767915 0.181972
15.37 -0.160386 -0.0867297 0.182334
15.38 -0.155197 -0.096395 0.182697
15.39 -0.149424 -0.105751 0.18306
15.4 -0.143086 -0.114762 0.183423
15.41 -0.136202 -0.123395 0.183786
15.42 -0.128797 -0.131615 0.18415
15.43 -0.120893 -0.139392 0.184514
15.44 -0.112519 -0.146695 0.184878
15.45 -0.103701 -0.153495 0.185242
15.46 -0.0944708 -0.159765 0.185606
15.47 -0.0848594 -0.165481 0.185971
15.48 -0.0749007 -0.170619 0.186335
15.49 -0.064629 -0.175157 0.1867
15.5 -0.0540806 -0.179077 0.187065
15.51 -0.0432925 -0.182362 0.18743
15.52 -0.0323033 -0.184996 0.187795
15.53 -0.0211521 -0.186968 0.18816
15.54 -0.00987874 -0.188267 0.188526
15.55 0.00147582 -0.188885 0.188891
15.56 0.0128709 -0.188818 0.189257
15.57 0.0242647 -0.188063 0.189622
15.58 0.0356159 -0.18662 0.189988
15.59 0.0468826 -0.18449 0.190354
15.6 0.0580234 -0.181679 0.190719
15.61 0.0689967 -0.178194 0.191085
15.62 0.0797623 -0.174044 0.191451
15.63 0.0902791 -0.169244 0.191817
15.64 0.100508 -0.163806 0.192183
15.65 0.110411 -0.157748 0.192549
15.66 0.119949 -0.151091 0.192915
15.67 0.129086 -0.143855 0.193281
15.68 0.137788 -0.136064 0.193647
15.69 0.14602 -0.127746 0.194013
15.7 0.153751 -0.118928 0.194379
15.71 0.160949 -0.10964 0.194745
15.72 0.167587 -0.0999156 0.195111
15.73 0.173637 -0.0897869 0.195477
15.74 0.179075 -0.0792903 0.195844
15.75 0.183878 -0.0684625 0.19621
15.76 0.188026 -0.0573421 0.196576
15.77 0.191502 -0.0459683 0.196942
15.78 0.194289 -0.0343826 0.197308
15.79 0.196375 -0.0226257 0.197674
15.8 0.197748 -0.0107411 0.19804
15.81 0.198402 0.00122889 0.198406
15.82 0.19833 0.0132399 0.198772
15.83 0.197531 0.0252486 0.199138
15.84 0.196003 0.0372101 0.199504
15.85 0.19375 0.0490808 0.19987
15.86 0.190776 0.0608163 0.200235
15.87 0.187091 0.072373 0.200601
15.88 0.182704 0.0837074 0.200967
15.89 0.177629 0.0947771 0.201333
15.9 0.171882 0.10554 0.201698
15.91 0.165481 0.115955 0.202064
15.92 0.158448 0.125984 0.202429
15.93 0.150805 0.135586 0.202795
15.94 0.142579 0.144725 0.20316
15.95 0.133797 0.153365 0.203525
15.96 0.124489 0.161473 0.20389
15.97 0.114689 0.169017 0.204255
15.98 0.104429 0.175966 0.20462
15.99 0.0937475 0.182292 0.204985
16 0.0826801 0.18797 0.20535
16.01 0.0712672 0.192976 0.205715
16.02 0.0595494 0.197288 0.20608
16.03 0.0475687 0.200889 0.206444
16.04 0.0353687 0.203762 0.206809
16.05 0.0229933 0.205893 0.207173
16.06 0.0104878 0.207272 0.207537
16.07 -0.00210206 0.207891 0.207901
16.08 -0.01473 0.207744 0.208265
16.09 -0.0273495 0.206829 0.208629
16.1 -0.0399135 0.205146 0.208993
16.11 -0.0523758 0.202699 0.209356
16.12 -0.0646891 0.199494 0.20972
16.13 -0.0768079 0.195539 0.210083
16.14 -0.0886859 0.190846 0.210446
16.15 -0.100279 0.185431 0.210809
16.16 -0.111541 0.17931 0.211171
16.17 -0.122432 0.172503 0.211534
16.18 -0.132907 0.165032 0.211896
16.19 -0.142928 0.156924 0.212258
16.2 -0.152455 0.148206 0.21262
16.21 -0.16145 0.138907 0.212982
16.22 -0.169879 0.12906 0.213343
16.23 -0.177707 0.118701 0.213705
16.24 -0.184904 0.107864 0.214065
16.25 -0.19144 0.096589 0.214426
16.26 -0.197288 0.0849157 0.214786
16.27 -0.202424 0.0728868 0.215147
16.28 -0.206827 0.0605449 0.215507
16.29 -0.210476 0.0479355 0.215866
16.3 -0.213357 0.0351038 0.216225
16.31 -0.215454 0.0220975 0.216584
16.32 -0.216758 0.00896384 0.216943
16.33 -0.217259 -0.00424823 0.217301
16.34 -0.216955 -0.01749 0.217659
16.35 -0.215843 -0.0307122 0.218017
16.36 -0.213923 -0.0438653 0.218374
16.37 -0.2112 -0.0568999 0.218731
16.38 -0.207682 -0.0697672 0.219087
16.39 -0.203378 -0.0824181 0.219443
16.4 -0.198302 -0.094805 0.219799
16.41 -0.192469 -0.10688 0.220154
16.42 -0.1859 -0.118598 0.220509
16.43 -0.178615 -0.129913 0.220863
16.44 -0.17064 -0.14078 0.221217
16.45 -0.162001 -0.15116 0.221571
16.46 -0.152729 -0.161009 0.221924
16.47 -0.142856 -0.170291 0.222276
16.48 -0.132417 -0.178966 0.222628
16.49 -0.121449 -0.187003 0.22298
16.5 -0.109991 -0.194367 0.22333
16.51 -0.0980841 -0.201029 0.223681
16.52 -0.0857718 -0.206961 0.22403
16.53 -0.0730987 -0.212139 0.22438
16.54 -0.0601111 -0.21654 0.224728
16.55 -0.0468565 -0.220145 0.225077
16.56 -0.0333836 -0.222938 0.225424
16.57 -0.0197426 -0.224906 0.225771
16.58 -0.00598356 -0.226038 0.226117
16.59 0.00784147 -0.226327 0.226463
16.6 0.0216816 -0.225769 0.226808
16.61 0.0354842 -0.224364 0.227152
16.62 0.0491978 -0.222113 0.227496
16.63 0.0627698 -0.219022 0.227839
16.64 0.0761497 -0.2151 0.228182
16.65 0.0892854 -0.210359 0.228523
16.66 0.102127 -0.204814 0.228864
16.67 0.114626 -0.198483 0.229205
16.68 0.126733 -0.191388 0.229544
16.69 0.138402 -0.183552 0.229883
16.7 0.149587 -0.175002 0.230222
16.71 0.160244 -0.165769 0.230559
16.72 0.170332 -0.155885 0.230896
16.73 0.17981 -0.145384 0.231232
16.74 0.188641 -0.134305 0.231567
16.75 0.196789 -0.122688 0.231902
16.76 0.204222 -0.110574 0.232235
16.77 0.210909 -0.0980074 0.232568
16.78 0.216822 -0.0850349 0.232901
16.79 0.221937 -0.0717032 0.233232
16.8 0.226231 -0.0580624 0.233563
16.81 0.229686 -0.0441623 0.233893
16.82 0.232285 -0.0300549 0.234222
16.83 0.234018 -0.0157929 0.23455
16.84 0.234873 -0.00142965 0.234877
16.85 0.234846 0.012981 0.235204
16.86 0.233933 0.0273844 0.23553
16.87 0.232135 0.0417263 0.235855
16.88 0.229456 0.0559521 0.236179
16.89 0.225904 0.0700076 0.236503
16.9 0.221489 0.0838393 0.236825
16.91 0.216225 0.0973936 0.237147
16.92 0.21013 0.110619 0.237468
16.93 0.203224 0.123464 0.237788
16.94 0.195531 0.135878 0.238108
16.95 0.187077 0.147814 0.238426
16.96 0.177893 0.159225 0.238744
16.97 0.16801 0.170066 0.23906
16.98 0.157465 0.180293 0.239376
16.99 0.146295 0.189867 0.239691
17 0.134541 0.198749 0.240005
17.01 0.122245 0.206903 0.240318
17.02 0.109454 0.214296 0.24063
17.03 0.0962126 0.220898 0.240942
17.04 0.0825715 0.226682 0.241252
17.05 0.0685806 0.231622 0.241562
17.06 0.0542927 0.235698 0.24187
17.07 0.0397602 0.238892 0.242178
17.08 0.0250388 0.241189 0.242485
17.09 0.0101831 0.242577 0.242791
17.1 -0.00475025 0.243049 0.243096
17.11 -0.0197053 0.242601 0.2434
17.12 -0.0346243 0.241231 0.243703
17.13 -0.0494513 0.238942 0.244005
17.14 -0.0641289 0.23574 0.244307
17.15 -0.0786013 0.231634 0.244607
17.16 -0.0928121 0.226639 0.244906
17.17 -0.106707 0.220769 0.245205
17.18 -0.120232 0.214046 0.245502
17.19 -0.133335 0.206492 0.245799
17.2 -0.145964 0.198134 0.246094
17.21 -0.15807 0.189001 0.246389
17.22 -0.169606 0.179127 0.246683
17.23 -0.180525 0.168547 0.246976
17.24 -0.190784 0.157298 0.247268
17.25 -0.200343 0.145423 0.247558
17.26 -0.209162 0.132965 0.247848
17.27 -0.217207 0.11997 0.248137
17.28 -0.224445 0.106487 0.248425
17.29 -0.230845 0.0925641 0.248712
17.3 -0.236381 0.078255 0.248998
17.31 -0.241029 0.063613 0.249282
17.32 -0.24477 0.0486929 0.249566
17.33 -0.247586 0.0335515 0.249849
17.34 -0.249465 0.0182457 0.250131
17.35 -0.250395 0.00283389 0.250411
17.36 -0.250373 -0.0126252 0.250691
17.37 -0.249395 -0.0280728 0.25097
17.38 -0.247462 -0.0434492 0.251248
17.39 -0.24458 -0.058696 0.251524
17.4 -0.240756 -0.0737538 0.2518
17.41 -0.236003 -0.0885649 0.252074
17.42 -0.230338 -0.103071 0.252347
17.43 -0.223778 -0.117217 0.25262
17.44 -0.216348 -0.130947 0.252891
17.45 -0.208073 -0.144208 0.253161
17.46 -0.198983 -0.156946 0.253429
17.47 -0.189112 -0.169113 0.253697
17.48 -0.178494 -0.180659 0.253964
17.49 -0.167168 -0.191539 0.254229
17.5 -0.155177 -0.20171 0.254493
17.51 -0.142565 -0.21113 0.254756
17.52 -0.129379 -0.219762 0.255018
17.53 -0.115668 -0.22757 0.255279
17.54 -0.101484 -0.234523 0.255538
17.55 -0.0868794 -0.240591 0.255796
17.56 -0.07191 -0.245749 0.256053
17.57 -0.0566328 -0.249974 0.256309
17.58 -0.0411053 -0.253249 0.256564
17.59 -0.0253874 -0.255559 0.256817
17.6 -0.00953856 -0.256892 0.257069
17.61 0.00637991 -0.25724 0.257319
17.62 0.0223072 -0.2566 0.257568
17.63 0.0381814 -0.254973 0.257816
17.64 0.0539418 -0.252362 0.258062
17.65 0.0695267 -0.248774 0.258307
17.66 0.0848759 -0.244223 0.258551
17.67 0.0999294 -0.238722 0.258793
17.68 0.114628 -0.232291 0.259034
17.69 0.128915 -0.224953 0.259274
17.7 0.142734 -0.216733 0.259512
17.71 0.15603 -0.207663 0.259749
17.72 0.168751 -0.197774 0.259984
17.73 0.180846 -0.187104 0.260217
17.74 0.192267 -0.175692 0.26045
17.75 0.202968 -0.16358 0.26068
17.76 0.212906 -0.150814 0.260909
17.77 0.222042 -0.137441 0.261137
17.78 0.230337 -0.123513 0.261363
17.79 0.237759 -0.109082 0.261588
17.8 0.244276 -0.0942035 0.261811
17.81 0.249861 -0.0789333 0.262033
17.82 0.254491 -0.0633301 0.262252
17.83 0.258146 -0.047454 0.262471
17.84 0.260808 -0.0313656 0.262688
17.85 0.262467 -0.0151276 0.262903
17.86 0.263114 0.00119812 0.263117
17.87 0.262743 0.0175474 0.263328
17.88 0.261355 0.0338576 0.263539
17.89 0.258952 0.0500646 0.263748
17.9 0.255543 0.0661057 0.263954
17.91 0.251137 0.0819177 0.26416
17.92 0.245751 0.0974393 0.264364
17.93 0.239404 0.112609 0.264566
17.94 0.232118 0.127367 0.264766
17.95 0.223919 0.141656 0.264965
17.96 0.214839 0.155418 0.265162
17.97 0.204911 0.1686 0.265357
17.98 0.194171 0.181148 0.265551
17.99 0.182661 0.193013 0.265742
18 0.170423 0.204147 0.265933
18.01 0.157504 0.214506 0.266121
18.02 0.143954 0.224047 0.266308
18.03 0.129823 0.232733 0.266493
18.04 0.115166 0.240527 0.266676
18.05 0.100039 0.247397 0.266858
18.06 0.0845014 0.253316 0.267038
18.07 0.0686114 0.258258 0.267216
18.08 0.0524314 0.262202 0.267392
18.09 0.0360238 0.265131 0.267567
18.1 0.0194525 0.267033 0.26774
18.11 0.00278179 0.267897 0.267912
18.12 -0.0139231 0.267719 0.268081
18.13 -0.030597 0.266498 0.268249
18.14 -0.0471748 0.264236 0.268415
18.15 -0.063591 0.260942 0.268579
18.16 -0.0797819 0.256626 0.268741
18.17 -0.0956829 0.251303 0.268902
18.18 -0.111232 0.244992 0.269061
18.19 -0.126367 0.237718 0.269218
18.2 -0.141029 0.229506 0.269374
18.21 -0.155159 0.220387 0.269527
18.22 -0.168701 0.210397 0.269679
18.23 -0.181601 0.199572 0.269829
18.24 -0.193808 0.187954 0.269978
18.25 -0.205272 0.175587 0.270124
18.26 -0.215948 0.162518 0.270269
18.27 -0.225792 0.148798 0.270412
18.28 -0.234764 0.13448 0.270554
18.29 -0.242829 0.119619 0.270693
18.3 -0.249953 0.104273 0.270831
18.31 -0.256107 0.0885002 0.270967
18.32 -0.261264 0.0723638 0.271101
18.33 -0.265405 0.0559252 0.271233
18.34 -0.26851 0.0392497 0.271363
18.35 -0.270566 0.0224018 0.271492
18.36 -0.271564 0.00544804 0.271619
18.37 -0.271498 -0.0115454 0.271744
18.38 -0.270368 -0.0285112 0.271867
18.39 -0.268175 -0.0453832 0.271988
18.4 -0.264928 -0.0620942 0.272107
18.41 -0.260637 -0.0785785 0.272225
18.42 -0.255319 -0.0947707 0.27234
18.43 -0.248993 -0.110607 0.272454
18.44 -0.241682 -0.126024 0.272566
18.45 -0.233414 -0.14096 0.272676
18.46 -0.224221 -0.155356 0.272783
18.47 -0.214138 -0.169155 0.272889
18.48 -0.203203 -0.182301 0.272993
18.49 -0.191459 -0.194742 0.273095
18.5 -0.178951 -0.206427 0.273195
18.51 -0.165728 -0.21731 0.273293
18.52 -0.15184 -0.227346 0.273389
18.53 -0.137343 -0.236495 0.273483
18.54 -0.122292 -0.24472 0.273575
18.55 -0.106748 -0.251987 0.273665
18.56 -0.0907695 -0.258267 0.273753
18.57 -0.0744208 -0.263532 0.273839
18.58 -0.0577661 -0.267762 0.273923
18.59 -0.0408706 -0.270939 0.274004
18.6 -0.0238016 -0.273048 0.274084
18.61 -0.00662595 -0.274081 0.274161
18.62 0.0105876 -0.274032 0.274236
18.63 0.0277717 -0.2729 0.274309
18.64 0.0448572 -0.270689 0.27438
18.65 0.061777 -0.267406 0.274449
18.66 0.0784631 -0.263063 0.274516
18.67 0.0948496 -0.257678 0.27458
18.68 0.110871 -0.251269 0.274642
18.69 0.126462 -0.243862 0.274702
18.7 0.141562 -0.235484 0.274759
18.71 0.15611 -0.22617 0.274815
18.72 0.170047 -0.215954 0.274868
18.73 0.183318 -0.204877 0.274919
18.74 0.195869 -0.192982 0.274967
18.75 0.207649 -0.180317 0.275013
18.76 0.218611 -0.166929 0.275057
18.77 0.228711 -0.152874 0.275098
18.78 0.237908 -0.138205 0.275137
18.79 0.246163 -0.122981 0.275174
18.8 0.253445 -0.107262 0.275208
18.81 0.259722 -0.0911118 0.27524
18.82 0.26497 -0.074593 0.27527
18.83 0.269166 -0.0577719 0.275296
18.84 0.272294 -0.0407153 0.275321
18.85 0.274339 -0.0234915 0.275343
18.86 0.275294 -0.00616882 0.275363
18.87 0.275153 0.0111832 0.27538
18.88 0.273916 0.0284952 0.275395
18.89 0.271589 0.0456982 0.275407
18.9 0.268179 0.0627228 0.275416
18.91 0.2637 0.0795013 0.275423
18.92 0.258169 0.0959659 0.275428
18.93 0.251607 0.112051 0.27543
18.94 0.244042 0.127691 0.27543
18.95 0.235501 0.142825 0.275427
18.96 0.22602 0.15739 0.275421
18.97 0.215636 0.171328 0.275413
18.98 0.20439 0.184583 0.275402
18.99 0.192327 0.197102 0.275389
19 0.179495 0.208834 0.275373
19.01 0.165945 0.219732 0.275354
19.02 0.151732 0.229751 0.275333
19.03 0.136913 0.238851 0.275309
19.04 0.121546 0.246996 0.275282
19.05 0.105695 0.254151 0.275253
19.06 0.0894206 0.26029 0.275221
19.07 0.0727906 0.265385 0.275187
19.08 0.0558707 0.269417 0.27515
19.09 0.0387297 0.27237 0.27511
19.1 0.0214356 0.274231 0.275067
19.11 0.00405911 0.274992 0.275022
19.12 -0.0133307 0.274651 0.274974
19.13 -0.030663 0.273208 0.274924
19.14 -0.0478685 0.27067 0.274871
19.15 -0.0648775 0.267047 0.274814
19.16 -0.0816216 0.262352 0.274756
19.17 -0.0980329 0.256606 0.274694
19.18 -0.114046 0.249831 0.274631
19.19 -0.129595 0.242054 0.274563
19.2 -0.144618 0.233308 0.274494
19.21 -0.159054 0.223627 0.274422
19.22 -0.172845 0.213051 0.274347
19.23 -0.185935 0.201622 0.274269
19.24 -0.198272 0.189388 0.274189
19.25 -0.209805 0.176396 0.274105
19.26 -0.220488 0.162701 0.274019
19.27 -0.230279 0.148357 0.273931
19.28 -0.239136 0.133423 0.273839
19.29 -0.247026 0.117959 0.273745
19.3 -0.253915 0.102029 0.273647
19.31 -0.259777 0.085696 0.273547
19.32 -0.264588 0.0690275 0.273444
19.33 -0.26833 0.0520908 0.273339
19.34 -0.270985 0.0349545 0.27323
19.35 -0.272546 0.0176887 0.273119
19.36 -0.273005 0.000362543 0.273005
19.37 -0.272361 -0.0169524 0.272888
19.38 -0.270617 -0.034187 0.272768
19.39 -0.267781 -0.0512702 0.272645
19.4 -0.263865 -0.0681337 0.27252
19.41 -0.258885 -0.0847081 0.272391
19.42 -0.252862 -0.100927 0.27226
19.43 -0.24582 -0.116724 0.272125
19.44 -0.23779 -0.132035 0.271988
19.45 -0.228804 -0.146798 0.271848
19.46 -0.2189 -0.160954 0.271704
19.47 -0.208117 -0.174445 0.271558
19.48 -0.196502 -0.187216 0.271409
19.49 -0.1841 -0.199216 0.271256
19.5 -0.170965 -0.210397 0.271101
19.51 -0.157149 -0.220713 0.270943
19.52 -0.14271 -0.230123 0.270781
19.53 -0.127706 -0.238589 0.270617
19.54 -0.1122 -0.246077 0.270449
19.55 -0.0962558 -0.252558 0.270279
19.56 -0.079938 -0.258005 0.270104
19.57 -0.063314 -0.262397 0.269928
19.58 -0.046452 -0.265718 0.269747
19.59 -0.0294212 -0.267954 0.269564
19.6 -0.0122914 -0.269097 0.269377
19.61 0.00486705 -0.269144 0.269188
19.62 0.0219843 -0.268095 0.268995
19.63 0.0389896 -0.265956 0.268799
19.64 0.055814 -0.262736 0.268599
19.65 0.0723883 -0.258451 0.268397
19.66 0.0886453 -0.253117 0.268191
19.67 0.104518 -0.24676 0.267982
19.68 0.119942 -0.239404 0.26777
19.69 0.134854 -0.231083 0.267554
19.7 0.149194 -0.221831 0.267335
19.71 0.162904 -0.211687 0.267112
19.72 0.175928 -0.200693 0.266887
19.73 0.188212 -0.188897 0.266657
19.74 0.199709 -0.176348 0.266425
19.75 0.21037 -0.163098 0.266189
19.76 0.220154 -0.149202 0.26595
19.77 0.229021 -0.134719 0.265707
19.78 0.236936 -0.11971 0.26546
19.79 0.243868 -0.104235 0.265211
19.8 0.24979 -0.0883614 0.264958
19.81 0.254677 -0.0721532 0.264701
19.82 0.258513 -0.055679 0.264441
19.83 0.261282 -0.0390061 0.264177
19.84 0.262974 -0.0222046 0.26391
19.85 0.263585 -0.00534339 0.263639
19.86 0.263113 0.0115074 0.263364
19.87 0.261563 0.0282784 0.263087
19.88 0.258941 0.0449003 0.262805
19.89 0.255262 0.0613045 0.26252
19.9 0.250541 0.0774237 0.262231
19.91 0.244801 0.0931915 0.261939
19.92 0.238066 0.108543 0.261643
19.93 0.230367 0.123416 0.261343
19.94 0.221736 0.13775 0.26104
19.95 0.212213 0.151485 0.260733
19.96 0.201836 0.164566 0.260423
19.97 0.190652 0.176941 0.260108
19.98 0.178709 0.188558 0.25979
19.99 0.166056 0.199372 0.259468
20 0.152749 0.209339 0.259143
20.01 0.138844 0.21842 0.258814
20.02 0.124399 0.226578 0.258481
20.03 0.109477 0.233781 0.258145
20.04 0.0941394 0.240002 0.257804
20.05 0.0784516 0.245217 0.25746
20.06 0.0624798 0.249406 0.257113
20.07 0.0462907 0.252554 0.256761
20.08 0.0299527 0.25465 0.256406
20.09 0.0135336 0.255689 0.256047
20.1 -0.00289738 0.255667 0.255684
20.11 -0.0192724 0.254589 0.255317
20.12 -0.0355225 0.25246 0.254946
20.13 -0.0515812 0.249292 0.254572
20.14 -0.0673809 0.245101 0.254194
20.15 -0.0828571 0.239908 0.253813
20.16 -0.0979456 0.233735 0.253427
20.17 -0.112584 0.226612 0.253038
20.18 -0.126714 0.21857 0.252644
20.19 -0.140276 0.209646 0.252248
20.2 -0.153215 0.19988 0.251847
20.21 -0.165479 0.189314 0.251442
20.22 -0.177019 0.177995 0.251034
20.23 -0.187788 0.165973 0.250622
20.24 -0.197744 0.153299 0.250206
20.25 -0.206846 0.140028 0.249786
20.26 -0.21506 0.126219 0.249363
20.27 -0.222353 0.111929 0.248936
20.28 -0.228697 0.0972218 0.248505
20.29 -0.234069 0.0821588 0.24807
20.3 -0.23845 0.0668047 0.247631
20.31 -0.241823 0.0512244 0.247189
20.32 -0.244178 0.0354849 0.246743
20.33 -0.245507 0.0196517 0.246292
20.34 -0.245809 0.00379273 0.245839
20.35 -0.245086 -0.0120262 0.245381
20.36 -0.243344 -0.027738 0.24492
20.37 -0.240593 -0.0432775 0.244454
20.38 -0.236848 -0.0585793 0.243985
20.39 -0.23213 -0.0735804 0.243512
20.4 -0.226459 -0.0882179 0.243035
20.41 -0.219865 -0.102432 0.242555
20.42 -0.212377 -0.116164 0.24207
20.43 -0.204031 -0.129358 0.241582
20.44 -0.194864 -0.141959 0.24109
20.45 -0.184919 -0.153918 0.240594
20.46 -0.174239 -0.165185 0.240094
20.47 -0.162873 -0.175716 0.239591
20.48 -0.150872 -0.185469 0.239084
20.49 -0.138288 -0.194405 0.238572
20.5 -0.125176 -0.20249 0.238057
20.51 -0.111595 -0.209692 0.237538
20.52 -0.0976035 -0.215986 0.237016
20.53 -0.0832622 -0.221347 0.236489
20.54 -0.068633 -0.225756 0.235958
20.55 -0.0537796 -0.229199 0.235424
20.56 -0.0387653 -0.231665 0.234886
20.57 -0.0236547 -0.233147 0.234343
20.58 -0.00851229 -0.233643 0.233798
20.59 0.00659761 -0.233154 0.233248
20.6 0.0216109 -0.231688 0.232694
20.61 0.0364644 -0.229254 0.232136
20.62 0.0510951 -0.225867 0.231575
20.63 0.0654427 -0.221546 0.231009
20.64 0.0794463 -0.216311 0.23044
20.65 0.0930488 -0.210191 0.229866
20.66 0.106193 -0.203215 0.229289
20.67 0.118826 -0.195417 0.228708
20.68 0.130896 -0.186832 0.228123
20.69 0.142354 -0.177503 0.227534
20.7 0.153153 -0.167471 0.226941
20.71 0.163251 -0.156783 0.226344
20.72 0.172609 -0.145487 0.225743
20.73 0.181189 -0.133635 0.225139
20.74 0.188958 -0.12128 0.22453
20.75 0.195888 -0.108477 0.223918
20.76 0.201952 -0.0952833 0.223302
20.77 0.20713 -0.0817575 0.222682
20.78 0.211403 -0.0679581 0.222058
20.79 0.214757 -0.0539468 0.221429
20.8 0.217184 -0.0397838 0.220798
20.81 0.218676 -0.0255311 0.220162
20.82 0.219234 -0.0112501 0.219522
20.83 0.218858 0.00299772 0.218879
20.84 0.217556 0.0171514 0.218231
20.85 0.215339 0.0311507 0.21758
20.86 0.21222 0.0449363 0.216925
20.87 0.208218 0.0584501 0.216266
20.88 0.203355 0.0716354 0.215604
20.89 0.197657 0.0844375 0.214937
20.9 0.191153 0.0968031 0.214267
20.91 0.183875 0.108682 0.213592
20.92 0.17586 0.120025 0.212915
20.93 0.167145 0.130787 0.212233
20.94 0.157774 0.140924 0.211547
20.95 0.14779 0.150398 0.210859
20.96 0.137239 0.15917 0.210166
20.97 0.126171 0.167207 0.209469
20.98 0.114637 0.174479 0.208769
20.99 0.102689 0.180959 0.208065
21 0.0903818 0.186624 0.207358
21.01 0.0777706 0.191454 0.206647
21.02 0.0649116 0.195434 0.205932
21.03 0.0518625 0.198553 0.205214
21.04 0.0386805 0.200801 0.204493
21.05 0.0254243 0.202175 0.203768
21.06 0.012151 0.202675 0.203039
21.07 -0.00108101 0.202304 0.202307
21.08 -0.0142152 0.20107 0.201571
21.09 -0.0271946 0.198983 0.200832
21.1 -0.0399647 0.196059 0.20009
21.11 -0.0524707 0.192315 0.199345
21.12 -0.0646605 0.187775 0.198596
21.13 -0.0764832 0.182462 0.197843
21.14 -0.0878899 0.176406 0.197088
21.15 -0.098834 0.169638 0.196329
21.16 -0.109271 0.162193 0.195567
21.17 -0.119159 0.154107 0.194802
21.18 -0.128459 0.145421 0.194034
21.19 -0.137135 0.136177 0.193262
21.2 -0.145153 0.12642 0.192488
21.21 -0.152484 0.116195 0.19171
21.22 -0.1591 0.105551 0.190929
21.23 -0.164979 0.094538 0.190146
21.24 -0.170099 0.083206 0.189359
21.25 -0.174445 0.0716074 0.18857
21.26 -0.178002 0.0597948 0.187777
21.27 -0.180763 0.0478221 0.186982
21.28 -0.18272 0.035742 0.186183
21.29 -0.183873 0.0236092 0.185382
21.3 -0.184221 0.0114766 0.184578
21.31 -0.183771 -0.000602075 0.183772
21.32 -0.18253 -0.0125749 0.182962
21.33 -0.18051 -0.0243894 0.18215
21.34 -0.177727 -0.0359959 0.181336
21.35 -0.174199 -0.0473443 0.180518
21.36 -0.169948 -0.0583877 0.179698
21.37 -0.164998 -0.0690793 0.178875
21.38 -0.159379 -0.0793757 0.178051
21.39 -0.153118 -0.0892346 0.177223
21.4 -0.146251 -0.0986165 0.176393
21.41 -0.138811 -0.107484 0.17556
21.42 -0.130839 -0.115803 0.174725
21.43 -0.122371 -0.123541 0.173888
21.44 -0.113452 -0.130668 0.173048
21.45 -0.104124 -0.137161 0.172206
21.46 -0.0944323 -0.142994 0.171362
21.47 -0.0844226 -0.148149 0.170515
21.48 -0.0741425 -0.152609 0.169666
21.49 -0.0636396 -0.15636 0.168815
21.5 -0.0529631 -0.159393 0.167962
21.51 -0.0421613 -0.161701 0.167107
21.52 -0.0312836 -0.163279 0.166249
21.53 -0.0203792 -0.16413 0.16539
21.54 -0.00949605 -0.164254 0.164528
21.55 0.00131682 -0.16366 0.163665
21.56 0.0120129 -0.162356 0.162799
21.57 0.0225448 -0.160355 0.161932
21.58 0.0328684 -0.157674 0.161063
21.59 0.0429386 -0.15433 0.160192
21.6 0.0527141 -0.150346 0.159319
21.61 0.0621537 -0.145745 0.158444
21.62 0.071219 -0.140555 0.157568
21.63 0.0798731 -0.134804 0.15669
21.64 0.0880821 -0.128525 0.155811
21.65 0.0958132 -0.12175 0.15493
21.66 0.103038 -0.114515 0.154047
21.67 0.109728 -0.106858 0.153162
21.68 0.11586 -0.098817 0.152277
21.69 0.121412 -0.0904321 0.15139
21.7 0.126366 -0.0817454 0.150501
21.71 0.130706 -0.0727983 0.149611
21.72 0.134419 -0.0636346 0.14872
21.73 0.137495 -0.054297 0.147828
21.74 0.139928 -0.0448303 0.146934
21.75 0.141715 -0.035278 0.14604
21.76 0.142853 -0.0256842 0.145143
21.77 0.143346 -0.0160927 0.144247
21.78 0.143199 -0.0065465 0.143349
21.79 0.14242 0.00291175 0.14245
21.8 0.14102 0.0122404 0.14155
21.81 0.139012 0.0213989 0.14065
21.82 0.136413 0.0303479 0.139748
21.83 0.133242 0.0390492 0.138846
21.84 0.129519 0.0474669 0.137943
21.85 0.125269 0.0555656 0.137039
21.86 0.120517 0.0633135 0.136135
21.87 0.11529 0.0706788 0.135231
21.88 0.109619 0.0776337 0.134326
21.89 0.103535 0.0841509 0.13342
21.9 0.0970708 0.0902073 0.132515
21.91 0.0902599 0.0957804 0.131608
21.92 0.0831385 0.100851 0.130702
21.93 0.0757424 0.105404 0.129795
21.94 0.0681095 0.109423 0.128889
21.95 0.0602769 0.112899 0.127982
21.96 0.0522838 0.115821 0.127076
21.97 0.044168 0.118185 0.126169
21.98 0.035969 0.119987 0.125262
21.99 0.0277244 0.121226 0.124356
22 0.0194736 0.121904 0.12345
22.01 0.0112536 0.122027 0.122544
22.02 0.00310205 0.121599 0.121639
22.03 -0.00494486 0.120633 0.120734
22.04 -0.0128517 0.119138 0.11983
22.05 -0.0205841 0.117131 0.118926
22.06 -0.0281092 0.114626 0.118023
22.07 -0.035395 0.111644 0.11712
22.08 -0.0424121 0.108203 0.116219
22.09 -0.0491314 0.104328 0.115318
22.1 -0.055527 0.100041 0.114418
22.11 -0.0615735 0.0953684 0.113518
22.12 -0.0672488 0.0903378 0.11262
22.13 -0.0725316 0.0849778 0.111723
22.14 -0.0774042 0.0793176 0.110827
22.15 -0.0818492 0.073388 0.109932
22.16 -0.0858537 0.0672208 0.109039
22.17 -0.0894048 0.0608474 0.108146
22.18 -0.0924939 0.0543014 0.107256
22.19 -0.0951132 0.0476149 0.106366
22.2 -0.0972582 0.0408219 0.105478
22.21 -0.0989262 0.0339547 0.104591
22.22 -0.100117 0.0270472 0.103706
22.23 -0.100833 0.0201314 0.102823
22.24 -0.101077 0.0132402 0.101941
22.25 -0.100858 0.00640481 0.101061
22.26 -0.100182 -0.000343362 0.100183
22.27 -0.0990611 -0.00697487 0.0993064
22.28 -0.0975072 -0.01346 0.0984318
22.29 -0.0955349 -0.0197717 0.0975594
22.3 -0.0931601 -0.0258825 0.0966887
22.31 -0.0904012 -0.0317679 0.0958206
22.32 -0.0872767 -0.0374037 0.094954
22.33 -0.0838084 -0.0427678 0.09409
22.34 -0.0800176 -0.04784 0.0932281
22.35 -0.0759281 -0.0526009 0.0923685
22.36 -0.071564 -0.0570342 0.0915112
22.37 -0.0669508 -0.0611241 0.0906563
22.38 -0.0621142 -0.0648581 0.089804
22.39 -0.0570813 -0.0682241 0.0889539
22.4 -0.0518791 -0.0712133 0.0881066
22.41 -0.0465352 -0.0738179 0.0872617
22.42 -0.0410773 -0.076033 0.0864197
22.43 -0.0355333 -0.0778546 0.0855801
22.44 -0.029931 -0.0792819 0.0847436
22.45 -0.0242979 -0.0803146 0.0839096
22.46 -0.0186615 -0.0809557 0.0830788
22.47 -0.013048 -0.0812089 0.0822505
22.48 -0.00748457 -0.0810806 0.0814254
22.49 -0.00199559 -0.0805785 0.0806032
22.5 0.00339323 -0.0797118 0.079784
22.51 0.00865879 -0.0784919 0.078968
22.52 0.013778 -0.076931 0.078155
22.53 0.0187295 -0.0750434 0.0773454
22.54 0.0234926 -0.0728442 0.0765387
22.55 0.0280486 -0.0703503 0.0757357
22.56 0.0323794 -0.067579 0.0749356
22.57 0.0364689 -0.0645495 0.0741392
22.58 0.0403022 -0.061281 0.0733459
22.59 0.0438661 -0.0577945 0.0725565
22.6 0.0471489 -0.0541105 0.0717702
22.61 0.0501404 -0.0502514 0.0709877
22.62 0.0528323 -0.0462385 0.0702087
22.63 0.0552174 -0.0420952 0.0694332
22.64 0.0572914 -0.0378435 0.0686618
22.65 0.0590495 -0.0335065 0.0678935
22.66 0.060491 -0.029107 0.0671295
22.67 0.0616147 -0.0246674 0.066369
22.68 0.0624225 -0.0202102 0.0656127
22.69 0.0629167 -0.0157572 0.0648599
22.7 0.0631023 -0.0113303 0.0641114
22.71 0.0629843 -0.00694983 0.0633666
22.72 0.0625705 -0.0026368 0.062626
22.73 0.0618689 0.00158995 0.0618893
22.74 0.0608896 0.00571103 0.0611568
22.75 0.0596433 0.00970938 0.0604284
22.76 0.0581422 0.0135675 0.0597042
22.77 0.0563993 0.0172703 0.0589843
22.78 0.0544285 0.0208025 0.0582684
22.79 0.052245 0.0241515 0.0575572
22.8 0.0498635 0.0273042 0.0568497
22.81 0.0473015 0.0302502 0.0561472
22.82 0.0445747 0.0329796 0.0554487
22.83 0.041701 0.0354839 0.0547548
22.84 0.0386977 0.0377564 0.0540653
22.85 0.035583 0.039791 0.0533804
22.86 0.0323743 0.0415835 0.0527
22.87 0.0290905 0.0431307 0.0520241
22.88 0.0257489 0.0444311 0.051353
22.89 0.0223681 0.0454838 0.0506863
22.9 0.0189652 0.0462901 0.0500245
22.91 0.0155583 0.0468515 0.0493672
22.92 0.0121638 0.0471718 0.0487149
22.93 0.00879871 0.0472548 0.048067
22.94 0.00547888 0.0471068 0.0474243
22.95 0.00221955 0.0467333 0.046786
22.96 -0.000963976 0.0461429 0.046153
22.97 -0.00405857 0.0453432 0.0455245
22.98 -0.00705018 0.044344 0.044901
22.99 -0.00992707 0.0431554 0.0442825
23 -0.0126774 0.0417882 0.0436688
23.01 -0.015291 0.0402537 0.0430602
23.02 -0.017758 0.0385642 0.0424564
23.03 -0.0200701 0.0367323 0.0418578
23.04 -0.0222195 0.0347708 0.0412639
23.05 -0.0242 0.0326932 0.0406754
23.06 -0.0260057 0.0305128 0.0400915
23.07 -0.0276326 0.0282439 0.039513
23.08 -0.029077 0.0258998 0.0389393
23.09 -0.0303367 0.023495 0.038371
23.1 -0.0314104 0.0210426 0.0378074
23.11 -0.0322975 0.0185573 0.0372492
23.12 -0.0329992 0.0160517 0.0366961
23.13 -0.0335164 0.0135398 0.0361479
23.14 -0.0338522 0.0110342 0.0356051
23.15 -0.0340095 0.00854759 0.0350672
23.16 -0.0339929 0.00609212 0.0345345
23.17 -0.0338072 0.00367962 0.0340069
23.18 -0.0334585 0.00132097 0.0334846
23.19 -0.0329528 -0.000973149 0.0329671
23.2 -0.0322977 -0.00319284 0.0324551
23.21 -0.0315003 -0.00532889 0.0319479
23.22 -0.0305696 -0.00737264 0.0314461
23.23 -0.0295137 -0.00931651 0.0309492
23.24 -0.0283421 -0.011153 0.0304576
23.25 -0.027064 -0.0128763 0.029971
23.26 -0.0256895 -0.0144803 0.0294895
23.27 -0.0242284 -0.0159611 0.0290133
23.28 -0.0226907 -0.0173136 0.0285417
23.29 -0.0210873 -0.0185357 0.0280757
23.3 -0.0194279 -0.0196244 0.0276145
23.31 -0.0177234 -0.0205782 0.0271584
23.32 -0.0159836 -0.0213963 0.0267073
23.33 -0.0142192 -0.0220788 0.0262614
23.34 -0.0124396 -0.0226261 0.0258202
23.35 -0.0106554 -0.0230397 0.0253843
23.36 -0.00887522 -0.0233216 0.0249533
23.37 -0.00710912 -0.0234744 0.0245273
23.38 -0.00536523 -0.0235017 0.0241063
23.39 -0.00365269 -0.0234068 0.0236901
23.4 -0.00197902 -0.0231948 0.0232791
23.41 -0.000352223 -0.0228699 0.0228727
23.42 0.00122094 -0.0224384 0.0224716
23.43 0.00273362 -0.0219049 0.0220748
23.44 0.00417976 -0.0212768 0.0216834
23.45 0.0055542 -0.0205596 0.0212966
23.46 0.00685139 -0.0197605 0.0209146
23.47 0.00806753 -0.0188865 0.0205374
23.48 0.00919845 -0.0179449 0.0201651
23.49 0.0102412 -0.0169427 0.0197974
23.5 0.0111929 -0.0158877 0.0194345
23.51 0.012052 -0.0147871 0.0190763
23.52 0.0128164 -0.0136485 0.0187228
23.53 0.0134859 -0.0124794 0.0183741
23.54 0.0140595 -0.0112871 0.0180297
23.55 0.0145381 -0.010079 0.0176902
23.56 0.0149219 -0.00886199 0.017355
23.57 0.0152125 -0.00764337 0.0170247
23.58 0.0154113 -0.00642928 0.0166986
23.59 0.0155208 -0.00522696 0.0163773
23.6 0.0155436 -0.00404168 0.0160604
23.61 0.0154822 -0.00288002 0.0157478
23.62 0.0153408 -0.00174716 0.01544
23.63 0.0151224 -0.000648359 0.0151363
23.64 0.0148313 0.000411685 0.014837
23.65 0.0144718 0.00142828 0.0145421
23.66 0.0140485 0.00239781 0.0142517
23.67 0.0135658 0.00331631 0.0139653
23.68 0.0130291 0.00418092 0.0136835
23.69 0.0124428 0.00498863 0.0134056
23.7 0.0118127 0.00573718 0.0131322
23.71 0.0111433 0.00642477 0.0128628
23.72 0.0104404 0.00704963 0.0125976
23.73 0.00970881 0.00761101 0.0123365
23.74 0.00895414 0.00810781 0.0120795
23.75 0.00818111 0.00854036 0.0118266
23.76 0.007395 0.00890806 0.0115775
23.77 0.00660089 0.00921196 0.0113328
23.78 0.00580312 0.00945256 0.0110918
23.79 0.00500674 0.00963112 0.0108548
23.8 0.00421606 0.00974896 0.0106216
23.81 0.0034353 0.00980817 0.0103924
23.82 0.00266845 0.00981034 0.0101668
23.83 0.00191951 0.00975822 0.00994522
23.84 0.00119166 0.00965393 0.0097272
23.85 0.000488675 0.00950048 0.00951304
23.86 -0.000187082 0.00930064 0.00930252
23.87 -0.000832221 0.00905739 0.00909554
23.88 -0.00144484 0.00877417 0.00889234
23.89 -0.00202236 0.00845398 0.00869251
23.9 -0.00256338 0.00810059 0.0084965
23.91 -0.00306586 0.00771694 0.00830365
23.92 -0.00352881 0.0073071 0.00811457
23.93 -0.00395138 0.00687402 0.00792878
23.94 -0.00433245 0.00642154 0.00774637
23.95 -0.00467192 0.00595291 0.0075673
23.96 -0.00496954 0.00547176 0.00739165
23.97 -0.00522532 0.0049811 0.00721909
23.98 -0.00543957 0.00448465 0.00704989
23.99 -0.00561306 0.00398509 0.00688385
24 -0.00574621 0.00348589 0.00672089
24.01 -0.00584056 0.00298964 0.00656126
24.02 -0.00589659 0.00249926 0.00640438
24.03 -0.00591635 0.00201744 0.00625086
24.04 -0.00590082 0.0015464 0.00610008
24.05 -0.00585206 0.00108874 0.00595248
24.06 -0.00577145 0.000646204 0.00580751
24.07 -0.00566134 0.000221182 0.00566566
24.08 -0.00552351 -0.000185165 0.00552661
24.09 -0.00535986 -0.000570721 0.00539016
24.1 -0.00517295 -0.000934542 0.00525669
24.11 -0.00496466 -0.00127521 0.00512582
24.12 -0.00473726 -0.00159196 0.00499759
24.13 -0.00449309 -0.00188368 0.00487197
24.14 -0.0042344 -0.0021502 0.00474906
24.15 -0.00396329 -0.00239068 0.0046285
24.16 -0.00368231 -0.00260527 0.00451074
24.17 -0.00339309 -0.00279362 0.00439516
24.18 -0.00309845 -0.00295596 0.0042823
24.19 -0.00279979 -0.00309261 0.0041717
24.2 -0.00249956 -0.00320373 0.00406346
24.21 -0.00219936 -0.00329016 0.00395757
24.22 -0.00190137 -0.00335227 0.00385395
24.23 -0.00160697 -0.00339119 0.00375267
24.24 -0.00131792 -0.00340739 0.00365339
24.25 -0.00103594 -0.00340234 0.00355655
24.26 -0.000762066 -0.00337676 0.00346168
24.27 -0.000497783 -0.00333199 0.00336897
24.28 -0.000244334 -0.00326916 0.00327827
24.29 -2.57652e-06 -0.00318974 0.00318974
24.3 0.00022645 -0.00309475 0.00310302
24.31 0.000441899 -0.00298594 0.00301846
24.32 0.000643363 -0.00286431 0.00293568
24.33 0.000829821 -0.0027316 0.00285486
24.34 0.00100148 -0.00258901 0.00277596
24.35 0.00115744 -0.00243792 0.00269872
24.36 0.00129788 -0.00227992 0.00262346
24.37 0.00142245 -0.00211613 0.00254978
24.38 0.00153145 -0.00194811 0.002478
24.39 0.0016247 -0.00177693 0.00240773
24.4 0.00170254 -0.00160421 0.00233926
24.41 0.00176546 -0.00143072 0.0022724
24.42 0.00181359 -0.00125792 0.00220714
24.43 0.00184748 -0.00108677 0.00214342
24.44 0.00186783 -0.000918353 0.00208138
24.45 0.00187498 -0.000753451 0.0020207
24.46 0.00186975 -0.000593247 0.00196161
24.47 0.00185288 -0.000438179 0.00190398
24.48 0.00182487 -0.000289344 0.00184767
24.49 0.00178698 -0.000147051 0.00179302
24.5 0.00173943 -1.20664e-05 0.00173947
24.51 0.00168353 0.000115079 0.00168746
24.52 0.00161984 0.000234195 0.00163669
24.53 0.00154939 0.000344724 0.00158728
24.54 0.00147281 0.000446527 0.00153901
24.55 0.0013912 0.000539272 0.00149206
24.56 0.00130532 0.000623153 0.00144643
24.57 0.00121587 0.000697729 0.00140184
24.58 0.0011238 0.000763314 0.00135852
24.59 0.00102989 0.000819876 0.00131639
24.6 0.000934688 0.000867621 0.00127531
24.61 0.000839135 0.000906552 0.00123531
24.62 0.000743794 0.000937218 0.0011965
24.63 0.000649242 0.000959537 0.00115854
24.64 0.000556367 0.00097423 0.0011219
24.65 0.000465223 0.000981304 0.001086
24.66 0.000376882 0.000981358 0.00105124
24.67 0.000291341 0.000974892 0.00101749
24.68 0.00020927 0.000962084 0.000984581
24.69 0.000130863 0.000943636 0.000952667
24.7 5.66483e-05 0.000919891 0.000921633
24.71 -1.33185e-05 0.000891505 0.000891604
24.72 -7.87474e-05 0.000858622 0.000862226
24.73 -0.000139379 0.00082216 0.000833891
24.74 -0.000195201 0.000782322 0.000806307
24.75 -0.000246158 0.000739675 0.000779559
24.76 -0.000292031 0.00069464 0.00075353
24.77 -0.000332973 0.000647827 0.000728389
24.78 -0.000368954 0.000599426 0.000703874
24.79 -0.000399891 0.000550177 0.000680152
24.8 -0.00042622 0.000500154 0.000657128
24.81 -0.000447577 0.000450065 0.000634732
24.82 -0.000464616 0.000400148 0.000613177
24.83 -0.00047716 0.000350583 0.000592106
24.84 -0.000485555 0.000302004 0.000571813
24.85 -0.00048992 0.00025446 0.000552061
24.86 -0.000490593 0.000208325 0.000532992
24.87 -0.000487686 0.000163704 0.000514429
24.88 -0.000481485 0.000121114 0.000496484
24.89 -0.000472324 8.04041e-05 0.000479118
24.9 -0.000460403 4.1914e-05 0.000462307
24.91 -0.000445923 5.77407e-06 0.00044596
24.92 -0.000429318 -2.79177e-05 0.000430225
24.93 -0.000410687 -5.91809e-05 0.000414929
24.94 -0.000390337 -8.7739e-05 0.000400077
24.95 -0.000368678 -0.000113835 0.000385852
24.96 -0.000345652 -0.000137105 0.000371851
24.97 -0.000321945 -0.000157873 0.00035857
24.98 -0.000297379 -0.000176071 0.000345595
24.99 -0.000272433 -0.000191534 0.000333024
25 -0.000247227 -0.000204668 0.000320952
25.01 -0.000221975 -0.000215319 0.000309249
25.02 -0.000196821 -0.00022363 0.000297907
25.03 -0.000172023 -0.000229603 0.000286896
25.04 -0.000147727 -0.000233577 0.000276372
25.05 -0.000124046 -0.000235423 0.000266104
25.06 -0.000101122 -0.000235364 0.000256167
25.07 -7.91636e-05 -0.000233578 0.000246628
25.08 -5.81e-05 -0.000230181 0.0002374
25.09 -3.81659e-05 -0.000225217 0.000228428
25.1 -1.94223e-05 -0.000219011 0.000219871
25.11 -1.79378e-06 -0.000211432 0.00021144
25.12 1.43839e-05 -0.000202969 0.000203478
25.13 2.94404e-05 -0.000193468 0.000195695
25.14 4.30427e-05 -0.000183106 0.000188097
25.15 5.53524e-05 -0.000172289 0.000180963
25.16 6.63423e-05 -0.000160796 0.000173944
25.17 7.59949e-05 -0.000148916 0.000167186
25.18 8.42884e-05 -0.000136767 0.000160654
25.19 9.13241e-05 -0.000124515 0.000154416
25.2 9.70768e-05 -0.000112084 0.000148279
25.21 0.000101628 -9.97734e-05 0.000142418
25.22 0.000104983 -8.76329e-05 0.000136752
25.23 0.000107328 -7.57061e-05 0.000131342
25.24 0.000108569 -6.40581e-05 0.000126058
25.25 0.000108863 -5.28649e-05 0.00012102
25.26 0.00010831 -4.19997e-05 0.000116168
25.27 0.000106802 -3.17889e-05 0.000111432
25.28 0.000104696 -2.19412e-05 0.000106971
25.29 0.000101755 -1.27521e-05 0.000102551
25.3 9.83093e-05 -4.3059e-06 9.84035e-05
25.31 9.43066e-05 3.71588e-06 9.43798e-05
25.32 8.98242e-05 1.09442e-05 9.04885e-05
25.33 8.49493e-05 1.75124e-05 8.67356e-05
25.34 7.97903e-05 2.34275e-05 8.31585e-05
25.35 7.43204e-05 2.87456e-05 7.96858e-05
25.36 6.87054e-05 3.32891e-05 7.63453e-05
25.37 6.29521e-05 3.72231e-05 7.31336e-05
25.38 5.71749e-05 4.0545e-05 7.00918e-05
25.39 5.13373e-05 4.3239e-05 6.71203e-05
25.4 4.55738e-05 4.53183e-05 6.42707e-05
25.41 3.99052e-05 4.69065e-05 6.15844e-05
25.42 3.42704e-05 4.787e-05 5.88727e-05
25.43 2.89299e-05 4.84859e-05 5.64608e-05
25.44 2.3654e-05 4.84796e-05 5.39424e-05
25.45 1.87363e-05 4.80553e-05 5.15787e-05
25.46 1.40237e-05 4.74083e-05 4.94389e-05
25.47 9.60221e-06 4.61813e-05 4.7169e-05
25.48 5.50962e-06 4.47665e-05 4.51043e-05
25.49 1.72261e-06 4.30994e-05 4.31338e-05
25.5 -1.78021e-06 4.11798e-05 4.12183e-05
25.51 -4.90266e-06 3.90041e-05 3.9311e-05
25.52 -7.72617e-06 3.67358e-05 3.75395e-05
25.53 -1.0211e-05 3.43278e-05 3.58142e-05
25.54 -1.23972e-05 3.17872e-05 3.41191e-05
25.55 -1.4247e-05 2.9201e-05 3.24912e-05
25.56 -1.58159e-05 2.66164e-05 3.09609e-05
25.57 -1.71404e-05 2.39735e-05 2.94707e-05
25.58 -1.80967e-05 2.14317e-05 2.80502e-05
25.59 -1.8893e-05 1.87813e-05 2.66398e-05
25.6 -1.9339e-05 1.63009e-05 2.52926e-05
25.61 -1.96169e-05 1.39299e-05 2.40596e-05
25.62 -1.96677e-05 1.14432e-05 2.27544e-05
25.63 -1.95124e-05 9.29256e-06 2.16121e-05
25.64 -1.92311e-05 7.17562e-06 2.05262e-05
25.65 -1.87987e-05 5.13218e-06 1.94866e-05
25.66 -1.81913e-05 3.25439e-06 1.84801e-05
25.67 -1.75217e-05 1.52878e-06 1.75882e-05
25.68 -1.67116e-05 -9.54556e-08 1.67119e-05
25.69 -1.58383e-05 -1.59686e-06 1.59186e-05
25.7 -1.48794e-05 -2.91938e-06 1.51631e-05
25.71 -1.39078e-05 -4.09144e-06 1.44971e-05
25.72 -1.29026e-05 -5.15547e-06 1.38944e-05
25.73 -1.18333e-05 -6.04846e-06 1.32895e-05
25.74 -1.08417e-05 -6.89876e-06 1.28505e-05
25.75 -9.77144e-06 -7.49263e-06 1.23134e-05
25.76 -8.78996e-06 -8.05803e-06 1.19246e-05
25.77 -7.81104e-06 -8.58696e-06 1.16081e-05
25.78 -6.8823e-06 -8.76778e-06 1.11463e-05
25.79 -6.02778e-06 -9.05048e-06 1.08741e-05
25.8 -5.19537e-06 -9.19963e-06 1.05653e-05
25.81 -4.39923e-06 -9.19468e-06 1.01929e-05
25.82 -3.70388e-06 -9.16762e-06 9.88757e-06
25.83 -2.99555e-06 -9.07743e-06 9.55893e-06
25.84 -2.39199e-06 -8.9076e-06 9.22317e-06
25.85 -1.83145e-06 -8.64756e-06 8.83937e-06
25.86 -1.36078e-06 -8.33607e-06 8.44641e-06
25.87 -9.36153e-07 -7.99387e-06 8.0485e-06
25.88 -5.59188e-07 -7.58435e-06 7.60494e-06
25.89 -2.96834e-07 -7.16055e-06 7.1667e-06
25.9 -9.63172e-09 -6.63433e-06 6.63433e-06
25.91 1.65613e-07 -6.18829e-06 6.19051e-06
25.92 3.15673e-07 -5.66308e-06 5.67187e-06
25.93 4.07119e-07 -4.97224e-06 4.98888e-06
25.94 4.5556e-07 -4.5044e-06 4.52738e-06
25.95 4.73138e-07 -3.8503e-06 3.87926e-06
25.96 4.67956e-07 -3.18385e-06 3.21806e-06
25.97 3.90596e-07 -2.60959e-06 2.63866e-06
25.98 3.66942e-07 -1.96558e-06 1.99954e-06
25.99 2.38395e-07 -1.31733e-06 1.33872e-06
26 1.29963e-07 -6.51666e-07 6.64499e-07
