0 -0.0198173 0.00304364 0.0200497
0.01 -0.0395564 0.00608549 0.0400217
0.02 -0.0591393 0.00912365 0.0598389
0.03 -0.0784886 0.0121563 0.0794245
0.04 -0.097528 0.0151815 0.0987026
0.05 -0.116182 0.018197 0.117599
0.06 -0.134378 0.0212009 0.13604
0.07 -0.152043 0.0241905 0.153955
0.08 -0.169108 0.0271634 0.171276
0.09 -0.185505 0.030117 0.187934
0.1 -0.201169 0.0330483 0.203866
0.11 -0.21604 0.0359541 0.219011
0.12 -0.230057 0.038831 0.233311
0.13 -0.243166 0.0416752 0.246711
0.14 -0.255315 0.044483 0.259161
0.15 -0.266456 0.0472499 0.270613
0.16 -0.276545 0.0499716 0.281023
0.17 -0.285542 0.0526433 0.290354
0.18 -0.293411 0.0552597 0.29857
0.19 -0.300123 0.0578156 0.305641
0.2 -0.305649 0.0603054 0.311541
0.21 -0.309968 0.0627229 0.316251
0.22 -0.313064 0.0650622 0.319753
0.23 -0.314923 0.0673167 0.322037
0.24 -0.315539 0.0694798 0.323098
0.25 -0.314909 0.0715446 0.322934
0.26 -0.313035 0.0735039 0.321549
0.27 -0.309926 0.0753507 0.318954
0.28 -0.305592 0.0770774 0.315162
0.29 -0.300051 0.0786766 0.310194
0.3 -0.293324 0.0801408 0.304075
0.31 -0.285439 0.0814622 0.296836
0.32 -0.276426 0.0826333 0.288513
0.33 -0.26632 0.0836466 0.279147
0.34 -0.255161 0.0844944 0.268787
0.35 -0.242993 0.0851694 0.257487
0.36 -0.229864 0.0856643 0.245308
0.37 -0.215825 0.0859722 0.232318
0.38 -0.200932 0.0860861 0.218596
0.39 -0.185242 0.0859997 0.204231
0.4 -0.168817 0.0857066 0.189327
0.41 -0.151722 0.0852014 0.174008
0.42 -0.134024 0.0844783 0.158427
0.43 -0.115792 0.0835327 0.142778
0.44 -0.0970974 0.0823601 0.127323
0.45 -0.0780137 0.0809568 0.112428
0.46 -0.0586157 0.0793195 0.0986275
0.47 -0.0389794 0.0774458 0.086702
0.48 -0.0191814 0.0753337 0.0777373
0.49 0.000700575 0.0729821 0.0729855
0.5 0.0205887 0.0703907 0.0733399
0.51 0.0404052 0.0675599 0.0787206
0.52 0.0600728 0.064491 0.0881353
0.53 0.0795142 0.061186 0.100331
0.54 0.0986537 0.0576479 0.114262
0.55 0.117416 0.0538807 0.129189
0.56 0.135729 0.0498889 0.144607
0.57 0.15352 0.0456787 0.160172
0.58 0.17072 0.0412562 0.175635
0.59 0.187263 0.0366296 0.190811
0.6 0.203082 0.031807 0.205558
0.61 0.218117 0.0267981 0.219757
0.62 0.23231 0.0216134 0.233313
0.63 0.245604 0.0162641 0.246142
0.64 0.257949 0.0107626 0.258173
0.65 0.269296 0.00512208 0.269344
0.66 0.2796 -0.000643455 0.279601
0.67 0.288823 -0.00651904 0.288897
0.68 0.296928 -0.0124891 0.297191
0.69 0.303884 -0.018537 0.304449
0.7 0.309663 -0.0246457 0.310643
0.71 0.314244 -0.0307973 0.31575
0.72 0.317609 -0.0369733 0.319754
0.73 0.319744 -0.0431546 0.322643
0.74 0.320642 -0.0493218 0.324413
0.75 0.320299 -0.0554545 0.325064
0.76 0.318716 -0.0615326 0.324602
0.77 0.3159 -0.0675353 0.323039
0.78 0.311862 -0.0734415 0.320393
0.79 0.306617 -0.0792302 0.316689
0.8 0.300186 -0.08488 0.311956
0.81 0.292594 -0.0903698 0.306232
0.82 0.28387 -0.0956784 0.299561
0.83 0.274048 -0.100785 0.291993
0.84 0.263166 -0.105668 0.283588
0.85 0.251266 -0.110307 0.274413
0.86 0.238394 -0.114683 0.264545
0.87 0.224599 -0.118776 0.254072
0.88 0.209936 -0.122566 0.243095
0.89 0.194459 -0.126036 0.231731
0.9 0.17823 -0.129167 0.220114
0.91 0.16131 -0.131944 0.208399
0.92 0.143764 -0.134349 0.196769
0.93 0.12566 -0.136369 0.185438
0.94 0.107068 -0.13799 0.174656
0.95 0.0880577 -0.139198 0.164713
0.96 0.0687031 -0.139983 0.155934
0.97 0.0490781 -0.140334 0.148668
0.98 0.0292578 -0.140242 0.143262
0.99 0.00931791 -0.139701 0.140011
1 -0.0106655 -0.138703 0.139113
1.01 -0.0306161 -0.137245 0.140618
1.02 -0.0504578 -0.135324 0.144425
1.03 -0.0701152 -0.132937 0.150295
1.04 -0.0895134 -0.130087 0.157909
1.05 -0.108579 -0.126774 0.166916
1.06 -0.127239 -0.123003 0.176973
1.07 -0.145422 -0.118778 0.187765
1.08 -0.163062 -0.114106 0.199021
1.09 -0.180089 -0.108997 0.210505
1.1 -0.19644 -0.103461 0.22202
1.11 -0.212054 -0.0975097 0.233399
1.12 -0.226871 -0.091157 0.2445
1.13 -0.240837 -0.0844185 0.255203
1.14 -0.253897 -0.0773114 0.265407
1.15 -0.266004 -0.0698539 0.275023
1.16 -0.277112 -0.0620666 0.283978
1.17 -0.287181 -0.053971 0.292208
1.18 -0.296171 -0.0455902 0.299659
1.19 -0.30405 -0.0369486 0.306287
1.2 -0.31079 -0.028072 0.312055
1.21 -0.316365 -0.0189873 0.316934
1.22 -0.320755 -0.00972285 0.320902
1.23 -0.323944 -0.000307462 0.323944
1.24 -0.325921 0.00922849 0.326051
1.25 -0.326679 0.0188543 0.327223
1.26 -0.326217 0.0285381 0.327463
1.27 -0.324536 0.0382475 0.326782
1.28 -0.321645 0.0479497 0.325199
1.29 -0.317554 0.0576114 0.322738
1.3 -0.31228 0.0671988 0.319428
1.31 -0.305843 0.0766783 0.315308
1.32 -0.298268 0.0860159 0.310423
1.33 -0.289585 0.0951779 0.304825
1.34 -0.279827 0.104131 0.298573
1.35 -0.26903 0.112841 0.291736
1.36 -0.257236 0.121275 0.284391
1.37 -0.24449 0.129402 0.276623
1.38 -0.230839 0.137189 0.268529
1.39 -0.216336 0.144606 0.260216
1.4 -0.201034 0.151623 0.251802
1.41 -0.184992 0.158212 0.243419
1.42 -0.168268 0.164343 0.235208
1.43 -0.150927 0.169992 0.227324
1.44 -0.133033 0.175133 0.21993
1.45 -0.114652 0.179743 0.213196
1.46 -0.095852 0.1838 0.207292
1.47 -0.0767038 0.187284 0.202383
1.48 -0.057278 0.190177 0.198615
1.49 -0.0376465 0.192461 0.196109
1.5 -0.0178817 0.194124 0.194946
1.51 0.00194355 0.195152 0.195162
1.52 0.0217563 0.195536 0.196743
1.53 0.041484 0.195267 0.199625
1.54 0.061054 0.194339 0.203704
1.55 0.0803952 0.192749 0.208843
1.56 0.0994368 0.190495 0.214886
1.57 0.118109 0.18758 0.221666
1.58 0.136346 0.184005 0.229015
1.59 0.154079 0.179777 0.23677
1.6 0.171245 0.174905 0.244779
1.61 0.187783 0.169398 0.252899
1.62 0.203633 0.163269 0.261004
1.63 0.218737 0.156534 0.268978
1.64 0.233043 0.149211 0.276718
1.65 0.246499 0.141318 0.284135
1.66 0.259058 0.132879 0.291149
1.67 0.270675 0.123916 0.297692
1.68 0.28131 0.114457 0.303703
1.69 0.290925 0.104529 0.309134
1.7 0.299487 0.0941627 0.313942
1.71 0.306968 0.0833895 0.318093
1.72 0.31334 0.0722432 0.321561
1.73 0.318584 0.0607591 0.324326
1.74 0.322682 0.0489738 0.326378
1.75 0.325621 0.0369253 0.327708
1.76 0.327393 0.024653 0.32832
1.77 0.327992 0.0121975 0.328219
1.78 0.327419 -0.000400036 0.32742
1.79 0.325678 -0.0130971 0.325942
1.8 0.322777 -0.025851 0.323811
1.81 0.318728 -0.0386181 0.321059
1.82 0.313548 -0.0513544 0.317726
1.83 0.307258 -0.0640159 0.313856
1.84 0.299881 -0.0765584 0.309499
1.85 0.291447 -0.0889378 0.304715
1.86 0.281986 -0.10111 0.299565
1.87 0.271536 -0.113032 0.294122
1.88 0.260134 -0.12466 0.288461
1.89 0.247823 -0.135953 0.282665
1.9 0.234649 -0.146869 0.276823
1.91 0.220661 -0.157368 0.271027
1.92 0.205908 -0.16741 0.265376
1.93 0.190446 -0.176958 0.259969
1.94 0.17433 -0.185976 0.254907
1.95 0.157619 -0.194428 0.250291
1.96 0.140372 -0.202282 0.246216
1.97 0.122653 -0.209508 0.24277
1.98 0.104523 -0.216075 0.240028
1.99 0.0860493 -0.221956 0.238053
2 0.0672961 -0.227128 0.236888
2.01 0.0483305 -0.231568 0.236558
2.02 0.0292193 -0.235256 0.237063
2.03 0.0100302 -0.238173 0.238385
2.04 -0.00916956 -0.240307 0.240482
2.05 -0.0283126 -0.241643 0.243296
2.06 -0.047332 -0.242174 0.246756
2.07 -0.0661616 -0.241892 0.250777
2.08 -0.084736 -0.240792 0.255267
2.09 -0.102991 -0.238875 0.260132
2.1 -0.120864 -0.236142 0.265275
2.11 -0.138293 -0.232597 0.270604
2.12 -0.155219 -0.228248 0.276026
2.13 -0.171584 -0.223106 0.281456
2.14 -0.187332 -0.217183 0.286814
2.15 -0.202412 -0.210496 0.292026
2.16 -0.216771 -0.203063 0.297025
2.17 -0.230362 -0.194905 0.301753
2.18 -0.24314 -0.186048 0.306155
2.19 -0.255062 -0.176516 0.310185
2.2 -0.266091 -0.16634 0.313805
2.21 -0.27619 -0.155551 0.316981
2.22 -0.285326 -0.144182 0.319686
2.23 -0.293471 -0.13227 0.321901
2.24 -0.300599 -0.119853 0.323611
2.25 -0.306688 -0.10697 0.324808
2.26 -0.311721 -0.0936637 0.325489
2.27 -0.315683 -0.0799769 0.325656
2.28 -0.318563 -0.0659547 0.325319
2.29 -0.320354 -0.0516434 0.32449
2.3 -0.321053 -0.0370905 0.323189
2.31 -0.320662 -0.0223446 0.321439
2.32 -0.319183 -0.00745488 0.31927
2.33 -0.316625 0.00752835 0.316714
2.34 -0.313 0.0225545 0.313812
2.35 -0.308323 0.0375726 0.310604
2.36 -0.302613 0.0525315 0.307139
2.37 -0.295893 0.0673801 0.303468
2.38 -0.288187 0.0820673 0.299645
2.39 -0.279526 0.0965426 0.295728
2.4 -0.26994 0.110756 0.291778
2.41 -0.259466 0.124658 0.287858
2.42 -0.24814 0.1382 0.28403
2.43 -0.236004 0.151335 0.280357
2.44 -0.223101 0.164017 0.276904
2.45 -0.209477 0.176201 0.273729
2.46 -0.19518 0.187843 0.270888
2.47 -0.180259 0.198903 0.268432
2.48 -0.164766 0.209341 0.266405
2.49 -0.148756 0.21912 0.264843
2.5 -0.132284 0.228203 0.263772
2.51 -0.115405 0.236558 0.263208
2.52 -0.0981782 0.244155 0.263155
2.53 -0.0806614 0.250964 0.263608
2.54 -0.062914 0.256961 0.264551
2.55 -0.0449959 0.262123 0.265957
2.56 -0.0269673 0.266429 0.267791
2.57 -0.00888842 0.269863 0.270009
2.58 0.00918048 0.27241 0.272565
2.59 0.0271796 0.27406 0.275404
2.6 0.0450493 0.274803 0.278471
2.61 0.0627312 0.274635 0.281709
2.62 0.0801671 0.273555 0.28506
2.63 0.0973002 0.271562 0.288467
2.64 0.114075 0.268662 0.291878
2.65 0.130438 0.264863 0.295239
2.66 0.146335 0.260173 0.298503
2.67 0.161717 0.254608 0.301625
2.68 0.176534 0.248183 0.304564
2.69 0.190739 0.240919 0.307284
2.7 0.204288 0.232837 0.309753
2.71 0.21714 0.223963 0.311944
2.72 0.229252 0.214326 0.313835
2.73 0.24059 0.203955 0.315406
2.74 0.251118 0.192884 0.316646
2.75 0.260804 0.181149 0.317543
2.76 0.269621 0.168787 0.318095
2.77 0.277541 0.155839 0.3183
2.78 0.284542 0.142348 0.318162
2.79 0.290605 0.128357 0.317689
2.8 0.295712 0.113912 0.316894
2.81 0.299851 0.0990606 0.315791
2.82 0.303012 0.0838521 0.3144
2.83 0.305187 0.0683365 0.312744
2.84 0.306373 0.0525652 0.31085
2.85 0.306569 0.0365904 0.308745
2.86 0.305778 0.0204651 0.306462
2.87 0.304005 0.00424292 0.304035
2.88 0.301261 -0.0120223 0.301501
2.89 0.297556 -0.0282764 0.298897
2.9 0.292907 -0.0444651 0.296263
2.91 0.287331 -0.0605346 0.293638
2.92 0.280849 -0.0764311 0.291063
2.93 0.273485 -0.0921018 0.288577
2.94 0.265266 -0.107494 0.286219
2.95 0.256221 -0.122557 0.284024
2.96 0.246382 -0.137239 0.282026
2.97 0.235782 -0.151492 0.280256
2.98 0.224459 -0.165269 0.278739
2.99 0.21245 -0.178522 0.277498
3 0.199796 -0.191208 0.276549
3.01 0.18654 -0.203285 0.275902
3.02 0.172726 -0.214711 0.275563
3.03 0.1584 -0.225448 0.275532
3.04 0.143609 -0.235462 0.2758
3.05 0.1284 -0.244717 0.276357
3.06 0.112825 -0.253183 0.277184
3.07 0.0969328 -0.260832 0.278261
3.08 0.0807755 -0.267638 0.279561
3.09 0.0644045 -0.273578 0.281056
3.1 0.0478726 -0.278632 0.282714
3.11 0.0312321 -0.282783 0.284503
3.12 0.0145361 -0.286019 0.286388
3.13 -0.00216311 -0.288326 0.288334
3.14 -0.0188127 -0.289698 0.290309
3.15 -0.0353606 -0.290131 0.292278
3.16 -0.0517553 -0.289622 0.29421
3.17 -0.067946 -0.288173 0.296075
3.18 -0.0838824 -0.285789 0.297845
3.19 -0.0995157 -0.282478 0.299495
3.2 -0.114798 -0.278251 0.301002
3.21 -0.129683 -0.273121 0.302345
3.22 -0.144125 -0.267106 0.303509
3.23 -0.15808 -0.260226 0.304478
3.24 -0.171507 -0.252502 0.305241
3.25 -0.184366 -0.243962 0.305791
3.26 -0.196619 -0.234632 0.306123
3.27 -0.208229 -0.224544 0.306234
3.28 -0.219162 -0.213732 0.306126
3.29 -0.229388 -0.202229 0.305803
3.3 -0.238875 -0.190076 0.305271
3.31 -0.247598 -0.177311 0.304539
3.32 -0.255531 -0.163976 0.303619
3.33 -0.262654 -0.150116 0.302526
3.34 -0.268945 -0.135775 0.301275
3.35 -0.27439 -0.121002 0.299885
3.36 -0.278972 -0.105843 0.298376
3.37 -0.282682 -0.0903496 0.29677
3.38 -0.28551 -0.0745713 0.295088
3.39 -0.287451 -0.0585599 0.293355
3.4 -0.288501 -0.0423676 0.291595
3.41 -0.28866 -0.0260471 0.289833
3.42 -0.28793 -0.00965139 0.288092
3.43 -0.286317 0.00676624 0.286397
3.44 -0.283827 0.0231525 0.28477
3.45 -0.280472 0.0394546 0.283234
3.46 -0.276264 0.0556197 0.281808
3.47 -0.27122 0.0715958 0.28051
3.48 -0.265356 0.0873314 0.279357
3.49 -0.258693 0.102776 0.278362
3.5 -0.251255 0.11788 0.277534
3.51 -0.243067 0.132595 0.276881
3.52 -0.234155 0.146875 0.276407
3.53 -0.22455 0.160673 0.276113
3.54 -0.214282 0.173947 0.275997
3.55 -0.203386 0.186654 0.276053
3.56 -0.191896 0.198753 0.276273
3.57 -0.179848 0.210208 0.276646
3.58 -0.167283 0.220982 0.277159
3.59 -0.154239 0.231043 0.277795
3.6 -0.140757 0.240357 0.278539
3.61 -0.12688 0.248898 0.279372
3.62 -0.112652 0.256638 0.280274
3.63 -0.0981166 0.263556 0.281227
3.64 -0.0833188 0.269629 0.282208
3.65 -0.0683047 0.274839 0.2832
3.66 -0.0531203 0.279173 0.284182
3.67 -0.0378124 0.282618 0.285136
3.68 -0.022428 0.285164 0.286044
3.69 -0.00701382 0.286805 0.28689
3.7 0.00838326 0.287537 0.287659
3.71 0.0237165 0.287361 0.288338
3.72 0.0389396 0.286278 0.288914
3.73 0.0540067 0.284294 0.289378
3.74 0.0688725 0.281417 0.289722
3.75 0.0834928 0.277659 0.28994
3.76 0.0978237 0.273033 0.290028
3.77 0.111823 0.267555 0.289983
3.78 0.125448 0.261246 0.289805
3.79 0.138661 0.254127 0.289495
3.8 0.151421 0.246223 0.289057
3.81 0.163691 0.23756 0.288495
3.82 0.175436 0.228169 0.287817
3.83 0.186621 0.21808 0.28703
3.84 0.197215 0.207327 0.286144
3.85 0.207187 0.195947 0.285169
3.86 0.216508 0.183976 0.284118
3.87 0.225152 0.171455 0.283002
3.88 0.233095 0.158423 0.281836
3.89 0.240315 0.144925 0.280633
3.9 0.246792 0.131003 0.279407
3.91 0.252509 0.116704 0.278174
3.92 0.25745 0.102072 0.276946
3.93 0.261603 0.0871557 0.275739
3.94 0.264956 0.0720025 0.274566
3.95 0.267503 0.0566609 0.273438
3.96 0.269238 0.0411797 0.272369
3.97 0.270158 0.0256084 0.271369
3.98 0.270262 0.00999593 0.270447
3.99 0.269553 -0.00560814 0.269611
4 0.268033 -0.0211549 0.268867
4.01 0.265712 -0.0365954 0.26822
4.02 0.262597 -0.0518817 0.267673
4.03 0.2587 -0.0669659 0.267226
4.04 0.254035 -0.0818017 0.266881
4.05 0.248619 -0.0963428 0.266633
4.06 0.242469 -0.110545 0.266479
4.07 0.235606 -0.124364 0.266415
4.08 0.228054 -0.137759 0.266432
4.09 0.219836 -0.150688 0.266523
4.1 0.210979 -0.163113 0.26668
4.11 0.201513 -0.174996 0.266891
4.12 0.191466 -0.186303 0.267148
4.13 0.180871 -0.196999 0.267438
4.14 0.169762 -0.207054 0.26775
4.15 0.158173 -0.216437 0.268074
4.16 0.14614 -0.225123 0.268398
4.17 0.133703 -0.233086 0.268711
4.18 0.120898 -0.240304 0.269003
4.19 0.107765 -0.246758 0.269264
4.2 0.0943462 -0.252429 0.269484
4.21 0.0806817 -0.257304 0.269657
4.22 0.0668135 -0.261369 0.269774
4.23 0.0527843 -0.264615 0.269829
4.24 0.0386367 -0.267036 0.269816
4.25 0.0244139 -0.268626 0.269733
4.26 0.010159 -0.269383 0.269575
4.27 -0.0040849 -0.26931 0.269341
4.28 -0.0182749 -0.268408 0.269029
4.29 -0.0323681 -0.266684 0.268641
4.3 -0.0463224 -0.264147 0.268178
4.31 -0.060096 -0.260808 0.267642
4.32 -0.0736479 -0.256679 0.267036
4.33 -0.0869379 -0.251778 0.266365
4.34 -0.0999266 -0.246123 0.265634
4.35 -0.112575 -0.239733 0.264849
4.36 -0.124848 -0.232632 0.264017
4.37 -0.136707 -0.224845 0.263143
4.38 -0.14812 -0.216399 0.262237
4.39 -0.159052 -0.207323 0.261305
4.4 -0.169472 -0.197647 0.260355
4.41 -0.17935 -0.187404 0.259397
4.42 -0.188659 -0.176627 0.258436
4.43 -0.197371 -0.165354 0.257482
4.44 -0.205463 -0.15362 0.256543
4.45 -0.212912 -0.141463 0.255624
4.46 -0.219698 -0.128924 0.254732
4.47 -0.225801 -0.116043 0.253875
4.48 -0.231208 -0.102861 0.253056
4.49 -0.235902 -0.089419 0.25228
4.5 -0.239873 -0.0757608 0.251552
4.51 -0.24311 -0.0619294 0.250874
4.52 -0.245607 -0.047968 0.250248
4.53 -0.247359 -0.0339202 0.249674
4.54 -0.248363 -0.0198296 0.249153
4.55 -0.248618 -0.00574013 0.248685
4.56 -0.248127 0.00830533 0.248266
4.57 -0.246894 0.0222635 0.247896
4.58 -0.244925 0.036092 0.24757
4.59 -0.242229 0.0497488 0.247285
4.6 -0.238817 0.0631929 0.247037
4.61 -0.234702 0.0763839 0.246819
4.62 -0.229899 0.0892828 0.246627
4.63 -0.224424 0.101851 0.246455
4.64 -0.218299 0.114052 0.246297
4.65 -0.211542 0.12585 0.246147
4.66 -0.204179 0.137211 0.246
4.67 -0.196232 0.148102 0.245848
4.68 -0.187729 0.158493 0.245687
4.69 -0.178698 0.168353 0.245511
4.7 -0.169168 0.177656 0.245315
4.71 -0.15917 0.186376 0.245095
4.72 -0.148737 0.19449 0.244845
4.73 -0.137902 0.201975 0.244563
4.74 -0.1267 0.208813 0.244245
4.75 -0.115165 0.214985 0.243888
4.76 -0.103335 0.220477 0.243492
4.77 -0.0912473 0.225275 0.243053
4.78 -0.0789389 0.229369 0.242572
4.79 -0.0664483 0.23275 0.242049
4.8 -0.0538144 0.235411 0.241484
4.81 -0.041076 0.237349 0.240877
4.82 -0.0282724 0.238561 0.240231
4.83 -0.0154428 0.239049 0.239547
4.84 -0.00262599 0.238814 0.238829
4.85 0.010139 0.237862 0.238078
4.86 0.0228139 0.2362 0.237299
4.87 0.0353604 0.233836 0.236495
4.88 0.0477414 0.230783 0.235669
4.89 0.0599198 0.227053 0.234826
4.9 0.07186 0.222662 0.233971
4.91 0.0835269 0.217627 0.233106
4.92 0.0948864 0.211968 0.232237
4.93 0.105906 0.205705 0.231367
4.94 0.116553 0.198861 0.230501
4.95 0.126799 0.191461 0.229642
4.96 0.136613 0.18353 0.228793
4.97 0.145969 0.175096 0.227959
4.98 0.15484 0.166188 0.227143
4.99 0.163202 0.156835 0.226345
5 0.171034 0.147069 0.22557
5.01 0.178313 0.136922 0.224818
5.02 0.185022 0.126427 0.224091
5.03 0.191142 0.115618 0.22339
5.04 0.19666 0.104531 0.222714
5.05 0.201561 0.0931998 0.222065
5.06 0.205834 0.0816611 0.221441
5.07 0.20947 0.0699511 0.220841
5.08 0.212462 0.0581063 0.220265
5.09 0.214805 0.0461634 0.21971
5.1 0.216496 0.0341592 0.219174
5.11 0.217532 0.0221302 0.218655
5.12 0.217916 0.0101131 0.218151
5.13 0.21765 -0.0018561 0.217658
5.14 0.21674 -0.0137416 0.217175
5.15 0.215191 -0.025508 0.216697
5.16 0.213012 -0.0371209 0.216223
5.17 0.210215 -0.0485464 0.215748
5.18 0.206812 -0.0597513 0.21527
5.19 0.202816 -0.0707036 0.214787
5.2 0.198245 -0.0813723 0.214295
5.21 0.193115 -0.0917271 0.213792
5.22 0.187445 -0.10174 0.213276
5.23 0.181258 -0.111382 0.212745
5.24 0.174573 -0.120628 0.212196
5.25 0.167416 -0.129453 0.211628
5.26 0.159811 -0.137834 0.21104
5.27 0.151784 -0.145749 0.210431
5.28 0.143362 -0.153178 0.209801
5.29 0.134573 -0.160103 0.209148
5.3 0.125447 -0.166506 0.208473
5.31 0.116013 -0.172372 0.207776
5.32 0.106301 -0.177689 0.207059
5.33 0.0963429 -0.182445 0.20632
5.34 0.0861705 -0.186629 0.205562
5.35 0.0758155 -0.190235 0.204786
5.36 0.0653105 -0.193256 0.203994
5.37 0.054688 -0.195688 0.203186
5.38 0.0439806 -0.197529 0.202366
5.39 0.0332209 -0.198777 0.201534
5.4 0.0224416 -0.199434 0.200693
5.41 0.0116747 -0.199504 0.199845
5.42 0.000952677 -0.19899 0.198992
5.43 -0.0096934 -0.197899 0.198136
5.44 -0.020232 -0.19624 0.19728
5.45 -0.0306331 -0.194022 0.196425
5.46 -0.0408665 -0.191257 0.195574
5.47 -0.0509034 -0.187957 0.194728
5.48 -0.0607155 -0.184137 0.193889
5.49 -0.0702758 -0.179813 0.193058
5.5 -0.0795579 -0.175002 0.192237
5.51 -0.0885367 -0.169722 0.191427
5.52 -0.0971884 -0.163994 0.19063
5.53 -0.10549 -0.157838 0.189844
5.54 -0.11342 -0.151276 0.189073
5.55 -0.120959 -0.144331 0.188315
5.56 -0.128087 -0.137027 0.187571
5.57 -0.134788 -0.129389 0.18684
5.58 -0.141044 -0.121442 0.186123
5.59 -0.146843 -0.113212 0.185418
5.6 -0.152171 -0.104727 0.184726
5.61 -0.157017 -0.0960122 0.184045
5.62 -0.161371 -0.0870966 0.183375
5.63 -0.165224 -0.0780076 0.182713
5.64 -0.16857 -0.0687735 0.18206
5.65 -0.171405 -0.0594224 0.181413
5.66 -0.173724 -0.0499826 0.180772
5.67 -0.175526 -0.0404824 0.180134
5.68 -0.176811 -0.0309498 0.179499
5.69 -0.177579 -0.0214129 0.178865
5.7 -0.177833 -0.011899 0.178231
5.71 -0.177578 -0.00243557 0.177595
5.72 -0.17682 0.00695071 0.176956
5.73 -0.175564 0.0162336 0.176313
5.74 -0.173821 0.0253875 0.175665
5.75 -0.1716 0.0343875 0.175011
5.76 -0.168911 0.0432091 0.17435
5.77 -0.165768 0.0518293 0.173681
5.78 -0.162183 0.0602252 0.173004
5.79 -0.158173 0.0683753 0.172319
5.8 -0.153751 0.076259 0.171624
5.81 -0.148936 0.0838565 0.170921
5.82 -0.143745 0.0911493 0.170208
5.83 -0.138197 0.09812 0.169487
5.84 -0.13231 0.104752 0.168757
5.85 -0.126106 0.111031 0.16802
5.86 -0.119606 0.116941 0.167275
5.87 -0.11283 0.122472 0.166523
5.88 -0.1058 0.127611 0.165765
5.89 -0.0985403 0.132347 0.165003
5.9 -0.0910724 0.136673 0.164237
5.91 -0.0834196 0.14058 0.163467
5.92 -0.0756058 0.144062 0.162697
5.93 -0.0676541 0.147114 0.161925
5.94 -0.0595886 0.149733 0.161154
5.95 -0.0514328 0.151914 0.160385
5.96 -0.0432104 0.153659 0.159619
5.97 -0.034945 0.154965 0.158856
5.98 -0.0266601 0.155835 0.158099
5.99 -0.0183785 0.156271 0.157348
6 -0.0101234 0.156277 0.156604
6.01 -0.00191718 0.155856 0.155868
6.02 0.00621812 0.155016 0.155141
6.03 0.0142611 0.153763 0.154423
6.04 0.0221906 0.152105 0.153715
6.05 0.0299862 0.150051 0.153018
6.06 0.0376279 0.147611 0.152332
6.07 0.0450971 0.144796 0.151656
6.08 0.0523749 0.141618 0.150992
6.09 0.059444 0.138088 0.150339
6.1 0.0662874 0.134221 0.149698
6.11 0.0728892 0.130031 0.149067
6.12 0.0792342 0.125532 0.148446
6.13 0.0853083 0.12074 0.147836
6.14 0.0910981 0.11567 0.147236
6.15 0.0965914 0.11034 0.146645
6.16 0.101777 0.104766 0.146063
6.17 0.106643 0.0989652 0.145489
6.18 0.111182 0.092956 0.144922
6.19 0.115385 0.0867559 0.144361
6.2 0.119244 0.0803836 0.143807
6.21 0.122752 0.0738573 0.143258
6.22 0.125905 0.0671958 0.142714
6.23 0.128698 0.0604178 0.142174
6.24 0.131127 0.0535422 0.141637
6.25 0.13319 0.0465875 0.141103
6.26 0.134886 0.0395729 0.140571
6.27 0.136213 0.0325167 0.140041
6.28 0.137173 0.0254376 0.139512
6.29 0.137767 0.0183537 0.138984
6.3 0.137997 0.0112834 0.138457
6.31 0.137865 0.00424431 0.137931
6.32 0.137377 -0.00274587 0.137405
6.33 0.136537 -0.00967007 0.136879
6.34 0.135351 -0.0165115 0.136354
6.35 0.133825 -0.0232537 0.13583
6.36 0.131966 -0.0298808 0.135306
6.37 0.129782 -0.0363774 0.134784
6.38 0.127282 -0.0427283 0.134263
6.39 0.124476 -0.0489194 0.133744
6.4 0.121372 -0.0549366 0.133226
6.41 0.117983 -0.0607668 0.132712
6.42 0.114318 -0.0663972 0.132201
6.43 0.110389 -0.0718159 0.131694
6.44 0.106209 -0.0770113 0.131191
6.45 0.10179 -0.0819727 0.130693
6.46 0.0971444 -0.08669 0.130201
6.47 0.0922866 -0.091154 0.129715
6.48 0.08723 -0.0953556 0.129235
6.49 0.0819885 -0.099287 0.128763
6.5 0.0765764 -0.102941 0.1283
6.51 0.0710083 -0.106311 0.127844
6.52 0.0652991 -0.10939 0.127398
6.53 0.0594635 -0.112175 0.126961
6.54 0.0535168 -0.114659 0.126534
6.55 0.047474 -0.11684 0.126117
6.56 0.0413507 -0.118715 0.125711
6.57 0.0351617 -0.120281 0.125315
6.58 0.0289229 -0.121536 0.124931
6.59 0.0226491 -0.12248 0.124557
6.6 0.0163558 -0.123113 0.124195
6.61 0.0100582 -0.123434 0.123843
6.62 0.00377135 -0.123445 0.123503
6.63 -0.00249004 -0.123149 0.123174
6.64 -0.00871089 -0.122546 0.122855
6.65 -0.0148769 -0.121641 0.122548
6.66 -0.0209735 -0.120437 0.12225
6.67 -0.0269868 -0.118939 0.121962
6.68 -0.0329027 -0.117152 0.121685
6.69 -0.0387081 -0.11508 0.121416
6.7 -0.0443891 -0.112732 0.121156
6.71 -0.0499335 -0.110112 0.120905
6.72 -0.0553284 -0.107229 0.120662
6.73 -0.0605618 -0.10409 0.120426
6.74 -0.0656216 -0.100704 0.120198
6.75 -0.0704969 -0.09708 0.119976
6.76 -0.0751767 -0.0932267 0.119761
6.77 -0.0796505 -0.0891542 0.119552
6.78 -0.0839083 -0.0848729 0.119348
6.79 -0.0879408 -0.0803934 0.11915
6.8 -0.0917389 -0.0757268 0.118956
6.81 -0.0952944 -0.0708847 0.118767
6.82 -0.0985991 -0.065879 0.118583
6.83 -0.101646 -0.0607218 0.118402
6.84 -0.104428 -0.0554258 0.118225
6.85 -0.106939 -0.0500035 0.118052
6.86 -0.109174 -0.0444686 0.117883
6.87 -0.111128 -0.0388339 0.117717
6.88 -0.112795 -0.0331134 0.117555
6.89 -0.114173 -0.0273206 0.117396
6.9 -0.115259 -0.0214698 0.117241
6.91 -0.116049 -0.0155749 0.11709
6.92 -0.116543 -0.00965025 0.116942
6.93 -0.116738 -0.00371014 0.116797
6.94 -0.116635 0.00223097 0.116657
6.95 -0.116234 0.00815858 0.11652
6.96 -0.115536 0.0140582 0.116388
6.97 -0.114542 0.0199154 0.11626
6.98 -0.113254 0.0257158 0.116137
6.99 -0.111675 0.031445 0.116018
7 -0.10981 0.0370888 0.115904
7.01 -0.107661 0.0426331 0.115795
7.02 -0.105235 0.0480639 0.115692
7.03 -0.102537 0.0533677 0.115594
7.04 -0.0995722 0.0585308 0.115501
7.05 -0.0963488 0.06354 0.115414
7.06 -0.092874 0.0683825 0.115333
7.07 -0.0891559 0.0730455 0.115258
7.08 -0.0852037 0.0775169 0.115189
7.09 -0.0810265 0.0817847 0.115126
7.1 -0.0766346 0.0858377 0.115069
7.11 -0.0720386 0.0896648 0.115019
7.12 -0.0672498 0.0932555 0.114974
7.13 -0.0622797 0.0965998 0.114936
7.14 -0.057141 0.0996884 0.114904
7.15 -0.0518462 0.102512 0.114877
7.16 -0.0464088 0.105063 0.114857
7.17 -0.0408422 0.107334 0.114842
7.18 -0.035161 0.109317 0.114833
7.19 -0.0293793 0.111006 0.114828
7.2 -0.0235124 0.112397 0.11483
7.21 -0.0175753 0.113483 0.114836
7.22 -0.0115838 0.114261 0.114846
7.23 -0.00555333 0.114727 0.114861
7.24 0.000499749 0.11488 0.114881
7.25 0.00655942 0.114717 0.114904
7.26 0.0126092 0.114237 0.114931
7.27 0.0186328 0.113441 0.114961
7.28 0.0246135 0.112329 0.114994
7.29 0.030535 0.110903 0.11503
7.3 0.0363805 0.109166 0.115068
7.31 0.0421338 0.10712 0.115109
7.32 0.0477784 0.104771 0.115151
7.33 0.0532983 0.102123 0.115195
7.34 0.0586774 0.0991825 0.11524
7.35 0.0639002 0.0959561 0.115286
7.36 0.0689511 0.0924519 0.115333
7.37 0.0738152 0.0886781 0.11538
7.38 0.0784779 0.0846446 0.115427
7.39 0.0829249 0.0803611 0.115475
7.4 0.0871426 0.0758391 0.115522
7.41 0.0911179 0.0710899 0.115569
7.42 0.0948382 0.0661265 0.115616
7.43 0.0982915 0.060962 0.115661
7.44 0.101467 0.0556103 0.115706
7.45 0.104353 0.0500859 0.11575
7.46 0.106941 0.0444045 0.115794
7.47 0.109221 0.0385814 0.115835
7.48 0.111186 0.0326334 0.115876
7.49 0.112828 0.026577 0.115916
7.5 0.114141 0.02043 0.115955
7.51 0.115119 0.0142096 0.115993
7.52 0.115758 0.00793436 0.116029
7.53 0.116053 0.00162238 0.116065
7.54 0.116004 -0.00470742 0.1161
7.55 0.115608 -0.0110363 0.116134
7.56 0.114865 -0.0173452 0.116167
7.57 0.113776 -0.0236151 0.1162
7.58 0.112341 -0.0298267 0.116233
7.59 0.110565 -0.035961 0.116266
7.6 0.10845 -0.0419989 0.116298
7.61 0.106002 -0.0479216 0.116331
7.62 0.103227 -0.0537105 0.116364
7.63 0.100131 -0.0593471 0.116398
7.64 0.096724 -0.0648135 0.116432
7.65 0.0930134 -0.0700919 0.116466
7.66 0.0890102 -0.0751652 0.116502
7.67 0.0847252 -0.0800169 0.116538
7.68 0.080171 -0.0846308 0.116575
7.69 0.0753602 -0.0889913 0.116613
7.7 0.0703072 -0.0930839 0.116652
7.71 0.0650265 -0.0968945 0.116692
7.72 0.0595341 -0.10041 0.116733
7.73 0.0538463 -0.103618 0.116774
7.74 0.0479804 -0.106507 0.116816
7.75 0.0419544 -0.109067 0.116858
7.76 0.0357866 -0.111288 0.1169
7.77 0.0294963 -0.113161 0.116942
7.78 0.0231034 -0.11468 0.116984
7.79 0.0166275 -0.115838 0.117025
7.8 0.0100895 -0.11663 0.117066
7.81 0.00351001 -0.117052 0.117105
7.82 -0.00308965 -0.117102 0.117142
7.83 -0.00968841 -0.116777 0.117178
7.84 -0.0162646 -0.116077 0.117211
7.85 -0.022797 -0.115004 0.117242
7.86 -0.029264 -0.113559 0.117269
7.87 -0.0356442 -0.111747 0.117294
7.88 -0.0419167 -0.10957 0.117314
7.89 -0.0480602 -0.107037 0.117331
7.9 -0.0540542 -0.104153 0.117344
7.91 -0.0598786 -0.100927 0.117353
7.92 -0.0655135 -0.0973683 0.117357
7.93 -0.0709398 -0.093488 0.117356
7.94 -0.0761387 -0.0892981 0.117351
7.95 -0.0810924 -0.0848109 0.117341
7.96 -0.0857836 -0.0800413 0.117326
7.97 -0.0901959 -0.0750036 0.117307
7.98 -0.0943139 -0.0697144 0.117283
7.99 -0.098123 -0.0641905 0.117254
8 -0.101609 -0.05845 0.117221
8.01 -0.104761 -0.0525113 0.117185
8.02 -0.107566 -0.0463942 0.117144
8.03 -0.110013 -0.0401188 0.1171
8.04 -0.112095 -0.0337059 0.117053
8.05 -0.113803 -0.0271769 0.117003
8.06 -0.115131 -0.020554 0.116951
8.07 -0.116072 -0.0138591 0.116896
8.08 -0.116623 -0.00711516 0.11684
8.09 -0.116782 -0.00034496 0.116783
8.1 -0.116547 0.0064281 0.116724
8.11 -0.115918 0.0131812 0.116665
8.12 -0.114896 0.0198907 0.116605
8.13 -0.113484 0.0265337 0.116545
8.14 -0.111687 0.0330869 0.116485
8.15 -0.10951 0.0395277 0.116425
8.16 -0.106959 0.0458334 0.116366
8.17 -0.104044 0.0519821 0.116307
8.18 -0.100773 0.057952 0.116248
8.19 -0.0971578 0.0637221 0.11619
8.2 -0.0932101 0.0692721 0.116132
8.21 -0.088943 0.074582 0.116075
8.22 -0.0843713 0.0796331 0.116017
8.23 -0.0795104 0.0844073 0.115959
8.24 -0.0743771 0.0888875 0.115901
8.25 -0.0689891 0.0930574 0.115841
8.26 -0.0633651 0.0969021 0.115781
8.27 -0.0575243 0.100408 0.115718
8.28 -0.0514876 0.103561 0.115654
8.29 -0.0452756 0.106351 0.115587
8.3 -0.0389105 0.108768 0.115518
8.31 -0.0324146 0.110801 0.115445
8.32 -0.0258107 0.112445 0.115369
8.33 -0.0191223 0.113692 0.115289
8.34 -0.0123732 0.114538 0.115204
8.35 -0.00558731 0.11498 0.115115
8.36 0.00121128 0.115015 0.115021
8.37 0.00799814 0.114644 0.114922
8.38 0.014749 0.113867 0.114818
8.39 0.0214398 0.112687 0.114708
8.4 0.0280464 0.111108 0.114593
8.41 0.034545 0.109136 0.114473
8.42 0.0409123 0.106778 0.114347
8.43 0.0471254 0.104041 0.114216
8.44 0.0531617 0.100937 0.114081
8.45 0.0589994 0.0974756 0.11394
8.46 0.0646175 0.09367 0.113796
8.47 0.0699955 0.0895337 0.113647
8.48 0.0751142 0.0850819 0.113495
8.49 0.0799546 0.0803307 0.113339
8.5 0.0844996 0.0752977 0.113181
8.51 0.0887323 0.0700011 0.11302
8.52 0.0926378 0.0644605 0.112858
8.53 0.0962015 0.0586961 0.112694
8.54 0.0994108 0.0527292 0.112529
8.55 0.102254 0.0465818 0.112364
8.56 0.104721 0.0402766 0.112199
8.57 0.106802 0.0338368 0.112034
8.58 0.108491 0.0272863 0.11187
8.59 0.109782 0.0206492 0.111707
8.6 0.110669 0.0139504 0.111545
8.61 0.11115 0.00721432 0.111384
8.62 0.111223 0.000466187 0.111224
8.63 0.110889 -0.00626905 0.111066
8.64 0.110149 -0.0129664 0.110909
8.65 0.109006 -0.0196009 0.110754
8.66 0.107464 -0.0261481 0.1106
8.67 0.105531 -0.0325835 0.110446
8.68 0.103212 -0.0388834 0.110294
8.69 0.100518 -0.0450243 0.110142
8.7 0.0974595 -0.0509834 0.109989
8.71 0.0940471 -0.0567387 0.109837
8.72 0.0902947 -0.0622688 0.109684
8.73 0.0862164 -0.0675533 0.10953
8.74 0.0818282 -0.0725727 0.109374
8.75 0.0771467 -0.0773084 0.109216
8.76 0.0721902 -0.0817431 0.109057
8.77 0.0669772 -0.0858604 0.108894
8.78 0.0615283 -0.0896455 0.108729
8.79 0.0558639 -0.0930842 0.108561
8.8 0.0500058 -0.0961646 0.108389
8.81 0.0439766 -0.0988751 0.108214
8.82 0.0377993 -0.101206 0.108035
8.83 0.0314973 -0.10315 0.107852
8.84 0.0250949 -0.1047 0.107665
8.85 0.0186165 -0.10585 0.107475
8.86 0.012087 -0.106597 0.10728
8.87 0.00553096 -0.106939 0.107082
8.88 -0.00102632 -0.106876 0.106881
8.89 -0.00756009 -0.106408 0.106676
8.9 -0.0140452 -0.105538 0.106469
8.91 -0.0204572 -0.10427 0.106258
8.92 -0.0267717 -0.102611 0.106046
8.93 -0.0329646 -0.100566 0.105831
8.94 -0.0390127 -0.0981447 0.105614
8.95 -0.0448928 -0.0953575 0.105396
8.96 -0.0505829 -0.0922156 0.105178
8.97 -0.0560613 -0.0887321 0.104958
8.98 -0.0613077 -0.084921 0.104739
8.99 -0.0663023 -0.0807978 0.104519
9 -0.0710265 -0.0763793 0.1043
9.01 -0.0754624 -0.0716831 0.104082
9.02 -0.0795939 -0.066728 0.103864
9.03 -0.0834056 -0.0615338 0.103648
9.04 -0.0868836 -0.0561215 0.103433
9.05 -0.090015 -0.0505123 0.103219
9.06 -0.0927888 -0.0447287 0.103007
9.07 -0.0951949 -0.0387933 0.102796
9.08 -0.0972253 -0.0327299 0.102587
9.09 -0.0988725 -0.0265623 0.102378
9.1 -0.100132 -0.0203148 0.102172
9.11 -0.100998 -0.0140119 0.101966
9.12 -0.10147 -0.00767833 0.10176
9.13 -0.101547 -0.00133914 0.101556
9.14 -0.101229 0.00498117 0.101352
9.15 -0.100519 0.0112578 0.101148
9.16 -0.0994211 0.0174664 0.100944
9.17 -0.0979395 0.0235827 0.100739
9.18 -0.0960821 0.0295831 0.100533
9.19 -0.0938568 0.0354444 0.100326
9.2 -0.0912736 0.0411439 0.100118
9.21 -0.0883435 0.0466598 0.0999085
9.22 -0.0850794 0.0519709 0.0996969
9.23 -0.0814947 0.0570569 0.0994831
9.24 -0.0776049 0.0618986 0.0992671
9.25 -0.0734258 0.0664774 0.0990485
9.26 -0.0689753 0.0707765 0.0988276
9.27 -0.0642714 0.0747792 0.098604
9.28 -0.0593336 0.0784712 0.0983779
9.29 -0.0541823 0.0818386 0.0981493
9.3 -0.0488384 0.0848693 0.0979182
9.31 -0.0433237 0.0875521 0.0976848
9.32 -0.0376608 0.0898779 0.0974493
9.33 -0.0318724 0.0918383 0.0972117
9.34 -0.0259821 0.0934271 0.0969726
9.35 -0.0200137 0.0946389 0.096732
9.36 -0.013991 0.0954705 0.0964902
9.37 -0.00793828 0.0959195 0.0962474
9.38 -0.00187974 0.0959859 0.0960043
9.39 0.00416037 0.0956703 0.0957607
9.4 0.0101581 0.0949758 0.0955175
9.41 0.0160894 0.093906 0.0952743
9.42 0.0219312 0.092467 0.0950322
9.43 0.02766 0.0906654 0.0947908
9.44 0.0332536 0.0885102 0.0945508
9.45 0.0386896 0.0860109 0.0943121
9.46 0.0439471 0.083179 0.094075
9.47 0.0490056 0.0800269 0.0938395
9.48 0.0538456 0.0765688 0.0936063
9.49 0.058448 0.0728193 0.0933746
9.5 0.0627956 0.0687949 0.0931452
9.51 0.0668714 0.0645125 0.0929175
9.52 0.0706605 0.0599906 0.0926919
9.53 0.0741481 0.0552482 0.0924679
9.54 0.0773217 0.0503054 0.0922458
9.55 0.0801692 0.0451827 0.0920249
9.56 0.0826808 0.0399016 0.0918055
9.57 0.0848471 0.034484 0.091587
9.58 0.0866612 0.0289525 0.0913697
9.59 0.0881165 0.02333 0.0911526
9.6 0.0892088 0.0176392 0.090936
9.61 0.089935 0.0119039 0.0907194
9.62 0.0902935 0.0061472 0.0905025
9.63 0.0902844 0.000392877 0.0902853
9.64 0.0899091 -0.00533586 0.0900673
9.65 0.0891702 -0.0110158 0.0898481
9.66 0.0880728 -0.0166241 0.089628
9.67 0.0866222 -0.022138 0.0894064
9.68 0.0848261 -0.0275356 0.0891834
9.69 0.0826928 -0.0327951 0.0889585
9.7 0.0802326 -0.037896 0.0887321
9.71 0.0774567 -0.0428177 0.0885037
9.72 0.0743779 -0.0475413 0.0882737
9.73 0.07101 -0.0520475 0.0880418
9.74 0.0673676 -0.0563197 0.0878083
9.75 0.0634671 -0.0603405 0.0875731
9.76 0.0593253 -0.0640952 0.0873366
9.77 0.0549605 -0.067569 0.0870989
9.78 0.050391 -0.0707489 0.08686
9.79 0.0456369 -0.0736232 0.0866204
9.8 0.0407182 -0.0761813 0.0863803
9.81 0.0356558 -0.0784138 0.0861398
9.82 0.0304714 -0.0803134 0.0858996
9.83 0.0251867 -0.0818729 0.0856595
9.84 0.0198236 -0.0830879 0.08542
9.85 0.014405 -0.0839547 0.0851815
9.86 0.00895327 -0.0844711 0.0849443
9.87 0.00349117 -0.0846364 0.0847084
9.88 -0.00195896 -0.0844516 0.0844743
9.89 -0.00737425 -0.0839186 0.084242
9.9 -0.0127329 -0.0830415 0.084012
9.91 -0.0180124 -0.0818251 0.0837842
9.92 -0.0231917 -0.0802759 0.0835589
9.93 -0.0282494 -0.0784019 0.083336
9.94 -0.0331654 -0.076212 0.0831156
9.95 -0.0379196 -0.0737168 0.0828979
9.96 -0.0424931 -0.0709279 0.0826828
9.97 -0.0468675 -0.0678581 0.0824699
9.98 -0.0510258 -0.0645215 0.0822597
9.99 -0.0549511 -0.060933 0.0820515
10 -0.0586286 -0.0571085 0.0818456
10.01 -0.0620435 -0.0530653 0.0816415
10.02 -0.0651832 -0.0488208 0.0814391
10.03 -0.0680353 -0.0443938 0.081238
10.04 -0.0705896 -0.0398033 0.0810383
10.05 -0.0728363 -0.0350695 0.0808393
10.06 -0.0747676 -0.0302125 0.0806411
10.07 -0.0763765 -0.0252533 0.0804431
10.08 -0.0776579 -0.0202128 0.0802453
10.09 -0.0786078 -0.0151128 0.0800474
10.1 -0.0792235 -0.00997464 0.0798489
10.11 -0.0795039 -0.00482017 0.0796499
10.12 -0.0794494 0.000329184 0.0794501
10.13 -0.0790613 0.00545154 0.079249
10.14 -0.0783433 0.0105259 0.0790472
10.15 -0.0772991 0.0155307 0.0788439
10.16 -0.0759349 0.0204458 0.0786393
10.17 -0.0742578 0.0252504 0.0784334
10.18 -0.072276 0.0299253 0.0782263
10.19 -0.0699993 0.0344509 0.0780177
10.2 -0.0674385 0.0388092 0.0778082
10.21 -0.0646056 0.0429822 0.0775974
10.22 -0.0615137 0.0469536 0.0773859
10.23 -0.0581771 0.0507071 0.0771737
10.24 -0.0546106 0.0542281 0.0769611
10.25 -0.0508307 0.0575025 0.0767483
10.26 -0.0468538 0.0605178 0.0765355
10.27 -0.042698 0.0632622 0.0763232
10.28 -0.0383813 0.0657254 0.0761114
10.29 -0.033923 0.0678979 0.0759006
10.3 -0.0293422 0.0697724 0.0756911
10.31 -0.0246593 0.0713414 0.075483
10.32 -0.019894 0.0726003 0.0752766
10.33 -0.0150676 0.0735447 0.0750724
10.34 -0.0102002 0.0741721 0.0748701
10.35 -0.00531314 0.074481 0.0746703
10.36 -0.000426868 0.0744717 0.074473
10.37 0.00443732 0.0741455 0.0742782
10.38 0.00925939 0.0735051 0.074086
10.39 0.0140185 0.0725546 0.0738965
10.4 0.0186949 0.0712992 0.0737094
10.41 0.0232688 0.0697459 0.073525
10.42 0.0277214 0.067902 0.0733428
10.43 0.0320339 0.0657772 0.0731629
10.44 0.0361886 0.0633812 0.0729848
10.45 0.0401683 0.0607256 0.0728086
10.46 0.0439571 0.0578228 0.072634
10.47 0.0475389 0.0546863 0.0724606
10.48 0.0508998 0.0513301 0.0722881
10.49 0.0540261 0.04777 0.0721165
10.5 0.0569053 0.0440215 0.0719452
10.51 0.0595263 0.0401018 0.0717742
10.52 0.0618786 0.036028 0.071603
10.53 0.0639534 0.0318187 0.0714316
10.54 0.0657429 0.0274918 0.0712596
10.55 0.0672407 0.0230669 0.0710872
10.56 0.0684412 0.018563 0.0709139
10.57 0.0693407 0.014 0.0707399
10.58 0.0699364 0.00939736 0.070565
10.59 0.0702272 0.00477534 0.0703894
10.6 0.0702127 0.000153607 0.0702129
10.61 0.0698945 -0.00444771 0.0700359
10.62 0.0692751 -0.00900932 0.0698585
10.63 0.0683583 -0.0135112 0.0696808
10.64 0.0671492 -0.0179348 0.0695031
10.65 0.0656545 -0.0222609 0.0693257
10.66 0.0638811 -0.0264716 0.0691487
10.67 0.0618385 -0.0305489 0.0689727
10.68 0.059536 -0.034476 0.0687978
10.69 0.056985 -0.0382363 0.0686244
10.7 0.0541972 -0.0418144 0.0684528
10.71 0.0511858 -0.0451955 0.0682834
10.72 0.0479645 -0.0483655 0.0681162
10.73 0.0445483 -0.0513118 0.0679519
10.74 0.0409525 -0.0540224 0.0677903
10.75 0.0371935 -0.0564863 0.0676318
10.76 0.0332882 -0.0586938 0.0674764
10.77 0.0292542 -0.0606363 0.0673244
10.78 0.0251092 -0.0623064 0.0671756
10.79 0.0208721 -0.0636977 0.0670302
10.8 0.0165611 -0.0648052 0.0668879
10.81 0.0121958 -0.0656253 0.0667489
10.82 0.00779484 -0.066155 0.0666127
10.83 0.00337787 -0.0663936 0.0664794
10.84 -0.00103606 -0.0663405 0.0663485
10.85 -0.00542745 -0.0659973 0.0662201
10.86 -0.00977765 -0.0653662 0.0660934
10.87 -0.0140674 -0.0644513 0.0659686
10.88 -0.0182786 -0.063257 0.0658449
10.89 -0.0223929 -0.06179 0.0657224
10.9 -0.0263928 -0.060057 0.0656005
10.91 -0.0302611 -0.0580669 0.065479
10.92 -0.0339816 -0.0558288 0.0653575
10.93 -0.0375383 -0.0533536 0.065236
10.94 -0.0409165 -0.0506525 0.065114
10.95 -0.0441016 -0.0477384 0.0649916
10.96 -0.0470807 -0.0446242 0.0648684
10.97 -0.0498414 -0.0413247 0.0647448
10.98 -0.052372 -0.0378542 0.0646202
10.99 -0.0546627 -0.0342289 0.0644952
11 -0.0567037 -0.0304648 0.0643694
11.01 -0.0584873 -0.026579 0.0642433
11.02 -0.0600062 -0.0225885 0.064117
11.03 -0.0612547 -0.0185115 0.0639908
11.04 -0.062228 -0.0143659 0.0638647
11.05 -0.062923 -0.0101699 0.0637396
11.06 -0.0633371 -0.00594222 0.0636152
11.07 -0.0634696 -0.00170138 0.0634924
11.08 -0.0633205 0.00253398 0.0633712
11.09 -0.0628916 0.00674529 0.0632523
11.1 -0.0621852 0.0109142 0.0631357
11.11 -0.0612056 0.0150224 0.0630222
11.12 -0.0599573 0.0190522 0.0629116
11.13 -0.0584473 0.022986 0.0628048
11.14 -0.056682 0.0268066 0.0627013
11.15 -0.0546707 0.0304981 0.0626021
11.16 -0.0524223 0.0340437 0.0625066
11.17 -0.0499477 0.037429 0.0624156
11.18 -0.047258 0.040639 0.0623285
11.19 -0.0443659 0.0436603 0.0622459
11.2 -0.0412843 0.0464797 0.0621671
11.21 -0.0380275 0.0490857 0.0620926
11.22 -0.03461 0.0514667 0.0620216
11.23 -0.0310474 0.0536133 0.0619542
11.24 -0.0273555 0.0555162 0.06189
11.25 -0.023551 0.0571678 0.0618289
11.26 -0.0196508 0.058561 0.0617701
11.27 -0.0156724 0.0596906 0.0617137
11.28 -0.0116332 0.0605516 0.061659
11.29 -0.00755135 0.0611414 0.061606
11.3 -0.00344478 0.0614573 0.0615537
11.31 0.000668501 0.0614989 0.0615025
11.32 0.00477009 0.0612661 0.0614515
11.33 0.00884231 0.0607608 0.0614009
11.34 0.0128672 0.0599855 0.06135
11.35 0.016827 0.0589441 0.0612989
11.36 0.0207045 0.0576417 0.0612473
11.37 0.0244829 0.0560844 0.0611954
11.38 0.0281456 0.0542795 0.0611428
11.39 0.0316768 0.0522355 0.0610898
11.4 0.0350611 0.0499615 0.0610363
11.41 0.0382841 0.0474682 0.0609827
11.42 0.0413315 0.0447665 0.0609289
11.43 0.0441905 0.0418691 0.0608755
11.44 0.0468484 0.0387887 0.0608222
11.45 0.0492944 0.0355394 0.06077
11.46 0.0515174 0.0321356 0.0607185
11.47 0.0535085 0.0285924 0.0606686
11.48 0.0552586 0.024926 0.0606203
11.49 0.056761 0.0211522 0.0605742
11.5 0.0580089 0.0172881 0.0605302
11.51 0.0589974 0.0133508 0.0604891
11.52 0.0597221 0.00935778 0.0604508
11.53 0.0601806 0.0053265 0.0604158
11.54 0.0603706 0.00127512 0.0603841
11.55 0.060292 -0.00277883 0.060356
11.56 0.059945 -0.00681723 0.0603314
11.57 0.0593317 -0.0108224 0.0603107
11.58 0.0584547 -0.0147767 0.0602935
11.59 0.0573184 -0.0186628 0.0602802
11.6 0.0559277 -0.0224634 0.0602703
11.61 0.0542891 -0.0261621 0.0602641
11.62 0.0524097 -0.0297424 0.060261
11.63 0.050298 -0.0331891 0.0602612
11.64 0.0479637 -0.0364864 0.0602642
11.65 0.0454166 -0.0396205 0.0602698
11.66 0.0426685 -0.0425772 0.0602778
11.67 0.0397312 -0.045344 0.060288
11.68 0.0366179 -0.0479084 0.0602999
11.69 0.033342 -0.0502596 0.0603135
11.7 0.0299184 -0.0523869 0.0603282
11.71 0.0264572 -0.0544491 0.0605367
11.72 0.0229632 -0.0564434 0.0609357
11.73 0.01944 -0.0583678 0.06152
11.74 0.0158922 -0.0602197 0.0622814
11.75 0.0123235 -0.0619971 0.0632101
11.76 0.00873863 -0.0636978 0.0642944
11.77 0.00514107 -0.0653198 0.0655218
11.78 0.00153582 -0.066861 0.0668786
11.79 -0.00207383 -0.0683194 0.0683509
11.8 -0.0056828 -0.0696936 0.0699249
11.81 -0.0092878 -0.0709812 0.0715863
11.82 -0.012884 -0.0721811 0.0733219
11.83 -0.0164677 -0.0732913 0.0751186
11.84 -0.0200345 -0.0743105 0.0769638
11.85 -0.0235807 -0.075237 0.0788458
11.86 -0.0271018 -0.0760698 0.0807535
11.87 -0.0305942 -0.0768072 0.0826762
11.88 -0.0340537 -0.0774484 0.0846044
11.89 -0.0374765 -0.077992 0.0865288
11.9 -0.0408584 -0.0784371 0.0884409
11.91 -0.0441961 -0.0787826 0.0903327
11.92 -0.0474853 -0.0790279 0.0921969
11.93 -0.0507226 -0.0791718 0.0940264
11.94 -0.0539041 -0.0792141 0.0958151
11.95 -0.0570263 -0.0791537 0.0975567
11.96 -0.0600858 -0.0789905 0.0992461
11.97 -0.0630787 -0.0787235 0.100878
11.98 -0.0660021 -0.0783529 0.102447
11.99 -0.0688524 -0.077878 0.10395
12 -0.0716264 -0.0772988 0.105382
12.01 -0.0743208 -0.0766151 0.10674
12.02 -0.0769327 -0.075827 0.10802
12.03 -0.0794589 -0.0749342 0.109219
12.04 -0.0818968 -0.0739372 0.110335
12.05 -0.0842432 -0.0728358 0.111364
12.06 -0.0864956 -0.0716307 0.112305
12.07 -0.0886512 -0.0703219 0.113156
12.08 -0.0907078 -0.06891 0.113914
12.09 -0.0926623 -0.0673953 0.114579
12.1 -0.0945131 -0.0657787 0.11515
12.11 -0.0962574 -0.0640606 0.115625
12.12 -0.0978935 -0.0622417 0.116005
12.13 -0.099419 -0.0603231 0.116288
12.14 -0.100832 -0.0583051 0.116476
12.15 -0.102131 -0.0561892 0.116568
12.16 -0.103315 -0.0539761 0.116565
12.17 -0.10438 -0.051667 0.116468
12.18 -0.105327 -0.0492628 0.116278
12.19 -0.106154 -0.0467651 0.115998
12.2 -0.106859 -0.0441747 0.11563
12.21 -0.107442 -0.0414933 0.115175
12.22 -0.107901 -0.0387219 0.114638
12.23 -0.108235 -0.0358624 0.114022
12.24 -0.108444 -0.0329157 0.11333
12.25 -0.108527 -0.0298842 0.112567
12.26 -0.108484 -0.0267685 0.111738
12.27 -0.108314 -0.0235711 0.110849
12.28 -0.108017 -0.0202931 0.109907
12.29 -0.107593 -0.0169368 0.108917
12.3 -0.107041 -0.0135035 0.107889
12.31 -0.106361 -0.00999552 0.10683
12.32 -0.105555 -0.00641447 0.10575
12.33 -0.104622 -0.00276243 0.104658
12.34 -0.103562 0.000958807 0.103566
12.35 -0.102376 0.00474686 0.102486
12.36 -0.101065 0.00860007 0.10143
12.37 -0.0996297 0.012516 0.100413
12.38 -0.0980703 0.0164927 0.0994475
12.39 -0.0963882 0.020528 0.0985499
12.4 -0.0945844 0.0246196 0.097736
12.41 -0.0926602 0.0287654 0.0970225
12.42 -0.0906165 0.0329629 0.0964257
12.43 -0.0884552 0.0372102 0.0959631
12.44 -0.0861774 0.0415044 0.0956512
12.45 -0.0837849 0.0458439 0.0955069
12.46 -0.0812792 0.0502256 0.0955454
12.47 -0.0786622 0.0546478 0.0957816
12.48 -0.0759358 0.0591075 0.0962286
12.49 -0.0731019 0.0636028 0.0968979
12.5 -0.0701626 0.0681309 0.0977988
12.51 -0.0671199 0.0726896 0.0989387
12.52 -0.0639763 0.0772762 0.100322
12.53 -0.0607338 0.0818885 0.101953
12.54 -0.057395 0.0865238 0.103829
12.55 -0.0539621 0.0911799 0.105951
12.56 -0.0504381 0.0958539 0.108314
12.57 -0.046825 0.100544 0.110913
12.58 -0.0431261 0.105247 0.11374
12.59 -0.0393435 0.10996 0.116787
12.6 -0.0354806 0.114682 0.120045
12.61 -0.0315396 0.11941 0.123505
12.62 -0.0275241 0.12414 0.127155
12.63 -0.0234364 0.128872 0.130985
12.64 -0.0192801 0.133602 0.134986
12.65 -0.0150579 0.138327 0.139144
12.66 -0.0107731 0.143046 0.143451
12.67 -0.0064286 0.147756 0.147896
12.68 -0.00202801 0.152455 0.152469
12.69 0.00242598 0.15714 0.157159
12.7 0.00692963 0.161809 0.161957
12.71 0.01148 0.166459 0.166854
12.72 0.0160735 0.171088 0.171842
12.73 0.0207071 0.175695 0.176911
12.74 0.025377 0.180276 0.182053
12.75 0.0300803 0.184829 0.18726
12.76 0.0348133 0.189352 0.192526
12.77 0.0395727 0.193843 0.197841
12.78 0.0443551 0.1983 0.2032
12.79 0.049157 0.20272 0.208595
12.8 0.0539752 0.207102 0.21402
12.81 0.0588059 0.211443 0.219468
12.82 0.063646 0.215742 0.224934
12.83 0.068492 0.219995 0.230411
12.84 0.0733404 0.224203 0.235893
12.85 0.078188 0.228361 0.241376
12.86 0.0830313 0.23247 0.246853
12.87 0.0878667 0.236525 0.252319
12.88 0.0926914 0.240527 0.257769
12.89 0.0975016 0.244473 0.263199
12.9 0.102294 0.248362 0.268603
12.91 0.107066 0.252191 0.273977
12.92 0.111814 0.255959 0.279316
12.93 0.116534 0.259665 0.284615
12.94 0.121224 0.263306 0.289871
12.95 0.12588 0.266883 0.29508
12.96 0.1305 0.270392 0.300236
12.97 0.135079 0.273833 0.305337
12.98 0.139616 0.277204 0.310378
12.99 0.144107 0.280504 0.315356
13 0.148549 0.283733 0.320267
13.01 0.15294 0.286888 0.325108
13.02 0.157276 0.289968 0.329874
13.03 0.161555 0.292973 0.334564
13.04 0.165774 0.295901 0.339173
13.05 0.169931 0.298752 0.343699
13.06 0.174022 0.301524 0.348139
13.07 0.178045 0.304217 0.352489
13.08 0.181998 0.30683 0.356747
13.09 0.185879 0.309363 0.36091
13.1 0.189684 0.311813 0.364976
13.11 0.193411 0.314182 0.368942
13.12 0.197059 0.316468 0.372806
13.13 0.200625 0.31867 0.376565
13.14 0.204106 0.320789 0.380217
13.15 0.207502 0.322824 0.383761
13.16 0.210809 0.324774 0.387193
13.17 0.214025 0.32664 0.390513
13.18 0.21715 0.32842 0.393718
13.19 0.220181 0.330115 0.396807
13.2 0.223115 0.331725 0.399777
13.21 0.225953 0.333249 0.402628
13.22 0.228691 0.334688 0.405358
13.23 0.231328 0.336041 0.407966
13.24 0.233863 0.337308 0.410449
13.25 0.236294 0.33849 0.412808
13.26 0.23862 0.339586 0.41504
13.27 0.24084 0.340597 0.417145
13.28 0.242952 0.341524 0.419123
13.29 0.244955 0.342365 0.420971
13.3 0.246847 0.343122 0.422689
13.31 0.248629 0.343794 0.424277
13.32 0.250298 0.344383 0.425734
13.33 0.251855 0.344889 0.427059
13.34 0.253297 0.345311 0.428251
13.35 0.254624 0.345651 0.429311
13.36 0.255836 0.34591 0.430239
13.37 0.256931 0.346086 0.431033
13.38 0.25791 0.346182 0.431693
13.39 0.25877 0.346197 0.43222
13.4 0.259513 0.346133 0.432614
13.41 0.260137 0.345989 0.432874
13.42 0.260643 0.345768 0.433001
13.43 0.261029 0.345468 0.432994
13.44 0.261295 0.345092 0.432855
13.45 0.261442 0.344639 0.432583
13.46 0.261469 0.344111 0.432178
13.47 0.261375 0.343508 0.431642
13.48 0.261162 0.342831 0.430974
13.49 0.260828 0.342081 0.430175
13.5 0.260375 0.341259 0.429246
13.51 0.259801 0.340365 0.428188
13.52 0.259108 0.3394 0.427001
13.53 0.258295 0.338366 0.425685
13.54 0.257362 0.337263 0.424242
13.55 0.256311 0.336092 0.422674
13.56 0.255141 0.334853 0.420979
13.57 0.253853 0.333548 0.419161
13.58 0.252447 0.332178 0.417219
13.59 0.250924 0.330743 0.415155
13.6 0.249284 0.329244 0.41297
13.61 0.247529 0.327683 0.410666
13.62 0.245657 0.32606 0.408243
13.63 0.243671 0.324375 0.405703
13.64 0.241571 0.32263 0.403047
13.65 0.239358 0.320827 0.400277
13.66 0.237033 0.318964 0.397395
13.67 0.234596 0.317044 0.394401
13.68 0.232048 0.315068 0.391298
13.69 0.229391 0.313035 0.388087
13.7 0.226625 0.310948 0.384769
13.71 0.223751 0.308806 0.381347
13.72 0.220771 0.306611 0.377823
13.73 0.217685 0.304363 0.374198
13.74 0.214495 0.302064 0.370474
13.75 0.211202 0.299713 0.366653
13.76 0.207806 0.297313 0.362737
13.77 0.20431 0.294863 0.358729
13.78 0.200713 0.292364 0.35463
13.79 0.197019 0.289817 0.350443
13.8 0.193227 0.287223 0.346171
13.81 0.18934 0.284583 0.341814
13.82 0.185359 0.281896 0.337377
13.83 0.181284 0.279164 0.332861
13.84 0.177118 0.276388 0.32827
13.85 0.172862 0.273567 0.323605
13.86 0.168517 0.270703 0.31887
13.87 0.164085 0.267795 0.314067
13.88 0.159567 0.264846 0.3092
13.89 0.154965 0.261854 0.304272
13.9 0.15028 0.258821 0.299287
13.91 0.145514 0.255747 0.294246
13.92 0.140669 0.252633 0.289156
13.93 0.135745 0.249478 0.284018
13.94 0.130746 0.246284 0.278837
13.95 0.125672 0.24305 0.273617
13.96 0.120525 0.239777 0.268364
13.97 0.115306 0.236465 0.26308
13.98 0.110018 0.233114 0.257772
13.99 0.104662 0.229726 0.252444
14 0.0992406 0.226299 0.247103
14.01 0.0937541 0.222834 0.241754
14.02 0.0882054 0.219331 0.236403
14.03 0.0825956 0.215791 0.231058
14.04 0.0769271 0.212213 0.225726
14.05 0.0712013 0.208598 0.220415
14.06 0.0654205 0.204945 0.215133
14.07 0.0595861 0.201254 0.20989
14.08 0.0537005 0.197526 0.204695
14.09 0.0477652 0.19376 0.199561
14.1 0.0417824 0.189957 0.194498
14.11 0.0357541 0.186115 0.189519
14.12 0.0296821 0.182236 0.184638
14.13 0.0235686 0.178319 0.17987
14.14 0.0174156 0.174364 0.175231
14.15 0.0112251 0.17037 0.170739
14.16 0.00499934 0.166337 0.166412
14.17 -0.0012597 0.162266 0.162271
14.18 -0.00754986 0.158155 0.158335
14.19 -0.0138688 0.154005 0.154629
14.2 -0.0202147 0.149816 0.151173
14.21 -0.0265847 0.145586 0.147994
14.22 -0.0329773 0.141317 0.145113
14.23 -0.0393896 0.137006 0.142556
14.24 -0.0458199 0.132655 0.140345
14.25 -0.0522652 0.128263 0.138502
14.26 -0.0587237 0.123829 0.137048
14.27 -0.0651927 0.119353 0.135997
14.28 -0.07167 0.114835 0.135365
14.29 -0.0781529 0.110274 0.13516
14.3 -0.0846393 0.105671 0.135389
14.31 -0.0908555 0.100685 0.135618
14.32 -0.0967794 0.0953349 0.135849
14.33 -0.102389 0.0896358 0.136081
14.34 -0.107665 0.0836065 0.136315
14.35 -0.112586 0.0772663 0.136549
14.36 -0.117135 0.0706366 0.136785
14.37 -0.121295 0.0637383 0.137022
14.38 -0.12505 0.0565948 0.137261
14.39 -0.128385 0.0492294 0.1375
14.4 -0.131287 0.0416672 0.137741
14.41 -0.133745 0.0339328 0.137983
14.42 -0.135748 0.0260531 0.138226
14.43 -0.137288 0.018054 0.13847
14.44 -0.138358 0.00996334 0.138716
14.45 -0.138951 0.00180817 0.138963
14.46 -0.139064 -0.00638311 0.139211
14.47 -0.138695 -0.0145827 0.13946
14.48 -0.137844 -0.0227618 0.13971
14.49 -0.13651 -0.0308925 0.139962
14.5 -0.134697 -0.038946 0.140214
14.51 -0.13241 -0.0468945 0.140468
14.52 -0.129653 -0.0547097 0.140723
14.53 -0.126436 -0.0623641 0.14098
14.54 -0.122766 -0.0698306 0.141237
14.55 -0.118656 -0.0770824 0.141495
14.56 -0.114117 -0.0840935 0.141755
14.57 -0.109164 -0.0908386 0.142016
14.58 -0.103812 -0.0972933 0.142278
14.59 -0.0980782 -0.103434 0.142541
14.6 -0.0919805 -0.109237 0.142805
14.61 -0.085539 -0.114683 0.14307
14.62 -0.0787743 -0.119749 0.143336
14.63 -0.0717091 -0.124418 0.143604
14.64 -0.0643662 -0.128671 0.143872
14.65 -0.0567705 -0.132491 0.144142
14.66 -0.048947 -0.135865 0.144413
14.67 -0.0409223 -0.138776 0.144684
14.68 -0.0327234 -0.141215 0.144957
14.69 -0.024378 -0.14317 0.145231
14.7 -0.0159149 -0.144633 0.145506
14.71 -0.00736268 -0.145596 0.145782
14.72 0.0012487 -0.146053 0.146059
14.73 0.00988985 -0.146002 0.146337
14.74 0.0185303 -0.14544 0.146616
14.75 0.0271405 -0.144367 0.146896
14.76 0.0356894 -0.142784 0.147177
14.77 0.0441477 -0.140695 0.147459
14.78 0.0524847 -0.138105 0.147742
14.79 0.0606713 -0.135021 0.148026
14.8 0.0686777 -0.131451 0.148311
14.81 0.0764756 -0.127407 0.148597
14.82 0.0840364 -0.122899 0.148884
14.83 0.091333 -0.117943 0.149172
14.84 0.0983381 -0.112552 0.14946
14.85 0.105027 -0.106745 0.14975
14.86 0.111373 -0.10054 0.150041
14.87 0.117354 -0.0939572 0.150333
14.88 0.122947 -0.0870174 0.150625
14.89 0.128131 -0.079744 0.150919
14.9 0.132885 -0.0721606 0.151214
14.91 0.137191 -0.0642931 0.151509
14.92 0.141033 -0.0561673 0.151806
14.93 0.144393 -0.0478111 0.152103
14.94 0.147259 -0.0392525 0.152401
14.95 0.149619 -0.0305211 0.1527
14.96 0.151461 -0.0216465 0.153
14.97 0.152778 -0.0126596 0.153301
14.98 0.153561 -0.00359118 0.153603
14.99 0.153807 0.00552662 0.153906
15 0.153511 0.0146627 0.154209
15.01 0.152672 0.0237839 0.154514
15.02 0.151292 0.032859 0.154819
15.03 0.149372 0.0418553 0.155125
15.04 0.146917 0.0507407 0.155433
15.05 0.143933 0.0594835 0.15574
15.06 0.140429 0.0680522 0.156049
15.07 0.136414 0.0764156 0.156359
15.08 0.1319 0.0845434 0.156669
15.09 0.126902 0.0924059 0.15698
15.1 0.121434 0.099974 0.157293
15.11 0.115514 0.10722 0.157606
15.12 0.109161 0.114116 0.15792
15.13 0.102395 0.120637 0.158234
15.14 0.0952391 0.126758 0.15855
15.15 0.0877158 0.132455 0.158866
15.16 0.0798511 0.137706 0.159183
15.17 0.0716704 0.142492 0.159501
15.18 0.063202 0.146792 0.15982
15.19 0.0544744 0.150589 0.160139
15.2 0.0455172 0.153868 0.16046
15.21 0.0363614 0.156615 0.160781
15.22 0.0270385 0.158817 0.161103
15.23 0.0175809 0.160465 0.161425
15.24 0.00802141 0.16155 0.161749
15.25 -0.00160616 0.162065 0.162073
15.26 -0.0112682 0.162007 0.162398
15.27 -0.0209304 0.161372 0.162724
15.28 -0.0305584 0.160161 0.16305
15.29 -0.0401178 0.158376 0.163378
15.3 -0.0495745 0.156019 0.163706
15.31 -0.0588939 0.153098 0.164035
15.32 -0.0680429 0.149619 0.164364
15.33 -0.0769872 0.145593 0.164695
15.34 -0.0856952 0.141031 0.165026
15.35 -0.0941336 0.135948 0.165357
15.36 -0.102272 0.130359 0.16569
15.37 -0.11008 0.124282 0.166023
15.38 -0.117527 0.117737 0.166357
15.39 -0.124587 0.110744 0.166691
15.4 -0.131231 0.103326 0.167027
15.41 -0.137435 0.0955087 0.167363
15.42 -0.143174 0.0873179 0.167699
15.43 -0.148425 0.0787807 0.168037
15.44 -0.153168 0.0699265 0.168375
15.45 -0.157383 0.0607852 0.168713
15.46 -0.161053 0.0513886 0.169053
15.47 -0.164163 0.0417686 0.169393
15.48 -0.166698 0.0319594 0.169734
15.49 -0.168647 0.0219944 0.170075
15.5 -0.170001 0.0119095 0.170417
15.51 -0.170751 0.00173936 0.17076
15.52 -0.170893 -0.00847921 0.171103
15.53 -0.170423 -0.0187102 0.171447
15.54 -0.169341 -0.0289168 0.171792
15.55 -0.167647 -0.0390625 0.172137
15.56 -0.165344 -0.0491103 0.172483
15.57 -0.162439 -0.059024 0.17283
15.58 -0.158938 -0.0687672 0.173177
15.59 -0.154853 -0.0783042 0.173525
15.6 -0.150194 -0.0875998 0.173873
15.61 -0.144976 -0.0966197 0.174222
15.62 -0.139215 -0.10533 0.174572
15.63 -0.13293 -0.113698 0.174922
15.64 -0.126141 -0.121692 0.175273
15.65 -0.11887 -0.129281 0.175624
15.66 -0.111141 -0.136438 0.175976
15.67 -0.102979 -0.143132 0.176328
15.68 -0.094413 -0.14934 0.176681
15.69 -0.0854712 -0.155035 0.177034
15.7 -0.0761841 -0.160196 0.177388
15.71 -0.0665839 -0.1648 0.177743
15.72 -0.0567036 -0.16883 0.178098
15.73 -0.0465779 -0.172268 0.178453
15.74 -0.036242 -0.175098 0.17881
15.75 -0.0257324 -0.177308 0.179166
15.76 -0.0150863 -0.178888 0.179523
15.77 -0.00434167 -0.179828 0.17988
15.78 0.00646326 -0.180122 0.180238
15.79 0.0172896 -0.179767 0.180596
15.8 0.0280981 -0.17876 0.180955
15.81 0.0388498 -0.177103 0.181314
15.82 0.0495052 -0.174798 0.181673
15.83 0.0600258 -0.171852 0.182033
15.84 0.0703721 -0.168271 0.182393
15.85 0.0805065 -0.164066 0.182754
15.86 0.0903909 -0.15925 0.183115
15.87 0.0999885 -0.153836 0.183476
15.88 0.109263 -0.147844 0.183837
15.89 0.11818 -0.14129 0.184199
15.9 0.126704 -0.134197 0.184561
15.91 0.134804 -0.126589 0.184923
15.92 0.142447 -0.118489 0.185286
15.93 0.149605 -0.109927 0.185649
15.94 0.156248 -0.100931 0.186012
15.95 0.162351 -0.091531 0.186375
15.96 0.167889 -0.0817602 0.186739
15.97 0.172839 -0.071653 0.187102
15.98 0.17718 -0.0612438 0.187466
15.99 0.180895 -0.0505702 0.18783
16 0.183966 -0.0396691 0.188194
16.01 0.18638 -0.02858 0.188559
16.02 0.188126 -0.0173419 0.188923
16.03 0.189193 -0.00599561 0.189288
16.04 0.189575 0.00541825 0.189652
16.05 0.189268 0.0168578 0.190017
16.06 0.18827 0.028282 0.190382
16.07 0.186581 0.0396484 0.190747
16.08 0.184205 0.0509157 0.191112
16.09 0.181147 0.0620418 0.191477
16.1 0.177416 0.0729859 0.191842
16.11 0.173023 0.0837067 0.192207
16.12 0.16798 0.0941644 0.192573
16.13 0.162304 0.104319 0.192938
16.14 0.156012 0.114133 0.193303
16.15 0.149125 0.123568 0.193668
16.16 0.141666 0.132588 0.194033
16.17 0.133659 0.141159 0.194399
16.18 0.125133 0.149247 0.194764
16.19 0.116115 0.15682 0.195129
16.2 0.106637 0.163849 0.195494
16.21 0.0967312 0.170305 0.195859
16.22 0.0864332 0.176162 0.196224
16.23 0.0757785 0.181396 0.196588
16.24 0.0648051 0.185986 0.196953
16.25 0.0535517 0.189912 0.197318
16.26 0.0420589 0.193156 0.197682
16.27 0.0303677 0.195705 0.198047
16.28 0.0185203 0.197545 0.198411
16.29 0.00655988 0.198667 0.198775
16.3 -0.00547037 0.199064 0.199139
16.31 -0.017526 0.198732 0.199503
16.32 -0.0295633 0.197668 0.199867
16.33 -0.0415372 0.195875 0.200231
16.34 -0.0534039 0.193355 0.200594
16.35 -0.0651188 0.190114 0.200958
16.36 -0.0766384 0.186163 0.201321
16.37 -0.0879192 0.181512 0.201684
16.38 -0.098919 0.176176 0.202047
16.39 -0.109596 0.170172 0.20241
16.4 -0.119909 0.163519 0.202772
16.41 -0.129819 0.15624 0.203135
16.42 -0.139288 0.148358 0.203497
16.43 -0.148278 0.1399 0.203859
16.44 -0.156756 0.130896 0.204221
16.45 -0.164687 0.121377 0.204583
16.46 -0.172041 0.111375 0.204945
16.47 -0.178786 0.100926 0.205306
16.48 -0.184898 0.0900663 0.205667
16.49 -0.190349 0.0788346 0.206028
16.5 -0.195118 0.0672715 0.206389
16.51 -0.199184 0.0554179 0.20675
16.52 -0.20253 0.043317 0.20711
16.53 -0.20514 0.0310121 0.207471
16.54 -0.207001 0.0185486 0.207831
16.55 -0.208105 0.00597135 0.208191
16.56 -0.208444 -0.00667276 0.20855
16.57 -0.208013 -0.0193378 0.20891
16.58 -0.206812 -0.0319765 0.209269
16.59 -0.204842 -0.0445422 0.209628
16.6 -0.202106 -0.0569876 0.209987
16.61 -0.198614 -0.0692666 0.210346
16.62 -0.194374 -0.0813327 0.210704
16.63 -0.1894 -0.0931404 0.211063
16.64 -0.183707 -0.104645 0.211421
16.65 -0.177313 -0.115802 0.211779
16.66 -0.17024 -0.12657 0.212136
16.67 -0.162512 -0.136907 0.212493
16.68 -0.154154 -0.146772 0.212851
16.69 -0.145195 -0.156128 0.213208
16.7 -0.135667 -0.164937 0.213564
16.71 -0.125602 -0.173165 0.213921
16.72 -0.115037 -0.180779 0.214277
16.73 -0.104008 -0.187748 0.214633
16.74 -0.092555 -0.194045 0.214988
16.75 -0.0807189 -0.199643 0.215344
16.76 -0.0685422 -0.204519 0.215699
16.77 -0.0560691 -0.208651 0.216053
16.78 -0.0433451 -0.212023 0.216408
16.79 -0.0304164 -0.214617 0.216762
16.8 -0.0173307 -0.216423 0.217116
16.81 -0.00413595 -0.21743 0.21747
16.82 0.00911864 -0.217632 0.217823
16.83 0.0223844 -0.217024 0.218176
16.84 0.0356114 -0.215607 0.218528
16.85 0.0487505 -0.213382 0.218881
16.86 0.0617519 -0.210356 0.219232
16.87 0.0745672 -0.206535 0.219584
16.88 0.0871469 -0.201933 0.219935
16.89 0.0994443 -0.196562 0.220286
16.9 0.111411 -0.190441 0.220636
16.91 0.123003 -0.183589 0.220986
16.92 0.134174 -0.17603 0.221335
16.93 0.144881 -0.16779 0.221684
16.94 0.155083 -0.158896 0.222033
16.95 0.16474 -0.14938 0.222381
16.96 0.173812 -0.139274 0.222729
16.97 0.182266 -0.128616 0.223076
16.98 0.190066 -0.117443 0.223423
16.99 0.19718 -0.105795 0.223769
17 0.203581 -0.0937131 0.224115
17.01 0.209242 -0.0812424 0.22446
17.02 0.214138 -0.0684276 0.224805
17.03 0.218248 -0.055316 0.225149
17.04 0.221555 -0.0419552 0.225493
17.05 0.224044 -0.0283951 0.225836
17.06 0.225701 -0.0146854 0.226179
17.07 0.226519 -0.000877438 0.226521
17.08 0.226491 0.0129775 0.226862
17.09 0.225613 0.0268274 0.227203
17.1 0.223888 0.0406202 0.227543
17.11 0.221318 0.0543039 0.227883
17.12 0.21791 0.0678265 0.228222
17.13 0.213674 0.0811369 0.22856
17.14 0.208623 0.094184 0.228898
17.15 0.202774 0.106918 0.229235
17.16 0.196146 0.11929 0.229572
17.17 0.18876 0.131251 0.229907
17.18 0.180644 0.142757 0.230243
17.19 0.171823 0.153761 0.230577
17.2 0.162331 0.164221 0.230911
17.21 0.152199 0.174095 0.231244
17.22 0.141465 0.183344 0.231576
17.23 0.130166 0.191932 0.231907
17.24 0.118344 0.199823 0.232238
17.25 0.106042 0.206986 0.232568
17.26 0.0933034 0.21339 0.232897
17.27 0.0801763 0.219011 0.233226
17.28 0.0667083 0.223824 0.233553
17.29 0.0529498 0.227807 0.23388
17.3 0.0389512 0.230944 0.234206
17.31 0.0247653 0.23322 0.234531
17.32 0.0104445 0.234623 0.234856
17.33 -0.00395677 0.235146 0.235179
17.34 -0.0183849 0.234783 0.235502
17.35 -0.0327848 0.233534 0.235824
17.36 -0.0471026 0.231399 0.236145
17.37 -0.0612828 0.228386 0.236465
17.38 -0.0752725 0.224501 0.236784
17.39 -0.089017 0.219758 0.237102
17.4 -0.102464 0.214171 0.23742
17.41 -0.115562 0.20776 0.237736
17.42 -0.128259 0.200545 0.238052
17.43 -0.140507 0.192552 0.238367
17.44 -0.152258 0.18381 0.238681
17.45 -0.163465 0.174348 0.238993
17.46 -0.174085 0.1642 0.239306
17.47 -0.184074 0.153403 0.239616
17.48 -0.193395 0.141997 0.239927
17.49 -0.202009 0.130022 0.240236
17.5 -0.20988 0.117523 0.240544
17.51 -0.216979 0.104544 0.240851
17.52 -0.223274 0.0911353 0.241157
17.53 -0.22874 0.077345 0.241463
17.54 -0.233353 0.0632254 0.241767
17.55 -0.237095 0.0488285 0.24207
17.56 -0.239946 0.0342087 0.242372
17.57 -0.241896 0.0194209 0.242674
17.58 -0.242932 0.00452079 0.242974
17.59 -0.24305 -0.0104351 0.243274
17.6 -0.242245 -0.0253901 0.243572
17.61 -0.240519 -0.0402871 0.24387
17.62 -0.237875 -0.0550694 0.244166
17.63 -0.234321 -0.0696801 0.244461
17.64 -0.229867 -0.0840634 0.244756
17.65 -0.224529 -0.0981634 0.245049
17.66 -0.218323 -0.111926 0.245342
17.67 -0.211273 -0.125298 0.245633
17.68 -0.203401 -0.138226 0.245923
17.69 -0.194736 -0.150661 0.246213
17.7 -0.185309 -0.162553 0.246501
17.71 -0.175153 -0.173856 0.246788
17.72 -0.164306 -0.184525 0.247075
17.73 -0.152806 -0.194517 0.24736
17.74 -0.140697 -0.203793 0.247644
17.75 -0.128023 -0.212315 0.247927
17.76 -0.11483 -0.220049 0.248209
17.77 -0.101169 -0.226963 0.24849
17.78 -0.0870887 -0.233028 0.24877
17.79 -0.0726431 -0.238219 0.249049
17.8 -0.0578866 -0.242514 0.249326
17.81 -0.0428742 -0.245893 0.249603
17.82 -0.0276635 -0.248343 0.249879
17.83 -0.0123114 -0.24985 0.250153
17.84 0.00312307 -0.250408 0.250427
17.85 0.0185816 -0.25001 0.250699
17.86 0.0340042 -0.248656 0.250971
17.87 0.0493327 -0.24635 0.251241
17.88 0.0645073 -0.243097 0.25151
17.89 0.0794698 -0.238908 0.251778
17.9 0.0941623 -0.233795 0.252045
17.91 0.108528 -0.227778 0.252311
17.92 0.12251 -0.220875 0.252576
17.93 0.136055 -0.213112 0.252839
17.94 0.149109 -0.204516 0.253102
17.95 0.161621 -0.195119 0.253363
17.96 0.173542 -0.184954 0.253623
17.97 0.184824 -0.174059 0.253882
17.98 0.195422 -0.162472 0.25414
17.99 0.205294 -0.150239 0.254396
18 0.214401 -0.137403 0.254652
18.01 0.222706 -0.124013 0.254906
18.02 0.230174 -0.110119 0.255159
18.03 0.236774 -0.0957739 0.255411
18.04 0.242481 -0.0810308 0.255662
18.05 0.247268 -0.0659456 0.255911
18.06 0.251116 -0.0505762 0.256159
18.07 0.254008 -0.0349806 0.256406
18.08 0.255931 -0.0192187 0.256652
18.09 0.256874 -0.00335056 0.256896
18.1 0.256832 0.0125625 0.257139
18.11 0.255802 0.0284597 0.257381
18.12 0.253788 0.0442792 0.257621
18.13 0.250792 0.0599604 0.257861
18.14 0.246827 0.0754416 0.258098
18.15 0.241903 0.0906636 0.258335
18.16 0.236039 0.105566 0.25857
18.17 0.229255 0.120092 0.258804
18.18 0.221574 0.134183 0.259037
18.19 0.213026 0.147784 0.259268
18.2 0.203639 0.160842 0.259498
18.21 0.193451 0.173305 0.259727
18.22 0.182497 0.185124 0.259954
18.23 0.170819 0.196251 0.26018
18.24 0.15846 0.206641 0.260404
18.25 0.145467 0.216254 0.260627
18.26 0.131888 0.22505 0.260848
18.27 0.117775 0.232993 0.261069
18.28 0.103182 0.240051 0.261287
18.29 0.0881639 0.246194 0.261504
18.3 0.0727779 0.251398 0.26172
18.31 0.0570836 0.255638 0.261934
18.32 0.0411404 0.258899 0.262147
18.33 0.0250104 0.261163 0.262358
18.34 0.0087553 0.262422 0.262568
18.35 -0.00756164 0.262667 0.262776
18.36 -0.0238776 0.261897 0.262983
18.37 -0.0401289 0.26011 0.263188
18.38 -0.0562522 0.257314 0.263391
18.39 -0.0721849 0.253516 0.263593
18.4 -0.0878644 0.24873 0.263793
18.41 -0.103229 0.242972 0.263992
18.42 -0.118219 0.236262 0.264189
18.43 -0.132775 0.228626 0.264384
18.44 -0.146839 0.22009 0.264578
18.45 -0.160356 0.210687 0.26477
18.46 -0.173272 0.200451 0.26496
18.47 -0.185536 0.18942 0.265149
18.48 -0.197099 0.177638 0.265335
18.49 -0.207913 0.165146 0.265521
18.5 -0.217937 0.151994 0.265704
18.51 -0.227128 0.138232 0.265886
18.52 -0.23545 0.123911 0.266066
18.53 -0.24287 0.109088 0.266244
18.54 -0.249355 0.093818 0.26642
18.55 -0.25488 0.0781611 0.266595
18.56 -0.259421 0.0621772 0.266768
18.57 -0.262958 0.0459286 0.266939
18.58 -0.265476 0.029478 0.267108
18.59 -0.266964 0.01289 0.267275
18.6 -0.267414 -0.00377165 0.267441
18.61 -0.266823 -0.020441 0.267604
18.62 -0.26519 -0.0370536 0.267766
18.63 -0.262521 -0.0535435 0.267926
18.64 -0.258825 -0.069847 0.268084
18.65 -0.254115 -0.0858988 0.26824
18.66 -0.248406 -0.101637 0.268395
18.67 -0.241721 -0.116997 0.268547
18.68 -0.234084 -0.131921 0.268698
18.69 -0.225522 -0.146348 0.268846
18.7 -0.21607 -0.160221 0.268993
18.71 -0.205761 -0.173486 0.269137
18.72 -0.194636 -0.186088 0.26928
18.73 -0.182737 -0.197977 0.269421
18.74 -0.170109 -0.209106 0.26956
18.75 -0.156801 -0.219431 0.269697
18.76 -0.142865 -0.228908 0.269832
18.77 -0.128354 -0.237501 0.269965
18.78 -0.113324 -0.245173 0.270096
18.79 -0.0978334 -0.251894 0.270226
18.8 -0.0819433 -0.257635 0.270353
18.81 -0.065715 -0.262374 0.270478
18.82 -0.0492122 -0.266089 0.270601
18.83 -0.0324993 -0.268765 0.270723
18.84 -0.0156418 -0.27039 0.270842
18.85 0.00129384 -0.270956 0.270959
18.86 0.0182416 -0.27046 0.271074
18.87 0.035134 -0.268902 0.271187
18.88 0.051905 -0.266287 0.271299
18.89 0.0684881 -0.262624 0.271408
18.9 0.0848178 -0.257927 0.271515
18.91 0.100829 -0.252212 0.27162
18.92 0.116459 -0.245501 0.271723
18.93 0.131645 -0.237819 0.271824
18.94 0.146327 -0.229196 0.271923
18.95 0.160445 -0.219664 0.27202
18.96 0.173945 -0.209259 0.272115
18.97 0.186772 -0.198023 0.272207
18.98 0.198874 -0.185999 0.272298
18.99 0.210202 -0.173232 0.272386
19 0.220712 -0.159774 0.272473
19.01 0.23036 -0.145676 0.272557
19.02 0.239109 -0.130994 0.272639
19.03 0.246921 -0.115784 0.272719
19.04 0.253766 -0.100107 0.272797
19.05 0.259614 -0.0840243 0.272873
19.06 0.264443 -0.0675991 0.272947
19.07 0.268232 -0.0508959 0.273018
19.08 0.270965 -0.0339812 0.273087
19.09 0.27263 -0.0169212 0.273154
19.1 0.273219 0.000216084 0.273219
19.11 0.272729 0.0173631 0.273282
19.12 0.271162 0.0344516 0.273342
19.13 0.268522 0.051414 0.2734
19.14 0.264819 0.0681825 0.273455
19.15 0.260067 0.0846904 0.273509
19.16 0.254283 0.100872 0.27356
19.17 0.247491 0.116663 0.273609
19.18 0.239715 0.132 0.273655
19.19 0.230987 0.146822 0.273699
19.2 0.221339 0.161069 0.273741
19.21 0.210811 0.174684 0.27378
19.22 0.199443 0.187613 0.273817
19.23 0.187279 0.199803 0.273852
19.24 0.174368 0.211206 0.273884
19.25 0.160761 0.221776 0.273913
19.26 0.146511 0.231469 0.273941
19.27 0.131675 0.240247 0.273965
19.28 0.116311 0.248074 0.273988
19.29 0.100481 0.254918 0.274007
19.3 0.0842474 0.260752 0.274024
19.31 0.0676742 0.265551 0.274038
19.32 0.0508285 0.269295 0.27405
19.33 0.0337763 0.27197 0.274059
19.34 0.0165867 0.273564 0.274066
19.35 -0.000672704 0.274069 0.27407
19.36 -0.0179319 0.273484 0.274071
19.37 -0.0351226 0.27181 0.27407
19.38 -0.0521755 0.269053 0.274066
19.39 -0.0690226 0.265224 0.274059
19.4 -0.0855959 0.260338 0.274049
19.41 -0.10183 0.254415 0.274037
19.42 -0.117658 0.247476 0.274021
19.43 -0.133017 0.23955 0.274003
19.44 -0.147846 0.230668 0.273982
19.45 -0.162085 0.220866 0.273958
19.46 -0.175676 0.210182 0.273931
19.47 -0.188564 0.19866 0.273902
19.48 -0.200699 0.186345 0.273869
19.49 -0.21203 0.173286 0.273834
19.5 -0.222513 0.159537 0.273795
19.51 -0.232104 0.145151 0.273754
19.52 -0.240766 0.130188 0.273709
19.53 -0.248462 0.114706 0.273662
19.54 -0.255163 0.0987684 0.273611
19.55 -0.26084 0.0824392 0.273558
19.56 -0.265472 0.0657839 0.273501
19.57 -0.269039 0.04887 0.273441
19.58 -0.271527 0.0317653 0.273379
19.59 -0.272925 0.0145386 0.273312
19.6 -0.27323 -0.00274008 0.273243
19.61 -0.272438 -0.0200017 0.273171
19.62 -0.270554 -0.037176 0.273096
19.63 -0.267584 -0.0541943 0.273017
19.64 -0.263542 -0.0709872 0.272935
19.65 -0.258444 -0.0874876 0.27285
19.66 -0.25231 -0.103628 0.272762
19.67 -0.245166 -0.119345 0.272671
19.68 -0.23704 -0.134572 0.272576
19.69 -0.227965 -0.149251 0.272478
19.7 -0.21798 -0.163321 0.272376
19.71 -0.207123 -0.176725 0.272272
19.72 -0.195441 -0.18941 0.272164
19.73 -0.182979 -0.201324 0.272053
19.74 -0.169789 -0.212419 0.271938
19.75 -0.155925 -0.222651 0.27182
19.76 -0.141443 -0.231979 0.271699
19.77 -0.126402 -0.240364 0.271574
19.78 -0.110863 -0.247775 0.271446
19.79 -0.0948899 -0.25418 0.271314
19.8 -0.0785472 -0.259555 0.27118
19.81 -0.0619021 -0.263878 0.271041
19.82 -0.0450217 -0.267132 0.2709
19.83 -0.0279752 -0.269305 0.270754
19.84 -0.0108317 -0.270389 0.270606
19.85 0.00633899 -0.270379 0.270453
19.86 0.0234669 -0.269277 0.270298
19.87 0.0404826 -0.267088 0.270138
19.88 0.0573169 -0.263821 0.269976
19.89 0.0739013 -0.259491 0.269809
19.9 0.0901685 -0.254117 0.26964
19.91 0.106053 -0.247719 0.269466
19.92 0.121489 -0.240327 0.26929
19.93 0.136416 -0.231971 0.269109
19.94 0.150771 -0.222685 0.268925
19.95 0.164499 -0.212509 0.268737
19.96 0.177542 -0.201484 0.268546
19.97 0.189849 -0.189657 0.268351
19.98 0.20137 -0.177076 0.268153
19.99 0.212059 -0.163794 0.267951
20 0.221872 -0.149866 0.267745
20.01 0.230772 -0.135349 0.267535
20.02 0.238722 -0.120304 0.267322
20.03 0.245691 -0.104792 0.267105
20.04 0.251651 -0.0888771 0.266884
20.05 0.25658 -0.0726257 0.26666
20.06 0.260458 -0.0561038 0.266432
20.07 0.263271 -0.0393803 0.2662
20.08 0.265009 -0.022523 0.265965
20.09 0.265666 -0.00560215 0.265725
20.1 0.265241 0.0113138 0.265482
20.11 0.263736 0.0281546 0.265235
20.12 0.261161 0.044852 0.264984
20.13 0.257525 0.0613372 0.264729
20.14 0.252847 0.0775431 0.264471
20.15 0.247147 0.0934034 0.264208
20.16 0.24045 0.108854 0.263942
20.17 0.232784 0.123831 0.263671
20.18 0.224184 0.138274 0.263397
20.19 0.214685 0.152125 0.263119
20.2 0.204328 0.165328 0.262837
20.21 0.193158 0.177829 0.262551
20.22 0.181221 0.189577 0.262261
20.23 0.168569 0.200527 0.261967
20.24 0.155254 0.210634 0.261669
20.25 0.141332 0.219858 0.261367
20.26 0.126863 0.228163 0.26106
20.27 0.111906 0.235516 0.26075
20.28 0.0965243 0.241887 0.260435
20.29 0.0807827 0.247255 0.260117
20.3 0.0647463 0.251596 0.259794
20.31 0.0484823 0.254897 0.259467
20.32 0.032058 0.257145 0.259136
20.33 0.0155421 0.258334 0.258801
20.34 -0.00099736 0.258459 0.258461
20.35 -0.0174914 0.257524 0.258117
20.36 -0.0338724 0.255534 0.257769
20.37 -0.0500721 0.2525 0.257417
20.38 -0.0660245 0.248437 0.257061
20.39 -0.0816633 0.243364 0.2567
20.4 -0.0969252 0.237304 0.256335
20.41 -0.111747 0.230284 0.255965
20.42 -0.126069 0.222337 0.255591
20.43 -0.139832 0.213497 0.255213
20.44 -0.15298 0.203803 0.25483
20.45 -0.165462 0.193297 0.254443
20.46 -0.177225 0.182027 0.254052
20.47 -0.188224 0.170039 0.253656
20.48 -0.198415 0.157386 0.253256
20.49 -0.207756 0.144122 0.252851
20.5 -0.216212 0.130304 0.252442
20.51 -0.22375 0.115991 0.252028
20.52 -0.230341 0.101245 0.25161
20.53 -0.23596 0.0861276 0.251187
20.54 -0.240586 0.0707033 0.25076
20.55 -0.244203 0.0550368 0.250328
20.56 -0.246799 0.0391949 0.249892
20.57 -0.248366 0.0232439 0.249451
20.58 -0.2489 0.00725079 0.249005
20.59 -0.248403 -0.00871725 0.248556
20.6 -0.246879 -0.0245939 0.248101
20.61 -0.244339 -0.0403126 0.247642
20.62 -0.240795 -0.0558086 0.247178
20.63 -0.236267 -0.0710171 0.24671
20.64 -0.230776 -0.0858762 0.246237
20.65 -0.224349 -0.100324 0.245759
20.66 -0.217016 -0.114302 0.245277
20.67 -0.20881 -0.127752 0.24479
20.68 -0.199768 -0.140621 0.244298
20.69 -0.189933 -0.152856 0.243802
20.7 -0.179347 -0.164409 0.243302
20.71 -0.168059 -0.175232 0.242796
20.72 -0.156117 -0.185284 0.242286
20.73 -0.143575 -0.194524 0.241772
20.74 -0.130487 -0.202918 0.241253
20.75 -0.116911 -0.210433 0.240729
20.76 -0.102906 -0.21704 0.2402
20.77 -0.0885316 -0.222716 0.239667
20.78 -0.0738507 -0.22744 0.239129
20.79 -0.0589257 -0.231196 0.238587
20.8 -0.0438212 -0.233972 0.23804
20.81 -0.0286009 -0.23576 0.237489
20.82 -0.0133301 -0.236557 0.236932
20.83 0.00192721 -0.236364 0.236372
20.84 0.0171061 -0.235185 0.235806
20.85 0.0321431 -0.23303 0.235236
20.86 0.0469752 -0.229912 0.234662
20.87 0.0615408 -0.225848 0.234083
20.88 0.0757791 -0.22086 0.233499
20.89 0.0896315 -0.214973 0.23291
20.9 0.103042 -0.208216 0.232317
20.91 0.115954 -0.200621 0.23172
20.92 0.128316 -0.192225 0.231118
20.93 0.140079 -0.183067 0.230511
20.94 0.151195 -0.173188 0.2299
20.95 0.16162 -0.162635 0.229284
20.96 0.171314 -0.151456 0.228664
20.97 0.180238 -0.139701 0.228039
20.98 0.188359 -0.127422 0.22741
20.99 0.195645 -0.114675 0.226776
21 0.202072 -0.101516 0.226138
21.01 0.207614 -0.0880031 0.225495
21.02 0.212254 -0.0741955 0.224848
21.03 0.215976 -0.0601533 0.224197
21.04 0.21877 -0.0459379 0.223541
21.05 0.220627 -0.0316101 0.22288
21.06 0.221546 -0.0172327 0.222215
21.07 0.221528 -0.00286581 0.221546
21.08 0.220577 0.0114282 0.220872
21.09 0.218703 0.0255894 0.220195
21.1 0.215918 0.0395579 0.219512
21.11 0.212241 0.0532752 0.218826
21.12 0.207692 0.0666839 0.218134
21.13 0.202295 0.0797289 0.217439
21.14 0.196078 0.092356 0.21674
21.15 0.189072 0.104514 0.216036
21.16 0.181313 0.116154 0.215328
21.17 0.172837 0.127228 0.214615
21.18 0.163686 0.137693 0.213899
21.19 0.153903 0.147508 0.213178
21.2 0.143534 0.156635 0.212453
21.21 0.132626 0.165038 0.211724
21.22 0.12123 0.172686 0.210991
21.23 0.109398 0.179551 0.210253
21.24 0.0971835 0.185609 0.209512
21.25 0.0846414 0.190838 0.208766
21.26 0.0718279 0.195222 0.208017
21.27 0.0587997 0.198747 0.207263
21.28 0.0456145 0.201404 0.206505
21.29 0.0323299 0.203187 0.205743
21.3 0.0190041 0.204095 0.204978
21.31 0.00569439 0.204128 0.204208
21.32 -0.00754136 0.203294 0.203434
21.33 -0.0206473 0.201602 0.202656
21.34 -0.0335668 0.199064 0.201875
21.35 -0.0462464 0.195699 0.201089
21.36 -0.058632 0.191526 0.2003
21.37 -0.0706731 0.18657 0.199507
21.38 -0.0823191 0.180856 0.198709
21.39 -0.0935236 0.174417 0.197909
21.4 -0.10424 0.167284 0.197104
21.41 -0.114427 0.159494 0.196296
21.42 -0.124043 0.151086 0.195483
21.43 -0.133052 0.142101 0.194668
21.44 -0.141418 0.132582 0.193848
21.45 -0.14911 0.122575 0.193025
21.46 -0.156101 0.112127 0.192198
21.47 -0.162365 0.101287 0.191367
21.48 -0.167881 0.0901049 0.190533
21.49 -0.17263 0.078633 0.189696
21.5 -0.1766 0.0669226 0.188855
21.51 -0.179777 0.0550275 0.18801
21.52 -0.182155 0.0430006 0.187162
21.53 -0.183731 0.0308957 0.18631
21.54 -0.184504 0.0187662 0.185456
21.55 -0.184477 0.00666528 0.184597
21.56 -0.183658 -0.00535414 0.183736
21.57 -0.182057 -0.0172408 0.182871
21.58 -0.179688 -0.0289431 0.182004
21.59 -0.176567 -0.040412 0.181133
21.6 -0.172715 -0.0515989 0.180258
21.61 -0.168156 -0.0624578 0.179381
21.62 -0.162917 -0.0729434 0.178501
21.63 -0.157025 -0.0830138 0.177618
21.64 -0.150513 -0.0926277 0.176731
21.65 -0.143415 -0.101748 0.175842
21.66 -0.135768 -0.110338 0.17495
21.67 -0.127611 -0.118367 0.174055
21.68 -0.118984 -0.125802 0.173157
21.69 -0.10993 -0.132619 0.172257
21.7 -0.100493 -0.138792 0.171354
21.71 -0.0907189 -0.144301 0.170448
21.72 -0.0806528 -0.149127 0.16954
21.73 -0.0703432 -0.153256 0.168629
21.74 -0.0598373 -0.156678 0.167716
21.75 -0.0491839 -0.159384 0.1668
21.76 -0.0384314 -0.161369 0.165882
21.77 -0.0276286 -0.162631 0.164962
21.78 -0.0168235 -0.163174 0.164039
21.79 -0.0060645 -0.163001 0.163114
21.8 0.00460185 -0.162122 0.162187
21.81 0.0151287 -0.160547 0.161258
21.82 0.0254711 -0.158291 0.160328
21.83 0.0355852 -0.155371 0.159394
21.84 0.0454282 -0.151808 0.15846
21.85 0.0549597 -0.147624 0.157523
21.86 0.0641405 -0.142845 0.156585
21.87 0.072934 -0.137499 0.155645
21.88 0.0813047 -0.131615 0.154703
21.89 0.089221 -0.125227 0.15376
21.9 0.096652 -0.118367 0.152815
21.91 0.103571 -0.111073 0.151869
21.92 0.109951 -0.103382 0.150921
21.93 0.115773 -0.0953327 0.149972
21.94 0.121015 -0.0869654 0.149022
21.95 0.125661 -0.0783213 0.148071
21.96 0.129698 -0.0694422 0.147118
21.97 0.133114 -0.060371 0.146164
21.98 0.135902 -0.0511502 0.14521
21.99 0.138058 -0.0418237 0.144254
22 0.139579 -0.0324336 0.143298
22.01 0.140466 -0.0230239 0.14234
22.02 0.140723 -0.0136362 0.141382
22.03 0.140357 -0.00431333 0.140424
22.04 0.139378 0.00490468 0.139464
22.05 0.137797 0.0139767 0.138504
22.06 0.13563 0.0228644 0.137544
22.07 0.132894 0.0315298 0.136583
22.08 0.129609 0.0399369 0.135622
22.09 0.125796 0.048051 0.134661
22.1 0.12148 0.0558396 0.133699
22.11 0.116687 0.0632714 0.132737
22.12 0.111446 0.070318 0.131776
22.13 0.105785 0.0769526 0.130813
22.14 0.0997369 0.0831505 0.129852
22.15 0.0933334 0.0888903 0.12889
22.16 0.0866093 0.0941513 0.127928
22.17 0.0795989 0.0989174 0.126967
22.18 0.0723383 0.103173 0.126006
22.19 0.0648641 0.106906 0.125045
22.2 0.0572132 0.110107 0.124085
22.21 0.0494232 0.11277 0.123125
22.22 0.0415311 0.11489 0.122166
22.23 0.0335751 0.116464 0.121207
22.24 0.0255917 0.117494 0.120249
22.25 0.0176183 0.117984 0.119292
22.26 0.00969081 0.117938 0.118335
22.27 0.00184526 0.117365 0.11738
22.28 -0.00588427 0.116276 0.116425
22.29 -0.0134634 0.114684 0.115471
22.3 -0.0208605 0.112603 0.114519
22.31 -0.0280435 0.11005 0.113567
22.32 -0.0349836 0.107045 0.112617
22.33 -0.041652 0.103609 0.111668
22.34 -0.0480227 0.0997634 0.11072
22.35 -0.0540708 0.095533 0.109773
22.36 -0.0597738 0.0909437 0.108829
22.37 -0.0651108 0.0860218 0.107885
22.38 -0.0700629 0.0807962 0.106943
22.39 -0.0746139 0.0752953 0.106003
22.4 -0.0787489 0.0695495 0.105064
22.41 -0.0824559 0.0635891 0.104128
22.42 -0.0857247 0.0574456 0.103193
22.43 -0.0885476 0.0511502 0.10226
22.44 -0.0909187 0.0447352 0.101328
22.45 -0.0928352 0.038232 0.100399
22.46 -0.0942952 0.0316725 0.0994723
22.47 -0.0953008 0.0250883 0.0985478
22.48 -0.095854 0.0185102 0.0976249
22.49 -0.0959612 0.0119692 0.0967048
22.5 -0.095629 0.00549472 0.0957867
22.51 -0.0948671 -0.000883664 0.0948713
22.52 -0.0936866 -0.00713835 0.0939581
22.53 -0.0921006 -0.0132417 0.0930477
22.54 -0.0901238 -0.0191685 0.0921398
22.55 -0.0877726 -0.0248936 0.0912344
22.56 -0.0850651 -0.0303942 0.0903321
22.57 -0.0820203 -0.0356484 0.0894324
22.58 -0.0786591 -0.0406363 0.0885356
22.59 -0.0750029 -0.045339 0.0876417
22.6 -0.0710749 -0.0497403 0.086751
22.61 -0.0668983 -0.0538245 0.085863
22.62 -0.0624982 -0.057579 0.0849786
22.63 -0.0578989 -0.0609919 0.0840969
22.64 -0.053127 -0.064054 0.0832189
22.65 -0.0482074 -0.0667576 0.082344
22.66 -0.0431672 -0.0690968 0.0814725
22.67 -0.0380321 -0.0710679 0.0806046
22.68 -0.0328289 -0.0726687 0.07974
22.69 -0.0275831 -0.0738992 0.0788792
22.7 -0.022321 -0.0747607 0.0780217
22.71 -0.0170678 -0.0752572 0.0771683
22.72 -0.0118483 -0.075393 0.0763183
22.73 -0.00668681 -0.0751757 0.0754725
22.74 -0.00160676 -0.0746129 0.0746302
22.75 0.00336936 -0.0737152 0.0737922
22.76 0.00821978 -0.0724933 0.0729578
22.77 0.012924 -0.0709605 0.0721278
22.78 0.0174626 -0.0691301 0.0713016
22.79 0.0218171 -0.0670179 0.0704797
22.8 0.0259711 -0.0646397 0.0696619
22.81 0.0299081 -0.062013 0.0688484
22.82 0.033615 -0.0591557 0.0680394
22.83 0.0370779 -0.0560866 0.0672345
22.84 0.0402863 -0.0528254 0.0664343
22.85 0.0432298 -0.0493919 0.0656382
22.86 0.0459007 -0.0458068 0.064847
22.87 0.0482916 -0.0420905 0.06406
22.88 0.0503977 -0.0382646 0.063278
22.89 0.0522151 -0.0343494 0.0625004
22.9 0.0537417 -0.0303665 0.0617276
22.91 0.0549767 -0.0263366 0.0609595
22.92 0.0559211 -0.0222806 0.0601963
22.93 0.0565769 -0.0182184 0.0594378
22.94 0.0569477 -0.0141706 0.0586843
22.95 0.0570386 -0.0101559 0.0579357
22.96 0.0568555 -0.0061939 0.0571919
22.97 0.0564065 -0.00230199 0.0564534
22.98 0.0556993 0.00150198 0.0557195
22.99 0.0547446 0.00520164 0.0549911
23 0.0535523 0.00878155 0.0542675
23.01 0.0521347 0.0122268 0.0535493
23.02 0.0505039 0.015524 0.052836
23.03 0.0486737 0.0186603 0.052128
23.04 0.0466575 0.0216246 0.0514252
23.05 0.0444705 0.0244062 0.0507276
23.06 0.0421275 0.0269964 0.0500353
23.07 0.0396442 0.0293869 0.0493483
23.08 0.0370364 0.0315712 0.0486666
23.09 0.0343204 0.0335434 0.0479901
23.1 0.0315124 0.0352999 0.0473193
23.11 0.0286286 0.0368368 0.0466535
23.12 0.0256858 0.0381528 0.0459935
23.13 0.0226997 0.0392466 0.0453384
23.14 0.0196869 0.0401193 0.0446893
23.15 0.0166626 0.0407719 0.0440453
23.16 0.0136427 0.0412072 0.0434069
23.17 0.010642 0.041429 0.042774
23.18 0.00767519 0.0414419 0.0421466
23.19 0.00475593 0.0412515 0.0415247
23.2 0.00189813 0.0408642 0.0409083
23.21 -0.000886027 0.0402878 0.0402975
23.22 -0.00358415 0.03953 0.0396922
23.23 -0.00618523 0.0386 0.0390925
23.24 -0.00867859 0.0375072 0.0384982
23.25 -0.011055 0.036262 0.0379097
23.26 -0.0133053 0.0348746 0.0373265
23.27 -0.015422 0.0333567 0.0367492
23.28 -0.0173981 0.031719 0.0361772
23.29 -0.0192274 0.0299742 0.035611
23.3 -0.0209051 0.0281335 0.0350502
23.31 -0.0224266 0.0262097 0.034495
23.32 -0.0237894 0.024215 0.0339455
23.33 -0.0249905 0.0221615 0.0334014
23.34 -0.026029 0.0200617 0.0328631
23.35 -0.0269042 0.0179277 0.0323301
23.36 -0.0276168 0.0157716 0.031803
23.37 -0.0281675 0.0136052 0.0312811
23.38 -0.028559 0.01144 0.0307651
23.39 -0.0287938 0.0092871 0.0302544
23.4 -0.0288757 0.00715742 0.0297495
23.41 -0.0288087 0.00506113 0.0292499
23.42 -0.0285983 0.00300841 0.0287561
23.43 -0.0282497 0.00100803 0.0282677
23.44 -0.0277692 -0.000930476 0.0277848
23.45 -0.0271636 -0.00279983 0.0273076
23.46 -0.0264399 -0.00459152 0.0268356
23.47 -0.0256059 -0.00629945 0.0263694
23.48 -0.0246692 -0.00791686 0.0259084
23.49 -0.0236385 -0.00943836 0.0254531
23.5 -0.0225219 -0.010859 0.0250031
23.51 -0.0213285 -0.0121748 0.0245588
23.52 -0.0200667 -0.0133821 0.0241196
23.53 -0.0187461 -0.0144781 0.0236861
23.54 -0.0173749 -0.0154609 0.0232578
23.55 -0.0159626 -0.0163288 0.022835
23.56 -0.0145179 -0.0170813 0.0224174
23.57 -0.0130498 -0.0177183 0.0220054
23.58 -0.0115665 -0.0182404 0.0215985
23.59 -0.010077 -0.0186484 0.0211969
23.6 -0.00858911 -0.0189447 0.0208008
23.61 -0.00711085 -0.0191308 0.0204096
23.62 -0.00564986 -0.0192105 0.020024
23.63 -0.00421323 -0.0191861 0.0196433
23.64 -0.00280821 -0.0190622 0.019268
23.65 -0.00144073 -0.0188427 0.0188977
23.66 -0.00011737 -0.0185322 0.0185326
23.67 0.00115668 -0.0181357 0.0181725
23.68 0.00237601 -0.0176585 0.0178177
23.69 0.00353636 -0.017106 0.0174678
23.7 0.00463309 -0.0164841 0.0171228
23.71 0.00566302 -0.0157987 0.016783
23.72 0.00662266 -0.0150558 0.016448
23.73 0.00750964 -0.0142618 0.0161181
23.74 0.00832144 -0.0134226 0.0157928
23.75 0.00905692 -0.012545 0.0154727
23.76 0.00971448 -0.0116347 0.0151571
23.77 0.0102937 -0.0106986 0.0148466
23.78 0.0107944 -0.00974221 0.0145406
23.79 0.0112166 -0.0087722 0.0142395
23.8 0.0115613 -0.00779392 0.0139431
23.81 0.0118292 -0.00681344 0.0136511
23.82 0.0120223 -0.00583622 0.013364
23.83 0.0121421 -0.00486754 0.0130814
23.84 0.0121909 -0.0039124 0.0128033
23.85 0.0121712 -0.00297582 0.0125297
23.86 0.0120861 -0.00206202 0.0122608
23.87 0.0119383 -0.00117534 0.011996
23.88 0.0117314 -0.000319707 0.0117358
23.89 0.0114688 0.000501428 0.0114798
23.9 0.0111545 0.00128475 0.0112283
23.91 0.010792 0.00202748 0.0109808
23.92 0.0103857 0.00272684 0.0107377
23.93 0.00993944 0.00338112 0.0104988
23.94 0.00945759 0.00398786 0.010264
23.95 0.00894426 0.00454626 0.0100334
23.96 0.00840364 0.00505459 0.00980663
23.97 0.00784022 0.00551245 0.00958416
23.98 0.00725776 0.00591917 0.00936546
23.99 0.00666078 0.00627463 0.00915079
24 0.00605314 0.00657891 0.00893995
24.01 0.00543885 0.0068327 0.00873309
24.02 0.00482159 0.00703632 0.0085298
24.03 0.00420536 0.00719112 0.0083305
24.04 0.00359327 0.00729818 0.0081348
24.05 0.00298906 0.00735893 0.00794282
24.06 0.00239551 0.0073751 0.00775439
24.07 0.00181607 0.00734854 0.00756962
24.08 0.00125294 0.00728138 0.00738839
24.09 0.000709191 0.00717551 0.00721047
24.1 0.000186748 0.00703382 0.0070363
24.11 -0.000312042 0.00685812 0.00686521
24.12 -0.000785405 0.00665154 0.00669775
24.13 -0.00123184 0.00641622 0.0065334
24.14 -0.00164958 0.00615517 0.00637238
24.15 -0.00203786 0.00587093 0.00621456
24.16 -0.00239549 0.00556635 0.00605992
24.17 -0.00272179 0.005244 0.00590828
24.18 -0.00301625 0.00490698 0.00575988
24.19 -0.00327878 0.00455758 0.00561444
24.2 -0.00350896 0.00419871 0.00547193
24.21 -0.00370732 0.00383295 0.00533252
24.22 -0.0038738 0.00346274 0.00519585
24.23 -0.0040093 0.00309055 0.00506221
24.24 -0.00411401 0.00271869 0.00493117
24.25 -0.00418925 0.0023496 0.00480317
24.26 -0.00423559 0.00198496 0.00467763
24.27 -0.00425441 0.00162731 0.00455501
24.28 -0.0042468 0.00127798 0.00443492
24.29 -0.00421403 0.000939116 0.00431741
24.3 -0.00415783 0.000611951 0.00420262
24.31 -0.00407929 0.000298114 0.00409017
24.32 -0.00398028 -1.19412e-06 0.00398028
24.33 -0.00386238 -0.000284762 0.00387286
24.34 -0.0037272 -0.000551842 0.00376783
24.35 -0.00357641 -0.000801253 0.00366507
24.36 -0.00341197 -0.00103264 0.00356482
24.37 -0.00323524 -0.00124538 0.00346667
24.38 -0.00304833 -0.00143905 0.00337093
24.39 -0.00285253 -0.00161345 0.00327722
24.4 -0.00264995 -0.00176847 0.00318586
24.41 -0.00244178 -0.00190422 0.00309651
24.42 -0.00223 -0.00202054 0.00300924
24.43 -0.00201589 -0.00211816 0.0029241
24.44 -0.00180105 -0.00219697 0.00284086
24.45 -0.00158694 -0.00225787 0.00275977
24.46 -0.00137464 -0.0023011 0.00268043
24.47 -0.0011658 -0.00232754 0.00260317
24.48 -0.000961229 -0.00233783 0.00252773
24.49 -0.000762135 -0.00233278 0.00245412
24.5 -0.000569592 -0.00231317 0.00238226
24.51 -0.000384405 -0.00228016 0.00231234
24.52 -0.000207277 -0.00223442 0.00224401
24.53 -3.91952e-05 -0.00217709 0.00217744
24.54 0.000119602 -0.00210922 0.00211261
24.55 0.000268253 -0.00203176 0.00204939
24.56 0.000406679 -0.00194575 0.00198779
24.57 0.000534219 -0.00185221 0.00192771
24.58 0.000650945 -0.00175234 0.00186934
24.59 0.000756454 -0.00164685 0.00181227
24.6 0.000850837 -0.0015371 0.00175687
24.61 0.000934072 -0.00142377 0.00170282
24.62 0.00100612 -0.00130807 0.00165025
24.63 0.00106742 -0.00119069 0.0015991
24.64 0.00111792 -0.00107263 0.00154928
24.65 0.00115799 -0.000954699 0.0015008
24.66 0.00118812 -0.000837699 0.00145374
24.67 0.00120847 -0.00072218 0.00140781
24.68 0.00121952 -0.000609158 0.0013632
24.69 0.00122196 -0.000498974 0.00131991
24.7 0.0012159 -0.000392302 0.00127762
24.71 0.0012023 -0.000289666 0.00123671
24.72 0.00118135 -0.000191532 0.00119678
24.73 0.00115394 -9.82571e-05 0.00115812
24.74 0.00112037 -1.01151e-05 0.00112042
24.75 0.00108149 7.23512e-05 0.0010839
24.76 0.00103769 0.000149243 0.00104837
24.77 0.000989673 0.000220087 0.00101385
24.78 0.000938082 0.000285007 0.000980422
24.79 0.000883304 0.000343703 0.000947817
24.8 0.000826153 0.000396337 0.000916303
24.81 0.000767039 0.000442866 0.000885708
24.82 0.000706417 0.000483341 0.000855946
24.83 0.000645 0.000517761 0.000827104
24.84 0.000583146 0.000546526 0.000799218
24.85 0.000521192 0.000569486 0.000771982
24.86 0.000459937 0.000587012 0.000745738
24.87 0.000399339 0.000599319 0.000720177
24.88 0.00034015 0.000606651 0.000695505
24.89 0.000282426 0.000609243 0.000671521
24.9 0.000226689 0.000607357 0.000648283
24.91 0.00017301 0.000601468 0.000625857
24.92 0.000121795 0.000591596 0.000604003
24.93 7.31586e-05 0.000578329 0.000582937
24.94 2.72592e-05 0.000561776 0.000562437
24.95 -1.56076e-05 0.000542477 0.000542702
24.96 -5.55461e-05 0.000520559 0.000523514
24.97 -9.23034e-05 0.000496442 0.000504951
24.98 -0.000125821 0.000470456 0.000486991
24.99 -0.000156235 0.000442913 0.000469661
25 -0.00018337 0.000413952 0.000452748
25.01 -0.000207206 0.000384146 0.000436466
25.02 -0.000228079 0.000353577 0.000420758
25.03 -0.000245605 0.000322571 0.000405431
25.04 -0.000260267 0.000291407 0.000390714
25.05 -0.000271903 0.00026033 0.000376434
25.06 -0.000280781 0.000229572 0.000362686
25.07 -0.000286915 0.000199194 0.000349283
25.08 -0.000290539 0.000169647 0.000336442
25.09 -0.000291743 0.000140841 0.00032396
25.1 -0.000290645 0.000113129 0.000311885
25.11 -0.00028754 8.64844e-05 0.000300264
25.12 -0.000282395 6.12013e-05 0.00028895
25.13 -0.000275566 3.7277e-05 0.000278075
25.14 -0.000267178 1.4763e-05 0.000267586
25.15 -0.000257292 -6.19062e-06 0.000257366
25.16 -0.000246265 -2.54946e-05 0.000247581
25.17 -0.000234199 -4.33095e-05 0.00023817
25.18 -0.000221076 -5.93892e-05 0.000228914
25.19 -0.000207437 -7.38257e-05 0.000220183
25.2 -0.000193051 -8.66263e-05 0.000211596
25.21 -0.000178318 -9.78132e-05 0.000203383
25.22 -0.00016329 -0.000107412 0.000195451
25.23 -0.000148135 -0.000115378 0.000187766
25.24 -0.000132944 -0.000121972 0.00018042
25.25 -0.00011786 -0.000127007 0.000173268
25.26 -0.000103017 -0.000130703 0.00016642
25.27 -8.84272e-05 -0.000133024 0.000159734
25.28 -7.43204e-05 -0.000134165 0.000153374
25.29 -6.06613e-05 -0.00013411 0.000147191
25.3 -4.75694e-05 -0.000132942 0.000141196
25.31 -3.51968e-05 -0.000130854 0.000135505
25.32 -2.34128e-05 -0.000127903 0.000130028
25.33 -1.23814e-05 -0.000124035 0.000124652
25.34 -2.22821e-06 -0.00011958 0.0001196
25.35 7.3464e-06 -0.000114459 0.000114695
25.36 1.59242e-05 -0.00010881 0.000109969
25.37 2.37587e-05 -0.000102713 0.000105425
25.38 3.07725e-05 -9.627e-05 0.000101069
25.39 3.69402e-05 -8.96118e-05 9.69271e-05
25.4 4.22964e-05 -8.26431e-05 9.28379e-05
25.41 4.68831e-05 -7.56509e-05 8.90005e-05
25.42 5.07111e-05 -6.85597e-05 8.52762e-05
25.43 5.3775e-05 -6.14971e-05 8.16924e-05
25.44 5.61759e-05 -5.44544e-05 7.8237e-05
25.45 5.78667e-05 -4.75885e-05 7.49214e-05
25.46 5.89248e-05 -4.09167e-05 7.17377e-05
25.47 5.94419e-05 -3.44113e-05 6.86839e-05
25.48 5.93264e-05 -2.81707e-05 6.5675e-05
25.49 5.87536e-05 -2.23149e-05 6.28486e-05
25.5 5.78111e-05 -1.66358e-05 6.01571e-05
25.51 5.62557e-05 -1.13701e-05 5.73933e-05
25.52 5.45382e-05 -6.44654e-06 5.49179e-05
25.53 5.2385e-05 -1.89603e-06 5.24193e-05
25.54 4.99319e-05 2.26958e-06 4.99835e-05
25.55 4.72973e-05 6.08793e-06 4.76875e-05
25.56 4.444e-05 9.40921e-06 4.54252e-05
25.57 4.14327e-05 1.24494e-05 4.32626e-05
25.58 3.83211e-05 1.50644e-05 4.11758e-05
25.59 3.51574e-05 1.73155e-05 3.91901e-05
25.6 3.19147e-05 1.91766e-05 3.7233e-05
25.61 2.8699e-05 2.07434e-05 3.54107e-05
25.62 2.548e-05 2.19693e-05 3.36434e-05
25.63 2.22874e-05 2.28429e-05 3.19144e-05
25.64 1.92307e-05 2.3465e-05 3.03385e-05
25.65 1.62235e-05 2.38845e-05 2.88734e-05
25.66 1.32871e-05 2.39467e-05 2.73859e-05
25.67 1.0639e-05 2.38809e-05 2.61436e-05
25.68 7.93019e-06 2.35883e-05 2.48857e-05
25.69 5.47975e-06 2.31096e-05 2.37504e-05
25.7 3.20623e-06 2.24724e-05 2.26999e-05
25.71 1.00539e-06 2.16653e-05 2.16886e-05
25.72 -9.47503e-07 2.08405e-05 2.08621e-05
25.73 -2.73804e-06 1.9817e-05 2.00053e-05
25.74 -4.35725e-06 1.87828e-05 1.92816e-05
25.75 -5.80941e-06 1.76975e-05 1.86267e-05
25.76 -7.06764e-06 1.65808e-05 1.80242e-05
25.77 -8.19163e-06 1.54017e-05 1.74446e-05
25.78 -9.13075e-06 1.42387e-05 1.69148e-05
25.79 -9.90239e-06 1.31179e-05 1.64358e-05
25.8 -1.05484e-05 1.19652e-05 1.5951e-05
25.81 -1.09908e-05 1.08243e-05 1.5426e-05
25.82 -1.1271e-05 9.82107e-06 1.49496e-05
25.83 -1.15302e-05 8.75658e-06 1.44783e-05
25.84 -1.14852e-05 7.78621e-06 1.38757e-05
25.85 -1.14424e-05 6.87093e-06 1.33469e-05
25.86 -1.13019e-05 6.0152e-06 1.2803e-05
25.87 -1.0935e-05 5.25337e-06 1.21315e-05
25.88 -1.05823e-05 4.48096e-06 1.14919e-05
25.89 -1.00863e-05 3.89822e-06 1.08134e-05
25.9 -9.50484e-06 3.31008e-06 1.00647e-05
25.91 -8.8572e-06 2.77602e-06 9.28204e-06
25.92 -8.15844e-06 2.32421e-06 8.48304e-06
25.93 -7.39088e-06 1.93173e-06 7.63915e-06
25.94 -6.58225e-06 1.56065e-06 6.76474e-06
25.95 -5.72683e-06 1.21723e-06 5.85476e-06
25.96 -4.80936e-06 9.66494e-07 4.90552e-06
25.97 -3.89585e-06 7.51001e-07 3.96758e-06
25.98 -2.94474e-06 4.83531e-07 2.98417e-06
25.99 -1.91364e-06 3.48562e-07 1.94512e-06
26 -1.0176e-06 1.66254e-07 1.03109e-06
