0 -0.0133197 0.0175571 0.0220378
0.01 -0.0265807 0.035053 0.0439914
0.02 -0.0397246 0.0524267 0.0657769
0.03 -0.0526933 0.0696177 0.0873109
0.04 -0.0654299 0.0865659 0.108511
0.05 -0.077878 0.103212 0.129297
0.06 -0.0899826 0.119499 0.149589
0.07 -0.10169 0.135369 0.16931
0.08 -0.11295 0.150768 0.188384
0.09 -0.12371 0.165641 0.206739
0.1 -0.133924 0.179937 0.224306
0.11 -0.143547 0.193606 0.241017
0.12 -0.152535 0.206602 0.256809
0.13 -0.160848 0.218877 0.271624
0.14 -0.16845 0.230391 0.285404
0.15 -0.175305 0.241104 0.298098
0.16 -0.181383 0.250977 0.30966
0.17 -0.186656 0.259977 0.320045
0.18 -0.1911 0.268074 0.329215
0.19 -0.194695 0.275238 0.337138
0.2 -0.197423 0.281447 0.343785
0.21 -0.199271 0.286678 0.349131
0.22 -0.200229 0.290913 0.35316
0.23 -0.200293 0.294139 0.355858
0.24 -0.199459 0.296345 0.357217
0.25 -0.197731 0.297523 0.357236
0.26 -0.195114 0.29767 0.355917
0.27 -0.191617 0.296786 0.353269
0.28 -0.187255 0.294875 0.349308
0.29 -0.182045 0.291944 0.344052
0.3 -0.176008 0.288004 0.337528
0.31 -0.169168 0.283069 0.329766
0.32 -0.161553 0.277157 0.320804
0.33 -0.153195 0.270289 0.310685
0.34 -0.144129 0.26249 0.299456
0.35 -0.134392 0.253787 0.287174
0.36 -0.124025 0.244211 0.2739
0.37 -0.113071 0.233797 0.259704
0.38 -0.101578 0.222581 0.244664
0.39 -0.0895921 0.210602 0.228867
0.4 -0.0771652 0.197903 0.212415
0.41 -0.06435 0.184529 0.195427
0.42 -0.0512007 0.170525 0.178046
0.43 -0.0377734 0.155942 0.160452
0.44 -0.0241254 0.140831 0.142882
0.45 -0.010315 0.125243 0.125667
0.46 0.00359874 0.109234 0.109294
0.47 0.0175559 0.0928601 0.0945051
0.48 0.0314965 0.0761772 0.0824318
0.49 0.0453605 0.0592437 0.074615
0.5 0.059088 0.0421184 0.0725628
0.51 0.0726195 0.0248608 0.0767571
0.52 0.0858962 0.00753045 0.0862257
0.53 0.0988604 -0.00981248 0.0993462
0.54 0.111455 -0.0271082 0.114705
0.55 0.123626 -0.0442972 0.131322
0.56 0.135318 -0.0613202 0.148564
0.57 0.146481 -0.0781185 0.16601
0.58 0.157065 -0.0946347 0.183372
0.59 0.167023 -0.110812 0.20044
0.6 0.17631 -0.126596 0.217052
0.61 0.184884 -0.141931 0.23308
0.62 0.192705 -0.156766 0.248417
0.63 0.199739 -0.171051 0.262972
0.64 0.205953 -0.184737 0.276666
0.65 0.211316 -0.197777 0.289431
0.66 0.215804 -0.210128 0.301206
0.67 0.219393 -0.221749 0.311939
0.68 0.222065 -0.2326 0.321583
0.69 0.223806 -0.242645 0.3301
0.7 0.224605 -0.251851 0.337455
0.71 0.224454 -0.260187 0.343623
0.72 0.223351 -0.267626 0.348582
0.73 0.221296 -0.274145 0.352317
0.74 0.218295 -0.279721 0.354819
0.75 0.214356 -0.284338 0.356085
0.76 0.209493 -0.28798 0.356118
0.77 0.203721 -0.290638 0.354926
0.78 0.197061 -0.292303 0.352525
0.79 0.189539 -0.292971 0.348937
0.8 0.181181 -0.292641 0.344188
0.81 0.172019 -0.291317 0.338313
0.82 0.162087 -0.289004 0.331354
0.83 0.151426 -0.285712 0.323359
0.84 0.140074 -0.281453 0.314383
0.85 0.128078 -0.276245 0.304491
0.86 0.115483 -0.270105 0.293757
0.87 0.10234 -0.263056 0.282263
0.88 0.0887007 -0.255125 0.270105
0.89 0.0746194 -0.246339 0.257393
0.9 0.0601522 -0.23673 0.244253
0.91 0.0453574 -0.226332 0.230832
0.92 0.0302943 -0.215181 0.217303
0.93 0.015024 -0.203317 0.203871
0.94 -0.000392044 -0.19078 0.190781
0.95 -0.015891 -0.177616 0.178325
0.96 -0.0314098 -0.163869 0.166852
0.97 -0.046885 -0.149587 0.156763
0.98 -0.0622533 -0.13482 0.148498
0.99 -0.0774513 -0.119617 0.142503
1 -0.0924168 -0.104032 0.139153
1.01 -0.107088 -0.0881173 0.138681
1.02 -0.121403 -0.0719276 0.141111
1.03 -0.135303 -0.0555178 0.146251
1.04 -0.148731 -0.0389436 0.153745
1.05 -0.161629 -0.0222612 0.163154
1.06 -0.173943 -0.00552689 0.174031
1.07 -0.185621 0.011203 0.185959
1.08 -0.196614 0.0278723 0.19858
1.09 -0.206875 0.0444251 0.211591
1.1 -0.216358 0.0608062 0.224741
1.11 -0.225024 0.076961 0.237821
1.12 -0.232834 0.0928357 0.250659
1.13 -0.239753 0.108378 0.263111
1.14 -0.24575 0.123536 0.275053
1.15 -0.250797 0.138261 0.286383
1.16 -0.254872 0.152503 0.297013
1.17 -0.257953 0.166217 0.306868
1.18 -0.260024 0.179358 0.315883
1.19 -0.261074 0.191883 0.324004
1.2 -0.261094 0.203751 0.331187
1.21 -0.260081 0.214925 0.337394
1.22 -0.258034 0.225369 0.342597
1.23 -0.254959 0.23505 0.346774
1.24 -0.250862 0.243937 0.34991
1.25 -0.245757 0.252002 0.351997
1.26 -0.239661 0.259221 0.353034
1.27 -0.232593 0.265572 0.353027
1.28 -0.224579 0.271034 0.351987
1.29 -0.215646 0.275593 0.349935
1.3 -0.205826 0.279234 0.346895
1.31 -0.195155 0.281949 0.3429
1.32 -0.183671 0.283729 0.33799
1.33 -0.171418 0.284572 0.332213
1.34 -0.158439 0.284476 0.325622
1.35 -0.144785 0.283445 0.318282
1.36 -0.130505 0.281483 0.310265
1.37 -0.115654 0.278598 0.30165
1.38 -0.100287 0.274804 0.292531
1.39 -0.0844629 0.270113 0.283011
1.4 -0.0682416 0.264544 0.273204
1.41 -0.0516849 0.258117 0.26324
1.42 -0.034856 0.250854 0.253264
1.43 -0.0178195 0.242781 0.243435
1.44 -0.00064062 0.233928 0.233929
1.45 0.0166145 0.224323 0.224938
1.46 0.0338793 0.214002 0.216667
1.47 0.0510872 0.202997 0.209327
1.48 0.0681714 0.191349 0.20313
1.49 0.085066 0.179094 0.19827
1.5 0.101705 0.166276 0.194915
1.51 0.118024 0.152937 0.193182
1.52 0.133959 0.139121 0.193131
1.53 0.149448 0.124875 0.194752
1.54 0.16443 0.110246 0.197968
1.55 0.178847 0.0952815 0.202644
1.56 0.192641 0.0800316 0.208604
1.57 0.205759 0.0645461 0.215645
1.58 0.218148 0.0488758 0.223556
1.59 0.229759 0.0330716 0.232127
1.6 0.240546 0.017185 0.241159
1.61 0.250465 0.00126744 0.250469
1.62 0.259478 -0.0146297 0.25989
1.63 0.267546 -0.0304552 0.269274
1.64 0.274638 -0.0461581 0.27849
1.65 0.280725 -0.0616884 0.287423
1.66 0.285779 -0.0769962 0.29597
1.67 0.289781 -0.0920332 0.304044
1.68 0.292712 -0.106752 0.311571
1.69 0.294559 -0.121105 0.318483
1.7 0.295313 -0.135048 0.324727
1.71 0.294968 -0.148536 0.330256
1.72 0.293523 -0.161529 0.335033
1.73 0.290981 -0.173985 0.339029
1.74 0.28735 -0.185865 0.342222
1.75 0.282641 -0.197134 0.344598
1.76 0.27687 -0.207756 0.34615
1.77 0.270055 -0.2177 0.346876
1.78 0.26222 -0.226934 0.346783
1.79 0.253394 -0.235431 0.345885
1.8 0.243606 -0.243166 0.3442
1.81 0.232892 -0.250116 0.341755
1.82 0.221289 -0.25626 0.338583
1.83 0.20884 -0.261581 0.334722
1.84 0.19559 -0.266063 0.33022
1.85 0.181585 -0.269695 0.325128
1.86 0.166878 -0.272466 0.319509
1.87 0.151521 -0.274369 0.313428
1.88 0.13557 -0.275401 0.306961
1.89 0.119084 -0.27556 0.30019
1.9 0.102121 -0.274847 0.293205
1.91 0.0847458 -0.273266 0.286105
1.92 0.0670201 -0.270824 0.278993
1.93 0.0490094 -0.267531 0.271983
1.94 0.0307792 -0.263398 0.26519
1.95 0.0123967 -0.258441 0.258738
1.96 -0.00607107 -0.252676 0.252749
1.97 -0.0245562 -0.246123 0.247345
1.98 -0.042991 -0.238805 0.242644
1.99 -0.061308 -0.230745 0.238751
2 -0.0794399 -0.221971 0.235758
2.01 -0.0973203 -0.212511 0.233735
2.02 -0.114884 -0.202397 0.232729
2.03 -0.132065 -0.19166 0.232755
2.04 -0.148803 -0.180336 0.233802
2.05 -0.165035 -0.168461 0.235829
2.06 -0.180701 -0.156073 0.238771
2.07 -0.195745 -0.143213 0.24254
2.08 -0.210111 -0.129919 0.247034
2.09 -0.223747 -0.116236 0.252138
2.1 -0.236603 -0.102206 0.257734
2.11 -0.248631 -0.0878726 0.263703
2.12 -0.259789 -0.0732818 0.269927
2.13 -0.270034 -0.0584791 0.276294
2.14 -0.279331 -0.0435106 0.282699
2.15 -0.287644 -0.0284232 0.289045
2.16 -0.294944 -0.0132636 0.295242
2.17 -0.301203 0.00192103 0.301209
2.18 -0.3064 0.0170836 0.306876
2.19 -0.310515 0.0321775 0.312177
2.2 -0.313532 0.047156 0.317059
2.21 -0.315442 0.061973 0.321472
2.22 -0.316237 0.0765832 0.325378
2.23 -0.315914 0.0909418 0.328743
2.24 -0.314474 0.105005 0.331542
2.25 -0.311923 0.11873 0.333755
2.26 -0.308269 0.132074 0.335371
2.27 -0.303526 0.144998 0.336382
2.28 -0.297711 0.157463 0.336788
2.29 -0.290844 0.169429 0.336596
2.3 -0.282951 0.180863 0.335816
2.31 -0.274059 0.191728 0.334467
2.32 -0.2642 0.201994 0.332571
2.33 -0.25341 0.211628 0.330156
2.34 -0.241728 0.220602 0.327258
2.35 -0.229194 0.22889 0.323915
2.36 -0.215854 0.236467 0.320172
2.37 -0.201755 0.243311 0.316078
2.38 -0.186948 0.249402 0.31169
2.39 -0.171484 0.254722 0.307067
2.4 -0.15542 0.259256 0.302273
2.41 -0.138811 0.26299 0.297376
2.42 -0.121716 0.265915 0.292448
2.43 -0.104197 0.268023 0.287564
2.44 -0.0863144 0.269307 0.282801
2.45 -0.0681315 0.269765 0.278236
2.46 -0.0497123 0.269396 0.273945
2.47 -0.0311216 0.268203 0.270003
2.48 -0.0124242 0.26619 0.26648
2.49 0.00631417 0.263363 0.263439
2.5 0.0250282 0.259733 0.260936
2.51 0.0436529 0.255311 0.259016
2.52 0.0621231 0.250111 0.257711
2.53 0.0803751 0.24415 0.25704
2.54 0.0983455 0.237447 0.257007
2.55 0.115972 0.230022 0.257604
2.56 0.133195 0.221899 0.258805
2.57 0.149954 0.213103 0.260575
2.58 0.166193 0.203662 0.262865
2.59 0.181855 0.193604 0.265619
2.6 0.196887 0.18296 0.268773
2.61 0.211239 0.171764 0.272259
2.62 0.224862 0.16005 0.276005
2.63 0.237711 0.147853 0.279941
2.64 0.249741 0.135211 0.283994
2.65 0.260913 0.122162 0.288096
2.66 0.271191 0.108747 0.292182
2.67 0.28054 0.0950062 0.296191
2.68 0.28893 0.0809811 0.300065
2.69 0.296335 0.0667146 0.303752
2.7 0.302729 0.0522502 0.307205
2.71 0.308094 0.0376315 0.310384
2.72 0.312413 0.022903 0.313251
2.73 0.315673 0.00810925 0.315777
2.74 0.317866 -0.00670479 0.317936
2.75 0.318985 -0.0214945 0.319708
2.76 0.31903 -0.036215 0.321078
2.77 0.318002 -0.0508221 0.322037
2.78 0.315907 -0.0652713 0.322579
2.79 0.312754 -0.0795192 0.322705
2.8 0.308557 -0.0935228 0.322419
2.81 0.303333 -0.10724 0.321731
2.82 0.2971 -0.120629 0.320655
2.83 0.289882 -0.13365 0.319209
2.84 0.281707 -0.146263 0.317414
2.85 0.272604 -0.158431 0.315299
2.86 0.262605 -0.170117 0.312892
2.87 0.251747 -0.181285 0.310227
2.88 0.240068 -0.191903 0.307343
2.89 0.22761 -0.201938 0.304278
2.9 0.214416 -0.21136 0.301077
2.91 0.200533 -0.220141 0.297784
2.92 0.186009 -0.228254 0.294447
2.93 0.170894 -0.235675 0.291114
2.94 0.15524 -0.242382 0.287834
2.95 0.139101 -0.248354 0.284656
2.96 0.122532 -0.253574 0.281628
2.97 0.10559 -0.258027 0.278796
2.98 0.0883326 -0.261698 0.276203
2.99 0.0708174 -0.264576 0.27389
3 0.0531038 -0.266654 0.27189
3.01 0.0352511 -0.267925 0.270234
3.02 0.0173191 -0.268385 0.268943
3.03 -0.000632634 -0.268033 0.268034
3.04 -0.0185443 -0.26687 0.267514
3.05 -0.0363572 -0.2649 0.267384
3.06 -0.0540122 -0.262129 0.267636
3.07 -0.0714518 -0.258565 0.268256
3.08 -0.088619 -0.254219 0.269222
3.09 -0.105458 -0.249105 0.270508
3.1 -0.121914 -0.243237 0.272079
3.11 -0.137935 -0.236633 0.273901
3.12 -0.153469 -0.229315 0.275931
3.13 -0.168467 -0.221303 0.27813
3.14 -0.182881 -0.212622 0.280453
3.15 -0.196666 -0.203299 0.282857
3.16 -0.209779 -0.193362 0.285299
3.17 -0.222178 -0.18284 0.287739
3.18 -0.233827 -0.171766 0.290136
3.19 -0.24469 -0.160173 0.292452
3.2 -0.254733 -0.148096 0.294655
3.21 -0.263927 -0.135573 0.296711
3.22 -0.272245 -0.12264 0.298593
3.23 -0.279662 -0.109338 0.300276
3.24 -0.286159 -0.095706 0.301739
3.25 -0.291717 -0.081786 0.302965
3.26 -0.296321 -0.0676201 0.303938
3.27 -0.29996 -0.0532512 0.30465
3.28 -0.302625 -0.0387229 0.305093
3.29 -0.304313 -0.0240794 0.305264
3.3 -0.30502 -0.00936499 0.305163
3.31 -0.304748 0.00537552 0.304795
3.32 -0.303501 0.0200975 0.304166
3.33 -0.301288 0.0347562 0.303286
3.34 -0.298119 0.0493072 0.302169
3.35 -0.294007 0.063706 0.30083
3.36 -0.28897 0.0779093 0.299289
3.37 -0.283028 0.0918737 0.297566
3.38 -0.276203 0.105557 0.295686
3.39 -0.26852 0.118917 0.293673
3.4 -0.260007 0.131914 0.291556
3.41 -0.250695 0.144508 0.289362
3.42 -0.240617 0.156661 0.287122
3.43 -0.229807 0.168336 0.284866
3.44 -0.218304 0.179498 0.282624
3.45 -0.206147 0.190112 0.280427
3.46 -0.193378 0.200146 0.278305
3.47 -0.180039 0.209571 0.276286
3.48 -0.166175 0.218357 0.274397
3.49 -0.151832 0.226478 0.272663
3.5 -0.137059 0.233909 0.271106
3.51 -0.121903 0.240628 0.269745
3.52 -0.106415 0.246615 0.268594
3.53 -0.0906444 0.251851 0.267666
3.54 -0.0746428 0.25632 0.266968
3.55 -0.0584619 0.260011 0.266502
3.56 -0.0421535 0.26291 0.266268
3.57 -0.0257696 0.26501 0.26626
3.58 -0.0093623 0.266306 0.26647
3.59 0.0070165 0.266792 0.266884
3.6 0.0233153 0.266468 0.267486
3.61 0.0394833 0.265336 0.268257
3.62 0.0554699 0.263399 0.269176
3.63 0.0712258 0.260663 0.270219
3.64 0.0867025 0.257138 0.271362
3.65 0.101853 0.252834 0.272578
3.66 0.11663 0.247765 0.273844
3.67 0.13099 0.241948 0.275131
3.68 0.144889 0.2354 0.276416
3.69 0.158287 0.228142 0.277675
3.7 0.171142 0.220196 0.278884
3.71 0.183419 0.211588 0.280021
3.72 0.19508 0.202344 0.281068
3.73 0.206092 0.192494 0.282006
3.74 0.216424 0.182067 0.282821
3.75 0.226046 0.171096 0.283497
3.76 0.234932 0.159616 0.284025
3.77 0.243058 0.147661 0.284396
3.78 0.250401 0.13527 0.284603
3.79 0.256943 0.12248 0.284642
3.8 0.262666 0.109332 0.284512
3.81 0.267557 0.0958648 0.284213
3.82 0.271605 0.0821217 0.283748
3.83 0.2748 0.0681446 0.283123
3.84 0.277136 0.0539768 0.282344
3.85 0.278612 0.0396622 0.28142
3.86 0.279224 0.0252445 0.280363
3.87 0.278977 0.0107688 0.279185
3.88 0.277875 -0.00372084 0.2779
3.89 0.275925 -0.0181796 0.276523
3.9 0.273136 -0.0325631 0.27507
3.91 0.269522 -0.046827 0.27356
3.92 0.265098 -0.0609279 0.272009
3.93 0.259881 -0.0748223 0.270437
3.94 0.25389 -0.0884679 0.268862
3.95 0.247148 -0.101823 0.267302
3.96 0.23968 -0.114847 0.265775
3.97 0.23151 -0.1275 0.264298
3.98 0.222669 -0.139744 0.262888
3.99 0.213186 -0.151541 0.261559
4 0.203094 -0.162857 0.260325
4.01 0.192425 -0.173656 0.259199
4.02 0.181217 -0.183907 0.258188
4.03 0.169505 -0.193579 0.257303
4.04 0.157327 -0.202643 0.256547
4.05 0.144725 -0.211073 0.255924
4.06 0.131737 -0.218843 0.255434
4.07 0.118406 -0.22593 0.255077
4.08 0.104774 -0.232315 0.254849
4.09 0.0908834 -0.237979 0.254743
4.1 0.0767789 -0.242906 0.254752
4.11 0.0625044 -0.247082 0.254865
4.12 0.0481039 -0.250496 0.255073
4.13 0.0336221 -0.253139 0.255362
4.14 0.0191036 -0.255005 0.255719
4.15 0.00459269 -0.256089 0.25613
4.16 -0.00986657 -0.256391 0.25658
4.17 -0.0242303 -0.25591 0.257054
4.18 -0.0384554 -0.254651 0.257538
4.19 -0.052499 -0.252618 0.258016
4.2 -0.0663199 -0.249821 0.258474
4.21 -0.0798767 -0.24627 0.2589
4.22 -0.0931298 -0.241978 0.259281
4.23 -0.106041 -0.23696 0.259604
4.24 -0.118571 -0.231233 0.259861
4.25 -0.130686 -0.224817 0.260042
4.26 -0.142351 -0.217734 0.260138
4.27 -0.153531 -0.210008 0.260144
4.28 -0.164197 -0.201664 0.260056
4.29 -0.174318 -0.19273 0.259868
4.3 -0.183867 -0.183235 0.259581
4.31 -0.192817 -0.17321 0.259192
4.32 -0.201145 -0.162689 0.258702
4.33 -0.208828 -0.151704 0.258115
4.34 -0.215848 -0.140292 0.257434
4.35 -0.222185 -0.12849 0.256663
4.36 -0.227825 -0.116334 0.255808
4.37 -0.232753 -0.103864 0.254876
4.38 -0.23696 -0.0911186 0.253876
4.39 -0.240436 -0.0781394 0.252815
4.4 -0.243175 -0.0649667 0.251704
4.41 -0.245172 -0.0516421 0.250552
4.42 -0.246425 -0.0382072 0.24937
4.43 -0.246935 -0.0247041 0.248167
4.44 -0.246703 -0.0111746 0.246956
4.45 -0.245735 0.00233922 0.245746
4.46 -0.244038 0.0157957 0.244549
4.47 -0.241621 0.0291534 0.243373
4.48 -0.238494 0.0423715 0.242229
4.49 -0.234672 0.0554096 0.241124
4.5 -0.230169 0.0682283 0.240069
4.51 -0.225003 0.0807887 0.239068
4.52 -0.219194 0.0930533 0.238128
4.53 -0.212762 0.104985 0.237254
4.54 -0.20573 0.116549 0.23645
4.55 -0.198122 0.127711 0.235717
4.56 -0.189966 0.138438 0.235057
4.57 -0.181288 0.148698 0.234471
4.58 -0.172117 0.158463 0.233955
4.59 -0.162485 0.167705 0.233508
4.6 -0.152422 0.176397 0.233127
4.61 -0.141961 0.184515 0.232806
4.62 -0.131136 0.192036 0.232539
4.63 -0.119981 0.198941 0.232321
4.64 -0.108533 0.205211 0.232145
4.65 -0.0968266 0.21083 0.232002
4.66 -0.0848989 0.215784 0.231885
4.67 -0.0727869 0.22006 0.231785
4.68 -0.0605282 0.22365 0.231696
4.69 -0.0481601 0.226545 0.231608
4.7 -0.0357206 0.22874 0.231513
4.71 -0.0232473 0.230233 0.231404
4.72 -0.0107777 0.231022 0.231273
4.73 0.00165094 0.231108 0.231114
4.74 0.0140015 0.230496 0.230921
4.75 0.0262376 0.229191 0.230688
4.76 0.0383234 0.2272 0.23041
4.77 0.0502237 0.224535 0.230083
4.78 0.0619041 0.221206 0.229705
4.79 0.073331 0.217228 0.229271
4.8 0.0844719 0.212617 0.228782
4.81 0.0952955 0.20739 0.228237
4.82 0.105771 0.201569 0.227635
4.83 0.11587 0.195172 0.226976
4.84 0.125565 0.188225 0.226264
4.85 0.134829 0.180752 0.2255
4.86 0.143638 0.172778 0.224687
4.87 0.151968 0.164332 0.223829
4.88 0.159798 0.155442 0.222929
4.89 0.167108 0.146138 0.221994
4.9 0.173878 0.136451 0.221026
4.91 0.180094 0.126414 0.220033
4.92 0.185741 0.116059 0.219019
4.93 0.190804 0.10542 0.21799
4.94 0.195275 0.0945325 0.216953
4.95 0.199142 0.0834299 0.215912
4.96 0.202399 0.0721483 0.214874
4.97 0.205041 0.0607229 0.213844
4.98 0.207064 0.0491899 0.212827
4.99 0.208466 0.037585 0.211827
5 0.209249 0.0259441 0.210851
5.01 0.209413 0.0143026 0.209901
5.02 0.208963 0.00269631 0.208981
5.03 0.207906 -0.00883999 0.208093
5.04 0.206247 -0.0202718 0.207241
5.05 0.203998 -0.0315651 0.206425
5.06 0.201168 -0.0426868 0.205647
5.07 0.197771 -0.0536044 0.204907
5.08 0.193822 -0.0642864 0.204205
5.09 0.189335 -0.0747024 0.203539
5.1 0.184328 -0.0848228 0.202908
5.11 0.17882 -0.0946193 0.202311
5.12 0.172832 -0.104065 0.201744
5.13 0.166385 -0.113134 0.201204
5.14 0.1595 -0.121803 0.200689
5.15 0.152203 -0.130047 0.200195
5.16 0.144518 -0.137846 0.199717
5.17 0.13647 -0.145181 0.199252
5.18 0.128087 -0.152032 0.198796
5.19 0.119395 -0.158383 0.198344
5.2 0.110423 -0.16422 0.197893
5.21 0.101199 -0.169529 0.197437
5.22 0.0917531 -0.174299 0.196974
5.23 0.082114 -0.178521 0.1965
5.24 0.072312 -0.182185 0.196012
5.25 0.062377 -0.185287 0.195505
5.26 0.0523394 -0.187822 0.194978
5.27 0.0422293 -0.189787 0.194429
5.28 0.032077 -0.191182 0.193854
5.29 0.0219124 -0.192007 0.193254
5.3 0.0117654 -0.192266 0.192626
5.31 0.00166532 -0.191962 0.19197
5.32 -0.0083586 -0.191102 0.191285
5.33 -0.0182782 -0.189694 0.190572
5.34 -0.0280652 -0.187746 0.189832
5.35 -0.0376926 -0.185269 0.189065
5.36 -0.0471337 -0.182276 0.188272
5.37 -0.0563629 -0.178781 0.187455
5.38 -0.0653553 -0.174798 0.186616
5.39 -0.0740872 -0.170344 0.185758
5.4 -0.0825355 -0.165437 0.184882
5.41 -0.0906787 -0.160094 0.183991
5.42 -0.0984958 -0.154337 0.183089
5.43 -0.105968 -0.148186 0.182177
5.44 -0.113076 -0.141663 0.181259
5.45 -0.119803 -0.134791 0.180337
5.46 -0.126134 -0.127593 0.179415
5.47 -0.132055 -0.120094 0.178496
5.48 -0.137551 -0.112318 0.177583
5.49 -0.142612 -0.10429 0.176677
5.5 -0.147228 -0.0960368 0.175781
5.51 -0.151389 -0.0875843 0.174899
5.52 -0.155088 -0.0789589 0.174031
5.53 -0.158319 -0.0701873 0.173179
5.54 -0.161077 -0.0612964 0.172346
5.55 -0.16336 -0.0523128 0.171532
5.56 -0.165166 -0.0432633 0.170738
5.57 -0.166494 -0.0341745 0.169965
5.58 -0.167345 -0.025073 0.169213
5.59 -0.167722 -0.0159847 0.168482
5.6 -0.167628 -0.00693568 0.167772
5.61 -0.167069 0.00204916 0.167082
5.62 -0.166051 0.0109447 0.166412
5.63 -0.164582 0.0197267 0.16576
5.64 -0.162669 0.0283716 0.165125
5.65 -0.160324 0.0368566 0.164506
5.66 -0.157557 0.0451591 0.163901
5.67 -0.15438 0.0532582 0.163308
5.68 -0.150806 0.0611331 0.162726
5.69 -0.146849 0.0687644 0.162152
5.7 -0.142525 0.0761332 0.161585
5.71 -0.13785 0.083222 0.161023
5.72 -0.132838 0.0900141 0.160464
5.73 -0.127509 0.096494 0.159905
5.74 -0.12188 0.102647 0.159346
5.75 -0.11597 0.10846 0.158785
5.76 -0.109798 0.11392 0.158219
5.77 -0.103383 0.119017 0.157649
5.78 -0.0967456 0.12374 0.157071
5.79 -0.0899063 0.128082 0.156487
5.8 -0.0828858 0.132033 0.155893
5.81 -0.0757048 0.135588 0.155291
5.82 -0.068385 0.138741 0.154679
5.83 -0.0609469 0.141489 0.154057
5.84 -0.0534124 0.143829 0.153426
5.85 -0.0458023 0.145758 0.152785
5.86 -0.038138 0.147276 0.152134
5.87 -0.0304406 0.148384 0.151474
5.88 -0.022731 0.149084 0.150807
5.89 -0.0150297 0.149377 0.150131
5.9 -0.00735719 0.149268 0.149449
5.91 0.000266718 0.148762 0.148762
5.92 0.00782203 0.147864 0.148071
5.93 0.0152901 0.146581 0.147376
5.94 0.0226516 0.144921 0.14668
5.95 0.0298888 0.142892 0.145984
5.96 0.0369839 0.140504 0.14529
5.97 0.04392 0.137766 0.144598
5.98 0.0506805 0.134691 0.14391
5.99 0.0572499 0.131289 0.143228
6 0.0636129 0.127573 0.142553
6.01 0.0697553 0.123555 0.141886
6.02 0.0756637 0.119251 0.141229
6.03 0.081325 0.114673 0.140583
6.04 0.0867274 0.109837 0.139949
6.05 0.0918597 0.104757 0.139328
6.06 0.0967113 0.0994491 0.13872
6.07 0.101273 0.0939294 0.138127
6.08 0.105536 0.088214 0.137548
6.09 0.109492 0.0823193 0.136985
6.1 0.113134 0.0762621 0.136437
6.11 0.116456 0.0700593 0.135906
6.12 0.119453 0.063728 0.13539
6.13 0.122121 0.0572852 0.134889
6.14 0.124455 0.0507483 0.134404
6.15 0.126453 0.0441344 0.133934
6.16 0.128113 0.0374608 0.133478
6.17 0.129435 0.0307445 0.133036
6.18 0.130417 0.0240025 0.132607
6.19 0.13106 0.0172518 0.13219
6.2 0.131366 0.0105091 0.131785
6.21 0.131336 0.00379066 0.131391
6.22 0.130974 -0.00288694 0.131006
6.23 0.130283 -0.00950808 0.13063
6.24 0.129268 -0.0160568 0.130261
6.25 0.127933 -0.0225181 0.1299
6.26 0.126285 -0.0288766 0.129544
6.27 0.124329 -0.0351183 0.129194
6.28 0.122073 -0.0412286 0.128848
6.29 0.119525 -0.0471941 0.128505
6.3 0.116692 -0.0530013 0.128165
6.31 0.113583 -0.0586378 0.127826
6.32 0.110209 -0.0640909 0.12749
6.33 0.106578 -0.0693494 0.127154
6.34 0.102701 -0.0744017 0.126819
6.35 0.0985886 -0.0792374 0.126484
6.36 0.0942527 -0.0838463 0.12615
6.37 0.0897045 -0.088219 0.125815
6.38 0.0849563 -0.0923465 0.125481
6.39 0.0800203 -0.0962208 0.125147
6.4 0.0749095 -0.0998339 0.124813
6.41 0.0696367 -0.103179 0.12448
6.42 0.0642156 -0.10625 0.124148
6.43 0.0586594 -0.10904 0.123817
6.44 0.0529823 -0.111545 0.123488
6.45 0.0471979 -0.11376 0.123162
6.46 0.0413207 -0.115681 0.122839
6.47 0.0353647 -0.117305 0.12252
6.48 0.0293448 -0.11863 0.122205
6.49 0.0232751 -0.119653 0.121896
6.5 0.0171704 -0.120374 0.121593
6.51 0.0110451 -0.120792 0.121296
6.52 0.00491399 -0.120907 0.121006
6.53 -0.00120847 -0.120719 0.120725
6.54 -0.00730755 -0.12023 0.120452
6.55 -0.0133692 -0.119443 0.120189
6.56 -0.0193785 -0.118359 0.119935
6.57 -0.0253219 -0.116983 0.119692
6.58 -0.0311847 -0.115317 0.119459
6.59 -0.0369535 -0.113367 0.119238
6.6 -0.0426144 -0.111138 0.119028
6.61 -0.048154 -0.108635 0.118829
6.62 -0.0535592 -0.105865 0.118642
6.63 -0.0588172 -0.102834 0.118467
6.64 -0.0639153 -0.0995515 0.118303
6.65 -0.0688414 -0.0960237 0.118151
6.66 -0.0735835 -0.0922601 0.11801
6.67 -0.0781304 -0.0882695 0.117881
6.68 -0.0824709 -0.0840617 0.117762
6.69 -0.0865944 -0.0796468 0.117653
6.7 -0.0904908 -0.0750356 0.117554
6.71 -0.0941507 -0.0702392 0.117464
6.72 -0.0975645 -0.0652691 0.117383
6.73 -0.100724 -0.0601373 0.117311
6.74 -0.103621 -0.0548563 0.117246
6.75 -0.106248 -0.0494389 0.117187
6.76 -0.108599 -0.0438983 0.117135
6.77 -0.110666 -0.0382478 0.117089
6.78 -0.112445 -0.0325015 0.117048
6.79 -0.11393 -0.0266734 0.117011
6.8 -0.115117 -0.0207779 0.116977
6.81 -0.116003 -0.0148295 0.116947
6.82 -0.116585 -0.00884325 0.11692
6.83 -0.11686 -0.00283383 0.116894
6.84 -0.116827 0.00318344 0.11687
6.85 -0.116486 0.00919331 0.116848
6.86 -0.115836 0.0151805 0.116826
6.87 -0.114878 0.0211298 0.116805
6.88 -0.113614 0.0270255 0.116784
6.89 -0.112047 0.0328528 0.116764
6.9 -0.110178 0.0385959 0.116743
6.91 -0.108013 0.04424 0.116722
6.92 -0.105556 0.0497699 0.116701
6.93 -0.102812 0.055171 0.11668
6.94 -0.0997881 0.0604283 0.116659
6.95 -0.0964904 0.0655279 0.116637
6.96 -0.0929271 0.0704553 0.116616
6.97 -0.0891066 0.0751972 0.116596
6.98 -0.0850382 0.0797399 0.116576
6.99 -0.0807317 0.0840708 0.116557
7 -0.076198 0.0881771 0.116539
7.01 -0.0714482 0.092047 0.116522
7.02 -0.0664945 0.0956689 0.116508
7.03 -0.0613493 0.0990323 0.116495
7.04 -0.0560262 0.102126 0.116485
7.05 -0.0505388 0.104942 0.116477
7.06 -0.0449016 0.10747 0.116473
7.07 -0.0391294 0.109702 0.116471
7.08 -0.0332379 0.11163 0.116474
7.09 -0.0272426 0.113249 0.11648
7.1 -0.0211603 0.114551 0.116489
7.11 -0.0150071 0.115533 0.116503
7.12 -0.00880047 0.116188 0.116521
7.13 -0.00255741 0.116515 0.116543
7.14 0.00370432 0.116511 0.11657
7.15 0.00996728 0.116174 0.116601
7.16 0.0162132 0.115503 0.116636
7.17 0.0224245 0.1145 0.116675
7.18 0.0285829 0.113164 0.116718
7.19 0.0346705 0.111499 0.116765
7.2 0.0406692 0.109507 0.116815
7.21 0.0465615 0.107193 0.116869
7.22 0.0523291 0.104563 0.116926
7.23 0.0579552 0.101621 0.116986
7.24 0.0634223 0.0983756 0.117048
7.25 0.0687136 0.0948344 0.117112
7.26 0.0738127 0.0910068 0.117177
7.27 0.0787036 0.0869023 0.117244
7.28 0.0833707 0.082532 0.117312
7.29 0.0877992 0.0779076 0.117381
7.3 0.0919746 0.0730417 0.11745
7.31 0.0958834 0.0679477 0.117518
7.32 0.0995124 0.0626401 0.117586
7.33 0.10285 0.0571334 0.117653
7.34 0.105883 0.0514439 0.117719
7.35 0.108603 0.0455876 0.117783
7.36 0.110999 0.0395817 0.117845
7.37 0.113063 0.0334438 0.117906
7.38 0.114787 0.0271924 0.117964
7.39 0.116164 0.0208456 0.118019
7.4 0.117187 0.0144231 0.118072
7.41 0.117854 0.00794401 0.118121
7.42 0.11816 0.00142837 0.118168
7.43 0.118102 -0.00510388 0.118212
7.44 0.117679 -0.0116323 0.118252
7.45 0.116891 -0.0181366 0.11829
7.46 0.115739 -0.0245963 0.118324
7.47 0.114225 -0.030991 0.118355
7.48 0.112352 -0.0373 0.118382
7.49 0.110126 -0.0435035 0.118407
7.5 0.10755 -0.049581 0.118429
7.51 0.104633 -0.0555129 0.118447
7.52 0.101382 -0.0612797 0.118463
7.53 0.0978065 -0.0668626 0.118477
7.54 0.0939163 -0.0722425 0.118487
7.55 0.0897229 -0.077402 0.118496
7.56 0.0852387 -0.0823231 0.118502
7.57 0.0804768 -0.0869896 0.118506
7.58 0.075452 -0.0913853 0.118509
7.59 0.0701792 -0.0954949 0.118509
7.6 0.0646751 -0.0993041 0.118508
7.61 0.0589564 -0.1028 0.118506
7.62 0.0530411 -0.105969 0.118502
7.63 0.046948 -0.1088 0.118497
7.64 0.0406964 -0.111284 0.118492
7.65 0.0343061 -0.11341 0.118485
7.66 0.0277981 -0.11517 0.118477
7.67 0.0211929 -0.116558 0.118469
7.68 0.0145126 -0.117568 0.11846
7.69 0.00777854 -0.118195 0.118451
7.7 0.00101337 -0.118436 0.118441
7.71 -0.00576105 -0.11829 0.11843
7.72 -0.0125215 -0.117755 0.118419
7.73 -0.0192461 -0.116832 0.118407
7.74 -0.0259119 -0.115524 0.118394
7.75 -0.0324965 -0.113833 0.118381
7.76 -0.0389774 -0.111765 0.118367
7.77 -0.0453329 -0.109325 0.118351
7.78 -0.0515409 -0.10652 0.118335
7.79 -0.0575804 -0.10336 0.118317
7.8 -0.0634303 -0.0998541 0.118297
7.81 -0.0690706 -0.0960131 0.118276
7.82 -0.0744814 -0.0918496 0.118253
7.83 -0.0796441 -0.0873769 0.118228
7.84 -0.0845403 -0.0826098 0.118201
7.85 -0.0891529 -0.0775637 0.118171
7.86 -0.0934653 -0.0722556 0.118138
7.87 -0.0974626 -0.0667029 0.118103
7.88 -0.10113 -0.0609246 0.118064
7.89 -0.104454 -0.0549396 0.118021
7.9 -0.107424 -0.0487687 0.117976
7.91 -0.110027 -0.0424324 0.117926
7.92 -0.112255 -0.0359527 0.117872
7.93 -0.1141 -0.0293515 0.117814
7.94 -0.115553 -0.0226518 0.117752
7.95 -0.11661 -0.0158763 0.117686
7.96 -0.117266 -0.00904904 0.117615
7.97 -0.117519 -0.00219325 0.117539
7.98 -0.117367 0.00466684 0.117459
7.99 -0.116809 0.0115077 0.117375
8 -0.115849 0.0183048 0.117286
8.01 -0.114487 0.0250347 0.117192
8.02 -0.11273 0.0316733 0.117095
8.03 -0.110582 0.0381977 0.116993
8.04 -0.10805 0.0445842 0.116887
8.05 -0.105144 0.0508107 0.116778
8.06 -0.101874 0.0568547 0.116665
8.07 -0.0982493 0.0626948 0.116549
8.08 -0.0942843 0.0683102 0.116429
8.09 -0.0899924 0.0736808 0.116308
8.1 -0.0853885 0.0787873 0.116184
8.11 -0.0804889 0.0836115 0.116058
8.12 -0.0753111 0.0881359 0.11593
8.13 -0.0698734 0.0923444 0.115801
8.14 -0.0641951 0.0962216 0.11567
8.15 -0.0582964 0.0997538 0.115539
8.16 -0.0521988 0.102928 0.115408
8.17 -0.0459237 0.105733 0.115276
8.18 -0.0394941 0.108158 0.115143
8.19 -0.0329328 0.110196 0.115011
8.2 -0.0262639 0.111837 0.11488
8.21 -0.0195111 0.113077 0.114748
8.22 -0.0126992 0.113911 0.114617
8.23 -0.00585273 0.114336 0.114485
8.24 0.00100337 0.11435 0.114355
8.25 0.00784416 0.113954 0.114224
8.26 0.0146446 0.113149 0.114093
8.27 0.0213803 0.111938 0.113962
8.28 0.0280262 0.110326 0.11383
8.29 0.0345584 0.108319 0.113698
8.3 0.0409526 0.105924 0.113565
8.31 0.047186 0.10315 0.113431
8.32 0.0532353 0.100008 0.113294
8.33 0.0590788 0.0965093 0.113156
8.34 0.0646947 0.092667 0.113016
8.35 0.0700629 0.0884955 0.112873
8.36 0.0751633 0.0840104 0.112727
8.37 0.0799779 0.0792284 0.112577
8.38 0.0844884 0.0741677 0.112424
8.39 0.088679 0.0688468 0.112267
8.4 0.0925342 0.0632861 0.112106
8.41 0.09604 0.057506 0.11194
8.42 0.0991839 0.0515286 0.11177
8.43 0.101954 0.0453759 0.111596
8.44 0.104342 0.0390713 0.111417
8.45 0.106338 0.0326381 0.111234
8.46 0.107935 0.0261009 0.111046
8.47 0.109128 0.0194838 0.110854
8.48 0.109913 0.0128119 0.110658
8.49 0.110288 0.00610982 0.110457
8.5 0.110252 -0.000596691 0.110254
8.51 0.109806 -0.00728301 0.110047
8.52 0.108951 -0.0139237 0.109837
8.53 0.107693 -0.0204943 0.109625
8.54 0.106035 -0.0269696 0.109411
8.55 0.103986 -0.033326 0.109196
8.56 0.101553 -0.0395394 0.108979
8.57 0.0987467 -0.0455866 0.108761
8.58 0.0955782 -0.051445 0.108544
8.59 0.09206 -0.057093 0.108327
8.6 0.0882063 -0.0625092 0.10811
8.61 0.0840322 -0.067674 0.107894
8.62 0.0795544 -0.0725677 0.10768
8.63 0.0747904 -0.0771726 0.107467
8.64 0.0697591 -0.0814716 0.107256
8.65 0.0644799 -0.0854491 0.107048
8.66 0.0589739 -0.0890903 0.106841
8.67 0.0532624 -0.0923823 0.106637
8.68 0.0473678 -0.095313 0.106434
8.69 0.0413129 -0.0978721 0.106234
8.7 0.0351215 -0.100051 0.106036
8.71 0.0288174 -0.101841 0.10584
8.72 0.0224255 -0.103237 0.105645
8.73 0.0159701 -0.104235 0.105451
8.74 0.00947655 -0.104831 0.105258
8.75 0.00296973 -0.105024 0.105066
8.76 -0.00352507 -0.104814 0.104874
8.77 -0.00998314 -0.104204 0.104681
8.78 -0.0163792 -0.103196 0.104488
8.79 -0.022689 -0.101795 0.104293
8.8 -0.0288882 -0.100008 0.104097
8.81 -0.0349533 -0.0978428 0.103899
8.82 -0.0408608 -0.0953084 0.103698
8.83 -0.0465887 -0.0924155 0.103495
8.84 -0.0521147 -0.0891767 0.103288
8.85 -0.0574183 -0.0856052 0.103078
8.86 -0.0624794 -0.0817159 0.102865
8.87 -0.067279 -0.0775247 0.102648
8.88 -0.071799 -0.0730491 0.102427
8.89 -0.0760228 -0.0683068 0.102202
8.9 -0.0799347 -0.0633175 0.101974
8.91 -0.0835203 -0.0581013 0.101742
8.92 -0.0867666 -0.0526792 0.101506
8.93 -0.0896622 -0.0470729 0.101268
8.94 -0.0921963 -0.0413053 0.101026
8.95 -0.0943607 -0.035399 0.100782
8.96 -0.0961476 -0.029378 0.100536
8.97 -0.0975513 -0.0232661 0.100287
8.98 -0.0985677 -0.0170878 0.100038
8.99 -0.0991938 -0.0108673 0.0997873
9 -0.0994287 -0.00462966 0.0995364
9.01 -0.0992724 0.00160083 0.0992853
9.02 -0.0987271 0.00779932 0.0990346
9.03 -0.097796 0.0139417 0.0987848
9.04 -0.0964844 0.0200035 0.0985362
9.05 -0.0947984 0.0259613 0.098289
9.06 -0.0927464 0.0317916 0.0980438
9.07 -0.0903373 0.037472 0.0978007
9.08 -0.0875822 0.0429801 0.0975598
9.09 -0.084493 0.0482949 0.0973215
9.1 -0.0810835 0.0533956 0.0970856
9.11 -0.0773679 0.058263 0.0968523
9.12 -0.0733625 0.0628782 0.0966216
9.13 -0.0690839 0.0672238 0.0963931
9.14 -0.0645505 0.0712834 0.096167
9.15 -0.0597808 0.0750418 0.0959427
9.16 -0.0547952 0.0784849 0.0957203
9.17 -0.0496139 0.0816002 0.0954993
9.18 -0.0442586 0.0843763 0.0952795
9.19 -0.0387513 0.0868033 0.0950604
9.2 -0.0331146 0.0888729 0.0948418
9.21 -0.0273715 0.0905777 0.0946231
9.22 -0.0215455 0.0919127 0.0944042
9.23 -0.0156601 0.0928733 0.0941843
9.24 -0.00973928 0.0934575 0.0939636
9.25 -0.00380687 0.0936641 0.0937415
9.26 0.00211303 0.0934937 0.0935176
9.27 0.00799713 0.0929484 0.0932918
9.28 0.0138214 0.092032 0.093064
9.29 0.0195629 0.0907492 0.0928338
9.3 0.0251987 0.089107 0.0926015
9.31 0.0307065 0.0871129 0.0923664
9.32 0.0360646 0.084777 0.0921292
9.33 0.0412519 0.0821094 0.0918895
9.34 0.0462482 0.0791228 0.0916478
9.35 0.0510339 0.07583 0.0914038
9.36 0.0555906 0.072246 0.0911582
9.37 0.0599007 0.0683862 0.0909107
9.38 0.0639477 0.0642677 0.0906622
9.39 0.0677161 0.0599077 0.0904124
9.4 0.0711919 0.0553255 0.0901621
9.41 0.0743622 0.0505403 0.0899114
9.42 0.0772151 0.0455727 0.0896607
9.43 0.0797406 0.0404432 0.0894104
9.44 0.0819294 0.035174 0.0891608
9.45 0.0837743 0.0297866 0.0889121
9.46 0.085269 0.024304 0.0886651
9.47 0.0864088 0.0187486 0.0884194
9.48 0.0871906 0.0131437 0.0881758
9.49 0.0876127 0.00751219 0.0879341
9.5 0.0876748 0.00187756 0.0876949
9.51 0.0873782 -0.00373735 0.0874581
9.52 0.0867255 -0.00930941 0.0872238
9.53 0.085721 -0.0148161 0.086992
9.54 0.0843703 -0.0202348 0.0867629
9.55 0.0826802 -0.0255439 0.0865362
9.56 0.0806594 -0.0307218 0.086312
9.57 0.0783173 -0.035748 0.0860901
9.58 0.075665 -0.0406021 0.0858704
9.59 0.0727147 -0.0452651 0.0856525
9.6 0.0694799 -0.0497183 0.0854364
9.61 0.0659749 -0.0539446 0.0852215
9.62 0.0622157 -0.0579273 0.085008
9.63 0.0582185 -0.0616507 0.0847951
9.64 0.0540011 -0.065101 0.0845829
9.65 0.0495815 -0.0682648 0.0843707
9.66 0.0449793 -0.0711303 0.0841586
9.67 0.0402139 -0.0736869 0.083946
9.68 0.0353061 -0.0759254 0.0837328
9.69 0.0302765 -0.0778377 0.0835187
9.7 0.0251466 -0.0794175 0.0833036
9.71 0.019938 -0.0806594 0.0830871
9.72 0.0146729 -0.0815601 0.0828694
9.73 0.00937314 -0.0821169 0.0826501
9.74 0.00406104 -0.0823292 0.0824293
9.75 -0.0012415 -0.0821975 0.0822068
9.76 -0.00651203 -0.081724 0.081983
9.77 -0.0117294 -0.0809118 0.0817576
9.78 -0.0168715 -0.0797664 0.0815311
9.79 -0.0219175 -0.0782933 0.0813033
9.8 -0.0268469 -0.0765007 0.0810747
9.81 -0.0316394 -0.074397 0.0808453
9.82 -0.0362758 -0.0719927 0.0806156
9.83 -0.0407374 -0.0692988 0.0803857
9.84 -0.0450062 -0.0663283 0.0801561
9.85 -0.0490652 -0.0630944 0.0799268
9.86 -0.0528984 -0.0596122 0.0796985
9.87 -0.0564906 -0.0558969 0.0794711
9.88 -0.0598281 -0.0519658 0.0792455
9.89 -0.0628977 -0.0478356 0.0790213
9.9 -0.0656879 -0.043525 0.0787992
9.91 -0.0681881 -0.0390526 0.0785794
9.92 -0.0703891 -0.0344382 0.0783621
9.93 -0.0722829 -0.0297016 0.0781473
9.94 -0.073863 -0.0248635 0.0779355
9.95 -0.0751238 -0.0199445 0.0777263
9.96 -0.076062 -0.0149657 0.0775203
9.97 -0.0766743 -0.00994853 0.077317
9.98 -0.0769601 -0.00491415 0.0771168
9.99 -0.0769192 0.00011608 0.0769193
10 -0.0765536 0.00512088 0.0767246
10.01 -0.0758658 0.0100792 0.0765324
10.02 -0.0748604 0.0149704 0.0763426
10.03 -0.0735428 0.019774 0.0761548
10.04 -0.0719204 0.0244701 0.0759692
10.05 -0.0700006 0.0290392 0.075785
10.06 -0.0677935 0.0334625 0.0756023
10.07 -0.0653092 0.037722 0.0754204
10.08 -0.0625598 0.0418003 0.0752396
10.09 -0.0595578 0.0456808 0.075059
10.1 -0.0563173 0.0493479 0.0748789
10.11 -0.0528527 0.0527867 0.0746983
10.12 -0.04918 0.0559843 0.0745178
10.13 -0.0453154 0.0589272 0.0743364
10.14 -0.0412764 0.0616047 0.0741545
10.15 -0.0370808 0.0640061 0.0739714
10.16 -0.0327472 0.0661227 0.0737874
10.17 -0.0282944 0.0679463 0.0736021
10.18 -0.0237422 0.0694707 0.0734158
10.19 -0.0191103 0.0706904 0.073228
10.2 -0.0144187 0.0716018 0.0730392
10.21 -0.0096877 0.0722019 0.072849
10.22 -0.00493784 0.0724899 0.0726579
10.23 -0.000189227 0.0724655 0.0724657
10.24 0.00453765 0.0721303 0.0722729
10.25 0.00922287 0.0714869 0.0720794
10.26 0.0138462 0.0705397 0.0718858
10.27 0.0183885 0.0692934 0.0716918
10.28 0.0228305 0.0677552 0.0714983
10.29 0.0271534 0.0659324 0.0713049
10.3 0.0313395 0.0638345 0.0711126
10.31 0.0353711 0.0614712 0.0709212
10.32 0.0392316 0.058854 0.0707313
10.33 0.0429053 0.0559949 0.0705428
10.34 0.0463769 0.0529076 0.0703565
10.35 0.0496324 0.0496059 0.0701721
10.36 0.0526587 0.0461052 0.0699902
10.37 0.0554435 0.042421 0.0698106
10.38 0.0579761 0.0385703 0.069634
10.39 0.0602463 0.0345701 0.0694601
10.4 0.0622456 0.0304383 0.0692893
10.41 0.0639661 0.0261933 0.0691213
10.42 0.0654019 0.0218538 0.0689565
10.43 0.0665474 0.017439 0.0687944
10.44 0.0673993 0.0129681 0.0686355
10.45 0.0679544 0.00846088 0.0684791
10.46 0.0682122 0.00393663 0.0683257
10.47 0.0681721 -0.000584576 0.0681746
10.48 0.0678357 -0.00508358 0.0680259
10.49 0.0672054 -0.00954076 0.0678792
10.5 0.0662852 -0.0139371 0.0677346
10.51 0.06508 -0.0182537 0.0675914
10.52 0.0635962 -0.0224722 0.0674498
10.53 0.061841 -0.0265745 0.067309
10.54 0.0598234 -0.0305435 0.0671695
10.55 0.0575526 -0.0343623 0.0670303
10.56 0.0550399 -0.038015 0.0668919
10.57 0.0522967 -0.041486 0.0667535
10.58 0.0493359 -0.0447613 0.0666154
10.59 0.0461709 -0.0478271 0.0664769
10.6 0.0428165 -0.0506711 0.0663386
10.61 0.0392878 -0.0532811 0.0661997
10.62 0.0356006 -0.0556473 0.0660608
10.63 0.0317717 -0.0577597 0.0659214
10.64 0.027818 -0.0596104 0.0657818
10.65 0.0237574 -0.061192 0.065642
10.66 0.0196079 -0.0624986 0.0655022
10.67 0.0153877 -0.0635252 0.0653624
10.68 0.0111155 -0.0642688 0.0652229
10.69 0.00681033 -0.0647265 0.0650838
10.7 0.0024907 -0.0648977 0.0649455
10.71 -0.00182422 -0.0647823 0.064808
10.72 -0.00611581 -0.0643821 0.0646719
10.73 -0.0103651 -0.0636993 0.0645371
10.74 -0.0145541 -0.0627383 0.0644043
10.75 -0.0186642 -0.0615037 0.0642733
10.76 -0.0226782 -0.0600023 0.0641449
10.77 -0.0265782 -0.058241 0.0640189
10.78 -0.0303482 -0.0562287 0.0638959
10.79 -0.0339714 -0.0539749 0.0637757
10.8 -0.037433 -0.0514899 0.0636588
10.81 -0.0407178 -0.0487858 0.0635452
10.82 -0.0438121 -0.0458748 0.063435
10.83 -0.0467028 -0.0427703 0.0633281
10.84 -0.0493781 -0.0394864 0.0632248
10.85 -0.0518263 -0.0360383 0.0631247
10.86 -0.0540379 -0.0324413 0.0630281
10.87 -0.0560033 -0.0287118 0.0629343
10.88 -0.0577149 -0.0248664 0.0628438
10.89 -0.0591655 -0.0209224 0.0627559
10.9 -0.0603497 -0.0168973 0.0626706
10.91 -0.0612627 -0.0128091 0.0625875
10.92 -0.0619014 -0.00867584 0.0625065
10.93 -0.0622634 -0.00451591 0.062427
10.94 -0.0623481 -0.000347362 0.0623491
10.95 -0.0621555 0.00381103 0.0622722
10.96 -0.0616871 0.00794147 0.0621962
10.97 -0.0609457 0.0120256 0.0621208
10.98 -0.0599352 0.0160456 0.0620459
10.99 -0.0586604 0.019984 0.061971
11 -0.0571278 0.0238237 0.0618963
11.01 -0.0553444 0.027548 0.0618215
11.02 -0.0533188 0.0311409 0.0617466
11.03 -0.0510602 0.0345866 0.0616715
11.04 -0.0485792 0.0378707 0.0615965
11.05 -0.0458869 0.0409786 0.0615212
11.06 -0.0429958 0.0438976 0.0614462
11.07 -0.0399191 0.0466147 0.0613715
11.08 -0.0366703 0.0491187 0.0612973
11.09 -0.0332644 0.0513988 0.0612238
11.1 -0.0297163 0.0534457 0.0611514
11.11 -0.0260424 0.0552504 0.0610804
11.12 -0.0222585 0.0568058 0.061011
11.13 -0.018382 0.0581054 0.0609437
11.14 -0.0144297 0.0591439 0.0608787
11.15 -0.0104195 0.0599172 0.0608164
11.16 -0.0063689 0.0604224 0.0607572
11.17 -0.00229611 0.0606576 0.0607011
11.18 0.0017814 0.0606224 0.0606485
11.19 0.00584495 0.0603171 0.0605996
11.2 0.00987736 0.0597437 0.0605547
11.21 0.0138602 0.058905 0.0605137
11.22 0.0177767 0.0578052 0.0604768
11.23 0.0216089 0.0564494 0.060444
11.24 0.0253408 0.0548437 0.0604152
11.25 0.0289553 0.052996 0.0603902
11.26 0.0324372 0.0509141 0.0603691
11.27 0.0357708 0.0486081 0.0603514
11.28 0.0389421 0.0460877 0.0603371
11.29 0.0419368 0.043365 0.0603259
11.3 0.044742 0.0404514 0.0603172
11.31 0.0473456 0.0373605 0.0603109
11.32 0.0497364 0.0341056 0.0603067
11.33 0.0519037 0.0307016 0.0603041
11.34 0.0538384 0.0271632 0.0603027
11.35 0.055532 0.0235064 0.0603022
11.36 0.0569774 0.0197469 0.0603022
11.37 0.0581682 0.0159018 0.0603027
11.38 0.0590995 0.0119875 0.060303
11.39 0.0597672 0.00802188 0.0603032
11.4 0.0601685 0.00402168 0.0603028
11.41 0.060302 5.04256e-06 0.060302
11.42 0.0601669 -0.00401088 0.0603004
11.43 0.0597642 -0.00800793 0.0602983
11.44 0.0590954 -0.0119692 0.0602954
11.45 0.0581641 -0.0158769 0.0602921
11.46 0.0569739 -0.0197141 0.0602882
11.47 0.0555305 -0.023464 0.0602843
11.48 0.0538402 -0.0271102 0.0602804
11.49 0.0519103 -0.0306366 0.0602767
11.5 0.0497495 -0.0340281 0.0602738
11.51 0.0473675 -0.0372695 0.0602718
11.52 0.0447742 -0.0403469 0.0602711
11.53 0.0419816 -0.0432467 0.0602722
11.54 0.0390016 -0.0459564 0.0602753
11.55 0.0358475 -0.0484638 0.0602809
11.56 0.0325329 -0.0507582 0.0602892
11.57 0.0290724 -0.0528295 0.0603006
11.58 0.0254811 -0.0546685 0.0603153
11.59 0.021775 -0.0562673 0.0603337
11.6 0.0179698 -0.0576186 0.0603557
11.61 0.0140825 -0.0587166 0.0603818
11.62 0.01013 -0.0595564 0.0604117
11.63 0.00612945 -0.0601343 0.0604458
11.64 0.00209857 -0.0604474 0.0604838
11.65 -0.00194515 -0.0604944 0.0605256
11.66 -0.00598422 -0.0602749 0.0605712
11.67 -0.0100007 -0.0597898 0.0606204
11.68 -0.0139773 -0.0590408 0.0606728
11.69 -0.0178964 -0.0580314 0.0607283
11.7 -0.0217411 -0.0567653 0.0607863
11.71 -0.0255642 -0.0554298 0.0610409
11.72 -0.029361 -0.0540261 0.0614889
11.73 -0.0331272 -0.0525557 0.062125
11.74 -0.0368583 -0.0510198 0.0629408
11.75 -0.0405502 -0.0494201 0.0639271
11.76 -0.0441983 -0.0477579 0.0650715
11.77 -0.0477986 -0.0460351 0.0663622
11.78 -0.0513465 -0.044253 0.0677849
11.79 -0.0548384 -0.0424135 0.0693265
11.8 -0.0582697 -0.0405182 0.0709724
11.81 -0.0616368 -0.0385689 0.0727094
11.82 -0.0649355 -0.0365673 0.0745237
11.83 -0.0681621 -0.0345155 0.0764028
11.84 -0.0713123 -0.0324149 0.0783337
11.85 -0.0743832 -0.0302678 0.0803057
11.86 -0.0773703 -0.028076 0.0823069
11.87 -0.0802707 -0.0258414 0.0843277
11.88 -0.0830804 -0.023566 0.086358
11.89 -0.0857965 -0.0212519 0.0883893
11.9 -0.088415 -0.0189012 0.0904128
11.91 -0.0909334 -0.0165156 0.0924211
11.92 -0.093348 -0.0140976 0.0944065
11.93 -0.0956563 -0.0116488 0.096363
11.94 -0.0978549 -0.00917176 0.0982838
11.95 -0.0999413 -0.00666821 0.100164
11.96 -0.101913 -0.00414068 0.101997
11.97 -0.103766 -0.00159078 0.103778
11.98 -0.1055 0.000978977 0.105504
11.99 -0.10711 0.00356663 0.10717
12 -0.108596 0.00616985 0.108771
12.01 -0.109955 0.00878697 0.110306
12.02 -0.111185 0.0114153 0.111769
12.03 -0.112283 0.0140533 0.113159
12.04 -0.113249 0.0166983 0.114473
12.05 -0.11408 0.0193487 0.115709
12.06 -0.114774 0.0220021 0.116864
12.07 -0.11533 0.0246567 0.117937
12.08 -0.115748 0.0273102 0.118926
12.09 -0.116025 0.0299608 0.119831
12.1 -0.11616 0.0326063 0.120649
12.11 -0.116152 0.035245 0.121382
12.12 -0.116001 0.0378747 0.122028
12.13 -0.115706 0.0404936 0.122587
12.14 -0.115265 0.0430998 0.123059
12.15 -0.114679 0.0456915 0.123446
12.16 -0.113946 0.0482667 0.123747
12.17 -0.113068 0.0508238 0.123965
12.18 -0.112042 0.053361 0.1241
12.19 -0.11087 0.0558764 0.124155
12.2 -0.109552 0.0583688 0.124131
12.21 -0.108087 0.060836 0.124031
12.22 -0.106476 0.0632769 0.123859
12.23 -0.104719 0.0656895 0.123617
12.24 -0.102817 0.0680728 0.12331
12.25 -0.100771 0.0704248 0.12294
12.26 -0.0985802 0.0727446 0.122515
12.27 -0.0962469 0.0750304 0.122037
12.28 -0.0937717 0.0772812 0.121513
12.29 -0.0911555 0.0794954 0.12095
12.3 -0.0883997 0.0816723 0.120353
12.31 -0.0855056 0.0838101 0.11973
12.32 -0.0824746 0.0859081 0.119089
12.33 -0.079308 0.0879649 0.118438
12.34 -0.0760078 0.0899801 0.117786
12.35 -0.0725755 0.0919519 0.117142
12.36 -0.069013 0.0938801 0.116517
12.37 -0.0653223 0.0957633 0.115921
12.38 -0.0615052 0.0976011 0.115364
12.39 -0.0575641 0.0993926 0.114859
12.4 -0.0535011 0.101137 0.114416
12.41 -0.0493186 0.102834 0.114049
12.42 -0.0450187 0.104482 0.113768
12.43 -0.0406043 0.106082 0.113587
12.44 -0.0360776 0.107632 0.113518
12.45 -0.0314416 0.109133 0.113572
12.46 -0.0266987 0.110584 0.113761
12.47 -0.021852 0.111984 0.114096
12.48 -0.0169042 0.113333 0.114587
12.49 -0.0118584 0.114632 0.115244
12.5 -0.00671753 0.11588 0.116074
12.51 -0.00148487 0.117076 0.117085
12.52 0.00383686 0.118221 0.118283
12.53 0.00924389 0.119315 0.119672
12.54 0.0147333 0.120357 0.121255
12.55 0.0203015 0.121348 0.123035
12.56 0.0259453 0.122288 0.125011
12.57 0.0316611 0.123178 0.127182
12.58 0.0374454 0.124016 0.129546
12.59 0.0432949 0.124805 0.132101
12.6 0.0492056 0.125543 0.134841
12.61 0.0551742 0.126231 0.137763
12.62 0.0611969 0.12687 0.140859
12.63 0.0672701 0.127461 0.144123
12.64 0.0733899 0.128002 0.147549
12.65 0.0795527 0.128496 0.151129
12.66 0.0857546 0.128942 0.154855
12.67 0.091992 0.129342 0.15872
12.68 0.0982606 0.129695 0.162714
12.69 0.104557 0.130003 0.166832
12.7 0.110877 0.130266 0.171064
12.71 0.117218 0.130485 0.175403
12.72 0.123574 0.13066 0.179841
12.73 0.129943 0.130793 0.184369
12.74 0.13632 0.130884 0.188981
12.75 0.142702 0.130934 0.193669
12.76 0.149084 0.130944 0.198425
12.77 0.155463 0.130915 0.203242
12.78 0.161835 0.130847 0.208114
12.79 0.168196 0.130742 0.213034
12.8 0.174542 0.130601 0.217995
12.81 0.180871 0.130424 0.22299
12.82 0.187176 0.130212 0.228014
12.83 0.193456 0.129967 0.233059
12.84 0.199706 0.12969 0.238122
12.85 0.205923 0.12938 0.243195
12.86 0.212103 0.129041 0.248272
12.87 0.218242 0.128672 0.25335
12.88 0.224337 0.128274 0.258421
12.89 0.230385 0.12785 0.263482
12.9 0.236381 0.127399 0.268526
12.91 0.242322 0.126923 0.27355
12.92 0.248206 0.126423 0.278548
12.93 0.254028 0.1259 0.283516
12.94 0.259786 0.125355 0.288449
12.95 0.265476 0.124789 0.293342
12.96 0.271095 0.124204 0.298193
12.97 0.276639 0.1236 0.302995
12.98 0.282106 0.122979 0.307746
12.99 0.287493 0.122342 0.312442
13 0.292798 0.121689 0.317078
13.01 0.298015 0.121022 0.321651
13.02 0.303145 0.120342 0.326158
13.03 0.308182 0.11965 0.330594
13.04 0.313126 0.118946 0.334957
13.05 0.317972 0.118234 0.339243
13.06 0.32272 0.117512 0.343449
13.07 0.327365 0.116783 0.347572
13.08 0.331907 0.116047 0.351609
13.09 0.336342 0.115305 0.355557
13.1 0.340668 0.114559 0.359414
13.11 0.344883 0.113809 0.363176
13.12 0.348986 0.113056 0.366842
13.13 0.352974 0.112302 0.370408
13.14 0.356845 0.111547 0.373873
13.15 0.360598 0.110792 0.377234
13.16 0.36423 0.110039 0.380489
13.17 0.36774 0.109288 0.383636
13.18 0.371127 0.10854 0.386673
13.19 0.374388 0.107796 0.389598
13.2 0.377523 0.107057 0.392409
13.21 0.380531 0.106324 0.395106
13.22 0.383409 0.105597 0.397684
13.23 0.386156 0.104878 0.400145
13.24 0.388773 0.104167 0.402486
13.25 0.391257 0.103466 0.404706
13.26 0.393607 0.102774 0.406803
13.27 0.395823 0.102093 0.408778
13.28 0.397904 0.101424 0.410627
13.29 0.39985 0.100766 0.412351
13.3 0.401659 0.100122 0.413949
13.31 0.40333 0.0994915 0.41542
13.32 0.404865 0.0988752 0.416763
13.33 0.406261 0.0982739 0.417978
13.34 0.407519 0.0976883 0.419064
13.35 0.408639 0.0971189 0.420021
13.36 0.40962 0.0965666 0.420849
13.37 0.410462 0.0960315 0.421546
13.38 0.411165 0.0955148 0.422113
13.39 0.411729 0.0950164 0.42255
13.4 0.412154 0.0945374 0.422857
13.41 0.412441 0.0940779 0.423034
13.42 0.412588 0.0936389 0.423081
13.43 0.412598 0.0932202 0.422998
13.44 0.41247 0.0928229 0.422785
13.45 0.412203 0.092447 0.422443
13.46 0.4118 0.0920933 0.421972
13.47 0.41126 0.0917618 0.421373
13.48 0.410584 0.0914532 0.420646
13.49 0.409772 0.0911676 0.419791
13.5 0.408825 0.0909057 0.41881
13.51 0.407744 0.0906673 0.417703
13.52 0.406529 0.0904533 0.416471
13.53 0.405181 0.0902633 0.415114
13.54 0.403702 0.0900981 0.413634
13.55 0.402091 0.0899577 0.412031
13.56 0.40035 0.0898423 0.410307
13.57 0.398479 0.0897521 0.408462
13.58 0.396481 0.0896872 0.406498
13.59 0.394354 0.0896478 0.404416
13.6 0.392102 0.0896339 0.402216
13.61 0.389724 0.0896458 0.399901
13.62 0.387222 0.0896832 0.397472
13.63 0.384597 0.0897465 0.394929
13.64 0.38185 0.0898354 0.392275
13.65 0.378983 0.0899501 0.389511
13.66 0.375996 0.0900902 0.386638
13.67 0.372891 0.0902561 0.383658
13.68 0.369668 0.0904473 0.380573
13.69 0.366331 0.090664 0.377383
13.7 0.362878 0.0909056 0.374092
13.71 0.359313 0.0911726 0.3707
13.72 0.355636 0.091464 0.36721
13.73 0.351849 0.09178 0.363623
13.74 0.347953 0.0921203 0.359941
13.75 0.34395 0.0924846 0.356167
13.76 0.33984 0.0928725 0.352302
13.77 0.335625 0.0932838 0.348348
13.78 0.331308 0.093718 0.344308
13.79 0.326888 0.0941747 0.340183
13.8 0.322368 0.0946535 0.335977
13.81 0.31775 0.095154 0.331691
13.82 0.313033 0.0956757 0.327328
13.83 0.308221 0.096218 0.32289
13.84 0.303315 0.0967805 0.318381
13.85 0.298315 0.0973626 0.313802
13.86 0.293224 0.0979638 0.309156
13.87 0.288043 0.0985833 0.304447
13.88 0.282774 0.0992208 0.299676
13.89 0.277418 0.0998751 0.294849
13.9 0.271976 0.100546 0.289967
13.91 0.266451 0.101233 0.285034
13.92 0.260843 0.101935 0.280053
13.93 0.255155 0.102651 0.275029
13.94 0.249387 0.10338 0.269965
13.95 0.243541 0.104122 0.264866
13.96 0.23762 0.104876 0.259735
13.97 0.231623 0.105642 0.254577
13.98 0.225553 0.106417 0.249397
13.99 0.219412 0.107202 0.2442
14 0.2132 0.107995 0.238992
14.01 0.20692 0.108795 0.233778
14.02 0.200572 0.109602 0.228565
14.03 0.194159 0.110414 0.223359
14.04 0.187682 0.111231 0.218167
14.05 0.181142 0.112052 0.212997
14.06 0.174541 0.112875 0.207858
14.07 0.16788 0.113699 0.202758
14.08 0.161161 0.114523 0.197708
14.09 0.154385 0.115347 0.192716
14.1 0.147554 0.116168 0.187796
14.11 0.140669 0.116987 0.182958
14.12 0.133732 0.117801 0.178218
14.13 0.126745 0.11861 0.173587
14.14 0.119708 0.119412 0.169083
14.15 0.112623 0.120206 0.164722
14.16 0.105492 0.120991 0.160522
14.17 0.0983154 0.121766 0.156502
14.18 0.0910959 0.122529 0.152682
14.19 0.0838344 0.123279 0.149083
14.2 0.0765326 0.124014 0.145728
14.21 0.0691917 0.124734 0.142639
14.22 0.0618134 0.125436 0.13984
14.23 0.0543992 0.12612 0.137352
14.24 0.0469503 0.126784 0.135199
14.25 0.0394685 0.127428 0.1334
14.26 0.0319552 0.128048 0.131975
14.27 0.0244121 0.128644 0.13094
14.28 0.0168403 0.129214 0.130307
14.29 0.00924192 0.129757 0.130086
14.3 0.00161791 0.130272 0.130282
14.31 -0.00603481 0.13034 0.130479
14.32 -0.0136906 0.129958 0.130677
14.33 -0.0213227 0.129128 0.130877
14.34 -0.0289054 0.127851 0.131078
14.35 -0.0364119 0.126129 0.13128
14.36 -0.0438169 0.123967 0.131483
14.37 -0.0510939 0.121371 0.131688
14.38 -0.0582185 0.118349 0.131893
14.39 -0.0651647 0.114909 0.1321
14.4 -0.0719088 0.111062 0.132309
14.41 -0.0784267 0.106819 0.132518
14.42 -0.0846953 0.102194 0.132729
14.43 -0.090692 0.0972019 0.132941
14.44 -0.0963957 0.091858 0.133154
14.45 -0.101785 0.0861794 0.133369
14.46 -0.106842 0.0801849 0.133584
14.47 -0.111546 0.0738935 0.133801
14.48 -0.115881 0.0673262 0.13402
14.49 -0.119831 0.0605042 0.134239
14.5 -0.12338 0.0534505 0.13446
14.51 -0.126515 0.0461881 0.134682
14.52 -0.129223 0.0387418 0.134905
14.53 -0.131494 0.0311358 0.13513
14.54 -0.133318 0.0233966 0.135356
14.55 -0.134688 0.0155494 0.135583
14.56 -0.135597 0.00762166 0.135811
14.57 -0.136041 -0.000360056 0.136041
14.58 -0.136015 -0.00836837 0.136272
14.59 -0.135518 -0.0163758 0.136504
14.6 -0.134551 -0.0243546 0.136737
14.61 -0.133115 -0.0322774 0.136972
14.62 -0.131212 -0.0401164 0.137208
14.63 -0.128849 -0.0478444 0.137445
14.64 -0.12603 -0.0554341 0.137683
14.65 -0.122766 -0.0628591 0.137923
14.66 -0.119063 -0.0700929 0.138163
14.67 -0.114935 -0.0771098 0.138405
14.68 -0.110393 -0.0838849 0.138648
14.69 -0.105452 -0.0903935 0.138893
14.7 -0.100127 -0.0966124 0.139138
14.71 -0.0944358 -0.102519 0.139385
14.72 -0.0883952 -0.108091 0.139633
14.73 -0.0820257 -0.113308 0.139882
14.74 -0.0753478 -0.118152 0.140132
14.75 -0.0683834 -0.122602 0.140384
14.76 -0.0611555 -0.126644 0.140637
14.77 -0.0536882 -0.13026 0.14089
14.78 -0.0460063 -0.133437 0.141146
14.79 -0.0381356 -0.136162 0.141402
14.8 -0.0301026 -0.138424 0.141659
14.81 -0.0219347 -0.140212 0.141917
14.82 -0.0136595 -0.141519 0.142177
14.83 -0.00530538 -0.142339 0.142438
14.84 0.00309882 -0.142666 0.1427
14.85 0.0115245 -0.142497 0.142963
14.86 0.019942 -0.141832 0.143227
14.87 0.0283226 -0.140669 0.143492
14.88 0.0366363 -0.139012 0.143759
14.89 0.0448546 -0.136863 0.144026
14.9 0.0529479 -0.134229 0.144295
14.91 0.060888 -0.131117 0.144564
14.92 0.0686462 -0.127534 0.144835
14.93 0.0761952 -0.123492 0.145107
14.94 0.0835071 -0.119004 0.14538
14.95 0.0905563 -0.114082 0.145654
14.96 0.0973163 -0.108742 0.145929
14.97 0.103763 -0.103002 0.146206
14.98 0.109872 -0.096878 0.146483
14.99 0.115621 -0.0903916 0.146761
15 0.120988 -0.0835632 0.14704
15.01 0.125953 -0.0764157 0.147321
15.02 0.130496 -0.068972 0.147602
15.03 0.134601 -0.0612576 0.147884
15.04 0.13825 -0.0532976 0.148168
15.05 0.141429 -0.0451195 0.148452
15.06 0.144126 -0.0367503 0.148738
15.07 0.146328 -0.0282191 0.149024
15.08 0.148025 -0.0195546 0.149311
15.09 0.14921 -0.0107871 0.1496
15.1 0.149876 -0.00194618 0.149889
15.11 0.150019 0.00693668 0.150179
15.12 0.149635 0.0158312 0.15047
15.13 0.148724 0.0247057 0.150762
15.14 0.147287 0.0335294 0.151055
15.15 0.145326 0.0422706 0.151349
15.16 0.142847 0.0508988 0.151644
15.17 0.139855 0.0593827 0.15194
15.18 0.136359 0.0676922 0.152237
15.19 0.132369 0.0757971 0.152534
15.2 0.127897 0.083668 0.152833
15.21 0.122956 0.0912764 0.153132
15.22 0.117562 0.0985941 0.153433
15.23 0.111731 0.105594 0.153734
15.24 0.105484 0.112251 0.154036
15.25 0.0988383 0.118539 0.154339
15.26 0.0918174 0.124434 0.154643
15.27 0.0844437 0.129915 0.154947
15.28 0.0767421 0.134959 0.155253
15.29 0.0687378 0.139548 0.155559
15.3 0.0604582 0.143663 0.155866
15.31 0.0519309 0.147287 0.156174
15.32 0.0431854 0.150406 0.156483
15.33 0.0342511 0.153006 0.156793
15.34 0.0251591 0.155076 0.157103
15.35 0.0159408 0.156606 0.157415
15.36 0.00662808 0.157587 0.157727
15.37 -0.00274634 0.158016 0.15804
15.38 -0.0121498 0.157887 0.158354
15.39 -0.0215488 0.157198 0.158668
15.4 -0.0309104 0.15595 0.158984
15.41 -0.040201 0.154144 0.1593
15.42 -0.0493875 0.151784 0.159617
15.43 -0.0584368 0.148876 0.159935
15.44 -0.0673165 0.145429 0.160253
15.45 -0.0759938 0.141451 0.160572
15.46 -0.0844377 0.136955 0.160892
15.47 -0.0926164 0.131954 0.161213
15.48 -0.100501 0.126464 0.161535
15.49 -0.10806 0.120502 0.161857
15.5 -0.115267 0.114088 0.16218
15.51 -0.122094 0.107241 0.162504
15.52 -0.128516 0.0999844 0.162829
15.53 -0.134507 0.0923423 0.163154
15.54 -0.140045 0.0843403 0.16348
15.55 -0.145107 0.0760046 0.163807
15.56 -0.149674 0.0673642 0.164135
15.57 -0.153727 0.0584478 0.164463
15.58 -0.157249 0.0492864 0.164792
15.59 -0.160226 0.0399112 0.165122
15.6 -0.162644 0.0303551 0.165452
15.61 -0.164492 0.0206506 0.165783
15.62 -0.165762 0.0108327 0.166115
15.63 -0.166445 0.000934905 0.166448
15.64 -0.166538 -0.00900702 0.166781
15.65 -0.166036 -0.0189584 0.167115
15.66 -0.16494 -0.0288832 0.16745
15.67 -0.16325 -0.0387465 0.167785
15.68 -0.160969 -0.048512 0.168121
15.69 -0.158105 -0.058145 0.168458
15.7 -0.154663 -0.0676101 0.168795
15.71 -0.150653 -0.0768728 0.169133
15.72 -0.146089 -0.0858991 0.169471
15.73 -0.140982 -0.0946556 0.169811
15.74 -0.13535 -0.10311 0.17015
15.75 -0.12921 -0.11123 0.170491
15.76 -0.122581 -0.118985 0.170832
15.77 -0.115486 -0.126347 0.171174
15.78 -0.107947 -0.133286 0.171516
15.79 -0.0999905 -0.139777 0.171859
15.8 -0.091642 -0.145793 0.172203
15.81 -0.0829303 -0.151311 0.172547
15.82 -0.0738847 -0.15631 0.172892
15.83 -0.0645366 -0.160768 0.173237
15.84 -0.0549178 -0.164667 0.173584
15.85 -0.0450619 -0.167991 0.17393
15.86 -0.0350033 -0.170726 0.174277
15.87 -0.0247771 -0.172858 0.174625
15.88 -0.0144195 -0.174378 0.174973
15.89 -0.00396696 -0.175277 0.175322
15.9 0.00654298 -0.17555 0.175671
15.91 0.017073 -0.175191 0.176021
15.92 0.0275852 -0.174201 0.176372
15.93 0.0380416 -0.17258 0.176723
15.94 0.0484041 -0.17033 0.177074
15.95 0.0586353 -0.167457 0.177426
15.96 0.0686972 -0.163969 0.177779
15.97 0.0785533 -0.159876 0.178132
15.98 0.0881665 -0.155189 0.178485
15.99 0.0975017 -0.149923 0.178839
16 0.106523 -0.144094 0.179193
16.01 0.115198 -0.137721 0.179548
16.02 0.123492 -0.130824 0.179903
16.03 0.131374 -0.123427 0.180259
16.04 0.138814 -0.115553 0.180615
16.05 0.145783 -0.10723 0.180972
16.06 0.152253 -0.0984842 0.181329
16.07 0.1582 -0.0893467 0.181686
16.08 0.163598 -0.0798484 0.182044
16.09 0.168427 -0.0700224 0.182403
16.1 0.172665 -0.0599024 0.182761
16.11 0.176296 -0.0495245 0.18312
16.12 0.179303 -0.0389243 0.183479
16.13 0.181673 -0.0281403 0.183839
16.14 0.183394 -0.0172099 0.184199
16.15 0.184456 -0.0061728 0.18456
16.16 0.184855 0.00493188 0.18492
16.17 0.184584 0.0160635 0.185281
16.18 0.183642 0.0271824 0.185643
16.19 0.182029 0.0382475 0.186004
16.2 0.17975 0.0492188 0.186366
16.21 0.176807 0.0600555 0.186728
16.22 0.173211 0.0707179 0.187091
16.23 0.16897 0.0811663 0.187453
16.24 0.164098 0.0913618 0.187816
16.25 0.158608 0.101266 0.188179
16.26 0.152521 0.110841 0.188543
16.27 0.145853 0.120052 0.188906
16.28 0.138627 0.128862 0.18927
16.29 0.130867 0.137239 0.189633
16.3 0.1226 0.145148 0.189997
16.31 0.113853 0.152561 0.190361
16.32 0.104656 0.159447 0.190725
16.33 0.0950407 0.165778 0.19109
16.34 0.0850405 0.17153 0.191454
16.35 0.0746902 0.176679 0.191818
16.36 0.0640263 0.181204 0.192183
16.37 0.0530864 0.185085 0.192547
16.38 0.0419095 0.188304 0.192912
16.39 0.0305354 0.190849 0.193276
16.4 0.019005 0.192706 0.193641
16.41 0.00735994 0.193866 0.194006
16.42 -0.00435764 0.194321 0.19437
16.43 -0.0161051 0.194068 0.194735
16.44 -0.0278395 0.193103 0.195099
16.45 -0.0395174 0.191427 0.195464
16.46 -0.0510964 0.189044 0.195828
16.47 -0.0625327 0.18596 0.196192
16.48 -0.0737845 0.182182 0.196557
16.49 -0.084809 0.177722 0.196921
16.5 -0.0955653 0.172594 0.197285
16.51 -0.106012 0.166813 0.197649
16.52 -0.116111 0.160398 0.198013
16.53 -0.125822 0.15337 0.198377
16.54 -0.135108 0.145752 0.198741
16.55 -0.143934 0.13757 0.199104
16.56 -0.152264 0.128852 0.199467
16.57 -0.160067 0.119628 0.199831
16.58 -0.167312 0.109929 0.200194
16.59 -0.173968 0.0997894 0.200557
16.6 -0.180011 0.0892453 0.200919
16.61 -0.185414 0.078333 0.201282
16.62 -0.190155 0.0670922 0.201644
16.63 -0.194215 0.0555621 0.202007
16.64 -0.197575 0.0437849 0.202369
16.65 -0.200221 0.0318026 0.202731
16.66 -0.202138 0.0196588 0.203092
16.67 -0.203319 0.00739754 0.203454
16.68 -0.203755 -0.00493607 0.203815
16.69 -0.203442 -0.0172971 0.204176
16.7 -0.202378 -0.0296397 0.204537
16.71 -0.200564 -0.0419183 0.204897
16.72 -0.198003 -0.0540872 0.205258
16.73 -0.194703 -0.0661011 0.205618
16.74 -0.190673 -0.0779147 0.205978
16.75 -0.185924 -0.0894838 0.206337
16.76 -0.180472 -0.100764 0.206697
16.77 -0.174334 -0.111714 0.207056
16.78 -0.167529 -0.12229 0.207415
16.79 -0.160082 -0.132452 0.207773
16.8 -0.152016 -0.142162 0.208132
16.81 -0.14336 -0.151381 0.20849
16.82 -0.134142 -0.160073 0.208848
16.83 -0.124396 -0.168204 0.209206
16.84 -0.114155 -0.175742 0.209563
16.85 -0.103456 -0.182656 0.20992
16.86 -0.0923354 -0.188919 0.210277
16.87 -0.0808343 -0.194505 0.210633
16.88 -0.0689933 -0.199391 0.21099
16.89 -0.0568554 -0.203555 0.211346
16.9 -0.0444644 -0.206979 0.211702
16.91 -0.0318653 -0.209649 0.212057
16.92 -0.0191043 -0.211551 0.212412
16.93 -0.00622791 -0.212676 0.212767
16.94 0.00671588 -0.213016 0.213122
16.95 0.01968 -0.212567 0.213476
16.96 0.0326153 -0.211328 0.21383
16.97 0.0454747 -0.209301 0.214184
16.98 0.0582091 -0.20649 0.214537
16.99 0.0707713 -0.202902 0.21489
17 0.0831134 -0.198549 0.215243
17.01 0.0951892 -0.193444 0.215596
17.02 0.106952 -0.187603 0.215948
17.03 0.118358 -0.181044 0.2163
17.04 0.129362 -0.173791 0.216652
17.05 0.139923 -0.165867 0.217003
17.06 0.149998 -0.157299 0.217354
17.07 0.15955 -0.148118 0.217705
17.08 0.16854 -0.138355 0.218055
17.09 0.176934 -0.128044 0.218405
17.1 0.184696 -0.117222 0.218754
17.11 0.191796 -0.105927 0.219104
17.12 0.198206 -0.0942005 0.219453
17.13 0.203899 -0.0820843 0.219801
17.14 0.208851 -0.0696218 0.220149
17.15 0.21304 -0.0568589 0.220497
17.16 0.216449 -0.0438419 0.220845
17.17 0.219062 -0.0306189 0.221192
17.18 0.220867 -0.0172381 0.221538
17.19 0.221853 -0.00374957 0.221885
17.2 0.222014 0.00979711 0.22223
17.21 0.221347 0.023351 0.222576
17.22 0.219852 0.0368618 0.222921
17.23 0.21753 0.0502784 0.223265
17.24 0.214389 0.0635505 0.223609
17.25 0.210435 0.0766277 0.223953
17.26 0.205683 0.0894604 0.224296
17.27 0.200146 0.102 0.224638
17.28 0.193844 0.114197 0.224981
17.29 0.186795 0.126007 0.225322
17.3 0.179026 0.137382 0.225663
17.31 0.170562 0.148278 0.226004
17.32 0.161432 0.158654 0.226344
17.33 0.15167 0.168469 0.226683
17.34 0.141308 0.177683 0.227022
17.35 0.130385 0.18626 0.227361
17.36 0.118939 0.194165 0.227698
17.37 0.107011 0.201367 0.228036
17.38 0.0946458 0.207837 0.228372
17.39 0.081887 0.213546 0.228708
17.4 0.0687817 0.218472 0.229044
17.41 0.0553781 0.222593 0.229379
17.42 0.0417255 0.225891 0.229712
17.43 0.027875 0.228351 0.230046
17.44 0.0138773 0.22996 0.230379
17.45 -0.000214444 0.230711 0.230711
17.46 -0.0143483 0.230596 0.231042
17.47 -0.0284703 0.229614 0.231373
17.48 -0.0425277 0.227766 0.231703
17.49 -0.056467 0.225056 0.232032
17.5 -0.0702354 0.221491 0.23236
17.51 -0.0837799 0.217082 0.232688
17.52 -0.0970495 0.211843 0.233015
17.53 -0.109992 0.20579 0.233341
17.54 -0.122559 0.198946 0.233667
17.55 -0.1347 0.191331 0.233991
17.56 -0.14637 0.182974 0.234315
17.57 -0.157521 0.173902 0.234638
17.58 -0.168111 0.164149 0.23496
17.59 -0.178097 0.153749 0.235281
17.6 -0.18744 0.142739 0.235602
17.61 -0.196103 0.131159 0.235922
17.62 -0.20405 0.119051 0.236241
17.63 -0.211249 0.10646 0.236559
17.64 -0.217671 0.0934308 0.236876
17.65 -0.223289 0.0800124 0.237192
17.66 -0.228079 0.0662544 0.237507
17.67 -0.232021 0.0522073 0.237822
17.68 -0.235096 0.0379244 0.238135
17.69 -0.237291 0.0234583 0.238448
17.7 -0.238595 0.00886387 0.23876
17.71 -0.239 -0.00580421 0.239071
17.72 -0.238502 -0.0204903 0.23938
17.73 -0.2371 -0.0351387 0.239689
17.74 -0.234796 -0.0496938 0.239997
17.75 -0.231597 -0.0640999 0.240304
17.76 -0.227513 -0.078302 0.24061
17.77 -0.222556 -0.0922452 0.240915
17.78 -0.216742 -0.105876 0.241219
17.79 -0.210091 -0.119142 0.241522
17.8 -0.202627 -0.131991 0.241825
17.81 -0.194374 -0.144373 0.242126
17.82 -0.185363 -0.15624 0.242426
17.83 -0.175625 -0.167545 0.242725
17.84 -0.165195 -0.178243 0.243023
17.85 -0.154111 -0.188293 0.24332
17.86 -0.142414 -0.197653 0.243616
17.87 -0.130146 -0.206287 0.243911
17.88 -0.117353 -0.214159 0.244205
17.89 -0.104081 -0.221237 0.244497
17.9 -0.0903809 -0.227493 0.244789
17.91 -0.0763023 -0.232899 0.24508
17.92 -0.0618987 -0.237434 0.24537
17.93 -0.0472236 -0.241077 0.245658
17.94 -0.0323329 -0.243811 0.245946
17.95 -0.0172822 -0.245625 0.246232
17.96 -0.00212921 -0.246508 0.246518
17.97 0.013069 -0.246456 0.246802
17.98 0.0282543 -0.245464 0.247085
17.99 0.0433688 -0.243536 0.247367
18 0.0583542 -0.240675 0.247648
18.01 0.0731534 -0.23689 0.247928
18.02 0.0877087 -0.232194 0.248207
18.03 0.101964 -0.226601 0.248485
18.04 0.115865 -0.220131 0.248762
18.05 0.129356 -0.212806 0.249037
18.06 0.142385 -0.204653 0.249312
18.07 0.154901 -0.195699 0.249585
18.08 0.166856 -0.185978 0.249857
18.09 0.1782 -0.175525 0.250128
18.1 0.18889 -0.164377 0.250398
18.11 0.198883 -0.152577 0.250667
18.12 0.208139 -0.140166 0.250935
18.13 0.216621 -0.127192 0.251202
18.14 0.224293 -0.113703 0.251467
18.15 0.231126 -0.0997485 0.251732
18.16 0.237089 -0.0853817 0.251995
18.17 0.242159 -0.0706568 0.252257
18.18 0.246314 -0.0556289 0.252518
18.19 0.249535 -0.0403554 0.252778
18.2 0.251809 -0.0248941 0.253036
18.21 0.253123 -0.00930376 0.253294
18.22 0.25347 0.00635565 0.25355
18.23 0.252848 0.0220246 0.253805
18.24 0.251255 0.0376423 0.254059
18.25 0.248696 0.0531492 0.254312
18.26 0.245178 0.0684849 0.254563
18.27 0.240713 0.0835906 0.254814
18.28 0.235315 0.0984069 0.255063
18.29 0.229003 0.112877 0.255311
18.3 0.2218 0.126943 0.255558
18.31 0.21373 0.140552 0.255803
18.32 0.204823 0.153649 0.256048
18.33 0.195111 0.166182 0.256291
18.34 0.184631 0.178102 0.256532
18.35 0.17342 0.189362 0.256773
18.36 0.161519 0.199917 0.257012
18.37 0.148975 0.209724 0.25725
18.38 0.135832 0.218745 0.257487
18.39 0.122141 0.226941 0.257722
18.4 0.107954 0.234281 0.257956
18.41 0.0933232 0.240733 0.258189
18.42 0.0783049 0.246272 0.258421
18.43 0.0629566 0.250872 0.258651
18.44 0.0473361 0.254515 0.25888
18.45 0.031504 0.257185 0.259107
18.46 0.0155203 0.258869 0.259334
18.47 -0.000553036 0.259558 0.259558
18.48 -0.0166543 0.259247 0.259782
18.49 -0.032721 0.257936 0.260003
18.5 -0.0486914 0.255628 0.260224
18.51 -0.0645027 0.252329 0.260443
18.52 -0.0800939 0.248051 0.260661
18.53 -0.0954041 0.242806 0.260877
18.54 -0.110373 0.236615 0.261092
18.55 -0.124943 0.229499 0.261305
18.56 -0.139055 0.221484 0.261517
18.57 -0.152655 0.212598 0.261728
18.58 -0.165688 0.202875 0.261937
18.59 -0.178103 0.192351 0.262144
18.6 -0.18985 0.181065 0.26235
18.61 -0.200883 0.169058 0.262554
18.62 -0.211157 0.156377 0.262757
18.63 -0.220631 0.14307 0.262958
18.64 -0.229266 0.129186 0.263158
18.65 -0.237028 0.114779 0.263356
18.66 -0.243883 0.099904 0.263552
18.67 -0.249805 0.0846174 0.263747
18.68 -0.254767 0.0689779 0.26394
18.69 -0.25875 0.0530463 0.264132
18.7 -0.261736 0.0368833 0.264322
18.71 -0.26371 0.0205522 0.26451
18.72 -0.264664 0.00411548 0.264696
18.73 -0.264592 -0.0123622 0.264881
18.74 -0.263493 -0.0288174 0.265064
18.75 -0.261368 -0.0451852 0.265245
18.76 -0.258225 -0.0614024 0.265425
18.77 -0.254074 -0.0774048 0.265603
18.78 -0.248928 -0.0931301 0.265779
18.79 -0.242807 -0.108516 0.265953
18.8 -0.235733 -0.123502 0.266126
18.81 -0.227732 -0.138029 0.266297
18.82 -0.218833 -0.15204 0.266466
18.83 -0.20907 -0.165478 0.266633
18.84 -0.198479 -0.17829 0.266798
18.85 -0.1871 -0.190426 0.266961
18.86 -0.174977 -0.201836 0.267123
18.87 -0.162156 -0.212475 0.267282
18.88 -0.148685 -0.222299 0.26744
18.89 -0.134617 -0.23127 0.267596
18.9 -0.120006 -0.23935 0.26775
18.91 -0.104908 -0.246507 0.267902
18.92 -0.0893815 -0.252711 0.268052
18.93 -0.0734864 -0.257936 0.2682
18.94 -0.0572849 -0.26216 0.268346
18.95 -0.0408397 -0.265365 0.26849
18.96 -0.0242153 -0.267538 0.268631
18.97 -0.00747646 -0.268667 0.268771
18.98 0.00931119 -0.268748 0.268909
18.99 0.0260819 -0.267778 0.269045
19 0.0427696 -0.265759 0.269179
19.01 0.0593087 -0.262699 0.269311
19.02 0.0756343 -0.258607 0.26944
19.03 0.0916811 -0.253498 0.269568
19.04 0.107387 -0.247391 0.269693
19.05 0.122688 -0.240309 0.269816
19.06 0.137525 -0.232278 0.269937
19.07 0.151838 -0.223328 0.270056
19.08 0.16557 -0.213495 0.270173
19.09 0.178667 -0.202814 0.270288
19.1 0.191076 -0.191328 0.2704
19.11 0.202747 -0.17908 0.27051
19.12 0.213634 -0.166117 0.270619
19.13 0.223692 -0.152491 0.270724
19.14 0.232881 -0.138254 0.270828
19.15 0.241164 -0.123461 0.270929
19.16 0.248507 -0.10817 0.271029
19.17 0.25488 -0.0924411 0.271126
19.18 0.260256 -0.0763359 0.271221
19.19 0.264614 -0.0599168 0.271313
19.2 0.267935 -0.0432493 0.271403
19.21 0.270205 -0.0263981 0.271491
19.22 0.271413 -0.0094302 0.271577
19.23 0.271554 0.00758786 0.27166
19.24 0.270627 0.0245884 0.271741
19.25 0.268633 0.0415047 0.27182
19.26 0.265579 0.0582693 0.271897
19.27 0.261478 0.074816 0.271971
19.28 0.256343 0.091079 0.272043
19.29 0.250195 0.106994 0.272112
19.3 0.243056 0.122497 0.272179
19.31 0.234954 0.137526 0.272244
19.32 0.22592 0.152022 0.272306
19.33 0.21599 0.165927 0.272367
19.34 0.205201 0.179185 0.272424
19.35 0.193597 0.191742 0.272479
19.36 0.181221 0.20355 0.272532
19.37 0.168124 0.214559 0.272582
19.38 0.154355 0.224726 0.27263
19.39 0.13997 0.234009 0.272675
19.4 0.125024 0.242372 0.272718
19.41 0.109578 0.24978 0.272759
19.42 0.0936915 0.256203 0.272797
19.43 0.0774276 0.261615 0.272832
19.44 0.0608512 0.265993 0.272865
19.45 0.0440273 0.26932 0.272895
19.46 0.0270234 0.271582 0.272923
19.47 0.0099064 0.272768 0.272948
19.48 -0.007255 0.272874 0.272971
19.49 -0.0243931 0.271898 0.27299
19.5 -0.0414389 0.269844 0.273008
19.51 -0.0583253 0.26672 0.273022
19.52 -0.0749838 0.262536 0.273034
19.53 -0.0913489 0.257309 0.273043
19.54 -0.107354 0.25106 0.27305
19.55 -0.122937 0.243813 0.273053
19.56 -0.138033 0.235596 0.273054
19.57 -0.152583 0.226442 0.273053
19.58 -0.166529 0.216387 0.273048
19.59 -0.179814 0.205471 0.27304
19.6 -0.192384 0.193736 0.27303
19.61 -0.204191 0.18123 0.273017
19.62 -0.215185 0.168002 0.273001
19.63 -0.225323 0.154106 0.272982
19.64 -0.234564 0.139595 0.27296
19.65 -0.24287 0.12453 0.272935
19.66 -0.250208 0.108968 0.272907
19.67 -0.256549 0.0929736 0.272876
19.68 -0.261866 0.0766095 0.272842
19.69 -0.266138 0.059942 0.272805
19.7 -0.269349 0.0430375 0.272765
19.71 -0.271483 0.0259638 0.272722
19.72 -0.272534 0.00878965 0.272676
19.73 -0.272496 -0.00841624 0.272626
19.74 -0.271371 -0.0255846 0.272574
19.75 -0.26916 -0.0426467 0.272518
19.76 -0.265875 -0.0595335 0.272459
19.77 -0.261528 -0.0761775 0.272397
19.78 -0.256137 -0.0925113 0.272331
19.79 -0.249722 -0.10847 0.272262
19.8 -0.242311 -0.123988 0.27219
19.81 -0.233932 -0.139004 0.272115
19.82 -0.224621 -0.153457 0.272036
19.83 -0.214414 -0.167289 0.271954
19.84 -0.203352 -0.180444 0.271868
19.85 -0.191481 -0.19287 0.271779
19.86 -0.178848 -0.204516 0.271686
19.87 -0.165505 -0.215335 0.27159
19.88 -0.151506 -0.225285 0.271491
19.89 -0.136907 -0.234324 0.271388
19.9 -0.121767 -0.242417 0.271281
19.91 -0.106149 -0.249532 0.271171
19.92 -0.0901146 -0.255639 0.271057
19.93 -0.0737297 -0.260715 0.270939
19.94 -0.05706 -0.264739 0.270818
19.95 -0.0401741 -0.267696 0.270694
19.96 -0.0231395 -0.269574 0.270565
19.97 -0.00602602 -0.270366 0.270433
19.98 0.0110975 -0.270069 0.270297
19.99 0.0281612 -0.268686 0.270157
20 0.0450963 -0.266222 0.270014
20.01 0.061834 -0.262687 0.269867
20.02 0.0783064 -0.258099 0.269716
20.03 0.0944473 -0.252474 0.269561
20.04 0.110191 -0.245837 0.269403
20.05 0.125474 -0.238216 0.26924
20.06 0.140234 -0.229642 0.269074
20.07 0.154412 -0.220151 0.268904
20.08 0.16795 -0.209782 0.26873
20.09 0.180795 -0.198578 0.268552
20.1 0.192894 -0.186586 0.26837
20.11 0.2042 -0.173854 0.268184
20.12 0.214665 -0.160436 0.267994
20.13 0.22425 -0.146386 0.267801
20.14 0.232915 -0.131764 0.267602
20.15 0.240627 -0.116628 0.267401
20.16 0.247354 -0.10104 0.267195
20.17 0.253071 -0.0850666 0.266985
20.18 0.257754 -0.068771 0.266771
20.19 0.261388 -0.0522215 0.266553
20.2 0.263957 -0.0354849 0.266331
20.21 0.265452 -0.0186306 0.266105
20.22 0.265869 -0.00172695 0.265875
20.23 0.265208 0.0151564 0.26564
20.24 0.263472 0.0319509 0.265402
20.25 0.26067 0.0485874 0.265159
20.26 0.256815 0.0649989 0.264912
20.27 0.251924 0.0811176 0.264661
20.28 0.246019 0.096879 0.264406
20.29 0.239125 0.112218 0.264147
20.3 0.231272 0.127074 0.263884
20.31 0.222494 0.141384 0.263616
20.32 0.212828 0.155094 0.263344
20.33 0.202315 0.168145 0.263067
20.34 0.191001 0.180488 0.262787
20.35 0.178931 0.192071 0.262502
20.36 0.166158 0.202848 0.262213
20.37 0.152734 0.212778 0.26192
20.38 0.138717 0.221819 0.261622
20.39 0.124164 0.229938 0.26132
20.4 0.109137 0.237101 0.261014
20.41 0.0936988 0.243283 0.260703
20.42 0.077913 0.248458 0.260388
20.43 0.0618453 0.252608 0.260068
20.44 0.0455626 0.255717 0.259744
20.45 0.0291323 0.257775 0.259416
20.46 0.0126223 0.258775 0.259083
20.47 -0.00389884 0.258716 0.258746
20.48 -0.0203636 0.2576 0.258404
20.49 -0.0367035 0.255434 0.258058
20.5 -0.052852 0.252229 0.257707
20.51 -0.0687422 0.248001 0.257352
20.52 -0.0843101 0.242769 0.256992
20.53 -0.0994909 0.236557 0.256628
20.54 -0.114224 0.229394 0.256259
20.55 -0.128448 0.221311 0.255886
20.56 -0.142107 0.212343 0.255508
20.57 -0.155145 0.202531 0.255125
20.58 -0.16751 0.191916 0.254738
20.59 -0.179152 0.180545 0.254346
20.6 -0.190024 0.168467 0.25395
20.61 -0.200085 0.155734 0.253549
20.62 -0.209293 0.142399 0.253143
20.63 -0.217614 0.128521 0.252732
20.64 -0.225016 0.114158 0.252317
20.65 -0.231469 0.0993705 0.251898
20.66 -0.23695 0.0842222 0.251473
20.67 -0.241439 0.0687761 0.251044
20.68 -0.24492 0.053098 0.250609
20.69 -0.247382 0.0372532 0.250171
20.7 -0.248816 0.0213084 0.249727
20.71 -0.249222 0.00533028 0.249279
20.72 -0.248599 -0.0106148 0.248825
20.73 -0.246954 -0.0264604 0.248367
20.74 -0.244296 -0.0421407 0.247904
20.75 -0.240641 -0.057591 0.247437
20.76 -0.236006 -0.0727477 0.246964
20.77 -0.230415 -0.0875482 0.246487
20.78 -0.223893 -0.101932 0.246004
20.79 -0.216471 -0.115841 0.245517
20.8 -0.208182 -0.129218 0.245025
20.81 -0.199066 -0.142009 0.244528
20.82 -0.189162 -0.154163 0.244026
20.83 -0.178515 -0.165631 0.243519
20.84 -0.167172 -0.176368 0.243007
20.85 -0.155183 -0.186331 0.24249
20.86 -0.142602 -0.195482 0.241968
20.87 -0.129481 -0.203785 0.241441
20.88 -0.11588 -0.211209 0.24091
20.89 -0.101856 -0.217725 0.240373
20.9 -0.087471 -0.223311 0.239831
20.91 -0.0727853 -0.227946 0.239284
20.92 -0.0578628 -0.231614 0.238733
20.93 -0.0427663 -0.234305 0.238176
20.94 -0.0275611 -0.23601 0.237614
20.95 -0.0123105 -0.236727 0.237047
20.96 0.00292025 -0.236457 0.236475
20.97 0.0180679 -0.235206 0.235899
20.98 0.0330682 -0.232982 0.235317
20.99 0.0478595 -0.229799 0.23473
21 0.0623795 -0.225676 0.234138
21.01 0.0765689 -0.220633 0.233542
21.02 0.0903689 -0.214696 0.23294
21.03 0.103723 -0.207895 0.232333
21.04 0.116578 -0.200261 0.231721
21.05 0.12888 -0.191832 0.231105
21.06 0.140581 -0.182646 0.230483
21.07 0.151634 -0.172746 0.229856
21.08 0.161995 -0.162177 0.229225
21.09 0.171625 -0.150988 0.228588
21.1 0.180486 -0.139229 0.227947
21.11 0.188543 -0.126952 0.2273
21.12 0.195768 -0.114213 0.226649
21.13 0.202134 -0.101067 0.225993
21.14 0.207619 -0.0875723 0.225332
21.15 0.212202 -0.0737883 0.224665
21.16 0.215872 -0.0597752 0.223995
21.17 0.218615 -0.0455932 0.223319
21.18 0.220427 -0.0313041 0.222639
21.19 0.221304 -0.0169684 0.221953
21.2 0.221247 -0.00264819 0.221263
21.21 0.220263 0.0115964 0.220568
21.22 0.218361 0.0257047 0.219869
21.23 0.215554 0.0396177 0.219164
21.24 0.211859 0.0532769 0.218455
21.25 0.207298 0.0666263 0.217742
21.26 0.201894 0.0796098 0.217023
21.27 0.195677 0.0921753 0.2163
21.28 0.188677 0.104271 0.215572
21.29 0.18093 0.115848 0.21484
21.3 0.172472 0.126861 0.214103
21.31 0.163345 0.137265 0.213362
21.32 0.153591 0.147021 0.212616
21.33 0.143257 0.15609 0.211865
21.34 0.132391 0.164439 0.21111
21.35 0.121042 0.172035 0.210351
21.36 0.109262 0.178853 0.209587
21.37 0.0971055 0.184866 0.208818
21.38 0.0846258 0.190057 0.208046
21.39 0.0718791 0.194406 0.207269
21.4 0.0589218 0.197902 0.206487
21.41 0.0458114 0.200535 0.205701
21.42 0.0326048 0.202301 0.204912
21.43 0.0193597 0.203197 0.204117
21.44 0.00613345 0.203227 0.203319
21.45 -0.00701765 0.202395 0.202516
21.46 -0.0200369 0.200712 0.20171
21.47 -0.0328699 0.198192 0.200899
21.48 -0.0454619 0.194851 0.200084
21.49 -0.0577613 0.19071 0.199265
21.5 -0.0697165 0.185793 0.198442
21.51 -0.0812791 0.180126 0.197615
21.52 -0.0924015 0.173741 0.196784
21.53 -0.10304 0.166671 0.19595
21.54 -0.113151 0.15895 0.195111
21.55 -0.122697 0.150618 0.194268
21.56 -0.131639 0.141715 0.193422
21.57 -0.139944 0.132286 0.192572
21.58 -0.147582 0.122374 0.191718
21.59 -0.154524 0.112027 0.19086
21.6 -0.160746 0.101293 0.189999
21.61 -0.166228 0.0902225 0.189134
21.62 -0.170951 0.0788654 0.188266
21.63 -0.174902 0.0672744 0.187394
21.64 -0.178069 0.0555009 0.186518
21.65 -0.180447 0.0435987 0.185639
21.66 -0.182031 0.0316198 0.184757
21.67 -0.182821 0.0196178 0.183871
21.68 -0.182822 0.00764452 0.182982
21.69 -0.18204 -0.00424759 0.182089
21.7 -0.180485 -0.0160077 0.181194
21.71 -0.178172 -0.0275856 0.180295
21.72 -0.175117 -0.0389324 0.179393
21.73 -0.171341 -0.0500006 0.178488
21.74 -0.166867 -0.0607446 0.17758
21.75 -0.161721 -0.0711203 0.176668
21.76 -0.155932 -0.0810856 0.175754
21.77 -0.149531 -0.0906014 0.174837
21.78 -0.142552 -0.0996294 0.173917
21.79 -0.135032 -0.108136 0.172994
21.8 -0.127009 -0.116087 0.172069
21.81 -0.118523 -0.123456 0.17114
21.82 -0.109616 -0.130213 0.170209
21.83 -0.100332 -0.136337 0.169275
21.84 -0.0907141 -0.141806 0.168339
21.85 -0.0808095 -0.146604 0.1674
21.86 -0.0706641 -0.150715 0.166459
21.87 -0.0603257 -0.15413 0.165515
21.88 -0.0498413 -0.15684 0.164569
21.89 -0.0392592 -0.15884 0.16362
21.9 -0.0286268 -0.160131 0.162669
21.91 -0.0179921 -0.160712 0.161716
21.92 -0.00740149 -0.160591 0.160761
21.93 0.00309772 -0.159773 0.159804
21.94 0.013461 -0.158273 0.158844
21.95 0.0236432 -0.156102 0.157883
21.96 0.0336016 -0.15328 0.15692
21.97 0.0432943 -0.149824 0.155954
21.98 0.0526815 -0.145759 0.154987
21.99 0.0617249 -0.141109 0.154018
22 0.0703882 -0.135901 0.153048
22.01 0.0786375 -0.130166 0.152076
22.02 0.0864407 -0.123935 0.151102
22.03 0.0937686 -0.117242 0.150127
22.04 0.100594 -0.110122 0.149151
22.05 0.106893 -0.102611 0.148173
22.06 0.112643 -0.0947499 0.147194
22.07 0.117826 -0.0865759 0.146213
22.08 0.122425 -0.0781305 0.145232
22.09 0.126427 -0.0694544 0.144249
22.1 0.129822 -0.0605894 0.143265
22.11 0.132603 -0.0515781 0.142281
22.12 0.134764 -0.042462 0.141295
22.13 0.136304 -0.0332843 0.140309
22.14 0.137224 -0.0240861 0.139322
22.15 0.137529 -0.0149098 0.138335
22.16 0.137224 -0.0057956 0.137347
22.17 0.13632 0.00321563 0.136358
22.18 0.134828 0.0120853 0.135369
22.19 0.132764 0.0207747 0.13438
22.2 0.130144 0.0292479 0.13339
22.21 0.126988 0.0374688 0.1324
22.22 0.123317 0.0454045 0.13141
22.23 0.119156 0.0530225 0.13042
22.24 0.114529 0.0602935 0.129431
22.25 0.109465 0.0671887 0.128441
22.26 0.103994 0.0736831 0.127451
22.27 0.0981437 0.0797525 0.126462
22.28 0.0919487 0.0853756 0.125473
22.29 0.0854409 0.0905336 0.124485
22.3 0.0786551 0.0952097 0.123497
22.31 0.0716258 0.0993901 0.12251
22.32 0.064389 0.103063 0.121523
22.33 0.0569804 0.106219 0.120537
22.34 0.0494367 0.108852 0.119552
22.35 0.041794 0.110958 0.118568
22.36 0.0340891 0.112535 0.117585
22.37 0.0263578 0.113585 0.116603
22.38 0.0186359 0.11411 0.115622
22.39 0.0109588 0.114118 0.114643
22.4 0.00336063 0.113614 0.113664
22.41 -0.00412479 0.112612 0.112687
22.42 -0.0114654 0.111121 0.111711
22.43 -0.0186291 0.109159 0.110737
22.44 -0.0255869 0.106741 0.109765
22.45 -0.0323092 0.103886 0.108794
22.46 -0.0387698 0.100614 0.107825
22.47 -0.0449426 0.0969472 0.106858
22.48 -0.0508047 0.0929093 0.105893
22.49 -0.0563336 0.0885248 0.104929
22.5 -0.0615101 0.0838203 0.103968
22.51 -0.0663158 0.0788226 0.103009
22.52 -0.0707353 0.0735601 0.102052
22.53 -0.0747544 0.0680614 0.101097
22.54 -0.0783619 0.0623566 0.100145
22.55 -0.081548 0.0564752 0.0991944
22.56 -0.0843056 0.0504482 0.0982469
22.57 -0.0866294 0.0443056 0.0973018
22.58 -0.0885164 0.0380787 0.0963594
22.59 -0.089966 0.0317971 0.0954198
22.6 -0.0909787 0.0254919 0.0944826
22.61 -0.0915587 0.0191923 0.0935487
22.62 -0.0917104 0.0129279 0.0926171
22.63 -0.0914418 0.00672728 0.0916889
22.64 -0.0907613 0.000618109 0.0907634
22.65 -0.0896804 -0.00537257 0.0898411
22.66 -0.0882112 -0.0112192 0.0889218
22.67 -0.0863686 -0.0168968 0.0880059
22.68 -0.0841679 -0.0223822 0.087093
22.69 -0.0816268 -0.0276531 0.0861837
22.7 -0.0787634 -0.0326894 0.0852776
22.71 -0.0755978 -0.0374712 0.0843749
22.72 -0.0721509 -0.0419818 0.0834758
22.73 -0.0684443 -0.0462045 0.0825802
22.74 -0.064501 -0.050126 0.0816883
22.75 -0.0603441 -0.0537327 0.0807999
22.76 -0.055998 -0.0570152 0.0799156
22.77 -0.0514864 -0.0599634 0.0790346
22.78 -0.0468352 -0.062571 0.0781579
22.79 -0.0420683 -0.0648322 0.0772849
22.8 -0.0372115 -0.0667435 0.0764159
22.81 -0.0322893 -0.0683033 0.0755509
22.82 -0.027327 -0.0695114 0.07469
22.83 -0.0223486 -0.0703697 0.0738333
22.84 -0.0173788 -0.0708814 0.0729808
22.85 -0.0124405 -0.0710516 0.0721325
22.86 -0.00755742 -0.0708867 0.0712884
22.87 -0.00275097 -0.0703952 0.0704489
22.88 0.00195691 -0.069586 0.0696136
22.89 0.0065461 -0.0684707 0.0687829
22.9 0.010997 -0.0670608 0.0679565
22.91 0.0152914 -0.0653703 0.067135
22.92 0.019412 -0.063413 0.0663177
22.93 0.0233429 -0.0612051 0.0655054
22.94 0.0270697 -0.0587623 0.0646976
22.95 0.0305784 -0.0561023 0.0638946
22.96 0.0338579 -0.0532428 0.0630964
22.97 0.036897 -0.0502024 0.062303
22.98 0.0396869 -0.0469999 0.0615146
22.99 0.0422197 -0.0436549 0.060731
23 0.0444894 -0.040187 0.0599525
23.01 0.046491 -0.036616 0.0591789
23.02 0.0482215 -0.0329618 0.0584106
23.03 0.0496786 -0.0292442 0.0576471
23.04 0.0508624 -0.0254832 0.0568891
23.05 0.0517732 -0.0216977 0.056136
23.06 0.0524137 -0.0179075 0.0553884
23.07 0.0527872 -0.0141308 0.0546458
23.08 0.0528989 -0.0103863 0.0539089
23.09 0.0527544 -0.00669091 0.053177
23.1 0.0523611 -0.00306246 0.0524505
23.11 0.0517275 0.000483696 0.0517297
23.12 0.0508623 0.00393156 0.0510141
23.13 0.0497765 0.00726701 0.0503041
23.14 0.0484806 0.0104762 0.0495996
23.15 0.0469869 0.0135468 0.0489007
23.16 0.0453076 0.016467 0.0482073
23.17 0.0434564 0.0192264 0.0475196
23.18 0.0414467 0.0218154 0.0468374
23.19 0.0392932 0.0242259 0.0461611
23.2 0.0370098 0.0264505 0.0454901
23.21 0.0346122 0.0284832 0.0448252
23.22 0.0321149 0.0303192 0.0441658
23.23 0.0295335 0.0319544 0.0435122
23.24 0.0268829 0.0333866 0.0428644
23.25 0.0241788 0.0346136 0.0422223
23.26 0.0214359 0.0356358 0.0415862
23.27 0.0186692 0.0364529 0.0409555
23.28 0.0158935 0.0370675 0.0403311
23.29 0.0131226 0.0374815 0.0397123
23.3 0.0103708 0.037699 0.0390994
23.31 0.00765123 0.0377243 0.0384924
23.32 0.00497689 0.0375631 0.0378913
23.33 0.00235973 0.0372213 0.037296
23.34 -0.000188239 0.0367063 0.0367068
23.35 -0.00265654 0.0360254 0.0361233
23.36 -0.00503441 0.0351874 0.0355457
23.37 -0.0073131 0.0342011 0.0349742
23.38 -0.00948325 0.0330757 0.0344083
23.39 -0.0115376 0.0318216 0.0338487
23.4 -0.0134688 0.0304487 0.0332946
23.41 -0.015271 0.0289681 0.0327468
23.42 -0.0169384 0.0273902 0.0322046
23.43 -0.0184671 0.0257267 0.0316686
23.44 -0.0198534 0.0239881 0.0311382
23.45 -0.0210943 0.0221864 0.0306138
23.46 -0.0221883 0.0203324 0.0300953
23.47 -0.0231341 0.0184376 0.0295827
23.48 -0.0239318 0.0165129 0.0290759
23.49 -0.0245816 0.0145695 0.028575
23.5 -0.0250853 0.0126178 0.0280799
23.51 -0.0254445 0.0106685 0.0275905
23.52 -0.0256624 0.0087314 0.0271071
23.53 -0.0257421 0.0068165 0.0266293
23.54 -0.0256882 0.00493296 0.0261575
23.55 -0.0255048 0.00308946 0.0256912
23.56 -0.0251977 0.00129473 0.0252309
23.57 -0.0247721 -0.000443885 0.0247761
23.58 -0.0242348 -0.0021187 0.0243272
23.59 -0.0235918 -0.00372346 0.0238838
23.6 -0.0228504 -0.00525151 0.0234461
23.61 -0.0220179 -0.00669803 0.0230142
23.62 -0.0211016 -0.00805753 0.0225876
23.63 -0.0201094 -0.00932618 0.0221668
23.64 -0.0190492 -0.0105002 0.0217514
23.65 -0.0179289 -0.0115767 0.0213417
23.66 -0.0167567 -0.0125532 0.0209373
23.67 -0.0155406 -0.0134283 0.0205385
23.68 -0.0142887 -0.0142005 0.020145
23.69 -0.0130091 -0.0148697 0.0197572
23.7 -0.0117093 -0.0154357 0.0193744
23.71 -0.0103976 -0.0158992 0.0189972
23.72 -0.00908088 -0.0162616 0.0186253
23.73 -0.00776698 -0.0165243 0.0182586
23.74 -0.00646243 -0.0166897 0.0178972
23.75 -0.00517442 -0.0167605 0.017541
23.76 -0.0039089 -0.0167398 0.0171901
23.77 -0.00267223 -0.0166308 0.0168441
23.78 -0.00147003 -0.0164379 0.0165035
23.79 -0.000307462 -0.0161648 0.0161677
23.8 0.000810458 -0.0158163 0.0158371
23.81 0.00187934 -0.0153971 0.0155114
23.82 0.00289521 -0.0149124 0.0151908
23.83 0.00385446 -0.0143669 0.014875
23.84 0.00475398 -0.0137665 0.0145642
23.85 0.0055912 -0.0131161 0.0142581
23.86 0.00636363 -0.0124219 0.013957
23.87 0.00707002 -0.0116888 0.0136607
23.88 0.00770838 -0.0109228 0.0133689
23.89 0.0082785 -0.0101295 0.0130821
23.9 0.00877936 -0.00931418 0.0127997
23.91 0.0092114 -0.00848248 0.0125221
23.92 0.00957454 -0.00763958 0.0122489
23.93 0.00986989 -0.00679091 0.0119805
23.94 0.0100983 -0.00594103 0.0117163
23.95 0.0102613 -0.00509535 0.0114567
23.96 0.0103607 -0.00425803 0.0112016
23.97 0.0103985 -0.0034337 0.0109508
23.98 0.0103771 -0.00262635 0.0107043
23.99 0.010299 -0.0018401 0.0104621
24 0.0101672 -0.00107817 0.0102242
24.01 0.00998452 -0.000344306 0.00999045
24.02 0.00975438 0.000358935 0.00976098
24.03 0.00947977 0.0010284 0.00953539
24.04 0.00916472 0.001662 0.0093142
24.05 0.00881212 0.00225757 0.00909671
24.06 0.00842626 0.00281313 0.00888344
24.07 0.00801033 0.00332747 0.00867395
24.08 0.00756842 0.00379925 0.00846849
24.09 0.00710394 0.00422774 0.00826678
24.1 0.00662083 0.00461208 0.00806887
24.11 0.0061226 0.0049525 0.00787486
24.12 0.00561281 0.00524844 0.00768439
24.13 0.0050951 0.00550052 0.00749772
24.14 0.00457274 0.00570909 0.00731462
24.15 0.00404903 0.00587502 0.00713516
24.16 0.00352717 0.00599906 0.00695914
24.17 0.0030101 0.00608273 0.00678677
24.18 0.00250062 0.00612702 0.00661766
24.19 0.00200156 0.00613389 0.0064522
24.2 0.00151502 0.00610467 0.00628986
24.21 0.00104388 0.00604144 0.00613096
24.22 0.000589571 0.00594619 0.00597535
24.23 0.000154571 0.00582081 0.00582286
24.24 -0.000259806 0.00566766 0.00567361
24.25 -0.00065184 0.0054889 0.00552747
24.26 -0.00102043 0.00528694 0.00538452
24.27 -0.00136432 0.00506382 0.00524439
24.28 -0.00168273 0.00482235 0.00510751
24.29 -0.001975 0.00456448 0.00497344
24.3 -0.00224054 0.00429275 0.00484228
24.31 -0.00247909 0.00400943 0.00471396
24.32 -0.00269059 0.00371692 0.00458855
24.33 -0.00287496 0.00341723 0.00446574
24.34 -0.00303252 0.00311287 0.00434582
24.35 -0.00316365 0.00280557 0.00422847
24.36 -0.0032687 0.00249776 0.00411378
24.37 -0.00334871 0.00219099 0.00400178
24.38 -0.00340391 0.0018873 0.00389211
24.39 -0.00343579 0.00158844 0.0037852
24.4 -0.00344491 0.00129585 0.00368058
24.41 -0.00343261 0.00101116 0.00357845
24.42 -0.00339999 0.000735688 0.00347867
24.43 -0.0033484 0.000470765 0.00338133
24.44 -0.00327899 0.000217228 0.00328618
24.45 -0.00319326 -2.35848e-05 0.00319335
24.46 -0.00309257 -0.000251084 0.00310275
24.47 -0.00297833 -0.000464461 0.00301432
24.48 -0.0028519 -0.000663136 0.00292798
24.49 -0.0027149 -0.000846514 0.00284381
24.5 -0.00256858 -0.0010145 0.00276167
24.51 -0.00241447 -0.00116651 0.00268149
24.52 -0.00225401 -0.00130284 0.00260345
24.53 -0.00208836 -0.00142306 0.00252712
24.54 -0.00191925 -0.00152762 0.00245299
24.55 -0.00174742 -0.00161656 0.00238049
24.56 -0.00157461 -0.0016901 0.00230994
24.57 -0.0014017 -0.00174874 0.00224117
24.58 -0.00122989 -0.00179284 0.00217415
24.59 -0.00106021 -0.00182297 0.00210885
24.6 -0.000893744 -0.00183958 0.00204519
24.61 -0.000731203 -0.00184358 0.00198329
24.62 -0.000573581 -0.00183537 0.00192291
24.63 -0.00042158 -0.00181585 0.00186415
24.64 -0.000275891 -0.00178574 0.00180693
24.65 -0.000137032 -0.00174589 0.00175126
24.66 -5.68919e-06 -0.00169694 0.00169695
24.67 0.000117825 -0.00164004 0.00164426
24.68 0.000233137 -0.00157566 0.00159281
24.69 0.000339812 -0.00150505 0.00154293
24.7 0.000437939 -0.00142868 0.00149429
24.71 0.000526925 -0.00134763 0.00144698
24.72 0.000607203 -0.00126268 0.00140109
24.73 0.000678358 -0.00117449 0.00135632
24.74 0.000740605 -0.00108401 0.00131285
24.75 0.000794056 -0.000991874 0.00127057
24.76 0.000838874 -0.000898915 0.00122954
24.77 0.00087513 -0.000805623 0.00118949
24.78 0.000903291 -0.000712936 0.00115074
24.79 0.00092354 -0.000621222 0.00111303
24.8 0.000936209 -0.000531137 0.00107638
24.81 0.00094169 -0.000443194 0.00104077
24.82 0.00094045 -0.000357923 0.00100626
24.83 0.000932795 -0.000275581 0.000972652
24.84 0.000919228 -0.000196822 0.000940064
24.85 0.000900278 -0.000121672 0.000908463
24.86 0.000876221 -5.07505e-05 0.00087769
24.87 0.000847852 1.5979e-05 0.000848002
24.88 0.000815241 7.81856e-05 0.000818982
24.89 0.000779278 0.000135661 0.000790999
24.9 0.000740193 0.000188465 0.000763809
24.91 0.000698471 0.00023636 0.000737379
24.92 0.000654666 0.000279411 0.0007118
24.93 0.00060924 0.000317509 0.000687012
24.94 0.00056246 0.000350875 0.000662929
24.95 0.000514941 0.000379388 0.000639609
24.96 0.00046701 0.000403272 0.00061703
24.97 0.000419006 0.000422657 0.000595151
24.98 0.00037129 0.000437691 0.00057396
24.99 0.00032427 0.000448471 0.000553423
25 0.000278144 0.000455392 0.000533616
25.01 0.000233198 0.000458391 0.000514299
25.02 0.000189791 0.000457996 0.000495763
25.03 0.000147937 0.000454169 0.000477656
25.04 0.000108135 0.000447364 0.000460247
25.05 7.01934e-05 0.000437804 0.000443396
25.06 3.45456e-05 0.000425625 0.000427024
25.07 1.22899e-06 0.000411284 0.000411286
25.08 -2.97931e-05 0.000394888 0.000396011
25.09 -5.83191e-05 0.000376786 0.000381273
25.1 -8.42598e-05 0.000357153 0.000366957
25.11 -0.000107799 0.000336348 0.0003532
25.12 -0.00012876 0.000314534 0.000339868
25.13 -0.000147197 0.000291953 0.000326961
25.14 -0.000163184 0.000268873 0.000314519
25.15 -0.000176811 0.000245507 0.000302548
25.16 -0.000188035 0.000221926 0.000290875
25.17 -0.000197021 0.000198544 0.000279709
25.18 -0.000203882 0.000175258 0.000268855
25.19 -0.000208597 0.000152514 0.000258405
25.2 -0.000211471 0.000130223 0.000248351
25.21 -0.00021236 0.000108652 0.000238541
25.22 -0.000211674 8.79442e-05 0.000229217
25.23 -0.000209384 6.8045e-05 0.000220163
25.24 -0.000205574 4.92128e-05 0.000211382
25.25 -0.000200554 3.14084e-05 0.000202998
25.26 -0.000194393 1.47418e-05 0.000194952
25.27 -0.000187067 -7.85067e-07 0.000187068
25.28 -0.000178973 -1.5071e-05 0.000179606
25.29 -0.00017008 -2.81349e-05 0.000172392
25.3 -0.000160523 -3.99652e-05 0.000165423
25.31 -0.000150459 -5.05762e-05 0.000158732
25.32 -0.000140047 -5.98917e-05 0.000152316
25.33 -0.000129321 -6.81268e-05 0.000146169
25.34 -0.000118402 -7.50503e-05 0.000140184
25.35 -0.000107472 -8.09596e-05 0.000134553
25.36 -9.64723e-05 -8.5662e-05 0.000129015
25.37 -8.56926e-05 -8.9349e-05 0.0001238
25.38 -7.49658e-05 -9.20672e-05 0.000118728
25.39 -6.45867e-05 -9.37341e-05 0.000113831
25.4 -5.45582e-05 -9.46342e-05 0.000109235
25.41 -4.4803e-05 -9.46401e-05 0.000104709
25.42 -3.55289e-05 -9.39165e-05 0.000100412
25.43 -2.67918e-05 -9.24845e-05 9.62869e-05
25.44 -1.84042e-05 -9.04282e-05 9.22821e-05
25.45 -1.06272e-05 -8.77941e-05 8.84349e-05
25.46 -3.42133e-06 -8.4645e-05 8.47141e-05
25.47 3.27212e-06 -8.10584e-05 8.11244e-05
25.48 9.37412e-06 -7.71388e-05 7.77063e-05
25.49 1.4858e-05 -7.28244e-05 7.43247e-05
25.5 1.97636e-05 -6.83754e-05 7.11744e-05
25.51 2.41251e-05 -6.36162e-05 6.8037e-05
25.52 2.78574e-05 -5.88057e-05 6.50703e-05
25.53 3.11042e-05 -5.38525e-05 6.21898e-05
25.54 3.3718e-05 -4.88421e-05 5.93503e-05
25.55 3.59087e-05 -4.39144e-05 5.67266e-05
25.56 3.75768e-05 -3.89257e-05 5.41038e-05
25.57 3.87026e-05 -3.41146e-05 5.15917e-05
25.58 3.94911e-05 -2.93735e-05 4.92174e-05
25.59 3.9866e-05 -2.47843e-05 4.69421e-05
25.6 3.97514e-05 -2.03644e-05 4.46641e-05
25.61 3.94143e-05 -1.61252e-05 4.25853e-05
25.62 3.87355e-05 -1.21046e-05 4.05828e-05
25.63 3.77021e-05 -8.30801e-06 3.86067e-05
25.64 3.64731e-05 -4.73437e-06 3.6779e-05
25.65 3.50248e-05 -1.48084e-06 3.50561e-05
25.66 3.33608e-05 1.6128e-06 3.33997e-05
25.67 3.15394e-05 4.34283e-06 3.1837e-05
25.68 2.96314e-05 6.89887e-06 3.04239e-05
25.69 2.75871e-05 9.15528e-06 2.90666e-05
25.7 2.55251e-05 1.1151e-05 2.78546e-05
25.71 2.33451e-05 1.29524e-05 2.66975e-05
25.72 2.11936e-05 1.4403e-05 2.56245e-05
25.73 1.90741e-05 1.57114e-05 2.47117e-05
25.74 1.68629e-05 1.67222e-05 2.37485e-05
25.75 1.47748e-05 1.75285e-05 2.29247e-05
25.76 1.27945e-05 1.81493e-05 2.22058e-05
25.77 1.07587e-05 1.85457e-05 2.14404e-05
25.78 8.90892e-06 1.87867e-05 2.0792e-05
25.79 7.1889e-06 1.88404e-05 2.01653e-05
25.8 5.50732e-06 1.87205e-05 1.95138e-05
25.81 3.98867e-06 1.85091e-05 1.8934e-05
25.82 2.63174e-06 1.80762e-05 1.82668e-05
25.83 1.38658e-06 1.76349e-05 1.76893e-05
25.84 2.85485e-07 1.70105e-05 1.70129e-05
25.85 -6.51403e-07 1.63461e-05 1.63591e-05
25.86 -1.4614e-06 1.56008e-05 1.56691e-05
25.87 -2.10043e-06 1.47404e-05 1.48893e-05
25.88 -2.65113e-06 1.38985e-05 1.41491e-05
25.89 -3.05925e-06 1.29053e-05 1.32629e-05
25.9 -3.26489e-06 1.19489e-05 1.23869e-05
25.91 -3.44431e-06 1.0927e-05 1.14569e-05
25.92 -3.48706e-06 9.87626e-06 1.04738e-05
25.93 -3.3017e-06 8.84021e-06 9.43666e-06
25.94 -3.16236e-06 7.75481e-06 8.37482e-06
25.95 -2.88636e-06 6.67629e-06 7.27351e-06
25.96 -2.47161e-06 5.59084e-06 6.11281e-06
25.97 -2.07644e-06 4.44379e-06 4.90498e-06
25.98 -1.61814e-06 3.37897e-06 3.74644e-06
25.99 -1.08378e-06 2.21056e-06 2.46194e-06
26 -5.49955e-07 1.12646e-06 1.25354e-06
