0 -0.00609042 0.0221811 0.0230021
0.01 -0.0121486 0.0442805 0.0459167
0.02 -0.0181422 0.0662167 0.0686571
0.03 -0.0240396 0.087909 0.0911366
0.04 -0.0298091 0.109277 0.11327
0.05 -0.0354203 0.130243 0.134974
0.06 -0.040843 0.150729 0.156165
0.07 -0.0460478 0.17066 0.176763
0.08 -0.0510069 0.189962 0.196691
0.09 -0.0556933 0.208565 0.215873
0.1 -0.0600813 0.2264 0.234236
0.11 -0.0641465 0.243401 0.251712
0.12 -0.0678666 0.259507 0.268235
0.13 -0.0712201 0.274658 0.283742
0.14 -0.0741881 0.288798 0.298175
0.15 -0.0767528 0.301876 0.311481
0.16 -0.0788988 0.313844 0.32361
0.17 -0.0806127 0.324659 0.334517
0.18 -0.0818829 0.33428 0.344163
0.19 -0.0827 0.342673 0.352512
0.2 -0.083057 0.349808 0.359533
0.21 -0.0829489 0.355659 0.365204
0.22 -0.0823732 0.360205 0.369503
0.23 -0.0813292 0.363429 0.372418
0.24 -0.0798191 0.365321 0.373939
0.25 -0.0778469 0.365874 0.374064
0.26 -0.0754191 0.365087 0.372795
0.27 -0.0725443 0.362963 0.370142
0.28 -0.0692335 0.359512 0.366118
0.29 -0.0654997 0.354746 0.360743
0.3 -0.0613581 0.348685 0.354042
0.31 -0.056826 0.34135 0.346048
0.32 -0.0519225 0.33277 0.336796
0.33 -0.046669 0.322977 0.326331
0.34 -0.0410882 0.312008 0.314701
0.35 -0.0352048 0.299903 0.301963
0.36 -0.0290452 0.28671 0.288177
0.37 -0.0226371 0.272475 0.273414
0.38 -0.0160097 0.257253 0.257751
0.39 -0.00919332 0.241101 0.241276
0.4 -0.00221959 0.224077 0.224088
0.41 0.00487906 0.206246 0.206304
0.42 0.0120693 0.187673 0.188061
0.43 0.0193171 0.168428 0.169532
0.44 0.0265879 0.14858 0.15094
0.45 0.0338468 0.128204 0.132597
0.46 0.0410587 0.107375 0.114957
0.47 0.0481884 0.0861687 0.0987277
0.48 0.0552007 0.0646638 0.0850207
0.49 0.0620608 0.0429393 0.0754673
0.5 0.0687343 0.0210747 0.0718926
0.51 0.0751874 -0.000849931 0.0751922
0.52 0.0813869 -0.0227541 0.0845079
0.53 0.0873006 -0.044558 0.0980144
0.54 0.0928975 -0.0661821 0.114061
0.55 0.0981473 -0.0875474 0.13152
0.56 0.103022 -0.108576 0.149674
0.57 0.107493 -0.129193 0.168064
0.58 0.111536 -0.149321 0.186379
0.59 0.115127 -0.16889 0.204397
0.6 0.118243 -0.187827 0.221947
0.61 0.120865 -0.206066 0.238896
0.62 0.122975 -0.223539 0.255132
0.63 0.124556 -0.240185 0.270561
0.64 0.125595 -0.255944 0.285099
0.65 0.126081 -0.27076 0.298676
0.66 0.126004 -0.284581 0.311228
0.67 0.125359 -0.297356 0.3227
0.68 0.12414 -0.309043 0.333044
0.69 0.122347 -0.319598 0.342216
0.7 0.11998 -0.328987 0.350183
0.71 0.117044 -0.337176 0.356913
0.72 0.113543 -0.344138 0.362385
0.73 0.109487 -0.349849 0.366581
0.74 0.104886 -0.354291 0.36949
0.75 0.099755 -0.357449 0.371107
0.76 0.094109 -0.359313 0.371433
0.77 0.0879668 -0.359881 0.370476
0.78 0.0813491 -0.35915 0.368248
0.79 0.0742791 -0.357127 0.36477
0.8 0.0667817 -0.353821 0.360068
0.81 0.0588844 -0.349246 0.354175
0.82 0.0506164 -0.34342 0.347131
0.83 0.0420089 -0.336368 0.338981
0.84 0.0330947 -0.328116 0.329781
0.85 0.0239084 -0.318697 0.319592
0.86 0.0144858 -0.308146 0.308486
0.87 0.00486449 -0.296504 0.296544
0.88 -0.00491734 -0.283815 0.283858
0.89 -0.0148199 -0.270127 0.270533
0.9 -0.0248029 -0.255491 0.256692
0.91 -0.0348252 -0.239961 0.242475
0.92 -0.0448451 -0.223595 0.228048
0.93 -0.0548206 -0.206453 0.213608
0.94 -0.0647094 -0.1886 0.199392
0.95 -0.0744694 -0.170099 0.185686
0.96 -0.0840585 -0.15102 0.172837
0.97 -0.0934349 -0.131431 0.161258
0.98 -0.102557 -0.111404 0.151423
0.99 -0.111385 -0.091012 0.14384
1 -0.119879 -0.0703286 0.138986
1.01 -0.128001 -0.0494284 0.137213
1.02 -0.135712 -0.0283868 0.138649
1.03 -0.142977 -0.00727923 0.143162
1.04 -0.149761 0.0138186 0.150397
1.05 -0.156032 0.0348314 0.159873
1.06 -0.161758 0.0556843 0.171075
1.07 -0.166911 0.0763033 0.183525
1.08 -0.171464 0.0966155 0.19681
1.09 -0.175391 0.116549 0.210584
1.1 -0.178671 0.136034 0.224563
1.11 -0.181283 0.155002 0.238515
1.12 -0.183211 0.173387 0.252249
1.13 -0.18444 0.191125 0.265606
1.14 -0.184957 0.208154 0.278455
1.15 -0.184753 0.224416 0.290683
1.16 -0.183823 0.239856 0.302194
1.17 -0.182162 0.254419 0.312909
1.18 -0.17977 0.268058 0.322758
1.19 -0.17665 0.280726 0.331681
1.2 -0.172807 0.292381 0.339631
1.21 -0.168249 0.302985 0.346565
1.22 -0.162987 0.312502 0.352451
1.23 -0.157035 0.320902 0.357265
1.24 -0.150411 0.328158 0.360987
1.25 -0.143135 0.334249 0.363607
1.26 -0.135228 0.339155 0.365121
1.27 -0.126716 0.342864 0.36553
1.28 -0.117627 0.345364 0.364846
1.29 -0.107992 0.346651 0.363083
1.3 -0.0978425 0.346724 0.360265
1.31 -0.0872141 0.345586 0.356421
1.32 -0.0761438 0.343245 0.351589
1.33 -0.0646709 0.339712 0.345813
1.34 -0.0528364 0.335003 0.339144
1.35 -0.0406831 0.329138 0.331643
1.36 -0.0282552 0.322142 0.323378
1.37 -0.0155985 0.314042 0.314429
1.38 -0.00276005 0.304869 0.304882
1.39 0.0102124 0.29466 0.294837
1.4 0.0232698 0.283453 0.284406
1.41 0.0363628 0.27129 0.273716
1.42 0.0494415 0.258217 0.262908
1.43 0.0624555 0.244282 0.252139
1.44 0.0753545 0.229536 0.241588
1.45 0.0880883 0.214033 0.231451
1.46 0.100607 0.197829 0.221942
1.47 0.112861 0.180984 0.21329
1.48 0.124802 0.163557 0.205734
1.49 0.136382 0.14561 0.199506
1.5 0.147554 0.127209 0.194819
1.51 0.158273 0.108417 0.191845
1.52 0.168495 0.0893006 0.190697
1.53 0.178178 0.0699276 0.191409
1.54 0.18728 0.0503654 0.193935
1.55 0.195765 0.0306821 0.198154
1.56 0.203594 0.0109459 0.203888
1.57 0.210734 -0.00877535 0.210917
1.58 0.217154 -0.0284135 0.219005
1.59 0.222823 -0.0479018 0.227914
1.6 0.227717 -0.0671737 0.237418
1.61 0.231811 -0.0861639 0.247307
1.62 0.235084 -0.104808 0.25739
1.63 0.23752 -0.123045 0.267499
1.64 0.239103 -0.140812 0.277485
1.65 0.239821 -0.158051 0.287218
1.66 0.239667 -0.174705 0.296584
1.67 0.238636 -0.190719 0.305485
1.68 0.236726 -0.206042 0.313835
1.69 0.233938 -0.220623 0.321561
1.7 0.230278 -0.234416 0.328601
1.71 0.225753 -0.247377 0.334903
1.72 0.220376 -0.259465 0.340423
1.73 0.214162 -0.270643 0.345127
1.74 0.207127 -0.280875 0.348988
1.75 0.199294 -0.290132 0.351986
1.76 0.190686 -0.298385 0.354111
1.77 0.181332 -0.305611 0.355358
1.78 0.171261 -0.311789 0.355728
1.79 0.160506 -0.316902 0.355231
1.8 0.149104 -0.320938 0.353883
1.81 0.137092 -0.323886 0.351705
1.82 0.124511 -0.325743 0.348728
1.83 0.111404 -0.326505 0.344987
1.84 0.0978177 -0.326174 0.340526
1.85 0.0837977 -0.324757 0.335394
1.86 0.0693936 -0.322261 0.329648
1.87 0.0546559 -0.3187 0.323353
1.88 0.0396369 -0.31409 0.316581
1.89 0.0243897 -0.308451 0.309414
1.9 0.00896897 -0.301806 0.301939
1.91 -0.00657027 -0.29418 0.294253
1.92 -0.0221719 -0.285604 0.286463
1.93 -0.0377797 -0.27611 0.278682
1.94 -0.0533371 -0.265733 0.271033
1.95 -0.0687872 -0.254511 0.263642
1.96 -0.084074 -0.242485 0.256646
1.97 -0.0991412 -0.229698 0.25018
1.98 -0.113933 -0.216196 0.24438
1.99 -0.128396 -0.202026 0.239374
2 -0.142475 -0.187238 0.235282
2.01 -0.156119 -0.171884 0.232201
2.02 -0.169277 -0.156015 0.230207
2.03 -0.181899 -0.139688 0.229346
2.04 -0.193937 -0.122956 0.22963
2.05 -0.205346 -0.105878 0.231035
2.06 -0.216084 -0.0885094 0.233508
2.07 -0.226108 -0.0709097 0.236966
2.08 -0.235379 -0.0531372 0.241303
2.09 -0.243864 -0.0352508 0.246398
2.1 -0.251527 -0.0173091 0.252121
2.11 -0.258338 0.000628877 0.258339
2.12 -0.264271 0.0185048 0.264918
2.13 -0.269301 0.0362608 0.271731
2.14 -0.273406 0.0538396 0.278657
2.15 -0.276571 0.0711849 0.285585
2.16 -0.278779 0.0882415 0.292411
2.17 -0.28002 0.104955 0.299043
2.18 -0.280287 0.121274 0.305398
2.19 -0.279575 0.137146 0.311402
2.2 -0.277885 0.152523 0.316991
2.21 -0.275219 0.167356 0.322108
2.22 -0.271584 0.181601 0.326706
2.23 -0.26699 0.195214 0.330745
2.24 -0.261451 0.208155 0.334193
2.25 -0.254983 0.220384 0.337024
2.26 -0.247607 0.231866 0.339221
2.27 -0.239347 0.242567 0.340772
2.28 -0.230229 0.252456 0.341671
2.29 -0.220283 0.261505 0.341921
2.3 -0.209543 0.26969 0.341527
2.31 -0.198044 0.276987 0.340505
2.32 -0.185825 0.283378 0.338872
2.33 -0.172927 0.288846 0.336654
2.34 -0.159394 0.293378 0.333882
2.35 -0.145272 0.296963 0.330592
2.36 -0.130609 0.299594 0.326826
2.37 -0.115456 0.301268 0.322633
2.38 -0.0998638 0.301983 0.318066
2.39 -0.083887 0.30174 0.313184
2.4 -0.0675804 0.300546 0.30805
2.41 -0.0510004 0.298408 0.302735
2.42 -0.0342041 0.295336 0.29731
2.43 -0.0172498 0.291345 0.291856
2.44 -0.000196525 0.286452 0.286452
2.45 0.016897 0.280674 0.281183
2.46 0.033971 0.274036 0.276133
2.47 0.0509664 0.26656 0.271388
2.48 0.0678239 0.258274 0.267031
2.49 0.0844849 0.249207 0.263138
2.5 0.100891 0.239391 0.259783
2.51 0.116986 0.228861 0.257027
2.52 0.132713 0.217651 0.254921
2.53 0.148017 0.2058 0.253501
2.54 0.162845 0.193347 0.252788
2.55 0.177146 0.180334 0.252786
2.56 0.190868 0.166802 0.253483
2.57 0.203965 0.152798 0.254851
2.58 0.216391 0.138365 0.256846
2.59 0.228102 0.12355 0.259413
2.6 0.239057 0.108401 0.262486
2.61 0.249218 0.0929653 0.265993
2.62 0.25855 0.0772926 0.269856
2.63 0.26702 0.0614315 0.273995
2.64 0.274598 0.045432 0.278331
2.65 0.281258 0.0293437 0.282785
2.66 0.286977 0.0132163 0.287281
2.67 0.291734 -0.00290044 0.291748
2.68 0.295513 -0.0189571 0.29612
2.69 0.2983 -0.0349049 0.300335
2.7 0.300086 -0.0506953 0.304338
2.71 0.300864 -0.0662808 0.308078
2.72 0.300631 -0.0816145 0.311513
2.73 0.299389 -0.0966508 0.314603
2.74 0.29714 -0.111345 0.317317
2.75 0.293893 -0.125653 0.319628
2.76 0.289658 -0.139534 0.321515
2.77 0.284451 -0.152947 0.322963
2.78 0.278288 -0.165852 0.323961
2.79 0.271191 -0.178213 0.324506
2.8 0.263183 -0.189994 0.324597
2.81 0.254293 -0.201162 0.324239
2.82 0.24455 -0.211686 0.323443
2.83 0.233988 -0.221535 0.322224
2.84 0.222643 -0.230682 0.3206
2.85 0.210553 -0.239104 0.318595
2.86 0.197759 -0.246775 0.316238
2.87 0.184305 -0.253677 0.313561
2.88 0.170237 -0.259792 0.3106
2.89 0.155602 -0.265103 0.307395
2.9 0.14045 -0.269597 0.303989
2.91 0.124833 -0.273265 0.300428
2.92 0.108802 -0.276097 0.296762
2.93 0.0924131 -0.278089 0.293042
2.94 0.0757204 -0.279236 0.28932
2.95 0.0587805 -0.279539 0.285652
2.96 0.0416505 -0.278999 0.282091
2.97 0.0243876 -0.277622 0.278691
2.98 0.00705017 -0.275413 0.275503
2.99 -0.0103041 -0.272382 0.272577
3 -0.027617 -0.268541 0.269957
3.01 -0.044831 -0.263904 0.267684
3.02 -0.0618884 -0.258487 0.265792
3.03 -0.0787329 -0.252309 0.264308
3.04 -0.0953082 -0.24539 0.263249
3.05 -0.11156 -0.237755 0.262627
3.06 -0.127434 -0.229427 0.262442
3.07 -0.142879 -0.220433 0.262688
3.08 -0.157842 -0.210802 0.263348
3.09 -0.172277 -0.200566 0.264397
3.1 -0.186135 -0.189755 0.265807
3.11 -0.199372 -0.178404 0.267539
3.12 -0.211944 -0.166548 0.269552
3.13 -0.223811 -0.154223 0.271801
3.14 -0.234935 -0.141468 0.27424
3.15 -0.24528 -0.128322 0.276819
3.16 -0.254814 -0.114824 0.27949
3.17 -0.263506 -0.101015 0.282205
3.18 -0.27133 -0.0869381 0.284918
3.19 -0.278261 -0.0726346 0.287585
3.2 -0.284279 -0.0581477 0.290165
3.21 -0.289364 -0.0435208 0.292619
3.22 -0.293503 -0.0287975 0.294912
3.23 -0.296683 -0.0140216 0.297015
3.24 -0.298897 0.000763267 0.298898
3.25 -0.300138 0.0155131 0.300539
3.26 -0.300406 0.0301846 0.301918
3.27 -0.2997 0.0447344 0.303021
3.28 -0.298027 0.05912 0.303834
3.29 -0.295392 0.0732993 0.304351
3.3 -0.291809 0.0872308 0.304568
3.31 -0.287289 0.100874 0.304484
3.32 -0.28185 0.114189 0.304103
3.33 -0.275513 0.127138 0.303433
3.34 -0.2683 0.139683 0.302484
3.35 -0.260237 0.151789 0.301269
3.36 -0.251352 0.163419 0.299806
3.37 -0.241677 0.174542 0.298115
3.38 -0.231244 0.185125 0.296218
3.39 -0.220091 0.195138 0.294141
3.4 -0.208254 0.204553 0.291911
3.41 -0.195775 0.213344 0.289557
3.42 -0.182696 0.221485 0.287112
3.43 -0.169061 0.228955 0.284608
3.44 -0.154915 0.235732 0.282078
3.45 -0.140306 0.241798 0.279557
3.46 -0.125282 0.247136 0.277078
3.47 -0.109894 0.251733 0.274675
3.48 -0.0941924 0.255575 0.27238
3.49 -0.0782285 0.258654 0.270225
3.5 -0.0620547 0.260962 0.268238
3.51 -0.045724 0.262492 0.266445
3.52 -0.0292894 0.263243 0.264867
3.53 -0.0128043 0.263213 0.263525
3.54 0.00367816 0.262405 0.262431
3.55 0.0201049 0.260821 0.261595
3.56 0.0364234 0.258469 0.261022
3.57 0.0525813 0.255355 0.260713
3.58 0.0685277 0.251492 0.260661
3.59 0.0842117 0.246892 0.260858
3.6 0.0995843 0.241569 0.26129
3.61 0.114597 0.235541 0.261939
3.62 0.129203 0.228827 0.262784
3.63 0.143358 0.221448 0.2638
3.64 0.157016 0.213427 0.264962
3.65 0.170138 0.204788 0.266243
3.66 0.182682 0.19556 0.267612
3.67 0.194611 0.185769 0.269042
3.68 0.205888 0.175446 0.270502
3.69 0.216481 0.164623 0.271965
3.7 0.226359 0.153332 0.273403
3.71 0.235492 0.141608 0.274789
3.72 0.243854 0.129486 0.2761
3.73 0.251422 0.117003 0.277314
3.74 0.258175 0.104196 0.278409
3.75 0.264095 0.0911053 0.279368
3.76 0.269166 0.0777687 0.280175
3.77 0.273375 0.0642269 0.280818
3.78 0.276712 0.0505202 0.281286
3.79 0.279172 0.03669 0.281572
3.8 0.280749 0.0227775 0.281671
3.81 0.281442 0.00882422 0.28158
3.82 0.281252 -0.00512828 0.281299
3.83 0.280184 -0.0190383 0.280831
3.84 0.278246 -0.0328645 0.28018
3.85 0.275446 -0.0465658 0.279355
3.86 0.271798 -0.0601017 0.278364
3.87 0.267317 -0.073432 0.27722
3.88 0.26202 -0.0865173 0.275934
3.89 0.255928 -0.099319 0.274524
3.9 0.249063 -0.111799 0.273005
3.91 0.241451 -0.123922 0.271395
3.92 0.233119 -0.135651 0.269714
3.93 0.224096 -0.146951 0.267981
3.94 0.214414 -0.157791 0.266217
3.95 0.204106 -0.168139 0.264442
3.96 0.193207 -0.177964 0.262678
3.97 0.181755 -0.187238 0.260946
3.98 0.169788 -0.195934 0.259264
3.99 0.157345 -0.204028 0.257653
4 0.144469 -0.211496 0.256129
4.01 0.131201 -0.218317 0.254708
4.02 0.117585 -0.224473 0.253406
4.03 0.103665 -0.229946 0.252233
4.04 0.0894859 -0.23472 0.2512
4.05 0.0750934 -0.238784 0.250313
4.06 0.0605334 -0.242126 0.249578
4.07 0.045852 -0.244738 0.248996
4.08 0.0310958 -0.246614 0.248566
4.09 0.016311 -0.247749 0.248285
4.1 0.00154372 -0.248142 0.248147
4.11 -0.01316 -0.247794 0.248143
4.12 -0.027755 -0.246707 0.248264
4.13 -0.0421963 -0.244887 0.248496
4.14 -0.0564399 -0.24234 0.248825
4.15 -0.0704426 -0.239075 0.249237
4.16 -0.0841623 -0.235106 0.249716
4.17 -0.0975579 -0.230444 0.250244
4.18 -0.11059 -0.225107 0.250805
4.19 -0.123219 -0.219112 0.251382
4.2 -0.135409 -0.212478 0.251958
4.21 -0.147125 -0.205228 0.252516
4.22 -0.158332 -0.197385 0.253042
4.23 -0.169 -0.188975 0.25352
4.24 -0.179097 -0.180023 0.253937
4.25 -0.188596 -0.17056 0.254282
4.26 -0.197472 -0.160615 0.254543
4.27 -0.205699 -0.150219 0.254712
4.28 -0.213257 -0.139406 0.25478
4.29 -0.220126 -0.128209 0.254741
4.3 -0.226289 -0.116664 0.254592
4.31 -0.23173 -0.104806 0.254329
4.32 -0.236438 -0.0926723 0.253951
4.33 -0.240402 -0.0803008 0.253459
4.34 -0.243614 -0.0677297 0.252854
4.35 -0.246069 -0.0549976 0.252141
4.36 -0.247765 -0.042144 0.251323
4.37 -0.248699 -0.0292081 0.250408
4.38 -0.248874 -0.0162293 0.249403
4.39 -0.248294 -0.00324749 0.248315
4.4 -0.246966 0.00969804 0.247156
4.41 -0.244897 0.0225681 0.245935
4.42 -0.2421 0.0353239 0.244663
4.43 -0.238586 0.0479269 0.243352
4.44 -0.234372 0.0603395 0.242015
4.45 -0.229474 0.0725245 0.240662
4.46 -0.223912 0.084446 0.239307
4.47 -0.217707 0.0960684 0.237961
4.48 -0.210882 0.107358 0.236637
4.49 -0.203462 0.118281 0.235345
4.5 -0.195473 0.128806 0.234095
4.51 -0.186943 0.138903 0.232899
4.52 -0.177903 0.148542 0.231763
4.53 -0.168381 0.157697 0.230696
4.54 -0.158412 0.16634 0.229703
4.55 -0.148028 0.174449 0.22879
4.56 -0.137264 0.182001 0.22796
4.57 -0.126154 0.188975 0.227215
4.58 -0.114736 0.195352 0.226554
4.59 -0.103044 0.201117 0.225978
4.6 -0.0911182 0.206253 0.225483
4.61 -0.0789948 0.210748 0.225067
4.62 -0.0667121 0.214592 0.224723
4.63 -0.0543087 0.217776 0.224446
4.64 -0.0418228 0.220293 0.224228
4.65 -0.0292929 0.222139 0.224062
4.66 -0.0167571 0.223312 0.22394
4.67 -0.00425329 0.223811 0.223851
4.68 0.0081807 0.223637 0.223787
4.69 0.0205082 0.222797 0.223738
4.7 0.0326925 0.221294 0.223695
4.71 0.0446979 0.219137 0.223649
4.72 0.0564897 0.216336 0.22359
4.73 0.0680338 0.212903 0.223509
4.74 0.0792971 0.208852 0.223399
4.75 0.0902482 0.204199 0.223253
4.76 0.100856 0.198961 0.223063
4.77 0.111092 0.193157 0.222825
4.78 0.120927 0.186808 0.222532
4.79 0.130335 0.179936 0.222181
4.8 0.139291 0.172566 0.221768
4.81 0.147773 0.164723 0.221292
4.82 0.155757 0.156433 0.220752
4.83 0.163224 0.147724 0.220146
4.84 0.170156 0.138625 0.219476
4.85 0.176535 0.129166 0.218743
4.86 0.182348 0.119379 0.21795
4.87 0.187582 0.109294 0.217099
4.88 0.192224 0.0989446 0.216195
4.89 0.196267 0.0883634 0.215242
4.9 0.199703 0.0775842 0.214245
4.91 0.202527 0.0666408 0.213209
4.92 0.204735 0.0555675 0.212142
4.93 0.206325 0.0443985 0.211048
4.94 0.207299 0.0331684 0.209936
4.95 0.207658 0.0219115 0.20881
4.96 0.207406 0.0106621 0.20768
4.97 0.206549 -0.000546035 0.206549
4.98 0.205094 -0.0116792 0.205427
4.99 0.203052 -0.0227045 0.204318
5 0.200433 -0.0335892 0.203228
5.01 0.19725 -0.0443019 0.202164
5.02 0.193517 -0.0548112 0.201129
5.03 0.189249 -0.0650872 0.200129
5.04 0.184465 -0.0751006 0.199167
5.05 0.179182 -0.0848233 0.198245
5.06 0.17342 -0.0942283 0.197367
5.07 0.167202 -0.10329 0.196533
5.08 0.160548 -0.111983 0.195745
5.09 0.153483 -0.120285 0.195002
5.1 0.146031 -0.128174 0.194304
5.11 0.138218 -0.13563 0.193648
5.12 0.130068 -0.142634 0.193034
5.13 0.12161 -0.149168 0.192458
5.14 0.112871 -0.155216 0.191917
5.15 0.103879 -0.160766 0.191407
5.16 0.0946632 -0.165804 0.190924
5.17 0.0852515 -0.170319 0.190464
5.18 0.0756739 -0.174303 0.190021
5.19 0.0659595 -0.177748 0.189592
5.2 0.0561381 -0.180649 0.189171
5.21 0.0462389 -0.183002 0.188753
5.22 0.0362919 -0.184804 0.188334
5.23 0.0263259 -0.186055 0.187908
5.24 0.0163704 -0.186756 0.187472
5.25 0.00645363 -0.186911 0.187022
5.26 -0.00339566 -0.186522 0.186553
5.27 -0.0131501 -0.185598 0.186063
5.28 -0.0227821 -0.184144 0.185548
5.29 -0.0322655 -0.182171 0.185006
5.3 -0.0415741 -0.179688 0.184435
5.31 -0.0506832 -0.176709 0.183834
5.32 -0.0595684 -0.173245 0.1832
5.33 -0.0682068 -0.169313 0.182535
5.34 -0.0765757 -0.164928 0.181838
5.35 -0.0846542 -0.160107 0.181109
5.36 -0.0924221 -0.154868 0.180349
5.37 -0.0998603 -0.14923 0.17956
5.38 -0.106951 -0.143215 0.178743
5.39 -0.113678 -0.136843 0.1779
5.4 -0.120025 -0.130135 0.177035
5.41 -0.125979 -0.123116 0.176148
5.42 -0.131526 -0.115808 0.175244
5.43 -0.136656 -0.108235 0.174326
5.44 -0.141358 -0.100422 0.173397
5.45 -0.145623 -0.0923929 0.17246
5.46 -0.149443 -0.0841742 0.171519
5.47 -0.152814 -0.0757908 0.170576
5.48 -0.155729 -0.0672685 0.169637
5.49 -0.158187 -0.058633 0.168703
5.5 -0.160183 -0.0499103 0.167779
5.51 -0.161719 -0.0411259 0.166867
5.52 -0.162794 -0.0323056 0.165969
5.53 -0.163411 -0.0234747 0.165089
5.54 -0.163573 -0.0146585 0.164228
5.55 -0.163283 -0.00588145 0.163389
5.56 -0.162548 0.00283178 0.162573
5.57 -0.161375 0.0114576 0.161781
5.58 -0.159771 0.0199725 0.161015
5.59 -0.157746 0.028354 0.160274
5.6 -0.155309 0.0365798 0.159559
5.61 -0.152472 0.0446289 0.158869
5.62 -0.149247 0.0524806 0.158205
5.63 -0.145646 0.0601153 0.157565
5.64 -0.141684 0.067514 0.156948
5.65 -0.137376 0.0746592 0.156352
5.66 -0.132736 0.0815334 0.155777
5.67 -0.127781 0.088121 0.15522
5.68 -0.122527 0.0944068 0.154679
5.69 -0.116993 0.100377 0.154152
5.7 -0.111196 0.106019 0.153637
5.71 -0.105153 0.11132 0.153132
5.72 -0.0988856 0.116271 0.152634
5.73 -0.0924109 0.12086 0.152141
5.74 -0.085749 0.125081 0.151651
5.75 -0.0789195 0.128925 0.151162
5.76 -0.0719425 0.132387 0.150672
5.77 -0.0648376 0.135461 0.150178
5.78 -0.0576255 0.138143 0.14968
5.79 -0.0503257 0.140431 0.149176
5.8 -0.0429586 0.142322 0.148664
5.81 -0.0355442 0.143816 0.148143
5.82 -0.0281023 0.144913 0.147612
5.83 -0.0206526 0.145615 0.147072
5.84 -0.0132145 0.145924 0.146521
5.85 -0.00580694 0.145843 0.145959
5.86 0.00155084 0.145378 0.145386
5.87 0.00884083 0.144533 0.144803
5.88 0.0160446 0.143314 0.144209
5.89 0.023145 0.141729 0.143606
5.9 0.0301245 0.139786 0.142995
5.91 0.0369669 0.137494 0.142376
5.92 0.0436559 0.134861 0.141751
5.93 0.0501763 0.131899 0.141121
5.94 0.056513 0.128619 0.140487
5.95 0.0626522 0.125032 0.139851
5.96 0.0685801 0.12115 0.139214
5.97 0.074284 0.116987 0.138579
5.98 0.0797517 0.112556 0.137946
5.99 0.0849719 0.10787 0.137318
6 0.0899337 0.102945 0.136695
6.01 0.0946275 0.0977939 0.136081
6.02 0.0990439 0.0924332 0.135475
6.03 0.103175 0.0868779 0.134881
6.04 0.107012 0.0811439 0.134298
6.05 0.110549 0.0752469 0.133728
6.06 0.113781 0.0692034 0.133173
6.07 0.1167 0.0630295 0.132634
6.08 0.119304 0.0567417 0.13211
6.09 0.121588 0.0503566 0.131604
6.1 0.12355 0.0438907 0.131115
6.11 0.125187 0.0373605 0.130643
6.12 0.126498 0.0307828 0.13019
6.13 0.127483 0.0241738 0.129754
6.14 0.128141 0.0175499 0.129337
6.15 0.128473 0.0109276 0.128937
6.16 0.128481 0.00432259 0.128554
6.17 0.128168 -0.00224911 0.128188
6.18 0.127536 -0.00877172 0.127838
6.19 0.12659 -0.0152302 0.127502
6.2 0.125332 -0.0216091 0.127181
6.21 0.12377 -0.027894 0.126874
6.22 0.121907 -0.0340702 0.126578
6.23 0.119751 -0.040124 0.126294
6.24 0.117308 -0.0460413 0.12602
6.25 0.114586 -0.0518092 0.125755
6.26 0.111594 -0.0574146 0.125497
6.27 0.108338 -0.0628454 0.125246
6.28 0.104829 -0.0680894 0.125001
6.29 0.101076 -0.0731356 0.124761
6.3 0.0970899 -0.0779729 0.124524
6.31 0.0928802 -0.0825909 0.12429
6.32 0.088458 -0.0869797 0.124058
6.33 0.083835 -0.0911304 0.123827
6.34 0.0790228 -0.0950339 0.123596
6.35 0.0740333 -0.0986823 0.123366
6.36 0.0688793 -0.102068 0.123135
6.37 0.0635731 -0.105184 0.122903
6.38 0.0581282 -0.108024 0.122671
6.39 0.0525576 -0.110583 0.122437
6.4 0.0468749 -0.112855 0.122202
6.41 0.0410938 -0.114836 0.121967
6.42 0.0352283 -0.116522 0.12173
6.43 0.0292924 -0.11791 0.121494
6.44 0.0233005 -0.118997 0.121257
6.45 0.0172666 -0.119782 0.12102
6.46 0.0112056 -0.120264 0.120785
6.47 0.00513149 -0.120442 0.120551
6.48 -0.000940991 -0.120316 0.120319
6.49 -0.00699743 -0.119887 0.120091
6.5 -0.0130232 -0.119156 0.119866
6.51 -0.0190042 -0.118126 0.119645
6.52 -0.0249256 -0.1168 0.11943
6.53 -0.0307738 -0.115181 0.119221
6.54 -0.0365343 -0.113272 0.119018
6.55 -0.0421933 -0.11108 0.118824
6.56 -0.0477369 -0.108609 0.118637
6.57 -0.053152 -0.105865 0.118459
6.58 -0.058425 -0.102855 0.11829
6.59 -0.063543 -0.0995862 0.118132
6.6 -0.0684934 -0.0960667 0.117984
6.61 -0.0732639 -0.0923048 0.117846
6.62 -0.0778424 -0.0883096 0.11772
6.63 -0.0822175 -0.0840907 0.117605
6.64 -0.0863779 -0.0796583 0.117501
6.65 -0.0903131 -0.0750231 0.117409
6.66 -0.0940126 -0.0701964 0.117328
6.67 -0.0974671 -0.0651898 0.117258
6.68 -0.100667 -0.0600157 0.117199
6.69 -0.103604 -0.0546865 0.117151
6.7 -0.106269 -0.0492156 0.117113
6.71 -0.108657 -0.0436163 0.117084
6.72 -0.110758 -0.0379025 0.117064
6.73 -0.112569 -0.0320884 0.117053
6.74 -0.114082 -0.0261887 0.117049
6.75 -0.115294 -0.0202182 0.117053
6.76 -0.116199 -0.0141919 0.117063
6.77 -0.116796 -0.00812529 0.117078
6.78 -0.11708 -0.00203396 0.117098
6.79 -0.117051 0.00406651 0.117122
6.8 -0.116708 0.0101602 0.117149
6.81 -0.11605 0.0162311 0.117179
6.82 -0.115077 0.0222634 0.117211
6.83 -0.113791 0.028241 0.117243
6.84 -0.112195 0.0341477 0.117277
6.85 -0.110291 0.039968 0.11731
6.86 -0.108083 0.0456857 0.117342
6.87 -0.105576 0.0512854 0.117374
6.88 -0.102776 0.0567515 0.117404
6.89 -0.0996883 0.0620687 0.117432
6.9 -0.0963206 0.0672221 0.117458
6.91 -0.0926807 0.0721971 0.117483
6.92 -0.0887775 0.0769793 0.117504
6.93 -0.0846206 0.081555 0.117524
6.94 -0.0802202 0.0859105 0.117541
6.95 -0.0755876 0.0900331 0.117556
6.96 -0.0707345 0.0939102 0.117569
6.97 -0.0656734 0.0975301 0.11758
6.98 -0.0604174 0.100881 0.11759
6.99 -0.0549807 0.103954 0.117598
7 -0.0493776 0.106737 0.117605
7.01 -0.043623 0.109222 0.117611
7.02 -0.037733 0.111401 0.117617
7.03 -0.0317232 0.113265 0.117624
7.04 -0.0256107 0.114809 0.11763
7.05 -0.0194122 0.116025 0.117638
7.06 -0.0131454 0.11691 0.117647
7.07 -0.00682797 0.117459 0.117658
7.08 -0.000478033 0.117669 0.11767
7.09 0.00588622 0.117538 0.117685
7.1 0.0122461 0.117064 0.117703
7.11 0.0185831 0.116247 0.117723
7.12 0.0248783 0.115088 0.117747
7.13 0.0311132 0.113589 0.117774
7.14 0.0372688 0.111753 0.117804
7.15 0.0433267 0.109583 0.117838
7.16 0.0492682 0.107085 0.117875
7.17 0.0550754 0.104263 0.117916
7.18 0.0607296 0.101126 0.11796
7.19 0.0662138 0.0976813 0.118008
7.2 0.0715102 0.0939373 0.118059
7.21 0.0766022 0.0899041 0.118113
7.22 0.0814733 0.0855927 0.118169
7.23 0.0861077 0.0810149 0.118228
7.24 0.0904902 0.0761834 0.118289
7.25 0.0946063 0.0711117 0.118352
7.26 0.0984421 0.0658143 0.118416
7.27 0.101985 0.0603065 0.118481
7.28 0.105222 0.0546044 0.118546
7.29 0.108142 0.0487244 0.118612
7.3 0.110735 0.0426843 0.118677
7.31 0.112991 0.0365019 0.118741
7.32 0.114902 0.030196 0.118804
7.33 0.116461 0.0237855 0.118865
7.34 0.11766 0.0172904 0.118924
7.35 0.118496 0.0107302 0.118981
7.36 0.118963 0.00412587 0.119034
7.37 0.119059 -0.00250247 0.119085
7.38 0.118782 -0.00913368 0.119132
7.39 0.118131 -0.0157468 0.119176
7.4 0.117107 -0.0223208 0.119215
7.41 0.115713 -0.0288345 0.119251
7.42 0.11395 -0.035267 0.119282
7.43 0.111823 -0.0415973 0.11931
7.44 0.109338 -0.0478047 0.119332
7.45 0.106502 -0.0538689 0.119351
7.46 0.103322 -0.0597696 0.119365
7.47 0.0998082 -0.0654874 0.119375
7.48 0.0959696 -0.071003 0.11938
7.49 0.0918182 -0.0762978 0.119382
7.5 0.0873666 -0.0813537 0.119379
7.51 0.0826281 -0.0861538 0.119373
7.52 0.0776175 -0.090681 0.119363
7.53 0.0723502 -0.09492 0.11935
7.54 0.0668429 -0.0988559 0.119333
7.55 0.061113 -0.102475 0.119314
7.56 0.0551786 -0.105763 0.119292
7.57 0.0490589 -0.10871 0.119267
7.58 0.0427736 -0.111305 0.11924
7.59 0.0363431 -0.113537 0.119212
7.6 0.0297885 -0.115398 0.119181
7.61 0.0231312 -0.116881 0.119148
7.62 0.0163934 -0.117981 0.119114
7.63 0.00959724 -0.118692 0.119079
7.64 0.00276556 -0.119011 0.119043
7.65 -0.00407892 -0.118935 0.119005
7.66 -0.010913 -0.118465 0.118967
7.67 -0.0177139 -0.117601 0.118928
7.68 -0.024458 -0.116345 0.118888
7.69 -0.0311229 -0.114699 0.118847
7.7 -0.0376855 -0.11267 0.118805
7.71 -0.0441233 -0.110263 0.118763
7.72 -0.0504141 -0.107485 0.11872
7.73 -0.0565361 -0.104345 0.118677
7.74 -0.0624681 -0.100853 0.118632
7.75 -0.0681896 -0.0970201 0.118586
7.76 -0.0736802 -0.0928595 0.11854
7.77 -0.078921 -0.0883844 0.118492
7.78 -0.0838932 -0.0836097 0.118443
7.79 -0.0885795 -0.0785515 0.118392
7.8 -0.0929629 -0.0732267 0.11834
7.81 -0.0970281 -0.0676532 0.118285
7.82 -0.10076 -0.0618503 0.118229
7.83 -0.104146 -0.0558373 0.118171
7.84 -0.107174 -0.0496355 0.11811
7.85 -0.109831 -0.0432655 0.118046
7.86 -0.11211 -0.03675 0.11798
7.87 -0.114001 -0.0301112 0.11791
7.88 -0.115496 -0.0233723 0.117838
7.89 -0.116592 -0.0165569 0.117762
7.9 -0.117282 -0.00968875 0.117682
7.91 -0.117566 -0.00279191 0.117599
7.92 -0.11744 0.004109 0.117512
7.93 -0.116905 0.0109901 0.117421
7.94 -0.115963 0.0178267 0.117325
7.95 -0.114617 0.0245948 0.117226
7.96 -0.112871 0.0312701 0.117123
7.97 -0.110732 0.0378292 0.117015
7.98 -0.108206 0.0442482 0.116903
7.99 -0.105302 0.0505048 0.116787
8 -0.102031 0.056576 0.116667
8.01 -0.098404 0.0624405 0.116543
8.02 -0.094434 0.0680769 0.116414
8.03 -0.0901351 0.0734654 0.116282
8.04 -0.0855226 0.0785861 0.116146
8.05 -0.080613 0.0834209 0.116007
8.06 -0.0754239 0.0879523 0.115864
8.07 -0.069974 0.092164 0.115718
8.08 -0.0642831 0.0960406 0.115569
8.09 -0.0583714 0.0995685 0.115417
8.1 -0.0522607 0.102735 0.115263
8.11 -0.0459728 0.105528 0.115107
8.12 -0.0395309 0.107938 0.114949
8.13 -0.0329581 0.109956 0.114789
8.14 -0.0262786 0.111576 0.114629
8.15 -0.0195165 0.11279 0.114467
8.16 -0.0126968 0.113596 0.114304
8.17 -0.00584407 0.113991 0.11414
8.18 0.00101623 0.113972 0.113976
8.19 0.00785937 0.113541 0.113812
8.2 0.0146599 0.112699 0.113648
8.21 0.0213931 0.11145 0.113484
8.22 0.0280344 0.109798 0.113321
8.23 0.0345591 0.107751 0.113157
8.24 0.0409433 0.105315 0.112994
8.25 0.0471639 0.102501 0.112831
8.26 0.0531976 0.0993185 0.112668
8.27 0.0590227 0.0957803 0.112506
8.28 0.0646174 0.0918998 0.112343
8.29 0.0699615 0.0876916 0.11218
8.3 0.0750352 0.0831718 0.112017
8.31 0.0798202 0.0783575 0.111853
8.32 0.0842988 0.073267 0.111689
8.33 0.0884548 0.0679197 0.111523
8.34 0.0922729 0.0623358 0.111355
8.35 0.0957396 0.0565364 0.111186
8.36 0.098842 0.0505436 0.111015
8.37 0.101569 0.04438 0.110842
8.38 0.103912 0.038069 0.110666
8.39 0.105861 0.0316346 0.110487
8.4 0.107411 0.0251009 0.110305
8.41 0.108555 0.0184927 0.110119
8.42 0.109291 0.0118352 0.10993
8.43 0.109616 0.00515313 0.109737
8.44 0.10953 -0.00152786 0.10954
8.45 0.109033 -0.0081829 0.10934
8.46 0.108128 -0.0147866 0.109135
8.47 0.106821 -0.0213144 0.108926
8.48 0.105115 -0.0277414 0.108714
8.49 0.103019 -0.0340438 0.108498
8.5 0.10054 -0.0401976 0.108278
8.51 0.0976906 -0.04618 0.108056
8.52 0.0944808 -0.0519684 0.10783
8.53 0.0909238 -0.0575415 0.107602
8.54 0.087034 -0.0628782 0.107371
8.55 0.0828271 -0.0679588 0.107139
8.56 0.0783197 -0.0727645 0.106905
8.57 0.0735298 -0.0772777 0.10667
8.58 0.0684764 -0.0814814 0.106434
8.59 0.0631794 -0.0853608 0.106198
8.6 0.05766 -0.0889014 0.105963
8.61 0.0519395 -0.0920906 0.105728
8.62 0.0460408 -0.0949168 0.105494
8.63 0.0399867 -0.0973704 0.105261
8.64 0.0338014 -0.0994426 0.10503
8.65 0.0275085 -0.101127 0.104801
8.66 0.0211333 -0.102417 0.104574
8.67 0.0146999 -0.103309 0.10435
8.68 0.00823406 -0.103801 0.104127
8.69 0.00176037 -0.103893 0.103908
8.7 -0.00469565 -0.103584 0.10369
8.71 -0.0111092 -0.102877 0.103475
8.72 -0.0174555 -0.101776 0.103262
8.73 -0.0237099 -0.100286 0.103051
8.74 -0.0298482 -0.0984148 0.102842
8.75 -0.0358473 -0.0961699 0.102634
8.76 -0.0416835 -0.0935613 0.102427
8.77 -0.0473352 -0.0906003 0.10222
8.78 -0.0527803 -0.0872995 0.102015
8.79 -0.0579985 -0.0836726 0.101808
8.8 -0.0629698 -0.079735 0.101602
8.81 -0.0676757 -0.0755029 0.101394
8.82 -0.0720982 -0.0709939 0.101184
8.83 -0.0762213 -0.0662262 0.100973
8.84 -0.0800294 -0.0612196 0.10076
8.85 -0.0835086 -0.0559943 0.100544
8.86 -0.0866463 -0.0505716 0.100325
8.87 -0.0894312 -0.0449734 0.100103
8.88 -0.0918535 -0.0392224 0.0998772
8.89 -0.0939049 -0.0333416 0.0996483
8.9 -0.0955783 -0.0273547 0.0994157
8.91 -0.0968686 -0.0212855 0.0991797
8.92 -0.0977718 -0.0151585 0.0989399
8.93 -0.0982858 -0.00899766 0.0986968
8.94 -0.0984098 -0.00282797 0.0984505
8.95 -0.0981446 0.00332649 0.098201
8.96 -0.0974928 0.00944122 0.0979488
8.97 -0.0964581 0.0154923 0.0976943
8.98 -0.0950462 0.0214556 0.0974377
8.99 -0.0932638 0.0273081 0.0971796
9 -0.0911195 0.0330267 0.0969202
9.01 -0.0886232 0.0385893 0.0966602
9.02 -0.085786 0.043974 0.0963999
9.03 -0.0826205 0.0491604 0.09614
9.04 -0.0791406 0.0541281 0.0958806
9.05 -0.0753613 0.0588584 0.0956224
9.06 -0.071299 0.063333 0.0953657
9.07 -0.0669708 0.0675353 0.095111
9.08 -0.0623953 0.0714489 0.0948584
9.09 -0.0575914 0.0750599 0.0946084
9.1 -0.0525798 0.0783543 0.0943611
9.11 -0.0473809 0.0813204 0.0941167
9.12 -0.0420167 0.0839474 0.0938753
9.13 -0.0365091 0.0862261 0.0936369
9.14 -0.0308812 0.0881485 0.0934014
9.15 -0.0251558 0.0897085 0.0931688
9.16 -0.0193566 0.0909007 0.0929388
9.17 -0.0135071 0.0917222 0.0927114
9.18 -0.00763126 0.0921707 0.0924861
9.19 -0.00175279 0.0922462 0.0922628
9.2 0.00410434 0.0919494 0.092041
9.21 0.00991672 0.0912833 0.0918204
9.22 0.0156608 0.0902518 0.0916005
9.23 0.0213138 0.0888606 0.091381
9.24 0.0268529 0.0871167 0.0911614
9.25 0.0322565 0.0850286 0.0909414
9.26 0.0375027 0.0826061 0.0907206
9.27 0.0425712 0.0798602 0.0904984
9.28 0.047442 0.0768037 0.0902749
9.29 0.0520962 0.0734499 0.0900494
9.3 0.0565157 0.0698138 0.089822
9.31 0.0606835 0.0659113 0.0895923
9.32 0.0645835 0.0617595 0.0893602
9.33 0.0682011 0.057376 0.0891257
9.34 0.0715227 0.05278 0.0888888
9.35 0.074536 0.0479908 0.0886495
9.36 0.0772299 0.0430292 0.0884079
9.37 0.0795949 0.0379157 0.0881643
9.38 0.0816225 0.0326722 0.0879188
9.39 0.0833061 0.0273205 0.0876716
9.4 0.08464 0.0218833 0.0874232
9.41 0.0856205 0.0163827 0.0871738
9.42 0.086245 0.0108422 0.0869238
9.43 0.0865123 0.00528403 0.0866736
9.44 0.0864232 -0.00026822 0.0864236
9.45 0.0859793 -0.00579225 0.0861742
9.46 0.0851841 -0.0112652 0.0859258
9.47 0.0840425 -0.0166648 0.0856788
9.48 0.0825605 -0.0219689 0.0854334
9.49 0.0807458 -0.0271564 0.0851901
9.5 0.0786074 -0.0322061 0.0849491
9.51 0.0761554 -0.0370979 0.0847107
9.52 0.0734015 -0.041812 0.084475
9.53 0.0703582 -0.04633 0.0842422
9.54 0.0670395 -0.0506337 0.0840123
9.55 0.0634602 -0.0547065 0.0837854
9.56 0.0596364 -0.0585322 0.0835615
9.57 0.0555849 -0.0620963 0.0833404
9.58 0.0513237 -0.0653848 0.0831221
9.59 0.046871 -0.0683856 0.0829064
9.6 0.0422466 -0.0710871 0.0826931
9.61 0.0374701 -0.0734795 0.0824818
9.62 0.0325622 -0.0755544 0.0822725
9.63 0.0275438 -0.0773042 0.0820646
9.64 0.0224364 -0.0787232 0.081858
9.65 0.0172614 -0.0798068 0.0816522
9.66 0.012041 -0.080552 0.081447
9.67 0.00679676 -0.0809572 0.081242
9.68 0.00155096 -0.081022 0.0810369
9.69 -0.00367473 -0.0807479 0.0808314
9.7 -0.00885833 -0.0801372 0.0806253
9.71 -0.0139787 -0.0791941 0.0804183
9.72 -0.0190143 -0.077924 0.0802103
9.73 -0.0239449 -0.0763335 0.080001
9.74 -0.0287499 -0.0744308 0.0797903
9.75 -0.0334102 -0.0722251 0.0795783
9.76 -0.0379064 -0.0697272 0.0793648
9.77 -0.0422207 -0.0669484 0.0791497
9.78 -0.0463358 -0.0639021 0.0789334
9.79 -0.0502353 -0.0606019 0.0787158
9.8 -0.0539036 -0.0570631 0.0784971
9.81 -0.0573266 -0.0533013 0.0782775
9.82 -0.0604906 -0.0493335 0.0780571
9.83 -0.0633838 -0.0451771 0.0778363
9.84 -0.0659951 -0.0408508 0.0776153
9.85 -0.0683147 -0.0363731 0.0773944
9.86 -0.070334 -0.031764 0.077174
9.87 -0.0720461 -0.0270432 0.0769544
9.88 -0.0734449 -0.0222313 0.0767359
9.89 -0.074526 -0.0173488 0.0765186
9.9 -0.0752861 -0.0124171 0.0763032
9.91 -0.0757235 -0.0074566 0.0760897
9.92 -0.0758378 -0.00248915 0.0758786
9.93 -0.0756297 0.00246481 0.0756698
9.94 -0.0751018 0.0073839 0.075464
9.95 -0.0742575 0.0122477 0.0752608
9.96 -0.073102 0.0170356 0.0750608
9.97 -0.0716413 0.0217278 0.0748637
9.98 -0.0698832 0.0263044 0.0746698
9.99 -0.067836 0.0307471 0.0744789
10 -0.0655102 0.035037 0.0742911
10.01 -0.0629164 0.0391567 0.0741061
10.02 -0.0600672 0.0430894 0.073924
10.03 -0.0569754 0.0468191 0.0737443
10.04 -0.0536557 0.0503308 0.0735671
10.05 -0.0501226 0.0536106 0.0733918
10.06 -0.0463927 0.0566452 0.0732186
10.07 -0.0424821 0.0594228 0.0730465
10.08 -0.0384089 0.0619327 0.072876
10.09 -0.0341906 0.0641652 0.072706
10.1 -0.0298463 0.066112 0.0725369
10.11 -0.0253946 0.0677659 0.0723678
10.12 -0.0208554 0.0691212 0.0721989
10.13 -0.0162482 0.070173 0.0720296
10.14 -0.0115933 0.0709184 0.0718597
10.15 -0.00691031 0.0713552 0.0716891
10.16 -0.00221998 0.0714831 0.0715175
10.17 0.00245801 0.0713025 0.0713448
10.18 0.00710335 0.0708157 0.0711711
10.19 0.0116965 0.0700258 0.070996
10.2 0.0162177 0.0689378 0.0708197
10.21 0.0206482 0.0675571 0.0706421
10.22 0.0249689 0.0658913 0.0704636
10.23 0.0291621 0.0639483 0.0702838
10.24 0.0332099 0.061738 0.0701033
10.25 0.0370957 0.0592705 0.069922
10.26 0.0408034 0.0565579 0.0697403
10.27 0.0443177 0.0536125 0.0695583
10.28 0.0476243 0.0504482 0.0693765
10.29 0.0507096 0.0470795 0.069195
10.3 0.0535614 0.0435216 0.0690142
10.31 0.0561682 0.0397906 0.0688343
10.32 0.0585196 0.0359035 0.0686557
10.33 0.0606066 0.0318775 0.0684787
10.34 0.0624211 0.0277306 0.0683036
10.35 0.0639563 0.0234813 0.0681306
10.36 0.0652067 0.0191483 0.0679601
10.37 0.066168 0.0147505 0.0677922
10.38 0.066837 0.0103076 0.0676272
10.39 0.0672119 0.00583867 0.067465
10.4 0.0672924 0.00136344 0.0673062
10.41 0.0670788 -0.00309889 0.0671504
10.42 0.0665737 -0.00752882 0.0669981
10.43 0.0657798 -0.0119074 0.0668488
10.44 0.064702 -0.0162156 0.066703
10.45 0.0633457 -0.0204351 0.0665603
10.46 0.0617181 -0.0245479 0.0664208
10.47 0.0598269 -0.0285364 0.0662841
10.48 0.0576816 -0.0323836 0.0661503
10.49 0.0552921 -0.0360736 0.0660191
10.5 0.05267 -0.0395905 0.0658904
10.51 0.0498271 -0.0429198 0.0657636
10.52 0.0467769 -0.0460476 0.0656389
10.53 0.043533 -0.0489609 0.0655156
10.54 0.0401108 -0.0516479 0.065394
10.55 0.036525 -0.0540974 0.0652733
10.56 0.0327926 -0.0562997 0.0651538
10.57 0.0289297 -0.0582457 0.0650346
10.58 0.024954 -0.0599283 0.0649161
10.59 0.0208829 -0.0613404 0.0647977
10.6 0.0167348 -0.0624772 0.0646796
10.61 0.0125278 -0.0633342 0.0645613
10.62 0.00828048 -0.0639089 0.0644431
10.63 0.00401165 -0.0641993 0.0643246
10.64 -0.000259973 -0.0642054 0.064206
10.65 -0.00451598 -0.0639277 0.064087
10.66 -0.00873743 -0.0633687 0.0639682
10.67 -0.0129062 -0.0625312 0.0638491
10.68 -0.0170042 -0.0614201 0.0637304
10.69 -0.0210135 -0.0600407 0.0636118
10.7 -0.0249171 -0.0584004 0.0634938
10.71 -0.028698 -0.0565065 0.0633764
10.72 -0.0323401 -0.0543687 0.0632601
10.73 -0.0358277 -0.0519963 0.0631446
10.74 -0.0391462 -0.0494011 0.0630309
10.75 -0.0422812 -0.0465945 0.0629186
10.76 -0.0452198 -0.0435899 0.0628086
10.77 -0.0479492 -0.0404007 0.0627005
10.78 -0.0504585 -0.0370416 0.062595
10.79 -0.0527368 -0.0335276 0.0624922
10.8 -0.054775 -0.0298748 0.0623924
10.81 -0.0565645 -0.0260993 0.0622954
10.82 -0.0580984 -0.0222185 0.0622019
10.83 -0.0593701 -0.0182491 0.0621115
10.84 -0.0603753 -0.0142092 0.0620248
10.85 -0.0611095 -0.0101166 0.0619412
10.86 -0.0615708 -0.0059895 0.0618614
10.87 -0.0617571 -0.00184609 0.0617847
10.88 -0.0616689 0.00229527 0.0617116
10.89 -0.0613065 0.00641644 0.0616413
10.9 -0.0606726 0.0104994 0.0615744
10.91 -0.0597703 0.014526 0.0615101
10.92 -0.0586043 0.0184789 0.0614486
10.93 -0.0571801 0.0223406 0.0613894
10.94 -0.0555046 0.0260944 0.0613325
10.95 -0.0535856 0.029724 0.0612775
10.96 -0.051432 0.0332136 0.0612241
10.97 -0.0490536 0.0365481 0.0611721
10.98 -0.0464616 0.039713 0.0611213
10.99 -0.0436673 0.0426949 0.0610712
11 -0.0406838 0.0454808 0.061022
11.01 -0.0375243 0.0480587 0.0609731
11.02 -0.034203 0.050418 0.0609247
11.03 -0.0307348 0.0525481 0.0608764
11.04 -0.0271352 0.0544405 0.0608284
11.05 -0.0234202 0.0560868 0.0607802
11.06 -0.0196063 0.0574806 0.0607324
11.07 -0.0157105 0.0586156 0.0606845
11.08 -0.0117498 0.0594877 0.060637
11.09 -0.00774208 0.0600931 0.0605898
11.1 -0.00370472 0.0604297 0.0605432
11.11 0.000344317 0.0604962 0.0604972
11.12 0.00438738 0.0602929 0.0604523
11.13 0.00840645 0.0598208 0.0604086
11.14 0.0123841 0.0590826 0.0603665
11.15 0.0163027 0.0580815 0.0603261
11.16 0.0201453 0.0568227 0.0602881
11.17 0.0238948 0.0553116 0.0602522
11.18 0.0275353 0.0535554 0.0602194
11.19 0.0310501 0.0515621 0.0601893
11.2 0.0344247 0.0493406 0.0601627
11.21 0.0376436 0.0469008 0.0601393
11.22 0.0406935 0.044254 0.0601197
11.23 0.0435605 0.0414117 0.0601036
11.24 0.0462326 0.0383867 0.0600916
11.25 0.0486977 0.0351926 0.0600832
11.26 0.0509456 0.0318434 0.0600787
11.27 0.0529661 0.028354 0.0600779
11.28 0.0547507 0.0247397 0.0600807
11.29 0.0562915 0.0210168 0.060087
11.3 0.0575821 0.0172014 0.0600965
11.31 0.0586165 0.0133106 0.0601087
11.32 0.0593907 0.00936123 0.0601239
11.33 0.0599008 0.00537096 0.0601411
11.34 0.0601453 0.00135696 0.0601606
11.35 0.0601227 -0.00266254 0.0601816
11.36 0.0598332 -0.00667065 0.0602039
11.37 0.0592782 -0.0106491 0.0602271
11.38 0.0584602 -0.0145811 0.0602511
11.39 0.0573825 -0.0184487 0.0602752
11.4 0.0560501 -0.0222357 0.0602996
11.41 0.0544688 -0.0259248 0.0603237
11.42 0.0526453 -0.0295006 0.0603474
11.43 0.0505878 -0.0329467 0.0603706
11.44 0.048305 -0.0362487 0.0603932
11.45 0.0458071 -0.0393916 0.0604151
11.46 0.0431048 -0.0423621 0.0604365
11.47 0.0402098 -0.0451467 0.0604571
11.48 0.0371349 -0.0477338 0.0604774
11.49 0.0338933 -0.0501114 0.0604972
11.5 0.0304991 -0.0522699 0.0605172
11.51 0.0269673 -0.0541989 0.0605373
11.52 0.0233128 -0.0558906 0.0605578
11.53 0.0195521 -0.0573372 0.0605792
11.54 0.0157009 -0.0585326 0.0606018
11.55 0.0117765 -0.0594711 0.0606259
11.56 0.00779557 -0.0601488 0.0606519
11.57 0.00377575 -0.0605625 0.0606801
11.58 -0.000265838 -0.0607102 0.0607108
11.59 -0.0043112 -0.0605913 0.0607445
11.6 -0.00834297 -0.060206 0.0607813
11.61 -0.0123435 -0.0595559 0.0608216
11.62 -0.0162954 -0.0586435 0.0608654
11.63 -0.0201813 -0.0574727 0.060913
11.64 -0.0239845 -0.0560483 0.0609645
11.65 -0.027688 -0.0543764 0.0610198
11.66 -0.0312761 -0.0524639 0.0610791
11.67 -0.0347327 -0.050319 0.0611422
11.68 -0.0380429 -0.0479506 0.0612088
11.69 -0.041192 -0.045369 0.0612791
11.7 -0.0441662 -0.0425848 0.0613524
11.71 -0.0470938 -0.0397465 0.0616248
11.72 -0.0499713 -0.0368568 0.0620932
11.73 -0.0527952 -0.0339189 0.062752
11.74 -0.0555619 -0.0309355 0.0635934
11.75 -0.0582684 -0.02791 0.0646078
11.76 -0.0609111 -0.0248452 0.0657833
11.77 -0.0634868 -0.0217445 0.0671074
11.78 -0.0659924 -0.0186108 0.0685665
11.79 -0.0684248 -0.0154474 0.0701469
11.8 -0.070781 -0.0122572 0.0718345
11.81 -0.073058 -0.00904378 0.0736156
11.82 -0.0752527 -0.00580984 0.0754766
11.83 -0.0773626 -0.00255898 0.077405
11.84 -0.0793847 0.00070606 0.0793879
11.85 -0.0813168 0.0039817 0.0814143
11.86 -0.0831557 0.007265 0.0834725
11.87 -0.0848995 0.0105527 0.0855528
11.88 -0.0865454 0.0138418 0.0876453
11.89 -0.0880913 0.017129 0.0897412
11.9 -0.0895348 0.0204113 0.0918319
11.91 -0.0908741 0.0236856 0.0939101
11.92 -0.0921067 0.0269488 0.0959681
11.93 -0.0932311 0.0301978 0.0979997
11.94 -0.0942451 0.0334296 0.0999984
11.95 -0.0951473 0.0366413 0.101959
11.96 -0.0959355 0.0398298 0.103875
11.97 -0.0966089 0.0429924 0.105743
11.98 -0.0971652 0.0461261 0.107558
11.99 -0.0976039 0.0492281 0.109316
12 -0.0979228 0.0522954 0.111012
12.01 -0.0981215 0.0553258 0.112644
12.02 -0.0981986 0.0583159 0.114209
12.03 -0.0981532 0.0612637 0.115703
12.04 -0.0979843 0.064166 0.117125
12.05 -0.0976913 0.0670208 0.118471
12.06 -0.0972735 0.0698253 0.11974
12.07 -0.0967302 0.0725774 0.120931
12.08 -0.0960611 0.0752743 0.122041
12.09 -0.0952657 0.0779141 0.12307
12.1 -0.0943439 0.0804943 0.124017
12.11 -0.0932952 0.083013 0.124881
12.12 -0.0921199 0.0854678 0.125662
12.13 -0.0908178 0.087857 0.12636
12.14 -0.0893891 0.0901784 0.126975
12.15 -0.0878339 0.0924304 0.127508
12.16 -0.0861527 0.0946108 0.127959
12.17 -0.0843456 0.0967183 0.12833
12.18 -0.0824137 0.098751 0.128623
12.19 -0.0803567 0.100707 0.128838
12.2 -0.0781762 0.102586 0.128978
12.21 -0.0758723 0.104385 0.129046
12.22 -0.0734462 0.106104 0.129045
12.23 -0.0708987 0.107742 0.128976
12.24 -0.0682311 0.109296 0.128845
12.25 -0.0654441 0.110766 0.128655
12.26 -0.0625393 0.112152 0.12841
12.27 -0.0595177 0.113451 0.128115
12.28 -0.056381 0.114664 0.127776
12.29 -0.0531304 0.11579 0.127397
12.3 -0.0497676 0.116827 0.126986
12.31 -0.046294 0.117776 0.126548
12.32 -0.0427116 0.118636 0.126091
12.33 -0.0390219 0.119407 0.125621
12.34 -0.035227 0.120088 0.125148
12.35 -0.0313287 0.120678 0.124679
12.36 -0.0273289 0.121179 0.124223
12.37 -0.0232298 0.12159 0.123789
12.38 -0.0190334 0.121911 0.123388
12.39 -0.014742 0.122142 0.123029
12.4 -0.0103578 0.122284 0.122722
12.41 -0.00588324 0.122336 0.122478
12.42 -0.0013205 0.1223 0.122307
12.43 0.00332775 0.122175 0.12222
12.44 0.00805925 0.121962 0.122228
12.45 0.0128713 0.121662 0.122341
12.46 0.0177613 0.121275 0.122569
12.47 0.0227265 0.120803 0.122922
12.48 0.0277645 0.120245 0.123409
12.49 0.0328722 0.119604 0.124039
12.5 0.0380472 0.11888 0.12482
12.51 0.0432861 0.118075 0.125759
12.52 0.0485867 0.117188 0.126861
12.53 0.0539455 0.116222 0.128132
12.54 0.0593598 0.115178 0.129575
12.55 0.0648267 0.114058 0.131193
12.56 0.070343 0.112861 0.132988
12.57 0.0759057 0.111592 0.134961
12.58 0.0815119 0.110249 0.13711
12.59 0.0871583 0.108836 0.139434
12.6 0.0928419 0.107354 0.141931
12.61 0.0985595 0.105805 0.144598
12.62 0.104308 0.104189 0.14743
12.63 0.110084 0.102511 0.150423
12.64 0.115885 0.10077 0.15357
12.65 0.121707 0.0989687 0.156867
12.66 0.127547 0.0971095 0.160308
12.67 0.133402 0.0951945 0.163885
12.68 0.139269 0.0932251 0.167591
12.69 0.145145 0.091204 0.171421
12.7 0.151025 0.0891327 0.175366
12.71 0.156908 0.0870137 0.17942
12.72 0.16279 0.0848491 0.183575
12.73 0.168667 0.0826411 0.187825
12.74 0.174537 0.0803917 0.192161
12.75 0.180396 0.0781034 0.196578
12.76 0.186241 0.0757782 0.201068
12.77 0.19207 0.0734187 0.205624
12.78 0.197878 0.071027 0.210239
12.79 0.203663 0.0686053 0.214907
12.8 0.209421 0.066156 0.219622
12.81 0.21515 0.0636815 0.224377
12.82 0.220847 0.0611841 0.229165
12.83 0.226508 0.058666 0.233982
12.84 0.23213 0.0561297 0.23882
12.85 0.237711 0.0535772 0.243674
12.86 0.243248 0.0510114 0.248539
12.87 0.248737 0.048434 0.253409
12.88 0.254176 0.0458478 0.258278
12.89 0.259563 0.0432547 0.263142
12.9 0.264893 0.0406574 0.267995
12.91 0.270165 0.0380578 0.272832
12.92 0.275376 0.0354585 0.277649
12.93 0.280523 0.0328614 0.282441
12.94 0.285603 0.030269 0.287203
12.95 0.290614 0.0276834 0.29193
12.96 0.295554 0.0251069 0.296619
12.97 0.30042 0.0225414 0.301265
12.98 0.30521 0.0199894 0.305864
12.99 0.309921 0.0174526 0.310412
13 0.314551 0.0149336 0.314905
13.01 0.319097 0.0124339 0.319339
13.02 0.323558 0.0099558 0.323711
13.03 0.327932 0.00750126 0.328017
13.04 0.332216 0.00507221 0.332254
13.05 0.336408 0.00267076 0.336418
13.06 0.340506 0.000298371 0.340506
13.07 0.344509 -0.00204273 0.344515
13.08 0.348415 -0.00435091 0.348442
13.09 0.352222 -0.0066243 0.352284
13.1 0.355928 -0.00886133 0.356038
13.11 0.359531 -0.0110601 0.359701
13.12 0.363031 -0.0132193 0.363271
13.13 0.366425 -0.0153368 0.366745
13.14 0.369712 -0.0174116 0.370122
13.15 0.37289 -0.0194418 0.373397
13.16 0.375959 -0.0214263 0.37657
13.17 0.378918 -0.0233631 0.379637
13.18 0.381764 -0.0252516 0.382598
13.19 0.384497 -0.0270896 0.38545
13.2 0.387116 -0.0288766 0.388191
13.21 0.389619 -0.0306108 0.39082
13.22 0.392007 -0.0322914 0.393334
13.23 0.394277 -0.0339169 0.395733
13.24 0.39643 -0.0354865 0.398015
13.25 0.398464 -0.0369989 0.400179
13.26 0.40038 -0.0384534 0.402222
13.27 0.402175 -0.0398486 0.404145
13.28 0.40385 -0.0411841 0.405945
13.29 0.405405 -0.0424588 0.407623
13.3 0.406839 -0.0436718 0.409176
13.31 0.408151 -0.0448224 0.410605
13.32 0.409341 -0.0459099 0.411908
13.33 0.41041 -0.0469336 0.413085
13.34 0.411356 -0.047893 0.414135
13.35 0.412181 -0.0487873 0.415058
13.36 0.412883 -0.049616 0.415854
13.37 0.413463 -0.0503788 0.416521
13.38 0.413921 -0.0510749 0.41706
13.39 0.414257 -0.0517043 0.417472
13.4 0.414472 -0.0522663 0.417754
13.41 0.414565 -0.0527607 0.417908
13.42 0.414536 -0.0531872 0.417934
13.43 0.414387 -0.0535458 0.417832
13.44 0.414117 -0.0538358 0.417602
13.45 0.413728 -0.0540576 0.417244
13.46 0.413218 -0.0542106 0.416759
13.47 0.41259 -0.0542951 0.416147
13.48 0.411843 -0.0543107 0.415409
13.49 0.410979 -0.0542579 0.414545
13.5 0.409997 -0.0541361 0.413556
13.51 0.408899 -0.053946 0.412442
13.52 0.407685 -0.0536871 0.411205
13.53 0.406357 -0.0533602 0.409845
13.54 0.404914 -0.0529649 0.408363
13.55 0.403358 -0.0525018 0.40676
13.56 0.401689 -0.051971 0.405037
13.57 0.399909 -0.0513728 0.403195
13.58 0.398019 -0.0507075 0.401236
13.59 0.396018 -0.0499755 0.399159
13.6 0.39391 -0.049177 0.396968
13.61 0.391693 -0.0483128 0.394661
13.62 0.38937 -0.0473831 0.392243
13.63 0.386942 -0.0463883 0.389713
13.64 0.384409 -0.0453289 0.387072
13.65 0.381773 -0.0442057 0.384323
13.66 0.379034 -0.0430191 0.381468
13.67 0.376195 -0.0417696 0.378506
13.68 0.373255 -0.040458 0.375442
13.69 0.370217 -0.0390846 0.372274
13.7 0.367081 -0.0376507 0.369007
13.71 0.363848 -0.0361564 0.36564
13.72 0.360521 -0.0346029 0.362177
13.73 0.357099 -0.0329905 0.358619
13.74 0.353584 -0.0313204 0.354968
13.75 0.349977 -0.0295931 0.351226
13.76 0.34628 -0.0278097 0.347395
13.77 0.342494 -0.0259708 0.343477
13.78 0.33862 -0.0240775 0.339475
13.79 0.334658 -0.0221305 0.335389
13.8 0.330611 -0.0201311 0.331224
13.81 0.32648 -0.0180799 0.32698
13.82 0.322265 -0.0159781 0.322661
13.83 0.317969 -0.0138265 0.318269
13.84 0.313591 -0.0116265 0.313806
13.85 0.309134 -0.00937878 0.309276
13.86 0.304598 -0.00708462 0.304681
13.87 0.299985 -0.00474517 0.300023
13.88 0.295296 -0.00236132 0.295306
13.89 0.290533 6.54053e-05 0.290533
13.9 0.285695 0.00253431 0.285707
13.91 0.280786 0.0050437 0.280831
13.92 0.275804 0.0075928 0.275909
13.93 0.270753 0.0101801 0.270944
13.94 0.265633 0.0128045 0.265941
13.95 0.260445 0.0154645 0.260904
13.96 0.25519 0.0181593 0.255835
13.97 0.24987 0.020887 0.250741
13.98 0.244485 0.0236467 0.245626
13.99 0.239037 0.0264367 0.240495
14 0.233528 0.0292563 0.235353
14.01 0.227957 0.0321032 0.230206
14.02 0.222326 0.0349769 0.22506
14.03 0.216636 0.0378753 0.219922
14.04 0.210889 0.0407975 0.214799
14.05 0.205084 0.0437417 0.209697
14.06 0.199225 0.0467067 0.204627
14.07 0.19331 0.0496907 0.199595
14.08 0.187343 0.0526926 0.194612
14.09 0.181323 0.0557106 0.189688
14.1 0.175251 0.0587435 0.184835
14.11 0.169129 0.0617893 0.180063
14.12 0.162959 0.064847 0.175387
14.13 0.156739 0.0679146 0.17082
14.14 0.150473 0.0709907 0.166378
14.15 0.14416 0.0740738 0.162077
14.16 0.137802 0.0771622 0.157935
14.17 0.131399 0.0802542 0.153969
14.18 0.124954 0.0833483 0.150201
14.19 0.118466 0.0864429 0.146651
14.2 0.111937 0.0895362 0.143341
14.21 0.105367 0.0926267 0.140292
14.22 0.0987585 0.0957124 0.137529
14.23 0.0921114 0.0987921 0.135072
14.24 0.0854269 0.101863 0.132943
14.25 0.0787061 0.104925 0.131164
14.26 0.0719499 0.107976 0.129752
14.27 0.0651592 0.111013 0.128723
14.28 0.0583352 0.114035 0.128089
14.29 0.0514787 0.11704 0.127861
14.3 0.0445907 0.120027 0.128042
14.31 0.0375296 0.122609 0.128224
14.32 0.0303189 0.124776 0.128407
14.33 0.0229832 0.126521 0.128591
14.34 0.0155469 0.127835 0.128777
14.35 0.00803551 0.128713 0.128963
14.36 0.000474152 0.12915 0.129151
14.37 -0.00711078 0.129144 0.12934
14.38 -0.0146941 0.128694 0.12953
14.39 -0.0222492 0.127799 0.129721
14.4 -0.0297505 0.126461 0.129913
14.41 -0.0371718 0.124684 0.130107
14.42 -0.0444877 0.122472 0.130302
14.43 -0.0516724 0.119831 0.130497
14.44 -0.0587014 0.11677 0.130694
14.45 -0.0655495 0.113297 0.130893
14.46 -0.0721932 0.109423 0.131092
14.47 -0.0786085 0.105159 0.131293
14.48 -0.0847732 0.100521 0.131495
14.49 -0.090665 0.0955206 0.131698
14.5 -0.096263 0.0901758 0.131902
14.51 -0.101547 0.084503 0.132108
14.52 -0.106497 0.0785211 0.132315
14.53 -0.111096 0.0722489 0.132523
14.54 -0.115327 0.0657077 0.132732
14.55 -0.119174 0.0589183 0.132943
14.56 -0.122622 0.051904 0.133154
14.57 -0.125658 0.0446875 0.133368
14.58 -0.128271 0.0372933 0.133582
14.59 -0.130449 0.0297458 0.133798
14.6 -0.132184 0.0220707 0.134014
14.61 -0.133469 0.0142938 0.134232
14.62 -0.134297 0.00644185 0.134452
14.63 -0.134665 -0.00145906 0.134673
14.64 -0.134568 -0.00938141 0.134894
14.65 -0.134006 -0.0172983 0.135118
14.66 -0.132979 -0.0251822 0.135342
14.67 -0.131488 -0.0330062 0.135568
14.68 -0.129538 -0.0407428 0.135795
14.69 -0.127134 -0.0483653 0.136023
14.7 -0.124281 -0.055847 0.136252
14.71 -0.120989 -0.0631612 0.136483
14.72 -0.117266 -0.0702827 0.136715
14.73 -0.113125 -0.0771857 0.136948
14.74 -0.108577 -0.083846 0.137183
14.75 -0.103637 -0.0902395 0.137419
14.76 -0.0983211 -0.096343 0.137655
14.77 -0.0926455 -0.102135 0.137894
14.78 -0.0866284 -0.107593 0.138133
14.79 -0.0802898 -0.112698 0.138374
14.8 -0.0736497 -0.117431 0.138616
14.81 -0.0667303 -0.121774 0.138859
14.82 -0.0595544 -0.12571 0.139103
14.83 -0.0521458 -0.129224 0.139349
14.84 -0.0445291 -0.132303 0.139595
14.85 -0.03673 -0.134933 0.139843
14.86 -0.0287747 -0.137106 0.140093
14.87 -0.0206899 -0.138809 0.140343
14.88 -0.0125037 -0.140037 0.140594
14.89 -0.00424337 -0.140783 0.140847
14.9 0.00406233 -0.141042 0.141101
14.91 0.012385 -0.140812 0.141356
14.92 0.0206957 -0.140092 0.141612
14.93 0.0289657 -0.138881 0.141869
14.94 0.037166 -0.137183 0.142128
14.95 0.0452681 -0.135 0.142388
14.96 0.053243 -0.13234 0.142649
14.97 0.0610631 -0.129208 0.142911
14.98 0.0686999 -0.125614 0.143174
14.99 0.0761269 -0.121569 0.143438
15 0.0833167 -0.117085 0.143703
15.01 0.0902438 -0.112175 0.14397
15.02 0.0968826 -0.106856 0.144237
15.03 0.103209 -0.101143 0.144506
15.04 0.1092 -0.0950543 0.144776
15.05 0.114833 -0.088611 0.145047
15.06 0.120087 -0.0818329 0.145318
15.07 0.124941 -0.0747429 0.145591
15.08 0.129379 -0.0673639 0.145865
15.09 0.133381 -0.0597208 0.146141
15.1 0.136933 -0.0518388 0.146417
15.11 0.14002 -0.0437449 0.146694
15.12 0.142629 -0.0354657 0.146972
15.13 0.144749 -0.0270303 0.147252
15.14 0.146372 -0.0184666 0.147532
15.15 0.147488 -0.0098047 0.147813
15.16 0.148092 -0.00107383 0.148096
15.17 0.14818 0.00769516 0.148379
15.18 0.147748 0.0164723 0.148664
15.19 0.146797 0.0252264 0.148949
15.2 0.145328 0.0339271 0.149236
15.21 0.143343 0.0425435 0.149523
15.22 0.140847 0.0510451 0.149811
15.23 0.137847 0.0594016 0.150101
15.24 0.13435 0.0675832 0.150391
15.25 0.130368 0.0755602 0.150682
15.26 0.125912 0.083304 0.150975
15.27 0.120995 0.0907862 0.151268
15.28 0.115634 0.0979794 0.151562
15.29 0.109843 0.104857 0.151857
15.3 0.103644 0.111394 0.152153
15.31 0.0970537 0.117565 0.15245
15.32 0.0900958 0.123348 0.152748
15.33 0.0827922 0.128719 0.153047
15.34 0.0751675 0.13366 0.153346
15.35 0.0672469 0.138149 0.153647
15.36 0.0590571 0.14217 0.153948
15.37 0.0506258 0.145706 0.15425
15.38 0.0419814 0.148742 0.154553
15.39 0.0331539 0.151267 0.154857
15.4 0.0241732 0.153267 0.155162
15.41 0.0150704 0.154736 0.155468
15.42 0.00587724 0.155663 0.155774
15.43 -0.00337434 0.156045 0.156081
15.44 -0.0126519 0.155877 0.156389
15.45 -0.0219227 0.155157 0.156699
15.46 -0.0311542 0.153886 0.157008
15.47 -0.0403132 0.152066 0.157319
15.48 -0.0493676 0.1497 0.15763
15.49 -0.0582841 0.146795 0.157942
15.5 -0.0670312 0.143358 0.158255
15.51 -0.0755768 0.1394 0.158569
15.52 -0.0838902 0.134931 0.158884
15.53 -0.0919403 0.129967 0.159199
15.54 -0.0996981 0.124521 0.159515
15.55 -0.107134 0.118611 0.159832
15.56 -0.114221 0.112256 0.16015
15.57 -0.120932 0.105477 0.160468
15.58 -0.127242 0.0982961 0.160788
15.59 -0.133126 0.0907362 0.161108
15.6 -0.138562 0.0828231 0.161428
15.61 -0.143528 0.074583 0.16175
15.62 -0.148005 0.0660441 0.162072
15.63 -0.151975 0.0572348 0.162395
15.64 -0.15542 0.0481861 0.162719
15.65 -0.158328 0.0389282 0.163043
15.66 -0.160684 0.0294939 0.163368
15.67 -0.162478 0.0199153 0.163694
15.68 -0.163702 0.0102264 0.164021
15.69 -0.164348 0.000460637 0.164348
15.7 -0.164411 -0.00934685 0.164676
15.71 -0.163889 -0.019162 0.165005
15.72 -0.16278 -0.0289494 0.165335
15.73 -0.161087 -0.0386743 0.165665
15.74 -0.158813 -0.0483014 0.165996
15.75 -0.155963 -0.0577964 0.166327
15.76 -0.152544 -0.0671244 0.166659
15.77 -0.148567 -0.0762517 0.166993
15.78 -0.144043 -0.0851445 0.167326
15.79 -0.138986 -0.0937703 0.16766
15.8 -0.133411 -0.102097 0.167995
15.81 -0.127337 -0.110093 0.168331
15.82 -0.120783 -0.117729 0.168667
15.83 -0.113769 -0.124976 0.169004
15.84 -0.106319 -0.131806 0.169342
15.85 -0.0984586 -0.138192 0.16968
15.86 -0.0902126 -0.144111 0.170019
15.87 -0.0816098 -0.149538 0.170358
15.88 -0.0726789 -0.154453 0.170698
15.89 -0.0634507 -0.158834 0.171039
15.9 -0.0539568 -0.162665 0.17138
15.91 -0.0442303 -0.165928 0.171722
15.92 -0.0343048 -0.16861 0.172065
15.93 -0.0242152 -0.170699 0.172408
15.94 -0.013997 -0.172183 0.172751
15.95 -0.00368615 -0.173056 0.173096
15.96 0.00668052 -0.173312 0.173441
15.97 0.0170663 -0.172946 0.173786
15.98 0.0274334 -0.171957 0.174132
15.99 0.0377453 -0.170347 0.174479
16 0.0479638 -0.168117 0.174826
16.01 0.0580524 -0.165274 0.175173
16.02 0.0679736 -0.161825 0.175522
16.03 0.0776916 -0.15778 0.17587
16.04 0.0871698 -0.153149 0.17622
16.05 0.0963737 -0.147949 0.176569
16.06 0.105268 -0.142194 0.17692
16.07 0.11382 -0.135904 0.177271
16.08 0.121998 -0.129097 0.177622
16.09 0.129769 -0.121798 0.177974
16.1 0.137104 -0.114029 0.178326
16.11 0.143976 -0.105817 0.178679
16.12 0.150355 -0.0971891 0.179032
16.13 0.156219 -0.0881755 0.179386
16.14 0.161543 -0.0788062 0.17974
16.15 0.166305 -0.0691142 0.180095
16.16 0.170486 -0.0591325 0.18045
16.17 0.174068 -0.0488964 0.180805
16.18 0.177036 -0.0384414 0.181161
16.19 0.179375 -0.0278049 0.181517
16.2 0.181076 -0.017024 0.181874
16.21 0.182128 -0.0061377 0.182231
16.22 0.182525 0.00481553 0.182589
16.23 0.182263 0.0157958 0.182947
16.24 0.18134 0.0267638 0.183305
16.25 0.179757 0.0376793 0.183663
16.26 0.177515 0.0485029 0.184022
16.27 0.174621 0.0591945 0.184381
16.28 0.171082 0.0697151 0.184741
16.29 0.166908 0.0800253 0.185101
16.3 0.162112 0.0900871 0.185461
16.31 0.156707 0.0998626 0.185822
16.32 0.150712 0.109315 0.186183
16.33 0.144146 0.118409 0.186544
16.34 0.137029 0.127109 0.186905
16.35 0.129385 0.135382 0.187267
16.36 0.121241 0.143196 0.187629
16.37 0.112622 0.150522 0.187991
16.38 0.103559 0.157328 0.188353
16.39 0.0940835 0.16359 0.188715
16.4 0.0842274 0.169282 0.189078
16.41 0.0740249 0.17438 0.189441
16.42 0.0635123 0.178862 0.189804
16.43 0.0527261 0.182712 0.190167
16.44 0.041705 0.18591 0.190531
16.45 0.0304879 0.188444 0.190894
16.46 0.0191151 0.1903 0.191258
16.47 0.00762757 0.19147 0.191622
16.48 -0.00393349 0.191945 0.191985
16.49 -0.0155256 0.191722 0.19235
16.5 -0.0271071 0.190798 0.192713
16.51 -0.0386349 0.189173 0.193078
16.52 -0.050067 0.18685 0.193442
16.53 -0.0613609 0.183836 0.193806
16.54 -0.0724749 0.180137 0.19417
16.55 -0.083367 0.175766 0.194534
16.56 -0.0939969 0.170734 0.194899
16.57 -0.104324 0.165058 0.195263
16.58 -0.11431 0.158755 0.195627
16.59 -0.123915 0.151847 0.195991
16.6 -0.133104 0.144356 0.196355
16.61 -0.141841 0.136307 0.196719
16.62 -0.150092 0.127727 0.197083
16.63 -0.157823 0.118647 0.197447
16.64 -0.165007 0.109096 0.197811
16.65 -0.171612 0.0991082 0.198174
16.66 -0.177612 0.088719 0.198538
16.67 -0.182984 0.0779643 0.198901
16.68 -0.187705 0.0668826 0.199264
16.69 -0.191753 0.0555131 0.199627
16.7 -0.195113 0.0438969 0.19999
16.71 -0.197769 0.0320752 0.200353
16.72 -0.199708 0.0200914 0.200716
16.73 -0.200919 0.00798843 0.201078
16.74 -0.201397 -0.0041891 0.20144
16.75 -0.201135 -0.016397 0.201802
16.76 -0.200132 -0.0285899 0.202164
16.77 -0.19839 -0.0407232 0.202526
16.78 -0.195909 -0.0527514 0.202887
16.79 -0.192699 -0.06463 0.203249
16.8 -0.188767 -0.0763145 0.20361
16.81 -0.184125 -0.0877608 0.20397
16.82 -0.178787 -0.0989259 0.204331
16.83 -0.172771 -0.109767 0.204691
16.84 -0.166095 -0.120243 0.205051
16.85 -0.158783 -0.130314 0.205411
16.86 -0.150857 -0.139941 0.205771
16.87 -0.142347 -0.149087 0.20613
16.88 -0.13328 -0.157715 0.206489
16.89 -0.123689 -0.165792 0.206848
16.9 -0.113606 -0.173286 0.207206
16.91 -0.103067 -0.180167 0.207564
16.92 -0.09211 -0.186407 0.207922
16.93 -0.0807731 -0.19198 0.20828
16.94 -0.069097 -0.196864 0.208638
16.95 -0.0571239 -0.201036 0.208994
16.96 -0.044897 -0.204481 0.209351
16.97 -0.0324606 -0.20718 0.209708
16.98 -0.0198604 -0.209123 0.210064
16.99 -0.00714203 -0.210299 0.21042
17 0.00564725 -0.2107 0.210776
17.01 0.0184607 -0.210322 0.211131
17.02 0.0312504 -0.209165 0.211486
17.03 0.0439691 -0.207228 0.211841
17.04 0.056569 -0.204516 0.212196
17.05 0.0690033 -0.201037 0.21255
17.06 0.0812243 -0.196801 0.212903
17.07 0.0931869 -0.19182 0.213257
17.08 0.104845 -0.18611 0.21361
17.09 0.116154 -0.17969 0.213963
17.1 0.12707 -0.172582 0.214316
17.11 0.137553 -0.164808 0.214668
17.12 0.14756 -0.156396 0.21502
17.13 0.157054 -0.147374 0.215372
17.14 0.165996 -0.137774 0.215723
17.15 0.174352 -0.12763 0.216074
17.16 0.182087 -0.116977 0.216424
17.17 0.189173 -0.105854 0.216775
17.18 0.195578 -0.0942993 0.217125
17.19 0.201278 -0.0823553 0.217474
17.2 0.206248 -0.0700646 0.217824
17.21 0.210467 -0.0574726 0.218173
17.22 0.213916 -0.0446243 0.218521
17.23 0.216581 -0.0315676 0.218869
17.24 0.218448 -0.0183497 0.219217
17.25 0.219507 -0.00502003 0.219564
17.26 0.219752 0.00837253 0.219912
17.27 0.219179 0.0217776 0.220258
17.28 0.217787 0.0351458 0.220605
17.29 0.215578 0.0484265 0.22095
17.3 0.212558 0.06157 0.221296
17.31 0.208735 0.0745267 0.221641
17.32 0.204121 0.0872472 0.221986
17.33 0.19873 0.0996834 0.22233
17.34 0.19258 0.111787 0.222674
17.35 0.185691 0.123513 0.223017
17.36 0.178086 0.134815 0.22336
17.37 0.169791 0.14565 0.223703
17.38 0.160835 0.155974 0.224045
17.39 0.15125 0.165749 0.224386
17.4 0.141068 0.174935 0.224727
17.41 0.130326 0.183496 0.225068
17.42 0.119063 0.191397 0.225408
17.43 0.107318 0.198607 0.225748
17.44 0.0951354 0.205096 0.226087
17.45 0.0825581 0.210838 0.226426
17.46 0.069632 0.215808 0.226764
17.47 0.0564051 0.219985 0.227101
17.48 0.0429253 0.223351 0.227438
17.49 0.0292432 0.22589 0.227775
17.5 0.0154088 0.227589 0.22811
17.51 0.00147432 0.228441 0.228446
17.52 -0.0125087 0.228438 0.22878
17.53 -0.0264874 0.227578 0.229114
17.54 -0.0404096 0.225861 0.229448
17.55 -0.0542221 0.223291 0.229781
17.56 -0.0678734 0.219875 0.230113
17.57 -0.0813104 0.215623 0.230444
17.58 -0.0944828 0.210547 0.230775
17.59 -0.107339 0.204665 0.231105
17.6 -0.119831 0.197996 0.231435
17.61 -0.131909 0.190563 0.231763
17.62 -0.143528 0.18239 0.232091
17.63 -0.15464 0.173507 0.232418
17.64 -0.165203 0.163946 0.232745
17.65 -0.175176 0.153738 0.233071
17.66 -0.184518 0.142923 0.233396
17.67 -0.193192 0.131537 0.23372
17.68 -0.201164 0.119622 0.234044
17.69 -0.208401 0.107222 0.234366
17.7 -0.214873 0.0943828 0.234689
17.71 -0.220554 0.08115 0.23501
17.72 -0.225419 0.0675738 0.23533
17.73 -0.229448 0.0537034 0.235649
17.74 -0.232623 0.0395914 0.235968
17.75 -0.234928 0.0252897 0.236286
17.76 -0.236354 0.0108523 0.236603
17.77 -0.23689 -0.00366677 0.236919
17.78 -0.236534 -0.0182125 0.237234
17.79 -0.235283 -0.03273 0.237548
17.8 -0.233138 -0.0471643 0.237861
17.81 -0.230108 -0.0614599 0.238174
17.82 -0.226198 -0.0755628 0.238485
17.83 -0.221422 -0.0894184 0.238796
17.84 -0.215796 -0.102974 0.239106
17.85 -0.209338 -0.116176 0.239414
17.86 -0.20207 -0.128975 0.239722
17.87 -0.194018 -0.141319 0.240029
17.88 -0.185209 -0.153162 0.240335
17.89 -0.175675 -0.164456 0.24064
17.9 -0.16545 -0.175158 0.240944
17.91 -0.154571 -0.185223 0.241246
17.92 -0.143078 -0.194614 0.241548
17.93 -0.131011 -0.203291 0.241849
17.94 -0.118417 -0.21122 0.242149
17.95 -0.10534 -0.218368 0.242448
17.96 -0.0918303 -0.224706 0.242746
17.97 -0.0779367 -0.230208 0.243043
17.98 -0.0637118 -0.23485 0.243339
17.99 -0.0492084 -0.238612 0.243634
18 -0.0344814 -0.241478 0.243927
18.01 -0.0195859 -0.243433 0.24422
18.02 -0.00457864 -0.244469 0.244512
18.03 0.010484 -0.244578 0.244802
18.04 0.0255441 -0.243757 0.245092
18.05 0.0405449 -0.242008 0.24538
18.06 0.0554281 -0.239333 0.245668
18.07 0.0701376 -0.235742 0.245954
18.08 0.084616 -0.231244 0.246239
18.09 0.0988078 -0.225856 0.246524
18.1 0.112658 -0.219594 0.246806
18.11 0.126112 -0.212482 0.247089
18.12 0.139119 -0.204542 0.247369
18.13 0.151626 -0.195805 0.247649
18.14 0.163586 -0.1863 0.247928
18.15 0.17495 -0.176063 0.248205
18.16 0.185674 -0.16513 0.248481
18.17 0.195716 -0.153542 0.248757
18.18 0.205034 -0.141341 0.249031
18.19 0.213591 -0.128573 0.249304
18.2 0.221353 -0.115284 0.249575
18.21 0.228288 -0.101525 0.249846
18.22 0.234368 -0.0873469 0.250116
18.23 0.239566 -0.0728028 0.250384
18.24 0.243861 -0.0579476 0.250651
18.25 0.247234 -0.0428374 0.250917
18.26 0.249669 -0.0275297 0.251182
18.27 0.251155 -0.0120825 0.251446
18.28 0.251685 0.00344507 0.251709
18.29 0.251253 0.018994 0.25197
18.3 0.249859 0.0345041 0.25223
18.31 0.247506 0.0499165 0.25249
18.32 0.244201 0.0651711 0.252748
18.33 0.239953 0.0802095 0.253004
18.34 0.234778 0.0949729 0.25326
18.35 0.228692 0.109404 0.253514
18.36 0.221718 0.123447 0.253768
18.37 0.213879 0.137047 0.25402
18.38 0.205203 0.15015 0.25427
18.39 0.195723 0.162706 0.25452
18.4 0.185472 0.174663 0.254768
18.41 0.174489 0.185975 0.255016
18.42 0.162813 0.196597 0.255262
18.43 0.150489 0.206486 0.255506
18.44 0.137562 0.215603 0.25575
18.45 0.12408 0.223911 0.255992
18.46 0.110095 0.231375 0.256233
18.47 0.0956588 0.237966 0.256473
18.48 0.0808259 0.243655 0.256711
18.49 0.0656532 0.248419 0.256948
18.5 0.0501979 0.252238 0.257184
18.51 0.0345195 0.255094 0.257419
18.52 0.0186774 0.256974 0.257652
18.53 0.00273305 0.25787 0.257884
18.54 -0.0132529 0.257775 0.258115
18.55 -0.0292182 0.256687 0.258344
18.56 -0.0451017 0.254609 0.258573
18.57 -0.0608413 0.251546 0.258799
18.58 -0.0763763 0.247508 0.259025
18.59 -0.091646 0.242509 0.259248
18.6 -0.106591 0.236566 0.259471
18.61 -0.121152 0.2297 0.259692
18.62 -0.135273 0.221936 0.259912
18.63 -0.148898 0.213301 0.26013
18.64 -0.161973 0.203827 0.260347
18.65 -0.174446 0.19355 0.260563
18.66 -0.186268 0.182507 0.260777
18.67 -0.197392 0.170739 0.260989
18.68 -0.207772 0.158292 0.2612
18.69 -0.217369 0.145211 0.26141
18.7 -0.226141 0.131546 0.261618
18.71 -0.234055 0.117349 0.261825
18.72 -0.241076 0.102673 0.26203
18.73 -0.247178 0.0875762 0.262234
18.74 -0.252333 0.0721144 0.262435
18.75 -0.25652 0.056348 0.262636
18.76 -0.259721 0.040337 0.262835
18.77 -0.261922 0.0241437 0.263032
18.78 -0.263111 0.00783014 0.263227
18.79 -0.263283 -0.00853986 0.263422
18.8 -0.262435 -0.0249034 0.263614
18.81 -0.260568 -0.0411961 0.263805
18.82 -0.257688 -0.0573551 0.263994
18.83 -0.253804 -0.0733167 0.264181
18.84 -0.248928 -0.0890189 0.264367
18.85 -0.24308 -0.104399 0.264551
18.86 -0.236279 -0.119398 0.264733
18.87 -0.228549 -0.133956 0.264913
18.88 -0.219921 -0.148015 0.265092
18.89 -0.210425 -0.16152 0.265269
18.9 -0.200098 -0.174417 0.265444
18.91 -0.188978 -0.186655 0.265618
18.92 -0.177107 -0.198185 0.265789
18.93 -0.164529 -0.20896 0.265959
18.94 -0.151295 -0.218937 0.266127
18.95 -0.137452 -0.228076 0.266293
18.96 -0.123056 -0.23634 0.266457
18.97 -0.108161 -0.243694 0.266619
18.98 -0.0928245 -0.25011 0.266779
18.99 -0.0771056 -0.255559 0.266938
19 -0.0610658 -0.26002 0.267094
19.01 -0.0447667 -0.263473 0.267249
19.02 -0.0282723 -0.265903 0.267401
19.03 -0.0116464 -0.267299 0.267552
19.04 0.00504569 -0.267653 0.267701
19.05 0.0217388 -0.266964 0.267847
19.06 0.0383677 -0.265231 0.267992
19.07 0.0548666 -0.262461 0.268134
19.08 0.0711712 -0.258662 0.268275
19.09 0.0872166 -0.253848 0.268413
19.1 0.10294 -0.248037 0.268549
19.11 0.118279 -0.241249 0.268684
19.12 0.133173 -0.23351 0.268816
19.13 0.147562 -0.224849 0.268946
19.14 0.16139 -0.215299 0.269074
19.15 0.174601 -0.204896 0.269199
19.16 0.187143 -0.19368 0.269323
19.17 0.198965 -0.181694 0.269444
19.18 0.210021 -0.168984 0.269563
19.19 0.220264 -0.155599 0.26968
19.2 0.229655 -0.141591 0.269795
19.21 0.238154 -0.127014 0.269907
19.22 0.245728 -0.111925 0.270017
19.23 0.252345 -0.096383 0.270125
19.24 0.257978 -0.0804486 0.270231
19.25 0.262604 -0.0641836 0.270334
19.26 0.266204 -0.0476524 0.270435
19.27 0.268761 -0.0309194 0.270534
19.28 0.270265 -0.0140509 0.27063
19.29 0.270709 0.0028872 0.270724
19.3 0.270089 0.0198276 0.270816
19.31 0.268407 0.0367039 0.270905
19.32 0.265669 0.053449 0.270992
19.33 0.261883 0.0699969 0.271077
19.34 0.257065 0.0862817 0.271158
19.35 0.251232 0.102239 0.271238
19.36 0.244405 0.117805 0.271315
19.37 0.236612 0.132918 0.27139
19.38 0.227882 0.147519 0.271462
19.39 0.218248 0.161547 0.271532
19.4 0.207748 0.174948 0.271599
19.41 0.196423 0.187668 0.271664
19.42 0.184317 0.199656 0.271727
19.43 0.171477 0.210864 0.271787
19.44 0.157954 0.221246 0.271844
19.45 0.1438 0.230761 0.271899
19.46 0.12907 0.239371 0.271951
19.47 0.113824 0.247039 0.272001
19.48 0.0981212 0.253737 0.272048
19.49 0.082023 0.259435 0.272092
19.5 0.0655937 0.264111 0.272135
19.51 0.0488978 0.267745 0.272174
19.52 0.0320019 0.270323 0.272211
19.53 0.0149724 0.271833 0.272245
19.54 -0.00212232 0.272268 0.272276
19.55 -0.0192154 0.271626 0.272305
19.56 -0.0362376 0.26991 0.272331
19.57 -0.0531224 0.267124 0.272355
19.58 -0.0698016 0.26328 0.272376
19.59 -0.0862093 0.258392 0.272394
19.6 -0.10228 0.252479 0.272409
19.61 -0.117949 0.245564 0.272422
19.62 -0.133154 0.237674 0.272431
19.63 -0.147834 0.22884 0.272439
19.64 -0.16193 0.219097 0.272443
19.65 -0.175386 0.208484 0.272444
19.66 -0.188148 0.197041 0.272442
19.67 -0.200165 0.184814 0.272438
19.68 -0.211388 0.171853 0.272431
19.69 -0.221773 0.158208 0.272421
19.7 -0.231277 0.143933 0.272408
19.71 -0.239862 0.129087 0.272391
19.72 -0.247494 0.113726 0.272372
19.73 -0.254141 0.0979134 0.27235
19.74 -0.259778 0.0817116 0.272325
19.75 -0.26438 0.0651856 0.272297
19.76 -0.267929 0.0484013 0.272266
19.77 -0.270412 0.0314258 0.272232
19.78 -0.271817 0.014327 0.272195
19.79 -0.272139 -0.00282625 0.272154
19.8 -0.271377 -0.0199657 0.272111
19.81 -0.269533 -0.0370223 0.272063
19.82 -0.266614 -0.0539276 0.272014
19.83 -0.262633 -0.0706141 0.27196
19.84 -0.257605 -0.0870144 0.271904
19.85 -0.251549 -0.103063 0.271844
19.86 -0.244492 -0.118695 0.271781
19.87 -0.23646 -0.133848 0.271714
19.88 -0.227486 -0.148461 0.271644
19.89 -0.217607 -0.162475 0.271571
19.9 -0.206861 -0.175834 0.271494
19.91 -0.195294 -0.188484 0.271414
19.92 -0.182949 -0.200374 0.271331
19.93 -0.16988 -0.211457 0.271244
19.94 -0.156136 -0.221688 0.271153
19.95 -0.141775 -0.231026 0.271059
19.96 -0.126854 -0.239433 0.270961
19.97 -0.111433 -0.246876 0.27086
19.98 -0.0955751 -0.253325 0.270755
19.99 -0.0793445 -0.258755 0.270647
20 -0.062806 -0.263143 0.270534
20.01 -0.0460275 -0.266473 0.270418
20.02 -0.029076 -0.26873 0.270299
20.03 -0.0120209 -0.269908 0.270175
20.04 0.00506966 -0.270001 0.270048
20.05 0.0221257 -0.269009 0.269917
20.06 0.0390789 -0.266937 0.269783
20.07 0.0558602 -0.263794 0.269644
20.08 0.072402 -0.259594 0.269502
20.09 0.0886374 -0.254353 0.269355
20.1 0.104501 -0.248094 0.269205
20.11 0.119928 -0.240843 0.269051
20.12 0.134857 -0.23263 0.268892
20.13 0.149227 -0.223489 0.26873
20.14 0.162981 -0.213457 0.268564
20.15 0.176063 -0.202576 0.268394
20.16 0.18842 -0.190892 0.268219
20.17 0.200004 -0.178451 0.268041
20.18 0.210766 -0.165305 0.267859
20.19 0.220666 -0.151509 0.267672
20.2 0.229662 -0.137119 0.267481
20.21 0.23772 -0.122194 0.267287
20.22 0.244807 -0.106795 0.267088
20.23 0.250896 -0.0909859 0.266885
20.24 0.255963 -0.0748311 0.266677
20.25 0.259988 -0.0583971 0.266465
20.26 0.262956 -0.0417507 0.26625
20.27 0.264856 -0.0249606 0.266029
20.28 0.265682 -0.00809491 0.265805
20.29 0.265431 0.00877703 0.265576
20.3 0.264107 0.0255869 0.265343
20.31 0.261715 0.0422654 0.265106
20.32 0.258268 0.0587455 0.264864
20.33 0.253779 0.0749591 0.264618
20.34 0.248271 0.0908414 0.264368
20.35 0.241765 0.106327 0.264113
20.36 0.234291 0.121354 0.263854
20.37 0.22588 0.135861 0.26359
20.38 0.216569 0.149789 0.263323
20.39 0.206395 0.163083 0.26305
20.4 0.195405 0.17569 0.262773
20.41 0.183642 0.187557 0.262492
20.42 0.171157 0.198639 0.262206
20.43 0.158001 0.208891 0.261916
20.44 0.144231 0.218272 0.261621
20.45 0.129904 0.226746 0.261322
20.46 0.11508 0.23428 0.261018
20.47 0.0998193 0.240843 0.26071
20.48 0.0841871 0.246412 0.260396
20.49 0.0682473 0.250965 0.260079
20.5 0.0520667 0.254485 0.259757
20.51 0.0357118 0.256961 0.25943
20.52 0.0192505 0.258383 0.259099
20.53 0.0027507 0.258749 0.258763
20.54 -0.0137198 0.258058 0.258422
20.55 -0.0300929 0.256317 0.258077
20.56 -0.0463018 0.253534 0.257727
20.57 -0.0622797 0.249724 0.257373
20.58 -0.0779617 0.244904 0.257014
20.59 -0.0932832 0.239097 0.25665
20.6 -0.108183 0.232329 0.256281
20.61 -0.122599 0.22463 0.255908
20.62 -0.136474 0.216034 0.25553
20.63 -0.149751 0.206578 0.255147
20.64 -0.162379 0.196305 0.25476
20.65 -0.174305 0.185258 0.254367
20.66 -0.185482 0.173486 0.253971
20.67 -0.195866 0.161038 0.253569
20.68 -0.205417 0.147969 0.253162
20.69 -0.214097 0.134333 0.252751
20.7 -0.221872 0.12019 0.252334
20.71 -0.228713 0.105597 0.251913
20.72 -0.234593 0.0906194 0.251487
20.73 -0.239492 0.0753177 0.251056
20.74 -0.243392 0.0597575 0.250621
20.75 -0.24628 0.0440036 0.25018
20.76 -0.248146 0.0281225 0.249734
20.77 -0.248986 0.0121799 0.249284
20.78 -0.2488 -0.00375709 0.248829
20.79 -0.247592 -0.0196229 0.248368
20.8 -0.245369 -0.0353511 0.247903
20.81 -0.242146 -0.0508774 0.247433
20.82 -0.237936 -0.0661374 0.246957
20.83 -0.232764 -0.0810684 0.246477
20.84 -0.226651 -0.0956099 0.245992
20.85 -0.219628 -0.109702 0.245502
20.86 -0.211727 -0.123288 0.245006
20.87 -0.202984 -0.136312 0.244506
20.88 -0.193437 -0.148723 0.244001
20.89 -0.183131 -0.16047 0.24349
20.9 -0.17211 -0.171508 0.242975
20.91 -0.160424 -0.181792 0.242454
20.92 -0.148124 -0.191283 0.241929
20.93 -0.135263 -0.199943 0.241398
20.94 -0.121897 -0.20774 0.240863
20.95 -0.108085 -0.214645 0.240322
20.96 -0.0938855 -0.220631 0.239776
20.97 -0.07936 -0.225678 0.239225
20.98 -0.0645709 -0.229768 0.238669
20.99 -0.0495806 -0.232888 0.238108
21 -0.0344538 -0.235029 0.237541
21.01 -0.0192535 -0.236187 0.23697
21.02 -0.00404469 -0.236359 0.236393
21.03 0.0111094 -0.23555 0.235812
21.04 0.0261446 -0.233767 0.235225
21.05 0.0409989 -0.231023 0.234633
21.06 0.05561 -0.227333 0.234036
21.07 0.0699181 -0.222716 0.233433
21.08 0.0838638 -0.217197 0.232826
21.09 0.0973904 -0.210804 0.232213
21.1 0.110443 -0.203566 0.231596
21.11 0.122968 -0.195518 0.230973
21.12 0.134915 -0.186699 0.230345
21.13 0.146238 -0.177149 0.229712
21.14 0.156891 -0.166913 0.229073
21.15 0.166832 -0.156036 0.22843
21.16 0.176024 -0.144568 0.227782
21.17 0.184431 -0.132562 0.227128
21.18 0.192021 -0.120069 0.22647
21.19 0.198767 -0.107145 0.225806
21.2 0.204644 -0.0938484 0.225137
21.21 0.209633 -0.0802365 0.224463
21.22 0.213717 -0.0663689 0.223785
21.23 0.216883 -0.0523056 0.223101
21.24 0.219123 -0.0381078 0.222412
21.25 0.220433 -0.023836 0.221718
21.26 0.220813 -0.00955157 0.221019
21.27 0.220265 0.00468497 0.220315
21.28 0.218799 0.018813 0.219606
21.29 0.216425 0.0327737 0.218893
21.3 0.213159 0.0465078 0.218174
21.31 0.209021 0.0599592 0.217451
21.32 0.204032 0.0730713 0.216722
21.33 0.19822 0.0857913 0.215989
21.34 0.191614 0.0980664 0.215251
21.35 0.184248 0.109848 0.214508
21.36 0.176157 0.121088 0.21376
21.37 0.167381 0.131743 0.213008
21.38 0.157961 0.14177 0.212251
21.39 0.147943 0.15113 0.211489
21.4 0.137373 0.159789 0.210722
21.41 0.126299 0.167714 0.209951
21.42 0.114773 0.174876 0.209176
21.43 0.102847 0.181249 0.208395
21.44 0.0905741 0.186811 0.20761
21.45 0.0780104 0.191544 0.206821
21.46 0.0652109 0.195435 0.206027
21.47 0.0522329 0.198471 0.205229
21.48 0.0391327 0.200646 0.204426
21.49 0.0259679 0.201956 0.203619
21.5 0.0127953 0.202404 0.202808
21.51 -0.000328583 0.201991 0.201991
21.52 -0.0133472 0.200728 0.201172
21.53 -0.0262059 0.198626 0.200347
21.54 -0.03885 0.1957 0.199519
21.55 -0.0512272 0.191968 0.198686
21.56 -0.0632857 0.187454 0.197849
21.57 -0.0749766 0.182183 0.197008
21.58 -0.0862517 0.176183 0.196163
21.59 -0.0970662 0.169487 0.195314
21.6 -0.107377 0.162128 0.194461
21.61 -0.117143 0.154143 0.193604
21.62 -0.126327 0.145573 0.192743
21.63 -0.134894 0.136459 0.191879
21.64 -0.142812 0.126845 0.19101
21.65 -0.150052 0.116777 0.190138
21.66 -0.156588 0.106302 0.189262
21.67 -0.162399 0.0954696 0.188382
21.68 -0.167465 0.0843289 0.187499
21.69 -0.17177 0.0729318 0.186612
21.7 -0.175303 0.0613294 0.185721
21.71 -0.178055 0.0495743 0.184827
21.72 -0.180021 0.0377185 0.18393
21.73 -0.181199 0.025815 0.183029
21.74 -0.181593 0.0139156 0.182125
21.75 -0.181205 0.0020723 0.181217
21.76 -0.180047 -0.00966404 0.180307
21.77 -0.17813 -0.0212429 0.179392
21.78 -0.17547 -0.0326158 0.178475
21.79 -0.172084 -0.0437345 0.177555
21.8 -0.167996 -0.0545533 0.176632
21.81 -0.163229 -0.0650275 0.175705
21.82 -0.157811 -0.0751148 0.174776
21.83 -0.151772 -0.0847751 0.173843
21.84 -0.145145 -0.0939696 0.172908
21.85 -0.137964 -0.102664 0.17197
21.86 -0.130266 -0.110823 0.171029
21.87 -0.122091 -0.118419 0.170086
21.88 -0.113479 -0.125422 0.16914
21.89 -0.104473 -0.131809 0.168191
21.9 -0.0951158 -0.137558 0.16724
21.91 -0.0854528 -0.14265 0.166286
21.92 -0.0755294 -0.147069 0.16533
21.93 -0.0653924 -0.150804 0.164371
21.94 -0.0550885 -0.153845 0.16341
21.95 -0.0446652 -0.156186 0.162447
21.96 -0.0341693 -0.157825 0.161482
21.97 -0.0236486 -0.158763 0.160514
21.98 -0.0131491 -0.159002 0.159545
21.99 -0.00271781 -0.15855 0.158573
22 0.00760085 -0.157416 0.1576
22.01 0.0177615 -0.155613 0.156624
22.02 0.0277218 -0.153158 0.155647
22.03 0.0374394 -0.150068 0.154668
22.04 0.0468743 -0.146364 0.153687
22.05 0.0559877 -0.14207 0.152704
22.06 0.0647433 -0.137213 0.151721
22.07 0.0731061 -0.13182 0.150735
22.08 0.0810438 -0.125922 0.149748
22.09 0.0885262 -0.119551 0.14876
22.1 0.0955256 -0.112743 0.14777
22.11 0.102017 -0.105531 0.146779
22.12 0.107977 -0.0979536 0.145787
22.13 0.113386 -0.090049 0.144794
22.14 0.118228 -0.0818572 0.1438
22.15 0.122487 -0.0734178 0.142805
22.16 0.126151 -0.064772 0.141808
22.17 0.129214 -0.0559614 0.140812
22.18 0.131667 -0.0470272 0.139814
22.19 0.13351 -0.0380116 0.138815
22.2 0.13474 -0.0289556 0.137816
22.21 0.135362 -0.0199009 0.136817
22.22 0.135379 -0.0108879 0.135816
22.23 0.134802 -0.00195686 0.134816
22.24 0.13364 0.00685361 0.133815
22.25 0.131906 0.0155048 0.132814
22.26 0.129617 0.0239607 0.131813
22.27 0.12679 0.0321852 0.130811
22.28 0.123446 0.040145 0.12981
22.29 0.119608 0.0478073 0.128809
22.3 0.1153 0.0551425 0.127808
22.31 0.110548 0.0621214 0.126806
22.32 0.10538 0.0687181 0.125806
22.33 0.0998259 0.074908 0.124806
22.34 0.0939169 0.0806693 0.123806
22.35 0.0876842 0.0859822 0.122807
22.36 0.0811619 0.090829 0.121808
22.37 0.0743836 0.0951952 0.12081
22.38 0.0673843 0.099068 0.119813
22.39 0.0601989 0.102438 0.118816
22.4 0.0528637 0.105296 0.117821
22.41 0.0454138 0.107639 0.116827
22.42 0.0378855 0.109463 0.115834
22.43 0.0303141 0.110769 0.114842
22.44 0.0227353 0.111558 0.113851
22.45 0.0151836 0.111836 0.112862
22.46 0.00769318 0.111609 0.111874
22.47 0.00029754 0.110887 0.110887
22.48 -0.00697124 0.109681 0.109903
22.49 -0.0140815 0.108005 0.10892
22.5 -0.0210037 0.105875 0.107938
22.51 -0.0277086 0.103307 0.106959
22.52 -0.0341697 0.100322 0.105981
22.53 -0.0403608 0.096939 0.105006
22.54 -0.0462584 0.0931818 0.104032
22.55 -0.05184 0.0890739 0.103061
22.56 -0.0570859 0.0846401 0.102092
22.57 -0.0619771 0.0799069 0.101125
22.58 -0.0664978 0.0749016 0.100161
22.59 -0.0706333 0.0696518 0.0991989
22.6 -0.0743716 0.0641866 0.0982398
22.61 -0.0777023 0.0585349 0.097283
22.62 -0.0806176 0.0527268 0.0963292
22.63 -0.0831113 0.0467915 0.0953779
22.64 -0.0851798 0.0407598 0.0944297
22.65 -0.0868213 0.0346606 0.0934842
22.66 -0.088036 0.0285245 0.0925418
22.67 -0.0888266 0.02238 0.0916025
22.68 -0.0891969 0.0162566 0.0906662
22.69 -0.0891538 0.0101822 0.0897333
22.7 -0.0887049 0.00418419 0.0888035
22.71 -0.0878605 -0.00171068 0.0878772
22.72 -0.0866321 -0.0074767 0.0869541
22.73 -0.0850332 -0.0130897 0.0860348
22.74 -0.0830781 -0.0185259 0.0851186
22.75 -0.0807838 -0.0237635 0.0842064
22.76 -0.0781671 -0.0287819 0.0832976
22.77 -0.0752475 -0.0335616 0.0823928
22.78 -0.0720443 -0.0380854 0.0814916
22.79 -0.0685789 -0.0423364 0.0805943
22.8 -0.0648727 -0.046301 0.079701
22.81 -0.0609484 -0.0499654 0.0788114
22.82 -0.056829 -0.0533194 0.0779262
22.83 -0.0525381 -0.0563528 0.0770448
22.84 -0.0481 -0.0590588 0.0761679
22.85 -0.0435383 -0.0614307 0.0752948
22.86 -0.0388779 -0.0634648 0.0744263
22.87 -0.0341427 -0.0651586 0.073562
22.88 -0.0293572 -0.0665114 0.0727022
22.89 -0.024545 -0.0675239 0.0718466
22.9 -0.0197301 -0.0681991 0.0709958
22.91 -0.014935 -0.068541 0.0701493
22.92 -0.010183 -0.0685552 0.0693074
22.93 -0.00549499 -0.0682494 0.0684703
22.94 -0.000892898 -0.0676317 0.0676376
22.95 0.00360379 -0.0667127 0.06681
22.96 0.00797526 -0.0655031 0.0659868
22.97 0.0122038 -0.064016 0.0651688
22.98 0.0162721 -0.0622642 0.0643553
22.99 0.0201641 -0.0602632 0.0635471
23 0.0238654 -0.0580276 0.0627436
23.01 0.0273623 -0.0555745 0.0619453
23.02 0.030643 -0.0529204 0.0611519
23.03 0.0336963 -0.0500833 0.0603637
23.04 0.0365132 -0.0470811 0.0595806
23.05 0.0390855 -0.0439327 0.0588027
23.06 0.0414067 -0.0406565 0.0580299
23.07 0.0434714 -0.0372723 0.0572624
23.08 0.0452763 -0.0337986 0.0565004
23.09 0.0468183 -0.030255 0.0557433
23.1 0.0480971 -0.0266606 0.054992
23.11 0.0491124 -0.023034 0.0542457
23.12 0.0498666 -0.0193942 0.0535052
23.13 0.0503618 -0.015759 0.0527699
23.14 0.0506029 -0.0121467 0.0520403
23.15 0.0505948 -0.00857391 0.0513161
23.16 0.0503441 -0.00505787 0.0505975
23.17 0.0498585 -0.00161384 0.0498846
23.18 0.0491463 0.0017424 0.0491772
23.19 0.0482173 0.00499709 0.0484756
23.2 0.0470816 0.00813639 0.0477795
23.21 0.0457506 0.011148 0.0470892
23.22 0.044236 0.0140202 0.0464047
23.23 0.0425504 0.0167428 0.0457259
23.24 0.0407067 0.0193058 0.0450527
23.25 0.0387188 0.0217012 0.0443857
23.26 0.0366001 0.0239213 0.0437241
23.27 0.0343654 0.0259601 0.0430687
23.28 0.0320286 0.0278124 0.0424189
23.29 0.0296049 0.0294739 0.0417752
23.3 0.0271084 0.030942 0.0411372
23.31 0.0245541 0.0322144 0.0405052
23.32 0.0219562 0.0332908 0.0398792
23.33 0.0193294 0.0341708 0.039259
23.34 0.0166877 0.0348562 0.0386449
23.35 0.0140448 0.0353486 0.0380366
23.36 0.0114144 0.0356518 0.0374344
23.37 0.00880914 0.0357693 0.0368381
23.38 0.00624182 0.0357064 0.0362479
23.39 0.00372434 0.0354685 0.0356635
23.4 0.0012679 0.0350625 0.0350854
23.41 -0.00111679 0.0344949 0.034513
23.42 -0.00341936 0.0337742 0.0339468
23.43 -0.00563123 0.0329082 0.0333866
23.44 -0.00774303 0.0319062 0.0328323
23.45 -0.00974773 0.0307774 0.0322842
23.46 -0.0116377 0.0295315 0.0317419
23.47 -0.0134075 0.0281788 0.0312059
23.48 -0.0150511 0.0267292 0.0306755
23.49 -0.0165646 0.0251939 0.0301515
23.5 -0.0179438 0.0235828 0.0296332
23.51 -0.0191862 0.0219073 0.0291211
23.52 -0.0202896 0.0201777 0.0286148
23.53 -0.0212527 0.0184052 0.0281146
23.54 -0.0220752 0.0166 0.0276202
23.55 -0.0227574 0.0147729 0.0271319
23.56 -0.0233002 0.0129339 0.0266493
23.57 -0.0237055 0.0110933 0.0261728
23.58 -0.023976 0.00926028 0.0257021
23.59 -0.0241141 0.00744484 0.0252371
23.6 -0.0241243 0.00565543 0.0247783
23.61 -0.0240102 0.00390082 0.024325
23.62 -0.0237772 0.00218905 0.0238778
23.63 -0.0234301 0.0005276 0.023436
23.64 -0.0229751 -0.00107629 0.0230003
23.65 -0.022418 -0.00261643 0.0225702
23.66 -0.0217655 -0.00408643 0.0221458
23.67 -0.0210243 -0.00548142 0.0217271
23.68 -0.0202015 -0.00679614 0.021314
23.69 -0.0193043 -0.00802685 0.0209066
23.7 -0.0183402 -0.00916955 0.0205048
23.71 -0.0173168 -0.0102216 0.0201085
23.72 -0.0162417 -0.0111804 0.0197178
23.73 -0.0151223 -0.0120444 0.0193326
23.74 -0.0139665 -0.012812 0.0189528
23.75 -0.0127818 -0.0134832 0.0185788
23.76 -0.0115754 -0.0140571 0.0182097
23.77 -0.0103551 -0.0145349 0.0178463
23.78 -0.00912738 -0.0149172 0.0174881
23.79 -0.00789981 -0.0152056 0.0171353
23.8 -0.00667857 -0.015402 0.0167876
23.81 -0.00547049 -0.0155087 0.0164452
23.82 -0.00428126 -0.0155287 0.0161081
23.83 -0.00311702 -0.015465 0.015776
23.84 -0.00198289 -0.0153214 0.0154491
23.85 -0.000884157 -0.0151013 0.0151272
23.86 0.000174644 -0.0148094 0.0148104
23.87 0.00118918 -0.0144497 0.0144985
23.88 0.00215557 -0.014027 0.0141917
23.89 0.0030703 -0.013546 0.0138896
23.9 0.00393052 -0.0130119 0.0135926
23.91 0.00473341 -0.0124293 0.0133001
23.92 0.00547679 -0.011804 0.0130127
23.93 0.00615921 -0.0111405 0.0127298
23.94 0.00677878 -0.0104447 0.0124516
23.95 0.0073351 -0.00972137 0.0121782
23.96 0.0078272 -0.00897581 0.0119093
23.97 0.00825527 -0.00821316 0.011645
23.98 0.00861921 -0.00743833 0.0113851
23.99 0.00891994 -0.00665635 0.0111298
24 0.00915809 -0.00587173 0.0108788
24.01 0.00933519 -0.00508923 0.0106323
24.02 0.00945255 -0.00431304 0.01039
24.03 0.0095122 -0.00354748 0.0101522
24.04 0.00951612 -0.00279623 0.00991845
24.05 0.00946677 -0.00206323 0.00968899
24.06 0.00936653 -0.00135171 0.00946356
24.07 0.00921843 -0.000665023 0.00924239
24.08 0.00902517 -5.68269e-06 0.00902518
24.09 0.00878985 0.000623073 0.00881191
24.1 0.00851594 0.00121966 0.00860284
24.11 0.00820626 0.00178151 0.00839741
24.12 0.00786466 0.00230713 0.00819608
24.13 0.00749415 0.00279504 0.00799841
24.14 0.00709852 0.00324403 0.00780466
24.15 0.00668087 0.0036533 0.0076145
24.16 0.006245 0.00402211 0.00742815
24.17 0.00579396 0.00435031 0.00724536
24.18 0.00533138 0.00463765 0.00706622
24.19 0.00486029 0.00488447 0.00689061
24.2 0.00438402 0.00509098 0.00671846
24.21 0.00390552 0.00525808 0.00654985
24.22 0.00342785 0.00538635 0.00638459
24.23 0.00295365 0.00547704 0.0062227
24.24 0.00248579 0.00553115 0.00606406
24.25 0.00202665 0.00555051 0.00590893
24.26 0.00157847 0.00553602 0.00575666
24.27 0.00114376 0.00549003 0.00560791
24.28 0.000723998 0.00541395 0.00546214
24.29 0.000321453 0.00530975 0.00531947
24.3 -6.26459e-05 0.00517954 0.00517992
24.31 -0.00042657 0.00502523 0.00504331
24.32 -0.000769391 0.00484907 0.00490973
24.33 -0.00108976 0.00465305 0.00477896
24.34 -0.0013871 0.0044395 0.00465115
24.35 -0.00166053 0.00421049 0.0045261
24.36 -0.00190974 0.00396829 0.00440391
24.37 -0.00213429 0.00371489 0.00428434
24.38 -0.00233415 0.00345264 0.00416761
24.39 -0.00250921 0.00318338 0.0040534
24.4 -0.00265982 0.0029093 0.00394191
24.41 -0.00278611 0.00263212 0.00383282
24.42 -0.00288866 0.00235415 0.00372645
24.43 -0.00296815 0.00207655 0.00362243
24.44 -0.00302497 0.00180159 0.00352082
24.45 -0.00306038 0.00153056 0.00342177
24.46 -0.00307486 0.00126494 0.00332488
24.47 -0.00306974 0.00100625 0.00323046
24.48 -0.00304583 0.000755614 0.00313816
24.49 -0.00300453 0.000514288 0.00304822
24.5 -0.00294676 0.000283213 0.00296033
24.51 -0.00287398 6.33774e-05 0.00287468
24.52 -0.00278735 -0.000144456 0.00279109
24.53 -0.00268824 -0.000339571 0.0027096
24.54 -0.00257788 -0.000521548 0.00263011
24.55 -0.0024577 -0.00068975 0.00255265
24.56 -0.00232887 -0.000844022 0.0024771
24.57 -0.00219284 -0.000984031 0.00240351
24.58 -0.00205072 -0.00110985 0.00233178
24.59 -0.00190387 -0.00122106 0.00226179
24.6 -0.00175356 -0.00131829 0.00219382
24.61 -0.00160071 -0.00140126 0.00212739
24.62 -0.0014468 -0.00147037 0.00206282
24.63 -0.00129257 -0.00152607 0.00199991
24.64 -0.00113927 -0.00156859 0.00193866
24.65 -0.000987676 -0.00159849 0.00187901
24.66 -0.000838864 -0.00161627 0.00182099
24.67 -0.000693465 -0.00162249 0.00176447
24.68 -0.000552399 -0.00161781 0.00170952
24.69 -0.000416243 -0.00160285 0.00165601
24.7 -0.000285709 -0.00157829 0.00160394
24.71 -0.000161204 -0.00154499 0.00155337
24.72 -4.3352e-05 -0.00150349 0.00150412
24.73 6.76019e-05 -0.0014547 0.00145627
24.74 0.000171173 -0.00139925 0.00140968
24.75 0.000267257 -0.00133813 0.00136456
24.76 0.00035554 -0.00127167 0.00132043
24.77 0.000435847 -0.00120112 0.00127776
24.78 0.000508353 -0.00112689 0.00123624
24.79 0.000572683 -0.00104974 0.00119579
24.8 0.000629213 -0.000970529 0.00115665
24.81 0.000677825 -0.000889774 0.00111855
24.82 0.000718819 -0.000808172 0.00108159
24.83 0.00075223 -0.000726352 0.00104568
24.84 0.000778446 -0.000644836 0.00101084
24.85 0.000797619 -0.000564231 0.000977012
24.86 0.000810134 -0.000484999 0.000944214
24.87 0.000816212 -0.00040755 0.000912305
24.88 0.000816378 -0.000332473 0.000881482
24.89 0.000810823 -0.00025995 0.000851474
24.9 0.000800091 -0.000190456 0.000822447
24.91 0.000784462 -0.00012416 0.000794227
24.92 0.000764462 -6.15658e-05 0.000766937
24.93 0.00074046 -2.47301e-06 0.000740464
24.94 0.000712764 5.25005e-05 0.000714695
24.95 0.000682116 0.00010344 0.000689914
24.96 0.000648539 0.000150293 0.000665726
24.97 0.00061277 0.000192801 0.000642385
24.98 0.000575034 0.000231086 0.00061973
24.99 0.000535832 0.000265126 0.000597836
25 0.000495434 0.000294905 0.000576563
25.01 0.000454307 0.000320561 0.000556016
25.02 0.000412734 0.000342116 0.00053609
25.03 0.000371096 0.000359678 0.000516799
25.04 0.000329608 0.000373485 0.000498129
25.05 0.00028872 0.000383498 0.000480031
25.06 0.000248546 0.00039008 0.000462534
25.07 0.000209423 0.000393299 0.000445581
25.08 0.000171521 0.000393476 0.000429235
25.09 0.000135077 0.000390585 0.000413283
25.1 0.000100283 0.000385201 0.000398041
25.11 6.71181e-05 0.000377235 0.000383159
25.12 3.60424e-05 0.000366999 0.000368764
25.13 6.80244e-06 0.000354875 0.00035494
25.14 -2.02879e-05 0.000340881 0.000341484
25.15 -4.52498e-05 0.000325371 0.000328502
25.16 -6.80252e-05 0.00030859 0.000315999
25.17 -8.86276e-05 0.000290665 0.000303877
25.18 -0.000107022 0.000271905 0.000292209
25.19 -0.000123229 0.000252449 0.000280919
25.2 -0.000137251 0.000232474 0.000269967
25.21 -0.000149244 0.000212293 0.000259503
25.22 -0.000159089 0.000191906 0.000249273
25.23 -0.000167005 0.000171631 0.000239474
25.24 -0.000173014 0.00015155 0.000230003
25.25 -0.000177232 0.000131894 0.000220924
25.26 -0.000179735 0.000112588 0.000212086
25.27 -0.000180597 9.40272e-05 0.000203609
25.28 -0.000180113 7.61126e-05 0.000195535
25.29 -0.000178077 5.892e-05 0.000187571
25.3 -0.000174913 4.27111e-05 0.000180052
25.31 -0.00017059 2.73738e-05 0.000172773
25.32 -0.000165235 1.30103e-05 0.000165747
25.33 -0.000159 -2.59942e-07 0.000159
25.34 -0.000152 -1.25419e-05 0.000152516
25.35 -0.000144349 -2.37118e-05 0.000146284
25.36 -0.000136153 -3.38031e-05 0.000140286
25.37 -0.000127475 -4.28728e-05 0.000134492
25.38 -0.000118565 -5.0778e-05 0.000128981
25.39 -0.000109339 -5.76981e-05 0.000123629
25.4 -0.000100009 -6.35671e-05 0.000118501
25.41 -9.06412e-05 -6.8442e-05 0.000113579
25.42 -8.13124e-05 -7.23068e-05 0.000108812
25.43 -7.20852e-05 -7.53824e-05 0.000104301
25.44 -6.2982e-05 -7.74997e-05 9.98646e-05
25.45 -5.42546e-05 -7.88208e-05 9.56884e-05
25.46 -4.56574e-05 -7.94663e-05 9.16488e-05
25.47 -3.74827e-05 -7.9317e-05 8.77277e-05
25.48 -2.96956e-05 -7.8537e-05 8.39637e-05
25.49 -2.22861e-05 -7.72174e-05 8.03691e-05
25.5 -1.53387e-05 -7.52811e-05 7.68278e-05
25.51 -8.85716e-06 -7.29433e-05 7.34791e-05
25.52 -2.85909e-06 -7.01631e-05 7.02213e-05
25.53 2.62405e-06 -6.70026e-05 6.70539e-05
25.54 7.68822e-06 -6.36182e-05 6.40811e-05
25.55 1.21394e-05 -5.98902e-05 6.11081e-05
25.56 1.61689e-05 -5.60126e-05 5.82996e-05
25.57 1.97119e-05 -5.19777e-05 5.55899e-05
25.58 2.27418e-05 -4.78461e-05 5.29758e-05
25.59 2.5329e-05 -4.35912e-05 5.04158e-05
25.6 2.74493e-05 -3.94244e-05 4.8039e-05
25.61 2.92324e-05 -3.52019e-05 4.57571e-05
25.62 3.04568e-05 -3.10051e-05 4.34618e-05
25.63 3.14461e-05 -2.69662e-05 4.14251e-05
25.64 3.20301e-05 -2.29626e-05 3.94107e-05
25.65 3.2245e-05 -1.90773e-05 3.74658e-05
25.66 3.22136e-05 -1.54111e-05 3.57102e-05
25.67 3.18832e-05 -1.18456e-05 3.40126e-05
25.68 3.13166e-05 -8.51959e-06 3.24548e-05
25.69 3.05354e-05 -5.4044e-06 3.101e-05
25.7 2.95346e-05 -2.4419e-06 2.96354e-05
25.71 2.84598e-05 2.1742e-07 2.84606e-05
25.72 2.71591e-05 2.73551e-06 2.72965e-05
25.73 2.5779e-05 5.01366e-06 2.62621e-05
25.74 2.43639e-05 7.05154e-06 2.53639e-05
25.75 2.28157e-05 8.86426e-06 2.44772e-05
25.76 2.12667e-05 1.05118e-05 2.37228e-05
25.77 1.96611e-05 1.18549e-05 2.29586e-05
25.78 1.81481e-05 1.30127e-05 2.23312e-05
25.79 1.65179e-05 1.40145e-05 2.16622e-05
25.8 1.50101e-05 1.4738e-05 2.1036e-05
25.81 1.35602e-05 1.52999e-05 2.04442e-05
25.82 1.20888e-05 1.57172e-05 1.98285e-05
25.83 1.07529e-05 1.58656e-05 1.91662e-05
25.84 9.46699e-06 1.59129e-05 1.8516e-05
25.85 8.26824e-06 1.5773e-05 1.78087e-05
25.86 7.16112e-06 1.54524e-05 1.70311e-05
25.87 6.09881e-06 1.50748e-05 1.62618e-05
25.88 5.21855e-06 1.44838e-05 1.53952e-05
25.89 4.35186e-06 1.38295e-05 1.44981e-05
25.9 3.57004e-06 1.30758e-05 1.35544e-05
25.91 2.95777e-06 1.21807e-05 1.25347e-05
25.92 2.35224e-06 1.11886e-05 1.14332e-05
25.93 1.86837e-06 1.01663e-05 1.03366e-05
25.94 1.42533e-06 9.01073e-06 9.12276e-06
25.95 1.13812e-06 7.80272e-06 7.88528e-06
25.96 8.07031e-07 6.60748e-06 6.65658e-06
25.97 5.72547e-07 5.32031e-06 5.35103e-06
25.98 4.35563e-07 3.99905e-06 4.0227e-06
25.99 2.37591e-07 2.71976e-06 2.73012e-06
26 1.20196e-07 1.33935e-06 1.34473e-06
