0 0.000384287 0.0237047 0.0237078
0.01 0.000776471 0.0473195 0.0473259
0.02 0.00118424 0.0707553 0.0707652
0.03 0.00161529 0.093923 0.0939369
0.04 0.00207718 0.116735 0.116754
0.05 0.00257711 0.139106 0.139129
0.06 0.00312206 0.160949 0.16098
0.07 0.00371865 0.182184 0.182222
0.08 0.00437314 0.202729 0.202776
0.09 0.00509122 0.222506 0.222564
0.1 0.00587838 0.241442 0.241513
0.11 0.00673917 0.259464 0.259551
0.12 0.00767791 0.276504 0.276611
0.13 0.00869808 0.292499 0.292628
0.14 0.00980266 0.307387 0.307543
0.15 0.0109937 0.321113 0.321301
0.16 0.0122728 0.333625 0.33385
0.17 0.0136408 0.344875 0.345145
0.18 0.0150975 0.354822 0.355144
0.19 0.0166422 0.363429 0.36381
0.2 0.0182734 0.370663 0.371113
0.21 0.0199886 0.376497 0.377027
0.22 0.0217847 0.38091 0.381532
0.23 0.0236578 0.383885 0.384613
0.24 0.025603 0.385411 0.38626
0.25 0.0276149 0.385484 0.386472
0.26 0.0296871 0.384103 0.385249
0.27 0.0318125 0.381275 0.3826
0.28 0.0339835 0.37701 0.378539
0.29 0.0361915 0.371326 0.373085
0.3 0.0384274 0.364244 0.366265
0.31 0.0406815 0.355791 0.358109
0.32 0.0429436 0.346001 0.348656
0.33 0.0452026 0.33491 0.337947
0.34 0.0474472 0.322562 0.326033
0.35 0.0496658 0.309003 0.312969
0.36 0.0518461 0.294286 0.298818
0.37 0.0539757 0.278466 0.283649
0.38 0.0560418 0.261603 0.267539
0.39 0.0580315 0.243762 0.250575
0.4 0.0599316 0.225011 0.232856
0.41 0.0617293 0.205421 0.214495
0.42 0.0634112 0.185066 0.195628
0.43 0.0649643 0.164023 0.176419
0.44 0.0663758 0.142372 0.157084
0.45 0.067633 0.120195 0.137917
0.46 0.0687233 0.0975752 0.119347
0.47 0.0696349 0.0745989 0.102049
0.48 0.0703562 0.0513524 0.0871037
0.49 0.0708759 0.0279233 0.0761781
0.5 0.0711835 0.00439999 0.0713194
0.51 0.0712693 -0.0191292 0.0737919
0.52 0.0711238 -0.0425758 0.0828933
0.53 0.0707389 -0.0658518 0.096646
0.54 0.0701066 -0.0888697 0.113194
0.55 0.0692205 -0.111544 0.131276
0.56 0.0680746 -0.133789 0.150112
0.57 0.0666642 -0.155521 0.169207
0.58 0.0649854 -0.176661 0.188234
0.59 0.0630355 -0.197128 0.206962
0.6 0.0608131 -0.216848 0.225214
0.61 0.0583175 -0.235746 0.242852
0.62 0.0555495 -0.253753 0.259762
0.63 0.0525112 -0.270802 0.275846
0.64 0.0492055 -0.28683 0.29102
0.65 0.045637 -0.301779 0.30521
0.66 0.0418112 -0.315592 0.31835
0.67 0.037735 -0.328221 0.330383
0.68 0.0334165 -0.339618 0.341258
0.69 0.0288651 -0.349743 0.350932
0.7 0.0240913 -0.358559 0.359368
0.71 0.0191069 -0.366035 0.366533
0.72 0.0139249 -0.372144 0.372404
0.73 0.0085594 -0.376865 0.376962
0.74 0.0030255 -0.380181 0.380193
0.75 -0.00266049 -0.382083 0.382093
0.76 -0.0084812 -0.382565 0.382659
0.77 -0.0144186 -0.381627 0.381899
0.78 -0.0204533 -0.379273 0.379824
0.79 -0.0265655 -0.375515 0.376454
0.8 -0.0327343 -0.370368 0.371812
0.81 -0.0389383 -0.363854 0.365931
0.82 -0.0451552 -0.355998 0.35885
0.83 -0.0513628 -0.34683 0.350613
0.84 -0.0575375 -0.336388 0.341274
0.85 -0.0636561 -0.324712 0.330893
0.86 -0.0696948 -0.311846 0.319539
0.87 -0.0756296 -0.29784 0.307292
0.88 -0.0814364 -0.282747 0.294241
0.89 -0.0870913 -0.266626 0.280489
0.9 -0.0925701 -0.249537 0.266154
0.91 -0.0978493 -0.231545 0.251371
0.92 -0.102905 -0.212717 0.236301
0.93 -0.107715 -0.193126 0.221134
0.94 -0.112256 -0.172844 0.206098
0.95 -0.116506 -0.151948 0.191473
0.96 -0.120445 -0.130516 0.177598
0.97 -0.12405 -0.108627 0.164889
0.98 -0.127304 -0.086363 0.153834
0.99 -0.130187 -0.0638075 0.144983
1 -0.132683 -0.0410433 0.138886
1.01 -0.134773 -0.0181552 0.135991
1.02 -0.136444 0.00477284 0.136528
1.03 -0.137682 0.027656 0.140432
1.04 -0.138474 0.0504102 0.147365
1.05 -0.13881 0.0729523 0.156813
1.06 -0.13868 0.0951995 0.168211
1.07 -0.138076 0.117071 0.181026
1.08 -0.136992 0.138487 0.194796
1.09 -0.135425 0.159369 0.209137
1.1 -0.13337 0.179643 0.223739
1.11 -0.130828 0.199235 0.23835
1.12 -0.1278 0.218075 0.252764
1.13 -0.124287 0.236095 0.266811
1.14 -0.120296 0.253231 0.280352
1.15 -0.115832 0.269422 0.293267
1.16 -0.110903 0.284611 0.305456
1.17 -0.105521 0.298745 0.316833
1.18 -0.0996961 0.311774 0.327326
1.19 -0.0934436 0.323652 0.336872
1.2 -0.0867787 0.33434 0.345418
1.21 -0.0797189 0.343801 0.352922
1.22 -0.0722834 0.352002 0.359347
1.23 -0.0644929 0.358918 0.364666
1.24 -0.05637 0.364525 0.368858
1.25 -0.0479385 0.368806 0.371909
1.26 -0.0392239 0.37175 0.373813
1.27 -0.0302531 0.373347 0.374571
1.28 -0.0210542 0.373596 0.374189
1.29 -0.0116565 0.372499 0.372682
1.3 -0.00209061 0.370063 0.370069
1.31 0.00761217 0.3663 0.366379
1.32 0.0174193 0.361227 0.361647
1.33 0.0272975 0.354866 0.355914
1.34 0.0372131 0.347242 0.34923
1.35 0.0471314 0.338386 0.341653
1.36 0.0570177 0.328334 0.333248
1.37 0.0668366 0.317125 0.324092
1.38 0.0765528 0.304802 0.314268
1.39 0.0861308 0.291412 0.303874
1.4 0.0955352 0.277007 0.293018
1.41 0.104731 0.26164 0.281823
1.42 0.113683 0.245371 0.270427
1.43 0.122357 0.228258 0.258985
1.44 0.130719 0.210368 0.247673
1.45 0.138736 0.191764 0.236688
1.46 0.146377 0.172517 0.226248
1.47 0.153609 0.152696 0.216591
1.48 0.160403 0.132375 0.207972
1.49 0.16673 0.111627 0.200648
1.5 0.172563 0.0905281 0.194868
1.51 0.177876 0.0691541 0.190846
1.52 0.182644 0.0475821 0.18874
1.53 0.186845 0.0258895 0.18863
1.54 0.190458 0.00415398 0.190503
1.55 0.193463 -0.017547 0.194258
1.56 0.195845 -0.0391365 0.199718
1.57 0.197589 -0.0605382 0.206655
1.58 0.19868 -0.0816768 0.214814
1.59 0.19911 -0.102478 0.223934
1.6 0.198869 -0.12287 0.233764
1.61 0.197952 -0.14278 0.244072
1.62 0.196355 -0.162141 0.254647
1.63 0.194077 -0.180886 0.265303
1.64 0.19112 -0.198951 0.275877
1.65 0.187486 -0.216273 0.286225
1.66 0.183182 -0.232795 0.296225
1.67 0.178217 -0.248461 0.305768
1.68 0.172601 -0.263219 0.314763
1.69 0.166349 -0.27702 0.323129
1.7 0.159475 -0.289819 0.330798
1.71 0.151999 -0.301574 0.337714
1.72 0.14394 -0.312248 0.343828
1.73 0.135321 -0.321808 0.349102
1.74 0.126168 -0.330222 0.353504
1.75 0.116507 -0.337468 0.357013
1.76 0.106367 -0.343522 0.359613
1.77 0.0957788 -0.348369 0.361296
1.78 0.0847762 -0.351996 0.362061
1.79 0.0733932 -0.354395 0.361915
1.8 0.0616661 -0.355562 0.36087
1.81 0.0496327 -0.355497 0.358945
1.82 0.0373319 -0.354206 0.356168
1.83 0.0248042 -0.351697 0.35257
1.84 0.0120911 -0.347984 0.348194
1.85 -0.000765234 -0.343084 0.343085
1.86 -0.0137213 -0.337019 0.337298
1.87 -0.0267332 -0.329815 0.330896
1.88 -0.0397566 -0.3215 0.323949
1.89 -0.0527465 -0.312108 0.316534
1.9 -0.065658 -0.301676 0.308738
1.91 -0.078446 -0.290243 0.300657
1.92 -0.0910655 -0.277853 0.292396
1.93 -0.103472 -0.264553 0.284068
1.94 -0.115621 -0.250391 0.275797
1.95 -0.127469 -0.235421 0.267715
1.96 -0.138973 -0.219696 0.259961
1.97 -0.150092 -0.203274 0.252681
1.98 -0.160783 -0.186214 0.246022
1.99 -0.171009 -0.168577 0.240129
2 -0.18073 -0.150425 0.23514
2.01 -0.189909 -0.131823 0.231177
2.02 -0.198513 -0.112836 0.22834
2.03 -0.206506 -0.0935304 0.2267
2.04 -0.213859 -0.0739732 0.226291
2.05 -0.220542 -0.0542321 0.227112
2.06 -0.226527 -0.0343748 0.22912
2.07 -0.23179 -0.0144693 0.232242
2.08 -0.236309 0.00541685 0.236371
2.09 -0.240063 0.0252163 0.241384
2.1 -0.243035 0.0448626 0.247141
2.11 -0.245211 0.0642899 0.253498
2.12 -0.246577 0.0834338 0.26031
2.13 -0.247125 0.102231 0.267436
2.14 -0.246849 0.120619 0.274743
2.15 -0.245744 0.13854 0.282105
2.16 -0.24381 0.155933 0.289411
2.17 -0.241049 0.172744 0.296556
2.18 -0.237465 0.188919 0.303447
2.19 -0.233067 0.204406 0.310004
2.2 -0.227866 0.219158 0.316153
2.21 -0.221874 0.233127 0.321832
2.22 -0.215108 0.246271 0.326988
2.23 -0.207587 0.258551 0.331574
2.24 -0.199333 0.269929 0.335553
2.25 -0.190371 0.280372 0.338895
2.26 -0.180728 0.28985 0.341578
2.27 -0.170432 0.298335 0.343585
2.28 -0.159516 0.305804 0.344908
2.29 -0.148015 0.312238 0.345545
2.3 -0.135964 0.317621 0.345498
2.31 -0.123401 0.321939 0.344779
2.32 -0.110368 0.325183 0.343402
2.33 -0.0969065 0.327349 0.341391
2.34 -0.0830598 0.328434 0.338774
2.35 -0.0688736 0.32844 0.335583
2.36 -0.0543944 0.327372 0.33186
2.37 -0.0396701 0.325239 0.32765
2.38 -0.0247495 0.322054 0.323004
2.39 -0.00968237 0.317833 0.31798
2.4 0.00548097 0.312593 0.312641
2.41 0.0206895 0.306358 0.307056
2.42 0.0358922 0.299152 0.301298
2.43 0.0510373 0.291005 0.295447
2.44 0.0660737 0.281947 0.289586
2.45 0.0809501 0.272013 0.283803
2.46 0.0956158 0.261239 0.278187
2.47 0.11002 0.249664 0.272831
2.48 0.124115 0.237331 0.267825
2.49 0.13785 0.224282 0.263259
2.5 0.151178 0.210565 0.259215
2.51 0.164054 0.196226 0.25577
2.52 0.176432 0.181314 0.252988
2.53 0.188269 0.165882 0.250922
2.54 0.199523 0.149981 0.249607
2.55 0.210155 0.133665 0.249061
2.56 0.220128 0.116988 0.249284
2.57 0.229405 0.100006 0.250255
2.58 0.237954 0.0827743 0.25194
2.59 0.245743 0.0653501 0.254284
2.6 0.252745 0.0477896 0.257224
2.61 0.258934 0.0301497 0.260683
2.62 0.264287 0.0124869 0.264582
2.63 0.268783 -0.00514225 0.268833
2.64 0.272407 -0.022682 0.273349
2.65 0.275142 -0.040077 0.278045
2.66 0.276978 -0.0572729 0.282837
2.67 0.277907 -0.0742161 0.287646
2.68 0.277923 -0.0908545 0.292396
2.69 0.277024 -0.107137 0.29702
2.7 0.275212 -0.123014 0.301453
2.71 0.272489 -0.138437 0.305639
2.72 0.268865 -0.153361 0.309528
2.73 0.264348 -0.167741 0.313076
2.74 0.258952 -0.181535 0.316245
2.75 0.252693 -0.194701 0.319002
2.76 0.245591 -0.207204 0.321323
2.77 0.237668 -0.219005 0.323186
2.78 0.228948 -0.230074 0.324578
2.79 0.21946 -0.240377 0.32549
2.8 0.209233 -0.249889 0.325919
2.81 0.198301 -0.258582 0.325865
2.82 0.186699 -0.266434 0.325336
2.83 0.174464 -0.273425 0.324344
2.84 0.161637 -0.279538 0.322906
2.85 0.148259 -0.284758 0.321042
2.86 0.134373 -0.289074 0.318779
2.87 0.120025 -0.292477 0.316147
2.88 0.105263 -0.294961 0.313181
2.89 0.0901343 -0.296523 0.309919
2.9 0.0746892 -0.297163 0.306406
2.91 0.0589786 -0.296884 0.302686
2.92 0.0430541 -0.295692 0.29881
2.93 0.0269684 -0.293594 0.29483
2.94 0.0107745 -0.290602 0.290801
2.95 -0.00547392 -0.286729 0.286781
2.96 -0.0217234 -0.281992 0.282827
2.97 -0.0379198 -0.276409 0.278998
2.98 -0.05401 -0.270003 0.275352
2.99 -0.0699403 -0.262796 0.271944
3 -0.0856584 -0.254815 0.268827
3.01 -0.101112 -0.246087 0.26605
3.02 -0.11625 -0.236644 0.263656
3.03 -0.131022 -0.226517 0.261681
3.04 -0.14538 -0.215741 0.260153
3.05 -0.159276 -0.204351 0.259091
3.06 -0.172664 -0.192385 0.258505
3.07 -0.1855 -0.179882 0.258395
3.08 -0.197742 -0.166883 0.25875
3.09 -0.209348 -0.15343 0.259552
3.1 -0.220281 -0.139564 0.260772
3.11 -0.230506 -0.125331 0.262375
3.12 -0.239987 -0.110775 0.26432
3.13 -0.248695 -0.0959405 0.266559
3.14 -0.256601 -0.0808746 0.269044
3.15 -0.263678 -0.0656234 0.271722
3.16 -0.269905 -0.0502338 0.27454
3.17 -0.27526 -0.0347525 0.277445
3.18 -0.279726 -0.0192265 0.280386
3.19 -0.283289 -0.00370263 0.283313
3.2 -0.285938 0.0117727 0.286181
3.21 -0.287665 0.0271531 0.288944
3.22 -0.288464 0.0423932 0.291562
3.23 -0.288333 0.0574479 0.294
3.24 -0.287273 0.072273 0.296225
3.25 -0.285289 0.0868255 0.298208
3.26 -0.282387 0.101063 0.299927
3.27 -0.278577 0.114944 0.301359
3.28 -0.273874 0.12843 0.302491
3.29 -0.268292 0.141481 0.303311
3.3 -0.261851 0.154061 0.30381
3.31 -0.254573 0.166134 0.303987
3.32 -0.246482 0.177667 0.30384
3.33 -0.237606 0.188627 0.303376
3.34 -0.227974 0.198985 0.3026
3.35 -0.217618 0.208712 0.301527
3.36 -0.206574 0.217783 0.30017
3.37 -0.194877 0.226172 0.298548
3.38 -0.182567 0.233859 0.296683
3.39 -0.169684 0.240822 0.294598
3.4 -0.156272 0.247045 0.292322
3.41 -0.142374 0.252512 0.289884
3.42 -0.128036 0.25721 0.287316
3.43 -0.113306 0.261129 0.284651
3.44 -0.0982319 0.264258 0.281925
3.45 -0.0828629 0.266594 0.279175
3.46 -0.0672494 0.268131 0.276436
3.47 -0.0514425 0.268869 0.273746
3.48 -0.0354937 0.268808 0.271141
3.49 -0.0194547 0.267951 0.268656
3.5 -0.00337775 0.266305 0.266326
3.51 0.0126852 0.263876 0.264181
3.52 0.0286823 0.260676 0.26225
3.53 0.0445619 0.256717 0.260556
3.54 0.0602732 0.252012 0.259119
3.55 0.0757656 0.246579 0.257956
3.56 0.0909897 0.240436 0.257077
3.57 0.105897 0.233604 0.256486
3.58 0.12044 0.226106 0.256183
3.59 0.134573 0.217965 0.256162
3.6 0.148252 0.209209 0.256412
3.61 0.161432 0.199866 0.256918
3.62 0.174074 0.189963 0.257659
3.63 0.186138 0.179534 0.258612
3.64 0.197587 0.16861 0.25975
3.65 0.208384 0.157225 0.261044
3.66 0.218498 0.145415 0.262463
3.67 0.227898 0.133215 0.263977
3.68 0.236555 0.120662 0.265552
3.69 0.244444 0.107795 0.267157
3.7 0.251542 0.0946526 0.268761
3.71 0.257828 0.081274 0.270334
3.72 0.263284 0.0676996 0.271849
3.73 0.267896 0.0539698 0.273278
3.74 0.271651 0.0401255 0.274598
3.75 0.274539 0.0262076 0.275787
3.76 0.276555 0.0122576 0.276827
3.77 0.277694 -0.00168392 0.277699
3.78 0.277956 -0.0155757 0.278392
3.79 0.277343 -0.0293772 0.278894
3.8 0.275859 -0.0430481 0.279198
3.81 0.273512 -0.0565488 0.279297
3.82 0.270313 -0.06984 0.279189
3.83 0.266274 -0.0828835 0.278876
3.84 0.261412 -0.0956416 0.278359
3.85 0.255745 -0.108078 0.277644
3.86 0.249294 -0.120157 0.27674
3.87 0.242081 -0.131843 0.275656
3.88 0.234134 -0.143105 0.274404
3.89 0.225479 -0.153911 0.273001
3.9 0.216148 -0.164229 0.271461
3.91 0.206172 -0.174031 0.269803
3.92 0.195585 -0.18329 0.268046
3.93 0.184424 -0.19198 0.266212
3.94 0.172726 -0.200078 0.264321
3.95 0.16053 -0.207562 0.262396
3.96 0.147877 -0.214411 0.260461
3.97 0.13481 -0.220608 0.258537
3.98 0.12137 -0.226135 0.256647
3.99 0.107603 -0.23098 0.254814
4 0.0935536 -0.235129 0.253057
4.01 0.0792667 -0.238573 0.251397
4.02 0.0647889 -0.241305 0.249851
4.03 0.0501669 -0.243317 0.248435
4.04 0.0354474 -0.244607 0.247162
4.05 0.0206773 -0.245173 0.246043
4.06 0.00590358 -0.245015 0.245086
4.07 -0.00882716 -0.244137 0.244297
4.08 -0.0234688 -0.242544 0.243677
4.09 -0.0379755 -0.240242 0.243225
4.1 -0.0523021 -0.23724 0.242937
4.11 -0.0664046 -0.233551 0.242807
4.12 -0.0802395 -0.229186 0.242826
4.13 -0.0937646 -0.224161 0.242982
4.14 -0.106939 -0.218494 0.24326
4.15 -0.119723 -0.212203 0.243646
4.16 -0.132078 -0.205308 0.244123
4.17 -0.143968 -0.197833 0.244673
4.18 -0.155358 -0.189802 0.245277
4.19 -0.166214 -0.18124 0.245917
4.2 -0.176506 -0.172174 0.246573
4.21 -0.186204 -0.162633 0.247228
4.22 -0.195281 -0.152648 0.247863
4.23 -0.203712 -0.142248 0.248462
4.24 -0.211473 -0.131468 0.249008
4.25 -0.218545 -0.12034 0.249487
4.26 -0.224909 -0.108898 0.249886
4.27 -0.230549 -0.0971772 0.250192
4.28 -0.235451 -0.0852144 0.250397
4.29 -0.239605 -0.0730454 0.250492
4.3 -0.243001 -0.0607075 0.250469
4.31 -0.245634 -0.0482379 0.250325
4.32 -0.247499 -0.0356742 0.250056
4.33 -0.248595 -0.0230543 0.249662
4.34 -0.248924 -0.010416 0.249142
4.35 -0.248489 0.00220303 0.248499
4.36 -0.247295 0.0147651 0.247736
4.37 -0.245352 0.0272332 0.246859
4.38 -0.242669 0.0395702 0.245874
4.39 -0.239261 0.05174 0.244791
4.4 -0.23514 0.063707 0.243617
4.41 -0.230326 0.0754362 0.242365
4.42 -0.224836 0.0868935 0.241043
4.43 -0.218694 0.0980459 0.239666
4.44 -0.21192 0.108861 0.238246
4.45 -0.204542 0.119309 0.236795
4.46 -0.196585 0.129359 0.235328
4.47 -0.188077 0.138983 0.233858
4.48 -0.17905 0.148155 0.232397
4.49 -0.169533 0.156848 0.23096
4.5 -0.15956 0.165039 0.229559
4.51 -0.149164 0.172706 0.228205
4.52 -0.138381 0.179828 0.226908
4.53 -0.127246 0.186386 0.22568
4.54 -0.115797 0.192363 0.224527
4.55 -0.104069 0.197745 0.223458
4.56 -0.0921018 0.202517 0.222477
4.57 -0.0799337 0.206669 0.221589
4.58 -0.067603 0.210191 0.220795
4.59 -0.0551491 0.213075 0.220096
4.6 -0.0426109 0.215316 0.219492
4.61 -0.0300275 0.216911 0.218979
4.62 -0.0174379 0.217857 0.218554
4.63 -0.00488041 0.218156 0.21821
4.64 0.00760653 0.217809 0.217942
4.65 0.0199853 0.216822 0.217741
4.66 0.032219 0.2152 0.217599
4.67 0.0442713 0.212952 0.217505
4.68 0.0561068 0.210087 0.21745
4.69 0.0676911 0.206618 0.217424
4.7 0.0789907 0.202559 0.217416
4.71 0.0899736 0.197924 0.217415
4.72 0.100609 0.192731 0.21741
4.73 0.110867 0.186998 0.217393
4.74 0.120719 0.180746 0.217353
4.75 0.130139 0.173996 0.217281
4.76 0.139103 0.166772 0.217169
4.77 0.147585 0.159098 0.21701
4.78 0.155565 0.150999 0.216797
4.79 0.163022 0.142502 0.216525
4.8 0.169938 0.133636 0.216189
4.81 0.176298 0.124428 0.215785
4.82 0.182085 0.114909 0.215312
4.83 0.187288 0.105109 0.214767
4.84 0.191896 0.0950589 0.21415
4.85 0.1959 0.0847904 0.213463
4.86 0.199293 0.0743355 0.212706
4.87 0.202071 0.0637268 0.211881
4.88 0.20423 0.0529968 0.210994
4.89 0.205768 0.0421786 0.210047
4.9 0.206688 0.0313048 0.209046
4.91 0.206992 0.0204084 0.207996
4.92 0.206684 0.00952194 0.206903
4.93 0.20577 -0.00132202 0.205775
4.94 0.20426 -0.0120917 0.204617
4.95 0.202162 -0.0227555 0.203438
4.96 0.199488 -0.0332822 0.202245
4.97 0.196252 -0.0436416 0.201046
4.98 0.192468 -0.0538042 0.199847
4.99 0.188153 -0.063741 0.198657
5 0.183325 -0.0734243 0.197482
5.01 0.178002 -0.0828271 0.196329
5.02 0.172205 -0.0919237 0.195203
5.03 0.165955 -0.100689 0.194112
5.04 0.159276 -0.109101 0.193059
5.05 0.152191 -0.117135 0.192049
5.06 0.144726 -0.124772 0.191085
5.07 0.136905 -0.131993 0.190171
5.08 0.128755 -0.138778 0.189307
5.09 0.120303 -0.145111 0.188494
5.1 0.111578 -0.150978 0.187734
5.11 0.102607 -0.156365 0.187024
5.12 0.0934191 -0.161259 0.186364
5.13 0.0840435 -0.165651 0.185751
5.14 0.0745092 -0.169531 0.185182
5.15 0.0648459 -0.172893 0.184654
5.16 0.0550827 -0.175731 0.184161
5.17 0.0452495 -0.178041 0.183701
5.18 0.035375 -0.17982 0.183267
5.19 0.0254888 -0.181069 0.182855
5.2 0.0156194 -0.181788 0.182458
5.21 0.00579543 -0.18198 0.182072
5.22 -0.00395557 -0.181649 0.181692
5.23 -0.0136058 -0.180799 0.18131
5.24 -0.0231288 -0.179439 0.180924
5.25 -0.0324983 -0.177577 0.180526
5.26 -0.0416893 -0.175223 0.180114
5.27 -0.0506769 -0.172388 0.179682
5.28 -0.0594379 -0.169085 0.179228
5.29 -0.0679495 -0.165327 0.178746
5.3 -0.0761901 -0.161131 0.178236
5.31 -0.084139 -0.156511 0.177694
5.32 -0.0917769 -0.151486 0.177118
5.33 -0.0990853 -0.146073 0.176508
5.34 -0.106047 -0.140292 0.175863
5.35 -0.112647 -0.134163 0.175183
5.36 -0.118869 -0.127707 0.174467
5.37 -0.1247 -0.120945 0.173718
5.38 -0.130129 -0.113901 0.172936
5.39 -0.135144 -0.106596 0.172124
5.4 -0.139736 -0.0990543 0.171283
5.41 -0.143897 -0.0912996 0.170417
5.42 -0.147619 -0.0833559 0.169528
5.43 -0.150898 -0.0752478 0.168619
5.44 -0.153729 -0.0669998 0.167695
5.45 -0.15611 -0.0586367 0.166759
5.46 -0.158037 -0.0501832 0.165814
5.47 -0.159513 -0.0416641 0.164864
5.48 -0.160537 -0.033104 0.163914
5.49 -0.161111 -0.0245273 0.162967
5.5 -0.161239 -0.0159582 0.162027
5.51 -0.160927 -0.0074207 0.161098
5.52 -0.160178 0.00106187 0.160182
5.53 -0.159002 0.00946633 0.159283
5.54 -0.157404 0.0177703 0.158404
5.55 -0.155396 0.0259515 0.157548
5.56 -0.152986 0.0339889 0.156716
5.57 -0.150186 0.0418615 0.155911
5.58 -0.147008 0.0495496 0.155134
5.59 -0.143464 0.0570338 0.154385
5.6 -0.139569 0.0642958 0.153666
5.61 -0.135336 0.071318 0.152977
5.62 -0.13078 0.078084 0.152318
5.63 -0.125919 0.0845777 0.151687
5.64 -0.120767 0.0907845 0.151084
5.65 -0.115342 0.0966906 0.150509
5.66 -0.109661 0.102283 0.149958
5.67 -0.103743 0.107551 0.149431
5.68 -0.0976043 0.112482 0.148925
5.69 -0.091265 0.117067 0.148439
5.7 -0.0847434 0.121299 0.147969
5.71 -0.0780588 0.125168 0.147513
5.72 -0.0712302 0.128669 0.14707
5.73 -0.064277 0.131796 0.146635
5.74 -0.0572187 0.134545 0.146207
5.75 -0.0500747 0.136912 0.145782
5.76 -0.0428642 0.138896 0.14536
5.77 -0.0356068 0.140494 0.144936
5.78 -0.0283211 0.141708 0.14451
5.79 -0.0210267 0.142537 0.144079
5.8 -0.0137419 0.142983 0.143642
5.81 -0.00648524 0.14305 0.143197
5.82 0.000725159 0.14274 0.142742
5.83 0.00787139 0.142059 0.142277
5.84 0.0149363 0.141013 0.141802
5.85 0.0219026 0.139606 0.141314
5.86 0.0287542 0.137847 0.140814
5.87 0.0354746 0.135744 0.140303
5.88 0.0420488 0.133305 0.13978
5.89 0.0484615 0.13054 0.139245
5.9 0.0546986 0.12746 0.138701
5.91 0.060746 0.124074 0.138146
5.92 0.066591 0.120394 0.137583
5.93 0.0722207 0.116433 0.137013
5.94 0.0776236 0.112203 0.136437
5.95 0.0827882 0.107718 0.135857
5.96 0.0877043 0.10299 0.135274
5.97 0.092362 0.0980334 0.13469
5.98 0.0967522 0.0928632 0.134107
5.99 0.100867 0.0874938 0.133526
6 0.104698 0.0819402 0.13295
6.01 0.108238 0.0762178 0.132381
6.02 0.111483 0.070342 0.13182
6.03 0.114425 0.0643287 0.131268
6.04 0.117061 0.0581936 0.130728
6.05 0.119387 0.0519527 0.130201
6.06 0.121399 0.0456222 0.129688
6.07 0.123095 0.0392182 0.129191
6.08 0.124473 0.0327567 0.128711
6.09 0.125532 0.0262541 0.128248
6.1 0.126272 0.0197261 0.127804
6.11 0.126694 0.013189 0.127379
6.12 0.126798 0.0066584 0.126973
6.13 0.126586 0.000150104 0.126587
6.14 0.126062 -0.00632038 0.12622
6.15 0.125227 -0.0127378 0.125873
6.16 0.124085 -0.0190871 0.125545
6.17 0.122642 -0.0253533 0.125235
6.18 0.120902 -0.0315223 0.124944
6.19 0.118871 -0.0375794 0.12467
6.2 0.116555 -0.0435112 0.124412
6.21 0.113961 -0.049304 0.12417
6.22 0.111097 -0.0549447 0.123941
6.23 0.10797 -0.0604207 0.123726
6.24 0.104589 -0.0657198 0.123523
6.25 0.100963 -0.0708301 0.12333
6.26 0.0971005 -0.0757404 0.123147
6.27 0.0930128 -0.0804397 0.122971
6.28 0.0887097 -0.0849179 0.122803
6.29 0.084202 -0.089165 0.122639
6.3 0.0795012 -0.0931719 0.12248
6.31 0.0746185 -0.0969298 0.122325
6.32 0.0695662 -0.100431 0.122171
6.33 0.0643565 -0.103667 0.122019
6.34 0.0590021 -0.106631 0.121867
6.35 0.0535159 -0.109318 0.121714
6.36 0.047911 -0.111721 0.121561
6.37 0.0422012 -0.113835 0.121405
6.38 0.0363998 -0.115656 0.121248
6.39 0.0305209 -0.117179 0.121089
6.4 0.0245785 -0.118403 0.120927
6.41 0.0185869 -0.119324 0.120763
6.42 0.0125601 -0.119941 0.120596
6.43 0.00651313 -0.120251 0.120428
6.44 0.00045989 -0.120256 0.120257
6.45 -0.00558467 -0.119955 0.120084
6.46 -0.0116063 -0.119348 0.119911
6.47 -0.0175902 -0.118438 0.119738
6.48 -0.023522 -0.117228 0.119564
6.49 -0.0293873 -0.115718 0.119391
6.5 -0.0351718 -0.113914 0.119221
6.51 -0.0408611 -0.11182 0.119052
6.52 -0.0464416 -0.109441 0.118887
6.53 -0.051899 -0.106782 0.118726
6.54 -0.05722 -0.103849 0.11857
6.55 -0.0623911 -0.10065 0.118419
6.56 -0.0673993 -0.097193 0.118276
6.57 -0.0722318 -0.093485 0.118139
6.58 -0.0768763 -0.0895356 0.118011
6.59 -0.0813206 -0.0853541 0.117891
6.6 -0.0855532 -0.0809506 0.117781
6.61 -0.0895628 -0.0763359 0.11768
6.62 -0.093339 -0.0715212 0.11759
6.63 -0.0968711 -0.0665182 0.11751
6.64 -0.10015 -0.0613393 0.117441
6.65 -0.103166 -0.0559973 0.117383
6.66 -0.10591 -0.0505055 0.117336
6.67 -0.108376 -0.0448776 0.1173
6.68 -0.110555 -0.0391277 0.117275
6.69 -0.112441 -0.0332705 0.11726
6.7 -0.114028 -0.0273206 0.117255
6.71 -0.115311 -0.0212938 0.11726
6.72 -0.116284 -0.0152051 0.117274
6.73 -0.116946 -0.00907058 0.117297
6.74 -0.117292 -0.00290619 0.117328
6.75 -0.11732 0.00327171 0.117365
6.76 -0.117029 0.00944696 0.11741
6.77 -0.116419 0.0156028 0.117459
6.78 -0.115489 0.021723 0.117514
6.79 -0.114241 0.0277906 0.117573
6.8 -0.112677 0.0337892 0.117634
6.81 -0.1108 0.0397024 0.117698
6.82 -0.108613 0.0455136 0.117763
6.83 -0.106121 0.0512065 0.117829
6.84 -0.103329 0.0567652 0.117895
6.85 -0.100245 0.0621736 0.11796
6.86 -0.096874 0.0674166 0.118024
6.87 -0.0932253 0.0724784 0.118085
6.88 -0.0893074 0.0773446 0.118144
6.89 -0.08513 0.0820005 0.1182
6.9 -0.0807037 0.0864324 0.118252
6.91 -0.0760396 0.0906265 0.118301
6.92 -0.0711499 0.0945703 0.118346
6.93 -0.0660474 0.0982513 0.118387
6.94 -0.0607455 0.101658 0.118424
6.95 -0.0552584 0.104779 0.118457
6.96 -0.0496011 0.107605 0.118487
6.97 -0.0437888 0.110126 0.118512
6.98 -0.0378378 0.112333 0.118534
6.99 -0.0317646 0.114219 0.118553
7 -0.0255862 0.115776 0.118569
7.01 -0.0193202 0.116999 0.118583
7.02 -0.0129845 0.117882 0.118595
7.03 -0.0065975 0.118422 0.118605
7.04 -0.000177589 0.118615 0.118615
7.05 0.00625625 0.118459 0.118624
7.06 0.012685 0.117952 0.118632
7.07 0.0190896 0.117096 0.118642
7.08 0.0254507 0.11589 0.118652
7.09 0.031749 0.114337 0.118663
7.1 0.0379655 0.11244 0.118677
7.11 0.0440807 0.110203 0.118692
7.12 0.0500759 0.107631 0.11871
7.13 0.0559323 0.10473 0.11873
7.14 0.0616315 0.101509 0.118754
7.15 0.0671552 0.097974 0.11878
7.16 0.0724859 0.094136 0.11881
7.17 0.0776062 0.090005 0.118843
7.18 0.0824997 0.0855923 0.118879
7.19 0.0871497 0.0809104 0.118918
7.2 0.0915415 0.0759725 0.118961
7.21 0.0956598 0.0707928 0.119006
7.22 0.0994909 0.0653863 0.119054
7.23 0.103021 0.059769 0.119104
7.24 0.106239 0.0539574 0.119156
7.25 0.109132 0.0479689 0.11921
7.26 0.111691 0.0418216 0.119264
7.27 0.113906 0.0355344 0.11932
7.28 0.115768 0.0291261 0.119376
7.29 0.117271 0.0226169 0.119432
7.3 0.118407 0.0160268 0.119487
7.31 0.119173 0.00937645 0.119541
7.32 0.119564 0.00268684 0.119594
7.33 0.119577 -0.00402076 0.119644
7.34 0.119211 -0.0107252 0.119692
7.35 0.118466 -0.0174045 0.119737
7.36 0.117343 -0.0240377 0.119779
7.37 0.115843 -0.0306027 0.119817
7.38 0.113972 -0.0370784 0.119851
7.39 0.111733 -0.0434434 0.119881
7.4 0.109132 -0.0496767 0.119907
7.41 0.106177 -0.0557575 0.119927
7.42 0.102877 -0.0616657 0.119943
7.43 0.0992398 -0.0673811 0.119953
7.44 0.0952778 -0.0728847 0.119958
7.45 0.0910026 -0.0781576 0.119959
7.46 0.0864274 -0.0831818 0.119954
7.47 0.0815662 -0.0879399 0.119944
7.48 0.0764346 -0.0924156 0.119929
7.49 0.0710485 -0.0965931 0.119909
7.5 0.0654253 -0.100458 0.119884
7.51 0.059583 -0.103996 0.119855
7.52 0.0535405 -0.107195 0.119822
7.53 0.0473175 -0.110043 0.119785
7.54 0.0409344 -0.11253 0.119744
7.55 0.0344123 -0.114647 0.1197
7.56 0.0277726 -0.116385 0.119653
7.57 0.0210375 -0.117738 0.119602
7.58 0.0142296 -0.1187 0.11955
7.59 0.00737172 -0.119267 0.119494
7.6 0.000486905 -0.119436 0.119437
7.61 -0.00640137 -0.119207 0.119378
7.62 -0.0132698 -0.118578 0.119318
7.63 -0.0200949 -0.117551 0.119257
7.64 -0.0268531 -0.11613 0.119194
7.65 -0.0335215 -0.114317 0.11913
7.66 -0.0400769 -0.112118 0.119066
7.67 -0.0464964 -0.109541 0.119
7.68 -0.0527581 -0.106593 0.118935
7.69 -0.0588398 -0.103284 0.118868
7.7 -0.0647204 -0.0996244 0.118801
7.71 -0.0703792 -0.0956267 0.118734
7.72 -0.0757964 -0.0913042 0.118666
7.73 -0.0809527 -0.0866712 0.118597
7.74 -0.0858299 -0.0817435 0.118528
7.75 -0.0904107 -0.0765375 0.118457
7.76 -0.0946787 -0.0710714 0.118386
7.77 -0.0986186 -0.0653636 0.118313
7.78 -0.102216 -0.0594338 0.11824
7.79 -0.105459 -0.0533027 0.118164
7.8 -0.108335 -0.0469914 0.118087
7.81 -0.110833 -0.0405218 0.118008
7.82 -0.112945 -0.0339167 0.117928
7.83 -0.114662 -0.0271992 0.117844
7.84 -0.11598 -0.0203927 0.117759
7.85 -0.116891 -0.0135215 0.11767
7.86 -0.117393 -0.00660938 0.117579
7.87 -0.117484 0.000318697 0.117485
7.88 -0.117164 0.0072385 0.117387
7.89 -0.116433 0.0141252 0.117286
7.9 -0.115293 0.0209545 0.117182
7.91 -0.113749 0.0277017 0.117074
7.92 -0.111806 0.034343 0.116962
7.93 -0.109471 0.0408544 0.116846
7.94 -0.106752 0.0472129 0.116727
7.95 -0.103659 0.0533951 0.116603
7.96 -0.100202 0.0593793 0.116475
7.97 -0.096395 0.0651437 0.116343
7.98 -0.0922507 0.0706676 0.116207
7.99 -0.0877842 0.075931 0.116067
8 -0.0830117 0.0809152 0.115923
8.01 -0.0779507 0.0856018 0.115775
8.02 -0.0726192 0.0899743 0.115624
8.03 -0.067037 0.0940164 0.115469
8.04 -0.0612242 0.0977141 0.11531
8.05 -0.055202 0.101054 0.115148
8.06 -0.0489926 0.104023 0.114983
8.07 -0.0426186 0.106612 0.114815
8.08 -0.0361033 0.108811 0.114645
8.09 -0.0294706 0.110613 0.114471
8.1 -0.0227448 0.11201 0.114296
8.11 -0.0159508 0.112998 0.114118
8.12 -0.00911338 0.113574 0.113939
8.13 -0.00225776 0.113736 0.113759
8.14 0.00459085 0.113484 0.113577
8.15 0.0114072 0.112819 0.113394
8.16 0.0181663 0.111743 0.11321
8.17 0.024843 0.110262 0.113026
8.18 0.0314132 0.108381 0.112841
8.19 0.0378521 0.106107 0.112656
8.2 0.0441364 0.10345 0.112472
8.21 0.0502428 0.100419 0.112287
8.22 0.0561489 0.0970266 0.112102
8.23 0.061833 0.0932857 0.111918
8.24 0.0672742 0.0892108 0.111734
8.25 0.0724524 0.0848173 0.11155
8.26 0.0773489 0.0801222 0.111366
8.27 0.0819455 0.0751435 0.111183
8.28 0.0862258 0.0699002 0.111
8.29 0.090174 0.0644123 0.110816
8.3 0.0937759 0.0587009 0.110633
8.31 0.0970184 0.0527878 0.11045
8.32 0.0998901 0.0466956 0.110266
8.33 0.102381 0.0404474 0.110081
8.34 0.104481 0.034067 0.109895
8.35 0.106185 0.027579 0.109708
8.36 0.107486 0.0210077 0.10952
8.37 0.10838 0.0143784 0.10933
8.38 0.108864 0.00771624 0.109137
8.39 0.108938 0.00104646 0.108943
8.4 0.108602 -0.00560563 0.108746
8.41 0.107857 -0.0122147 0.108547
8.42 0.106708 -0.0187559 0.108344
8.43 0.10516 -0.0252043 0.108139
8.44 0.10322 -0.0315358 0.10793
8.45 0.100895 -0.0377262 0.107718
8.46 0.0981958 -0.0437525 0.107502
8.47 0.0951332 -0.0495918 0.107283
8.48 0.0917197 -0.0552225 0.107061
8.49 0.087969 -0.0606232 0.106835
8.5 0.0838967 -0.0657741 0.106606
8.51 0.0795188 -0.0706557 0.106374
8.52 0.0748529 -0.0752504 0.106139
8.53 0.0699178 -0.0795408 0.105902
8.54 0.0647329 -0.0835115 0.105662
8.55 0.059319 -0.0871479 0.105421
8.56 0.0536974 -0.0904369 0.105177
8.57 0.0478904 -0.0933667 0.104933
8.58 0.0419209 -0.0959272 0.104687
8.59 0.0358124 -0.0981091 0.104441
8.6 0.0295889 -0.0999054 0.104195
8.61 0.0232749 -0.10131 0.103949
8.62 0.016895 -0.102319 0.103704
8.63 0.0104743 -0.102929 0.10346
8.64 0.00403771 -0.103139 0.103218
8.65 -0.00238949 -0.102949 0.102977
8.66 -0.00878258 -0.102362 0.102738
8.67 -0.0151163 -0.10138 0.102501
8.68 -0.0213667 -0.10001 0.102267
8.69 -0.027509 -0.0982563 0.102035
8.7 -0.0335201 -0.0961284 0.101805
8.71 -0.0393764 -0.0936354 0.101578
8.72 -0.0450558 -0.0907882 0.101353
8.73 -0.0505362 -0.087599 0.101131
8.74 -0.0557972 -0.0840814 0.100911
8.75 -0.0608182 -0.0802503 0.100692
8.76 -0.0655809 -0.0761218 0.100476
8.77 -0.0700668 -0.0717128 0.10026
8.78 -0.0742596 -0.067042 0.100046
8.79 -0.0781433 -0.0621284 0.0998314
8.8 -0.0817039 -0.0569921 0.0996174
8.81 -0.0849281 -0.0516542 0.0994029
8.82 -0.0878047 -0.0461365 0.0991879
8.83 -0.090323 -0.0404613 0.0989715
8.84 -0.0924747 -0.0346515 0.0987537
8.85 -0.0942521 -0.0287309 0.0985339
8.86 -0.0956497 -0.0227228 0.0983117
8.87 -0.0966632 -0.0166517 0.098087
8.88 -0.0972898 -0.0105417 0.0978593
8.89 -0.0975285 -0.00441723 0.0976284
8.9 -0.0973797 0.00169734 0.0973945
8.91 -0.0968451 0.00777763 0.097157
8.92 -0.0959287 0.0137998 0.0969162
8.93 -0.094635 0.0197398 0.0966718
8.94 -0.0929709 0.0255747 0.0964243
8.95 -0.0909441 0.0312812 0.0961735
8.96 -0.0885643 0.0368373 0.0959199
8.97 -0.0858422 0.0422211 0.0956635
8.98 -0.0827899 0.0474121 0.0954048
8.99 -0.079421 0.0523898 0.0951441
9 -0.0757502 0.0571356 0.0948819
9.01 -0.0717932 0.0616309 0.0946184
9.02 -0.0675671 0.0658591 0.0943543
9.03 -0.06309 0.0698038 0.09409
9.04 -0.0583808 0.0734506 0.0938259
9.05 -0.0534593 0.0767858 0.0935626
9.06 -0.0483462 0.0797974 0.0933005
9.07 -0.0430629 0.0824743 0.0930399
9.08 -0.0376315 0.0848073 0.0927815
9.09 -0.0320743 0.0867879 0.0925252
9.1 -0.0264143 0.0884102 0.0922717
9.11 -0.0206749 0.0896683 0.092021
9.12 -0.0148797 0.0905592 0.0917735
9.13 -0.00905239 0.0910804 0.0915292
9.14 -0.00321651 0.0912315 0.0912882
9.15 0.00260392 0.0910131 0.0910504
9.16 0.00838556 0.0904279 0.0908159
9.17 0.0141049 0.0894794 0.0905843
9.18 0.0197391 0.0881733 0.0903557
9.19 0.0252654 0.086516 0.0901297
9.2 0.0306619 0.0845159 0.089906
9.21 0.035907 0.0821824 0.0896843
9.22 0.0409801 0.0795265 0.0894641
9.23 0.0458611 0.0765602 0.0892451
9.24 0.050531 0.0732969 0.0890271
9.25 0.0549712 0.0697512 0.0888091
9.26 0.0591652 0.0659386 0.0885913
9.27 0.0630961 0.0618759 0.0883728
9.28 0.0667496 0.0575807 0.0881535
9.29 0.0701114 0.0530715 0.0879329
9.3 0.0731694 0.0483675 0.0877107
9.31 0.0759119 0.0434892 0.0874867
9.32 0.0783294 0.0384567 0.0872606
9.33 0.0804129 0.0332919 0.0870321
9.34 0.0821559 0.028016 0.0868014
9.35 0.0835521 0.0226516 0.0865682
9.36 0.0845976 0.0172207 0.0863325
9.37 0.0852895 0.0117462 0.0860946
9.38 0.0856266 0.00625054 0.0858544
9.39 0.0856089 0.000756647 0.0856122
9.4 0.0852382 -0.00471301 0.0853684
9.41 0.0845173 -0.0101357 0.0851229
9.42 0.0834511 -0.0154898 0.0848765
9.43 0.0820453 -0.0207529 0.0846293
9.44 0.0803073 -0.0259042 0.0843818
9.45 0.0782456 -0.0309225 0.0841342
9.46 0.0758703 -0.0357878 0.0838872
9.47 0.0731927 -0.0404805 0.0836411
9.48 0.0702251 -0.0449822 0.0833964
9.49 0.0669812 -0.0492746 0.0831533
9.5 0.0634757 -0.0533413 0.0829123
9.51 0.0597244 -0.057166 0.0826737
9.52 0.0557437 -0.0607342 0.0824379
9.53 0.0515517 -0.0640318 0.0822049
9.54 0.0471662 -0.0670466 0.081975
9.55 0.0426068 -0.0697671 0.0817483
9.56 0.0378931 -0.0721834 0.081525
9.57 0.0330455 -0.0742864 0.0813048
9.58 0.0280846 -0.0760692 0.081088
9.59 0.0230321 -0.0775253 0.0808743
9.6 0.0179089 -0.0786503 0.0806635
9.61 0.0127373 -0.0794408 0.0804555
9.62 0.00753875 -0.0798951 0.0802499
9.63 0.00233542 -0.0800126 0.0800466
9.64 -0.00285124 -0.0797942 0.0798451
9.65 -0.00799911 -0.0792425 0.0796452
9.66 -0.0130873 -0.078361 0.0794464
9.67 -0.0180943 -0.0771551 0.0792484
9.68 -0.0229998 -0.075631 0.0790509
9.69 -0.0277833 -0.0737966 0.0788534
9.7 -0.0324256 -0.0716609 0.0786556
9.71 -0.0369077 -0.0692342 0.0784573
9.72 -0.0412114 -0.066528 0.0782583
9.73 -0.0453194 -0.0635548 0.078058
9.74 -0.0492155 -0.0603284 0.0778567
9.75 -0.0528838 -0.0568633 0.0776539
9.76 -0.0563104 -0.0531752 0.0774497
9.77 -0.0594814 -0.0492808 0.077244
9.78 -0.062385 -0.0451971 0.0770368
9.79 -0.0650098 -0.0409424 0.0768281
9.8 -0.0673462 -0.0365353 0.0766181
9.81 -0.0693854 -0.0319952 0.0764069
9.82 -0.0711202 -0.0273416 0.0761948
9.83 -0.0725446 -0.022595 0.075982
9.84 -0.0736541 -0.0177757 0.0757688
9.85 -0.0744451 -0.0129046 0.0755553
9.86 -0.0749158 -0.00800228 0.075342
9.87 -0.0750657 -0.00308995 0.0751292
9.88 -0.0748954 0.00181169 0.0749173
9.89 -0.0744071 0.00668172 0.0747065
9.9 -0.0736043 0.0114998 0.0744973
9.91 -0.0724917 0.0162453 0.0742897
9.92 -0.0710755 0.0208989 0.0740843
9.93 -0.069363 0.0254406 0.0738813
9.94 -0.0673626 0.029852 0.0736808
9.95 -0.0650844 0.0341146 0.0734832
9.96 -0.0625389 0.038211 0.0732885
9.97 -0.0597386 0.0421243 0.0730969
9.98 -0.056696 0.0458388 0.0729084
9.99 -0.0534256 0.0493391 0.0727231
10 -0.049942 0.0526117 0.072541
10.01 -0.0462613 0.055643 0.0723619
10.02 -0.0423996 0.0584214 0.0721858
10.03 -0.0383747 0.0609359 0.0720125
10.04 -0.0342041 0.0631769 0.0718418
10.05 -0.0299066 0.065136 0.0716736
10.06 -0.0255009 0.0668058 0.0715075
10.07 -0.0210065 0.0681804 0.0713431
10.08 -0.0164428 0.0692553 0.0711805
10.09 -0.0118301 0.0700269 0.0710191
10.1 -0.00718775 0.0704931 0.0708586
10.11 -0.00253651 0.0706533 0.0706988
10.12 0.00210418 0.0705079 0.0705393
10.13 0.00671398 0.0700589 0.0703799
10.14 0.0112736 0.0693092 0.07022
10.15 0.0157632 0.0682635 0.0700599
10.16 0.0201642 0.0669273 0.0698989
10.17 0.0244576 0.0653076 0.0697371
10.18 0.0286256 0.0634124 0.0695741
10.19 0.0326505 0.0612511 0.06941
10.2 0.0365159 0.0588338 0.0692447
10.21 0.0402054 0.0561723 0.0690783
10.22 0.043704 0.0532787 0.0689106
10.23 0.0469971 0.0501666 0.0687417
10.24 0.0500718 0.0468502 0.068572
10.25 0.0529149 0.0433447 0.0684014
10.26 0.0555157 0.0396658 0.0682303
10.27 0.0578635 0.0358304 0.0680588
10.28 0.0599493 0.0318553 0.0678872
10.29 0.061765 0.0277586 0.0677159
10.3 0.0633036 0.0235582 0.0675451
10.31 0.0645598 0.019273 0.0673752
10.32 0.065529 0.0149215 0.0672065
10.33 0.0662082 0.0105234 0.0670393
10.34 0.0665954 0.00609742 0.066874
10.35 0.0666901 0.00166322 0.0667108
10.36 0.0664929 -0.00276015 0.0665501
10.37 0.0660057 -0.00715327 0.0663922
10.38 0.0652317 -0.0114973 0.0662371
10.39 0.0641753 -0.0157734 0.0660853
10.4 0.062842 -0.0199634 0.0659368
10.41 0.0612387 -0.024049 0.0657916
10.42 0.0593732 -0.0280132 0.06565
10.43 0.0572549 -0.0318387 0.065512
10.44 0.0548932 -0.0355097 0.0653774
10.45 0.0522999 -0.0390106 0.0652465
10.46 0.0494866 -0.0423265 0.0651188
10.47 0.0464667 -0.0454438 0.0649945
10.48 0.0432536 -0.0483495 0.0648733
10.49 0.0398625 -0.0510314 0.0647551
10.5 0.0363083 -0.0534788 0.0646396
10.51 0.0326074 -0.0556815 0.0645266
10.52 0.0287761 -0.0576309 0.0644157
10.53 0.0248319 -0.0593191 0.0643069
10.54 0.020792 -0.0607396 0.0641998
10.55 0.0166749 -0.061887 0.0640941
10.56 0.0124981 -0.0627571 0.0639895
10.57 0.0082808 -0.063347 0.0638859
10.58 0.00404095 -0.0636549 0.063783
10.59 -0.000202263 -0.0636803 0.0636806
10.6 -0.00443085 -0.0634238 0.0635783
10.61 -0.00862583 -0.0628876 0.0634764
10.62 -0.0127692 -0.0620746 0.0633744
10.63 -0.0168429 -0.0609894 0.0632723
10.64 -0.0208293 -0.0596372 0.0631701
10.65 -0.0247111 -0.0580251 0.0630678
10.66 -0.0284717 -0.0561604 0.0629653
10.67 -0.0320948 -0.0540524 0.0628628
10.68 -0.035565 -0.0517106 0.0627603
10.69 -0.0388673 -0.0491463 0.062658
10.7 -0.0419879 -0.046371 0.062556
10.71 -0.0449135 -0.0433978 0.0624547
10.72 -0.0476315 -0.0402397 0.0623538
10.73 -0.0501309 -0.0369117 0.0622541
10.74 -0.052401 -0.0334283 0.0621556
10.75 -0.0544325 -0.0298056 0.0620587
10.76 -0.0562169 -0.0260594 0.0619632
10.77 -0.0577473 -0.0222071 0.0618701
10.78 -0.0590169 -0.0182653 0.0617788
10.79 -0.0600216 -0.0142518 0.0616904
10.8 -0.0607567 -0.0101844 0.0616044
10.81 -0.0612203 -0.00608123 0.0615216
10.82 -0.0614105 -0.00196014 0.0614418
10.83 -0.0613273 0.00216031 0.0613654
10.84 -0.0609714 0.00626236 0.0612921
10.85 -0.0603451 0.0103277 0.0612225
10.86 -0.0594516 0.0143387 0.0611563
10.87 -0.0582956 0.0182775 0.0610937
10.88 -0.0568822 0.0221272 0.0610344
10.89 -0.0552186 0.0258708 0.0609786
10.9 -0.0533122 0.0294922 0.060926
10.91 -0.0511722 0.0329754 0.0608767
10.92 -0.048808 0.0363054 0.0608301
10.93 -0.0462309 0.0394679 0.0607866
10.94 -0.043452 0.042449 0.0607453
10.95 -0.0404843 0.0452361 0.0607066
10.96 -0.037341 0.047817 0.0606697
10.97 -0.0340361 0.0501808 0.0606348
10.98 -0.0305846 0.0523173 0.0606013
10.99 -0.0270018 0.0542175 0.0605693
11 -0.0233035 0.0558732 0.0605382
11.01 -0.0195064 0.0572776 0.060508
11.02 -0.0156271 0.0584247 0.0604785
11.03 -0.0116829 0.0593098 0.0604495
11.04 -0.00769117 0.0599293 0.0604208
11.05 -0.00366952 0.060281 0.0603925
11.06 0.000364366 0.0603632 0.0603643
11.07 0.00439264 0.0601763 0.0603364
11.08 0.00839767 0.0597211 0.0603086
11.09 0.0123619 0.0590001 0.0602813
11.1 0.0162678 0.0580164 0.060254
11.11 0.0200985 0.056775 0.0602275
11.12 0.023837 0.0552812 0.0602015
11.13 0.0274672 0.0535421 0.0601764
11.14 0.030973 0.0515653 0.0601524
11.15 0.0343392 0.0493599 0.0601297
11.16 0.0375511 0.0469356 0.0601085
11.17 0.0405948 0.0443033 0.0600893
11.18 0.0434569 0.0414746 0.060072
11.19 0.0461252 0.0384623 0.0600573
11.2 0.0485877 0.0352796 0.0600451
11.21 0.0508341 0.0319406 0.0600359
11.22 0.0528543 0.0284599 0.0600295
11.23 0.0546399 0.0248532 0.0600267
11.24 0.0561828 0.0211362 0.0600271
11.25 0.0574766 0.0173253 0.0600311
11.26 0.0585154 0.0134373 0.0600384
11.27 0.0592952 0.00948924 0.0600497
11.28 0.059812 0.00549862 0.0600642
11.29 0.0600641 0.00148272 0.0600824
11.3 0.0600501 -0.00254052 0.0601038
11.31 0.0597703 -0.00655368 0.0601285
11.32 0.0592257 -0.0105391 0.0601561
11.33 0.058419 -0.0144791 0.0601866
11.34 0.0573533 -0.0183566 0.0602193
11.35 0.0560336 -0.0221547 0.0602544
11.36 0.0544653 -0.0258564 0.0602911
11.37 0.0526555 -0.0294459 0.0603296
11.38 0.0506117 -0.0329069 0.0603689
11.39 0.0483431 -0.036225 0.0604095
11.4 0.0458592 -0.0393848 0.0604503
11.41 0.0431712 -0.0423731 0.0604916
11.42 0.0402902 -0.0451762 0.0605326
11.43 0.037229 -0.0477826 0.0605737
11.44 0.0340007 -0.0501798 0.0606141
11.45 0.0306194 -0.0523583 0.0606542
11.46 0.0270997 -0.0543076 0.0606935
11.47 0.0234567 -0.0560197 0.0607324
11.48 0.0197063 -0.0574866 0.0607704
11.49 0.0158648 -0.0587021 0.0608082
11.5 0.0119487 -0.0596604 0.0608452
11.51 0.00797493 -0.0603577 0.0608823
11.52 0.00396088 -0.0607902 0.0609191
11.53 -7.62348e-05 -0.0609563 0.0609563
11.54 -0.00411872 -0.0608547 0.0609939
11.55 -0.00814933 -0.060486 0.0610326
11.56 -0.0121502 -0.0598513 0.0610722
11.57 -0.0161043 -0.0589535 0.0611136
11.58 -0.019994 -0.0577959 0.0611566
11.59 -0.023803 -0.0563835 0.061202
11.6 -0.0275141 -0.0547221 0.0612498
11.61 -0.0311117 -0.0528187 0.0613005
11.62 -0.0345795 -0.0506814 0.0613543
11.63 -0.0379028 -0.048319 0.0614113
11.64 -0.0410669 -0.0457417 0.0614719
11.65 -0.0440579 -0.0429604 0.0615361
11.66 -0.0468626 -0.0399867 0.0616039
11.67 -0.049469 -0.0368335 0.0616756
11.68 -0.051865 -0.033514 0.0617509
11.69 -0.0540406 -0.0300423 0.0618298
11.7 -0.0559856 -0.0264333 0.0619121
11.71 -0.0578708 -0.0227869 0.0621954
11.72 -0.0596935 -0.0191071 0.0626769
11.73 -0.0614515 -0.0153976 0.0633512
11.74 -0.0631424 -0.0116624 0.0642104
11.75 -0.0647639 -0.00790525 0.0652446
11.76 -0.0663139 -0.00413025 0.0664424
11.77 -0.0677903 -0.00034098 0.0677911
11.78 -0.069191 0.00345818 0.0692774
11.79 -0.0705138 0.00726383 0.070887
11.8 -0.0717572 0.0110718 0.0726064
11.81 -0.072919 0.0148783 0.0744214
11.82 -0.0739976 0.0186794 0.0763189
11.83 -0.0749912 0.0224714 0.0782857
11.84 -0.0758983 0.0262502 0.0803095
11.85 -0.076717 0.0300125 0.0823787
11.86 -0.0774463 0.0337541 0.0844823
11.87 -0.0780842 0.0374716 0.0866098
11.88 -0.07863 0.041161 0.0887519
11.89 -0.0790818 0.044819 0.0908993
11.9 -0.0794391 0.0484417 0.0930439
11.91 -0.0797002 0.0520258 0.0951777
11.92 -0.0798645 0.0555676 0.0972939
11.93 -0.0799306 0.0590638 0.0993853
11.94 -0.0798983 0.062511 0.101446
11.95 -0.079766 0.0659057 0.103471
11.96 -0.0795338 0.0692448 0.105454
11.97 -0.0792003 0.072525 0.10739
11.98 -0.0787656 0.0757433 0.109275
11.99 -0.0782289 0.0788966 0.111105
12 -0.0775899 0.0819817 0.112877
12.01 -0.0768481 0.0849958 0.114586
12.02 -0.0760036 0.0879362 0.11623
12.03 -0.0750559 0.0907998 0.117805
12.04 -0.0740053 0.0935844 0.11931
12.05 -0.0728513 0.0962868 0.120741
12.06 -0.0715946 0.0989051 0.122098
12.07 -0.0702347 0.101436 0.123378
12.08 -0.0687724 0.103879 0.124581
12.09 -0.0672077 0.106229 0.125704
12.1 -0.065541 0.108486 0.126747
12.11 -0.0637729 0.110648 0.12771
12.12 -0.0619037 0.112712 0.128592
12.13 -0.0599343 0.114676 0.129393
12.14 -0.0578649 0.116539 0.130114
12.15 -0.0556968 0.118299 0.130754
12.16 -0.0534305 0.119954 0.131316
12.17 -0.0510669 0.121503 0.131799
12.18 -0.0486069 0.122945 0.132205
12.19 -0.0460517 0.124278 0.132536
12.2 -0.043402 0.125501 0.132794
12.21 -0.0406596 0.126614 0.132982
12.22 -0.0378248 0.127614 0.133101
12.23 -0.0348997 0.128501 0.133156
12.24 -0.0318849 0.129274 0.133149
12.25 -0.0287824 0.129934 0.133084
12.26 -0.0255931 0.130478 0.132964
12.27 -0.022319 0.130907 0.132796
12.28 -0.018961 0.131221 0.132583
12.29 -0.0155213 0.131418 0.132331
12.3 -0.0120011 0.131499 0.132046
12.31 -0.00840227 0.131465 0.131733
12.32 -0.00472652 0.131314 0.131399
12.33 -0.00097567 0.131047 0.131051
12.34 0.00284862 0.130665 0.130696
12.35 0.00674417 0.130167 0.130342
12.36 0.0107095 0.129555 0.129997
12.37 0.0147424 0.128829 0.129669
12.38 0.0188409 0.127988 0.129368
12.39 0.023003 0.127036 0.129102
12.4 0.0272268 0.125971 0.12888
12.41 0.03151 0.124796 0.128712
12.42 0.0358506 0.12351 0.128608
12.43 0.0402465 0.122116 0.128578
12.44 0.0446953 0.120615 0.12863
12.45 0.049195 0.119007 0.128775
12.46 0.0537433 0.117295 0.129021
12.47 0.0583381 0.11548 0.129379
12.48 0.0629767 0.113563 0.129856
12.49 0.0676573 0.111546 0.130461
12.5 0.0723773 0.109431 0.131201
12.51 0.0771344 0.107221 0.132083
12.52 0.0819262 0.104915 0.133113
12.53 0.0867505 0.102518 0.134297
12.54 0.0916047 0.10003 0.135637
12.55 0.0964866 0.0974543 0.137139
12.56 0.101394 0.0947927 0.138803
12.57 0.106323 0.0920474 0.140632
12.58 0.111273 0.0892211 0.142626
12.59 0.116241 0.0863159 0.144784
12.6 0.121225 0.0833345 0.147106
12.61 0.126221 0.0802792 0.149588
12.62 0.131228 0.0771527 0.152228
12.63 0.136243 0.0739576 0.155023
12.64 0.141264 0.0706967 0.157967
12.65 0.146288 0.0673724 0.161057
12.66 0.151313 0.0639879 0.164287
12.67 0.156336 0.0605456 0.167651
12.68 0.161355 0.0570487 0.171143
12.69 0.166367 0.0534997 0.174758
12.7 0.171371 0.049902 0.178489
12.71 0.176363 0.0462579 0.182328
12.72 0.181341 0.0425711 0.186271
12.73 0.186303 0.0388439 0.19031
12.74 0.191247 0.0350797 0.194438
12.75 0.19617 0.0312814 0.198648
12.76 0.20107 0.0274522 0.202935
12.77 0.205944 0.0235949 0.207291
12.78 0.21079 0.0197128 0.21171
12.79 0.215606 0.0158087 0.216185
12.8 0.22039 0.0118859 0.22071
12.81 0.225139 0.00794744 0.22528
12.82 0.229852 0.00399629 0.229887
12.83 0.234526 3.56195e-05 0.234526
12.84 0.239158 -0.00393155 0.239191
12.85 0.243748 -0.00790226 0.243876
12.86 0.248292 -0.0118732 0.248575
12.87 0.252788 -0.0158416 0.253284
12.88 0.257235 -0.0198044 0.257997
12.89 0.261631 -0.0237584 0.262708
12.9 0.265973 -0.0277011 0.267412
12.91 0.27026 -0.0316289 0.272105
12.92 0.27449 -0.0355396 0.276781
12.93 0.27866 -0.0394296 0.281436
12.94 0.28277 -0.0432967 0.286065
12.95 0.286817 -0.0471375 0.290664
12.96 0.290799 -0.0509497 0.295228
12.97 0.294714 -0.0547302 0.299753
12.98 0.298562 -0.0584765 0.304235
12.99 0.30234 -0.0621857 0.308669
13 0.306047 -0.0658555 0.313052
13.01 0.309681 -0.069483 0.31738
13.02 0.313241 -0.0730659 0.32165
13.03 0.316725 -0.0766015 0.325856
13.04 0.320131 -0.0800877 0.329997
13.05 0.323459 -0.0835217 0.334069
13.06 0.326707 -0.0869016 0.338067
13.07 0.329874 -0.0902248 0.34199
13.08 0.332957 -0.0934892 0.345834
13.09 0.335958 -0.0966926 0.349595
13.1 0.338873 -0.099833 0.353272
13.11 0.341702 -0.102908 0.356862
13.12 0.344444 -0.105916 0.36036
13.13 0.347097 -0.108855 0.363766
13.14 0.349662 -0.111723 0.367077
13.15 0.352136 -0.114519 0.37029
13.16 0.35452 -0.11724 0.373402
13.17 0.356811 -0.119885 0.376413
13.18 0.35901 -0.122452 0.379319
13.19 0.361116 -0.12494 0.382119
13.2 0.363127 -0.127346 0.38481
13.21 0.365044 -0.129671 0.387391
13.22 0.366866 -0.131912 0.389861
13.23 0.368592 -0.134068 0.392217
13.24 0.370221 -0.136138 0.394458
13.25 0.371754 -0.138121 0.396583
13.26 0.37319 -0.140015 0.398591
13.27 0.374527 -0.14182 0.400479
13.28 0.375768 -0.143534 0.402248
13.29 0.37691 -0.145157 0.403895
13.3 0.377954 -0.146688 0.405421
13.31 0.378899 -0.148126 0.406824
13.32 0.379745 -0.14947 0.408103
13.33 0.380493 -0.15072 0.409257
13.34 0.381142 -0.151875 0.410287
13.35 0.381693 -0.152934 0.411191
13.36 0.382144 -0.153897 0.411969
13.37 0.382497 -0.154764 0.412621
13.38 0.382752 -0.155534 0.413147
13.39 0.382908 -0.156207 0.413545
13.4 0.382967 -0.156783 0.413817
13.41 0.382927 -0.157261 0.413961
13.42 0.38279 -0.157642 0.413979
13.43 0.382555 -0.157925 0.41387
13.44 0.382224 -0.15811 0.413635
13.45 0.381796 -0.158198 0.413273
13.46 0.381272 -0.158188 0.412785
13.47 0.380653 -0.158081 0.412172
13.48 0.379938 -0.157876 0.411434
13.49 0.379129 -0.157574 0.410571
13.5 0.378226 -0.157176 0.409584
13.51 0.377229 -0.156681 0.408474
13.52 0.37614 -0.15609 0.407241
13.53 0.374958 -0.155403 0.405886
13.54 0.373685 -0.154622 0.404411
13.55 0.372321 -0.153745 0.402816
13.56 0.370867 -0.152775 0.401102
13.57 0.369324 -0.151711 0.39927
13.58 0.367692 -0.150554 0.397321
13.59 0.365973 -0.149305 0.395257
13.6 0.364166 -0.147965 0.393078
13.61 0.362273 -0.146533 0.390786
13.62 0.360295 -0.145012 0.388383
13.63 0.358233 -0.143402 0.385869
13.64 0.356086 -0.141703 0.383245
13.65 0.353857 -0.139917 0.380515
13.66 0.351546 -0.138044 0.377678
13.67 0.349154 -0.136086 0.374737
13.68 0.346681 -0.134043 0.371693
13.69 0.34413 -0.131916 0.368548
13.7 0.3415 -0.129706 0.365303
13.71 0.338793 -0.127416 0.361961
13.72 0.336009 -0.125044 0.358522
13.73 0.33315 -0.122593 0.354991
13.74 0.330217 -0.120064 0.351367
13.75 0.327209 -0.117458 0.347652
13.76 0.324129 -0.114776 0.34385
13.77 0.320977 -0.112019 0.339962
13.78 0.317754 -0.109188 0.335991
13.79 0.314461 -0.106285 0.331937
13.8 0.311099 -0.103311 0.327805
13.81 0.307669 -0.100267 0.323595
13.82 0.304172 -0.0971551 0.319311
13.83 0.300608 -0.0939757 0.314955
13.84 0.296979 -0.0907304 0.310529
13.85 0.293285 -0.0874206 0.306037
13.86 0.289527 -0.0840477 0.30148
13.87 0.285707 -0.0806131 0.296862
13.88 0.281825 -0.077118 0.292186
13.89 0.277882 -0.0735642 0.287454
13.9 0.273878 -0.0699527 0.282671
13.91 0.269815 -0.0662853 0.277838
13.92 0.265694 -0.0625634 0.27296
13.93 0.261514 -0.0587882 0.268041
13.94 0.257278 -0.0549616 0.263083
13.95 0.252985 -0.0510848 0.258091
13.96 0.248637 -0.0471597 0.25307
13.97 0.244235 -0.0431873 0.248024
13.98 0.239778 -0.0391697 0.242957
13.99 0.235269 -0.035108 0.237874
14 0.230707 -0.0310042 0.232781
14.01 0.226093 -0.0268595 0.227683
14.02 0.221429 -0.0226759 0.222587
14.03 0.216714 -0.0184545 0.217498
14.04 0.21195 -0.0141977 0.212425
14.05 0.207136 -0.00990641 0.207373
14.06 0.202275 -0.0055829 0.202352
14.07 0.197366 -0.0012281 0.19737
14.08 0.192411 0.00315546 0.192436
14.09 0.187409 0.00756678 0.187562
14.1 0.182361 0.0120037 0.182756
14.11 0.177269 0.0164649 0.178032
14.12 0.172133 0.0209483 0.173403
14.13 0.166953 0.0254523 0.168882
14.14 0.161729 0.0299752 0.164484
14.15 0.156464 0.0345152 0.160225
14.16 0.151156 0.0390706 0.156124
14.17 0.145807 0.0436395 0.152198
14.18 0.140418 0.0482202 0.148467
14.19 0.134989 0.0528109 0.144952
14.2 0.12952 0.0574098 0.141673
14.21 0.124012 0.0620151 0.138654
14.22 0.118466 0.0666248 0.135915
14.23 0.112882 0.0712373 0.133481
14.24 0.10726 0.0758507 0.13137
14.25 0.101603 0.0804629 0.129605
14.26 0.0959084 0.0850725 0.128202
14.27 0.0901787 0.0896769 0.127178
14.28 0.0844139 0.094275 0.126544
14.29 0.0786147 0.0988644 0.126311
14.3 0.0727814 0.103443 0.126482
14.31 0.0666818 0.107679 0.126654
14.32 0.060336 0.111555 0.126827
14.33 0.0537652 0.115059 0.127001
14.34 0.0469913 0.118176 0.127176
14.35 0.0400367 0.120895 0.127352
14.36 0.032925 0.123205 0.127529
14.37 0.02568 0.125098 0.127707
14.38 0.0183263 0.126566 0.127886
14.39 0.0108884 0.127603 0.128067
14.4 0.00339213 0.128203 0.128248
14.41 -0.00413763 0.128364 0.12843
14.42 -0.0116744 0.128083 0.128614
14.43 -0.0191932 0.127361 0.128799
14.44 -0.0266674 0.126198 0.128985
14.45 -0.034072 0.124597 0.129172
14.46 -0.0413808 0.122562 0.12936
14.47 -0.0485689 0.1201 0.129549
14.48 -0.0556108 0.117216 0.129739
14.49 -0.0624825 0.113921 0.129931
14.5 -0.0691594 0.110223 0.130123
14.51 -0.0756183 0.106134 0.130317
14.52 -0.0818362 0.101667 0.130512
14.53 -0.0877913 0.0968369 0.130708
14.54 -0.0934619 0.0916578 0.130906
14.55 -0.0988281 0.0861473 0.131104
14.56 -0.10387 0.0803226 0.131304
14.57 -0.10857 0.0742034 0.131505
14.58 -0.11291 0.0678088 0.131707
14.59 -0.116875 0.0611609 0.131911
14.6 -0.120449 0.0542807 0.132115
14.61 -0.123619 0.047192 0.132321
14.62 -0.126374 0.0399177 0.132528
14.63 -0.128701 0.0324826 0.132736
14.64 -0.130591 0.0249113 0.132946
14.65 -0.132037 0.0172299 0.133157
14.66 -0.133033 0.00946399 0.133369
14.67 -0.133572 0.0016402 0.133582
14.68 -0.133652 -0.00621503 0.133797
14.69 -0.133271 -0.0140745 0.134012
14.7 -0.132429 -0.0219116 0.134229
14.71 -0.131126 -0.0296988 0.134447
14.72 -0.129367 -0.0374096 0.134667
14.73 -0.127154 -0.045017 0.134888
14.74 -0.124495 -0.0524945 0.13511
14.75 -0.121397 -0.059816 0.135333
14.76 -0.117868 -0.0669554 0.135558
14.77 -0.11392 -0.073888 0.135784
14.78 -0.109565 -0.0805887 0.136011
14.79 -0.104815 -0.0870339 0.136239
14.8 -0.0996868 -0.0932002 0.136469
14.81 -0.0941956 -0.0990656 0.1367
14.82 -0.0883594 -0.104608 0.136932
14.83 -0.0821968 -0.109809 0.137165
14.84 -0.0757281 -0.114647 0.1374
14.85 -0.0689743 -0.119106 0.137636
14.86 -0.0619576 -0.123167 0.137873
14.87 -0.0547012 -0.126817 0.138111
14.88 -0.0472294 -0.13004 0.138351
14.89 -0.0395671 -0.132824 0.138592
14.9 -0.03174 -0.135157 0.138834
14.91 -0.0237746 -0.13703 0.139077
14.92 -0.0156977 -0.138435 0.139322
14.93 -0.00753726 -0.139364 0.139568
14.94 0.000679429 -0.139813 0.139815
14.95 0.00892363 -0.139778 0.140063
14.96 0.0171673 -0.139258 0.140312
14.97 0.0253817 -0.138252 0.140563
14.98 0.0335384 -0.136762 0.140815
14.99 0.0416085 -0.134792 0.141068
15 0.0495643 -0.132345 0.141322
15.01 0.0573773 -0.129429 0.141577
15.02 0.0650202 -0.126052 0.141834
15.03 0.0724653 -0.122224 0.142091
15.04 0.0796866 -0.117956 0.14235
15.05 0.0866574 -0.113262 0.14261
15.06 0.0933533 -0.108155 0.142872
15.07 0.0997491 -0.102652 0.143134
15.08 0.105822 -0.0967702 0.143397
15.09 0.111549 -0.0905287 0.143662
15.1 0.116909 -0.0839482 0.143927
15.11 0.121883 -0.0770493 0.144194
15.12 0.12645 -0.0698554 0.144462
15.13 0.130593 -0.0623898 0.144731
15.14 0.134297 -0.0546778 0.145001
15.15 0.137546 -0.0467448 0.145272
15.16 0.140328 -0.0386181 0.145545
15.17 0.14263 -0.0303244 0.145818
15.18 0.144443 -0.0218929 0.146092
15.19 0.145758 -0.0133515 0.146368
15.2 0.146568 -0.00473035 0.146644
15.21 0.146869 0.00394157 0.146922
15.22 0.146657 0.0126334 0.1472
15.23 0.145932 0.0213155 0.14748
15.24 0.144692 0.0299571 0.147761
15.25 0.142941 0.0385281 0.148043
15.26 0.140682 0.046998 0.148325
15.27 0.137922 0.0553368 0.148609
15.28 0.134667 0.0635148 0.148894
15.29 0.130927 0.0715027 0.149179
15.3 0.126713 0.0792716 0.149466
15.31 0.122037 0.0867935 0.149754
15.32 0.116915 0.0940408 0.150042
15.33 0.111361 0.100987 0.150332
15.34 0.105395 0.107607 0.150623
15.35 0.0990338 0.113875 0.150914
15.36 0.0922992 0.119768 0.151207
15.37 0.0852133 0.125264 0.1515
15.38 0.077799 0.130342 0.151795
15.39 0.0700814 0.134981 0.15209
15.4 0.0620858 0.139165 0.152386
15.41 0.0538395 0.142876 0.152683
15.42 0.0453702 0.146099 0.152982
15.43 0.0367067 0.14882 0.15328
15.44 0.0278789 0.151029 0.15358
15.45 0.0189168 0.152714 0.153881
15.46 0.00985168 0.153868 0.154183
15.47 0.000714856 0.154484 0.154485
15.48 -0.0084617 0.154557 0.154789
15.49 -0.0176459 0.154086 0.155093
15.5 -0.0268053 0.153069 0.155398
15.51 -0.0359076 0.151507 0.155704
15.52 -0.0449202 0.149404 0.156011
15.53 -0.0538112 0.146764 0.156318
15.54 -0.0625482 0.143596 0.156627
15.55 -0.0711003 0.139906 0.156936
15.56 -0.0794357 0.135707 0.157246
15.57 -0.0875247 0.13101 0.157557
15.58 -0.0953369 0.125831 0.157869
15.59 -0.102844 0.120185 0.158181
15.6 -0.110018 0.11409 0.158495
15.61 -0.116832 0.107567 0.158809
15.62 -0.123259 0.100635 0.159124
15.63 -0.129277 0.0933183 0.159439
15.64 -0.134861 0.0856405 0.159756
15.65 -0.13999 0.0776276 0.160073
15.66 -0.144644 0.0693061 0.16039
15.67 -0.148803 0.0607047 0.160709
15.68 -0.152452 0.0518521 0.161029
15.69 -0.155574 0.0427792 0.161349
15.7 -0.158157 0.0335166 0.16167
15.71 -0.160189 0.024097 0.161991
15.72 -0.16166 0.0145526 0.162313
15.73 -0.162562 0.00491742 0.162637
15.74 -0.16289 -0.00477547 0.16296
15.75 -0.16264 -0.0144911 0.163285
15.76 -0.161811 -0.0241956 0.16361
15.77 -0.160402 -0.0338538 0.163936
15.78 -0.158417 -0.0434317 0.164263
15.79 -0.155859 -0.0528944 0.16459
15.8 -0.152736 -0.062208 0.164918
15.81 -0.149055 -0.0713384 0.165247
15.82 -0.144828 -0.0802524 0.165576
15.83 -0.140067 -0.0889171 0.165906
15.84 -0.134787 -0.0973007 0.166237
15.85 -0.129004 -0.105372 0.166569
15.86 -0.122737 -0.1131 0.166901
15.87 -0.116005 -0.120457 0.167234
15.88 -0.108832 -0.127414 0.167567
15.89 -0.10124 -0.133945 0.167902
15.9 -0.0932555 -0.140025 0.168236
15.91 -0.0849041 -0.145629 0.168572
15.92 -0.0762149 -0.150735 0.168908
15.93 -0.067217 -0.155324 0.169245
15.94 -0.0579415 -0.159377 0.169582
15.95 -0.0484201 -0.162875 0.16992
15.96 -0.0386861 -0.165805 0.170259
15.97 -0.0287733 -0.168154 0.170598
15.98 -0.0187165 -0.16991 0.170938
15.99 -0.00855083 -0.171065 0.171279
16 0.0016875 -0.171611 0.17162
16.01 0.011962 -0.171545 0.171962
16.02 0.0222363 -0.170863 0.172304
16.03 0.0324731 -0.169565 0.172647
16.04 0.0426359 -0.167654 0.17299
16.05 0.0526875 -0.165133 0.173334
16.06 0.0625917 -0.162008 0.173679
16.07 0.0723116 -0.158289 0.174024
16.08 0.0818123 -0.153986 0.17437
16.09 0.0910579 -0.149111 0.174716
16.1 0.100015 -0.143681 0.175063
16.11 0.108648 -0.137711 0.17541
16.12 0.116927 -0.131221 0.175758
16.13 0.124819 -0.124233 0.176107
16.14 0.132294 -0.116768 0.176456
16.15 0.139324 -0.108853 0.176805
16.16 0.145881 -0.100512 0.177155
16.17 0.151939 -0.0917755 0.177505
16.18 0.157475 -0.0826724 0.177857
16.19 0.162465 -0.0732334 0.178208
16.2 0.166891 -0.0634918 0.17856
16.21 0.170732 -0.0534809 0.178912
16.22 0.173973 -0.0432363 0.179265
16.23 0.1766 -0.0327933 0.179619
16.24 0.178599 -0.0221894 0.179972
16.25 0.179962 -0.0114617 0.180327
16.26 0.18068 -0.000648841 0.180681
16.27 0.180748 0.0102107 0.181036
16.28 0.180163 0.0210776 0.181392
16.29 0.178924 0.0319127 0.181748
16.3 0.177033 0.0426766 0.182104
16.31 0.174493 0.0533299 0.182461
16.32 0.171311 0.0638335 0.182817
16.33 0.167496 0.0741489 0.183175
16.34 0.163059 0.0842374 0.183533
16.35 0.158013 0.0940619 0.183891
16.36 0.152374 0.103585 0.184249
16.37 0.14616 0.112772 0.184608
16.38 0.13939 0.121586 0.184967
16.39 0.132088 0.129996 0.185327
16.4 0.124276 0.137967 0.185686
16.41 0.115982 0.14547 0.186046
16.42 0.107233 0.152475 0.186407
16.43 0.098059 0.158954 0.186767
16.44 0.088492 0.164882 0.187128
16.45 0.0785652 0.170234 0.187489
16.46 0.0683126 0.174989 0.187851
16.47 0.0577705 0.179127 0.188212
16.48 0.046976 0.182629 0.188574
16.49 0.0359674 0.185481 0.188936
16.5 0.0247838 0.187669 0.189298
16.51 0.0134654 0.189182 0.18966
16.52 0.00205296 0.190012 0.190023
16.53 -0.0094126 0.190153 0.190386
16.54 -0.0208891 0.189602 0.190749
16.55 -0.0323353 0.188356 0.191112
16.56 -0.0437085 0.18642 0.191475
16.57 -0.0549676 0.183795 0.191838
16.58 -0.0660702 0.180489 0.192202
16.59 -0.0769757 0.176511 0.192565
16.6 -0.0876427 0.171873 0.192929
16.61 -0.0980317 0.166588 0.193292
16.62 -0.108103 0.160675 0.193656
16.63 -0.117819 0.15415 0.19402
16.64 -0.127142 0.147037 0.194383
16.65 -0.136036 0.139358 0.194747
16.66 -0.144467 0.13114 0.195111
16.67 -0.152402 0.122409 0.195475
16.68 -0.15981 0.113197 0.195838
16.69 -0.166662 0.103534 0.196202
16.7 -0.172929 0.0934546 0.196566
16.71 -0.178587 0.0829941 0.19693
16.72 -0.183612 0.0721889 0.197293
16.73 -0.187983 0.0610778 0.197657
16.74 -0.191682 0.0496998 0.19802
16.75 -0.194692 0.0380963 0.198384
16.76 -0.196998 0.0263084 0.198747
16.77 -0.19859 0.0143793 0.19911
16.78 -0.199459 0.00235185 0.199473
16.79 -0.199599 -0.0097296 0.199836
16.8 -0.199006 -0.0218212 0.200199
16.81 -0.197679 -0.033878 0.200561
16.82 -0.195621 -0.0458558 0.200924
16.83 -0.192835 -0.0577098 0.201286
16.84 -0.18933 -0.0693962 0.201648
16.85 -0.185115 -0.0808707 0.202009
16.86 -0.180204 -0.0920904 0.202371
16.87 -0.17461 -0.103013 0.202732
16.88 -0.168353 -0.113596 0.203094
16.89 -0.161453 -0.123801 0.203454
16.9 -0.153932 -0.133587 0.203815
16.91 -0.145817 -0.142916 0.204175
16.92 -0.137134 -0.151753 0.204536
16.93 -0.127913 -0.160063 0.204895
16.94 -0.118188 -0.167813 0.205255
16.95 -0.107991 -0.174972 0.205614
16.96 -0.0973579 -0.181512 0.205973
16.97 -0.0863273 -0.187405 0.206332
16.98 -0.0749381 -0.192627 0.206691
16.99 -0.0632311 -0.197158 0.207049
17 -0.0512486 -0.200976 0.207407
17.01 -0.0390336 -0.204065 0.207765
17.02 -0.0266306 -0.206411 0.208122
17.03 -0.0140851 -0.208003 0.208479
17.04 -0.00144254 -0.208831 0.208836
17.05 0.0112499 -0.20889 0.209193
17.06 0.023946 -0.208176 0.209549
17.07 0.0365981 -0.20669 0.209905
17.08 0.0491596 -0.204433 0.21026
17.09 0.0615829 -0.201411 0.210616
17.1 0.0738221 -0.197633 0.210971
17.11 0.0858303 -0.19311 0.211325
17.12 0.0975628 -0.187856 0.21168
17.13 0.108974 -0.181887 0.212034
17.14 0.120022 -0.175223 0.212387
17.15 0.130662 -0.167887 0.212741
17.16 0.140855 -0.159902 0.213094
17.17 0.15056 -0.151297 0.213446
17.18 0.159741 -0.142102 0.213799
17.19 0.168359 -0.132347 0.214151
17.2 0.176382 -0.122068 0.214503
17.21 0.183778 -0.1113 0.214854
17.22 0.190517 -0.100083 0.215205
17.23 0.19657 -0.0884551 0.215555
17.24 0.201914 -0.0764599 0.215906
17.25 0.206525 -0.0641397 0.216256
17.26 0.210384 -0.0515399 0.216605
17.27 0.213474 -0.0387059 0.216955
17.28 0.21578 -0.0256852 0.217303
17.29 0.217291 -0.0125252 0.217652
17.3 0.217999 0.000724981 0.218
17.31 0.217898 0.0140168 0.218348
17.32 0.216985 0.0273003 0.218695
17.33 0.215261 0.0405264 0.219043
17.34 0.212729 0.0536448 0.219389
17.35 0.209397 0.0666068 0.219735
17.36 0.205274 0.0793631 0.220081
17.37 0.200372 0.0918652 0.220427
17.38 0.194706 0.104066 0.220772
17.39 0.188296 0.115918 0.221117
17.4 0.181163 0.127376 0.221461
17.41 0.173331 0.138396 0.221805
17.42 0.164827 0.148936 0.222148
17.43 0.15568 0.158953 0.222491
17.44 0.145922 0.168409 0.222834
17.45 0.135588 0.177266 0.223176
17.46 0.124714 0.18549 0.223517
17.47 0.11334 0.193046 0.223859
17.48 0.101505 0.199905 0.2242
17.49 0.089254 0.206038 0.22454
17.5 0.0766301 0.211421 0.22488
17.51 0.0636796 0.216029 0.225219
17.52 0.0504503 0.219843 0.225558
17.53 0.0369903 0.222847 0.225896
17.54 0.0233501 0.225026 0.226234
17.55 0.0095795 0.226369 0.226571
17.56 -0.00426953 0.226868 0.226908
17.57 -0.0181458 0.226519 0.227244
17.58 -0.0319968 0.225319 0.22758
17.59 -0.0457708 0.223272 0.227915
17.6 -0.0594153 0.220381 0.22825
17.61 -0.0728791 0.216655 0.228584
17.62 -0.0861104 0.212104 0.228917
17.63 -0.0990592 0.206743 0.22925
17.64 -0.111675 0.200591 0.229582
17.65 -0.12391 0.193666 0.229914
17.66 -0.135717 0.185993 0.230245
17.67 -0.14705 0.177599 0.230575
17.68 -0.157863 0.168512 0.230905
17.69 -0.168116 0.158764 0.231234
17.7 -0.177767 0.14839 0.231562
17.71 -0.186779 0.137428 0.23189
17.72 -0.195115 0.125916 0.232217
17.73 -0.202741 0.113896 0.232543
17.74 -0.209626 0.101413 0.232868
17.75 -0.215742 0.0885108 0.233193
17.76 -0.221064 0.0752376 0.233517
17.77 -0.225569 0.0616428 0.23384
17.78 -0.229237 0.0477759 0.234163
17.79 -0.232051 0.0336893 0.234484
17.8 -0.233999 0.0194349 0.234805
17.81 -0.235071 0.00506656 0.235125
17.82 -0.235258 -0.00936214 0.235445
17.83 -0.234559 -0.0237964 0.235763
17.84 -0.232972 -0.0381818 0.23608
17.85 -0.230502 -0.0524637 0.236397
17.86 -0.227154 -0.0665876 0.236713
17.87 -0.222939 -0.0804998 0.237028
17.88 -0.217871 -0.0941464 0.237342
17.89 -0.211965 -0.107475 0.237655
17.9 -0.205241 -0.120435 0.237968
17.91 -0.197723 -0.132975 0.238279
17.92 -0.189437 -0.145047 0.238589
17.93 -0.180411 -0.156603 0.238899
17.94 -0.170679 -0.167598 0.239208
17.95 -0.160274 -0.177988 0.239515
17.96 -0.149234 -0.187733 0.239822
17.97 -0.1376 -0.196793 0.240128
17.98 -0.125413 -0.205132 0.240432
17.99 -0.112719 -0.212717 0.240736
18 -0.0995644 -0.219515 0.241039
18.01 -0.0859975 -0.225499 0.241341
18.02 -0.0720687 -0.230644 0.241642
18.03 -0.0578305 -0.234929 0.241942
18.04 -0.0433354 -0.238333 0.24224
18.05 -0.0286388 -0.240842 0.242538
18.06 -0.0137951 -0.242443 0.242835
18.07 0.0011388 -0.243128 0.243131
18.08 0.0161068 -0.242892 0.243425
18.09 0.0310515 -0.241733 0.243719
18.1 0.0459165 -0.239653 0.244012
18.11 0.0606442 -0.236657 0.244303
18.12 0.0751787 -0.232754 0.244594
18.13 0.0894635 -0.227956 0.244883
18.14 0.103444 -0.22228 0.245172
18.15 0.117065 -0.215744 0.245459
18.16 0.130275 -0.208372 0.245745
18.17 0.143022 -0.200189 0.24603
18.18 0.155255 -0.191224 0.246314
18.19 0.166927 -0.181509 0.246597
18.2 0.177991 -0.171079 0.246879
18.21 0.188405 -0.159973 0.247159
18.22 0.198125 -0.148231 0.247439
18.23 0.207114 -0.135896 0.247717
18.24 0.215335 -0.123013 0.247995
18.25 0.222754 -0.109632 0.248271
18.26 0.229341 -0.0958008 0.248546
18.27 0.235069 -0.0815719 0.24882
18.28 0.239913 -0.0669989 0.249092
18.29 0.243853 -0.0521365 0.249364
18.3 0.246871 -0.0370409 0.249634
18.31 0.248954 -0.0217693 0.249904
18.32 0.250091 -0.00637972 0.250172
18.33 0.250275 0.00906897 0.250439
18.34 0.249503 0.0245181 0.250705
18.35 0.247776 0.0399079 0.25097
18.36 0.245098 0.0551798 0.251233
18.37 0.241478 0.0702743 0.251495
18.38 0.236925 0.0851337 0.251756
18.39 0.231457 0.0996998 0.252016
18.4 0.22509 0.113917 0.252275
18.41 0.217849 0.127728 0.252533
18.42 0.209758 0.141081 0.252789
18.43 0.200847 0.153921 0.253044
18.44 0.191147 0.166201 0.253298
18.45 0.180694 0.177869 0.25355
18.46 0.169527 0.188881 0.253802
18.47 0.157687 0.199192 0.254052
18.48 0.145218 0.208761 0.254301
18.49 0.132165 0.217549 0.254549
18.5 0.118579 0.225521 0.254796
18.51 0.10451 0.232645 0.255041
18.52 0.090011 0.23889 0.255285
18.53 0.0751369 0.244231 0.255528
18.54 0.0599445 0.248646 0.255769
18.55 0.044491 0.252114 0.25601
18.56 0.0288359 0.254621 0.256249
18.57 0.0130386 0.256155 0.256486
18.58 -0.00283981 0.256707 0.256723
18.59 -0.0187389 0.256274 0.256958
18.6 -0.0345967 0.254854 0.257192
18.61 -0.0503526 0.252452 0.257425
18.62 -0.0659451 0.249074 0.257656
18.63 -0.0813139 0.244731 0.257886
18.64 -0.0963991 0.239437 0.258114
18.65 -0.111142 0.233212 0.258342
18.66 -0.125484 0.226077 0.258568
18.67 -0.13937 0.218058 0.258792
18.68 -0.152746 0.209183 0.259015
18.69 -0.165557 0.199487 0.259237
18.7 -0.177753 0.189003 0.259457
18.71 -0.189286 0.177771 0.259676
18.72 -0.200111 0.165833 0.259894
18.73 -0.210182 0.153234 0.26011
18.74 -0.219461 0.14002 0.260325
18.75 -0.227909 0.126243 0.260538
18.76 -0.235492 0.111954 0.26075
18.77 -0.242179 0.097208 0.26096
18.78 -0.247942 0.0820604 0.261169
18.79 -0.252756 0.0665693 0.261376
18.8 -0.256603 0.0507946 0.261582
18.81 -0.259463 0.0347963 0.261786
18.82 -0.261325 0.0186367 0.261989
18.83 -0.262179 0.00237741 0.26219
18.84 -0.26202 -0.0139177 0.262389
18.85 -0.260846 -0.0301863 0.262587
18.86 -0.258661 -0.0463643 0.262783
18.87 -0.25547 -0.0623894 0.262978
18.88 -0.251285 -0.0781984 0.263171
18.89 -0.246119 -0.0937299 0.263363
18.9 -0.239991 -0.108923 0.263552
18.91 -0.232923 -0.123717 0.26374
18.92 -0.22494 -0.138055 0.263927
18.93 -0.216073 -0.151879 0.264111
18.94 -0.206354 -0.165135 0.264294
18.95 -0.195819 -0.17777 0.264475
18.96 -0.184507 -0.189734 0.264655
18.97 -0.172463 -0.200979 0.264832
18.98 -0.159731 -0.21146 0.265008
18.99 -0.14636 -0.221135 0.265182
19 -0.1324 -0.229964 0.265354
19.01 -0.117906 -0.237911 0.265525
19.02 -0.102932 -0.244945 0.265693
19.03 -0.0875373 -0.251035 0.26586
19.04 -0.0717805 -0.256158 0.266025
19.05 -0.0557229 -0.26029 0.266188
19.06 -0.0394264 -0.263414 0.266349
19.07 -0.0229546 -0.265517 0.266507
19.08 -0.00637143 -0.266589 0.266665
19.09 0.0102581 -0.266622 0.26682
19.1 0.0268694 -0.265617 0.266973
19.11 0.0433971 -0.263575 0.267124
19.12 0.0597763 -0.260503 0.267273
19.13 0.075943 -0.25641 0.26742
19.14 0.091833 -0.251312 0.267565
19.15 0.107384 -0.245227 0.267708
19.16 0.122534 -0.238177 0.267849
19.17 0.137224 -0.230189 0.267988
19.18 0.151395 -0.221292 0.268124
19.19 0.164991 -0.21152 0.268259
19.2 0.177957 -0.20091 0.268391
19.21 0.190242 -0.189504 0.268521
19.22 0.201796 -0.177343 0.268649
19.23 0.212574 -0.164476 0.268775
19.24 0.222531 -0.150951 0.268898
19.25 0.231628 -0.136822 0.26902
19.26 0.239827 -0.122142 0.269139
19.27 0.247096 -0.106969 0.269256
19.28 0.253404 -0.0913614 0.26937
19.29 0.258725 -0.0753812 0.269483
19.3 0.263037 -0.0590897 0.269593
19.31 0.266322 -0.0425516 0.2697
19.32 0.268566 -0.025831 0.269806
19.33 0.269759 -0.00899422 0.269909
19.34 0.269894 0.00789323 0.270009
19.35 0.26897 0.0247641 0.270107
19.36 0.266989 0.0415524 0.270203
19.37 0.263958 0.0581914 0.270297
19.38 0.259889 0.0746157 0.270388
19.39 0.254794 0.0907598 0.270476
19.4 0.248695 0.10656 0.270563
19.41 0.241613 0.121953 0.270646
19.42 0.233576 0.136878 0.270727
19.43 0.224614 0.151276 0.270806
19.44 0.214762 0.165089 0.270882
19.45 0.204058 0.178261 0.270955
19.46 0.192545 0.190741 0.271027
19.47 0.180265 0.202478 0.271095
19.48 0.167267 0.213424 0.271161
19.49 0.153603 0.223537 0.271224
19.5 0.139326 0.232774 0.271285
19.51 0.124491 0.2411 0.271343
19.52 0.109157 0.248479 0.271399
19.53 0.0933839 0.254883 0.271452
19.54 0.0772346 0.260284 0.271502
19.55 0.0607727 0.264661 0.271549
19.56 0.044063 0.267996 0.271594
19.57 0.0271718 0.270274 0.271636
19.58 0.0101658 0.271485 0.271675
19.59 -0.00688717 0.271625 0.271712
19.6 -0.02392 0.270691 0.271746
19.61 -0.0408642 0.268688 0.271777
19.62 -0.0576535 0.265621 0.271806
19.63 -0.0742197 0.261503 0.271831
19.64 -0.0904982 0.256349 0.271854
19.65 -0.106423 0.25018 0.271874
19.66 -0.121931 0.243018 0.271892
19.67 -0.13696 0.234893 0.271906
19.68 -0.151451 0.225836 0.271918
19.69 -0.165345 0.215882 0.271926
19.7 -0.178586 0.205071 0.271932
19.71 -0.191122 0.193446 0.271935
19.72 -0.202902 0.181052 0.271935
19.73 -0.213878 0.167938 0.271932
19.74 -0.224008 0.154157 0.271926
19.75 -0.23325 0.139762 0.271917
19.76 -0.241567 0.124813 0.271906
19.77 -0.248925 0.109367 0.271891
19.78 -0.255294 0.0934867 0.271873
19.79 -0.26065 0.0772347 0.271852
19.8 -0.26497 0.0606765 0.271828
19.81 -0.268236 0.0438777 0.271801
19.82 -0.270436 0.0269056 0.271771
19.83 -0.27156 0.00982804 0.271738
19.84 -0.271604 -0.00728671 0.271701
19.85 -0.270567 -0.0243702 0.271662
19.86 -0.268452 -0.0413539 0.271619
19.87 -0.26527 -0.0581699 0.271573
19.88 -0.261031 -0.0747507 0.271523
19.89 -0.255754 -0.0910299 0.271471
19.9 -0.249458 -0.106942 0.271415
19.91 -0.24217 -0.122424 0.271356
19.92 -0.233918 -0.137412 0.271293
19.93 -0.224736 -0.151848 0.271227
19.94 -0.21466 -0.165673 0.271158
19.95 -0.203732 -0.178831 0.271085
19.96 -0.191994 -0.19127 0.271009
19.97 -0.179494 -0.202939 0.270929
19.98 -0.166283 -0.213793 0.270846
19.99 -0.152414 -0.223786 0.270759
20 -0.137943 -0.232881 0.270669
20.01 -0.122927 -0.241039 0.270575
20.02 -0.107428 -0.248228 0.270477
20.03 -0.0915083 -0.25442 0.270376
20.04 -0.0752323 -0.259589 0.270271
20.05 -0.0586651 -0.263716 0.270162
20.06 -0.0418743 -0.266784 0.27005
20.07 -0.024927 -0.268781 0.269934
20.08 -0.00789256 -0.269699 0.269814
20.09 0.00916116 -0.269535 0.269691
20.1 0.0261644 -0.26829 0.269563
20.11 0.0430494 -0.265971 0.269432
20.12 0.059747 -0.262585 0.269297
20.13 0.0761906 -0.258149 0.269158
20.14 0.0923134 -0.25268 0.269014
20.15 0.10805 -0.246201 0.268868
20.16 0.123338 -0.238739 0.268717
20.17 0.138115 -0.230325 0.268562
20.18 0.152322 -0.220993 0.268402
20.19 0.165901 -0.210783 0.268239
20.2 0.178797 -0.199735 0.268072
20.21 0.19096 -0.187896 0.267901
20.22 0.202341 -0.175314 0.267725
20.23 0.212893 -0.162041 0.267545
20.24 0.222575 -0.148131 0.267362
20.25 0.231347 -0.133642 0.267173
20.26 0.239177 -0.118632 0.266981
20.27 0.246031 -0.103164 0.266785
20.28 0.251884 -0.0873006 0.266584
20.29 0.256713 -0.0711064 0.266379
20.3 0.260499 -0.0546484 0.266169
20.31 0.263228 -0.037993 0.265955
20.32 0.26489 -0.0212093 0.265737
20.33 0.265479 -0.00436481 0.265515
20.34 0.264994 0.0124709 0.265288
20.35 0.26344 0.0292299 0.265056
20.36 0.260822 0.0458433 0.26482
20.37 0.257154 0.0622443 0.26458
20.38 0.252452 0.0783654 0.264335
20.39 0.246736 0.0941419 0.264086
20.4 0.240031 0.109509 0.263832
20.41 0.232367 0.124406 0.263574
20.42 0.223775 0.138771 0.263311
20.43 0.214292 0.152547 0.263044
20.44 0.203959 0.165679 0.262771
20.45 0.192819 0.178113 0.262495
20.46 0.180919 0.1898 0.262213
20.47 0.168309 0.200694 0.261927
20.48 0.155042 0.210751 0.261637
20.49 0.141173 0.219931 0.261341
20.5 0.12676 0.228199 0.261042
20.51 0.111864 0.235521 0.260737
20.52 0.0965459 0.241871 0.260428
20.53 0.0808702 0.247223 0.260114
20.54 0.0649012 0.251558 0.259795
20.55 0.0487056 0.254859 0.259471
20.56 0.03235 0.257116 0.259143
20.57 0.0159021 0.258321 0.25881
20.58 -0.000570438 0.258472 0.258473
20.59 -0.0169997 0.257569 0.25813
20.6 -0.0333182 0.25562 0.257783
20.61 -0.0494592 0.252634 0.25743
20.62 -0.0653563 0.248627 0.257073
20.63 -0.0809452 0.243616 0.256712
20.64 -0.0961617 0.237625 0.256345
20.65 -0.110945 0.230681 0.255974
20.66 -0.125234 0.222815 0.255597
20.67 -0.138972 0.214061 0.255216
20.68 -0.152102 0.204458 0.25483
20.69 -0.164574 0.194048 0.254439
20.7 -0.176336 0.182875 0.254043
20.71 -0.187343 0.170988 0.253642
20.72 -0.19755 0.158438 0.253236
20.73 -0.206918 0.145278 0.252826
20.74 -0.21541 0.131565 0.25241
20.75 -0.222993 0.117357 0.25199
20.76 -0.22964 0.102713 0.251564
20.77 -0.235324 0.087697 0.251133
20.78 -0.240025 0.0723704 0.250698
20.79 -0.243726 0.0567988 0.250257
20.8 -0.246416 0.0410465 0.249812
20.81 -0.248086 0.0251802 0.249361
20.82 -0.248733 0.00926551 0.248906
20.83 -0.248356 -0.00663109 0.248445
20.84 -0.246962 -0.0224438 0.247979
20.85 -0.244557 -0.0381071 0.247508
20.86 -0.241157 -0.0535567 0.247033
20.87 -0.236779 -0.0687286 0.246552
20.88 -0.231443 -0.0835611 0.246066
20.89 -0.225176 -0.0979936 0.245575
20.9 -0.218007 -0.111967 0.245079
20.91 -0.209968 -0.125425 0.244577
20.92 -0.201097 -0.138314 0.244071
20.93 -0.191433 -0.150581 0.243559
20.94 -0.181019 -0.162178 0.243043
20.95 -0.169902 -0.17306 0.242521
20.96 -0.158131 -0.183182 0.241994
20.97 -0.145757 -0.192507 0.241462
20.98 -0.132834 -0.200997 0.240924
20.99 -0.119419 -0.208621 0.240382
21 -0.105569 -0.21535 0.239834
21.01 -0.0913444 -0.22116 0.239282
21.02 -0.0768056 -0.226031 0.238723
21.03 -0.0620153 -0.229945 0.23816
21.04 -0.047036 -0.232889 0.237592
21.05 -0.0319318 -0.234857 0.237018
21.06 -0.0167659 -0.235844 0.236439
21.07 -0.00160291 -0.23585 0.235855
21.08 0.0134944 -0.234879 0.235266
21.09 0.028462 -0.232939 0.234671
21.1 0.0432387 -0.230043 0.234072
21.11 0.0577622 -0.226208 0.233467
21.12 0.0719734 -0.221454 0.232857
21.13 0.0858135 -0.215805 0.232241
21.14 0.0992264 -0.20929 0.231621
21.15 0.112157 -0.201939 0.230995
21.16 0.124554 -0.193788 0.230364
21.17 0.136368 -0.184874 0.229728
21.18 0.147551 -0.175241 0.229086
21.19 0.158059 -0.16493 0.22844
21.2 0.167852 -0.15399 0.227788
21.21 0.176892 -0.14247 0.227131
21.22 0.185144 -0.130421 0.226469
21.23 0.192578 -0.117898 0.225801
21.24 0.199167 -0.104955 0.225129
21.25 0.204887 -0.0916495 0.224451
21.26 0.209719 -0.0780402 0.223768
21.27 0.213647 -0.064186 0.22308
21.28 0.216659 -0.050147 0.222387
21.29 0.218749 -0.0359839 0.221689
21.3 0.219912 -0.0217571 0.220986
21.31 0.220149 -0.00752776 0.220277
21.32 0.219463 0.00664417 0.219564
21.33 0.217864 0.0206982 0.218845
21.34 0.215364 0.0345761 0.218122
21.35 0.211978 0.0482192 0.217393
21.36 0.207727 0.0615714 0.21666
21.37 0.202633 0.0745773 0.215921
21.38 0.196724 0.0871842 0.215178
21.39 0.19003 0.09934 0.214429
21.4 0.182584 0.110997 0.213676
21.41 0.174424 0.122107 0.212917
21.42 0.165588 0.132628 0.212154
21.43 0.156118 0.142518 0.211386
21.44 0.14606 0.151739 0.210614
21.45 0.135459 0.160256 0.209836
21.46 0.124366 0.168038 0.209054
21.47 0.11283 0.175055 0.208267
21.48 0.100905 0.181284 0.207475
21.49 0.088644 0.186704 0.206679
21.5 0.0761019 0.191296 0.205878
21.51 0.0633342 0.195047 0.205072
21.52 0.0503976 0.197947 0.204262
21.53 0.0373486 0.19999 0.203447
21.54 0.0242443 0.201173 0.202628
21.55 0.0111409 0.201497 0.201805
21.56 -0.00190478 0.200968 0.200977
21.57 -0.0148374 0.199594 0.200144
21.58 -0.0276023 0.197387 0.199308
21.59 -0.0401456 0.194364 0.198467
21.6 -0.0524153 0.190544 0.197621
21.61 -0.0643603 0.185949 0.196772
21.62 -0.0759323 0.180605 0.195918
21.63 -0.0870836 0.174542 0.195061
21.64 -0.0977705 0.167792 0.194199
21.65 -0.10795 0.160388 0.193333
21.66 -0.117582 0.15237 0.192463
21.67 -0.12663 0.143775 0.191589
21.68 -0.13506 0.134647 0.190712
21.69 -0.14284 0.125028 0.18983
21.7 -0.149943 0.114966 0.188945
21.71 -0.156343 0.104507 0.188055
21.72 -0.162019 0.093701 0.187163
21.73 -0.166952 0.0825962 0.186266
21.74 -0.171128 0.0712448 0.185366
21.75 -0.174535 0.0596972 0.184462
21.76 -0.177166 0.0480063 0.183555
21.77 -0.179016 0.0362232 0.182644
21.78 -0.180085 0.0244009 0.18173
21.79 -0.180374 0.0125905 0.180813
21.8 -0.17989 0.000843708 0.179892
21.81 -0.178643 -0.0107893 0.178968
21.82 -0.176644 -0.0222586 0.178041
21.83 -0.17391 -0.0335159 0.177111
21.84 -0.17046 -0.0445143 0.176177
21.85 -0.166317 -0.055208 0.17524
21.86 -0.161504 -0.0655536 0.174301
21.87 -0.15605 -0.0755092 0.173359
21.88 -0.149984 -0.0850352 0.172413
21.89 -0.143341 -0.0940942 0.171465
21.9 -0.136153 -0.102652 0.170514
21.91 -0.12846 -0.110674 0.16956
21.92 -0.120299 -0.118134 0.168604
21.93 -0.111711 -0.125002 0.167645
21.94 -0.102739 -0.131257 0.166684
21.95 -0.0934252 -0.136875 0.16572
21.96 -0.0838155 -0.141841 0.164754
21.97 -0.0739547 -0.146138 0.163785
21.98 -0.0638892 -0.149755 0.162814
21.99 -0.0536652 -0.152685 0.161841
22 -0.0433299 -0.15492 0.160866
22.01 -0.0329297 -0.156461 0.159888
22.02 -0.0225117 -0.157306 0.158909
22.03 -0.0121217 -0.157462 0.157927
22.04 -0.0018056 -0.156934 0.156944
22.05 0.00839233 -0.155733 0.155959
22.06 0.0184275 -0.153872 0.154972
22.07 0.0282585 -0.151368 0.153983
22.08 0.0378431 -0.148239 0.152993
22.09 0.0471426 -0.144506 0.152001
22.1 0.0561186 -0.140192 0.151007
22.11 0.0647355 -0.135326 0.150013
22.12 0.0729592 -0.129934 0.149016
22.13 0.0807581 -0.124047 0.148019
22.14 0.0881028 -0.117697 0.14702
22.15 0.0949661 -0.11092 0.14602
22.16 0.101324 -0.103749 0.145019
22.17 0.107154 -0.0962227 0.144016
22.18 0.112437 -0.0883784 0.143013
22.19 0.117156 -0.0802558 0.142009
22.2 0.121299 -0.0718945 0.141004
22.21 0.124853 -0.0633353 0.139999
22.22 0.127811 -0.0546188 0.138992
22.23 0.130167 -0.0457866 0.137985
22.24 0.13192 -0.0368795 0.136978
22.25 0.133069 -0.0279385 0.13597
22.26 0.133617 -0.0190046 0.134962
22.27 0.13357 -0.0101173 0.133953
22.28 0.132938 -0.00131649 0.132944
22.29 0.13173 0.0073601 0.131935
22.3 0.12996 0.0158743 0.130926
22.31 0.127645 0.0241909 0.129917
22.32 0.124802 0.0322745 0.128908
22.33 0.121453 0.0400925 0.127899
22.34 0.117619 0.047613 0.126891
22.35 0.113325 0.0548067 0.125882
22.36 0.108598 0.0616455 0.124874
22.37 0.103464 0.0681042 0.123867
22.38 0.0979544 0.0741586 0.12286
22.39 0.092099 0.0797881 0.121854
22.4 0.0859293 0.0849729 0.120848
22.41 0.0794792 0.0896967 0.119843
22.42 0.0727813 0.093945 0.118839
22.43 0.0658708 0.0977058 0.117836
22.44 0.058782 0.10097 0.116834
22.45 0.0515505 0.10373 0.115833
22.46 0.0442111 0.105982 0.114834
22.47 0.0367996 0.107723 0.113835
22.48 0.0293507 0.108954 0.112838
22.49 0.0218992 0.109677 0.111842
22.5 0.0144793 0.109898 0.110848
22.51 0.00712453 0.109624 0.109855
22.52 -0.000132458 0.108864 0.108864
22.53 -0.00726006 0.107631 0.107875
22.54 -0.0142276 0.105937 0.106888
22.55 -0.0210059 0.103798 0.105902
22.56 -0.0275668 0.101233 0.104919
22.57 -0.0338842 0.0982594 0.103938
22.58 -0.0399326 0.0948992 0.102959
22.59 -0.0456897 0.0911742 0.101982
22.6 -0.0511331 0.0871082 0.101007
22.61 -0.056244 0.0827263 0.100035
22.62 -0.0610042 0.0780541 0.0990654
22.63 -0.0653985 0.0731188 0.0980986
22.64 -0.0694127 0.0679478 0.0971341
22.65 -0.0730356 0.0625698 0.0961726
22.66 -0.0762572 0.0570132 0.0952138
22.67 -0.0790703 0.0513075 0.094258
22.68 -0.0814692 0.0454816 0.093305
22.69 -0.0834509 0.0395656 0.0923552
22.7 -0.0850138 0.033588 0.0914084
22.71 -0.0861588 0.0275786 0.090465
22.72 -0.0868885 0.0215654 0.0895247
22.73 -0.0872075 0.0155773 0.0885879
22.74 -0.0871227 0.00964107 0.0876545
22.75 -0.0866418 0.00378418 0.0867244
22.76 -0.0857756 -0.00196797 0.0857982
22.77 -0.0845352 -0.00759027 0.0848753
22.78 -0.0829345 -0.0130589 0.0839563
22.79 -0.0809878 -0.0183513 0.0830409
22.8 -0.0787119 -0.0234461 0.0821296
22.81 -0.0761236 -0.0283234 0.081222
22.82 -0.0732421 -0.0329646 0.0803185
22.83 -0.0700867 -0.0373528 0.079419
22.84 -0.0666783 -0.0414724 0.0785236
22.85 -0.0630381 -0.0453098 0.0776323
22.86 -0.0591886 -0.0488524 0.0767453
22.87 -0.0551521 -0.0520902 0.0758627
22.88 -0.0509521 -0.0550138 0.0749842
22.89 -0.0466118 -0.0576167 0.0741104
22.9 -0.0421551 -0.0598928 0.0732407
22.91 -0.0376058 -0.0618392 0.072376
22.92 -0.0329872 -0.063453 0.0715154
22.93 -0.0283236 -0.0647346 0.0706597
22.94 -0.0236375 -0.0656849 0.0698086
22.95 -0.0189525 -0.0663068 0.0689622
22.96 -0.0142905 -0.0666048 0.0681206
22.97 -0.00967377 -0.0665849 0.0672839
22.98 -0.00512294 -0.0662543 0.066452
22.99 -0.000658866 -0.0656218 0.0656251
23 0.00369942 -0.0646976 0.0648032
23.01 0.00793298 -0.0634925 0.0639862
23.02 0.0120248 -0.0620195 0.0631745
23.03 0.0159579 -0.0602915 0.0623676
23.04 0.0197175 -0.0583234 0.0615662
23.05 0.0232893 -0.0561299 0.0607697
23.06 0.0266606 -0.0537276 0.0599787
23.07 0.0298198 -0.0511327 0.0591927
23.08 0.0327567 -0.0483632 0.0584123
23.09 0.0354628 -0.0454359 0.0576371
23.1 0.0379299 -0.0423698 0.0568672
23.11 0.0401528 -0.0391829 0.056103
23.12 0.0421259 -0.0358939 0.055344
23.13 0.0438465 -0.0325213 0.0545907
23.14 0.0453119 -0.029084 0.0538428
23.15 0.0465221 -0.0256002 0.0531006
23.16 0.0474771 -0.0220884 0.0523639
23.17 0.0481793 -0.0185666 0.051633
23.18 0.0486312 -0.0150522 0.0509074
23.19 0.0488378 -0.0115627 0.0501879
23.2 0.0488039 -0.00811416 0.0494738
23.21 0.0485364 -0.00472308 0.0487657
23.22 0.0480425 -0.00140425 0.0480631
23.23 0.0473312 0.00182729 0.0473664
23.24 0.0464114 0.00495849 0.0466755
23.25 0.0452935 0.00797567 0.0459904
23.26 0.0439887 0.0108678 0.0453113
23.27 0.0425081 0.0136232 0.0446378
23.28 0.0408646 0.0162323 0.0439705
23.29 0.0390704 0.0186859 0.0433089
23.3 0.0371391 0.0209763 0.0426534
23.31 0.0350838 0.0230962 0.0420036
23.32 0.0329188 0.0250401 0.04136
23.33 0.0306577 0.0268031 0.0407222
23.34 0.028315 0.0283816 0.0400906
23.35 0.0259045 0.0297728 0.0394647
23.36 0.0234408 0.0309753 0.0388451
23.37 0.0209374 0.0319884 0.0382313
23.38 0.0184087 0.0328125 0.0376236
23.39 0.0158678 0.0334491 0.037022
23.4 0.0133283 0.0339004 0.0364264
23.41 0.0108029 0.0341699 0.0358369
23.42 0.00830411 0.0342612 0.0352532
23.43 0.00584399 0.03418 0.034676
23.44 0.0034336 0.0339313 0.0341046
23.45 0.00108421 0.0335218 0.0335393
23.46 -0.00119442 0.0329585 0.0329801
23.47 -0.00339253 0.0322491 0.032427
23.48 -0.00550147 0.0314016 0.0318799
23.49 -0.00751302 0.030425 0.0313389
23.5 -0.00942012 0.0293282 0.0308039
23.51 -0.0112159 0.0281208 0.030275
23.52 -0.012895 0.0268125 0.0297522
23.53 -0.0144521 0.0254134 0.0292353
23.54 -0.0158834 0.0239336 0.0287246
23.55 -0.0171853 0.0223834 0.0282197
23.56 -0.0183554 0.0207734 0.0277211
23.57 -0.0193918 0.0191136 0.0272281
23.58 -0.0202937 0.0174148 0.0267415
23.59 -0.0210607 0.0156864 0.0262606
23.6 -0.0216932 0.0139394 0.0257857
23.61 -0.0221928 0.0121829 0.0253169
23.62 -0.0225609 0.0104267 0.0248538
23.63 -0.0228004 0.00867996 0.0243967
23.64 -0.0229142 0.0069517 0.0239455
23.65 -0.0229061 0.00525015 0.0235001
23.66 -0.0227803 0.0035837 0.0230605
23.67 -0.0225418 0.00195971 0.0226269
23.68 -0.0221954 0.000385486 0.0221988
23.69 -0.0217473 -0.00113252 0.0217768
23.7 -0.0212028 -0.00258809 0.0213602
23.71 -0.0205689 -0.00397569 0.0209496
23.72 -0.0198516 -0.00529052 0.0205445
23.73 -0.0190582 -0.00652787 0.0201452
23.74 -0.0181953 -0.00768428 0.0197514
23.75 -0.0172704 -0.008756 0.0193632
23.76 -0.0162905 -0.00974101 0.0189807
23.77 -0.0152629 -0.0106364 0.0186035
23.78 -0.0141952 -0.0114414 0.0182321
23.79 -0.0130942 -0.0121545 0.0178659
23.8 -0.0119674 -0.0127755 0.0175052
23.81 -0.0108218 -0.0133044 0.0171499
23.82 -0.0096644 -0.0137419 0.0168
23.83 -0.00850175 -0.0140888 0.0164553
23.84 -0.00734069 -0.0143471 0.016116
23.85 -0.00618708 -0.0145183 0.0157817
23.86 -0.00504746 -0.0146053 0.0154528
23.87 -0.003927 -0.0146104 0.015129
23.88 -0.00283162 -0.0145371 0.0148103
23.89 -0.00176592 -0.0143887 0.0144967
23.9 -0.000734973 -0.014169 0.014188
23.91 0.000257228 -0.0138821 0.0138845
23.92 0.00120639 -0.013532 0.0135856
23.93 0.00210924 -0.0131236 0.013292
23.94 0.00296251 -0.0126609 0.0130029
23.95 0.00376329 -0.0121493 0.0127188
23.96 0.00450956 -0.0115932 0.0124394
23.97 0.00519911 -0.0109977 0.0121647
23.98 0.00583045 -0.0103677 0.0118947
23.99 0.00640252 -0.00970823 0.0116294
24 0.00691455 -0.00902402 0.0113685
24.01 0.00736594 -0.00832023 0.0111123
24.02 0.00775704 -0.00760133 0.0108606
24.03 0.00808772 -0.00687233 0.0106132
24.04 0.0083591 -0.00613756 0.0103703
24.05 0.00857171 -0.00540149 0.0101316
24.06 0.00872725 -0.00466851 0.00989746
24.07 0.00882692 -0.00394241 0.00966732
24.08 0.00887286 -0.00322733 0.00944158
24.09 0.00886682 -0.00252657 0.00921977
24.1 0.00881136 -0.00184396 0.00900224
24.11 0.00870884 -0.00118215 0.0087887
24.12 0.00856178 -0.000544449 0.00857907
24.13 0.00837327 6.67156e-05 0.00837354
24.14 0.00814606 0.000648934 0.00817186
24.15 0.00788316 0.00120015 0.007974
24.16 0.00758785 0.0017184 0.00778
24.17 0.00726325 0.00220242 0.00758982
24.18 0.00691242 0.00265056 0.00740318
24.19 0.00653891 0.00306222 0.00722042
24.2 0.00614561 0.00343626 0.00704106
24.21 0.0057361 0.00377247 0.00686545
24.22 0.00531318 0.00407054 0.00669321
24.23 0.00488034 0.00433035 0.00652455
24.24 0.00444029 0.00455236 0.00635926
24.25 0.00399629 0.00473679 0.00619739
24.26 0.00355084 0.00488458 0.00603884
24.27 0.00310698 0.00499624 0.00588351
24.28 0.00266713 0.00507322 0.00573159
24.29 0.00223366 0.00511636 0.00558269
24.3 0.0018091 0.00512723 0.00543704
24.31 0.00139543 0.00510725 0.00529445
24.32 0.00099457 0.00505812 0.00515497
24.33 0.000608469 0.00498135 0.00501837
24.34 0.000238726 0.0048791 0.00488494
24.35 -0.000113411 0.00475284 0.00475419
24.36 -0.000446342 0.00460494 0.00462652
24.37 -0.000759326 0.00443704 0.00450154
24.38 -0.00105108 0.00425135 0.00437936
24.39 -0.00132127 0.00404993 0.00426002
24.4 -0.00156893 0.00383465 0.00414319
24.41 -0.001794 0.00360777 0.0040292
24.42 -0.00199598 0.00337107 0.00391765
24.43 -0.00217506 0.00312676 0.00380887
24.44 -0.00233108 0.00287643 0.00370241
24.45 -0.00246435 0.00262234 0.00359856
24.46 -0.00257534 0.00236592 0.00349714
24.47 -0.00266428 0.00210911 0.00339805
24.48 -0.00273191 0.00185346 0.00330131
24.49 -0.00277899 0.0016006 0.00320697
24.5 -0.00280618 0.00135179 0.0031148
24.51 -0.00281438 0.00110871 0.0030249
24.52 -0.00280475 0.000872211 0.00293724
24.53 -0.00277802 0.000643801 0.00285165
24.54 -0.00273558 0.000424225 0.00276828
24.55 -0.00267824 0.000214516 0.00268682
24.56 -0.00260754 1.55489e-05 0.00260758
24.57 -0.00252431 -0.000172194 0.00253017
24.58 -0.00243006 -0.000347891 0.00245484
24.59 -0.0023258 -0.00051127 0.00238133
24.6 -0.00221297 -0.000661794 0.00230981
24.61 -0.00209259 -0.000799425 0.00224009
24.62 -0.0019659 -0.000923723 0.0021721
24.63 -0.00183424 -0.00103488 0.00210604
24.64 -0.00169851 -0.00113278 0.0020416
24.65 -0.00155992 -0.00121755 0.00197884
24.66 -0.00141967 -0.00128936 0.00191779
24.67 -0.0012786 -0.00134864 0.0018584
24.68 -0.00113773 -0.00139542 0.00180045
24.69 -0.000998109 -0.00143049 0.00174428
24.7 -0.000860363 -0.00145396 0.00168944
24.71 -0.000725528 -0.00146657 0.00163622
24.72 -0.00059406 -0.00146884 0.00158442
24.73 -0.00046695 -0.00146122 0.00153401
24.74 -0.000344494 -0.00144457 0.00148507
24.75 -0.000227448 -0.00141932 0.00143742
24.76 -0.000116139 -0.00138629 0.00139115
24.77 -1.10958e-05 -0.00134608 0.00134613
24.78 8.74565e-05 -0.00129952 0.00130246
24.79 0.000179253 -0.00124712 0.00125993
24.8 0.000263925 -0.00118977 0.00121869
24.81 0.000341507 -0.00112806 0.00117863
24.82 0.000411882 -0.00106269 0.00113972
24.83 0.000474835 -0.000994313 0.00110187
24.84 0.000530595 -0.000923724 0.00106527
24.85 0.000579167 -0.000851245 0.00102959
24.86 0.000620558 -0.000777868 0.000995073
24.87 0.000655114 -0.000703849 0.000961549
24.88 0.000682832 -0.000629886 0.000928986
24.89 0.00070418 -0.000556502 0.000897532
24.9 0.000719126 -0.000484032 0.00086685
24.91 0.00072823 -0.000413099 0.00083724
24.92 0.000731623 -0.000343959 0.000808443
24.93 0.000729752 -0.000277057 0.000780575
24.94 0.000722863 -0.000212688 0.000753504
24.95 0.000711424 -0.000151226 0.000727319
24.96 0.000695814 -9.27564e-05 0.000701969
24.97 0.000676285 -3.768e-05 0.000677334
24.98 0.000653351 1.39408e-05 0.0006535
24.99 0.000627436 6.19501e-05 0.000630487
25 0.000598721 0.000106272 0.00060808
25.01 0.00056778 0.000146659 0.000586415
25.02 0.000534963 0.000183398 0.000565526
25.03 0.000500499 0.00021611 0.000545163
25.04 0.000464939 0.000245068 0.000525572
25.05 0.000428406 0.000270245 0.000506522
25.06 0.000391479 0.000291633 0.000488165
25.07 0.000354164 0.000309489 0.000470335
25.08 0.000317003 0.000323754 0.000453109
25.09 0.000280128 0.000334681 0.000436444
25.1 0.000243852 0.000342365 0.00042033
25.11 0.000208351 0.000346993 0.00040474
25.12 0.00017388 0.000348664 0.000389616
25.13 0.000140667 0.000347741 0.000375114
25.14 0.00010874 0.000344222 0.000360989
25.15 7.83384e-05 0.00033843 0.000347378
25.16 4.96473e-05 0.000330547 0.000334254
25.17 2.25759e-05 0.000320805 0.000321599
25.18 -2.65033e-06 0.000309244 0.000309255
25.19 -2.59358e-05 0.00029636 0.000297493
25.2 -4.74037e-05 0.000282055 0.000286011
25.21 -6.68189e-05 0.000266694 0.000274937
25.22 -8.43836e-05 0.000250491 0.000264322
25.23 -9.98615e-05 0.000233495 0.000253953
25.24 -0.000113529 0.000216072 0.000244082
25.25 -0.000125239 0.000198231 0.000234479
25.26 -0.000135086 0.00018023 0.000225236
25.27 -0.00014315 0.000162197 0.000216332
25.28 -0.000149482 0.000144278 0.000207753
25.29 -0.000154172 0.00012654 0.000199453
25.3 -0.000157232 0.00010927 0.000191473
25.31 -0.00015888 9.23999e-05 0.000183795
25.32 -0.000159157 7.61162e-05 0.000176422
25.33 -0.00015806 6.05196e-05 0.00016925
25.34 -0.000155888 4.56823e-05 0.000162444
25.35 -0.00015262 3.1536e-05 0.000155845
25.36 -0.000148321 1.83907e-05 0.000149457
25.37 -0.000143256 6.05352e-06 0.000143384
25.38 -0.000137355 -5.35073e-06 0.000137459
25.39 -0.000130909 -1.57144e-05 0.000131848
25.4 -0.000123818 -2.5201e-05 0.000126357
25.41 -0.000116378 -3.3634e-05 0.000121141
25.42 -0.000108591 -4.11482e-05 0.000116126
25.43 -0.000100511 -4.77147e-05 0.000111261
25.44 -9.23124e-05 -5.33275e-05 0.000106609
25.45 -8.40259e-05 -5.80465e-05 0.000102126
25.46 -7.57444e-05 -6.1944e-05 9.78482e-05
25.47 -6.74986e-05 -6.49054e-05 9.36417e-05
25.48 -5.94065e-05 -6.71367e-05 8.96464e-05
25.49 -5.15528e-05 -6.86094e-05 8.58193e-05
25.5 -4.3826e-05 -6.93462e-05 8.20342e-05
25.51 -3.64739e-05 -6.94063e-05 7.84065e-05
25.52 -2.94404e-05 -6.89711e-05 7.49916e-05
25.53 -2.26866e-05 -6.78571e-05 7.15491e-05
25.54 -1.64078e-05 -6.63014e-05 6.83015e-05
25.55 -1.04607e-05 -6.43425e-05 6.51873e-05
25.56 -5.02451e-06 -6.1892e-05 6.20956e-05
25.57 6.50615e-08 -5.91952e-05 5.91953e-05
25.58 4.65919e-06 -5.61596e-05 5.63525e-05
25.59 8.7928e-06 -5.29068e-05 5.36325e-05
25.6 1.25537e-05 -4.94884e-05 5.10558e-05
25.61 1.584e-05 -4.58931e-05 4.85498e-05
25.62 1.87067e-05 -4.21982e-05 4.61587e-05
25.63 2.11675e-05 -3.8498e-05 4.39335e-05
25.64 2.32403e-05 -3.46718e-05 4.17402e-05
25.65 2.49442e-05 -3.0919e-05 3.97265e-05
25.66 2.62161e-05 -2.72247e-05 3.7795e-05
25.67 2.72631e-05 -2.3569e-05 3.60385e-05
25.68 2.79302e-05 -2.00019e-05 3.43537e-05
25.69 2.82837e-05 -1.66608e-05 3.28261e-05
25.7 2.84592e-05 -1.33602e-05 3.14391e-05
25.71 2.83042e-05 -1.02408e-05 3.00999e-05
25.72 2.80069e-05 -7.35842e-06 2.89574e-05
25.73 2.74402e-05 -4.56365e-06 2.78171e-05
25.74 2.67851e-05 -2.03241e-06 2.68621e-05
25.75 2.59608e-05 3.13656e-07 2.59627e-05
25.76 2.49762e-05 2.45832e-06 2.50969e-05
25.77 2.39654e-05 4.35893e-06 2.43586e-05
25.78 2.28368e-05 6.06779e-06 2.36292e-05
25.79 2.16391e-05 7.58511e-06 2.293e-05
25.8 2.04082e-05 8.8052e-06 2.22267e-05
25.81 1.91438e-05 9.92858e-06 2.15653e-05
25.82 1.78939e-05 1.07851e-05 2.08928e-05
25.83 1.65651e-05 1.14157e-05 2.01177e-05
25.84 1.53417e-05 1.18958e-05 1.94133e-05
25.85 1.41163e-05 1.22031e-05 1.86597e-05
25.86 1.28602e-05 1.22558e-05 1.77648e-05
25.87 1.17415e-05 1.22191e-05 1.69461e-05
25.88 1.05873e-05 1.20446e-05 1.60363e-05
25.89 9.5319e-06 1.16362e-05 1.50419e-05
25.9 8.47343e-06 1.11936e-05 1.40391e-05
25.91 7.50986e-06 1.05653e-05 1.29624e-05
25.92 6.60547e-06 9.8261e-06 1.184e-05
25.93 5.68026e-06 8.99703e-06 1.06401e-05
25.94 4.88218e-06 8.05356e-06 9.41783e-06
25.95 4.09351e-06 7.0404e-06 8.14395e-06
25.96 3.32782e-06 6.00233e-06 6.86312e-06
25.97 2.62244e-06 4.82008e-06 5.48729e-06
25.98 1.92355e-06 3.69032e-06 4.16155e-06
25.99 1.30163e-06 2.49521e-06 2.8143e-06
26 6.06872e-07 1.22286e-06 1.36516e-06
