0 0.00942889 0.0227445 0.0246214
0.01 0.0188306 0.0454002 0.0491505
0.02 0.0281782 0.0678785 0.0734949
0.03 0.0374448 0.0900916 0.0975633
0.04 0.0466035 0.111953 0.121265
0.05 0.0556282 0.133377 0.144512
0.06 0.0644929 0.154279 0.167217
0.07 0.0731719 0.174579 0.189294
0.08 0.0816405 0.194197 0.21066
0.09 0.089874 0.213057 0.231237
0.1 0.097849 0.231084 0.250947
0.11 0.105542 0.248209 0.269716
0.12 0.112932 0.264364 0.287475
0.13 0.119996 0.279486 0.304157
0.14 0.126715 0.293517 0.319701
0.15 0.13307 0.306401 0.334049
0.16 0.139041 0.318088 0.347149
0.17 0.144611 0.328533 0.358952
0.18 0.149766 0.337695 0.369415
0.19 0.154489 0.345538 0.378501
0.2 0.158767 0.352031 0.386177
0.21 0.162587 0.35715 0.392416
0.22 0.165939 0.360873 0.397197
0.23 0.168813 0.363187 0.400503
0.24 0.1712 0.364083 0.402326
0.25 0.173093 0.363557 0.40266
0.26 0.174487 0.361611 0.401508
0.27 0.175378 0.358253 0.398877
0.28 0.175762 0.353496 0.394781
0.29 0.175639 0.347358 0.389239
0.3 0.175009 0.339863 0.382277
0.31 0.173874 0.331041 0.373926
0.32 0.172235 0.320926 0.364223
0.33 0.170099 0.309557 0.353213
0.34 0.167471 0.296979 0.340944
0.35 0.164358 0.28324 0.327472
0.36 0.160769 0.268394 0.31286
0.37 0.156713 0.252498 0.297178
0.38 0.152204 0.235616 0.280501
0.39 0.147252 0.217811 0.262916
0.4 0.141872 0.199154 0.24452
0.41 0.136079 0.179717 0.225424
0.42 0.129891 0.159576 0.205757
0.43 0.123323 0.138808 0.185678
0.44 0.116394 0.117495 0.165387
0.45 0.109125 0.0957193 0.145157
0.46 0.101536 0.0735652 0.125385
0.47 0.0936478 0.0511189 0.106691
0.48 0.0854834 0.0284675 0.0900989
0.49 0.0770659 0.0056986 0.0772763
0.5 0.068419 -0.0170993 0.0705234
0.51 0.0595673 -0.0398378 0.0716611
0.52 0.0505359 -0.062429 0.0803197
0.53 0.0413506 -0.0847853 0.0943314
0.54 0.0320372 -0.10682 0.111521
0.55 0.0226226 -0.128448 0.130425
0.56 0.0131332 -0.149586 0.150162
0.57 0.00359615 -0.170152 0.17019
0.58 -0.00596138 -0.190067 0.19016
0.59 -0.0155122 -0.209253 0.209827
0.6 -0.0250289 -0.227636 0.229008
0.61 -0.0344846 -0.245146 0.24756
0.62 -0.043852 -0.261716 0.265364
0.63 -0.0531046 -0.277281 0.28232
0.64 -0.0622157 -0.291781 0.29834
0.65 -0.0711593 -0.305161 0.313348
0.66 -0.0799097 -0.317369 0.327274
0.67 -0.0884418 -0.328358 0.340061
0.68 -0.096731 -0.338087 0.351653
0.69 -0.104754 -0.346518 0.362005
0.7 -0.112486 -0.353619 0.371078
0.71 -0.119906 -0.359362 0.378838
0.72 -0.126993 -0.363726 0.385258
0.73 -0.133725 -0.366695 0.390317
0.74 -0.140083 -0.368257 0.394001
0.75 -0.146049 -0.368407 0.3963
0.76 -0.151604 -0.367144 0.397213
0.77 -0.156733 -0.364473 0.396744
0.78 -0.161421 -0.360406 0.394904
0.79 -0.165652 -0.354958 0.391709
0.8 -0.169415 -0.34815 0.387182
0.81 -0.172698 -0.34001 0.381355
0.82 -0.175491 -0.330567 0.374262
0.83 -0.177786 -0.31986 0.365948
0.84 -0.179574 -0.307929 0.356465
0.85 -0.18085 -0.29482 0.345869
0.86 -0.18161 -0.280584 0.33423
0.87 -0.18185 -0.265276 0.321622
0.88 -0.181568 -0.248954 0.308131
0.89 -0.180765 -0.231681 0.293857
0.9 -0.179442 -0.213523 0.278911
0.91 -0.177601 -0.19455 0.263423
0.92 -0.175247 -0.174835 0.247545
0.93 -0.172385 -0.154452 0.231456
0.94 -0.169022 -0.13348 0.215373
0.95 -0.165168 -0.111999 0.19956
0.96 -0.16083 -0.0900908 0.184344
0.97 -0.156022 -0.0678385 0.170132
0.98 -0.150756 -0.0453269 0.157422
0.99 -0.145045 -0.0226417 0.146801
1 -0.138904 0.000131087 0.138904
1.01 -0.132351 0.022905 0.134318
1.02 -0.125402 0.0455938 0.133433
1.03 -0.118076 0.0681115 0.136313
1.04 -0.110394 0.0903732 0.142668
1.05 -0.102376 0.112295 0.151957
1.06 -0.0940441 0.133793 0.163539
1.07 -0.085421 0.154788 0.176794
1.08 -0.0765305 0.1752 0.191186
1.09 -0.0673972 0.194953 0.206274
1.1 -0.0580463 0.213973 0.221706
1.11 -0.0485038 0.232187 0.2372
1.12 -0.0387963 0.24953 0.252528
1.13 -0.0289508 0.265935 0.267506
1.14 -0.018995 0.281342 0.281982
1.15 -0.00895679 0.295694 0.295829
1.16 0.00113542 0.308937 0.308939
1.17 0.0112532 0.321023 0.32122
1.18 0.0213679 0.331907 0.332594
1.19 0.0314505 0.34155 0.342995
1.2 0.0414724 0.349917 0.352366
1.21 0.0514049 0.356977 0.360659
1.22 0.0612193 0.362705 0.367835
1.23 0.0708873 0.367081 0.373863
1.24 0.080381 0.37009 0.378719
1.25 0.0896726 0.371723 0.382386
1.26 0.0987351 0.371973 0.384854
1.27 0.107542 0.370842 0.386121
1.28 0.116067 0.368336 0.38619
1.29 0.124284 0.364465 0.385073
1.3 0.13217 0.359246 0.382788
1.31 0.139701 0.352698 0.379358
1.32 0.146854 0.344848 0.374815
1.33 0.153606 0.335727 0.369199
1.34 0.159938 0.32537 0.362555
1.35 0.165829 0.313817 0.354938
1.36 0.171262 0.301113 0.346409
1.37 0.176218 0.287305 0.337041
1.38 0.180682 0.272446 0.326914
1.39 0.184639 0.256593 0.31612
1.4 0.188076 0.239806 0.304761
1.41 0.190981 0.222148 0.292956
1.42 0.193343 0.203684 0.280836
1.43 0.195153 0.184486 0.268551
1.44 0.196405 0.164624 0.256273
1.45 0.197091 0.144172 0.244194
1.46 0.197209 0.123208 0.232533
1.47 0.196754 0.101808 0.221534
1.48 0.195727 0.0800521 0.211465
1.49 0.194127 0.0580207 0.202613
1.5 0.191957 0.0357953 0.195266
1.51 0.189221 0.0134577 0.189699
1.52 0.185924 -0.00891013 0.186137
1.53 0.182073 -0.031226 0.184731
1.54 0.177677 -0.0534085 0.18553
1.55 0.172746 -0.0753764 0.188475
1.56 0.167292 -0.09705 0.193404
1.57 0.161328 -0.118351 0.200084
1.58 0.154871 -0.139201 0.208235
1.59 0.147935 -0.159526 0.217562
1.6 0.140539 -0.179252 0.227777
1.61 0.132702 -0.198309 0.238614
1.62 0.124446 -0.216629 0.24983
1.63 0.115791 -0.234146 0.261213
1.64 0.106763 -0.250799 0.272577
1.65 0.0973835 -0.266528 0.283762
1.66 0.0876801 -0.281278 0.294627
1.67 0.0776791 -0.294999 0.305054
1.68 0.0674083 -0.307641 0.314939
1.69 0.0568962 -0.319162 0.324194
1.7 0.0461726 -0.329523 0.332742
1.71 0.0352676 -0.338688 0.340519
1.72 0.0242123 -0.346627 0.347471
1.73 0.0130383 -0.353314 0.353554
1.74 0.00177787 -0.358727 0.358732
1.75 -0.00953659 -0.362851 0.362976
1.76 -0.020872 -0.365673 0.366268
1.77 -0.0321953 -0.367186 0.368595
1.78 -0.0434731 -0.367388 0.369951
1.79 -0.0546721 -0.36628 0.370338
1.8 -0.0657588 -0.363871 0.369765
1.81 -0.0767002 -0.360172 0.368248
1.82 -0.0874633 -0.3552 0.36581
1.83 -0.0980153 -0.348975 0.362478
1.84 -0.108324 -0.341522 0.35829
1.85 -0.118358 -0.332873 0.353289
1.86 -0.128087 -0.32306 0.347525
1.87 -0.137479 -0.312121 0.341058
1.88 -0.146505 -0.3001 0.333952
1.89 -0.155137 -0.287041 0.326282
1.9 -0.163348 -0.272993 0.318132
1.91 -0.17111 -0.25801 0.309593
1.92 -0.178399 -0.242146 0.300767
1.93 -0.185189 -0.225462 0.291767
1.94 -0.19146 -0.208018 0.282716
1.95 -0.197189 -0.189878 0.273746
1.96 -0.202356 -0.171109 0.265002
1.97 -0.206944 -0.151778 0.256637
1.98 -0.210935 -0.131956 0.24881
1.99 -0.214316 -0.111715 0.241684
2 -0.217071 -0.0911255 0.235423
2.01 -0.219191 -0.0702628 0.230177
2.02 -0.220666 -0.0492007 0.226084
2.03 -0.221487 -0.028014 0.223251
2.04 -0.221649 -0.00677743 0.221753
2.05 -0.221149 0.0144343 0.22162
2.06 -0.219984 0.0355468 0.222838
2.07 -0.218155 0.0564865 0.22535
2.08 -0.215664 0.0771807 0.229058
2.09 -0.212514 0.0975577 0.233837
2.1 -0.208713 0.117547 0.239538
2.11 -0.204268 0.137081 0.246001
2.12 -0.19919 0.156093 0.253064
2.13 -0.19349 0.174518 0.260566
2.14 -0.187182 0.192293 0.268354
2.15 -0.180284 0.209361 0.276286
2.16 -0.172812 0.225663 0.284231
2.17 -0.164786 0.241146 0.292071
2.18 -0.156229 0.255758 0.299699
2.19 -0.147162 0.269454 0.307021
2.2 -0.137612 0.282188 0.313954
2.21 -0.127605 0.29392 0.320424
2.22 -0.117168 0.304613 0.32637
2.23 -0.106333 0.314234 0.331737
2.24 -0.0951283 0.322754 0.336481
2.25 -0.0835879 0.330148 0.340565
2.26 -0.0717447 0.336395 0.34396
2.27 -0.0596334 0.341477 0.346645
2.28 -0.0472897 0.345382 0.348604
2.29 -0.0347501 0.3481 0.349831
2.3 -0.0220517 0.349628 0.350323
2.31 -0.00923295 0.349965 0.350087
2.32 0.00366797 0.349114 0.349134
2.33 0.0166117 0.347083 0.347481
2.34 0.0295591 0.343884 0.345152
2.35 0.0424703 0.339533 0.342179
2.36 0.0553059 0.334048 0.338596
2.37 0.0680259 0.327454 0.334445
2.38 0.0805909 0.319777 0.329776
2.39 0.0929616 0.311049 0.324643
2.4 0.105099 0.301303 0.319107
2.41 0.116965 0.290576 0.313234
2.42 0.128522 0.278909 0.307097
2.43 0.139733 0.266346 0.300775
2.44 0.150562 0.252934 0.294354
2.45 0.160974 0.23872 0.287923
2.46 0.170934 0.223757 0.281577
2.47 0.180411 0.208098 0.275413
2.48 0.189372 0.191799 0.269534
2.49 0.197789 0.174918 0.264039
2.5 0.205632 0.157513 0.259027
2.51 0.212875 0.139647 0.254592
2.52 0.219494 0.121381 0.25082
2.53 0.225464 0.102778 0.247785
2.54 0.230765 0.0839011 0.245544
2.55 0.235378 0.0648156 0.244139
2.56 0.239285 0.0455857 0.243589
2.57 0.242472 0.0262764 0.243891
2.58 0.244925 0.00695223 0.245024
2.59 0.246635 -0.0123222 0.246942
2.6 0.247592 -0.0314834 0.249586
2.61 0.247792 -0.050468 0.252879
2.62 0.247229 -0.069214 0.256735
2.63 0.245904 -0.0876604 0.261062
2.64 0.243817 -0.105748 0.265762
2.65 0.240972 -0.123418 0.270739
2.66 0.237375 -0.140614 0.275898
2.67 0.233035 -0.157283 0.281146
2.68 0.227961 -0.173371 0.286398
2.69 0.222167 -0.188829 0.291573
2.7 0.215669 -0.20361 0.296598
2.71 0.208485 -0.217667 0.301404
2.72 0.200633 -0.230958 0.305934
2.73 0.192138 -0.243444 0.310132
2.74 0.183021 -0.255089 0.313954
2.75 0.173311 -0.265857 0.317359
2.76 0.163036 -0.275719 0.320315
2.77 0.152225 -0.284647 0.322794
2.78 0.140911 -0.292616 0.324777
2.79 0.129127 -0.299607 0.326248
2.8 0.116909 -0.3056 0.327199
2.81 0.104294 -0.310582 0.327626
2.82 0.0913193 -0.314543 0.327531
2.83 0.0780254 -0.317474 0.326921
2.84 0.0644527 -0.319371 0.32581
2.85 0.050643 -0.320234 0.324214
2.86 0.0366387 -0.320066 0.322156
2.87 0.0224835 -0.318872 0.319663
2.88 0.00822104 -0.316662 0.316768
2.89 -0.00610392 -0.313448 0.313508
2.9 -0.0204466 -0.309247 0.309922
2.91 -0.034762 -0.304077 0.306057
2.92 -0.0490052 -0.297959 0.301962
2.93 -0.0631308 -0.29092 0.297691
2.94 -0.0770944 -0.282985 0.293299
2.95 -0.0908514 -0.274186 0.288846
2.96 -0.104358 -0.264556 0.284395
2.97 -0.117571 -0.254128 0.280008
2.98 -0.130449 -0.242943 0.27575
2.99 -0.142949 -0.231038 0.271685
3 -0.155031 -0.218456 0.267877
3.01 -0.166657 -0.205241 0.264383
3.02 -0.177788 -0.191439 0.261261
3.03 -0.188389 -0.177095 0.25856
3.04 -0.198424 -0.162259 0.256321
3.05 -0.207862 -0.146981 0.254578
3.06 -0.21667 -0.13131 0.253354
3.07 -0.224819 -0.1153 0.252661
3.08 -0.232283 -0.0990017 0.252501
3.09 -0.239037 -0.0824689 0.252863
3.1 -0.245058 -0.0657548 0.253726
3.11 -0.250325 -0.0489129 0.255059
3.12 -0.25482 -0.0319969 0.256821
3.13 -0.258528 -0.0150603 0.258966
3.14 -0.261436 0.00184353 0.261442
3.15 -0.263532 0.0186621 0.264192
3.16 -0.26481 0.035343 0.267158
3.17 -0.265264 0.0518351 0.270281
3.18 -0.264891 0.0680878 0.273501
3.19 -0.26369 0.0840518 0.276762
3.2 -0.261665 0.0996791 0.280008
3.21 -0.258821 0.114923 0.283188
3.22 -0.255165 0.129738 0.286254
3.23 -0.250709 0.14408 0.289161
3.24 -0.245465 0.157909 0.29187
3.25 -0.239449 0.171183 0.294346
3.26 -0.232679 0.183865 0.296557
3.27 -0.225175 0.19592 0.298477
3.28 -0.216962 0.207312 0.300085
3.29 -0.208063 0.218012 0.301363
3.3 -0.198507 0.227989 0.302298
3.31 -0.188324 0.237218 0.302883
3.32 -0.177544 0.245673 0.303113
3.33 -0.166203 0.253335 0.302988
3.34 -0.154335 0.260182 0.302513
3.35 -0.141977 0.2662 0.301695
3.36 -0.129169 0.271374 0.300547
3.37 -0.115952 0.275693 0.299084
3.38 -0.102366 0.279149 0.297326
3.39 -0.0884542 0.281737 0.295296
3.4 -0.0742616 0.283452 0.293019
3.41 -0.0598327 0.284296 0.290524
3.42 -0.0452133 0.284269 0.287843
3.43 -0.0304497 0.283379 0.28501
3.44 -0.0155888 0.281631 0.282062
3.45 -0.000677782 0.279036 0.279037
3.46 0.0142359 0.275607 0.275975
3.47 0.029105 0.271359 0.272916
3.48 0.0438821 0.26631 0.269901
3.49 0.0585204 0.260479 0.266972
3.5 0.0729733 0.253888 0.264167
3.51 0.0871951 0.246562 0.261526
3.52 0.10114 0.238528 0.259084
3.53 0.114765 0.229812 0.256874
3.54 0.128026 0.220446 0.254925
3.55 0.14088 0.210461 0.253261
3.56 0.153289 0.199891 0.251901
3.57 0.165211 0.188772 0.250858
3.58 0.17661 0.177139 0.250139
3.59 0.18745 0.165031 0.249745
3.6 0.197696 0.152487 0.249672
3.61 0.207317 0.139547 0.249907
3.62 0.216282 0.126251 0.250434
3.63 0.224563 0.112643 0.251231
3.64 0.232135 0.098764 0.252272
3.65 0.238975 0.0846578 0.253527
3.66 0.24506 0.0703679 0.254963
3.67 0.250373 0.0559378 0.256546
3.68 0.254898 0.041412 0.25824
3.69 0.258621 0.0268339 0.26001
3.7 0.261532 0.012248 0.261818
3.71 0.263622 -0.00230255 0.263632
3.72 0.264885 -0.0167742 0.265415
3.73 0.265319 -0.0311243 0.267138
3.74 0.264924 -0.0453106 0.268771
3.75 0.263702 -0.0592919 0.270285
3.76 0.261658 -0.0730273 0.271658
3.77 0.258801 -0.0864776 0.272867
3.78 0.255141 -0.0996039 0.273894
3.79 0.25069 -0.112369 0.274722
3.8 0.245465 -0.124737 0.27534
3.81 0.239483 -0.136674 0.275739
3.82 0.232765 -0.148146 0.27591
3.83 0.225334 -0.159121 0.275853
3.84 0.217215 -0.16957 0.275565
3.85 0.208435 -0.179464 0.27505
3.86 0.199023 -0.188778 0.274312
3.87 0.189011 -0.197486 0.273361
3.88 0.178432 -0.205567 0.272205
3.89 0.167322 -0.212999 0.27086
3.9 0.155715 -0.219764 0.269339
3.91 0.143652 -0.225846 0.26766
3.92 0.13117 -0.23123 0.265844
3.93 0.118311 -0.235904 0.263909
3.94 0.105117 -0.239858 0.261881
3.95 0.0916297 -0.243085 0.259781
3.96 0.0778936 -0.245579 0.257636
3.97 0.0639529 -0.247335 0.25547
3.98 0.0498521 -0.248354 0.253308
3.99 0.0356366 -0.248636 0.251177
4 0.0213518 -0.248184 0.249101
4.01 0.00704303 -0.247004 0.247104
4.02 -0.00724409 -0.245102 0.245209
4.03 -0.0214646 -0.242489 0.243437
4.04 -0.0355734 -0.239175 0.241806
4.05 -0.0495264 -0.235175 0.240334
4.06 -0.06328 -0.230504 0.239033
4.07 -0.0767911 -0.22518 0.237913
4.08 -0.0900181 -0.219221 0.236983
4.09 -0.10292 -0.212648 0.236245
4.1 -0.115457 -0.205485 0.2357
4.11 -0.127592 -0.197755 0.235344
4.12 -0.139287 -0.189485 0.235171
4.13 -0.150506 -0.180702 0.235171
4.14 -0.161218 -0.171433 0.235331
4.15 -0.171389 -0.16171 0.235636
4.16 -0.180989 -0.151564 0.236069
4.17 -0.189992 -0.141026 0.236612
4.18 -0.19837 -0.130129 0.237243
4.19 -0.206101 -0.118908 0.237943
4.2 -0.213163 -0.107398 0.23869
4.21 -0.219536 -0.0956337 0.239461
4.22 -0.225203 -0.0836512 0.240237
4.23 -0.23015 -0.0714872 0.240997
4.24 -0.234365 -0.0591782 0.24172
4.25 -0.237837 -0.0467615 0.24239
4.26 -0.240559 -0.0342739 0.242989
4.27 -0.242527 -0.0217528 0.243501
4.28 -0.243738 -0.00923499 0.243913
4.29 -0.244191 0.00324262 0.244213
4.3 -0.24389 0.0156438 0.244391
4.31 -0.242839 0.0279321 0.24444
4.32 -0.241045 0.0400725 0.244353
4.33 -0.238518 0.0520298 0.244127
4.34 -0.235269 0.0637702 0.243759
4.35 -0.231313 0.0752601 0.243249
4.36 -0.226666 0.0864674 0.242599
4.37 -0.221347 0.0973608 0.241813
4.38 -0.215375 0.10791 0.240896
4.39 -0.208773 0.118086 0.239855
4.4 -0.201565 0.127861 0.238699
4.41 -0.193779 0.137208 0.237437
4.42 -0.18544 0.146104 0.236081
4.43 -0.176579 0.154523 0.234643
4.44 -0.167226 0.162445 0.233137
4.45 -0.157414 0.169848 0.231577
4.46 -0.147176 0.176715 0.229976
4.47 -0.136547 0.183028 0.228352
4.48 -0.125562 0.188772 0.226718
4.49 -0.114258 0.193934 0.225089
4.5 -0.102672 0.198501 0.223482
4.51 -0.0908425 0.202465 0.221911
4.52 -0.0788068 0.205816 0.220388
4.53 -0.0666045 0.20855 0.218927
4.54 -0.0542744 0.210661 0.21754
4.55 -0.0418557 0.212148 0.216237
4.56 -0.0293877 0.213009 0.215027
4.57 -0.0169093 0.213247 0.213916
4.58 -0.00445924 0.212864 0.212911
4.59 0.00792386 0.211866 0.212014
4.6 0.0202023 0.210259 0.211227
4.61 0.0323388 0.208052 0.21055
4.62 0.0442969 0.205255 0.209981
4.63 0.0560407 0.201881 0.209515
4.64 0.0675358 0.197942 0.209146
4.65 0.0787483 0.193454 0.208868
4.66 0.089646 0.188434 0.208672
4.67 0.100197 0.1829 0.208547
4.68 0.110373 0.176872 0.208485
4.69 0.120144 0.17037 0.208472
4.7 0.129484 0.163417 0.208497
4.71 0.138367 0.156036 0.208549
4.72 0.146769 0.148252 0.208614
4.73 0.15467 0.14009 0.208681
4.74 0.162048 0.131576 0.208739
4.75 0.168886 0.122738 0.208775
4.76 0.175166 0.113605 0.20878
4.77 0.180874 0.104204 0.208744
4.78 0.185998 0.094565 0.208657
4.79 0.190527 0.0847182 0.208513
4.8 0.194452 0.0746934 0.208304
4.81 0.197766 0.0645212 0.208025
4.82 0.200465 0.0542324 0.207671
4.83 0.202545 0.0438578 0.207239
4.84 0.204006 0.0334282 0.206726
4.85 0.204849 0.0229745 0.206133
4.86 0.205076 0.0125271 0.205458
4.87 0.204693 0.00211656 0.204704
4.88 0.203707 -0.0082273 0.203873
4.89 0.202125 -0.0184748 0.202967
4.9 0.199958 -0.028597 0.201993
4.91 0.197218 -0.0385654 0.200954
4.92 0.193919 -0.0483522 0.199856
4.93 0.190076 -0.0579306 0.198708
4.94 0.185705 -0.0672743 0.197515
4.95 0.180825 -0.0763581 0.196286
4.96 0.175454 -0.0851579 0.195028
4.97 0.169615 -0.0936502 0.193752
4.98 0.163329 -0.101813 0.192464
4.99 0.156619 -0.109626 0.191174
5 0.14951 -0.117068 0.18989
5.01 0.142026 -0.124122 0.18862
5.02 0.134193 -0.13077 0.187373
5.03 0.126039 -0.136997 0.186156
5.04 0.117591 -0.142788 0.184975
5.05 0.108876 -0.148129 0.183838
5.06 0.0999238 -0.153011 0.182748
5.07 0.0907628 -0.157421 0.181712
5.08 0.0814221 -0.161352 0.180732
5.09 0.0719314 -0.164796 0.179811
5.1 0.0623197 -0.167748 0.17895
5.11 0.0526171 -0.170204 0.178151
5.12 0.0428524 -0.17216 0.177413
5.13 0.0330554 -0.173616 0.176735
5.14 0.0232547 -0.174571 0.176114
5.15 0.0134792 -0.175028 0.175547
5.16 0.00375676 -0.17499 0.17503
5.17 -0.00588447 -0.174461 0.17456
5.18 -0.0154179 -0.173446 0.17413
5.19 -0.0248166 -0.171954 0.173736
5.2 -0.0340552 -0.169993 0.173371
5.21 -0.0431086 -0.167572 0.173028
5.22 -0.0519529 -0.164703 0.172703
5.23 -0.0605649 -0.161398 0.172387
5.24 -0.0689225 -0.157669 0.172075
5.25 -0.0770046 -0.153533 0.171761
5.26 -0.0847914 -0.149003 0.171439
5.27 -0.0922636 -0.144097 0.171104
5.28 -0.0994039 -0.138831 0.170749
5.29 -0.106196 -0.133224 0.170371
5.3 -0.112623 -0.127295 0.169965
5.31 -0.118673 -0.121063 0.169528
5.32 -0.124333 -0.114549 0.169057
5.33 -0.12959 -0.107774 0.168549
5.34 -0.134435 -0.100758 0.168003
5.35 -0.138859 -0.0935233 0.167417
5.36 -0.142855 -0.0860926 0.166791
5.37 -0.146416 -0.0784882 0.166126
5.38 -0.149537 -0.0707326 0.165422
5.39 -0.152215 -0.0628488 0.16468
5.4 -0.154449 -0.0548597 0.163902
5.41 -0.156236 -0.0467883 0.163091
5.42 -0.157577 -0.0386575 0.162249
5.43 -0.158473 -0.0304902 0.16138
5.44 -0.158928 -0.022309 0.160487
5.45 -0.158946 -0.0141365 0.159573
5.46 -0.158531 -0.00599468 0.158644
5.47 -0.15769 0.00209443 0.157704
5.48 -0.15643 0.0101095 0.156756
5.49 -0.154759 0.0180296 0.155806
5.5 -0.152687 0.0258343 0.154857
5.51 -0.150224 0.0335035 0.153915
5.52 -0.147382 0.0410183 0.152983
5.53 -0.144172 0.0483597 0.152066
5.54 -0.140607 0.0555098 0.151168
5.55 -0.136701 0.0624516 0.150291
5.56 -0.132469 0.0691683 0.14944
5.57 -0.127925 0.0756446 0.148617
5.58 -0.123085 0.0818655 0.147824
5.59 -0.117966 0.087817 0.147064
5.6 -0.112584 0.0934861 0.146338
5.61 -0.106955 0.0988606 0.145646
5.62 -0.101099 0.103929 0.14499
5.63 -0.0950316 0.108682 0.14437
5.64 -0.0887723 0.113109 0.143785
5.65 -0.0823392 0.117202 0.143234
5.66 -0.0757507 0.120953 0.142716
5.67 -0.0690258 0.124357 0.142229
5.68 -0.062183 0.127407 0.141772
5.69 -0.0552413 0.1301 0.141342
5.7 -0.0482194 0.132431 0.140936
5.71 -0.0411362 0.134398 0.140552
5.72 -0.0340102 0.135999 0.140187
5.73 -0.0268599 0.137234 0.139838
5.74 -0.0197036 0.138103 0.139502
5.75 -0.0125594 0.138607 0.139175
5.76 -0.00544488 0.138749 0.138856
5.77 0.00162229 0.13853 0.138539
5.78 0.00862515 0.137955 0.138225
5.79 0.0155467 0.137029 0.137908
5.8 0.022371 0.135757 0.137588
5.81 0.0290819 0.134144 0.137261
5.82 0.0356641 0.1322 0.136926
5.83 0.0421026 0.129929 0.136581
5.84 0.0483833 0.127343 0.136225
5.85 0.0544919 0.124448 0.135856
5.86 0.0604157 0.121256 0.135474
5.87 0.0661415 0.117777 0.135078
5.88 0.0716575 0.11402 0.134668
5.89 0.0769523 0.109999 0.134244
5.9 0.082015 0.105725 0.133806
5.91 0.0868353 0.10121 0.133356
5.92 0.091404 0.0964667 0.132893
5.93 0.0957119 0.0915093 0.132419
5.94 0.0997512 0.0863513 0.131935
5.95 0.103514 0.0810066 0.131443
5.96 0.106994 0.0754894 0.130944
5.97 0.110185 0.0698144 0.130441
5.98 0.113081 0.0639965 0.129934
5.99 0.115678 0.0580506 0.129427
6 0.117972 0.0519921 0.128921
6.01 0.119959 0.0458362 0.128418
6.02 0.121637 0.0395983 0.12792
6.03 0.123004 0.0332943 0.12743
6.04 0.124058 0.0269392 0.12695
6.05 0.1248 0.020549 0.12648
6.06 0.125229 0.0141391 0.126024
6.07 0.125346 0.00772496 0.125583
6.08 0.125152 0.00132204 0.125159
6.09 0.12465 -0.00505434 0.124752
6.1 0.123842 -0.0113891 0.124364
6.11 0.122731 -0.0176672 0.123996
6.12 0.121323 -0.023874 0.123649
6.13 0.11962 -0.0299947 0.123324
6.14 0.11763 -0.0360153 0.12302
6.15 0.115356 -0.0419215 0.122737
6.16 0.112806 -0.0476998 0.122476
6.17 0.109987 -0.0533367 0.122237
6.18 0.106905 -0.0588193 0.122018
6.19 0.10357 -0.0641347 0.12182
6.2 0.09999 -0.0692709 0.121641
6.21 0.0961733 -0.074216 0.12148
6.22 0.0921299 -0.0789586 0.121336
6.23 0.0878697 -0.0834879 0.121208
6.24 0.0834033 -0.0877933 0.121094
6.25 0.0787415 -0.0918649 0.120993
6.26 0.0738955 -0.0956935 0.120904
6.27 0.0688772 -0.09927 0.120825
6.28 0.0636985 -0.102586 0.120754
6.29 0.0583719 -0.105635 0.12069
6.3 0.0529101 -0.108408 0.120631
6.31 0.0473263 -0.1109 0.120576
6.32 0.0416336 -0.113104 0.120523
6.33 0.0358459 -0.115016 0.120472
6.34 0.0299769 -0.11663 0.120421
6.35 0.0240407 -0.117943 0.120369
6.36 0.0180515 -0.118952 0.120314
6.37 0.0120238 -0.119654 0.120257
6.38 0.00597213 -0.120048 0.120196
6.39 -8.89678e-05 -0.120131 0.120131
6.4 -0.00614453 -0.119904 0.120061
6.41 -0.01218 -0.119367 0.119987
6.42 -0.0181805 -0.118521 0.119907
6.43 -0.0241311 -0.117368 0.119823
6.44 -0.0300174 -0.11591 0.119733
6.45 -0.0358243 -0.11415 0.119639
6.46 -0.0415376 -0.112092 0.119541
6.47 -0.0471426 -0.109742 0.119439
6.48 -0.0526253 -0.107104 0.119334
6.49 -0.0579715 -0.104184 0.119227
6.5 -0.0631674 -0.10099 0.119118
6.51 -0.0681995 -0.0975286 0.119008
6.52 -0.0730547 -0.0938082 0.118899
6.53 -0.0777199 -0.0898377 0.118791
6.54 -0.0821829 -0.0856268 0.118684
6.55 -0.0864312 -0.0811856 0.118581
6.56 -0.0904535 -0.0765251 0.118482
6.57 -0.0942386 -0.0716566 0.118387
6.58 -0.0977758 -0.0665925 0.118299
6.59 -0.101055 -0.0613451 0.118217
6.6 -0.104066 -0.0559278 0.118143
6.61 -0.106801 -0.0503544 0.118077
6.62 -0.109252 -0.0446392 0.11802
6.63 -0.11141 -0.0387967 0.117972
6.64 -0.113268 -0.0328421 0.117934
6.65 -0.114822 -0.0267911 0.117906
6.66 -0.116064 -0.0206595 0.117888
6.67 -0.11699 -0.0144636 0.117881
6.68 -0.117598 -0.00821992 0.117885
6.69 -0.117882 -0.00194528 0.117898
6.7 -0.117842 0.00434334 0.117922
6.71 -0.117476 0.0106287 0.117956
6.72 -0.116784 0.0168935 0.117999
6.73 -0.115765 0.0231205 0.118051
6.74 -0.114421 0.029292 0.118111
6.75 -0.112754 0.0353909 0.118178
6.76 -0.110769 0.0413999 0.118252
6.77 -0.108467 0.0473014 0.118332
6.78 -0.105855 0.0530787 0.118417
6.79 -0.102938 0.0587147 0.118506
6.8 -0.0997229 0.0641932 0.118598
6.81 -0.0962175 0.0694975 0.118692
6.82 -0.0924303 0.0746121 0.118787
6.83 -0.0883707 0.0795212 0.118882
6.84 -0.0840491 0.0842101 0.118977
6.85 -0.0794764 0.088664 0.119071
6.86 -0.0746647 0.0928692 0.119162
6.87 -0.0696267 0.0968121 0.11925
6.88 -0.0643759 0.100481 0.119334
6.89 -0.0589266 0.103862 0.119414
6.9 -0.0532937 0.106946 0.119489
6.91 -0.0474928 0.109721 0.119559
6.92 -0.0415402 0.112179 0.119623
6.93 -0.0354527 0.11431 0.119681
6.94 -0.0292476 0.116107 0.119734
6.95 -0.0229429 0.117562 0.11978
6.96 -0.0165569 0.118671 0.11982
6.97 -0.0101082 0.119427 0.119854
6.98 -0.0036159 0.119828 0.119883
6.99 0.0029007 0.119871 0.119906
7 0.00942205 0.119553 0.119924
7.01 0.0159284 0.118874 0.119937
7.02 0.0223999 0.117836 0.119946
7.03 0.0288168 0.116438 0.119951
7.04 0.0351592 0.114685 0.119953
7.05 0.0414072 0.112579 0.119952
7.06 0.0475413 0.110126 0.11995
7.07 0.0535421 0.107333 0.119946
7.08 0.0593904 0.104206 0.119942
7.09 0.0650674 0.100753 0.119937
7.1 0.0705549 0.0969841 0.119933
7.11 0.0758347 0.0929097 0.11993
7.12 0.0808897 0.0885414 0.119928
7.13 0.0857028 0.0838915 0.119928
7.14 0.0902581 0.0789736 0.119931
7.15 0.09454 0.0738021 0.119936
7.16 0.0985341 0.0683923 0.119944
7.17 0.102226 0.0627604 0.119955
7.18 0.105604 0.0569236 0.119969
7.19 0.108655 0.0508996 0.119986
7.2 0.111368 0.0447069 0.120007
7.21 0.113734 0.0383647 0.12003
7.22 0.115743 0.0318927 0.120057
7.23 0.117388 0.0253113 0.120085
7.24 0.118661 0.0186413 0.120117
7.25 0.119559 0.0119039 0.12015
7.26 0.120075 0.00512061 0.120184
7.27 0.120208 -0.00168674 0.12022
7.28 0.119956 -0.00849616 0.120256
7.29 0.119317 -0.0152854 0.120292
7.3 0.118293 -0.0220323 0.120328
7.31 0.116886 -0.0287148 0.120362
7.32 0.1151 -0.0353106 0.120394
7.33 0.112938 -0.0417979 0.120425
7.34 0.110408 -0.0481552 0.120452
7.35 0.107515 -0.054361 0.120477
7.36 0.104269 -0.0603944 0.120497
7.37 0.10068 -0.0662349 0.120514
7.38 0.0967578 -0.0718629 0.120525
7.39 0.0925151 -0.0772587 0.120532
7.4 0.0879652 -0.082404 0.120533
7.41 0.0831223 -0.0872809 0.120529
7.42 0.0780021 -0.0918726 0.120519
7.43 0.0726208 -0.0961627 0.120503
7.44 0.0669962 -0.100136 0.120482
7.45 0.0611463 -0.103779 0.120453
7.46 0.0550905 -0.107079 0.120419
7.47 0.0488488 -0.110023 0.120379
7.48 0.0424418 -0.1126 0.120334
7.49 0.0358912 -0.114802 0.120282
7.5 0.0292186 -0.11662 0.120225
7.51 0.0224467 -0.118047 0.120162
7.52 0.0155984 -0.119078 0.120095
7.53 0.00869687 -0.119707 0.120023
7.54 0.00176579 -0.119933 0.119946
7.55 -0.00517116 -0.119754 0.119866
7.56 -0.0120902 -0.11917 0.119782
7.57 -0.0189673 -0.118182 0.119694
7.58 -0.0257789 -0.116793 0.119604
7.59 -0.0325013 -0.115007 0.119511
7.6 -0.039111 -0.11283 0.119416
7.61 -0.0455849 -0.110268 0.119319
7.62 -0.0519006 -0.107331 0.119221
7.63 -0.0580356 -0.104027 0.119121
7.64 -0.0639684 -0.100369 0.11902
7.65 -0.0696782 -0.0963672 0.118919
7.66 -0.0751445 -0.0920366 0.118817
7.67 -0.0803481 -0.0873917 0.118714
7.68 -0.0852705 -0.0824484 0.118612
7.69 -0.089894 -0.0772236 0.118509
7.7 -0.0942022 -0.0717357 0.118406
7.71 -0.0981796 -0.0660037 0.118303
7.72 -0.101812 -0.0600476 0.118201
7.73 -0.105086 -0.0538882 0.118097
7.74 -0.10799 -0.0475472 0.117994
7.75 -0.110514 -0.0410469 0.11789
7.76 -0.112648 -0.0344105 0.117786
7.77 -0.114384 -0.0276611 0.117681
7.78 -0.115716 -0.020823 0.117575
7.79 -0.11664 -0.0139204 0.117468
7.8 -0.117152 -0.0069778 0.117359
7.81 -0.117249 -2.01394e-05 0.117249
7.82 -0.116932 0.00692779 0.117137
7.83 -0.116202 0.013841 0.117023
7.84 -0.11506 0.0206949 0.116906
7.85 -0.113512 0.0274647 0.116787
7.86 -0.111562 0.034126 0.116665
7.87 -0.109219 0.040655 0.11654
7.88 -0.10649 0.0470281 0.116412
7.89 -0.103384 0.0532222 0.11628
7.9 -0.0999153 0.0592152 0.116144
7.91 -0.0960943 0.0649851 0.116005
7.92 -0.0919357 0.0705113 0.115862
7.93 -0.0874546 0.0757738 0.115715
7.94 -0.0826678 0.0807536 0.115564
7.95 -0.0775924 0.0854325 0.115409
7.96 -0.0722475 0.089794 0.11525
7.97 -0.0666526 0.093822 0.115087
7.98 -0.0608284 0.0975022 0.114921
7.99 -0.0547964 0.100821 0.11475
8 -0.048579 0.103768 0.114576
8.01 -0.042199 0.10633 0.114398
8.02 -0.0356802 0.1085 0.114216
8.03 -0.0290466 0.11027 0.114032
8.04 -0.0223228 0.111634 0.113844
8.05 -0.0155337 0.112586 0.113653
8.06 -0.00870454 0.113125 0.11346
8.07 -0.00186059 0.113248 0.113263
8.08 0.00497285 0.112956 0.113065
8.09 0.0117703 0.112249 0.112865
8.1 0.0185067 0.111132 0.112663
8.11 0.0251571 0.109609 0.112459
8.12 0.0316967 0.107685 0.112253
8.13 0.0381014 0.10537 0.112047
8.14 0.0443476 0.102672 0.11184
8.15 0.0504119 0.0996008 0.111632
8.16 0.0562722 0.0961698 0.111423
8.17 0.0619068 0.0923919 0.111215
8.18 0.0672949 0.0882819 0.111006
8.19 0.0724168 0.0838556 0.110797
8.2 0.0772536 0.0791304 0.110588
8.21 0.0817877 0.0741244 0.11038
8.22 0.0860026 0.0688571 0.110171
8.23 0.0898828 0.0633487 0.109964
8.24 0.0934147 0.0576206 0.109756
8.25 0.0965851 0.0516947 0.109549
8.26 0.0993833 0.045594 0.109343
8.27 0.101799 0.0393418 0.109137
8.28 0.103824 0.0329622 0.108931
8.29 0.105452 0.0264795 0.108725
8.3 0.106676 0.0199187 0.10852
8.31 0.107494 0.013305 0.108315
8.32 0.107903 0.00666357 0.108109
8.33 0.107903 1.98291e-05 0.107903
8.34 0.107494 -0.00660088 0.107697
8.35 0.106679 -0.0131733 0.107489
8.36 0.105462 -0.0196724 0.107281
8.37 0.103849 -0.0260736 0.107072
8.38 0.101846 -0.0323525 0.106861
8.39 0.0994627 -0.0384852 0.106649
8.4 0.096709 -0.0444487 0.106435
8.41 0.0935962 -0.0502204 0.106218
8.42 0.0901374 -0.0557788 0.106
8.43 0.0863466 -0.0611027 0.105779
8.44 0.0822394 -0.0661725 0.105556
8.45 0.0778324 -0.0709691 0.10533
8.46 0.0731436 -0.0754749 0.105102
8.47 0.0681916 -0.079673 0.104871
8.48 0.0629964 -0.0835483 0.104637
8.49 0.0575789 -0.0870866 0.1044
8.5 0.0519606 -0.090275 0.104161
8.51 0.0461638 -0.0931024 0.103919
8.52 0.0402118 -0.0955586 0.103675
8.53 0.0341277 -0.0976352 0.103428
8.54 0.0279359 -0.0993255 0.103179
8.55 0.0216608 -0.100624 0.102929
8.56 0.015327 -0.101526 0.102677
8.57 0.00895935 -0.102031 0.102423
8.58 0.00258286 -0.102136 0.102169
8.59 -0.00377748 -0.101844 0.101914
8.6 -0.010097 -0.101156 0.101658
8.61 -0.0163509 -0.100076 0.101403
8.62 -0.0225151 -0.0986103 0.101148
8.63 -0.0285655 -0.0967653 0.100894
8.64 -0.0344791 -0.0945498 0.10064
8.65 -0.0402327 -0.0919736 0.100388
8.66 -0.0458044 -0.0890481 0.100138
8.67 -0.0511728 -0.0857859 0.0998894
8.68 -0.0563176 -0.0822013 0.099643
8.69 -0.061219 -0.078309 0.0993985
8.7 -0.0658588 -0.0741261 0.0991568
8.71 -0.0702192 -0.0696697 0.0989172
8.72 -0.0742844 -0.0649586 0.0986802
8.73 -0.0780389 -0.0600121 0.0984455
8.74 -0.0814692 -0.0548511 0.0982134
8.75 -0.0845625 -0.0494964 0.0979832
8.76 -0.0873082 -0.0439702 0.0977553
8.77 -0.0896962 -0.0382949 0.097529
8.78 -0.0917185 -0.0324939 0.0973044
8.79 -0.0933682 -0.0265905 0.0970808
8.8 -0.0946404 -0.0206087 0.0968583
8.81 -0.095531 -0.0145726 0.0966361
8.82 -0.0960381 -0.00850643 0.0964141
8.83 -0.096161 -0.00243468 0.0961918
8.84 -0.0959005 0.00361849 0.0959688
8.85 -0.0952592 0.00962895 0.0957446
8.86 -0.0942412 0.0155727 0.0955192
8.87 -0.0928516 0.0214263 0.0952917
8.88 -0.0910978 0.0271668 0.0950623
8.89 -0.0889878 0.0327712 0.0948303
8.9 -0.0865317 0.038218 0.0945957
8.91 -0.0837405 0.0434854 0.0943581
8.92 -0.0806269 0.0485536 0.0941178
8.93 -0.0772044 0.0534024 0.0938741
8.94 -0.0734883 0.0580136 0.0936275
8.95 -0.0694943 0.0623693 0.0933777
8.96 -0.0652399 0.0664532 0.093125
8.97 -0.0607431 0.0702496 0.0928694
8.98 -0.0560232 0.0737447 0.0926115
8.99 -0.0511 0.0769254 0.0923511
9 -0.0459941 0.0797802 0.0920888
9.01 -0.0407272 0.0822989 0.0918249
9.02 -0.0353212 0.0844728 0.09156
9.03 -0.0297982 0.0862941 0.0912941
9.04 -0.0241816 0.0877575 0.0910282
9.05 -0.0184942 0.088858 0.0907622
9.06 -0.0127596 0.0895931 0.0904971
9.07 -0.00700123 0.0899609 0.090233
9.08 -0.00124259 0.0899619 0.0899705
9.09 0.0044928 0.0895973 0.0897099
9.1 0.0101817 0.0888705 0.0894519
9.11 0.0158012 0.0877856 0.0891963
9.12 0.0213285 0.0863488 0.0889439
9.13 0.0267415 0.0845674 0.0886947
9.14 0.0320185 0.0824502 0.088449
9.15 0.0371385 0.0800072 0.0882067
9.16 0.0420813 0.0772498 0.087968
9.17 0.0468274 0.0741908 0.087733
9.18 0.0513579 0.0708439 0.0875014
9.19 0.0556554 0.0672239 0.087273
9.2 0.0597033 0.0633472 0.087048
9.21 0.0634857 0.0592305 0.0868256
9.22 0.0669886 0.0548919 0.0866059
9.23 0.0701983 0.0503501 0.0863883
9.24 0.0731034 0.0456246 0.0861726
9.25 0.0756927 0.0407359 0.0859581
9.26 0.0779574 0.0357045 0.0857448
9.27 0.079889 0.030552 0.0855317
9.28 0.0814814 0.0253 0.0853188
9.29 0.0827292 0.0199706 0.0851055
9.3 0.0836289 0.0145862 0.0848915
9.31 0.0841782 0.0091693 0.0846761
9.32 0.0843764 0.00374222 0.0844594
9.33 0.0842241 -0.00167241 0.0842407
9.34 0.0837237 -0.00705233 0.0840202
9.35 0.0828784 -0.0123754 0.0837972
9.36 0.0816937 -0.0176198 0.0835722
9.37 0.0801753 -0.0227643 0.0833444
9.38 0.0783318 -0.027788 0.0831146
9.39 0.0761716 -0.0326703 0.0828822
9.4 0.0737055 -0.0373921 0.0826479
9.41 0.0709448 -0.041934 0.0824114
9.42 0.0679027 -0.0462784 0.0821733
9.43 0.0645926 -0.0504076 0.0819337
9.44 0.0610299 -0.0543059 0.0816932
9.45 0.0572303 -0.0579577 0.0814518
9.46 0.0532109 -0.0613492 0.0812104
9.47 0.0489895 -0.0644671 0.080969
9.48 0.0445844 -0.0673 0.0807283
9.49 0.040015 -0.069837 0.0804886
9.5 0.0353012 -0.0720692 0.0802505
9.51 0.0304633 -0.0739883 0.0800142
9.52 0.0255222 -0.0755879 0.0797804
9.53 0.020499 -0.0768624 0.079549
9.54 0.0154152 -0.0778085 0.0793208
9.55 0.0102924 -0.078423 0.0790955
9.56 0.00515219 -0.0787054 0.0788739
9.57 1.6538e-05 -0.0786557 0.0786557
9.58 -0.00509333 -0.0782756 0.0784412
9.59 -0.0101556 -0.0775682 0.0782302
9.6 -0.0151497 -0.076538 0.0780229
9.61 -0.0200544 -0.0751905 0.0778189
9.62 -0.0248497 -0.073533 0.0776184
9.63 -0.0295156 -0.0715738 0.0774208
9.64 -0.0340333 -0.0693225 0.0772261
9.65 -0.038384 -0.0667897 0.0770338
9.66 -0.0425505 -0.0639876 0.0768437
9.67 -0.0465155 -0.0609289 0.0766553
9.68 -0.0502636 -0.0576279 0.0764683
9.69 -0.0537794 -0.0540992 0.0762821
9.7 -0.0570495 -0.0503592 0.0760967
9.71 -0.0600606 -0.0464242 0.0759111
9.72 -0.0628018 -0.0423119 0.0757256
9.73 -0.0652619 -0.0380405 0.0755394
9.74 -0.0674322 -0.0336286 0.0753524
9.75 -0.0693045 -0.0290957 0.0751643
9.76 -0.0708723 -0.0244612 0.0749749
9.77 -0.0721301 -0.0197456 0.0747839
9.78 -0.0730741 -0.014969 0.0745916
9.79 -0.0737015 -0.010152 0.0743974
9.8 -0.0740111 -0.00531513 0.0742017
9.81 -0.074003 -0.000479228 0.0740045
9.82 -0.0736785 0.00433534 0.0738059
9.83 -0.0730403 0.00910801 0.073606
9.84 -0.0720927 0.0138188 0.0734052
9.85 -0.070841 0.0184478 0.0732036
9.86 -0.0692918 0.0229758 0.0730017
9.87 -0.0674529 0.0273836 0.0727995
9.88 -0.0653337 0.0316533 0.0725977
9.89 -0.0629443 0.0357668 0.0723965
9.9 -0.060296 0.0397078 0.0721964
9.91 -0.0574014 0.0434595 0.0719976
9.92 -0.0542738 0.0470071 0.0718005
9.93 -0.0509277 0.0503361 0.0716055
9.94 -0.0473784 0.0534332 0.071413
9.95 -0.0436418 0.056286 0.0712231
9.96 -0.0397349 0.0588835 0.0710361
9.97 -0.0356752 0.0612154 0.0708523
9.98 -0.0314806 0.0632729 0.0706717
9.99 -0.0271699 0.0650481 0.0704944
10 -0.0227619 0.0665348 0.0703206
10.01 -0.0182762 0.0677275 0.0701501
10.02 -0.0137322 0.0686226 0.0699831
10.03 -0.00914993 0.069217 0.0698191
10.04 -0.00454905 0.0695097 0.0696584
10.05 5.02453e-05 0.0695004 0.0695004
10.06 0.00462859 0.0691905 0.0693452
10.07 0.00916569 0.0685824 0.0691922
10.08 0.0136428 0.06768 0.0690413
10.09 0.0180403 0.0664882 0.0688922
10.1 0.0223399 0.0650134 0.0687446
10.11 0.026523 0.063263 0.0685979
10.12 0.0305725 0.0612456 0.0684522
10.13 0.0344709 0.058971 0.0683068
10.14 0.0382024 0.0564499 0.0681617
10.15 0.0417509 0.0536943 0.0680163
10.16 0.0451025 0.0507169 0.0678707
10.17 0.0482427 0.0475314 0.0677244
10.18 0.0511593 0.0441525 0.0675774
10.19 0.0538399 0.0405954 0.0674294
10.2 0.0562743 0.0368763 0.0672805
10.21 0.0584525 0.0330118 0.0671303
10.22 0.0603664 0.0290192 0.0669793
10.23 0.0620081 0.0249166 0.066827
10.24 0.063372 0.0207217 0.0666739
10.25 0.0644529 0.0164535 0.0665199
10.26 0.0652473 0.0121305 0.0663653
10.27 0.0657525 0.00777188 0.0662102
10.28 0.0659677 0.00339655 0.066055
10.29 0.0658926 -0.000976227 0.0658998
10.3 0.0655288 -0.0053276 0.065745
10.31 0.0648789 -0.00963847 0.0655909
10.32 0.0639466 -0.0138905 0.0654379
10.33 0.062737 -0.0180651 0.0652862
10.34 0.0612564 -0.0221446 0.0651363
10.35 0.0595121 -0.0261112 0.0649883
10.36 0.0575126 -0.0299483 0.0648428
10.37 0.0552674 -0.0336393 0.0647
10.38 0.0527872 -0.0371688 0.0645601
10.39 0.0500837 -0.0405216 0.0644235
10.4 0.0471692 -0.0436842 0.0642903
10.41 0.0440574 -0.0466427 0.0641607
10.42 0.0407623 -0.0493852 0.0640348
10.43 0.0372991 -0.0519002 0.0639129
10.44 0.0336832 -0.0541776 0.0637948
10.45 0.0299311 -0.056208 0.0636805
10.46 0.0260596 -0.0579833 0.0635702
10.47 0.0220861 -0.0594964 0.0634635
10.48 0.018028 -0.0607415 0.0633604
10.49 0.0139037 -0.061714 0.0632608
10.5 0.00973117 -0.0624104 0.0631645
10.51 0.00552919 -0.0628282 0.0630711
10.52 0.00131584 -0.0629667 0.0629804
10.53 -0.00288997 -0.0628257 0.0628921
10.54 -0.00707017 -0.0624068 0.062806
10.55 -0.0112061 -0.0617125 0.0627217
10.56 -0.0152803 -0.0607466 0.062639
10.57 -0.0192744 -0.0595141 0.0625574
10.58 -0.0231717 -0.0580209 0.0624768
10.59 -0.0269548 -0.0562745 0.062397
10.6 -0.0306078 -0.0542829 0.0623175
10.61 -0.0341147 -0.0520556 0.0622383
10.62 -0.0374608 -0.0496031 0.0621593
10.63 -0.0406313 -0.0469365 0.0620801
10.64 -0.0436132 -0.044068 0.0620008
10.65 -0.0463935 -0.041011 0.0619214
10.66 -0.0489607 -0.0377789 0.0618417
10.67 -0.0513038 -0.0343867 0.0617618
10.68 -0.0534132 -0.0308493 0.0616818
10.69 -0.0552799 -0.0271831 0.0616018
10.7 -0.0568965 -0.0234039 0.061522
10.71 -0.0582562 -0.0195291 0.0614424
10.72 -0.0593537 -0.0155755 0.0613634
10.73 -0.0601848 -0.0115611 0.0612851
10.74 -0.0607461 -0.00750313 0.0612078
10.75 -0.061036 -0.00342019 0.0611318
10.76 -0.0610534 0.000670233 0.0610571
10.77 -0.0607991 0.00474978 0.0609843
10.78 -0.0602745 0.00880077 0.0609136
10.79 -0.0594823 0.012805 0.060845
10.8 -0.0584268 0.0167456 0.0607791
10.81 -0.0571129 0.0206045 0.0607159
10.82 -0.0555466 0.0243656 0.0606557
10.83 -0.0537358 0.0280119 0.0605987
10.84 -0.0516883 0.031528 0.060545
10.85 -0.0494138 0.0348981 0.0604947
10.86 -0.0469225 0.0381082 0.0604479
10.87 -0.0442258 0.0411437 0.0604047
10.88 -0.0413357 0.043992 0.060365
10.89 -0.0382656 0.0466405 0.060329
10.9 -0.0350286 0.049078 0.0602964
10.91 -0.0316399 0.0512938 0.0602672
10.92 -0.028114 0.0532785 0.0602412
10.93 -0.024467 0.0550238 0.0602184
10.94 -0.0207148 0.056522 0.0601984
10.95 -0.0168743 0.057767 0.0601811
10.96 -0.0129622 0.0587534 0.0601663
10.97 -0.00899605 0.0594772 0.0601537
10.98 -0.00499306 0.0599354 0.060143
10.99 -0.000971276 0.0601264 0.0601342
11 0.00305199 0.0600492 0.0601267
11.01 0.00705872 0.0597048 0.0601206
11.02 0.0110317 0.0590946 0.0601154
11.03 0.0149529 0.0582216 0.0601111
11.04 0.0188058 0.0570897 0.0601073
11.05 0.0225731 0.0557043 0.0601042
11.06 0.0262385 0.0540712 0.0601012
11.07 0.0297857 0.0521982 0.0600986
11.08 0.0331995 0.0500932 0.0600961
11.09 0.0364649 0.047766 0.0600939
11.1 0.0395675 0.0452265 0.0600918
11.11 0.0424939 0.0424862 0.0600901
11.12 0.0452314 0.0395571 0.0600886
11.13 0.0477678 0.0364522 0.0600876
11.14 0.0500923 0.0331848 0.0600872
11.15 0.0521947 0.0297699 0.0600877
11.16 0.0540657 0.0262219 0.060089
11.17 0.0556975 0.0225568 0.0600917
11.18 0.0570826 0.0187903 0.0600958
11.19 0.0582153 0.0149395 0.0601016
11.2 0.0590904 0.0110205 0.0601093
11.21 0.0597043 0.00705114 0.0601192
11.22 0.0600541 0.0030484 0.0601314
11.23 0.0601386 -0.000969957 0.0601465
11.24 0.059957 -0.00498651 0.060164
11.25 0.0595105 -0.00898355 0.0601848
11.26 0.0588006 -0.0129436 0.0602084
11.27 0.0578308 -0.0168495 0.0602354
11.28 0.0566049 -0.0206839 0.0602655
11.29 0.0551283 -0.0244301 0.0602989
11.3 0.0534074 -0.0280718 0.0603355
11.31 0.0514497 -0.031593 0.0603754
11.32 0.0492634 -0.0349781 0.0604181
11.33 0.0468583 -0.0382125 0.060464
11.34 0.0442444 -0.0412818 0.0605124
11.35 0.0414333 -0.0441726 0.0605635
11.36 0.0384368 -0.0468721 0.0606167
11.37 0.0352683 -0.0493686 0.0606721
11.38 0.0319409 -0.0516508 0.0607291
11.39 0.0284695 -0.0537089 0.0607879
11.4 0.0248687 -0.0555334 0.0608475
11.41 0.0211543 -0.0571166 0.0609082
11.42 0.0173421 -0.058451 0.0609694
11.43 0.0134488 -0.0595309 0.0610312
11.44 0.00949102 -0.0603511 0.0610929
11.45 0.00548602 -0.060908 0.0611546
11.46 0.00145085 -0.0611988 0.061216
11.47 -0.00259664 -0.061222 0.0612771
11.48 -0.0066394 -0.0609771 0.0613374
11.49 -0.0106596 -0.0604652 0.0613976
11.5 -0.01464 -0.0596877 0.0614569
11.51 -0.0185633 -0.0586483 0.061516
11.52 -0.0224126 -0.0573505 0.0615744
11.53 -0.026171 -0.0558002 0.0616327
11.54 -0.0298224 -0.0540033 0.0616906
11.55 -0.0333509 -0.0519678 0.061749
11.56 -0.036741 -0.0497016 0.0618073
11.57 -0.0399782 -0.0472147 0.0618666
11.58 -0.043048 -0.044517 0.0619265
11.59 -0.0459374 -0.0416204 0.0619879
11.6 -0.0486334 -0.0385367 0.0620507
11.61 -0.0511243 -0.0352792 0.0621154
11.62 -0.0533991 -0.0318615 0.0621821
11.63 -0.0554477 -0.0282982 0.0622514
11.64 -0.057261 -0.0246042 0.0623232
11.65 -0.058831 -0.0207956 0.0623982
11.66 -0.0601502 -0.0168881 0.062476
11.67 -0.0612132 -0.0128987 0.0625574
11.68 -0.0620144 -0.00884422 0.0626419
11.69 -0.0625504 -0.00474198 0.0627299
11.7 -0.0628182 -0.000609467 0.0628211
11.71 -0.0630174 0.00353365 0.0631164
11.72 -0.0631472 0.00768286 0.0636129
11.73 -0.0632071 0.011834 0.0643054
11.74 -0.0631964 0.0159823 0.0651861
11.75 -0.0631148 0.0201237 0.0662453
11.76 -0.0629617 0.0242536 0.0674715
11.77 -0.0627366 0.0283677 0.0688521
11.78 -0.0624394 0.0324616 0.0703735
11.79 -0.0620697 0.0365311 0.072022
11.8 -0.0616273 0.0405719 0.0737835
11.81 -0.0611121 0.0445798 0.0756442
11.82 -0.0605239 0.0485504 0.0775905
11.83 -0.0598626 0.0524801 0.0796096
11.84 -0.0591285 0.056364 0.081689
11.85 -0.0583213 0.0601988 0.0838169
11.86 -0.0574414 0.06398 0.0859823
11.87 -0.0564887 0.0677041 0.0881749
11.88 -0.0554637 0.0713669 0.090385
11.89 -0.0543663 0.0749648 0.0926035
11.9 -0.0531973 0.0784939 0.0948222
11.91 -0.0519565 0.0819509 0.0970331
11.92 -0.0506449 0.0853318 0.0992292
11.93 -0.0492626 0.0886334 0.101404
11.94 -0.0478103 0.0918521 0.10355
11.95 -0.0462883 0.0949847 0.105663
11.96 -0.0446976 0.0980279 0.107737
11.97 -0.0430385 0.100979 0.109768
11.98 -0.041312 0.103834 0.11175
11.99 -0.0395184 0.10659 0.11368
12 -0.0376591 0.109245 0.115554
12.01 -0.0357343 0.111796 0.117368
12.02 -0.0337454 0.11424 0.11912
12.03 -0.0316929 0.116574 0.120806
12.04 -0.029578 0.118797 0.122424
12.05 -0.0274015 0.120905 0.123971
12.06 -0.0251647 0.122897 0.125447
12.07 -0.0228682 0.12477 0.126848
12.08 -0.0205134 0.126522 0.128174
12.09 -0.0181014 0.128151 0.129423
12.1 -0.0156333 0.129656 0.130596
12.11 -0.0131102 0.131035 0.13169
12.12 -0.0105335 0.132287 0.132705
12.13 -0.00790423 0.133408 0.133642
12.14 -0.0052238 0.1344 0.134501
12.15 -0.00249335 0.135259 0.135282
12.16 0.00028564 0.135986 0.135986
12.17 0.00311192 0.136578 0.136614
12.18 0.00598422 0.137036 0.137167
12.19 0.00890085 0.137358 0.137646
12.2 0.0118609 0.137544 0.138055
12.21 0.0148625 0.137593 0.138394
12.22 0.0179046 0.137505 0.138666
12.23 0.0209852 0.13728 0.138874
12.24 0.0241036 0.136916 0.139022
12.25 0.0272577 0.136415 0.139112
12.26 0.0304464 0.135777 0.139148
12.27 0.0336679 0.135 0.139135
12.28 0.036921 0.134087 0.139077
12.29 0.0402039 0.133036 0.138979
12.3 0.0435154 0.13185 0.138845
12.31 0.0468536 0.130527 0.138682
12.32 0.0502175 0.12907 0.138495
12.33 0.0536049 0.127478 0.13829
12.34 0.057015 0.125753 0.138074
12.35 0.0604455 0.123896 0.137855
12.36 0.0638956 0.121908 0.137638
12.37 0.0673633 0.11979 0.137432
12.38 0.0708474 0.117544 0.137244
12.39 0.074346 0.115171 0.137083
12.4 0.077858 0.112672 0.136956
12.41 0.0813815 0.110051 0.136873
12.42 0.0849153 0.107307 0.136841
12.43 0.0884579 0.104443 0.136869
12.44 0.0920075 0.101461 0.136966
12.45 0.095563 0.0983634 0.137141
12.46 0.0991227 0.0951516 0.137401
12.47 0.102685 0.0918285 0.137756
12.48 0.106249 0.0883958 0.138213
12.49 0.109813 0.0848565 0.138779
12.5 0.113376 0.0812124 0.139462
12.51 0.116936 0.0774668 0.140268
12.52 0.120491 0.0736217 0.141203
12.53 0.124041 0.0696802 0.142272
12.54 0.127584 0.0656449 0.143481
12.55 0.131118 0.0615186 0.144833
12.56 0.134643 0.0573045 0.146331
12.57 0.138158 0.0530053 0.147977
12.58 0.141659 0.0486241 0.149772
12.59 0.145148 0.0441639 0.151718
12.6 0.148622 0.0396282 0.153814
12.61 0.152079 0.0350197 0.156059
12.62 0.15552 0.0303421 0.158452
12.63 0.158942 0.0255985 0.160991
12.64 0.162345 0.0207923 0.163671
12.65 0.165727 0.0159267 0.166491
12.66 0.169087 0.0110055 0.169445
12.67 0.172424 0.00603171 0.17253
12.68 0.175737 0.00100931 0.17574
12.69 0.179025 -0.00405876 0.179071
12.7 0.182287 -0.00916827 0.182517
12.71 0.185521 -0.0143164 0.186073
12.72 0.188727 -0.0194989 0.189732
12.73 0.191904 -0.0247126 0.193488
12.74 0.19505 -0.0299535 0.197337
12.75 0.198165 -0.0352185 0.20127
12.76 0.201248 -0.0405035 0.205283
12.77 0.204297 -0.045805 0.209369
12.78 0.207313 -0.0511194 0.213522
12.79 0.210293 -0.056443 0.217736
12.8 0.213237 -0.0617722 0.222004
12.81 0.216145 -0.0671034 0.226322
12.82 0.219015 -0.0724328 0.230682
12.83 0.221846 -0.0777571 0.235079
12.84 0.224639 -0.0830724 0.239507
12.85 0.227391 -0.0883754 0.243961
12.86 0.230102 -0.0936623 0.248435
12.87 0.232772 -0.0989296 0.252923
12.88 0.2354 -0.104174 0.25742
12.89 0.237984 -0.109392 0.261922
12.9 0.240525 -0.11458 0.266422
12.91 0.243022 -0.119734 0.270917
12.92 0.245473 -0.124852 0.2754
12.93 0.247879 -0.12993 0.279867
12.94 0.250238 -0.134965 0.284314
12.95 0.252551 -0.139953 0.288736
12.96 0.254816 -0.144891 0.293129
12.97 0.257033 -0.149776 0.297487
12.98 0.259202 -0.154605 0.301808
12.99 0.261321 -0.159375 0.306087
13 0.263391 -0.164083 0.310319
13.01 0.26541 -0.168726 0.314501
13.02 0.267379 -0.173301 0.31863
13.03 0.269297 -0.177805 0.322701
13.04 0.271164 -0.182236 0.32671
13.05 0.272978 -0.18659 0.330656
13.06 0.27474 -0.190866 0.334533
13.07 0.27645 -0.19506 0.338339
13.08 0.278107 -0.19917 0.34207
13.09 0.27971 -0.203194 0.345724
13.1 0.281259 -0.207129 0.349298
13.11 0.282754 -0.210973 0.352788
13.12 0.284195 -0.214723 0.356192
13.13 0.285582 -0.218379 0.359508
13.14 0.286913 -0.221936 0.362732
13.15 0.288189 -0.225394 0.365863
13.16 0.28941 -0.228751 0.368897
13.17 0.290575 -0.232004 0.371833
13.18 0.291684 -0.235152 0.374668
13.19 0.292738 -0.238194 0.377401
13.2 0.293735 -0.241126 0.380029
13.21 0.294676 -0.243949 0.382551
13.22 0.29556 -0.24666 0.384964
13.23 0.296388 -0.249259 0.387267
13.24 0.297159 -0.251743 0.389459
13.25 0.297874 -0.254112 0.391538
13.26 0.298532 -0.256364 0.393502
13.27 0.299133 -0.258499 0.39535
13.28 0.299677 -0.260514 0.397082
13.29 0.300164 -0.262411 0.398695
13.3 0.300595 -0.264186 0.400189
13.31 0.300968 -0.265841 0.401564
13.32 0.301285 -0.267374 0.402817
13.33 0.301546 -0.268784 0.403949
13.34 0.301749 -0.270071 0.404958
13.35 0.301896 -0.271234 0.405844
13.36 0.301987 -0.272273 0.406607
13.37 0.302022 -0.273188 0.407246
13.38 0.302 -0.273979 0.40776
13.39 0.301922 -0.274645 0.40815
13.4 0.301789 -0.275186 0.408416
13.41 0.3016 -0.275601 0.408557
13.42 0.301356 -0.275892 0.408573
13.43 0.301056 -0.276058 0.408464
13.44 0.300701 -0.2761 0.408231
13.45 0.300292 -0.276016 0.407873
13.46 0.299828 -0.275809 0.407391
13.47 0.29931 -0.275477 0.406786
13.48 0.298738 -0.275023 0.406057
13.49 0.298113 -0.274444 0.405205
13.5 0.297434 -0.273744 0.404231
13.51 0.296702 -0.272921 0.403135
13.52 0.295918 -0.271977 0.401919
13.53 0.295081 -0.270912 0.400582
13.54 0.294192 -0.269727 0.399126
13.55 0.293251 -0.268423 0.397551
13.56 0.292259 -0.267 0.395859
13.57 0.291216 -0.26546 0.39405
13.58 0.290122 -0.263803 0.392126
13.59 0.288979 -0.26203 0.390088
13.6 0.287785 -0.260142 0.387936
13.61 0.286542 -0.258141 0.385672
13.62 0.28525 -0.256027 0.383298
13.63 0.28391 -0.253801 0.380815
13.64 0.282521 -0.251465 0.378223
13.65 0.281085 -0.24902 0.375526
13.66 0.279601 -0.246467 0.372723
13.67 0.27807 -0.243807 0.369817
13.68 0.276493 -0.241041 0.366809
13.69 0.274869 -0.238171 0.363701
13.7 0.2732 -0.235199 0.360495
13.71 0.271486 -0.232124 0.357192
13.72 0.269727 -0.22895 0.353794
13.73 0.267923 -0.225677 0.350304
13.74 0.266075 -0.222307 0.346722
13.75 0.264184 -0.21884 0.343052
13.76 0.26225 -0.21528 0.339294
13.77 0.260272 -0.211626 0.335451
13.78 0.258253 -0.207881 0.331525
13.79 0.256191 -0.204047 0.327519
13.8 0.254088 -0.200123 0.323435
13.81 0.251944 -0.196113 0.319274
13.82 0.249758 -0.192018 0.31504
13.83 0.247533 -0.187839 0.310735
13.84 0.245267 -0.183578 0.306361
13.85 0.242961 -0.179237 0.301921
13.86 0.240616 -0.174817 0.297418
13.87 0.238232 -0.17032 0.292854
13.88 0.23581 -0.165747 0.288233
13.89 0.233348 -0.1611 0.283557
13.9 0.230849 -0.156381 0.278831
13.91 0.228312 -0.151591 0.274055
13.92 0.225738 -0.146733 0.269236
13.93 0.223126 -0.141807 0.264375
13.94 0.220477 -0.136815 0.259478
13.95 0.217792 -0.13176 0.254546
13.96 0.21507 -0.126643 0.249586
13.97 0.212311 -0.121465 0.244601
13.98 0.209517 -0.116228 0.239596
13.99 0.206687 -0.110934 0.234576
14 0.203821 -0.105585 0.229546
14.01 0.200919 -0.100183 0.224511
14.02 0.197983 -0.0947285 0.219478
14.03 0.195011 -0.0892239 0.214453
14.04 0.192004 -0.0836711 0.209443
14.05 0.188963 -0.0780715 0.204455
14.06 0.185886 -0.0724275 0.199498
14.07 0.182775 -0.0667399 0.194579
14.08 0.17963 -0.0610114 0.189708
14.09 0.17645 -0.0552431 0.184895
14.1 0.173235 -0.0494374 0.180151
14.11 0.169986 -0.0435955 0.175488
14.12 0.166703 -0.0377197 0.170918
14.13 0.163386 -0.0318113 0.166454
14.14 0.160035 -0.0258726 0.162113
14.15 0.156649 -0.0199051 0.157909
14.16 0.15323 -0.0139108 0.15386
14.17 0.149776 -0.00789132 0.149984
14.18 0.146288 -0.00184879 0.1463
14.19 0.142766 0.00421525 0.142829
14.2 0.13921 0.0102986 0.139591
14.21 0.13562 0.0163997 0.136608
14.22 0.131996 0.0225165 0.133902
14.23 0.128337 0.0286471 0.131496
14.24 0.124644 0.0347898 0.129409
14.25 0.120918 0.0409425 0.127661
14.26 0.117156 0.0471035 0.126271
14.27 0.11336 0.0532706 0.125253
14.28 0.10953 0.0594421 0.12462
14.29 0.105666 0.065616 0.124381
14.3 0.101767 0.0717904 0.124541
14.31 0.0975076 0.0777334 0.124701
14.32 0.0929017 0.0834245 0.124861
14.33 0.0879643 0.088843 0.125023
14.34 0.0827114 0.09397 0.125186
14.35 0.0771601 0.0987868 0.12535
14.36 0.0713286 0.103277 0.125514
14.37 0.0652363 0.107422 0.12568
14.38 0.0589034 0.11121 0.125846
14.39 0.0523509 0.114624 0.126013
14.4 0.0456008 0.117654 0.126182
14.41 0.0386754 0.120286 0.126351
14.42 0.0315985 0.122512 0.126522
14.43 0.0243934 0.124322 0.126693
14.44 0.0170849 0.125709 0.126865
14.45 0.00969737 0.126668 0.127038
14.46 0.00225629 0.127193 0.127213
14.47 -0.00521327 0.127281 0.127388
14.48 -0.0126854 0.126932 0.127564
14.49 -0.0201351 0.126145 0.127742
14.5 -0.0275361 0.124921 0.12792
14.51 -0.0348634 0.123264 0.1281
14.52 -0.0420912 0.121178 0.12828
14.53 -0.0491951 0.118669 0.128462
14.54 -0.0561495 0.115744 0.128645
14.55 -0.062931 0.112412 0.128829
14.56 -0.0695151 0.108683 0.129013
14.57 -0.0758792 0.10457 0.1292
14.58 -0.0820004 0.100084 0.129386
14.59 -0.0878573 0.0952405 0.129575
14.6 -0.0934288 0.0900543 0.129764
14.61 -0.0986951 0.0845429 0.129955
14.62 -0.103637 0.0787237 0.130146
14.63 -0.108237 0.0726159 0.130339
14.64 -0.112478 0.0662394 0.130533
14.65 -0.116344 0.0596157 0.130728
14.66 -0.11982 0.052766 0.130924
14.67 -0.122895 0.0457139 0.131122
14.68 -0.125555 0.0384823 0.13132
14.69 -0.127791 0.0310961 0.13152
14.7 -0.129593 0.0235794 0.131721
14.71 -0.130954 0.0159584 0.131923
14.72 -0.131868 0.00825821 0.132127
14.73 -0.13233 0.000505503 0.132331
14.74 -0.132337 -0.00727357 0.132537
14.75 -0.131888 -0.0150521 0.132744
14.76 -0.130982 -0.0228037 0.132952
14.77 -0.129621 -0.0305014 0.133161
14.78 -0.127809 -0.0381186 0.133372
14.79 -0.12555 -0.045629 0.133584
14.8 -0.12285 -0.0530063 0.133797
14.81 -0.119717 -0.0602247 0.134011
14.82 -0.11616 -0.0672588 0.134227
14.83 -0.112191 -0.074084 0.134444
14.84 -0.107821 -0.0806758 0.134662
14.85 -0.103064 -0.087011 0.134881
14.86 -0.0979346 -0.0930666 0.135102
14.87 -0.0924497 -0.098821 0.135324
14.88 -0.0866271 -0.104253 0.135547
14.89 -0.0804851 -0.109344 0.135771
14.9 -0.074044 -0.114073 0.135997
14.91 -0.0673248 -0.118424 0.136224
14.92 -0.0603496 -0.122381 0.136452
14.93 -0.0531416 -0.125928 0.136682
14.94 -0.0457247 -0.129051 0.136912
14.95 -0.0381238 -0.131739 0.137144
14.96 -0.0303643 -0.13398 0.137377
14.97 -0.0224726 -0.135764 0.137612
14.98 -0.0144752 -0.137085 0.137847
14.99 -0.00639944 -0.137936 0.138084
15 0.0017273 -0.138312 0.138323
15.01 0.00987681 -0.13821 0.138562
15.02 0.0180214 -0.137628 0.138803
15.03 0.0261326 -0.136567 0.139045
15.04 0.0341825 -0.135028 0.139288
15.05 0.0421427 -0.133016 0.139532
15.06 0.0499859 -0.130535 0.139778
15.07 0.0576838 -0.127591 0.140025
15.08 0.0652099 -0.124194 0.140273
15.09 0.0725369 -0.120353 0.140522
15.1 0.0796391 -0.11608 0.140773
15.11 0.0864906 -0.111388 0.141024
15.12 0.0930671 -0.106291 0.141277
15.13 0.0993444 -0.100806 0.141531
15.14 0.1053 -0.0949497 0.141787
15.15 0.110911 -0.0887413 0.142043
15.16 0.116157 -0.0822011 0.142301
15.17 0.121019 -0.0753499 0.14256
15.18 0.125478 -0.0682109 0.14282
15.19 0.129517 -0.060807 0.143081
15.2 0.13312 -0.0531635 0.143343
15.21 0.136273 -0.0453054 0.143607
15.22 0.138963 -0.0372598 0.143871
15.23 0.141179 -0.0290531 0.144137
15.24 0.14291 -0.020714 0.144404
15.25 0.14415 -0.0122702 0.144672
15.26 0.144892 -0.00375146 0.144941
15.27 0.145131 0.00481354 0.145211
15.28 0.144864 0.0133947 0.145482
15.29 0.14409 0.0219626 0.145755
15.3 0.14281 0.0304868 0.146028
15.31 0.141026 0.0389379 0.146302
15.32 0.138741 0.0472857 0.146578
15.33 0.135963 0.055501 0.146855
15.34 0.132698 0.0635541 0.147132
15.35 0.128956 0.0714166 0.147411
15.36 0.124748 0.0790601 0.14769
15.37 0.120086 0.0864569 0.147971
15.38 0.114986 0.0935801 0.148253
15.39 0.109462 0.100404 0.148536
15.4 0.103533 0.106902 0.14882
15.41 0.0972181 0.113052 0.149105
15.42 0.0905366 0.11883 0.14939
15.43 0.083511 0.124214 0.149677
15.44 0.0761643 0.129184 0.149965
15.45 0.068521 0.13372 0.150254
15.46 0.0606065 0.137805 0.150543
15.47 0.0524475 0.141422 0.150834
15.48 0.0440714 0.144557 0.151126
15.49 0.0355069 0.147196 0.151418
15.5 0.026783 0.149329 0.151712
15.51 0.0179298 0.150945 0.152006
15.52 0.00897795 0.152037 0.152302
15.53 -4.18588e-05 0.152598 0.152598
15.54 -0.00909777 0.152624 0.152895
15.55 -0.0181585 0.152113 0.153193
15.56 -0.0271917 0.151065 0.153492
15.57 -0.0361662 0.149479 0.153792
15.58 -0.0450492 0.147361 0.154093
15.59 -0.0538099 0.144714 0.154395
15.6 -0.0624162 0.141547 0.154697
15.61 -0.0708375 0.137867 0.155001
15.62 -0.0790431 0.133686 0.155305
15.63 -0.0870033 0.129015 0.15561
15.64 -0.0946886 0.123871 0.155916
15.65 -0.102071 0.118267 0.156223
15.66 -0.109123 0.112223 0.156531
15.67 -0.115818 0.105758 0.156839
15.68 -0.122131 0.0988917 0.157148
15.69 -0.128039 0.0916483 0.157459
15.7 -0.133517 0.0840505 0.15777
15.71 -0.138545 0.0761244 0.158081
15.72 -0.143104 0.0678961 0.158394
15.73 -0.147175 0.0593939 0.158707
15.74 -0.150741 0.050646 0.159021
15.75 -0.153787 0.0416831 0.159336
15.76 -0.156302 0.0325353 0.159652
15.77 -0.158272 0.0232347 0.159968
15.78 -0.159689 0.0138132 0.160286
15.79 -0.160546 0.00430412 0.160604
15.8 -0.160836 -0.00525965 0.160922
15.81 -0.160557 -0.0148439 0.161242
15.82 -0.159706 -0.0244153 0.161562
15.83 -0.158285 -0.033939 0.161883
15.84 -0.156296 -0.0433818 0.162204
15.85 -0.153742 -0.0527092 0.162527
15.86 -0.150632 -0.0618877 0.16285
15.87 -0.146973 -0.0708841 0.163173
15.88 -0.142776 -0.0796654 0.163498
15.89 -0.138054 -0.0881995 0.163823
15.9 -0.132821 -0.0964548 0.164149
15.91 -0.127093 -0.104401 0.164475
15.92 -0.120889 -0.112008 0.164803
15.93 -0.114229 -0.119247 0.165131
15.94 -0.107134 -0.126092 0.165459
15.95 -0.0996276 -0.132515 0.165788
15.96 -0.0917353 -0.138492 0.166118
15.97 -0.0834829 -0.143999 0.166449
15.98 -0.0748988 -0.149016 0.16678
15.99 -0.0660116 -0.153522 0.167112
16 -0.0568523 -0.157497 0.167444
16.01 -0.0474519 -0.160927 0.167778
16.02 -0.0378434 -0.163796 0.168111
16.03 -0.0280598 -0.166092 0.168446
16.04 -0.0181354 -0.167804 0.168781
16.05 -0.00810538 -0.168922 0.169117
16.06 0.00199516 -0.169441 0.169453
16.07 0.0121302 -0.169356 0.16979
16.08 0.0222639 -0.168665 0.170128
16.09 0.0323594 -0.167366 0.170466
16.1 0.042381 -0.165463 0.170805
16.11 0.0522919 -0.16296 0.171144
16.12 0.0620565 -0.159862 0.171484
16.13 0.0716388 -0.156178 0.171825
16.14 0.081004 -0.151919 0.172166
16.15 0.090117 -0.147098 0.172508
16.16 0.0989446 -0.141729 0.17285
16.17 0.107453 -0.13583 0.173193
16.18 0.115612 -0.129418 0.173537
16.19 0.123388 -0.122515 0.173881
16.2 0.130753 -0.115144 0.174226
16.21 0.137679 -0.107329 0.174571
16.22 0.144139 -0.0990955 0.174917
16.23 0.150106 -0.0904719 0.175263
16.24 0.155559 -0.0814877 0.17561
16.25 0.160474 -0.0721731 0.175957
16.26 0.164832 -0.0625607 0.176305
16.27 0.168615 -0.0526833 0.176654
16.28 0.171806 -0.0425759 0.177002
16.29 0.174391 -0.0322735 0.177352
16.3 0.176358 -0.0218127 0.177702
16.31 0.177698 -0.0112302 0.178052
16.32 0.178402 -0.00056404 0.178403
16.33 0.178466 0.0101481 0.178754
16.34 0.177886 0.0208671 0.179106
16.35 0.176662 0.031555 0.179458
16.36 0.174795 0.0421725 0.179811
16.37 0.17229 0.0526811 0.180164
16.38 0.169151 0.0630423 0.180517
16.39 0.165389 0.073218 0.180871
16.4 0.161014 0.0831704 0.181226
16.41 0.156038 0.0928628 0.18158
16.42 0.150478 0.102259 0.181935
16.43 0.144351 0.111323 0.182291
16.44 0.137677 0.120021 0.182647
16.45 0.130477 0.12832 0.183003
16.46 0.122775 0.136188 0.18336
16.47 0.114598 0.143594 0.183717
16.48 0.105972 0.15051 0.184074
16.49 0.0969269 0.156909 0.184432
16.5 0.0874937 0.162765 0.18479
16.51 0.0777055 0.168053 0.185149
16.52 0.0675955 0.172754 0.185507
16.53 0.0571996 0.176846 0.185866
16.54 0.0465543 0.180313 0.186226
16.55 0.0356969 0.183139 0.186585
16.56 0.0246663 0.185311 0.186945
16.57 0.0135018 0.186818 0.187305
16.58 0.00224356 0.187652 0.187665
16.59 -0.00906798 0.187807 0.188026
16.6 -0.0203917 0.18728 0.188387
16.61 -0.0316865 0.186069 0.188748
16.62 -0.0429109 0.184176 0.189109
16.63 -0.0540239 0.181605 0.18947
16.64 -0.0649842 0.178363 0.189832
16.65 -0.0757516 0.174458 0.190194
16.66 -0.0862853 0.169901 0.190556
16.67 -0.0965466 0.164707 0.190918
16.68 -0.106496 0.158893 0.19128
16.69 -0.116097 0.152475 0.191643
16.7 -0.125311 0.145476 0.192005
16.71 -0.134105 0.137918 0.192368
16.72 -0.142443 0.129827 0.192731
16.73 -0.150294 0.121231 0.193094
16.74 -0.157627 0.112157 0.193457
16.75 -0.164413 0.102639 0.19382
16.76 -0.170623 0.0927076 0.194183
16.77 -0.176235 0.0823989 0.194546
16.78 -0.181223 0.0717485 0.194909
16.79 -0.185568 0.0607945 0.195272
16.8 -0.18925 0.0495753 0.195636
16.81 -0.192254 0.0381314 0.195999
16.82 -0.194565 0.0265033 0.196362
16.83 -0.196173 0.0147337 0.196725
16.84 -0.197067 0.00286439 0.197088
16.85 -0.197243 -0.00906061 0.197451
16.86 -0.196697 -0.0209984 0.197814
16.87 -0.195426 -0.0329046 0.198177
16.88 -0.193435 -0.0447356 0.19854
16.89 -0.190725 -0.0564475 0.198903
16.9 -0.187305 -0.0679966 0.199265
16.91 -0.183184 -0.0793398 0.199628
16.92 -0.178375 -0.0904346 0.19999
16.93 -0.172892 -0.101239 0.200353
16.94 -0.166754 -0.111712 0.200715
16.95 -0.159979 -0.121814 0.201077
16.96 -0.15259 -0.131505 0.201438
16.97 -0.144613 -0.140749 0.2018
16.98 -0.136074 -0.14951 0.202161
16.99 -0.127001 -0.157753 0.202523
17 -0.117428 -0.165446 0.202884
17.01 -0.107387 -0.172558 0.203244
17.02 -0.0969132 -0.179061 0.203605
17.03 -0.0860437 -0.184928 0.203965
17.04 -0.074817 -0.190135 0.204325
17.05 -0.0632734 -0.19466 0.204685
17.06 -0.0514541 -0.198484 0.205045
17.07 -0.0394021 -0.201589 0.205404
17.08 -0.0271607 -0.203963 0.205763
17.09 -0.0147746 -0.205592 0.206122
17.1 -0.00228911 -0.206467 0.20648
17.11 0.0102497 -0.206584 0.206838
17.12 0.0227961 -0.205938 0.207196
17.13 0.0353031 -0.204529 0.207554
17.14 0.0477247 -0.202359 0.207911
17.15 0.0600141 -0.199434 0.208268
17.16 0.0721255 -0.19576 0.208624
17.17 0.0840129 -0.19135 0.20898
17.18 0.0956321 -0.186216 0.209336
17.19 0.106938 -0.180374 0.209692
17.2 0.117889 -0.173845 0.210047
17.21 0.128441 -0.166649 0.210402
17.22 0.138555 -0.158811 0.210757
17.23 0.14819 -0.150357 0.211111
17.24 0.157311 -0.141317 0.211465
17.25 0.16588 -0.131722 0.211818
17.26 0.173865 -0.121605 0.212171
17.27 0.181232 -0.111002 0.212524
17.28 0.187952 -0.0999515 0.212877
17.29 0.193999 -0.0884916 0.213228
17.3 0.199347 -0.0766645 0.21358
17.31 0.203973 -0.0645121 0.213932
17.32 0.207858 -0.052079 0.214283
17.33 0.210984 -0.0394099 0.214633
17.34 0.213337 -0.0265518 0.214983
17.35 0.214907 -0.0135511 0.215333
17.36 0.215682 -0.000456526 0.215683
17.37 0.215659 0.0126842 0.216032
17.38 0.214835 0.0258217 0.216381
17.39 0.213208 0.0389075 0.216729
17.4 0.210784 0.0518922 0.217077
17.41 0.207567 0.0647273 0.217425
17.42 0.203567 0.0773642 0.217772
17.43 0.198796 0.0897552 0.218119
17.44 0.19327 0.101853 0.218466
17.45 0.187006 0.113611 0.218812
17.46 0.180024 0.124986 0.219157
17.47 0.172349 0.135931 0.219503
17.48 0.164006 0.146407 0.219848
17.49 0.155025 0.15637 0.220192
17.5 0.145437 0.165784 0.220536
17.51 0.135276 0.174609 0.22088
17.52 0.124576 0.182813 0.221223
17.53 0.113378 0.19036 0.221566
17.54 0.10172 0.197222 0.221908
17.55 0.089645 0.203369 0.22225
17.56 0.0771968 0.208777 0.222592
17.57 0.0644203 0.213422 0.222933
17.58 0.0513624 0.217285 0.223274
17.59 0.038071 0.220349 0.223614
17.6 0.0245952 0.222599 0.223953
17.61 0.0109847 0.224023 0.224292
17.62 -0.0027095 0.224615 0.224631
17.63 -0.0164372 0.224368 0.22497
17.64 -0.030146 0.223281 0.225307
17.65 -0.0437853 0.221356 0.225645
17.66 -0.0573029 0.218595 0.225981
17.67 -0.0706485 0.215008 0.226318
17.68 -0.0837705 0.210604 0.226653
17.69 -0.0966199 0.205398 0.226989
17.7 -0.109146 0.199406 0.227323
17.71 -0.121303 0.192649 0.227658
17.72 -0.133041 0.185148 0.227991
17.73 -0.144317 0.176931 0.228324
17.74 -0.155086 0.168024 0.228657
17.75 -0.165306 0.15846 0.228989
17.76 -0.174937 0.148272 0.22932
17.77 -0.18394 0.137498 0.229651
17.78 -0.192279 0.126174 0.229981
17.79 -0.199922 0.114342 0.23031
17.8 -0.206836 0.102045 0.230639
17.81 -0.212993 0.0893286 0.230967
17.82 -0.218369 0.0762381 0.231295
17.83 -0.222939 0.0628223 0.231622
17.84 -0.226685 0.0491303 0.231948
17.85 -0.229589 0.0352134 0.232273
17.86 -0.231637 0.0211229 0.232598
17.87 -0.23282 0.00691176 0.232922
17.88 -0.233129 -0.00736688 0.233246
17.89 -0.232562 -0.0216594 0.233568
17.9 -0.231117 -0.0359117 0.23389
17.91 -0.228797 -0.0500698 0.234211
17.92 -0.225608 -0.0640799 0.234532
17.93 -0.221559 -0.0778886 0.234851
17.94 -0.216664 -0.0914431 0.23517
17.95 -0.210937 -0.104691 0.235488
17.96 -0.204399 -0.117582 0.235806
17.97 -0.19707 -0.130066 0.236122
17.98 -0.188977 -0.142093 0.236438
17.99 -0.180148 -0.153618 0.236752
18 -0.170614 -0.164595 0.237066
18.01 -0.160408 -0.17498 0.237379
18.02 -0.149568 -0.184733 0.237691
18.03 -0.138134 -0.193815 0.238003
18.04 -0.126145 -0.202189 0.238313
18.05 -0.113646 -0.209822 0.238622
18.06 -0.100684 -0.216681 0.238931
18.07 -0.0873056 -0.222739 0.239238
18.08 -0.0735605 -0.227971 0.239545
18.09 -0.0595 -0.232353 0.239851
18.1 -0.0451764 -0.235868 0.240155
18.11 -0.0306438 -0.238498 0.240459
18.12 -0.0159561 -0.240232 0.240761
18.13 -0.0011696 -0.24106 0.241063
18.14 0.0136608 -0.240977 0.241364
18.15 0.0284778 -0.23998 0.241664
18.16 0.0432258 -0.23807 0.241963
18.17 0.0578478 -0.235252 0.24226
18.18 0.0722885 -0.231535 0.242557
18.19 0.0864916 -0.226928 0.242852
18.2 0.100403 -0.221449 0.243147
18.21 0.113969 -0.215115 0.243441
18.22 0.127136 -0.207948 0.243733
18.23 0.139853 -0.199973 0.244025
18.24 0.152071 -0.191218 0.244315
18.25 0.163742 -0.181714 0.244604
18.26 0.174819 -0.171495 0.244893
18.27 0.185259 -0.160599 0.24518
18.28 0.19502 -0.149066 0.245466
18.29 0.204063 -0.136937 0.245751
18.3 0.212351 -0.124257 0.246034
18.31 0.219852 -0.111073 0.246317
18.32 0.226533 -0.0974352 0.246599
18.33 0.232368 -0.0833929 0.246879
18.34 0.237332 -0.0689994 0.247159
18.35 0.241403 -0.0543086 0.247437
18.36 0.244564 -0.0393761 0.247714
18.37 0.246801 -0.0242582 0.24799
18.38 0.248101 -0.0090122 0.248265
18.39 0.248458 0.00630354 0.248538
18.4 0.247869 0.0216311 0.248811
18.41 0.246332 0.0369114 0.249082
18.42 0.243851 0.0520861 0.249352
18.43 0.240435 0.0670966 0.249621
18.44 0.236092 0.0818852 0.249889
18.45 0.230838 0.0963944 0.250156
18.46 0.224689 0.110568 0.250421
18.47 0.217669 0.124351 0.250685
18.48 0.209801 0.13769 0.250948
18.49 0.201114 0.150532 0.25121
18.5 0.191638 0.162826 0.251471
18.51 0.181409 0.174525 0.25173
18.52 0.170463 0.185582 0.251989
18.53 0.158841 0.195952 0.252245
18.54 0.146587 0.205595 0.252501
18.55 0.133744 0.214471 0.252756
18.56 0.120362 0.222545 0.253009
18.57 0.106491 0.229784 0.253261
18.58 0.0921823 0.236158 0.253512
18.59 0.0774902 0.24164 0.253761
18.6 0.0624707 0.246208 0.25401
18.61 0.0471801 0.249841 0.254257
18.62 0.0316773 0.252523 0.254502
18.63 0.0160208 0.254243 0.254747
18.64 0.000271255 0.25499 0.25499
18.65 -0.0155117 0.25476 0.255232
18.66 -0.0312667 0.253552 0.255473
18.67 -0.0469334 0.251368 0.255712
18.68 -0.062451 0.248214 0.25595
18.69 -0.0777597 0.2441 0.256187
18.7 -0.0927995 0.239041 0.256422
18.71 -0.107512 0.233052 0.256656
18.72 -0.12184 0.226156 0.256889
18.73 -0.135728 0.218377 0.25712
18.74 -0.14912 0.209743 0.25735
18.75 -0.161964 0.200286 0.257579
18.76 -0.174209 0.19004 0.257806
18.77 -0.185806 0.179043 0.258032
18.78 -0.19671 0.167336 0.258256
18.79 -0.206877 0.154963 0.258479
18.8 -0.216266 0.14197 0.258701
18.81 -0.224838 0.128406 0.258921
18.82 -0.23256 0.114322 0.25914
18.83 -0.239399 0.0997723 0.259358
18.84 -0.245328 0.0848114 0.259574
18.85 -0.25032 0.0694964 0.259788
18.86 -0.254356 0.0538861 0.260002
18.87 -0.257417 0.0380402 0.260213
18.88 -0.259491 0.0220198 0.260423
18.89 -0.260565 0.00588616 0.260632
18.9 -0.260636 -0.0102978 0.260839
18.91 -0.259699 -0.0264701 0.261045
18.92 -0.257758 -0.0425675 0.261249
18.93 -0.254816 -0.0585278 0.261451
18.94 -0.250885 -0.0742882 0.261652
18.95 -0.245976 -0.0897881 0.261852
18.96 -0.240108 -0.104966 0.262049
18.97 -0.233302 -0.119763 0.262246
18.98 -0.225581 -0.13412 0.26244
18.99 -0.216974 -0.147981 0.262633
19 -0.207513 -0.161291 0.262824
19.01 -0.197234 -0.173997 0.263014
19.02 -0.186173 -0.186049 0.263201
19.03 -0.174375 -0.197399 0.263388
19.04 -0.161881 -0.208001 0.263572
19.05 -0.148741 -0.217813 0.263755
19.06 -0.135004 -0.226795 0.263935
19.07 -0.120723 -0.23491 0.264115
19.08 -0.105951 -0.242125 0.264292
19.09 -0.0907469 -0.248411 0.264467
19.1 -0.0751676 -0.253741 0.264641
19.11 -0.0592742 -0.258094 0.264813
19.12 -0.0431274 -0.26145 0.264983
19.13 -0.0267905 -0.263794 0.265151
19.14 -0.0103263 -0.265116 0.265317
19.15 0.00620074 -0.265409 0.265481
19.16 0.0227262 -0.26467 0.265644
19.17 0.0391858 -0.262899 0.265804
19.18 0.0555147 -0.260104 0.265962
19.19 0.0716493 -0.256292 0.266119
19.2 0.0875258 -0.251477 0.266273
19.21 0.103082 -0.245676 0.266425
19.22 0.118256 -0.23891 0.266576
19.23 0.132989 -0.231205 0.266724
19.24 0.147221 -0.222589 0.26687
19.25 0.160897 -0.213094 0.267014
19.26 0.173961 -0.202756 0.267156
19.27 0.186362 -0.191615 0.267296
19.28 0.198051 -0.179713 0.267434
19.29 0.20898 -0.167095 0.267569
19.3 0.219105 -0.15381 0.267702
19.31 0.228386 -0.13991 0.267834
19.32 0.236784 -0.125447 0.267962
19.33 0.244267 -0.110479 0.268089
19.34 0.250802 -0.0950622 0.268213
19.35 0.256363 -0.0792577 0.268336
19.36 0.260928 -0.0631264 0.268455
19.37 0.264476 -0.046732 0.268573
19.38 0.266992 -0.0301378 0.268688
19.39 0.268466 -0.0134097 0.268801
19.4 0.26889 0.0033875 0.268911
19.41 0.268261 0.0201871 0.269019
19.42 0.26658 0.0369234 0.269125
19.43 0.263853 0.0535301 0.269228
19.44 0.260089 0.0699421 0.269329
19.45 0.255301 0.0860938 0.269427
19.46 0.249508 0.101922 0.269523
19.47 0.242732 0.117363 0.269616
19.48 0.234997 0.132357 0.269707
19.49 0.226333 0.146843 0.269795
19.5 0.216774 0.160763 0.269881
19.51 0.206356 0.174063 0.269964
19.52 0.195119 0.186688 0.270045
19.53 0.183108 0.198589 0.270122
19.54 0.170368 0.209718 0.270198
19.55 0.15695 0.22003 0.270271
19.56 0.142905 0.229482 0.270341
19.57 0.128289 0.238039 0.270408
19.58 0.113159 0.245663 0.270473
19.59 0.0975746 0.252326 0.270535
19.6 0.0815968 0.257998 0.270594
19.61 0.0652886 0.262658 0.270651
19.62 0.0487142 0.266285 0.270704
19.63 0.0319394 0.268865 0.270755
19.64 0.01503 0.270386 0.270803
19.65 -0.00194644 0.270842 0.270849
19.66 -0.0189235 0.27023 0.270892
19.67 -0.0358328 0.268551 0.270931
19.68 -0.0526082 0.265812 0.270968
19.69 -0.0691823 0.262023 0.271002
19.7 -0.0854897 0.257198 0.271034
19.71 -0.101465 0.251355 0.271062
19.72 -0.117045 0.244517 0.271087
19.73 -0.132167 0.236711 0.271109
19.74 -0.146771 0.227967 0.271129
19.75 -0.160799 0.21832 0.271145
19.76 -0.174195 0.207806 0.271159
19.77 -0.186904 0.196468 0.271169
19.78 -0.198876 0.184351 0.271177
19.79 -0.210063 0.171501 0.271181
19.8 -0.220421 0.157971 0.271183
19.81 -0.229906 0.143813 0.271181
19.82 -0.238482 0.129084 0.271176
19.83 -0.246114 0.113842 0.271169
19.84 -0.252771 0.0981482 0.271157
19.85 -0.258426 0.0820642 0.271143
19.86 -0.263057 0.0656545 0.271126
19.87 -0.266644 0.0489842 0.271106
19.88 -0.269172 0.0321202 0.271082
19.89 -0.270633 0.0151294 0.271055
19.9 -0.271018 -0.00192018 0.271025
19.91 -0.270328 -0.0189605 0.270992
19.92 -0.268563 -0.0359236 0.270955
19.93 -0.265732 -0.0527414 0.270915
19.94 -0.261845 -0.0693468 0.270872
19.95 -0.256917 -0.0856733 0.270825
19.96 -0.250969 -0.101656 0.270775
19.97 -0.244024 -0.117229 0.270722
19.98 -0.23611 -0.132333 0.270666
19.99 -0.227258 -0.146905 0.270605
20 -0.217504 -0.160888 0.270542
20.01 -0.206887 -0.174225 0.270475
20.02 -0.19545 -0.186864 0.270405
20.03 -0.183238 -0.198752 0.270331
20.04 -0.170301 -0.209844 0.270253
20.05 -0.156691 -0.220093 0.270172
20.06 -0.142462 -0.22946 0.270088
20.07 -0.127671 -0.237907 0.269999
20.08 -0.112379 -0.2454 0.269908
20.09 -0.096646 -0.251909 0.269812
20.1 -0.0805365 -0.257408 0.269713
20.11 -0.0641147 -0.261876 0.26961
20.12 -0.0474474 -0.265294 0.269503
20.13 -0.0306009 -0.267649 0.269393
20.14 -0.013644 -0.268933 0.269279
20.15 0.00335573 -0.26914 0.269161
20.16 0.020329 -0.26827 0.269039
20.17 0.0372082 -0.266327 0.268913
20.18 0.0539246 -0.263318 0.268783
20.19 0.0704114 -0.259258 0.26865
20.2 0.0866018 -0.254163 0.268512
20.21 0.102431 -0.248054 0.268371
20.22 0.117834 -0.240956 0.268225
20.23 0.132751 -0.232898 0.268075
20.24 0.14712 -0.223914 0.267921
20.25 0.160885 -0.214041 0.267764
20.26 0.173989 -0.203318 0.267601
20.27 0.186381 -0.191791 0.267435
20.28 0.19801 -0.179506 0.267265
20.29 0.20883 -0.166515 0.26709
20.3 0.218799 -0.152868 0.266911
20.31 0.227875 -0.138624 0.266728
20.32 0.236024 -0.123841 0.266541
20.33 0.243213 -0.108577 0.266349
20.34 0.249414 -0.0928969 0.266153
20.35 0.254602 -0.0768635 0.265952
20.36 0.258759 -0.0605429 0.265747
20.37 0.261866 -0.0440011 0.265537
20.38 0.263915 -0.0273061 0.265324
20.39 0.264896 -0.0105256 0.265105
20.4 0.264808 0.00627181 0.264882
20.41 0.263652 0.0230182 0.264655
20.42 0.261434 0.0396447 0.264423
20.43 0.258165 0.0560847 0.264186
20.44 0.253858 0.0722706 0.263945
20.45 0.248534 0.0881376 0.2637
20.46 0.242215 0.103621 0.263449
20.47 0.234928 0.118658 0.263194
20.48 0.226705 0.133188 0.262934
20.49 0.217581 0.147153 0.26267
20.5 0.207593 0.160496 0.2624
20.51 0.196784 0.173165 0.262126
20.52 0.185201 0.185107 0.261847
20.53 0.17289 0.196277 0.261564
20.54 0.159905 0.206628 0.261275
20.55 0.146298 0.216121 0.260982
20.56 0.132128 0.224718 0.260684
20.57 0.117452 0.232386 0.260381
20.58 0.102332 0.239094 0.260073
20.59 0.0868318 0.244817 0.25976
20.6 0.0710137 0.249534 0.259442
20.61 0.0549444 0.253227 0.25912
20.62 0.0386897 0.255884 0.258792
20.63 0.0223172 0.257494 0.258459
20.64 0.00589376 0.258055 0.258122
20.65 -0.0105127 0.257565 0.257779
20.66 -0.0268349 0.256029 0.257432
20.67 -0.0430062 0.253456 0.257079
20.68 -0.05896 0.249859 0.256722
20.69 -0.0746318 0.245255 0.256359
20.7 -0.0899573 0.239665 0.255991
20.71 -0.104875 0.233114 0.255618
20.72 -0.119323 0.225632 0.255241
20.73 -0.133245 0.217252 0.254858
20.74 -0.146583 0.20801 0.25447
20.75 -0.159285 0.197948 0.254077
20.76 -0.171299 0.187108 0.253678
20.77 -0.182579 0.175537 0.253275
20.78 -0.193079 0.163285 0.252866
20.79 -0.202758 0.150405 0.252453
20.8 -0.211579 0.13695 0.252034
20.81 -0.219507 0.12298 0.25161
20.82 -0.226513 0.108552 0.251181
20.83 -0.23257 0.0937281 0.250746
20.84 -0.237656 0.0785699 0.250307
20.85 -0.241752 0.0631419 0.249862
20.86 -0.244846 0.0475081 0.249412
20.87 -0.246926 0.0317344 0.248957
20.88 -0.247989 0.0158861 0.248497
20.89 -0.248031 2.9479e-05 0.248031
20.9 -0.247058 -0.0157701 0.247561
20.91 -0.245075 -0.0314469 0.247085
20.92 -0.242096 -0.0469369 0.246604
20.93 -0.238134 -0.0621757 0.246117
20.94 -0.233211 -0.0771015 0.245626
20.95 -0.227349 -0.0916533 0.245129
20.96 -0.220578 -0.105772 0.244627
20.97 -0.212927 -0.1194 0.244119
20.98 -0.204432 -0.132483 0.243606
20.99 -0.195131 -0.144968 0.243088
21 -0.185067 -0.156806 0.242565
21.01 -0.174283 -0.16795 0.242037
21.02 -0.162829 -0.178355 0.241503
21.03 -0.150752 -0.187982 0.240964
21.04 -0.138108 -0.196793 0.240419
21.05 -0.12495 -0.204756 0.23987
21.06 -0.111336 -0.211839 0.239315
21.07 -0.0973237 -0.218018 0.238755
21.08 -0.082974 -0.223269 0.238189
21.09 -0.0683482 -0.227576 0.237618
21.1 -0.0535082 -0.230923 0.237042
21.11 -0.0385177 -0.233302 0.23646
21.12 -0.0234391 -0.234706 0.235873
21.13 -0.0083368 -0.235134 0.235281
21.14 0.00672663 -0.234587 0.234684
21.15 0.0216874 -0.233074 0.234081
21.16 0.0364843 -0.230605 0.233473
21.17 0.0510549 -0.227194 0.232859
21.18 0.0653402 -0.22286 0.232241
21.19 0.0792808 -0.217625 0.231617
21.2 0.0928202 -0.211517 0.230987
21.21 0.105903 -0.204565 0.230352
21.22 0.118477 -0.196802 0.229713
21.23 0.130492 -0.188265 0.229067
21.24 0.1419 -0.178993 0.228417
21.25 0.152656 -0.16903 0.227761
21.26 0.162717 -0.158422 0.2271
21.27 0.172046 -0.147214 0.226433
21.28 0.180607 -0.13546 0.225761
21.29 0.188367 -0.12321 0.225084
21.3 0.195299 -0.11052 0.224402
21.31 0.201377 -0.0974452 0.223715
21.32 0.20658 -0.084043 0.223022
21.33 0.210893 -0.0703717 0.222324
21.34 0.2143 -0.0564909 0.22162
21.35 0.216793 -0.0424605 0.220912
21.36 0.218367 -0.0283406 0.220198
21.37 0.21902 -0.0141918 0.21948
21.38 0.218755 -7.38486e-05 0.218755
21.39 0.21758 0.0139532 0.218026
21.4 0.215502 0.0278307 0.217292
21.41 0.212539 0.0415005 0.216553
21.42 0.208707 0.054906 0.215808
21.43 0.204028 0.0679915 0.215059
21.44 0.198527 0.0807041 0.214304
21.45 0.192234 0.0929912 0.213544
21.46 0.185179 0.104804 0.21278
21.47 0.177398 0.116095 0.21201
21.48 0.168929 0.12682 0.211235
21.49 0.159813 0.136936 0.210455
21.5 0.150092 0.146405 0.209671
21.51 0.139812 0.15519 0.208881
21.52 0.129022 0.163259 0.208087
21.53 0.11777 0.170583 0.207288
21.54 0.106108 0.177135 0.206484
21.55 0.0940887 0.182893 0.205675
21.56 0.0817663 0.187837 0.204862
21.57 0.0691952 0.191953 0.204044
21.58 0.0564317 0.195229 0.203221
21.59 0.0435312 0.197657 0.202393
21.6 0.0305508 0.199233 0.201561
21.61 0.0175459 0.199956 0.200725
21.62 0.00457331 0.199831 0.199883
21.63 -0.00831197 0.198864 0.199038
21.64 -0.0210552 0.197066 0.198187
21.65 -0.0336026 0.194451 0.197333
21.66 -0.045902 0.191037 0.196474
21.67 -0.0579021 0.186845 0.195611
21.68 -0.0695542 0.181899 0.194743
21.69 -0.0808102 0.176227 0.193871
21.7 -0.0916257 0.169859 0.192995
21.71 -0.101957 0.162828 0.192115
21.72 -0.111764 0.155171 0.191231
21.73 -0.121009 0.146926 0.190342
21.74 -0.129656 0.138133 0.18945
21.75 -0.137674 0.128835 0.188554
21.76 -0.145033 0.119077 0.187654
21.77 -0.151707 0.108905 0.18675
21.78 -0.157674 0.0983669 0.185842
21.79 -0.162914 0.0875113 0.18493
21.8 -0.167411 0.0763888 0.184015
21.81 -0.171152 0.0650491 0.183096
21.82 -0.174127 0.0535443 0.182174
21.83 -0.176332 0.0419251 0.181248
21.84 -0.177764 0.0302439 0.180319
21.85 -0.178424 0.0185512 0.179386
21.86 -0.178316 0.00689864 0.17845
21.87 -0.177449 -0.00466402 0.17751
21.88 -0.175833 -0.0160869 0.176568
21.89 -0.173484 -0.027322 0.175622
21.9 -0.170417 -0.0383217 0.174673
21.91 -0.166655 -0.049041 0.173721
21.92 -0.162221 -0.0594354 0.172766
21.93 -0.15714 -0.0694633 0.171808
21.94 -0.151442 -0.0790843 0.170848
21.95 -0.145158 -0.0882606 0.169884
21.96 -0.138321 -0.0969571 0.168918
21.97 -0.130967 -0.10514 0.167949
21.98 -0.123135 -0.11278 0.166978
21.99 -0.114863 -0.119849 0.166003
22 -0.106192 -0.126322 0.165027
22.01 -0.0971657 -0.132176 0.164048
22.02 -0.0878266 -0.137395 0.163067
22.03 -0.0782195 -0.14196 0.162083
22.04 -0.0683897 -0.14586 0.161097
22.05 -0.0583828 -0.149086 0.160109
22.06 -0.048245 -0.151629 0.15912
22.07 -0.0380224 -0.153488 0.158127
22.08 -0.0277612 -0.154662 0.157134
22.09 -0.0175068 -0.155153 0.156138
22.1 -0.00730484 -0.154968 0.15514
22.11 0.00280085 -0.154116 0.154141
22.12 0.0127659 -0.152607 0.15314
22.13 0.0225489 -0.150457 0.152138
22.14 0.0321079 -0.147683 0.151133
22.15 0.0414039 -0.144306 0.150128
22.16 0.0503985 -0.140346 0.149121
22.17 0.0590559 -0.13583 0.148113
22.18 0.0673416 -0.130784 0.147103
22.19 0.0752238 -0.125238 0.146093
22.2 0.0826723 -0.119222 0.145081
22.21 0.0896597 -0.112769 0.144068
22.22 0.0961608 -0.105914 0.143055
22.23 0.102153 -0.0986923 0.14204
22.24 0.107616 -0.091141 0.141025
22.25 0.112534 -0.0832988 0.140009
22.26 0.11689 -0.0752036 0.138992
22.27 0.120673 -0.066896 0.137975
22.28 0.123875 -0.0584151 0.136957
22.29 0.126488 -0.0498021 0.135939
22.3 0.128509 -0.041097 0.134921
22.31 0.129938 -0.03234 0.133902
22.32 0.130776 -0.0235715 0.132883
22.33 0.131027 -0.0148307 0.131864
22.34 0.1307 -0.00615678 0.130845
22.35 0.129803 0.00241245 0.129826
22.36 0.12835 0.0108396 0.128807
22.37 0.126354 0.0190893 0.127788
22.38 0.123833 0.0271263 0.12677
22.39 0.120806 0.034918 0.125752
22.4 0.117295 0.0424325 0.124734
22.41 0.113321 0.0496404 0.123717
22.42 0.108911 0.0565132 0.1227
22.43 0.104091 0.0630255 0.121685
22.44 0.0988891 0.0691527 0.12067
22.45 0.0933349 0.0748736 0.119656
22.46 0.0874588 0.080168 0.118642
22.47 0.0812933 0.085019 0.11763
22.48 0.0748701 0.0894113 0.116619
22.49 0.0682236 0.0933324 0.115609
22.5 0.0613868 0.0967719 0.1146
22.51 0.0543946 0.0997221 0.113593
22.52 0.047281 0.102177 0.112586
22.53 0.040081 0.104135 0.111582
22.54 0.0328284 0.105594 0.110579
22.55 0.0255578 0.106555 0.109578
22.56 0.0183024 0.107024 0.108578
22.57 0.0110955 0.107007 0.10758
22.58 0.00396914 0.106511 0.106585
22.59 -0.00304507 0.105547 0.10559
22.6 -0.00991706 0.104128 0.104599
22.61 -0.0166177 0.102268 0.103609
22.62 -0.0231188 0.0999836 0.102622
22.63 -0.0293944 0.0972929 0.101636
22.64 -0.035419 0.0942158 0.100654
22.65 -0.0411701 0.0907732 0.0996732
22.66 -0.0466251 0.0869877 0.0986953
22.67 -0.051765 0.0828832 0.0977202
22.68 -0.0565712 0.0784845 0.0967477
22.69 -0.0610281 0.0738175 0.0957781
22.7 -0.065121 0.0689088 0.0948112
22.71 -0.0688383 0.0637859 0.0938475
22.72 -0.0721693 0.0584764 0.0928865
22.73 -0.0751063 0.053009 0.0919289
22.74 -0.0776428 0.0474119 0.0909742
22.75 -0.0797752 0.0417139 0.090023
22.76 -0.0815009 0.0359434 0.0890748
22.77 -0.0828203 0.0301291 0.0881304
22.78 -0.0837349 0.0242986 0.0871892
22.79 -0.0842487 0.0184802 0.0862517
22.8 -0.0843673 0.0127001 0.0853179
22.81 -0.0840979 0.00698542 0.0843876
22.82 -0.0834502 0.00136115 0.0834613
22.83 -0.0824344 -0.00414781 0.0825386
22.84 -0.0810633 -0.00951807 0.0816201
22.85 -0.0793504 -0.0147271 0.0807055
22.86 -0.0773113 -0.0197539 0.079795
22.87 -0.074962 -0.0245783 0.0788885
22.88 -0.0723209 -0.0291819 0.0779865
22.89 -0.0694059 -0.0335478 0.0770885
22.9 -0.0662374 -0.0376603 0.0761951
22.91 -0.0628354 -0.0415053 0.0753059
22.92 -0.0592215 -0.0450705 0.0744214
22.93 -0.0554171 -0.0483451 0.0735412
22.94 -0.051445 -0.0513197 0.0726657
22.95 -0.0473274 -0.0539874 0.071795
22.96 -0.0430875 -0.0563416 0.0709288
22.97 -0.038748 -0.0583788 0.0700678
22.98 -0.034332 -0.0600958 0.0692112
22.99 -0.0298625 -0.0614923 0.0683599
23 -0.0253617 -0.0625686 0.0675133
23.01 -0.0208523 -0.063327 0.0666718
23.02 -0.016356 -0.0637712 0.0658353
23.03 -0.0118941 -0.0639067 0.0650041
23.04 -0.00748703 -0.0637396 0.0641778
23.05 -0.00315519 -0.0632783 0.0633569
23.06 0.00108297 -0.0625319 0.0625413
23.07 0.00520859 -0.0615107 0.0617309
23.08 0.00920507 -0.0602264 0.0609258
23.09 0.0130556 -0.0586916 0.0601262
23.1 0.0167457 -0.0569199 0.0593321
23.11 0.0202609 -0.0549254 0.0585431
23.12 0.0235888 -0.0527238 0.0577602
23.13 0.0267177 -0.0503304 0.0569823
23.14 0.0296374 -0.0477622 0.0562104
23.15 0.0323391 -0.0450356 0.0554438
23.16 0.0348148 -0.0421684 0.0546831
23.17 0.0370586 -0.0391777 0.053928
23.18 0.039065 -0.0360818 0.0531787
23.19 0.0408307 -0.0328981 0.052435
23.2 0.042353 -0.029645 0.0516972
23.21 0.043631 -0.0263399 0.0509652
23.22 0.0446646 -0.0230007 0.050239
23.23 0.0454556 -0.0196445 0.0495188
23.24 0.0460059 -0.0162884 0.0488043
23.25 0.04632 -0.0129491 0.048096
23.26 0.046402 -0.00964251 0.0473933
23.27 0.0462585 -0.00638425 0.0466969
23.28 0.0458955 -0.00318887 0.0460062
23.29 0.0453217 -7.10706e-05 0.0453217
23.3 0.0445451 0.0029565 0.0446431
23.31 0.0435756 0.00588053 0.0439706
23.32 0.0424233 0.00869003 0.0433042
23.33 0.041099 0.0113735 0.0426437
23.34 0.0396145 0.0139217 0.0419895
23.35 0.0379814 0.0163252 0.0413412
23.36 0.0362123 0.0185765 0.0406991
23.37 0.0343201 0.0206682 0.040063
23.38 0.0323179 0.022595 0.0394333
23.39 0.0302188 0.0243513 0.0388093
23.4 0.0280366 0.0259338 0.0381918
23.41 0.0257844 0.0273394 0.0375802
23.42 0.023476 0.0285662 0.036975
23.43 0.0211244 0.0296134 0.0363757
23.44 0.0187434 0.030481 0.0357828
23.45 0.0163454 0.0311702 0.0351959
23.46 0.0139438 0.0316824 0.0346151
23.47 0.0115503 0.0320212 0.0340406
23.48 0.00917734 0.0321894 0.0334721
23.49 0.0068363 0.0321921 0.03291
23.5 0.00453812 0.0320339 0.0323538
23.51 0.00229344 0.0317211 0.0318039
23.52 0.000111946 0.0312598 0.03126
23.53 -0.00199705 0.0306574 0.0307224
23.54 -0.00402493 0.0299212 0.0301907
23.55 -0.00596383 0.0290598 0.0296654
23.56 -0.00780673 0.028081 0.029146
23.57 -0.00954682 0.0269943 0.0286328
23.58 -0.0111789 0.0258086 0.0281256
23.59 -0.0126976 0.0245334 0.0276245
23.6 -0.014099 0.0231782 0.0271295
23.61 -0.0153795 0.0217528 0.0266405
23.62 -0.0165368 0.0202672 0.0261577
23.63 -0.0175684 0.0187307 0.0256805
23.64 -0.0184737 0.0171538 0.0252097
23.65 -0.0192519 0.0155455 0.0247446
23.66 -0.0199034 0.0139158 0.0242857
23.67 -0.020429 0.0122737 0.0238325
23.68 -0.0208304 0.0106287 0.0233854
23.69 -0.0211098 0.00898928 0.0229441
23.7 -0.02127 0.00736408 0.0225087
23.71 -0.0213143 0.00576108 0.0220791
23.72 -0.0212466 0.00418838 0.0216554
23.73 -0.0210712 0.00265271 0.0212376
23.74 -0.0207929 0.00116155 0.0208253
23.75 -0.0204171 -0.000279182 0.020419
23.76 -0.019949 -0.00166333 0.0200182
23.77 -0.0193948 -0.0029857 0.0196233
23.78 -0.0187603 -0.00424135 0.0192338
23.79 -0.0180524 -0.00542595 0.0188502
23.8 -0.0172769 -0.00653594 0.0184719
23.81 -0.0164413 -0.00756778 0.0180994
23.82 -0.0155517 -0.0085192 0.0177323
23.83 -0.0146154 -0.00938765 0.0173706
23.84 -0.0136391 -0.010172 0.0170146
23.85 -0.0126297 -0.0108708 0.0166638
23.86 -0.0115938 -0.0114838 0.0163185
23.87 -0.0105383 -0.0120107 0.0159785
23.88 -0.00946945 -0.0124523 0.0156439
23.89 -0.00839388 -0.012809 0.0153143
23.9 -0.0073177 -0.0130828 0.0149903
23.91 -0.00624663 -0.0132748 0.0146711
23.92 -0.0051868 -0.0133877 0.0143573
23.93 -0.00414315 -0.0134236 0.0140484
23.94 -0.00312122 -0.0133857 0.0137447
23.95 -0.00212537 -0.0132769 0.013446
23.96 -0.00116061 -0.0131009 0.0131522
23.97 -0.000230415 -0.0128613 0.0128634
23.98 0.000660875 -0.012562 0.0125793
23.99 0.00151026 -0.0122072 0.0123003
24 0.00231452 -0.011801 0.0120258
24.01 0.00307109 -0.0113481 0.0117563
24.02 0.00377769 -0.0108526 0.0114913
24.03 0.00443242 -0.0103194 0.0112311
24.04 0.00503376 -0.0097529 0.0109753
24.05 0.00558067 -0.00915785 0.0107243
24.06 0.0060722 -0.00853851 0.0104775
24.07 0.006508 -0.00789996 0.0102354
24.08 0.00688812 -0.00724605 0.00999757
24.09 0.00721244 -0.00658163 0.00976407
24.1 0.00748194 -0.00591071 0.00953498
24.11 0.0076971 -0.00523748 0.00931002
24.12 0.00785941 -0.00456588 0.00908942
24.13 0.00796982 -0.00389969 0.00887275
24.14 0.00803052 -0.00324256 0.00866046
24.15 0.00804289 -0.00259773 0.008452
24.16 0.00800928 -0.00196858 0.00824766
24.17 0.00793183 -0.0013578 0.00804721
24.18 0.007813 -0.000768383 0.00785069
24.19 0.00765532 -0.000202545 0.007658
24.2 0.00746148 0.000337318 0.0074691
24.21 0.00723424 0.000849304 0.00728393
24.22 0.00697659 0.00133161 0.00710254
24.23 0.00669121 0.00178302 0.0069247
24.24 0.00638125 0.00220186 0.00675045
24.25 0.0060497 0.0025877 0.0065799
24.26 0.00569926 0.00293939 0.00641261
24.27 0.00533327 0.00325666 0.00624897
24.28 0.0049543 0.00353918 0.00608858
24.29 0.00456553 0.00378693 0.00593169
24.3 0.00416938 0.00400007 0.00577791
24.31 0.003769 0.00417899 0.00562755
24.32 0.00336662 0.00432432 0.00548032
24.33 0.00296497 0.00443667 0.00533621
24.34 0.00256635 0.00451718 0.00519529
24.35 0.00217305 0.00456667 0.00505733
24.36 0.00178716 0.00458656 0.00492245
24.37 0.00141071 0.00457807 0.00479049
24.38 0.00104544 0.00454271 0.00466146
24.39 0.000693197 0.00448197 0.00453526
24.4 0.000355213 0.0043977 0.00441202
24.41 3.30711e-05 0.0042912 0.00429133
24.42 -0.000272074 0.00416475 0.00417362
24.43 -0.00055944 0.00401971 0.00405845
24.44 -0.000827802 0.00385814 0.00394595
24.45 -0.0010768 0.00368184 0.00383607
24.46 -0.00130558 0.00349265 0.0037287
24.47 -0.00151411 0.00329239 0.00362386
24.48 -0.00170175 0.00308294 0.00352143
24.49 -0.00186874 0.00286609 0.0034215
24.5 -0.00201496 0.00264349 0.00332386
24.51 -0.00214061 0.00241702 0.00322865
24.52 -0.00224595 0.00218812 0.00313563
24.53 -0.0023315 0.00195851 0.00304494
24.54 -0.00239764 0.00172961 0.00295639
24.55 -0.00244513 0.00150288 0.00287007
24.56 -0.00247449 0.00127957 0.00278574
24.57 -0.00248678 0.00106114 0.00270372
24.58 -0.00248262 0.000848336 0.00262356
24.59 -0.00246297 0.000642704 0.00254545
24.6 -0.00242906 0.000444748 0.00246944
24.61 -0.0023815 0.000255549 0.00239517
24.62 -0.00232172 7.57886e-05 0.00232296
24.63 -0.0022505 -9.38871e-05 0.00225246
24.64 -0.00216924 -0.000252977 0.00218394
24.65 -0.00207871 -0.000400982 0.00211703
24.66 -0.00198031 -0.000537548 0.00205197
24.67 -0.001875 -0.000662569 0.00198862
24.68 -0.00176391 -0.00077567 0.00192693
24.69 -0.00164805 -0.000877016 0.00186687
24.7 -0.00152856 -0.000966457 0.00180846
24.71 -0.00140634 -0.00104418 0.0017516
24.72 -0.00128245 -0.00111031 0.00169631
24.73 -0.00115768 -0.00116515 0.0016425
24.74 -0.00103312 -0.00120881 0.00159014
24.75 -0.00090941 -0.001242 0.00153935
24.76 -0.000787316 -0.00126471 0.00148975
24.77 -0.000667831 -0.00127775 0.00144175
24.78 -0.000551204 -0.00128145 0.00139497
24.79 -0.000438406 -0.00127635 0.00134955
24.8 -0.00032972 -0.00126307 0.0013054
24.81 -0.000225841 -0.00124219 0.00126255
24.82 -0.000126991 -0.00121426 0.00122089
24.83 -3.36812e-05 -0.00117992 0.0011804
24.84 5.38391e-05 -0.00113991 0.00114118
24.85 0.000135329 -0.00109467 0.00110301
24.86 0.000210649 -0.00104502 0.00106604
24.87 0.000279562 -0.000991467 0.00103013
24.88 0.000342104 -0.000934658 0.000995299
24.89 0.000398159 -0.000875184 0.000961498
24.9 0.000447857 -0.000813658 0.000928771
24.91 0.000491073 -0.000750509 0.000896893
24.92 0.000528081 -0.000686546 0.000866149
24.93 0.000559028 -0.000621921 0.00083624
24.94 0.000583844 -0.000557441 0.000807226
24.95 0.000603111 -0.00049341 0.000779228
24.96 0.000616746 -0.000430222 0.000751975
24.97 0.000625209 -0.000368336 0.000725643
24.98 0.000628654 -0.000308105 0.000700096
24.99 0.000627494 -0.000249783 0.000675382
25 0.000621965 -0.000193679 0.000651423
25.01 0.00061241 -0.000140152 0.000628242
25.02 0.000599165 -8.92414e-05 0.000605775
25.03 0.00058263 -4.12783e-05 0.000584091
25.04 0.00056302 3.63823e-06 0.000563032
25.05 0.000540799 4.54112e-05 0.000542702
25.06 0.000516219 8.392e-05 0.000522996
25.07 0.00048971 0.000119095 0.000503984
25.08 0.000461444 0.000151 0.000485522
25.09 0.000431882 0.000179401 0.000467661
25.1 0.000401356 0.000204632 0.000450512
25.11 0.000369921 0.00022645 0.000433729
25.12 0.000338209 0.000245048 0.000417653
25.13 0.000306206 0.000260558 0.00040206
25.14 0.000274303 0.000273006 0.000387007
25.15 0.00024267 0.000282505 0.000372422
25.16 0.000211565 0.000289267 0.000358378
25.17 0.000181152 0.000293396 0.000344815
25.18 0.000151611 0.000294957 0.000331641
25.19 0.000123088 0.000294264 0.00031897
25.2 9.58174e-05 0.000291387 0.000306737
25.21 6.97622e-05 0.000286503 0.000294874
25.22 4.51728e-05 0.000279851 0.000283474
25.23 2.20464e-05 0.000271572 0.000272465
25.24 5.33244e-07 0.000261815 0.000261816
25.25 -1.9436e-05 0.000250883 0.000251635
25.26 -3.77257e-05 0.000238707 0.00024167
25.27 -5.42555e-05 0.00022578 0.000232207
25.28 -6.92847e-05 0.000211987 0.000223022
25.29 -8.24686e-05 0.000197616 0.000214133
25.3 -9.4097e-05 0.000182871 0.00020566
25.31 -0.000104087 0.000167807 0.000197467
25.32 -0.000112504 0.000152573 0.000189567
25.33 -0.000119393 0.000137357 0.000181994
25.34 -0.000124815 0.000122261 0.000174719
25.35 -0.000128838 0.000107293 0.000167663
25.36 -0.000131562 9.27174e-05 0.00016095
25.37 -0.000132957 7.85368e-05 0.00015442
25.38 -0.00013326 6.48204e-05 0.000148189
25.39 -0.000132442 5.17082e-05 0.000142178
25.4 -0.000130636 3.92387e-05 0.000136402
25.41 -0.000127911 2.74034e-05 0.000130814
25.42 -0.000124416 1.63857e-05 0.00012549
25.43 -0.000120199 5.99468e-06 0.000120349
25.44 -0.000115261 -3.47064e-06 0.000115313
25.45 -0.000109947 -1.22137e-05 0.000110623
25.46 -0.000104023 -2.01534e-05 0.000105957
25.47 -9.77914e-05 -2.71924e-05 0.000101502
25.48 -9.12739e-05 -3.34683e-05 9.72165e-05
25.49 -8.45072e-05 -3.89512e-05 9.3052e-05
25.5 -7.76179e-05 -4.36193e-05 8.90347e-05
25.51 -7.06389e-05 -4.75074e-05 8.51281e-05
25.52 -6.3643e-05 -5.07373e-05 8.13923e-05
25.53 -5.6736e-05 -5.31982e-05 7.77755e-05
25.54 -4.98516e-05 -5.49863e-05 7.42205e-05
25.55 -4.31846e-05 -5.61878e-05 7.08659e-05
25.56 -3.66995e-05 -5.67564e-05 6.7588e-05
25.57 -3.04258e-05 -5.677e-05 6.44093e-05
25.58 -2.44303e-05 -5.63275e-05 6.13973e-05
25.59 -1.87444e-05 -5.53564e-05 5.84439e-05
25.6 -1.33838e-05 -5.4079e-05 5.57105e-05
25.61 -8.27271e-06 -5.23241e-05 5.2974e-05
25.62 -3.65078e-06 -5.03074e-05 5.04397e-05
25.63 7.28884e-07 -4.8035e-05 4.80406e-05
25.64 4.71111e-06 -4.54419e-05 4.56854e-05
25.65 8.2829e-06 -4.27095e-05 4.35053e-05
25.66 1.15394e-05 -3.98441e-05 4.14815e-05
25.67 1.4387e-05 -3.6833e-05 3.95431e-05
25.68 1.68877e-05 -3.37422e-05 3.77323e-05
25.69 1.90496e-05 -3.06799e-05 3.61129e-05
25.7 2.08177e-05 -2.75652e-05 3.4543e-05
25.71 2.23427e-05 -2.44517e-05 3.31222e-05
25.72 2.35015e-05 -2.14585e-05 3.18243e-05
25.73 2.43706e-05 -1.84971e-05 3.05952e-05
25.74 2.50079e-05 -1.56351e-05 2.94932e-05
25.75 2.53677e-05 -1.29524e-05 2.84831e-05
25.76 2.54917e-05 -1.03446e-05 2.75107e-05
25.77 2.53923e-05 -7.99326e-06 2.66207e-05
25.78 2.51769e-05 -5.71439e-06 2.58173e-05
25.79 2.46688e-05 -3.66357e-06 2.49393e-05
25.8 2.40962e-05 -1.82914e-06 2.41655e-05
25.81 2.33827e-05 -1.04994e-07 2.33829e-05
25.82 2.24984e-05 1.37809e-06 2.25406e-05
25.83 2.15771e-05 2.6363e-06 2.17376e-05
25.84 2.05395e-05 3.74431e-06 2.0878e-05
25.85 1.94439e-05 4.66169e-06 1.9995e-05
25.86 1.83266e-05 5.34067e-06 1.9089e-05
25.87 1.71072e-05 5.87743e-06 1.80887e-05
25.88 1.59417e-05 6.28294e-06 1.71351e-05
25.89 1.47143e-05 6.44775e-06 1.6065e-05
25.9 1.34437e-05 6.50631e-06 1.49354e-05
25.91 1.22386e-05 6.43304e-06 1.38263e-05
25.92 1.09753e-05 6.15313e-06 1.25824e-05
25.93 9.72603e-06 5.83475e-06 1.1342e-05
25.94 8.46369e-06 5.30447e-06 9.98856e-06
25.95 7.27434e-06 4.77189e-06 8.69982e-06
25.96 5.99881e-06 4.11372e-06 7.27382e-06
25.97 4.78817e-06 3.34991e-06 5.84367e-06
25.98 3.61139e-06 2.60377e-06 4.45216e-06
25.99 2.36914e-06 1.76906e-06 2.95675e-06
26 1.19991e-06 8.68231e-07 1.48108e-06
