0 0.0226221 0.013081 0.0261318
0.01 0.0451643 0.0261062 0.0521665
0.02 0.0675471 0.0390202 0.0780076
0.03 0.0896914 0.0517679 0.103559
0.04 0.111519 0.0642951 0.128726
0.05 0.132953 0.0765481 0.153415
0.06 0.153918 0.0884747 0.177535
0.07 0.17434 0.100024 0.200996
0.08 0.194148 0.111147 0.223712
0.09 0.21327 0.121795 0.245597
0.1 0.23164 0.131923 0.266573
0.11 0.249194 0.141488 0.28656
0.12 0.26587 0.150447 0.305486
0.13 0.28161 0.158764 0.32328
0.14 0.296358 0.166401 0.339878
0.15 0.310063 0.173325 0.355219
0.16 0.322677 0.179506 0.369246
0.17 0.334157 0.184917 0.38191
0.18 0.344462 0.189534 0.393163
0.19 0.353557 0.193336 0.402966
0.2 0.361411 0.196305 0.411283
0.21 0.367997 0.198429 0.418086
0.22 0.373294 0.199696 0.423352
0.23 0.377282 0.2001 0.427062
0.24 0.37995 0.199638 0.429205
0.25 0.381289 0.19831 0.429776
0.26 0.381295 0.19612 0.428776
0.27 0.37997 0.193075 0.426211
0.28 0.377321 0.189188 0.422093
0.29 0.373357 0.184472 0.416443
0.3 0.368093 0.178945 0.409285
0.31 0.361551 0.17263 0.40065
0.32 0.353754 0.165552 0.390576
0.33 0.344732 0.157737 0.379105
0.34 0.334517 0.149219 0.366289
0.35 0.323146 0.14003 0.352182
0.36 0.310663 0.130208 0.336846
0.37 0.297111 0.119792 0.320351
0.38 0.28254 0.108825 0.302773
0.39 0.267002 0.0973519 0.284196
0.4 0.250554 0.0854189 0.264714
0.41 0.233254 0.073075 0.244433
0.42 0.215165 0.0603708 0.223474
0.43 0.196352 0.0473585 0.201982
0.44 0.17688 0.0340918 0.180136
0.45 0.156821 0.0206253 0.158172
0.46 0.136245 0.00701479 0.136425
0.47 0.115225 -0.00668331 0.115418
0.48 0.0938355 -0.0204121 0.09603
0.49 0.0721525 -0.0341145 0.0798109
0.5 0.0502523 -0.0477331 0.069309
0.51 0.0282119 -0.0612112 0.0673998
0.52 0.00610899 -0.0744921 0.0747422
0.53 -0.0159791 -0.08752 0.0889667
0.54 -0.0379751 -0.10024 0.107192
0.55 -0.0598022 -0.112598 0.127494
0.56 -0.0813843 -0.124542 0.148775
0.57 -0.102647 -0.13602 0.170405
0.58 -0.123516 -0.146985 0.191991
0.59 -0.143919 -0.157387 0.213268
0.6 -0.163786 -0.167183 0.234043
0.61 -0.18305 -0.176331 0.254165
0.62 -0.201643 -0.184789 0.273508
0.63 -0.219503 -0.19252 0.291968
0.64 -0.23657 -0.19949 0.309454
0.65 -0.252785 -0.205668 0.325882
0.66 -0.268093 -0.211024 0.341182
0.67 -0.282445 -0.215535 0.35529
0.68 -0.295792 -0.219178 0.368147
0.69 -0.308091 -0.221934 0.379704
0.7 -0.3193 -0.22379 0.389916
0.71 -0.329385 -0.224734 0.398748
0.72 -0.338313 -0.224758 0.406167
0.73 -0.346055 -0.223859 0.412149
0.74 -0.352589 -0.222038 0.416677
0.75 -0.357894 -0.219296 0.419737
0.76 -0.361957 -0.215643 0.421325
0.77 -0.364765 -0.211088 0.42144
0.78 -0.366314 -0.205648 0.420091
0.79 -0.366601 -0.19934 0.417292
0.8 -0.365628 -0.192186 0.413061
0.81 -0.363404 -0.184212 0.407427
0.82 -0.359939 -0.175446 0.400422
0.83 -0.35525 -0.165921 0.392087
0.84 -0.349355 -0.155672 0.38247
0.85 -0.34228 -0.144737 0.371624
0.86 -0.334053 -0.133157 0.359614
0.87 -0.324705 -0.120977 0.346509
0.88 -0.314272 -0.108241 0.33239
0.89 -0.302794 -0.0949999 0.317347
0.9 -0.290313 -0.0813037 0.301483
0.91 -0.276877 -0.0672051 0.284917
0.92 -0.262535 -0.0527592 0.267784
0.93 -0.247338 -0.0380217 0.250244
0.94 -0.231343 -0.0230505 0.232488
0.95 -0.214607 -0.00790396 0.214752
0.96 -0.197189 0.00735831 0.197327
0.97 -0.179153 0.0226762 0.180583
0.98 -0.160563 0.037989 0.164996
0.99 -0.141483 0.0532363 0.151167
1 -0.121982 0.0683571 0.139829
1.01 -0.102127 0.0832913 0.131785
1.02 -0.0819881 0.0979791 0.127757
1.03 -0.0616351 0.112361 0.128156
1.04 -0.0411382 0.12638 0.132907
1.05 -0.0205681 0.139979 0.141482
1.06 4.70714e-06 0.153102 0.153102
1.07 0.0205101 0.165696 0.166961
1.08 0.0408783 0.17771 0.182351
1.09 0.0610407 0.189093 0.198701
1.1 0.0809292 0.199799 0.215567
1.11 0.100477 0.209783 0.232604
1.12 0.11962 0.219003 0.249543
1.13 0.138294 0.22742 0.266168
1.14 0.156438 0.234998 0.282306
1.15 0.173993 0.241703 0.297815
1.16 0.1909 0.247506 0.312574
1.17 0.207107 0.252382 0.326481
1.18 0.222561 0.256306 0.33945
1.19 0.237212 0.259261 0.351405
1.2 0.251016 0.26123 0.362285
1.21 0.263929 0.262203 0.372033
1.22 0.275911 0.262171 0.380606
1.23 0.286927 0.261131 0.387964
1.24 0.296943 0.259082 0.39408
1.25 0.30593 0.25603 0.398929
1.26 0.313863 0.251981 0.402498
1.27 0.320721 0.246947 0.404777
1.28 0.326483 0.240944 0.405765
1.29 0.331138 0.233991 0.405468
1.3 0.334674 0.226111 0.403897
1.31 0.337084 0.217331 0.401072
1.32 0.338367 0.207681 0.397018
1.33 0.338523 0.197195 0.39177
1.34 0.337557 0.185909 0.385366
1.35 0.335477 0.173865 0.377854
1.36 0.332297 0.161104 0.369291
1.37 0.328032 0.147673 0.359739
1.38 0.322702 0.133621 0.349272
1.39 0.316329 0.118999 0.337971
1.4 0.308941 0.103859 0.325931
1.41 0.300566 0.088259 0.313257
1.42 0.291239 0.072255 0.300068
1.43 0.280993 0.0559066 0.286501
1.44 0.269869 0.0392744 0.272712
1.45 0.257908 0.0224202 0.258881
1.46 0.245153 0.00540696 0.245212
1.47 0.23165 -0.0117018 0.231946
1.48 0.217449 -0.0288419 0.219353
1.49 0.202599 -0.0459489 0.207744
1.5 0.187153 -0.0629585 0.197459
1.51 0.171165 -0.0798062 0.188856
1.52 0.15469 -0.0964286 0.182284
1.53 0.137786 -0.112763 0.178046
1.54 0.120509 -0.128746 0.176346
1.55 0.102919 -0.144318 0.177256
1.56 0.0850738 -0.159419 0.180698
1.57 0.0670344 -0.173991 0.186458
1.58 0.0488601 -0.187978 0.194225
1.59 0.0306112 -0.201327 0.203641
1.6 0.0123474 -0.213986 0.214342
1.61 -0.00587177 -0.225905 0.225981
1.62 -0.0239875 -0.237039 0.238249
1.63 -0.0419413 -0.247343 0.250874
1.64 -0.0596762 -0.256777 0.263621
1.65 -0.0771359 -0.265304 0.27629
1.66 -0.0942655 -0.27289 0.288713
1.67 -0.111011 -0.279504 0.300742
1.68 -0.127322 -0.285118 0.312256
1.69 -0.143148 -0.289711 0.323146
1.7 -0.15844 -0.293261 0.333325
1.71 -0.173152 -0.295754 0.342713
1.72 -0.187241 -0.297177 0.351246
1.73 -0.200665 -0.297523 0.358868
1.74 -0.213386 -0.296787 0.365535
1.75 -0.225366 -0.29497 0.37121
1.76 -0.236571 -0.292076 0.375865
1.77 -0.246971 -0.288113 0.379478
1.78 -0.256538 -0.283092 0.382038
1.79 -0.265245 -0.277031 0.383538
1.8 -0.27307 -0.269949 0.383979
1.81 -0.279995 -0.261869 0.38337
1.82 -0.286001 -0.252819 0.381725
1.83 -0.291076 -0.24283 0.379067
1.84 -0.29521 -0.231936 0.375424
1.85 -0.298395 -0.220175 0.370832
1.86 -0.300627 -0.207588 0.365335
1.87 -0.301904 -0.19422 0.358982
1.88 -0.302229 -0.180118 0.351831
1.89 -0.301607 -0.16533 0.343948
1.9 -0.300044 -0.14991 0.335409
1.91 -0.297552 -0.133913 0.326297
1.92 -0.294145 -0.117394 0.316706
1.93 -0.289838 -0.100414 0.306739
1.94 -0.284651 -0.0830329 0.296514
1.95 -0.278605 -0.0653123 0.286158
1.96 -0.271724 -0.047316 0.275813
1.97 -0.264036 -0.0291084 0.265636
1.98 -0.255568 -0.0107548 0.255794
1.99 -0.246352 0.00767902 0.246472
2 -0.236421 0.0261268 0.237861
2.01 -0.225811 0.0445224 0.230158
2.02 -0.214557 0.0627995 0.223559
2.03 -0.2027 0.0808925 0.218245
2.04 -0.190278 0.0987363 0.21437
2.05 -0.177334 0.116267 0.21205
2.06 -0.16391 0.133421 0.211347
2.07 -0.150052 0.150136 0.212265
2.08 -0.135803 0.166353 0.214746
2.09 -0.121209 0.182013 0.218679
2.1 -0.106318 0.19706 0.223912
2.11 -0.0911771 0.21144 0.230261
2.12 -0.0758329 0.2251 0.23753
2.13 -0.0603335 0.237991 0.245519
2.14 -0.0447271 0.250067 0.254036
2.15 -0.0290615 0.261285 0.262896
2.16 -0.0133844 0.271603 0.271933
2.17 0.00225685 0.280985 0.280995
2.18 0.0178152 0.289397 0.289945
2.19 0.0332445 0.296809 0.298665
2.2 0.0484989 0.303193 0.307047
2.21 0.063534 0.308527 0.315
2.22 0.0783058 0.31279 0.322443
2.23 0.0927718 0.315969 0.329307
2.24 0.106891 0.31805 0.335532
2.25 0.120622 0.319027 0.341069
2.26 0.133928 0.318895 0.345877
2.27 0.146771 0.317655 0.349924
2.28 0.159115 0.315311 0.353184
2.29 0.170927 0.311871 0.35564
2.3 0.182175 0.307346 0.357281
2.31 0.19283 0.301754 0.358104
2.32 0.202862 0.295112 0.358112
2.33 0.212246 0.287445 0.357313
2.34 0.220958 0.278779 0.355725
2.35 0.228977 0.269145 0.353368
2.36 0.236282 0.258576 0.350272
2.37 0.242856 0.24711 0.346471
2.38 0.248683 0.234787 0.342006
2.39 0.253752 0.22165 0.336926
2.4 0.258051 0.207745 0.331283
2.41 0.261573 0.193121 0.32514
2.42 0.264309 0.177829 0.318564
2.43 0.266259 0.161923 0.311629
2.44 0.267418 0.145457 0.304418
2.45 0.26779 0.12849 0.29702
2.46 0.267376 0.111081 0.289532
2.47 0.266181 0.0932898 0.282056
2.48 0.264214 0.0751789 0.274702
2.49 0.261484 0.0568111 0.267584
2.5 0.258003 0.0382501 0.260823
2.51 0.253784 0.0195602 0.254536
2.52 0.248843 0.000806152 0.248844
2.53 0.243198 -0.0179473 0.243859
2.54 0.236869 -0.0366356 0.239685
2.55 0.229877 -0.0551942 0.23641
2.56 0.222245 -0.0735595 0.234102
2.57 0.213998 -0.0916684 0.232805
2.58 0.205163 -0.109459 0.232536
2.59 0.195768 -0.12687 0.233283
2.6 0.185841 -0.143843 0.235006
2.61 0.175414 -0.16032 0.23764
2.62 0.164518 -0.176245 0.241099
2.63 0.153187 -0.191564 0.245282
2.64 0.141455 -0.206226 0.250077
2.65 0.129356 -0.22018 0.255367
2.66 0.116927 -0.233382 0.261034
2.67 0.104204 -0.245786 0.266963
2.68 0.0912246 -0.257352 0.273042
2.69 0.0780264 -0.268041 0.279167
2.7 0.0646476 -0.277818 0.285241
2.71 0.0511268 -0.286653 0.291176
2.72 0.0375028 -0.294515 0.296893
2.73 0.0238143 -0.301381 0.30232
2.74 0.0101004 -0.307228 0.307394
2.75 -0.00360033 -0.312039 0.31206
2.76 -0.0172493 -0.315799 0.31627
2.77 -0.0308081 -0.318498 0.319985
2.78 -0.044239 -0.320129 0.323171
2.79 -0.0575047 -0.320687 0.325802
2.8 -0.0705682 -0.320174 0.327859
2.81 -0.0833937 -0.318594 0.329328
2.82 -0.0959458 -0.315954 0.330201
2.83 -0.10819 -0.312266 0.330477
2.84 -0.120093 -0.307544 0.33016
2.85 -0.131623 -0.301806 0.329259
2.86 -0.142747 -0.295075 0.32779
2.87 -0.153437 -0.287375 0.325772
2.88 -0.163663 -0.278735 0.323231
2.89 -0.173398 -0.269186 0.320199
2.9 -0.182616 -0.258762 0.316711
2.91 -0.191292 -0.2475 0.312808
2.92 -0.199404 -0.235442 0.308537
2.93 -0.206931 -0.222628 0.303947
2.94 -0.213851 -0.209105 0.299094
2.95 -0.220149 -0.194919 0.294039
2.96 -0.225807 -0.180119 0.288846
2.97 -0.230811 -0.164758 0.283582
2.98 -0.235149 -0.148887 0.278321
2.99 -0.238809 -0.132562 0.273135
3 -0.241783 -0.115838 0.2681
3.01 -0.244064 -0.0987719 0.263293
3.02 -0.245648 -0.0814218 0.25879
3.03 -0.24653 -0.0638464 0.254663
3.04 -0.246709 -0.0461048 0.25098
3.05 -0.246187 -0.0282567 0.247804
3.06 -0.244967 -0.0103615 0.245186
3.07 -0.243052 0.00752101 0.243168
3.08 -0.240449 0.0253317 0.24178
3.09 -0.237167 0.0430116 0.241036
3.1 -0.233216 0.0605028 0.240936
3.11 -0.228608 0.0777476 0.241467
3.12 -0.223357 0.0946903 0.242599
3.13 -0.217479 0.111276 0.244293
3.14 -0.21099 0.12745 0.246496
3.15 -0.203911 0.143162 0.249149
3.16 -0.196262 0.158361 0.252184
3.17 -0.188065 0.172998 0.255532
3.18 -0.179343 0.187028 0.259121
3.19 -0.170123 0.200407 0.262878
3.2 -0.16043 0.213094 0.266734
3.21 -0.150293 0.225048 0.270619
3.22 -0.139741 0.236235 0.274471
3.23 -0.128803 0.246619 0.278228
3.24 -0.117512 0.25617 0.281837
3.25 -0.105899 0.264861 0.285247
3.26 -0.0939982 0.272666 0.288414
3.27 -0.0818432 0.279563 0.291297
3.28 -0.0694686 0.285534 0.293863
3.29 -0.0569099 0.290563 0.296084
3.3 -0.0442029 0.294637 0.297934
3.31 -0.0313839 0.297747 0.299397
3.32 -0.0184895 0.299888 0.300457
3.33 -0.0055564 0.301056 0.301107
3.34 0.00737834 0.301252 0.301342
3.35 0.0202779 0.30048 0.301163
3.36 0.0331053 0.298746 0.300575
3.37 0.0458241 0.296061 0.299587
3.38 0.0583978 0.292438 0.298212
3.39 0.0707905 0.287892 0.296468
3.4 0.0829669 0.282444 0.294377
3.41 0.0948919 0.276114 0.291965
3.42 0.106532 0.268928 0.289259
3.43 0.117853 0.260912 0.286294
3.44 0.128823 0.252097 0.283105
3.45 0.13941 0.242516 0.279731
3.46 0.149584 0.232203 0.276213
3.47 0.159317 0.221195 0.272597
3.48 0.16858 0.209531 0.268928
3.49 0.177346 0.197252 0.265254
3.5 0.18559 0.1844 0.261624
3.51 0.19329 0.171021 0.258087
3.52 0.200422 0.15716 0.254692
3.53 0.206966 0.142863 0.251485
3.54 0.212904 0.12818 0.248512
3.55 0.218218 0.11316 0.245814
3.56 0.222894 0.097852 0.243427
3.57 0.226918 0.0823075 0.241385
3.58 0.230279 0.0665773 0.23971
3.59 0.232967 0.0507131 0.238423
3.6 0.234975 0.0347662 0.237533
3.61 0.236297 0.0187883 0.237043
3.62 0.23693 0.0028305 0.236947
3.63 0.236872 -0.0130562 0.237231
3.64 0.236123 -0.0288216 0.237876
3.65 0.234688 -0.0444159 0.238854
3.66 0.232569 -0.0597904 0.240132
3.67 0.229774 -0.0748976 0.241673
3.68 0.226311 -0.0896906 0.243436
3.69 0.222191 -0.104124 0.245379
3.7 0.217427 -0.118155 0.247457
3.71 0.212032 -0.131741 0.249626
3.72 0.206024 -0.144841 0.251843
3.73 0.199421 -0.157416 0.254064
3.74 0.192242 -0.169431 0.25625
3.75 0.18451 -0.18085 0.258361
3.76 0.176247 -0.191641 0.260364
3.77 0.167478 -0.201774 0.262225
3.78 0.158231 -0.211221 0.263915
3.79 0.148532 -0.219956 0.26541
3.8 0.138412 -0.227956 0.266687
3.81 0.1279 -0.235201 0.267727
3.82 0.117028 -0.241673 0.268517
3.83 0.105829 -0.247356 0.269044
3.84 0.0943369 -0.252238 0.269302
3.85 0.0825858 -0.256309 0.269285
3.86 0.0706115 -0.25956 0.268994
3.87 0.0584495 -0.261989 0.268429
3.88 0.0461368 -0.263591 0.267598
3.89 0.0337102 -0.264369 0.266509
3.9 0.0212069 -0.264324 0.265174
3.91 0.00866458 -0.263464 0.263606
3.92 -0.00387921 -0.261795 0.261824
3.93 -0.0163869 -0.25933 0.259847
3.94 -0.0288211 -0.256081 0.257698
3.95 -0.0411446 -0.252064 0.2554
3.96 -0.0533205 -0.247297 0.25298
3.97 -0.0653127 -0.241799 0.250465
3.98 -0.0770853 -0.235595 0.247885
3.99 -0.0886033 -0.228707 0.245271
4 -0.0998327 -0.221163 0.242651
4.01 -0.11074 -0.21299 0.240059
4.02 -0.121293 -0.204219 0.237524
4.03 -0.131461 -0.194881 0.235076
4.04 -0.141214 -0.18501 0.232745
4.05 -0.150523 -0.17464 0.230556
4.06 -0.159361 -0.163806 0.228535
4.07 -0.167703 -0.152547 0.226704
4.08 -0.175524 -0.140899 0.225081
4.09 -0.182802 -0.128903 0.22368
4.1 -0.189517 -0.116597 0.222512
4.11 -0.195649 -0.104023 0.221584
4.12 -0.201182 -0.0912206 0.220897
4.13 -0.2061 -0.0782317 0.220448
4.14 -0.210389 -0.0650975 0.22023
4.15 -0.21404 -0.0518597 0.220233
4.16 -0.217041 -0.0385599 0.22044
4.17 -0.219387 -0.0252394 0.220834
4.18 -0.221071 -0.0119392 0.221394
4.19 -0.222092 0.00129985 0.222096
4.2 -0.222447 0.0144377 0.222915
4.21 -0.222137 0.0274352 0.223825
4.22 -0.221167 0.0402533 0.2248
4.23 -0.21954 0.0528544 0.225812
4.24 -0.217264 0.0652019 0.226836
4.25 -0.214348 0.0772602 0.227846
4.26 -0.210803 0.0889947 0.228818
4.27 -0.206642 0.100373 0.229729
4.28 -0.20188 0.111362 0.230558
4.29 -0.196534 0.121933 0.231286
4.3 -0.190621 0.132057 0.231896
4.31 -0.184163 0.141707 0.232373
4.32 -0.177181 0.150858 0.232704
4.33 -0.169698 0.159486 0.232881
4.34 -0.16174 0.16757 0.232894
4.35 -0.153331 0.17509 0.232738
4.36 -0.144501 0.182029 0.232411
4.37 -0.135276 0.18837 0.231911
4.38 -0.125688 0.194099 0.23124
4.39 -0.115767 0.199206 0.230402
4.4 -0.105545 0.20368 0.229402
4.41 -0.0950538 0.207512 0.228247
4.42 -0.084327 0.210699 0.226947
4.43 -0.0733982 0.213235 0.225514
4.44 -0.0623019 0.21512 0.22396
4.45 -0.0510725 0.216353 0.2223
4.46 -0.0397449 0.216937 0.220548
4.47 -0.0283539 0.216877 0.218722
4.48 -0.0169348 0.216178 0.21684
4.49 -0.0055222 0.214848 0.214919
4.5 0.00584901 0.212898 0.212978
4.51 0.0171447 0.210339 0.211037
4.52 0.0283307 0.207185 0.209113
4.53 0.0393737 0.20345 0.207225
4.54 0.0502409 0.199151 0.205391
4.55 0.0609005 0.194307 0.203628
4.56 0.0713209 0.188938 0.201951
4.57 0.0814722 0.183063 0.200374
4.58 0.0913249 0.176706 0.19891
4.59 0.100851 0.169889 0.197569
4.6 0.110024 0.162639 0.196358
4.61 0.118817 0.15498 0.195285
4.62 0.127207 0.146938 0.194352
4.63 0.135171 0.138542 0.193559
4.64 0.142687 0.12982 0.192906
4.65 0.149735 0.1208 0.192389
4.66 0.156298 0.111513 0.192
4.67 0.162358 0.101987 0.191732
4.68 0.1679 0.0922529 0.191575
4.69 0.172912 0.0823418 0.191517
4.7 0.177381 0.0722841 0.191544
4.71 0.181299 0.0621106 0.191643
4.72 0.184656 0.0518521 0.191798
4.73 0.187448 0.0415391 0.191995
4.74 0.189669 0.0312025 0.192219
4.75 0.191317 0.020872 0.192453
4.76 0.192392 0.0105778 0.192683
4.77 0.192894 0.000348983 0.192894
4.78 0.192826 -0.00978548 0.193074
4.79 0.192193 -0.0197974 0.19321
4.8 0.191001 -0.0296594 0.19329
4.81 0.189257 -0.0393446 0.193303
4.82 0.186972 -0.0488272 0.193242
4.83 0.184156 -0.0580822 0.193098
4.84 0.180822 -0.0670856 0.192866
4.85 0.176985 -0.0758145 0.192539
4.86 0.172659 -0.0842468 0.192116
4.87 0.167862 -0.0923619 0.191594
4.88 0.162611 -0.10014 0.190972
4.89 0.156927 -0.107563 0.190252
4.9 0.150829 -0.114614 0.189435
4.91 0.14434 -0.121276 0.188525
4.92 0.137481 -0.127536 0.187527
4.93 0.130277 -0.133379 0.186446
4.94 0.122752 -0.138795 0.185289
4.95 0.11493 -0.143772 0.184064
4.96 0.106838 -0.148303 0.182779
4.97 0.0985014 -0.152378 0.181443
4.98 0.0899472 -0.155991 0.180066
4.99 0.0812024 -0.159139 0.178659
5 0.0722946 -0.161816 0.177232
5.01 0.0632512 -0.164022 0.175795
5.02 0.0541 -0.165755 0.17436
5.03 0.0448686 -0.167015 0.172937
5.04 0.0355848 -0.167805 0.171537
5.05 0.026276 -0.168128 0.170169
5.06 0.0169698 -0.167987 0.168842
5.07 0.00769275 -0.16739 0.167566
5.08 -0.00152818 -0.166341 0.166348
5.09 -0.0106672 -0.164851 0.165195
5.1 -0.0196984 -0.162926 0.164113
5.11 -0.028597 -0.160578 0.163105
5.12 -0.0373387 -0.157819 0.162175
5.13 -0.0458998 -0.154659 0.161326
5.14 -0.0542577 -0.151112 0.160557
5.15 -0.0623906 -0.147192 0.159869
5.16 -0.0702773 -0.142914 0.159258
5.17 -0.077898 -0.138293 0.158723
5.18 -0.0852336 -0.133346 0.158259
5.19 -0.0922664 -0.128089 0.15786
5.2 -0.0989793 -0.12254 0.157521
5.21 -0.105357 -0.116717 0.157236
5.22 -0.111384 -0.110639 0.156995
5.23 -0.117049 -0.104325 0.156793
5.24 -0.122338 -0.0977931 0.156621
5.25 -0.12724 -0.091064 0.15647
5.26 -0.131747 -0.0841573 0.156332
5.27 -0.135849 -0.0770932 0.1562
5.28 -0.13954 -0.0698918 0.156065
5.29 -0.142814 -0.0625736 0.155921
5.3 -0.145665 -0.0551587 0.155759
5.31 -0.148092 -0.0476677 0.155574
5.32 -0.15009 -0.0401206 0.15536
5.33 -0.151661 -0.0325375 0.155112
5.34 -0.152803 -0.0249385 0.154824
5.35 -0.153518 -0.0173433 0.154495
5.36 -0.153809 -0.00977115 0.15412
5.37 -0.153681 -0.00224132 0.153697
5.38 -0.153136 0.00522746 0.153225
5.39 -0.152183 0.0126169 0.152705
5.4 -0.150826 0.0199089 0.152135
5.41 -0.149076 0.0270863 0.151517
5.42 -0.14694 0.0341319 0.150852
5.43 -0.144428 0.0410295 0.150143
5.44 -0.141551 0.0477631 0.149393
5.45 -0.138322 0.0543176 0.148604
5.46 -0.134751 0.0606785 0.147782
5.47 -0.130852 0.0668317 0.146931
5.48 -0.126639 0.0727641 0.146055
5.49 -0.122127 0.0784631 0.14516
5.5 -0.11733 0.0839167 0.144251
5.51 -0.112264 0.0891141 0.143334
5.52 -0.106946 0.0940445 0.142414
5.53 -0.10139 0.0986987 0.141497
5.54 -0.0956157 0.103068 0.140589
5.55 -0.0896387 0.107143 0.139695
5.56 -0.083477 0.110918 0.138821
5.57 -0.0771483 0.114386 0.137971
5.58 -0.0706705 0.117541 0.13715
5.59 -0.0640617 0.120378 0.136363
5.6 -0.0573402 0.122894 0.135613
5.61 -0.0505241 0.125084 0.134902
5.62 -0.0436317 0.126946 0.134235
5.63 -0.0366812 0.128478 0.133612
5.64 -0.0296906 0.12968 0.133035
5.65 -0.022678 0.13055 0.132505
5.66 -0.0156612 0.13109 0.132022
5.67 -0.00865766 0.1313 0.131585
5.68 -0.00168496 0.131183 0.131194
5.69 0.00524002 0.130741 0.130846
5.7 0.0121004 0.129978 0.13054
5.71 0.0188798 0.128897 0.130272
5.72 0.0255622 0.127502 0.13004
5.73 0.032132 0.125801 0.12984
5.74 0.0385739 0.123798 0.129668
5.75 0.0448733 0.1215 0.129522
5.76 0.0510159 0.118914 0.129395
5.77 0.056988 0.116048 0.129286
5.78 0.0627763 0.112911 0.129189
5.79 0.0683682 0.10951 0.1291
5.8 0.0737517 0.105856 0.129015
5.81 0.0789152 0.101959 0.128931
5.82 0.0838479 0.0978279 0.128844
5.83 0.0885396 0.0934746 0.128751
5.84 0.0929804 0.0889098 0.128648
5.85 0.0971617 0.0841454 0.128533
5.86 0.101075 0.0791932 0.128404
5.87 0.104712 0.0740656 0.128259
5.88 0.108067 0.0687752 0.128095
5.89 0.111132 0.0633351 0.127913
5.9 0.113903 0.0577584 0.12771
5.91 0.116374 0.0520588 0.127487
5.92 0.118541 0.0462498 0.127244
5.93 0.1204 0.0403455 0.12698
5.94 0.121949 0.03436 0.126697
5.95 0.123185 0.0283075 0.126396
5.96 0.124107 0.0222024 0.126077
5.97 0.124714 0.0160593 0.125744
5.98 0.125005 0.00989252 0.125396
5.99 0.124982 0.00371698 0.125037
6 0.124645 -0.002453 0.124669
6.01 0.123997 -0.00860262 0.124295
6.02 0.123039 -0.0147173 0.123916
6.03 0.121776 -0.0207827 0.123537
6.04 0.120211 -0.0267843 0.123159
6.05 0.118348 -0.0327077 0.122785
6.06 0.116193 -0.0385389 0.122418
6.07 0.113751 -0.044264 0.12206
6.08 0.11103 -0.0498691 0.121715
6.09 0.108035 -0.0553408 0.121384
6.1 0.104774 -0.0606657 0.12107
6.11 0.101256 -0.065831 0.120775
6.12 0.0974899 -0.070824 0.1205
6.13 0.0934841 -0.0756324 0.120248
6.14 0.0892489 -0.0802442 0.120019
6.15 0.0847946 -0.0846481 0.119814
6.16 0.0801319 -0.0888328 0.119634
6.17 0.0752724 -0.0927878 0.11948
6.18 0.0702277 -0.0965028 0.119351
6.19 0.0650103 -0.0999686 0.119248
6.2 0.0596326 -0.103176 0.119169
6.21 0.054108 -0.106116 0.119114
6.22 0.0484497 -0.108781 0.119082
6.23 0.0426717 -0.111163 0.119072
6.24 0.036788 -0.113257 0.119082
6.25 0.0308131 -0.115056 0.11911
6.26 0.0247618 -0.116554 0.119155
6.27 0.0186489 -0.117747 0.119215
6.28 0.0124898 -0.118631 0.119287
6.29 0.00629981 -0.119204 0.11937
6.3 9.43885e-05 -0.119461 0.119461
6.31 -0.0061108 -0.119402 0.119558
6.32 -0.0123 -0.119026 0.11966
6.33 -0.0184573 -0.118332 0.119763
6.34 -0.0245671 -0.117322 0.119867
6.35 -0.0306135 -0.115997 0.119969
6.36 -0.0365807 -0.114359 0.120067
6.37 -0.0424533 -0.112411 0.12016
6.38 -0.0482155 -0.110157 0.120247
6.39 -0.0538521 -0.107603 0.120326
6.4 -0.059348 -0.104752 0.120396
6.41 -0.0646883 -0.101613 0.120457
6.42 -0.0698582 -0.0981922 0.120507
6.43 -0.0748439 -0.0944975 0.120546
6.44 -0.079631 -0.0905378 0.120574
6.45 -0.0842065 -0.0863227 0.120592
6.46 -0.088557 -0.0818625 0.120598
6.47 -0.0926701 -0.0771684 0.120593
6.48 -0.0965338 -0.0722522 0.120578
6.49 -0.100137 -0.0671264 0.120554
6.5 -0.103468 -0.0618041 0.120521
6.51 -0.106517 -0.0562994 0.12048
6.52 -0.109275 -0.0506264 0.120433
6.53 -0.111733 -0.0448005 0.12038
6.54 -0.113882 -0.038837 0.120322
6.55 -0.115716 -0.0327524 0.120262
6.56 -0.117228 -0.0265628 0.1202
6.57 -0.118412 -0.0202856 0.120137
6.58 -0.119264 -0.0139381 0.120076
6.59 -0.119779 -0.00753796 0.120016
6.6 -0.119956 -0.00110327 0.119961
6.61 -0.119791 0.00534764 0.11991
6.62 -0.119283 0.0117964 0.119865
6.63 -0.118434 0.0182241 0.119828
6.64 -0.117242 0.0246123 0.119798
6.65 -0.115711 0.0309421 0.119777
6.66 -0.113843 0.0371949 0.119765
6.67 -0.111642 0.0433518 0.119763
6.68 -0.109112 0.0493946 0.119772
6.69 -0.10626 0.0553048 0.119791
6.7 -0.103093 0.0610642 0.11982
6.71 -0.0996175 0.0666552 0.119861
6.72 -0.0958432 0.0720604 0.119911
6.73 -0.0917798 0.0772627 0.119971
6.74 -0.0874378 0.0822457 0.120041
6.75 -0.0828291 0.0869935 0.120119
6.76 -0.0779657 0.0914905 0.120205
6.77 -0.0728615 0.0957224 0.120298
6.78 -0.0675303 0.0996747 0.120397
6.79 -0.0619873 0.103335 0.120501
6.8 -0.0562482 0.106689 0.120609
6.81 -0.0503295 0.109727 0.120719
6.82 -0.0442483 0.112438 0.120832
6.83 -0.0380225 0.114812 0.120944
6.84 -0.0316702 0.11684 0.121056
6.85 -0.0252107 0.118514 0.121166
6.86 -0.0186629 0.119828 0.121273
6.87 -0.012047 0.120777 0.121376
6.88 -0.00538274 0.121354 0.121474
6.89 0.00130915 0.121558 0.121565
6.9 0.00800822 0.121387 0.121651
6.91 0.0146935 0.120838 0.121728
6.92 0.0213443 0.119913 0.121798
6.93 0.0279394 0.118613 0.121859
6.94 0.034458 0.11694 0.121911
6.95 0.0408795 0.114898 0.121954
6.96 0.047183 0.112493 0.121987
6.97 0.0533482 0.10973 0.122011
6.98 0.059355 0.106618 0.122026
6.99 0.0651839 0.103164 0.122032
7 0.0708155 0.0993793 0.122029
7.01 0.0762311 0.095274 0.122018
7.02 0.0814127 0.0908603 0.121998
7.03 0.0863427 0.0861516 0.121972
7.04 0.0910045 0.0811619 0.121939
7.05 0.0953821 0.0759066 0.1219
7.06 0.0994604 0.0704018 0.121856
7.07 0.103225 0.0646647 0.121807
7.08 0.106663 0.0587132 0.121755
7.09 0.109762 0.0525662 0.1217
7.1 0.112511 0.0462431 0.121643
7.11 0.1149 0.0397642 0.121586
7.12 0.116919 0.0331504 0.121528
7.13 0.118561 0.0264232 0.12147
7.14 0.11982 0.0196043 0.121414
7.15 0.120691 0.0127161 0.121359
7.16 0.121168 0.00578139 0.121306
7.17 0.121251 -0.00117693 0.121257
7.18 0.120936 -0.00813593 0.12121
7.19 0.120226 -0.0150721 0.121167
7.2 0.119119 -0.0219624 0.121127
7.21 0.11762 -0.0287835 0.121091
7.22 0.115733 -0.0355124 0.121059
7.23 0.113462 -0.0421262 0.12103
7.24 0.110815 -0.0486024 0.121005
7.25 0.107799 -0.0549188 0.120982
7.26 0.104424 -0.0610537 0.120963
7.27 0.100701 -0.0669859 0.120946
7.28 0.0966411 -0.0726948 0.12093
7.29 0.0922578 -0.0781607 0.120916
7.3 0.0875649 -0.0833644 0.120902
7.31 0.0825782 -0.0882877 0.120888
7.32 0.077314 -0.0929133 0.120873
7.33 0.0717898 -0.0972247 0.120857
7.34 0.0660238 -0.101207 0.120839
7.35 0.0600359 -0.104845 0.120817
7.36 0.0538457 -0.108127 0.120792
7.37 0.0474747 -0.11104 0.120763
7.38 0.040944 -0.113574 0.120729
7.39 0.0342764 -0.11572 0.12069
7.4 0.0274945 -0.117469 0.120644
7.41 0.0206218 -0.118816 0.120592
7.42 0.0136818 -0.119755 0.120534
7.43 0.00669879 -0.120281 0.120468
7.44 -0.000303281 -0.120394 0.120395
7.45 -0.00729972 -0.120092 0.120314
7.46 -0.0142664 -0.119376 0.120226
7.47 -0.0211785 -0.118248 0.12013
7.48 -0.0280123 -0.116712 0.120026
7.49 -0.0347433 -0.114772 0.119916
7.5 -0.0413481 -0.112436 0.119798
7.51 -0.0478031 -0.109711 0.119673
7.52 -0.0540856 -0.106607 0.119542
7.53 -0.0601732 -0.103135 0.119405
7.54 -0.0660445 -0.0993056 0.119262
7.55 -0.0716783 -0.0951341 0.119114
7.56 -0.0770546 -0.0906341 0.118962
7.57 -0.0821544 -0.0858221 0.118806
7.58 -0.0869592 -0.0807148 0.118646
7.59 -0.0914519 -0.0753307 0.118483
7.6 -0.0956165 -0.0696888 0.118318
7.61 -0.0994379 -0.0638094 0.118151
7.62 -0.102902 -0.0577135 0.117982
7.63 -0.105998 -0.0514231 0.117813
7.64 -0.108713 -0.0449607 0.117643
7.65 -0.111038 -0.0383497 0.117474
7.66 -0.112964 -0.0316139 0.117304
7.67 -0.114485 -0.0247777 0.117136
7.68 -0.115595 -0.0178657 0.116968
7.69 -0.116291 -0.0109032 0.116801
7.7 -0.11657 -0.00391508 0.116636
7.71 -0.116431 0.00307292 0.116472
7.72 -0.115875 0.0100357 0.116308
7.73 -0.114904 0.0169478 0.116147
7.74 -0.113521 0.0237841 0.115986
7.75 -0.111733 0.0305199 0.115826
7.76 -0.109546 0.0371304 0.115667
7.77 -0.106968 0.0435917 0.115509
7.78 -0.104008 0.0498803 0.115351
7.79 -0.100679 0.0559733 0.115193
7.8 -0.0969927 0.0618484 0.115034
7.81 -0.0929626 0.0674845 0.114875
7.82 -0.0886041 0.0728609 0.114714
7.83 -0.0839336 0.0779581 0.114553
7.84 -0.0789686 0.0827578 0.114389
7.85 -0.0737279 0.0872425 0.114224
7.86 -0.0682308 0.0913961 0.114056
7.87 -0.0624985 0.0952036 0.113885
7.88 -0.0565521 0.0986514 0.113711
7.89 -0.0504143 0.101727 0.113534
7.9 -0.0441078 0.10442 0.113354
7.91 -0.0376565 0.106721 0.11317
7.92 -0.0310846 0.108621 0.112982
7.93 -0.0244168 0.110115 0.11279
7.94 -0.017678 0.111197 0.112594
7.95 -0.0108937 0.111865 0.112394
7.96 -0.00408905 0.112115 0.112189
7.97 0.00271004 0.111949 0.111981
7.98 0.00947846 0.111366 0.111769
7.99 0.0161906 0.110372 0.111553
8 0.0228215 0.108969 0.111333
8.01 0.0293462 0.107165 0.11111
8.02 0.0357405 0.104965 0.110883
8.03 0.0419804 0.102381 0.110654
8.04 0.0480429 0.0994218 0.110421
8.05 0.0539051 0.0960999 0.110186
8.06 0.0595456 0.0924284 0.109949
8.07 0.0649432 0.0884223 0.109709
8.08 0.0700781 0.0840972 0.109468
8.09 0.0749314 0.0794704 0.109226
8.1 0.0794853 0.0745602 0.108982
8.11 0.0837231 0.0693859 0.108738
8.12 0.0876295 0.0639677 0.108493
8.13 0.0911902 0.0583272 0.108248
8.14 0.0943927 0.052486 0.108004
8.15 0.0972254 0.0464674 0.107759
8.16 0.0996786 0.0402944 0.107515
8.17 0.101744 0.0339914 0.107272
8.18 0.103414 0.0275826 0.107029
8.19 0.104684 0.0210932 0.106788
8.2 0.105549 0.0145478 0.106547
8.21 0.106008 0.00797233 0.106308
8.22 0.10606 0.00139161 0.106069
8.23 0.105706 -0.00516857 0.105833
8.24 0.104948 -0.0116833 0.105597
8.25 0.103791 -0.0181273 0.105362
8.26 0.102239 -0.024476 0.105128
8.27 0.100301 -0.0307053 0.104895
8.28 0.0979839 -0.0367912 0.104663
8.29 0.0952989 -0.0427106 0.104432
8.3 0.0922571 -0.0484412 0.104201
8.31 0.0888716 -0.0539611 0.103971
8.32 0.0851563 -0.0592497 0.103741
8.33 0.081127 -0.0642869 0.10351
8.34 0.0768 -0.0690542 0.10328
8.35 0.0721935 -0.0735337 0.103049
8.36 0.0673259 -0.0777089 0.102818
8.37 0.0622175 -0.0815644 0.102585
8.38 0.0568886 -0.0850862 0.102352
8.39 0.0513611 -0.0882617 0.102118
8.4 0.0456571 -0.0910795 0.101883
8.41 0.0397997 -0.0935298 0.101646
8.42 0.0338122 -0.0956042 0.101407
8.43 0.0277188 -0.0972959 0.101167
8.44 0.0215435 -0.0985993 0.100925
8.45 0.0153111 -0.0995109 0.100682
8.46 0.00904619 -0.100028 0.100437
8.47 0.00277374 -0.100151 0.100189
8.48 -0.00348169 -0.0998796 0.0999402
8.49 -0.00969525 -0.0992168 0.0996894
8.5 -0.0158428 -0.0981664 0.0994366
8.51 -0.0219 -0.0967342 0.0991822
8.52 -0.0278434 -0.0949269 0.0989261
8.53 -0.0336497 -0.0927533 0.0986686
8.54 -0.0392966 -0.0902231 0.0984095
8.55 -0.0447621 -0.0873479 0.0981494
8.56 -0.0500253 -0.08414 0.097888
8.57 -0.0550659 -0.0806138 0.097626
8.58 -0.0598648 -0.0767842 0.0973633
8.59 -0.0644038 -0.0726677 0.0971002
8.6 -0.0686657 -0.0682816 0.0968368
8.61 -0.0726348 -0.0636447 0.0965736
8.62 -0.0762962 -0.0587761 0.0963106
8.63 -0.0796364 -0.0536965 0.0960483
8.64 -0.0826436 -0.0484266 0.0957867
8.65 -0.0853068 -0.0429886 0.0955263
8.66 -0.0876168 -0.0374046 0.095267
8.67 -0.0895657 -0.0316978 0.0950093
8.68 -0.0911472 -0.0258913 0.0947532
8.69 -0.0923564 -0.020009 0.094499
8.7 -0.0931898 -0.0140746 0.0942467
8.71 -0.0936458 -0.00811263 0.0939966
8.72 -0.0937239 -0.00214651 0.0937485
8.73 -0.0934255 0.00379919 0.0935027
8.74 -0.0927531 0.00970092 0.093259
8.75 -0.0917112 0.0155349 0.0930176
8.76 -0.0903053 0.0212779 0.0927782
8.77 -0.0885427 0.026907 0.0925408
8.78 -0.0864319 0.0324002 0.0923052
8.79 -0.0839831 0.0377355 0.0920713
8.8 -0.0812073 0.0428922 0.0918389
8.81 -0.0781175 0.04785 0.0916076
8.82 -0.0747271 0.0525897 0.0913773
8.83 -0.0710515 0.0570929 0.0911478
8.84 -0.0671065 0.0613424 0.0909185
8.85 -0.0629095 0.0653219 0.0906894
8.86 -0.0584784 0.0690165 0.0904599
8.87 -0.0538326 0.0724121 0.0902301
8.88 -0.0489912 0.0754964 0.0899992
8.89 -0.0439757 0.0782581 0.0897674
8.9 -0.0388064 0.080687 0.089534
8.91 -0.0335056 0.0827751 0.0892992
8.92 -0.0280952 0.0845148 0.0890623
8.93 -0.022598 0.085901 0.0888237
8.94 -0.0170366 0.086929 0.0885827
8.95 -0.0114343 0.0875966 0.0883397
8.96 -0.00581368 0.0879022 0.0880943
8.97 -0.000198409 0.0878465 0.0878467
8.98 0.00538901 0.087431 0.0875969
8.99 0.0109254 0.0866592 0.0873452
9 0.0163887 0.0855355 0.0870913
9.01 0.0217564 0.0840664 0.086836
9.02 0.0270071 0.0822591 0.0865791
9.03 0.0321198 0.0801228 0.0863211
9.04 0.037074 0.0776675 0.0860623
9.05 0.0418499 0.074905 0.0858031
9.06 0.0464289 0.0718477 0.0855438
9.07 0.0507928 0.0685099 0.0852849
9.08 0.0549247 0.0649062 0.0850267
9.09 0.0588085 0.0610531 0.0847698
9.1 0.0624293 0.0569673 0.0845144
9.11 0.0657734 0.0526669 0.0842611
9.12 0.0688281 0.0481704 0.0840101
9.13 0.0715821 0.0434978 0.0837619
9.14 0.0740254 0.0386688 0.0835166
9.15 0.0761492 0.0337044 0.0832747
9.16 0.0779461 0.0286255 0.0830363
9.17 0.0794104 0.0234543 0.0828016
9.18 0.0805371 0.018212 0.0825706
9.19 0.0813234 0.0129213 0.0823435
9.2 0.0817673 0.00760407 0.0821201
9.21 0.0818687 0.00228282 0.0819005
9.22 0.0816285 -0.00302047 0.0816844
9.23 0.0810495 -0.00828351 0.0814717
9.24 0.0801353 -0.0134848 0.0812619
9.25 0.0788915 -0.0186027 0.0810551
9.26 0.0773246 -0.0236161 0.0808506
9.27 0.0754427 -0.0285049 0.0806482
9.28 0.0732549 -0.0332488 0.0804473
9.29 0.070772 -0.0378288 0.0802477
9.3 0.0680053 -0.0422265 0.0800487
9.31 0.064968 -0.046424 0.07985
9.32 0.0616737 -0.050405 0.0796512
9.33 0.0581376 -0.0541535 0.0794518
9.34 0.0543754 -0.0576549 0.0792513
9.35 0.0504041 -0.0608956 0.0790496
9.36 0.046241 -0.0638631 0.0788462
9.37 0.0419047 -0.0665463 0.078641
9.38 0.0374138 -0.068935 0.0784336
9.39 0.0327884 -0.0710206 0.078224
9.4 0.028048 -0.0727956 0.0780121
9.41 0.0232134 -0.0742541 0.077798
9.42 0.0183052 -0.0753911 0.0775815
9.43 0.0133445 -0.0762035 0.0773631
9.44 0.00835242 -0.0766892 0.0771427
9.45 0.00335012 -0.0768478 0.0769207
9.46 -0.00164136 -0.0766797 0.0766973
9.47 -0.0066007 -0.0761876 0.076473
9.48 -0.0115075 -0.0753746 0.076248
9.49 -0.0163409 -0.0742459 0.0760229
9.5 -0.021081 -0.0728074 0.0757979
9.51 -0.0257079 -0.071067 0.075574
9.52 -0.0302028 -0.069033 0.075351
9.53 -0.034547 -0.0667158 0.0751298
9.54 -0.0387229 -0.0641259 0.0749106
9.55 -0.0427134 -0.0612762 0.0746941
9.56 -0.0465025 -0.0581793 0.0744803
9.57 -0.0500748 -0.0548502 0.0742699
9.58 -0.0534161 -0.0513033 0.0740629
9.59 -0.0565133 -0.0475554 0.0738598
9.6 -0.0593542 -0.0436228 0.0736605
9.61 -0.0619278 -0.0395234 0.0734653
9.62 -0.0642242 -0.0352753 0.0732741
9.63 -0.0662349 -0.0308974 0.073087
9.64 -0.0679526 -0.0264086 0.0729038
9.65 -0.069371 -0.021829 0.0727244
9.66 -0.0704854 -0.0171782 0.0725485
9.67 -0.0712925 -0.0124767 0.072376
9.68 -0.0717898 -0.00774453 0.0722063
9.69 -0.0719768 -0.00300241 0.0720394
9.7 -0.0718536 0.00172971 0.0718745
9.71 -0.0714225 0.00643131 0.0717115
9.72 -0.0706862 0.0110825 0.0715497
9.73 -0.0696493 0.0156635 0.0713889
9.74 -0.0683173 0.0201552 0.0712284
9.75 -0.0666975 0.0245384 0.0710682
9.76 -0.0647976 0.0287948 0.0709074
9.77 -0.0626271 0.0329069 0.0707461
9.78 -0.0601963 0.0368573 0.0705837
9.79 -0.0575169 0.04063 0.0704201
9.8 -0.0546011 0.0442094 0.0702549
9.81 -0.0514628 0.0475808 0.0700882
9.82 -0.0481158 0.0507308 0.0699196
9.83 -0.044576 0.0536466 0.0697494
9.84 -0.0408589 0.0563166 0.0695773
9.85 -0.0369815 0.0587304 0.0694039
9.86 -0.0329609 0.0608785 0.0692287
9.87 -0.0288153 0.062753 0.0690526
9.88 -0.0245627 0.0643466 0.0688754
9.89 -0.0202223 0.0656538 0.0686976
9.9 -0.0158128 0.06667 0.0685196
9.91 -0.0113538 0.0673921 0.0683418
9.92 -0.00686459 0.0678179 0.0681644
9.93 -0.0023648 0.067947 0.0679881
9.94 0.00212607 0.0677798 0.0678132
9.95 0.00658868 0.0673185 0.0676401
9.96 0.0110037 0.0665659 0.0674693
9.97 0.0153521 0.0655266 0.067301
9.98 0.0196156 0.0642061 0.0671357
9.99 0.0237756 0.0626115 0.0669737
10 0.0278147 0.0607502 0.066815
10.01 0.0317158 0.0586319 0.0666603
10.02 0.0354623 0.0562663 0.0665091
10.03 0.0390386 0.0536649 0.0663621
10.04 0.0424295 0.0508396 0.0662188
10.05 0.0456213 0.0478038 0.0660796
10.06 0.0486004 0.0445712 0.0659439
10.07 0.051355 0.0411568 0.065812
10.08 0.0538734 0.0375759 0.0656833
10.09 0.0561459 0.0338449 0.0655579
10.1 0.0581631 0.0299802 0.0654352
10.11 0.0599173 0.0259995 0.0653151
10.12 0.0614015 0.0219203 0.0651969
10.13 0.0626103 0.0177609 0.0650807
10.14 0.0635392 0.0135394 0.0649657
10.15 0.0641852 0.00927479 0.0648518
10.16 0.0645461 0.00498534 0.0647384
10.17 0.0646218 0.000690337 0.0646254
10.18 0.0644122 -0.0035918 0.0645122
10.19 0.0639197 -0.00784228 0.064399
10.2 0.0631468 -0.0120427 0.0642849
10.21 0.0620983 -0.0161748 0.0641703
10.22 0.0607791 -0.0202209 0.0640546
10.23 0.0591963 -0.0241634 0.063938
10.24 0.0573572 -0.0279856 0.0638203
10.25 0.0552708 -0.031671 0.0637018
10.26 0.052947 -0.035204 0.0635822
10.27 0.0503967 -0.0385696 0.0634621
10.28 0.0476315 -0.0417535 0.0633412
10.29 0.0446644 -0.0447424 0.0632202
10.3 0.0415089 -0.0475237 0.063099
10.31 0.0381795 -0.0500858 0.0629783
10.32 0.0346908 -0.0524182 0.0628579
10.33 0.0310593 -0.0545113 0.0627389
10.34 0.0273006 -0.0563565 0.0626209
10.35 0.023432 -0.0579466 0.062505
10.36 0.0194707 -0.0592749 0.0623909
10.37 0.0154342 -0.0603369 0.0622797
10.38 0.0113406 -0.061128 0.0621711
10.39 0.00720791 -0.0616459 0.0620659
10.4 0.00305444 -0.0618886 0.061964
10.41 -0.00110151 -0.0618562 0.061866
10.42 -0.00524162 -0.0615491 0.0617719
10.43 -0.00934776 -0.0609696 0.061682
10.44 -0.0134019 -0.0601206 0.0615962
10.45 -0.0173864 -0.0590068 0.0615149
10.46 -0.0212838 -0.0576333 0.0614378
10.47 -0.0250773 -0.0560071 0.0613651
10.48 -0.0287502 -0.0541356 0.0612963
10.49 -0.0322868 -0.052028 0.0612319
10.5 -0.0356716 -0.0496934 0.061171
10.51 -0.0388903 -0.0471431 0.0611141
10.52 -0.0419288 -0.0443884 0.0610603
10.53 -0.0447744 -0.0414421 0.0610098
10.54 -0.0474145 -0.0383174 0.060962
10.55 -0.0498383 -0.0350284 0.0609167
10.56 -0.0520352 -0.0315898 0.0608735
10.57 -0.0539962 -0.0280171 0.0608321
10.58 -0.0557129 -0.0243262 0.0607922
10.59 -0.0571783 -0.0205335 0.0607535
10.6 -0.0583862 -0.016656 0.0607155
10.61 -0.0593319 -0.0127108 0.0606782
10.62 -0.0600115 -0.0087154 0.0606411
10.63 -0.0604226 -0.00468737 0.0606041
10.64 -0.0605636 -0.000644627 0.0605671
10.65 -0.0604345 0.00339517 0.0605298
10.66 -0.060036 0.00741412 0.0604921
10.67 -0.0593706 0.0113946 0.0604542
10.68 -0.0584412 0.0153192 0.0604156
10.69 -0.0572526 0.0191709 0.060377
10.7 -0.05581 0.0229323 0.0603378
10.71 -0.0541204 0.0265876 0.0602986
10.72 -0.0521913 0.0301203 0.0602592
10.73 -0.0500317 0.0335155 0.0602201
10.74 -0.0476511 0.036758 0.0601812
10.75 -0.0450604 0.0398341 0.0601431
10.76 -0.0422712 0.0427301 0.0601058
10.77 -0.0392959 0.0454337 0.0600698
10.78 -0.0361479 0.0479328 0.0600352
10.79 -0.0328411 0.0502171 0.0600025
10.8 -0.0293901 0.0522764 0.0599716
10.81 -0.0258105 0.054102 0.0599434
10.82 -0.0221178 0.0556859 0.0599176
10.83 -0.0183286 0.0570216 0.0598949
10.84 -0.0144594 0.0581028 0.059875
10.85 -0.0105275 0.0589258 0.0598588
10.86 -0.0065501 0.0594863 0.0598458
10.87 -0.00254456 0.0597826 0.0598367
10.88 0.00147116 0.059813 0.0598311
10.89 0.00547972 0.059578 0.0598295
10.9 0.00946328 0.0590783 0.0598315
10.91 0.0134045 0.0583166 0.0598373
10.92 0.0172861 0.0572959 0.0598467
10.93 0.021091 0.0560211 0.0598598
10.94 0.0248024 0.0544977 0.0598761
10.95 0.0284042 0.0527324 0.0598958
10.96 0.0318805 0.0507329 0.0599182
10.97 0.0352164 0.0485082 0.0599436
10.98 0.0383967 0.0460679 0.0599713
10.99 0.041408 0.0434227 0.0600013
11 0.0442368 0.0405841 0.060033
11.01 0.046871 0.0375648 0.0600667
11.02 0.0492985 0.0343776 0.0601013
11.03 0.0515095 0.0310366 0.0601373
11.04 0.0534934 0.0275565 0.060174
11.05 0.0552422 0.0239522 0.0602113
11.06 0.0567477 0.0202396 0.060249
11.07 0.0580035 0.0164347 0.0602869
11.08 0.059004 0.0125542 0.0603248
11.09 0.0597448 0.008615 0.0603628
11.1 0.0602225 0.00463427 0.0604005
11.11 0.0604349 0.000629168 0.0604382
11.12 0.060381 -0.00338258 0.0604756
11.13 0.060061 -0.00738384 0.0605132
11.14 0.0594759 -0.0113568 0.0605504
11.15 0.0586283 -0.0152846 0.060588
11.16 0.0575218 -0.0191496 0.0606256
11.17 0.0561609 -0.0229355 0.0606637
11.18 0.0545514 -0.0266252 0.0607022
11.19 0.0527002 -0.0302033 0.0607417
11.2 0.0506152 -0.0336534 0.060782
11.21 0.048305 -0.0369612 0.0608235
11.22 0.0457799 -0.0401115 0.0608665
11.23 0.0430503 -0.043091 0.0609111
11.24 0.0401281 -0.0458863 0.0609575
11.25 0.0370257 -0.0484854 0.061006
11.26 0.0337565 -0.0508766 0.0610567
11.27 0.0303343 -0.0530495 0.0611099
11.28 0.026774 -0.0549944 0.0611656
11.29 0.0230907 -0.0567026 0.0612239
11.3 0.0193004 -0.0581665 0.0612849
11.31 0.015419 -0.0593795 0.0613488
11.32 0.0114637 -0.060336 0.0614154
11.33 0.00745107 -0.0610317 0.0614849
11.34 0.00339874 -0.0614631 0.061557
11.35 -0.00067629 -0.0616282 0.0616319
11.36 -0.00475598 -0.0615257 0.0617092
11.37 -0.00882326 -0.0611558 0.061789
11.38 -0.01286 -0.0605198 0.0618711
11.39 -0.0168493 -0.0596199 0.061955
11.4 -0.0207736 -0.0584598 0.062041
11.41 -0.024616 -0.0570439 0.0621285
11.42 -0.0283598 -0.055378 0.0622173
11.43 -0.031989 -0.0534688 0.0623074
11.44 -0.0354875 -0.0513243 0.0623983
11.45 -0.0388405 -0.048953 0.0624898
11.46 -0.0420328 -0.046365 0.0625817
11.47 -0.0450511 -0.0435708 0.0626739
11.48 -0.0478816 -0.0405822 0.062766
11.49 -0.0505125 -0.0374115 0.062858
11.5 -0.0529316 -0.0340721 0.0629497
11.51 -0.0551286 -0.0305777 0.0630409
11.52 -0.0570935 -0.0269433 0.0631317
11.53 -0.0588178 -0.0231837 0.063222
11.54 -0.0602933 -0.0193153 0.0633117
11.55 -0.0615136 -0.0153537 0.0634008
11.56 -0.0624731 -0.0113163 0.0634897
11.57 -0.0631669 -0.00721946 0.0635781
11.58 -0.0635918 -0.003081 0.0636664
11.59 -0.0637455 0.00108195 0.0637547
11.6 -0.0636268 0.00525138 0.0638431
11.61 -0.0632357 0.00941001 0.063932
11.62 -0.0625734 0.0135397 0.0640215
11.63 -0.0616421 0.0176234 0.0641119
11.64 -0.0604454 0.0216432 0.0642033
11.65 -0.0589877 0.0255825 0.0642963
11.66 -0.0572747 0.0294238 0.0643906
11.67 -0.0553132 0.0331514 0.0644869
11.68 -0.053111 0.0367486 0.0645851
11.69 -0.0506769 0.0402004 0.0646856
11.7 -0.0480209 0.0434916 0.0647883
11.71 -0.045307 0.0467474 0.0651003
11.72 -0.0425381 0.049964 0.0656193
11.73 -0.0397161 0.0531377 0.0663399
11.74 -0.0368436 0.0562651 0.0672549
11.75 -0.033923 0.0593426 0.0683543
11.76 -0.0309567 0.0623666 0.0696269
11.77 -0.0279472 0.0653339 0.0710603
11.78 -0.0248972 0.0682409 0.0726408
11.79 -0.0218089 0.0710843 0.0743546
11.8 -0.0186852 0.073861 0.0761879
11.81 -0.0155283 0.0765677 0.0781264
11.82 -0.0123412 0.0792012 0.0801569
11.83 -0.00912622 0.0817584 0.0822662
11.84 -0.00588612 0.0842366 0.084442
11.85 -0.00262344 0.0866324 0.0866721
11.86 0.000659177 0.0889433 0.0889458
11.87 0.00395912 0.0911663 0.0912522
11.88 0.00727379 0.093299 0.0935821
11.89 0.0106004 0.0953382 0.0959257
11.9 0.0139367 0.097282 0.0982752
11.91 0.0172795 0.0991274 0.100622
11.92 0.020627 0.100872 0.10296
11.93 0.0239759 0.102514 0.105281
11.94 0.0273241 0.104051 0.107579
11.95 0.0306688 0.105481 0.109849
11.96 0.0340078 0.106801 0.112085
11.97 0.0373381 0.10801 0.114282
11.98 0.0406579 0.109107 0.116436
11.99 0.0439642 0.110088 0.118542
12 0.0472551 0.110953 0.120597
12.01 0.0505277 0.1117 0.122596
12.02 0.0537802 0.112327 0.124538
12.03 0.0570098 0.112833 0.126418
12.04 0.0602148 0.113217 0.128234
12.05 0.0633925 0.113478 0.129984
12.06 0.0665412 0.113614 0.131666
12.07 0.0696582 0.113625 0.133278
12.08 0.072742 0.11351 0.134818
12.09 0.0757903 0.113268 0.136286
12.1 0.0788011 0.112898 0.137679
12.11 0.0817726 0.112399 0.138998
12.12 0.084703 0.111772 0.140241
12.13 0.0875902 0.111016 0.141409
12.14 0.0904329 0.11013 0.142502
12.15 0.0932289 0.109115 0.143519
12.16 0.095977 0.10797 0.144462
12.17 0.0986753 0.106696 0.14533
12.18 0.101322 0.105292 0.146126
12.19 0.103917 0.103759 0.146849
12.2 0.106457 0.102098 0.147503
12.21 0.108942 0.100308 0.148088
12.22 0.111371 0.0983901 0.148607
12.23 0.113741 0.0963453 0.149062
12.24 0.116052 0.094174 0.149455
12.25 0.118304 0.0918772 0.14979
12.26 0.120494 0.0894557 0.15007
12.27 0.122622 0.0869106 0.150298
12.28 0.124687 0.084243 0.150478
12.29 0.126688 0.0814541 0.150614
12.3 0.128625 0.0785452 0.150711
12.31 0.130496 0.0755177 0.150772
12.32 0.132302 0.072373 0.150803
12.33 0.134041 0.0691127 0.15081
12.34 0.135713 0.0657385 0.150796
12.35 0.137318 0.062252 0.15077
12.36 0.138855 0.0586551 0.150735
12.37 0.140324 0.0549495 0.150699
12.38 0.141725 0.0511375 0.150668
12.39 0.143057 0.0472206 0.150649
12.4 0.144321 0.0432013 0.150648
12.41 0.145516 0.0390815 0.150673
12.42 0.146643 0.0348638 0.15073
12.43 0.147701 0.03055 0.150828
12.44 0.148691 0.026143 0.150972
12.45 0.149613 0.0216448 0.151171
12.46 0.150467 0.0170581 0.151431
12.47 0.151254 0.0123852 0.15176
12.48 0.151973 0.00762922 0.152165
12.49 0.152626 0.00279208 0.152652
12.5 0.153213 -0.0021228 0.153228
12.51 0.153734 -0.00711327 0.153899
12.52 0.154191 -0.012176 0.154671
12.53 0.154583 -0.0173088 0.155549
12.54 0.154911 -0.0225079 0.156538
12.55 0.155177 -0.0277713 0.157642
12.56 0.155381 -0.0330953 0.158866
12.57 0.155523 -0.0384774 0.160212
12.58 0.155606 -0.0439142 0.161684
12.59 0.155629 -0.0494029 0.163282
12.6 0.155595 -0.0549402 0.165009
12.61 0.155503 -0.0605231 0.166866
12.62 0.155355 -0.0661484 0.168851
12.63 0.155152 -0.071813 0.170966
12.64 0.154896 -0.0775136 0.173208
12.65 0.154587 -0.0832471 0.175577
12.66 0.154227 -0.0890102 0.17807
12.67 0.153817 -0.0947996 0.180684
12.68 0.153358 -0.100612 0.183417
12.69 0.152853 -0.106445 0.186264
12.7 0.152301 -0.112294 0.189223
12.71 0.151705 -0.118156 0.192289
12.72 0.151066 -0.124028 0.195458
12.73 0.150385 -0.129907 0.198725
12.74 0.149665 -0.13579 0.202085
12.75 0.148906 -0.141672 0.205533
12.76 0.148109 -0.147552 0.209064
12.77 0.147277 -0.153425 0.212673
12.78 0.146412 -0.159288 0.216354
12.79 0.145514 -0.165139 0.220102
12.8 0.144585 -0.170973 0.223912
12.81 0.143627 -0.176788 0.227778
12.82 0.142641 -0.182581 0.231694
12.83 0.141629 -0.188347 0.235655
12.84 0.140593 -0.194085 0.239656
12.85 0.139534 -0.19979 0.243692
12.86 0.138453 -0.20546 0.247757
12.87 0.137354 -0.211092 0.251845
12.88 0.136236 -0.216683 0.255952
12.89 0.135101 -0.222229 0.260073
12.9 0.133952 -0.227727 0.264202
12.91 0.13279 -0.233175 0.268335
12.92 0.131615 -0.238569 0.272466
12.93 0.130431 -0.243908 0.276592
12.94 0.129238 -0.249186 0.280707
12.95 0.128038 -0.254403 0.284806
12.96 0.126832 -0.259555 0.288886
12.97 0.125622 -0.264639 0.292942
12.98 0.12441 -0.269653 0.296969
12.99 0.123196 -0.274594 0.300964
13 0.121983 -0.27946 0.304922
13.01 0.120771 -0.284247 0.30884
13.02 0.119562 -0.288953 0.312713
13.03 0.118358 -0.293577 0.316537
13.04 0.117159 -0.298114 0.32031
13.05 0.115967 -0.302564 0.324027
13.06 0.114783 -0.306924 0.327685
13.07 0.113609 -0.311191 0.331281
13.08 0.112446 -0.315363 0.334811
13.09 0.111294 -0.319439 0.338272
13.1 0.110156 -0.323416 0.341661
13.11 0.109031 -0.327292 0.344975
13.12 0.107922 -0.331065 0.348211
13.13 0.106829 -0.334733 0.351367
13.14 0.105753 -0.338295 0.354439
13.15 0.104695 -0.341748 0.357425
13.16 0.103656 -0.345092 0.360323
13.17 0.102637 -0.348324 0.363131
13.18 0.101639 -0.351442 0.365845
13.19 0.100663 -0.354446 0.368463
13.2 0.0997094 -0.357334 0.370985
13.21 0.0987785 -0.360105 0.373407
13.22 0.0978719 -0.362757 0.375728
13.23 0.0969896 -0.365289 0.377945
13.24 0.0961327 -0.367699 0.380058
13.25 0.0953014 -0.369988 0.382065
13.26 0.0944967 -0.372153 0.383963
13.27 0.0937186 -0.374194 0.385752
13.28 0.0929681 -0.37611 0.38743
13.29 0.0922452 -0.3779 0.388996
13.3 0.0915506 -0.379564 0.390449
13.31 0.0908846 -0.3811 0.391787
13.32 0.0902475 -0.382508 0.39301
13.33 0.0896395 -0.383787 0.394117
13.34 0.0890611 -0.384938 0.395107
13.35 0.0885123 -0.385959 0.395978
13.36 0.0879934 -0.386851 0.396732
13.37 0.0875046 -0.387612 0.397367
13.38 0.0870459 -0.388243 0.397882
13.39 0.0866175 -0.388744 0.398277
13.4 0.0862193 -0.389114 0.398552
13.41 0.0858516 -0.389353 0.398706
13.42 0.085514 -0.389463 0.39874
13.43 0.0852069 -0.389441 0.398653
13.44 0.0849297 -0.389289 0.398446
13.45 0.0846829 -0.389007 0.398118
13.46 0.0844658 -0.388595 0.397669
13.47 0.0842787 -0.388054 0.3971
13.48 0.084121 -0.387383 0.396411
13.49 0.0839929 -0.386584 0.395603
13.5 0.0838938 -0.385656 0.394676
13.51 0.0838238 -0.384601 0.393629
13.52 0.0837821 -0.383418 0.392465
13.53 0.083769 -0.382109 0.391184
13.54 0.0837835 -0.380674 0.389785
13.55 0.0838259 -0.379115 0.388271
13.56 0.0838953 -0.37743 0.386642
13.57 0.0839916 -0.375622 0.384898
13.58 0.0841142 -0.373692 0.383042
13.59 0.0842628 -0.37164 0.381073
13.6 0.0844369 -0.369467 0.378993
13.61 0.0846359 -0.367175 0.376803
13.62 0.0848595 -0.364763 0.374504
13.63 0.0851071 -0.362234 0.372098
13.64 0.0853782 -0.359589 0.369585
13.65 0.0856721 -0.356828 0.366968
13.66 0.0859886 -0.353952 0.364248
13.67 0.0863268 -0.350964 0.361425
13.68 0.0866864 -0.347864 0.358502
13.69 0.0870665 -0.344653 0.355481
13.7 0.0874669 -0.341333 0.352362
13.71 0.0878866 -0.337905 0.349148
13.72 0.0883254 -0.334371 0.34584
13.73 0.0887822 -0.330731 0.34244
13.74 0.0892568 -0.326987 0.33895
13.75 0.0897482 -0.323141 0.335373
13.76 0.0902561 -0.319193 0.331709
13.77 0.0907794 -0.315146 0.327961
13.78 0.091318 -0.311001 0.324131
13.79 0.0918707 -0.306759 0.320221
13.8 0.0924372 -0.302422 0.316233
13.81 0.0930165 -0.297991 0.312171
13.82 0.0936082 -0.293468 0.308035
13.83 0.0942113 -0.288853 0.303829
13.84 0.0948254 -0.28415 0.299555
13.85 0.0954495 -0.279359 0.295215
13.86 0.0960832 -0.274482 0.290813
13.87 0.0967254 -0.26952 0.286351
13.88 0.0973758 -0.264475 0.281832
13.89 0.0980332 -0.259349 0.277259
13.9 0.0986972 -0.254143 0.272635
13.91 0.099367 -0.248858 0.267963
13.92 0.100042 -0.243497 0.263247
13.93 0.100721 -0.23806 0.258491
13.94 0.101403 -0.23255 0.253697
13.95 0.102088 -0.226968 0.248871
13.96 0.102776 -0.221315 0.244015
13.97 0.103464 -0.215594 0.239135
13.98 0.104153 -0.209805 0.234235
13.99 0.104841 -0.203951 0.22932
14 0.105529 -0.198032 0.224395
14.01 0.106214 -0.192051 0.219465
14.02 0.106897 -0.186008 0.214537
14.03 0.107576 -0.179907 0.209616
14.04 0.10825 -0.173747 0.20471
14.05 0.10892 -0.167532 0.199826
14.06 0.109583 -0.161261 0.194971
14.07 0.11024 -0.154938 0.190154
14.08 0.110889 -0.148562 0.185384
14.09 0.11153 -0.142137 0.180671
14.1 0.112161 -0.135664 0.176025
14.11 0.112782 -0.129143 0.171458
14.12 0.113392 -0.122577 0.166982
14.13 0.11399 -0.115967 0.162611
14.14 0.114576 -0.109315 0.158358
14.15 0.115147 -0.102622 0.154241
14.16 0.115704 -0.0958902 0.150275
14.17 0.116246 -0.0891207 0.146477
14.18 0.116771 -0.0823147 0.142868
14.19 0.117279 -0.0754742 0.139466
14.2 0.117769 -0.0686006 0.136292
14.21 0.118239 -0.0616956 0.133368
14.22 0.11869 -0.0547604 0.130714
14.23 0.119119 -0.047797 0.128351
14.24 0.119527 -0.0408064 0.126301
14.25 0.119911 -0.0337906 0.124581
14.26 0.120272 -0.0267509 0.123211
14.27 0.120607 -0.0196889 0.122204
14.28 0.120917 -0.0126061 0.121573
14.29 0.1212 -0.00550421 0.121325
14.3 0.121455 0.0016153 0.121466
14.31 0.121293 0.0087458 0.121608
14.32 0.120712 0.0158626 0.12175
14.33 0.119715 0.0229416 0.121893
14.34 0.118303 0.029958 0.122037
14.35 0.116481 0.036888 0.122182
14.36 0.114253 0.0437073 0.122328
14.37 0.111627 0.0503926 0.122474
14.38 0.10861 0.0569202 0.122622
14.39 0.105213 0.0632678 0.12277
14.4 0.101445 0.0694127 0.122919
14.41 0.0973181 0.0753339 0.123069
14.42 0.0928466 0.0810099 0.12322
14.43 0.0880447 0.0864214 0.123371
14.44 0.0829278 0.0915484 0.123524
14.45 0.0775128 0.0963733 0.123677
14.46 0.0718176 0.100878 0.123831
14.47 0.065861 0.105047 0.123986
14.48 0.0596627 0.108865 0.124142
14.49 0.0532435 0.112318 0.124299
14.5 0.0466246 0.115393 0.124457
14.51 0.0398286 0.118079 0.124615
14.52 0.0328779 0.120365 0.124775
14.53 0.0257964 0.122243 0.124935
14.54 0.0186076 0.123705 0.125096
14.55 0.0113363 0.124745 0.125259
14.56 0.00400681 0.125357 0.125422
14.57 -0.00335538 0.125541 0.125586
14.58 -0.0107257 0.125292 0.12575
14.59 -0.0180782 0.124612 0.125916
14.6 -0.0253883 0.1235 0.126083
14.61 -0.0326303 0.121961 0.126251
14.62 -0.0397795 0.119998 0.126419
14.63 -0.0468108 0.117616 0.126589
14.64 -0.0537001 0.114823 0.126759
14.65 -0.060423 0.111626 0.126931
14.66 -0.0669564 0.108037 0.127103
14.67 -0.073277 0.104066 0.127276
14.68 -0.0793629 0.099726 0.127451
14.69 -0.0851921 0.0950303 0.127626
14.7 -0.0907443 0.0899944 0.127803
14.71 -0.0959993 0.0846345 0.12798
14.72 -0.100939 0.0789682 0.128158
14.73 -0.105544 0.0730137 0.128338
14.74 -0.109799 0.0667913 0.128518
14.75 -0.113688 0.0603206 0.1287
14.76 -0.117197 0.0536242 0.128882
14.77 -0.120311 0.0467235 0.129066
14.78 -0.123021 0.0396422 0.12925
14.79 -0.125314 0.0324036 0.129436
14.8 -0.127182 0.0250325 0.129622
14.81 -0.128618 0.0175534 0.12981
14.82 -0.129614 0.00999207 0.129999
14.83 -0.130167 0.00237387 0.130189
14.84 -0.130273 -0.00527499 0.13038
14.85 -0.129931 -0.0129286 0.130572
14.86 -0.129139 -0.0205604 0.130765
14.87 -0.1279 -0.0281444 0.13096
14.88 -0.126216 -0.0356541 0.131155
14.89 -0.124092 -0.0430639 0.131352
14.9 -0.121533 -0.0503477 0.131549
14.91 -0.118548 -0.0574802 0.131749
14.92 -0.115145 -0.0644365 0.131949
14.93 -0.111334 -0.0711919 0.13215
14.94 -0.107127 -0.0777231 0.132352
14.95 -0.102538 -0.0840062 0.132556
14.96 -0.0975803 -0.0900195 0.132761
14.97 -0.0922705 -0.0957409 0.132967
14.98 -0.0866252 -0.10115 0.133174
14.99 -0.0806632 -0.106228 0.133382
15 -0.0744036 -0.110955 0.133592
15.01 -0.067867 -0.115314 0.133803
15.02 -0.0610751 -0.119289 0.134015
15.03 -0.0540502 -0.122865 0.134228
15.04 -0.0468157 -0.126028 0.134443
15.05 -0.0393959 -0.128767 0.134658
15.06 -0.0318156 -0.131069 0.134875
15.07 -0.0241002 -0.132926 0.135093
15.08 -0.0162761 -0.134331 0.135313
15.09 -0.0083694 -0.135275 0.135534
15.1 -0.000407635 -0.135755 0.135756
15.11 0.0075827 -0.135767 0.135979
15.12 0.0155735 -0.13531 0.136203
15.13 0.0235377 -0.134383 0.136429
15.14 0.0314474 -0.132988 0.136656
15.15 0.0392756 -0.131128 0.136884
15.16 0.0469945 -0.128808 0.137113
15.17 0.0545777 -0.126034 0.137344
15.18 0.0619978 -0.122814 0.137576
15.19 0.0692293 -0.119158 0.137809
15.2 0.0762461 -0.115076 0.138043
15.21 0.0830236 -0.110581 0.138279
15.22 0.0895369 -0.105687 0.138516
15.23 0.0957632 -0.10041 0.138754
15.24 0.101679 -0.094765 0.138993
15.25 0.107264 -0.0887721 0.139234
15.26 0.112497 -0.0824495 0.139476
15.27 0.117358 -0.0758186 0.139719
15.28 0.121829 -0.0689003 0.139963
15.29 0.125894 -0.0617182 0.140209
15.3 0.129537 -0.0542955 0.140455
15.31 0.132742 -0.0466574 0.140704
15.32 0.135499 -0.0388292 0.140953
15.33 0.137795 -0.0308376 0.141203
15.34 0.13962 -0.0227091 0.141455
15.35 0.140967 -0.014472 0.141708
15.36 0.141829 -0.00615384 0.141962
15.37 0.1422 0.00221638 0.142217
15.38 0.142078 0.0106104 0.142474
15.39 0.141461 0.0189985 0.142731
15.4 0.14035 0.0273523 0.14299
15.41 0.138745 0.035642 0.14325
15.42 0.136652 0.0438391 0.143512
15.43 0.134074 0.0519142 0.143774
15.44 0.13102 0.0598392 0.144038
15.45 0.127496 0.0675857 0.144302
15.46 0.123516 0.0751261 0.144568
15.47 0.119088 0.0824333 0.144835
15.48 0.114229 0.0894809 0.145104
15.49 0.108952 0.0962433 0.145373
15.5 0.103274 0.102696 0.145643
15.51 0.0972138 0.108815 0.145915
15.52 0.0907906 0.114577 0.146187
15.53 0.0840249 0.119961 0.146461
15.54 0.0769395 0.124947 0.146736
15.55 0.0695571 0.129516 0.147012
15.56 0.0619029 0.133649 0.147289
15.57 0.0540019 0.137331 0.147567
15.58 0.045881 0.140547 0.147846
15.59 0.0375675 0.143283 0.148126
15.6 0.0290897 0.145528 0.148407
15.61 0.0204766 0.147273 0.14869
15.62 0.0117576 0.148508 0.148973
15.63 0.0029631 0.149228 0.149257
15.64 -0.00587693 0.149427 0.149542
15.65 -0.0147313 0.149103 0.149828
15.66 -0.0235694 0.148254 0.150116
15.67 -0.0323598 0.146882 0.150404
15.68 -0.0410718 0.144988 0.150693
15.69 -0.0496742 0.142578 0.150983
15.7 -0.0581369 0.139657 0.151274
15.71 -0.0664288 0.136234 0.151566
15.72 -0.0745208 0.132317 0.151859
15.73 -0.082383 0.127921 0.152153
15.74 -0.0899873 0.123056 0.152448
15.75 -0.0973053 0.117739 0.152744
15.76 -0.104311 0.111985 0.153041
15.77 -0.110977 0.105815 0.153338
15.78 -0.117279 0.0992465 0.153637
15.79 -0.123194 0.0923018 0.153936
15.8 -0.128698 0.085004 0.154236
15.81 -0.133771 0.0773767 0.154538
15.82 -0.138393 0.0694457 0.15484
15.83 -0.142545 0.0612373 0.155142
15.84 -0.146212 0.0527796 0.155446
15.85 -0.149377 0.044101 0.155751
15.86 -0.152027 0.0352317 0.156056
15.87 -0.154152 0.0262014 0.156362
15.88 -0.15574 0.017042 0.15667
15.89 -0.156784 0.00778468 0.156977
15.9 -0.157279 -0.00153768 0.157286
15.91 -0.157219 -0.010893 0.157596
15.92 -0.156602 -0.0202477 0.157906
15.93 -0.15543 -0.0295693 0.158217
15.94 -0.153701 -0.0388242 0.158529
15.95 -0.151422 -0.0479797 0.158842
15.96 -0.148597 -0.0570027 0.159155
15.97 -0.145234 -0.0658608 0.15947
15.98 -0.141342 -0.0745218 0.159785
15.99 -0.136934 -0.082954 0.160101
16 -0.132021 -0.0911268 0.160417
16.01 -0.12662 -0.0990099 0.160735
16.02 -0.120747 -0.106574 0.161053
16.03 -0.114422 -0.113791 0.161371
16.04 -0.107664 -0.120633 0.161691
16.05 -0.100496 -0.127075 0.162011
16.06 -0.0929416 -0.133093 0.162332
16.07 -0.0850257 -0.138661 0.162654
16.08 -0.0767747 -0.14376 0.162976
16.09 -0.0682169 -0.148368 0.163299
16.1 -0.0593809 -0.152468 0.163623
16.11 -0.0502974 -0.156042 0.163948
16.12 -0.0409973 -0.159075 0.164273
16.13 -0.0315129 -0.161554 0.164599
16.14 -0.0218772 -0.163468 0.164926
16.15 -0.0121237 -0.164807 0.165253
16.16 -0.00228698 -0.165565 0.165581
16.17 0.00759849 -0.165735 0.165909
16.18 0.0174976 -0.165315 0.166239
16.19 0.0273751 -0.164303 0.166568
16.2 0.0371956 -0.162701 0.166899
16.21 0.0469239 -0.160512 0.16723
16.22 0.0565244 -0.15774 0.167562
16.23 0.0659629 -0.154393 0.167894
16.24 0.0752043 -0.150481 0.168227
16.25 0.0842153 -0.146015 0.168561
16.26 0.0929619 -0.141009 0.168895
16.27 0.101412 -0.135478 0.16923
16.28 0.109535 -0.129439 0.169565
16.29 0.117299 -0.122912 0.169901
16.3 0.124674 -0.115919 0.170238
16.31 0.131634 -0.108481 0.170575
16.32 0.138151 -0.100625 0.170913
16.33 0.1442 -0.0923753 0.171251
16.34 0.149757 -0.0837608 0.17159
16.35 0.1548 -0.0748109 0.171929
16.36 0.159308 -0.0655557 0.172269
16.37 0.163264 -0.0560277 0.17261
16.38 0.16665 -0.046259 0.172951
16.39 0.169451 -0.0362847 0.173293
16.4 0.171656 -0.0261389 0.173635
16.41 0.173254 -0.0158578 0.173978
16.42 0.174235 -0.00547736 0.174321
16.43 0.174594 0.004965 0.174665
16.44 0.174328 0.0154326 0.175009
16.45 0.173433 0.0258873 0.175354
16.46 0.171911 0.0362919 0.1757
16.47 0.169763 0.0466083 0.176045
16.48 0.166997 0.0567993 0.176392
16.49 0.163617 0.0668273 0.176739
16.5 0.159635 0.0766557 0.177086
16.51 0.155061 0.0862481 0.177434
16.52 0.149911 0.0955689 0.177782
16.53 0.144198 0.104583 0.178131
16.54 0.137943 0.113257 0.178481
16.55 0.131164 0.121558 0.17883
16.56 0.123884 0.129454 0.17918
16.57 0.116128 0.136915 0.179531
16.58 0.107921 0.143912 0.179882
16.59 0.0992912 0.150418 0.180234
16.6 0.0902675 0.156407 0.180586
16.61 0.0808808 0.161855 0.180938
16.62 0.0711639 0.16674 0.181291
16.63 0.0611502 0.171042 0.181645
16.64 0.0508748 0.174743 0.181998
16.65 0.0403738 0.177827 0.182352
16.66 0.0296841 0.180279 0.182707
16.67 0.0188438 0.182089 0.183062
16.68 0.00789146 0.183247 0.183417
16.69 -0.00313366 0.183746 0.183772
16.7 -0.0141918 0.18358 0.184128
16.71 -0.0252431 0.182749 0.184484
16.72 -0.0362475 0.181252 0.184841
16.73 -0.0471643 0.179092 0.185198
16.74 -0.0579542 0.176272 0.185555
16.75 -0.0685767 0.172802 0.185913
16.76 -0.0789931 0.168691 0.18627
16.77 -0.0891641 0.163951 0.186628
16.78 -0.0990522 0.158596 0.186987
16.79 -0.10862 0.152644 0.187345
16.8 -0.117831 0.146112 0.187704
16.81 -0.12665 0.139024 0.188063
16.82 -0.135043 0.131402 0.188423
16.83 -0.142979 0.123271 0.188782
16.84 -0.150426 0.11466 0.189142
16.85 -0.157354 0.105597 0.189502
16.86 -0.163737 0.0961132 0.189862
16.87 -0.169549 0.086242 0.190222
16.88 -0.174766 0.0760178 0.190583
16.89 -0.179367 0.0654759 0.190944
16.9 -0.183331 0.0546541 0.191305
16.91 -0.186643 0.0435901 0.191666
16.92 -0.189287 0.0323239 0.192027
16.93 -0.19125 0.0208953 0.192388
16.94 -0.192523 0.00934599 0.192749
16.95 -0.193097 -0.00228293 0.193111
16.96 -0.192969 -0.0139486 0.193472
16.97 -0.192135 -0.025609 0.193834
16.98 -0.190595 -0.0372209 0.194196
16.99 -0.188353 -0.048742 0.194558
17 -0.185413 -0.0601294 0.19492
17.01 -0.181784 -0.071341 0.195282
17.02 -0.177475 -0.0823347 0.195643
17.03 -0.1725 -0.0930696 0.196006
17.04 -0.166874 -0.103505 0.196367
17.05 -0.160615 -0.113601 0.19673
17.06 -0.153744 -0.12332 0.197091
17.07 -0.146283 -0.132624 0.197453
17.08 -0.138257 -0.141478 0.197815
17.09 -0.129694 -0.149846 0.198177
17.1 -0.120622 -0.157696 0.198539
17.11 -0.111073 -0.164998 0.198901
17.12 -0.10108 -0.171722 0.199263
17.13 -0.0906782 -0.17784 0.199624
17.14 -0.0799041 -0.183329 0.199986
17.15 -0.0687958 -0.188165 0.200347
17.16 -0.0573931 -0.192327 0.200708
17.17 -0.0457365 -0.195798 0.201069
17.18 -0.0338682 -0.198563 0.20143
17.19 -0.021831 -0.200607 0.201791
17.2 -0.00966857 -0.20192 0.202152
17.21 0.00257467 -0.202496 0.202512
17.22 0.0148537 -0.202328 0.202872
17.23 0.0271237 -0.201414 0.203232
17.24 0.0393387 -0.199756 0.203592
17.25 0.0514542 -0.197355 0.203952
17.26 0.0634242 -0.194218 0.204311
17.27 0.0752045 -0.190353 0.204671
17.28 0.0867503 -0.185773 0.205029
17.29 0.0980185 -0.18049 0.205388
17.3 0.108966 -0.174523 0.205747
17.31 0.119551 -0.167889 0.206105
17.32 0.129733 -0.160612 0.206463
17.33 0.139472 -0.152716 0.20682
17.34 0.148732 -0.144227 0.207177
17.35 0.157475 -0.135174 0.207534
17.36 0.165668 -0.12559 0.207891
17.37 0.173277 -0.115507 0.208248
17.38 0.180273 -0.104962 0.208603
17.39 0.186627 -0.0939903 0.208959
17.4 0.192313 -0.0826321 0.209314
17.41 0.197308 -0.0709285 0.209669
17.42 0.20159 -0.0589206 0.210024
17.43 0.20514 -0.0466527 0.210378
17.44 0.207943 -0.0341689 0.210732
17.45 0.209986 -0.021515 0.211085
17.46 0.211258 -0.0087372 0.211439
17.47 0.211751 0.00411715 0.211791
17.48 0.211461 0.0170011 0.212144
17.49 0.210386 0.0298662 0.212495
17.5 0.208527 0.042665 0.212847
17.51 0.205888 0.0553494 0.213198
17.52 0.202476 0.067872 0.213549
17.53 0.1983 0.0801853 0.213899
17.54 0.193375 0.0922431 0.214249
17.55 0.187714 0.103999 0.214598
17.56 0.181337 0.115409 0.214947
17.57 0.174265 0.126428 0.215296
17.58 0.166522 0.137015 0.215644
17.59 0.158133 0.147128 0.215992
17.6 0.149128 0.156727 0.216339
17.61 0.139539 0.165776 0.216686
17.62 0.129399 0.174239 0.217033
17.63 0.118743 0.182081 0.217379
17.64 0.107611 0.189271 0.217724
17.65 0.0960411 0.195781 0.218069
17.66 0.0840755 0.201584 0.218414
17.67 0.0717576 0.206654 0.218758
17.68 0.0591321 0.210972 0.219102
17.69 0.046245 0.214517 0.219445
17.7 0.0331436 0.217275 0.219788
17.71 0.0198761 0.219232 0.220131
17.72 0.00649148 0.220377 0.220473
17.73 -0.00696037 0.220705 0.220814
17.74 -0.0204299 0.22021 0.221155
17.75 -0.033866 0.218892 0.221496
17.76 -0.0472193 0.216753 0.221836
17.77 -0.0604385 0.213797 0.222176
17.78 -0.0734745 0.210035 0.222515
17.79 -0.0862772 0.205475 0.222854
17.8 -0.0987985 0.200134 0.223192
17.81 -0.11099 0.194028 0.22353
17.82 -0.122805 0.187178 0.223868
17.83 -0.134198 0.179606 0.224204
17.84 -0.145125 0.17134 0.224541
17.85 -0.155544 0.162406 0.224877
17.86 -0.165413 0.152837 0.225212
17.87 -0.174693 0.142666 0.225547
17.88 -0.183349 0.13193 0.225882
17.89 -0.191345 0.120667 0.226215
17.9 -0.198649 0.108917 0.226549
17.91 -0.205232 0.096723 0.226882
17.92 -0.211065 0.0841296 0.227214
17.93 -0.216126 0.0711818 0.227546
17.94 -0.220391 0.0579282 0.227877
17.95 -0.223844 0.0444168 0.228208
17.96 -0.226467 0.030698 0.228538
17.97 -0.228249 0.0168226 0.228868
17.98 -0.229179 0.00284237 0.229197
17.99 -0.229252 -0.0111907 0.229525
18 -0.228465 -0.0252237 0.229853
18.01 -0.226817 -0.0392038 0.23018
18.02 -0.224312 -0.0530783 0.230507
18.03 -0.220958 -0.0667946 0.230833
18.04 -0.216762 -0.0803003 0.231158
18.05 -0.21174 -0.093544 0.231483
18.06 -0.205906 -0.106475 0.231807
18.07 -0.199282 -0.119043 0.23213
18.08 -0.191888 -0.1312 0.232453
18.09 -0.18375 -0.142899 0.232775
18.1 -0.174897 -0.154094 0.233096
18.11 -0.16536 -0.164741 0.233417
18.12 -0.155173 -0.174798 0.233737
18.13 -0.144372 -0.184225 0.234056
18.14 -0.132996 -0.192986 0.234375
18.15 -0.121086 -0.201044 0.234692
18.16 -0.108686 -0.208367 0.235009
18.17 -0.0958411 -0.214924 0.235325
18.18 -0.0825984 -0.22069 0.235641
18.19 -0.0690066 -0.225639 0.235955
18.2 -0.0551166 -0.229751 0.236269
18.21 -0.0409796 -0.233006 0.236582
18.22 -0.0266487 -0.235391 0.236895
18.23 -0.0121771 -0.236893 0.237206
18.24 0.00237994 -0.237505 0.237517
18.25 0.0169684 -0.23722 0.237826
18.26 0.0315323 -0.236038 0.238135
18.27 0.0460171 -0.233961 0.238443
18.28 0.0603668 -0.230992 0.23875
18.29 0.0745272 -0.227143 0.239057
18.3 0.0884436 -0.222423 0.239362
18.31 0.102063 -0.216848 0.239666
18.32 0.115332 -0.210438 0.23997
18.33 0.128199 -0.203213 0.240272
18.34 0.140615 -0.1952 0.240573
18.35 0.152531 -0.186426 0.240874
18.36 0.1639 -0.176922 0.241174
18.37 0.174678 -0.166723 0.241472
18.38 0.184821 -0.155865 0.24177
18.39 0.194289 -0.144387 0.242066
18.4 0.203045 -0.132332 0.242362
18.41 0.211053 -0.119745 0.242656
18.42 0.21828 -0.10667 0.24295
18.43 0.224696 -0.093157 0.243242
18.44 0.230276 -0.0792559 0.243533
18.45 0.234995 -0.0650189 0.243824
18.46 0.238832 -0.050499 0.244113
18.47 0.241772 -0.0357509 0.244401
18.48 0.2438 -0.0208304 0.244688
18.49 0.244905 -0.00579372 0.244974
18.5 0.245082 0.00930204 0.245258
18.51 0.244327 0.0243993 0.245542
18.52 0.24264 0.0394404 0.245824
18.53 0.240025 0.0543681 0.246106
18.54 0.236491 0.0691244 0.246386
18.55 0.232047 0.0836532 0.246665
18.56 0.226708 0.0978977 0.246943
18.57 0.220493 0.111803 0.247219
18.58 0.213424 0.125315 0.247495
18.59 0.205524 0.138382 0.247769
18.6 0.196821 0.150951 0.248042
18.61 0.187349 0.162974 0.248314
18.62 0.177139 0.174402 0.248585
18.63 0.16623 0.185192 0.248854
18.64 0.154661 0.195299 0.249122
18.65 0.142476 0.204684 0.249389
18.66 0.129719 0.213309 0.249655
18.67 0.116438 0.221138 0.24992
18.68 0.102682 0.22814 0.250183
18.69 0.0885041 0.234286 0.250445
18.7 0.0739556 0.239549 0.250706
18.71 0.0590928 0.243909 0.250965
18.72 0.0439711 0.247345 0.251223
18.73 0.0286487 0.249843 0.25148
18.74 0.0131831 0.251391 0.251736
18.75 -0.00236585 0.251979 0.25199
18.76 -0.0179394 0.251605 0.252244
18.77 -0.033477 0.250266 0.252495
18.78 -0.0489195 0.247966 0.252746
18.79 -0.064207 0.244712 0.252995
18.8 -0.0792805 0.240513 0.253243
18.81 -0.0940815 0.235384 0.253489
18.82 -0.108552 0.229341 0.253734
18.83 -0.122637 0.222407 0.253978
18.84 -0.13628 0.214607 0.254221
18.85 -0.149427 0.205966 0.254462
18.86 -0.162028 0.196519 0.254702
18.87 -0.174033 0.186298 0.25494
18.88 -0.185393 0.175342 0.255177
18.89 -0.196064 0.16369 0.255413
18.9 -0.206003 0.151388 0.255647
18.91 -0.21517 0.138479 0.25588
18.92 -0.223527 0.125013 0.256111
18.93 -0.231042 0.111041 0.256341
18.94 -0.237683 0.0966154 0.256569
18.95 -0.243423 0.0817907 0.256797
18.96 -0.248237 0.0666233 0.257022
18.97 -0.252106 0.0511712 0.257246
18.98 -0.255011 0.0354932 0.257469
18.99 -0.25694 0.0196497 0.25769
19 -0.257883 0.00370133 0.25791
19.01 -0.257836 -0.0122904 0.258128
19.02 -0.256794 -0.0282639 0.258345
19.03 -0.254762 -0.044157 0.25856
19.04 -0.251744 -0.0599087 0.258774
19.05 -0.24775 -0.075457 0.258986
19.06 -0.242794 -0.0907422 0.259197
19.07 -0.236892 -0.105704 0.259406
19.08 -0.230067 -0.120284 0.259613
19.09 -0.222342 -0.134424 0.259819
19.1 -0.213746 -0.148071 0.260023
19.11 -0.204309 -0.161168 0.260226
19.12 -0.194068 -0.173666 0.260427
19.13 -0.18306 -0.185513 0.260626
19.14 -0.171327 -0.196663 0.260824
19.15 -0.158912 -0.207071 0.26102
19.16 -0.145863 -0.216696 0.261215
19.17 -0.132228 -0.225498 0.261407
19.18 -0.118061 -0.233442 0.261598
19.19 -0.103413 -0.240496 0.261787
19.2 -0.0883433 -0.24663 0.261975
19.21 -0.0729073 -0.251819 0.262161
19.22 -0.0571656 -0.256041 0.262345
19.23 -0.0411781 -0.259277 0.262527
19.24 -0.0250071 -0.261514 0.262707
19.25 -0.00871464 -0.262742 0.262886
19.26 0.00763561 -0.262952 0.263063
19.27 0.0239804 -0.262143 0.263238
19.28 0.040256 -0.260316 0.26341
19.29 0.0563988 -0.257477 0.263582
19.3 0.072346 -0.253635 0.263751
19.31 0.0880347 -0.248802 0.263918
19.32 0.103404 -0.242997 0.264083
19.33 0.118392 -0.236241 0.264247
19.34 0.132941 -0.228557 0.264408
19.35 0.146993 -0.219975 0.264567
19.36 0.160493 -0.210526 0.264725
19.37 0.173386 -0.200246 0.26488
19.38 0.185622 -0.189175 0.265033
19.39 0.197151 -0.177353 0.265184
19.4 0.207928 -0.164826 0.265333
19.41 0.217909 -0.151641 0.26548
19.42 0.227055 -0.13785 0.265625
19.43 0.235326 -0.123505 0.265767
19.44 0.242692 -0.108663 0.265908
19.45 0.24912 -0.0933783 0.266045
19.46 0.254585 -0.0777126 0.266181
19.47 0.259063 -0.0617256 0.266315
19.48 0.262536 -0.0454799 0.266446
19.49 0.264989 -0.0290386 0.266575
19.5 0.26641 -0.012466 0.266702
19.51 0.266793 0.00417329 0.266826
19.52 0.266135 0.0208136 0.266948
19.53 0.264437 0.0373904 0.267067
19.54 0.261704 0.0538377 0.267184
19.55 0.257946 0.0700916 0.267299
19.56 0.253175 0.0860871 0.267411
19.57 0.24741 0.101762 0.267521
19.58 0.240672 0.117053 0.267628
19.59 0.232987 0.131901 0.267732
19.6 0.224382 0.146246 0.267834
19.61 0.214892 0.160031 0.267934
19.62 0.204551 0.173202 0.26803
19.63 0.193402 0.185705 0.268124
19.64 0.181485 0.197492 0.268216
19.65 0.168847 0.208514 0.268305
19.66 0.155538 0.218727 0.268391
19.67 0.141608 0.228091 0.268474
19.68 0.127113 0.236567 0.268555
19.69 0.112108 0.244121 0.268633
19.7 0.0966531 0.250723 0.268708
19.71 0.0808083 0.256345 0.26878
19.72 0.0646355 0.260964 0.26885
19.73 0.0481985 0.264561 0.268916
19.74 0.0315621 0.267122 0.26898
19.75 0.0147914 0.268634 0.269041
19.76 -0.0020468 0.269091 0.269099
19.77 -0.0188865 0.26849 0.269154
19.78 -0.0356607 0.266833 0.269206
19.79 -0.0523035 0.264126 0.269255
19.8 -0.0687483 0.260378 0.269301
19.81 -0.0849305 0.255603 0.269344
19.82 -0.100785 0.24982 0.269384
19.83 -0.11625 0.243051 0.269421
19.84 -0.131263 0.235321 0.269455
19.85 -0.145764 0.226662 0.269486
19.86 -0.159696 0.217106 0.269513
19.87 -0.173003 0.20669 0.269538
19.88 -0.185631 0.195457 0.269559
19.89 -0.197531 0.183449 0.269578
19.9 -0.208654 0.170714 0.269592
19.91 -0.218957 0.157303 0.269604
19.92 -0.228397 0.143268 0.269613
19.93 -0.236937 0.128665 0.269618
19.94 -0.244543 0.11355 0.26962
19.95 -0.251183 0.0979857 0.269618
19.96 -0.256831 0.0820316 0.269613
19.97 -0.261464 0.0657523 0.269605
19.98 -0.265064 0.0492116 0.269594
19.99 -0.267616 0.0324759 0.269579
20 -0.269108 0.0156113 0.269561
20.01 -0.269535 -0.00131458 0.269539
20.02 -0.268896 -0.0182348 0.269514
20.03 -0.267192 -0.0350815 0.269485
20.04 -0.264429 -0.0517879 0.269453
20.05 -0.260619 -0.068287 0.269417
20.06 -0.255777 -0.0845131 0.269378
20.07 -0.249921 -0.100402 0.269335
20.08 -0.243076 -0.115888 0.269288
20.09 -0.235268 -0.130913 0.269238
20.1 -0.226529 -0.145413 0.269185
20.11 -0.216893 -0.159333 0.269127
20.12 -0.206399 -0.172616 0.269066
20.13 -0.195088 -0.185209 0.269002
20.14 -0.183007 -0.197062 0.268933
20.15 -0.170204 -0.208128 0.268861
20.16 -0.156729 -0.218361 0.268785
20.17 -0.142637 -0.227722 0.268706
20.18 -0.127985 -0.236173 0.268622
20.19 -0.11283 -0.243681 0.268535
20.2 -0.0972352 -0.250214 0.268444
20.21 -0.0812619 -0.255749 0.268349
20.22 -0.0649741 -0.260262 0.26825
20.23 -0.0484378 -0.263736 0.268147
20.24 -0.0317189 -0.266157 0.26804
20.25 -0.0148852 -0.267516 0.26793
20.26 0.00199641 -0.267808 0.267815
20.27 0.0188574 -0.267031 0.267696
20.28 0.0356305 -0.265191 0.267574
20.29 0.0522481 -0.262294 0.267447
20.3 0.0686437 -0.258352 0.267316
20.31 0.0847511 -0.253383 0.267181
20.32 0.100506 -0.247407 0.267042
20.33 0.115845 -0.240447 0.266899
20.34 0.130707 -0.232534 0.266751
20.35 0.145032 -0.223699 0.2666
20.36 0.158762 -0.213979 0.266444
20.37 0.171844 -0.203413 0.266284
20.38 0.184224 -0.192045 0.26612
20.39 0.195853 -0.179921 0.265951
20.4 0.206685 -0.167091 0.265778
20.41 0.216677 -0.153606 0.265601
20.42 0.225789 -0.139523 0.265419
20.43 0.233985 -0.124898 0.265233
20.44 0.241233 -0.109792 0.265043
20.45 0.247504 -0.0942647 0.264848
20.46 0.252775 -0.0783805 0.264648
20.47 0.257024 -0.0622036 0.264444
20.48 0.260236 -0.0457999 0.264235
20.49 0.262399 -0.0292362 0.264022
20.5 0.263504 -0.0125796 0.263805
20.51 0.26355 0.00410211 0.263582
20.52 0.262537 0.0207416 0.263355
20.53 0.260471 0.0372711 0.263124
20.54 0.25736 0.0536241 0.262887
20.55 0.253219 0.0697337 0.262646
20.56 0.248067 0.0855359 0.2624
20.57 0.241926 0.100966 0.262149
20.58 0.234821 0.115962 0.261894
20.59 0.226784 0.130464 0.261633
20.6 0.217848 0.144414 0.261368
20.61 0.208051 0.157755 0.261097
20.62 0.197435 0.170434 0.260822
20.63 0.186043 0.182401 0.260542
20.64 0.173923 0.193608 0.260257
20.65 0.161127 0.204011 0.259966
20.66 0.147708 0.213569 0.259671
20.67 0.13372 0.222243 0.259371
20.68 0.119223 0.230001 0.259065
20.69 0.104277 0.236813 0.258755
20.7 0.0889429 0.242652 0.258439
20.71 0.0732845 0.247496 0.258118
20.72 0.0573669 0.251328 0.257792
20.73 0.0412549 0.254134 0.25746
20.74 0.0250156 0.255904 0.257124
20.75 0.00871523 0.256634 0.256782
20.76 -0.00757905 0.256322 0.256434
20.77 -0.0238007 0.254974 0.256082
20.78 -0.0398836 0.252595 0.255724
20.79 -0.0557617 0.249198 0.255361
20.8 -0.0713707 0.2448 0.254992
20.81 -0.086647 0.239422 0.254618
20.82 -0.101529 0.233086 0.254239
20.83 -0.115956 0.225823 0.253854
20.84 -0.129871 0.217664 0.253464
20.85 -0.143217 0.208644 0.253068
20.86 -0.155941 0.198804 0.252667
20.87 -0.167993 0.188186 0.252261
20.88 -0.179324 0.176835 0.251849
20.89 -0.18989 0.164801 0.251431
20.9 -0.199651 0.152134 0.251008
20.91 -0.208566 0.138889 0.250579
20.92 -0.216603 0.125123 0.250146
20.93 -0.223732 0.110892 0.249706
20.94 -0.229924 0.0962588 0.249261
20.95 -0.235158 0.0812827 0.24881
20.96 -0.239416 0.0660279 0.248354
20.97 -0.242681 0.0505577 0.247892
20.98 -0.244946 0.0349369 0.247425
20.99 -0.246202 0.0192302 0.246952
21 -0.246448 0.00350341 0.246473
21.01 -0.245687 -0.0121791 0.245989
21.02 -0.243925 -0.0277519 0.245499
21.03 -0.241174 -0.0431515 0.245004
21.04 -0.237447 -0.0583143 0.244503
21.05 -0.232764 -0.0731788 0.243996
21.06 -0.227147 -0.087684 0.243484
21.07 -0.220625 -0.101772 0.242966
21.08 -0.213225 -0.115384 0.242443
21.09 -0.204984 -0.128468 0.241914
21.1 -0.195938 -0.140969 0.241379
21.11 -0.186128 -0.15284 0.240839
21.12 -0.175597 -0.164032 0.240293
21.13 -0.164393 -0.174502 0.239742
21.14 -0.152565 -0.18421 0.239185
21.15 -0.140163 -0.193118 0.238622
21.16 -0.127244 -0.201193 0.238054
21.17 -0.113862 -0.208404 0.23748
21.18 -0.100074 -0.214725 0.236901
21.19 -0.0859413 -0.220134 0.236315
21.2 -0.0715231 -0.224612 0.235725
21.21 -0.0568808 -0.228145 0.235129
21.22 -0.0420769 -0.230722 0.234527
21.23 -0.0271734 -0.232336 0.233919
21.24 -0.0122335 -0.232986 0.233307
21.25 0.0026808 -0.232673 0.232688
21.26 0.0175065 -0.231403 0.232064
21.27 0.0321831 -0.229186 0.231435
21.28 0.0466489 -0.226036 0.2308
21.29 0.0608454 -0.221971 0.230159
21.3 0.0747136 -0.217012 0.229513
21.31 0.0881977 -0.211184 0.228862
21.32 0.101243 -0.204517 0.228204
21.33 0.113797 -0.197042 0.227542
21.34 0.125809 -0.188796 0.226874
21.35 0.137233 -0.179816 0.226201
21.36 0.148023 -0.170145 0.225522
21.37 0.158137 -0.159827 0.224837
21.38 0.167537 -0.148908 0.224148
21.39 0.176187 -0.137438 0.223453
21.4 0.184055 -0.125468 0.222752
21.41 0.191112 -0.113052 0.222046
21.42 0.197333 -0.100244 0.221335
21.43 0.202696 -0.0871006 0.220618
21.44 0.207185 -0.0736788 0.219896
21.45 0.210785 -0.0600374 0.219168
21.46 0.213487 -0.0462347 0.218436
21.47 0.215284 -0.0323302 0.217698
21.48 0.216174 -0.0183833 0.216955
21.49 0.21616 -0.00445301 0.216206
21.5 0.215247 0.00940175 0.215452
21.51 0.213444 0.0231229 0.214693
21.52 0.210766 0.0366531 0.213929
21.53 0.207228 0.0499366 0.21316
21.54 0.202852 0.0629183 0.212385
21.55 0.197661 0.0755457 0.211606
21.56 0.191683 0.087767 0.210821
21.57 0.184949 0.0995337 0.210031
21.58 0.177492 0.110798 0.209236
21.59 0.16935 0.121517 0.208437
21.6 0.160561 0.131647 0.207631
21.61 0.151167 0.141151 0.206822
21.62 0.141213 0.149992 0.206007
21.63 0.130745 0.158137 0.205187
21.64 0.119811 0.165557 0.204362
21.65 0.108462 0.172225 0.203533
21.66 0.0967488 0.178118 0.202698
21.67 0.0847243 0.183218 0.201859
21.68 0.0724418 0.187507 0.201015
21.69 0.0599566 0.190975 0.200166
21.7 0.0473226 0.193613 0.199312
21.71 0.034596 0.195415 0.198454
21.72 0.0218313 0.196382 0.197592
21.73 0.00908385 0.196514 0.196724
21.74 -0.00359222 0.195819 0.195852
21.75 -0.0161426 0.194306 0.194976
21.76 -0.0285151 0.191989 0.194095
21.77 -0.0406577 0.188883 0.19321
21.78 -0.0525201 0.18501 0.19232
21.79 -0.0640541 0.180391 0.191426
21.8 -0.0752124 0.175054 0.190528
21.81 -0.0859508 0.169027 0.189625
21.82 -0.0962261 0.162343 0.188719
21.83 -0.105999 0.155036 0.187808
21.84 -0.11523 0.147143 0.186893
21.85 -0.123887 0.138702 0.185974
21.86 -0.131935 0.129758 0.185051
21.87 -0.139347 0.12035 0.184124
21.88 -0.146095 0.110526 0.183193
21.89 -0.152158 0.100331 0.182259
21.9 -0.157514 0.0898131 0.18132
21.91 -0.162149 0.0790206 0.180379
21.92 -0.166047 0.0680028 0.179433
21.93 -0.169201 0.0568102 0.178484
21.94 -0.171603 0.0454922 0.177531
21.95 -0.173251 0.0341001 0.176575
21.96 -0.174144 0.0226832 0.175615
21.97 -0.174287 0.0112922 0.174652
21.98 -0.173686 -2.43505e-05 0.173686
21.99 -0.172352 -0.0112174 0.172716
22 -0.170298 -0.0222399 0.171744
22.01 -0.16754 -0.0330453 0.170768
22.02 -0.164099 -0.0435892 0.169789
22.03 -0.159996 -0.0538278 0.168808
22.04 -0.155256 -0.0637204 0.167823
22.05 -0.149907 -0.0732269 0.166836
22.06 -0.143979 -0.0823104 0.165846
22.07 -0.137504 -0.0909356 0.164853
22.08 -0.130517 -0.09907 0.163858
22.09 -0.123053 -0.106683 0.16286
22.1 -0.115152 -0.113748 0.16186
22.11 -0.106853 -0.12024 0.160858
22.12 -0.0981961 -0.126137 0.159853
22.13 -0.0892241 -0.13142 0.158846
22.14 -0.0799802 -0.136072 0.157837
22.15 -0.0705079 -0.140082 0.156826
22.16 -0.060852 -0.143439 0.155813
22.17 -0.0510569 -0.146135 0.154798
22.18 -0.0411676 -0.148168 0.153781
22.19 -0.0312287 -0.149536 0.152762
22.2 -0.0212848 -0.150242 0.151742
22.21 -0.0113799 -0.15029 0.150721
22.22 -0.0015568 -0.149689 0.149697
22.23 0.00814133 -0.14845 0.148673
22.24 0.0176741 -0.146585 0.147647
22.25 0.0270004 -0.144112 0.146619
22.26 0.0360827 -0.141049 0.145591
22.27 0.0448829 -0.137418 0.144562
22.28 0.0533665 -0.133241 0.143531
22.29 0.0614994 -0.128546 0.1425
22.3 0.0692507 -0.123359 0.141468
22.31 0.0765907 -0.117711 0.140435
22.32 0.0834925 -0.111632 0.139401
22.33 0.0899313 -0.105156 0.138367
22.34 0.095885 -0.0983174 0.137333
22.35 0.101334 -0.0911511 0.136298
22.36 0.10626 -0.0836942 0.135262
22.37 0.110649 -0.0759836 0.134227
22.38 0.11449 -0.0680581 0.133191
22.39 0.117772 -0.0599553 0.132155
22.4 0.12049 -0.051715 0.131119
22.41 0.122639 -0.0433754 0.130084
22.42 0.124218 -0.0349757 0.129048
22.43 0.125229 -0.0265544 0.128013
22.44 0.125674 -0.0181497 0.126978
22.45 0.125562 -0.00979904 0.125944
22.46 0.1249 -0.00153916 0.12491
22.47 0.123701 0.00659397 0.123877
22.48 0.121978 0.014566 0.122844
22.49 0.119746 0.022343 0.121813
22.5 0.117024 0.0298934 0.120782
22.51 0.113832 0.0371863 0.119752
22.52 0.110191 0.044193 0.118723
22.53 0.106126 0.0508862 0.117695
22.54 0.101661 0.0572409 0.116668
22.55 0.0968235 0.0632332 0.115643
22.56 0.0916414 0.0688428 0.114619
22.57 0.0861437 0.0740494 0.113596
22.58 0.0803611 0.078837 0.112575
22.59 0.074324 0.08319 0.111556
22.6 0.0680648 0.0870966 0.110538
22.61 0.0616154 0.0905459 0.109522
22.62 0.0550088 0.0935306 0.108508
22.63 0.0482774 0.0960446 0.107495
22.64 0.0414549 0.0980848 0.106485
22.65 0.0345733 0.0996501 0.105477
22.66 0.0276657 0.100742 0.104471
22.67 0.020764 0.101363 0.103468
22.68 0.0139 0.101519 0.102467
22.69 0.00710416 0.101219 0.101468
22.7 0.000407023 0.100471 0.100471
22.71 -0.00616296 0.0992867 0.0994778
22.72 -0.0125772 0.0976802 0.0984866
22.73 -0.0188097 0.095667 0.0974986
22.74 -0.0248345 0.093263 0.0965129
22.75 -0.0306279 0.0904878 0.0955306
22.76 -0.0361676 0.0873601 0.094551
22.77 -0.0414324 0.0839021 0.0935747
22.78 -0.0464036 0.0801355 0.0926013
22.79 -0.0510635 0.0760843 0.0916313
22.8 -0.0553968 0.0717722 0.0906646
22.81 -0.0593893 0.067225 0.0897011
22.82 -0.0630297 0.0624682 0.0887413
22.83 -0.0663075 0.0575282 0.0877848
22.84 -0.0692151 0.0524318 0.0868322
22.85 -0.0717461 0.0472058 0.085883
22.86 -0.0738966 0.0418774 0.0849378
22.87 -0.0756639 0.0364736 0.0839961
22.88 -0.0770482 0.0310214 0.0830587
22.89 -0.0780502 0.0255471 0.0821249
22.9 -0.0786741 0.0200773 0.0811955
22.91 -0.0789241 0.014637 0.0802699
22.92 -0.0788074 0.00925211 0.0793487
22.93 -0.0783324 0.00394578 0.0784317
22.94 -0.0775088 -0.0012578 0.077519
22.95 -0.0763483 -0.00633689 0.0766108
22.96 -0.0748635 -0.0112697 0.075707
22.97 -0.0730688 -0.0160365 0.0748079
22.98 -0.0709791 -0.020618 0.073913
22.99 -0.0686115 -0.024997 0.0730232
23 -0.0659829 -0.0291568 0.0721379
23.01 -0.0631122 -0.0330829 0.0712575
23.02 -0.0600181 -0.0367617 0.0703818
23.03 -0.0567209 -0.0401814 0.0695112
23.04 -0.0532405 -0.0433317 0.0686454
23.05 -0.0495984 -0.0462037 0.0677848
23.06 -0.0458151 -0.0487903 0.0669292
23.07 -0.0419127 -0.0510855 0.0660788
23.08 -0.0379122 -0.0530857 0.0652336
23.09 -0.0338354 -0.0547876 0.0643935
23.1 -0.0297038 -0.0561911 0.0635591
23.11 -0.0255383 -0.0572957 0.0627296
23.12 -0.0213602 -0.0581041 0.0619059
23.13 -0.0171896 -0.058619 0.0610874
23.14 -0.0130467 -0.0588457 0.0602747
23.15 -0.00895057 -0.0587898 0.0594672
23.16 -0.00492031 -0.0584589 0.0586656
23.17 -0.000973364 -0.0578614 0.0578696
23.18 0.00287285 -0.0570069 0.0570793
23.19 0.00660249 -0.0559062 0.0562947
23.2 0.0102001 -0.0545709 0.055516
23.21 0.0136519 -0.0530135 0.0547431
23.22 0.0169445 -0.0512474 0.053976
23.23 0.0200663 -0.0492866 0.053215
23.24 0.0230061 -0.0471459 0.0524597
23.25 0.0257548 -0.0448406 0.0517107
23.26 0.0283036 -0.042386 0.0509673
23.27 0.0306455 -0.0397988 0.0502304
23.28 0.0327745 -0.0370946 0.0494993
23.29 0.034686 -0.0342903 0.0487744
23.3 0.0363764 -0.0314023 0.0480556
23.31 0.0378434 -0.0284473 0.0473431
23.32 0.039086 -0.0254413 0.0466367
23.33 0.0401042 -0.0224013 0.0459365
23.34 0.0408993 -0.0193427 0.0452426
23.35 0.0414735 -0.0162816 0.0445549
23.36 0.0418304 -0.0132329 0.0438736
23.37 0.0419741 -0.0102119 0.0431985
23.38 0.0419104 -0.00723232 0.0425298
23.39 0.0416451 -0.00430828 0.0418673
23.4 0.0411858 -0.00145251 0.0412114
23.41 0.04054 0.00132259 0.0405616
23.42 0.039717 0.00400539 0.0399184
23.43 0.0387254 0.00658549 0.0392814
23.44 0.0375758 0.00905235 0.0386508
23.45 0.0362784 0.0113977 0.0380267
23.46 0.0348442 0.0136126 0.0374089
23.47 0.0332847 0.0156904 0.0367976
23.48 0.0316114 0.0176244 0.0361926
23.49 0.0298364 0.0194095 0.0355941
23.5 0.0279717 0.0210408 0.0350019
23.51 0.0260296 0.0225153 0.0344163
23.52 0.0240223 0.0238298 0.0338368
23.53 0.0219622 0.0249831 0.033264
23.54 0.0198612 0.0259739 0.0326973
23.55 0.0177318 0.0268028 0.0321373
23.56 0.0155852 0.0274701 0.0315833
23.57 0.0134335 0.027978 0.0310359
23.58 0.0112874 0.0283288 0.0304947
23.59 0.00915843 0.0285258 0.02996
23.6 0.00705621 0.0285732 0.0294316
23.61 0.0049914 0.0284751 0.0289093
23.62 0.00297298 0.0282375 0.0283935
23.63 0.00101011 0.0278655 0.0278838
23.64 -0.000888918 0.0273661 0.0273805
23.65 -0.00271637 0.0267457 0.0268833
23.66 -0.00446518 0.026012 0.0263925
23.67 -0.00612884 0.0251722 0.0259076
23.68 -0.00770151 0.0242348 0.0254291
23.69 -0.00917823 0.0232076 0.0249566
23.7 -0.0105543 0.0220994 0.0244903
23.71 -0.0118262 0.0209185 0.0240301
23.72 -0.0129907 0.019674 0.0235759
23.73 -0.0140456 0.0183743 0.0231278
23.74 -0.0149888 0.0170286 0.0226856
23.75 -0.0158198 0.0156453 0.0222495
23.76 -0.0165376 0.0142333 0.0218192
23.77 -0.017143 0.0128012 0.0213951
23.78 -0.0176363 0.0113569 0.0209766
23.79 -0.0180193 0.00990918 0.0205642
23.8 -0.0182938 0.00846533 0.0201575
23.81 -0.0184623 0.00703328 0.0197566
23.82 -0.0185279 0.00562014 0.0193615
23.83 -0.018494 0.00423291 0.0189722
23.84 -0.0183644 0.00287786 0.0185885
23.85 -0.0181435 0.00156146 0.0182105
23.86 -0.0178359 0.000288996 0.0178382
23.87 -0.0174464 -0.000934016 0.0174714
23.88 -0.0169804 -0.00210307 0.0171102
23.89 -0.0164434 -0.00321358 0.0167544
23.9 -0.0158409 -0.0042621 0.0164043
23.91 -0.0151787 -0.00524497 0.0160593
23.92 -0.014463 -0.00615962 0.0157201
23.93 -0.0136995 -0.00700358 0.0153859
23.94 -0.0128946 -0.00777498 0.0150573
23.95 -0.0120539 -0.00847264 0.0147337
23.96 -0.011184 -0.00909531 0.0144155
23.97 -0.0102905 -0.00964294 0.0141025
23.98 -0.00937938 -0.0101152 0.0137946
23.99 -0.00845645 -0.0105127 0.0134918
24 -0.00752731 -0.0108361 0.013194
24.01 -0.00659725 -0.0110869 0.0129013
24.02 -0.00567173 -0.0112663 0.0126134
24.03 -0.00475559 -0.0113767 0.0123306
24.04 -0.00385357 -0.0114199 0.0120526
24.05 -0.00297021 -0.0113988 0.0117794
24.06 -0.00210965 -0.011316 0.011511
24.07 -0.00127583 -0.0111748 0.0112474
24.08 -0.000472156 -0.0109782 0.0109883
24.09 0.000297761 -0.0107299 0.010734
24.1 0.00103147 -0.0104334 0.0104843
24.11 0.00172586 -0.0100925 0.010239
24.12 0.0023792 -0.00971117 0.00999837
24.13 0.00298908 -0.00929311 0.00976199
24.14 0.00355425 -0.00884262 0.0095302
24.15 0.00407334 -0.00836345 0.00930265
24.16 0.00454534 -0.00785976 0.00907943
24.17 0.00496966 -0.00733547 0.0088604
24.18 0.00534615 -0.00679464 0.00864572
24.19 0.00567447 -0.00624089 0.00843494
24.2 0.00595517 -0.00567836 0.00822847
24.21 0.00618869 -0.00511036 0.00802593
24.22 0.00637579 -0.00454075 0.00782746
24.23 0.00651759 -0.00397262 0.00763287
24.24 0.00661526 -0.00340955 0.00744223
24.25 0.00667045 -0.00285422 0.00725545
24.26 0.00668448 -0.00230987 0.00707233
24.27 0.00665964 -0.00177894 0.00689315
24.28 0.00659741 -0.00126404 0.00671741
24.29 0.00650042 -0.000767467 0.00654557
24.3 0.00637043 -0.000291143 0.00637708
24.31 0.00621013 0.000162833 0.00621227
24.32 0.00602179 0.000593101 0.00605093
24.33 0.00580783 0.000998044 0.00589296
24.34 0.00557082 0.00137659 0.00573838
24.35 0.00531341 0.00172766 0.00558723
24.36 0.00503785 0.00205067 0.00543923
24.37 0.00474699 0.00234477 0.00529451
24.38 0.0044432 0.00260996 0.00515305
24.39 0.00412891 0.00284576 0.0050146
24.4 0.00380664 0.00305247 0.00487936
24.41 0.00347865 0.00323005 0.00474702
24.42 0.00314735 0.00337916 0.00461785
24.43 0.00281464 0.00350005 0.00449139
24.44 0.00248302 0.00359363 0.00436802
24.45 0.00215403 0.00366061 0.00424734
24.46 0.00182997 0.00370191 0.00412952
24.47 0.00151219 0.00371873 0.00401443
24.48 0.00120261 0.00371202 0.00390197
24.49 0.000902624 0.00368327 0.00379226
24.5 0.000613495 0.00363363 0.00368505
24.51 0.000336559 0.00356459 0.00358045
24.52 7.29504e-05 0.00347757 0.00347833
24.53 -0.000176656 0.00337411 0.00337873
24.54 -0.000411126 0.00325556 0.00328142
24.55 -0.000629962 0.00312373 0.00318661
24.56 -0.000832655 0.00297987 0.00309402
24.57 -0.00101868 0.00282577 0.00300378
24.58 -0.00118785 0.00266276 0.00291569
24.59 -0.00133993 0.00249256 0.00282989
24.6 -0.00147504 0.00231642 0.00274619
24.61 -0.00159298 0.00213597 0.00266457
24.62 -0.00169426 0.00195249 0.0025851
24.63 -0.00177883 0.00176733 0.00250753
24.64 -0.00184736 0.00158185 0.00243208
24.65 -0.00190009 0.00139711 0.00235844
24.66 -0.00193763 0.00121446 0.00228677
24.67 -0.00196068 0.00103479 0.00221699
24.68 -0.00196979 0.000859191 0.00214902
24.69 -0.00196566 0.000688565 0.00208277
24.7 -0.00194933 0.000523714 0.00201845
24.71 -0.00192123 0.000365338 0.00195566
24.72 -0.00188247 0.000214265 0.00189463
24.73 -0.00183389 7.08387e-05 0.00183525
24.74 -0.00177626 -6.42129e-05 0.00177742
24.75 -0.00171061 -0.000190673 0.0017212
24.76 -0.00163775 -0.000307996 0.00166646
24.77 -0.00155873 -0.000416183 0.00161333
24.78 -0.0014742 -0.000514818 0.00156151
24.79 -0.00138535 -0.000603954 0.00151128
24.8 -0.00129275 -0.000683536 0.00146233
24.81 -0.00119748 -0.00075353 0.00141484
24.82 -0.00110017 -0.00081415 0.00136865
24.83 -0.00100168 -0.000865407 0.00132374
24.84 -0.000902787 -0.000907664 0.00128019
24.85 -0.000804106 -0.00094108 0.00123783
24.86 -0.000706283 -0.00096598 0.00119664
24.87 -0.000610152 -0.000982769 0.00115677
24.88 -0.000515923 -0.000991821 0.00111798
24.89 -0.000424395 -0.000993436 0.00108029
24.9 -0.000335979 -0.000988296 0.00104384
24.91 -0.000250988 -0.000976593 0.00100833
24.92 -0.000169932 -0.000959044 0.000973983
24.93 -9.30396e-05 -0.000935943 0.000940556
24.94 -2.0692e-05 -0.000908015 0.000908251
24.95 4.70782e-05 -0.000875563 0.000876828
24.96 0.00010984 -0.000839241 0.000846398
24.97 0.000167718 -0.000799537 0.000816939
24.98 0.000220419 -0.000756877 0.000788319
24.99 0.000268056 -0.00071186 0.000760657
25 0.000310534 -0.000664841 0.000733788
25.01 0.000347873 -0.000616409 0.000707796
25.02 0.000380208 -0.000566908 0.0006826
25.03 0.000407643 -0.000516788 0.000658212
25.04 0.000430119 -0.000466515 0.000634538
25.05 0.000448122 -0.000416409 0.000611727
25.06 0.000461556 -0.000366755 0.000589528
25.07 0.000470692 -0.000318097 0.000568099
25.08 0.000475876 -0.000270441 0.000547354
25.09 0.000477168 -0.000224307 0.00052726
25.1 0.000474946 -0.000179754 0.000507824
25.11 0.000469369 -0.000137162 0.000488999
25.12 0.000460853 -9.65561e-05 0.00047086
25.13 0.000449467 -5.8209e-05 0.00045322
25.14 0.000435697 -2.22421e-05 0.000436264
25.15 0.000419644 1.1331e-05 0.000419797
25.16 0.00040171 4.23101e-05 0.000403932
25.17 0.000382089 7.07651e-05 0.000388586
25.18 0.000361037 9.65412e-05 0.000373722
25.19 0.00033888 0.000119736 0.000359411
25.2 0.00031584 0.000140314 0.000345606
25.21 0.000292038 0.000158251 0.000332159
25.22 0.000267956 0.000173681 0.000319321
25.23 0.000243584 0.000186682 0.000306893
25.24 0.000219166 0.000197168 0.000294803
25.25 0.000195038 0.000205496 0.000283316
25.26 0.000171166 0.000211548 0.000272122
25.27 0.000147846 0.000215565 0.000261394
25.28 0.00012515 0.000217589 0.000251013
25.29 0.000103285 0.000217832 0.000241078
25.3 8.22322e-05 0.000216359 0.000231459
25.31 6.22373e-05 0.000213304 0.000222198
25.32 4.32661e-05 0.000208901 0.000213334
25.33 2.54561e-05 0.000203173 0.000204761
25.34 8.83698e-06 0.000196356 0.000196554
25.35 -6.57779e-06 0.000188518 0.000188632
25.36 -2.06933e-05 0.000179844 0.000181031
25.37 -3.3526e-05 0.000170467 0.000173733
25.38 -4.5164e-05 0.000160424 0.00016666
25.39 -5.53916e-05 0.000149981 0.000159882
25.4 -6.44477e-05 0.000139201 0.000153397
25.41 -7.22932e-05 0.000128081 0.000147075
25.42 -7.88344e-05 0.000116984 0.000141068
25.43 -8.43172e-05 0.000105759 0.000135257
25.44 -8.86433e-05 9.46422e-05 0.000129672
25.45 -9.19162e-05 8.36445e-05 0.000124278
25.46 -9.41552e-05 7.2905e-05 0.000119081
25.47 -9.54991e-05 6.24306e-05 0.000114095
25.48 -9.58974e-05 5.22915e-05 0.000109228
25.49 -9.55085e-05 4.26225e-05 0.000104588
25.5 -9.43467e-05 3.33636e-05 0.000100072
25.51 -9.24997e-05 2.46333e-05 9.57235e-05
25.52 -9.00522e-05 1.64219e-05 9.15373e-05
25.53 -8.70295e-05 8.77786e-06 8.7471e-05
25.54 -8.35273e-05 1.72246e-06 8.35451e-05
25.55 -7.96791e-05 -4.80929e-06 7.98241e-05
25.56 -7.5372e-05 -1.06754e-05 7.61243e-05
25.57 -7.08558e-05 -1.5952e-05 7.26292e-05
25.58 -6.61365e-05 -2.07356e-05 6.93109e-05
25.59 -6.11436e-05 -2.47809e-05 6.59745e-05
25.6 -5.614e-05 -2.83819e-05 6.29065e-05
25.61 -5.10281e-05 -3.13898e-05 5.99098e-05
25.62 -4.58944e-05 -3.38848e-05 5.7048e-05
25.63 -4.07847e-05 -3.58691e-05 5.43138e-05
25.64 -3.57714e-05 -3.73937e-05 5.17483e-05
25.65 -3.08182e-05 -3.84904e-05 4.9308e-05
25.66 -2.60302e-05 -3.9113e-05 4.6983e-05
25.67 -2.13968e-05 -3.93936e-05 4.48294e-05
25.68 -1.69597e-05 -3.93056e-05 4.28085e-05
25.69 -1.27486e-05 -3.88901e-05 4.09264e-05
25.7 -8.75314e-06 -3.81958e-05 3.91859e-05
25.71 -5.00607e-06 -3.72427e-05 3.75777e-05
25.72 -1.57176e-06 -3.61155e-05 3.61497e-05
25.73 1.68744e-06 -3.47402e-05 3.47812e-05
25.74 4.60853e-06 -3.32178e-05 3.3536e-05
25.75 7.22231e-06 -3.16562e-05 3.24697e-05
25.76 9.66145e-06 -2.98301e-05 3.13557e-05
25.77 1.17063e-05 -2.80705e-05 3.04136e-05
25.78 1.35148e-05 -2.62137e-05 2.94926e-05
25.79 1.50547e-05 -2.43263e-05 2.86079e-05
25.8 1.63058e-05 -2.24626e-05 2.7757e-05
25.81 1.72793e-05 -2.06112e-05 2.68961e-05
25.82 1.80281e-05 -1.88198e-05 2.60615e-05
25.83 1.85066e-05 -1.70317e-05 2.5151e-05
25.84 1.87658e-05 -1.53532e-05 2.42461e-05
25.85 1.87992e-05 -1.37422e-05 2.32864e-05
25.86 1.86186e-05 -1.22082e-05 2.22641e-05
25.87 1.82632e-05 -1.07828e-05 2.12088e-05
25.88 1.77165e-05 -9.45703e-06 2.00826e-05
25.89 1.69722e-05 -8.26131e-06 1.8876e-05
25.9 1.61362e-05 -7.11247e-06 1.76342e-05
25.91 1.51163e-05 -6.08623e-06 1.62955e-05
25.92 1.3927e-05 -5.21655e-06 1.48719e-05
25.93 1.27329e-05 -4.29414e-06 1.34375e-05
25.94 1.13223e-05 -3.5925e-06 1.18786e-05
25.95 9.86387e-06 -2.92369e-06 1.0288e-05
25.96 8.35628e-06 -2.29923e-06 8.66682e-06
25.97 6.74428e-06 -1.78199e-06 6.97573e-06
25.98 5.09419e-06 -1.29293e-06 5.25571e-06
25.99 3.42688e-06 -8.54581e-07 3.53183e-06
26 1.71447e-06 -4.05682e-07 1.76181e-06
