0 0.0259312 0.00652373 0.0267393
0.01 0.0517687 0.0130156 0.0533798
0.02 0.0774187 0.0194442 0.0798231
0.03 0.102788 0.0257778 0.105971
0.04 0.127786 0.0319857 0.131728
0.05 0.152321 0.0380374 0.156999
0.06 0.176305 0.0439032 0.181689
0.07 0.199651 0.0495543 0.205709
0.08 0.222275 0.0549627 0.228969
0.09 0.244095 0.0601015 0.251385
0.1 0.265032 0.0649452 0.272873
0.11 0.28501 0.0694693 0.293354
0.12 0.303959 0.073651 0.312755
0.13 0.321809 0.0774688 0.331002
0.14 0.338496 0.080903 0.34803
0.15 0.353962 0.0839354 0.363777
0.16 0.368149 0.0865499 0.378186
0.17 0.381008 0.088732 0.391204
0.18 0.392493 0.0904693 0.402784
0.19 0.402562 0.0917511 0.412886
0.2 0.411181 0.0925693 0.421472
0.21 0.418319 0.0929172 0.428514
0.22 0.423951 0.092791 0.433987
0.23 0.428058 0.0921883 0.437872
0.24 0.430626 0.0911093 0.440159
0.25 0.431647 0.0895562 0.440839
0.26 0.431118 0.0875336 0.439915
0.27 0.429043 0.0850478 0.437391
0.28 0.42543 0.0821078 0.433281
0.29 0.420293 0.0787241 0.427603
0.3 0.413653 0.0749098 0.420382
0.31 0.405536 0.0706796 0.411649
0.32 0.39597 0.0660504 0.401441
0.33 0.384993 0.0610408 0.389802
0.34 0.372646 0.0556715 0.376781
0.35 0.358974 0.0499644 0.362435
0.36 0.344029 0.0439437 0.346824
0.37 0.327865 0.0376347 0.330018
0.38 0.310542 0.0310642 0.312092
0.39 0.292125 0.0242604 0.293131
0.4 0.27268 0.0172527 0.273225
0.41 0.25228 0.0100716 0.252481
0.42 0.230998 0.00274839 0.231015
0.43 0.208913 -0.0046845 0.208966
0.44 0.186106 -0.0121942 0.186505
0.45 0.162659 -0.0197472 0.163853
0.46 0.138658 -0.0273095 0.141322
0.47 0.11419 -0.034847 0.119388
0.48 0.0893434 -0.0423254 0.098862
0.49 0.0642089 -0.0497104 0.0812028
0.5 0.038877 -0.0569678 0.0689692
0.51 0.0134393 -0.0640639 0.0654584
0.52 -0.0120128 -0.0709653 0.0719748
0.53 -0.0373875 -0.0776393 0.0861724
0.54 -0.0625938 -0.0840539 0.1048
0.55 -0.0875414 -0.090178 0.12568
0.56 -0.112141 -0.0959816 0.147608
0.57 -0.136305 -0.101436 0.169907
0.58 -0.159947 -0.106513 0.192167
0.59 -0.182984 -0.111187 0.214116
0.6 -0.205333 -0.115433 0.235556
0.61 -0.226917 -0.119228 0.256333
0.62 -0.247657 -0.122552 0.276321
0.63 -0.267484 -0.125383 0.295412
0.64 -0.286325 -0.127706 0.313514
0.65 -0.304117 -0.129505 0.330543
0.66 -0.320798 -0.130765 0.346426
0.67 -0.336309 -0.131477 0.361096
0.68 -0.350599 -0.131632 0.374495
0.69 -0.363618 -0.131222 0.386571
0.7 -0.375322 -0.130243 0.397278
0.71 -0.385672 -0.128695 0.406578
0.72 -0.394635 -0.126576 0.414438
0.73 -0.402182 -0.12389 0.420831
0.74 -0.408288 -0.120642 0.425739
0.75 -0.412935 -0.11684 0.429147
0.76 -0.416111 -0.112494 0.431049
0.77 -0.417806 -0.107617 0.431443
0.78 -0.418019 -0.102222 0.430336
0.79 -0.416753 -0.096328 0.42774
0.8 -0.414015 -0.0899527 0.423674
0.81 -0.409819 -0.083118 0.418162
0.82 -0.404183 -0.0758474 0.411238
0.83 -0.397132 -0.0681662 0.40294
0.84 -0.388694 -0.0601017 0.393314
0.85 -0.378904 -0.0516832 0.382412
0.86 -0.367798 -0.0429413 0.370296
0.87 -0.35542 -0.0339086 0.357034
0.88 -0.341819 -0.0246188 0.342704
0.89 -0.327044 -0.0151073 0.327393
0.9 -0.311153 -0.00541025 0.3112
0.91 -0.294205 0.00443472 0.294238
0.92 -0.276262 0.0143893 0.276637
0.93 -0.257392 0.0244144 0.258547
0.94 -0.237664 0.0344702 0.240151
0.95 -0.21715 0.0445165 0.221667
0.96 -0.195926 0.054513 0.203368
0.97 -0.174069 0.0644187 0.185606
0.98 -0.151657 0.0741934 0.168833
0.99 -0.128773 0.0837964 0.153637
1 -0.105498 0.0931878 0.140761
1.01 -0.0819158 0.102328 0.131077
1.02 -0.0581107 0.111178 0.125449
1.03 -0.0341676 0.1197 0.124481
1.04 -0.0101712 0.127858 0.128261
1.05 0.0137935 0.135614 0.136313
1.06 0.0376422 0.142934 0.147808
1.07 0.0612914 0.149786 0.161841
1.08 0.0846584 0.156138 0.177612
1.09 0.107662 0.16196 0.194479
1.1 0.130222 0.167224 0.211947
1.11 0.152262 0.171903 0.22964
1.12 0.173705 0.175976 0.247267
1.13 0.194478 0.179418 0.264599
1.14 0.214512 0.182212 0.281454
1.15 0.233738 0.184339 0.297681
1.16 0.252091 0.185786 0.313156
1.17 0.269512 0.186541 0.327771
1.18 0.285942 0.186594 0.341438
1.19 0.301327 0.185938 0.354077
1.2 0.315618 0.184569 0.365624
1.21 0.328769 0.182487 0.37602
1.22 0.340739 0.179692 0.385217
1.23 0.35149 0.17619 0.393177
1.24 0.36099 0.171986 0.399866
1.25 0.36921 0.16709 0.40526
1.26 0.376128 0.161516 0.409341
1.27 0.381724 0.155279 0.412098
1.28 0.385984 0.148396 0.413527
1.29 0.388899 0.140887 0.413632
1.3 0.390464 0.132777 0.412422
1.31 0.39068 0.12409 0.409914
1.32 0.389552 0.114855 0.406131
1.33 0.387089 0.105101 0.401104
1.34 0.383306 0.094862 0.39487
1.35 0.378221 0.0841713 0.387474
1.36 0.371858 0.0730658 0.378969
1.37 0.364245 0.0615837 0.369414
1.38 0.355413 0.0497652 0.35888
1.39 0.345398 0.0376518 0.347444
1.4 0.334241 0.0252866 0.335196
1.41 0.321984 0.0127137 0.322235
1.42 0.308676 -2.14337e-05 0.308676
1.43 0.294367 -0.0128726 0.294648
1.44 0.279111 -0.0257929 0.2803
1.45 0.262964 -0.0387346 0.265802
1.46 0.245987 -0.0516498 0.251351
1.47 0.228242 -0.0644903 0.237178
1.48 0.209794 -0.0772079 0.22355
1.49 0.190708 -0.0897546 0.210774
1.5 0.171054 -0.102082 0.199199
1.51 0.150902 -0.114144 0.18921
1.52 0.130323 -0.125894 0.1812
1.53 0.109389 -0.137285 0.175537
1.54 0.0881743 -0.148273 0.17251
1.55 0.066752 -0.158816 0.172274
1.56 0.0451964 -0.16887 0.174814
1.57 0.0235817 -0.178396 0.179948
1.58 0.00198159 -0.187354 0.187365
1.59 -0.0195304 -0.195708 0.196681
1.6 -0.0408817 -0.203424 0.207491
1.61 -0.0620007 -0.210468 0.21941
1.62 -0.082817 -0.21681 0.232089
1.63 -0.103262 -0.222423 0.245224
1.64 -0.123267 -0.22728 0.258555
1.65 -0.142769 -0.231359 0.271864
1.66 -0.161703 -0.234641 0.284964
1.67 -0.180009 -0.237108 0.297697
1.68 -0.197628 -0.238745 0.30993
1.69 -0.214506 -0.239542 0.321548
1.7 -0.230588 -0.239491 0.332456
1.71 -0.245827 -0.238585 0.342569
1.72 -0.260174 -0.236824 0.351818
1.73 -0.273588 -0.234208 0.360144
1.74 -0.286027 -0.230742 0.367496
1.75 -0.297457 -0.226432 0.373835
1.76 -0.307845 -0.22129 0.379128
1.77 -0.317162 -0.215328 0.383351
1.78 -0.325383 -0.208565 0.386489
1.79 -0.332487 -0.201018 0.388531
1.8 -0.338458 -0.192712 0.389476
1.81 -0.343281 -0.183671 0.389329
1.82 -0.346948 -0.173924 0.388101
1.83 -0.349454 -0.163501 0.385812
1.84 -0.350797 -0.152438 0.382486
1.85 -0.350979 -0.140768 0.378156
1.86 -0.350008 -0.128532 0.372862
1.87 -0.347893 -0.11577 0.36665
1.88 -0.344649 -0.102524 0.359574
1.89 -0.340292 -0.0888396 0.351698
1.9 -0.334845 -0.0747633 0.34309
1.91 -0.328333 -0.0603431 0.333832
1.92 -0.320783 -0.0456287 0.324011
1.93 -0.312226 -0.0306709 0.313729
1.94 -0.302697 -0.015522 0.303095
1.95 -0.292234 -0.000234563 0.292234
1.96 -0.280877 0.0151376 0.281285
1.97 -0.268669 0.0305403 0.270399
1.98 -0.255654 0.0459192 0.259745
1.99 -0.241882 0.0612195 0.249509
2 -0.227401 0.0763869 0.239888
2.01 -0.212264 0.0913669 0.231092
2.02 -0.196523 0.106106 0.223338
2.03 -0.180235 0.12055 0.216834
2.04 -0.163455 0.134648 0.211773
2.05 -0.146242 0.148348 0.208312
2.06 -0.128654 0.1616 0.206559
2.07 -0.11075 0.174356 0.206557
2.08 -0.0925901 0.186569 0.20828
2.09 -0.0742349 0.198192 0.211639
2.1 -0.0557449 0.209184 0.216484
2.11 -0.0371803 0.219503 0.22263
2.12 -0.0186014 0.22911 0.229864
2.13 -6.80456e-05 0.237968 0.237968
2.14 0.0183608 0.246045 0.246729
2.15 0.0366268 0.253307 0.255942
2.16 0.0546726 0.259728 0.26542
2.17 0.0724421 0.265281 0.274994
2.18 0.0898805 0.269944 0.284514
2.19 0.106935 0.273698 0.293846
2.2 0.123553 0.276526 0.302873
2.21 0.139685 0.278415 0.311491
2.22 0.155284 0.279356 0.319613
2.23 0.170303 0.279342 0.327162
2.24 0.1847 0.27837 0.334071
2.25 0.198432 0.27644 0.340286
2.26 0.211462 0.273556 0.345759
2.27 0.223754 0.269726 0.350454
2.28 0.235273 0.26496 0.35434
2.29 0.245989 0.259271 0.357396
2.3 0.255874 0.252677 0.359606
2.31 0.264902 0.245197 0.360964
2.32 0.273053 0.236857 0.361468
2.33 0.280306 0.227681 0.361123
2.34 0.286645 0.2177 0.359942
2.35 0.292056 0.206946 0.357943
2.36 0.29653 0.195454 0.355152
2.37 0.30006 0.183263 0.351598
2.38 0.30264 0.170413 0.347321
2.39 0.30427 0.156946 0.342363
2.4 0.304952 0.142908 0.336776
2.41 0.304689 0.128345 0.330618
2.42 0.303491 0.113308 0.323953
2.43 0.301366 0.0978461 0.316852
2.44 0.298328 0.0820125 0.309396
2.45 0.294393 0.0658608 0.30167
2.46 0.289579 0.049446 0.293771
2.47 0.283908 0.0328241 0.285799
2.48 0.277402 0.0160517 0.277866
2.49 0.270088 -0.00081367 0.270089
2.5 0.261994 -0.0177143 0.262592
2.51 0.253149 -0.0345922 0.255501
2.52 0.243586 -0.0513895 0.248948
2.53 0.233339 -0.0680483 0.243059
2.54 0.222444 -0.0845114 0.237957
2.55 0.210938 -0.100722 0.233752
2.56 0.198861 -0.116625 0.230537
2.57 0.186254 -0.132164 0.228381
2.58 0.173157 -0.147287 0.227325
2.59 0.159613 -0.161941 0.227379
2.6 0.145667 -0.176075 0.22852
2.61 0.131364 -0.189641 0.230695
2.62 0.116748 -0.202591 0.233823
2.63 0.101865 -0.214881 0.237803
2.64 0.0867628 -0.226469 0.24252
2.65 0.0714867 -0.237313 0.247847
2.66 0.0560838 -0.247377 0.253655
2.67 0.0406009 -0.256626 0.259818
2.68 0.0250846 -0.265028 0.266212
2.69 0.00958114 -0.272552 0.272721
2.7 -0.00586359 -0.279174 0.279236
2.71 -0.0212042 -0.28487 0.285659
2.72 -0.0363959 -0.289621 0.291899
2.73 -0.051395 -0.293409 0.297876
2.74 -0.0661586 -0.296222 0.30352
2.75 -0.0806445 -0.298049 0.308766
2.76 -0.0948122 -0.298884 0.313562
2.77 -0.108622 -0.298724 0.31786
2.78 -0.122036 -0.29757 0.321622
2.79 -0.135017 -0.295424 0.324815
2.8 -0.14753 -0.292295 0.327416
2.81 -0.159541 -0.288192 0.329406
2.82 -0.171019 -0.28313 0.330772
2.83 -0.181934 -0.277126 0.33151
2.84 -0.192258 -0.270199 0.331618
2.85 -0.201963 -0.262374 0.331103
2.86 -0.211026 -0.253677 0.329976
2.87 -0.219425 -0.244138 0.328254
2.88 -0.227139 -0.233789 0.325959
2.89 -0.23415 -0.222665 0.32312
2.9 -0.240443 -0.210805 0.319768
2.91 -0.246003 -0.198247 0.315942
2.92 -0.250819 -0.185035 0.311686
2.93 -0.254881 -0.171214 0.307048
2.94 -0.258182 -0.156831 0.302083
2.95 -0.260718 -0.141933 0.296849
2.96 -0.262485 -0.126573 0.291409
2.97 -0.263483 -0.1108 0.285833
2.98 -0.263714 -0.0946696 0.280192
2.99 -0.263181 -0.0782349 0.274563
3 -0.26189 -0.0615517 0.269026
3.01 -0.259849 -0.044676 0.263661
3.02 -0.257068 -0.0276645 0.258552
3.03 -0.253559 -0.0105742 0.253779
3.04 -0.249336 0.00653757 0.249422
3.05 -0.244416 0.0236138 0.245554
3.06 -0.238815 0.0405972 0.242242
3.07 -0.232554 0.0574316 0.239541
3.08 -0.225654 0.0740607 0.237497
3.09 -0.218138 0.0904296 0.236139
3.1 -0.21003 0.106484 0.235481
3.11 -0.201356 0.122171 0.235521
3.12 -0.192144 0.137439 0.236239
3.13 -0.182424 0.152237 0.237602
3.14 -0.172223 0.166518 0.239561
3.15 -0.161575 0.180235 0.242057
3.16 -0.150512 0.193344 0.245021
3.17 -0.139066 0.205801 0.248381
3.18 -0.127272 0.217567 0.252058
3.19 -0.115165 0.228604 0.255974
3.2 -0.10278 0.238878 0.260051
3.21 -0.0901541 0.248355 0.264212
3.22 -0.077324 0.257006 0.268386
3.23 -0.0643263 0.264805 0.272506
3.24 -0.0511989 0.271727 0.276509
3.25 -0.037979 0.277752 0.280337
3.26 -0.0247046 0.282862 0.283939
3.27 -0.011413 0.287042 0.287269
3.28 0.00185798 0.290281 0.290287
3.29 0.0150712 0.29257 0.292958
3.3 0.0281898 0.293905 0.295254
3.31 0.041177 0.294284 0.297151
3.32 0.0539969 0.293708 0.29863
3.33 0.0666142 0.292182 0.299679
3.34 0.078994 0.289713 0.30029
3.35 0.0911025 0.286313 0.300458
3.36 0.102907 0.281996 0.300186
3.37 0.114375 0.276778 0.299479
3.38 0.125475 0.270679 0.298347
3.39 0.136178 0.263723 0.296807
3.4 0.146456 0.255935 0.294876
3.41 0.15628 0.247342 0.292578
3.42 0.165626 0.237978 0.28994
3.43 0.174467 0.227873 0.286993
3.44 0.182782 0.217065 0.283772
3.45 0.190548 0.205591 0.280315
3.46 0.197746 0.193492 0.276663
3.47 0.204357 0.180808 0.272862
3.48 0.210366 0.167584 0.268957
3.49 0.215756 0.153865 0.265
3.5 0.220515 0.139698 0.26104
3.51 0.224631 0.12513 0.257132
3.52 0.228095 0.110212 0.253326
3.53 0.2309 0.0949922 0.249676
3.54 0.233039 0.0795227 0.246234
3.55 0.234509 0.0638545 0.243047
3.56 0.235307 0.0480397 0.240161
3.57 0.235434 0.0321303 0.237617
3.58 0.234892 0.0161787 0.235448
3.59 0.233683 0.000236729 0.233683
3.6 0.231813 -0.0156435 0.23234
3.61 0.22929 -0.0314109 0.231431
3.62 0.226123 -0.0470145 0.230958
3.63 0.222322 -0.0624045 0.230914
3.64 0.217901 -0.0775319 0.231283
3.65 0.212873 -0.0923489 0.232042
3.66 0.207255 -0.106809 0.233158
3.67 0.201065 -0.120867 0.234597
3.68 0.194321 -0.134479 0.236316
3.69 0.187045 -0.147603 0.23827
3.7 0.179258 -0.1602 0.240411
3.71 0.170985 -0.172231 0.242691
3.72 0.16225 -0.18366 0.245063
3.73 0.153079 -0.194453 0.247478
3.74 0.1435 -0.20458 0.249891
3.75 0.133542 -0.21401 0.252258
3.76 0.123233 -0.222718 0.254538
3.77 0.112605 -0.230678 0.256695
3.78 0.101688 -0.23787 0.258694
3.79 0.0905146 -0.244274 0.260505
3.8 0.0791174 -0.249874 0.262101
3.81 0.0675296 -0.254657 0.263459
3.82 0.055785 -0.258613 0.264561
3.83 0.0439178 -0.261732 0.265391
3.84 0.031962 -0.26401 0.265938
3.85 0.0199527 -0.265446 0.266194
3.86 0.00792407 -0.266038 0.266156
3.87 -0.00408895 -0.26579 0.265822
3.88 -0.016052 -0.264709 0.265195
3.89 -0.0279309 -0.262802 0.264282
3.9 -0.0396915 -0.260081 0.263092
3.91 -0.0513003 -0.25656 0.261639
3.92 -0.0627243 -0.252255 0.259937
3.93 -0.0739312 -0.247185 0.258004
3.94 -0.0848891 -0.241371 0.255863
3.95 -0.0955671 -0.234836 0.253537
3.96 -0.105935 -0.227605 0.251051
3.97 -0.115965 -0.219708 0.248434
3.98 -0.125627 -0.211172 0.245715
3.99 -0.134895 -0.20203 0.242926
4 -0.143744 -0.192315 0.240098
4.01 -0.152149 -0.182061 0.237267
4.02 -0.160087 -0.171305 0.234464
4.03 -0.167537 -0.160084 0.231723
4.04 -0.174478 -0.148438 0.229077
4.05 -0.180892 -0.136406 0.226558
4.06 -0.186761 -0.124029 0.224194
4.07 -0.192072 -0.111349 0.222014
4.08 -0.196809 -0.0984076 0.22004
4.09 -0.200961 -0.0852483 0.218295
4.1 -0.204518 -0.071914 0.216793
4.11 -0.207471 -0.0584481 0.215547
4.12 -0.209815 -0.044894 0.214564
4.13 -0.211543 -0.0312951 0.213845
4.14 -0.212653 -0.0176946 0.213388
4.15 -0.213145 -0.00413514 0.213185
4.16 -0.213018 0.00934094 0.213223
4.17 -0.212276 0.0226919 0.213485
4.18 -0.210922 0.035877 0.213952
4.19 -0.208964 0.048856 0.214599
4.2 -0.206408 0.0615903 0.215401
4.21 -0.203265 0.0740416 0.21633
4.22 -0.199546 0.0861735 0.217358
4.23 -0.195264 0.0979508 0.218455
4.24 -0.190434 0.10934 0.219591
4.25 -0.185072 0.120308 0.220739
4.26 -0.179197 0.130824 0.22187
4.27 -0.172826 0.140861 0.222959
4.28 -0.165982 0.15039 0.22398
4.29 -0.158686 0.159386 0.224911
4.3 -0.150961 0.167826 0.225732
4.31 -0.142832 0.17569 0.226424
4.32 -0.134325 0.182957 0.226972
4.33 -0.125466 0.18961 0.227362
4.34 -0.116283 0.195634 0.227584
4.35 -0.106804 0.201017 0.227629
4.36 -0.0970587 0.205748 0.227492
4.37 -0.0870767 0.209817 0.227169
4.38 -0.0768884 0.213219 0.226659
4.39 -0.066525 0.21595 0.225964
4.4 -0.0560177 0.218006 0.225088
4.41 -0.0453983 0.219389 0.224037
4.42 -0.0346983 0.2201 0.222818
4.43 -0.0239499 0.220143 0.221442
4.44 -0.0131848 0.219526 0.219922
4.45 -0.00243499 0.218256 0.218269
4.46 0.00826811 0.216343 0.216501
4.47 0.0188931 0.2138 0.214633
4.48 0.0294092 0.21064 0.212683
4.49 0.0397858 0.20688 0.210671
4.5 0.0499933 0.202536 0.208615
4.51 0.0600024 0.197629 0.206536
4.52 0.0697848 0.192177 0.204455
4.53 0.0793128 0.186204 0.202392
4.54 0.08856 0.179733 0.200367
4.55 0.0975003 0.172789 0.198399
4.56 0.10611 0.165397 0.196508
4.57 0.114364 0.157584 0.19471
4.58 0.122242 0.149379 0.193022
4.59 0.129722 0.14081 0.191456
4.6 0.136785 0.131907 0.190025
4.61 0.143412 0.1227 0.188738
4.62 0.149586 0.113219 0.187602
4.63 0.155293 0.103497 0.186621
4.64 0.160518 0.0935643 0.185796
4.65 0.165249 0.0834534 0.185126
4.66 0.169475 0.0731962 0.184606
4.67 0.173187 0.0628248 0.18423
4.68 0.176378 0.0523713 0.183989
4.69 0.179041 0.0418675 0.183871
4.7 0.181172 0.0313451 0.183864
4.71 0.182769 0.0208354 0.183953
4.72 0.183831 0.0103691 0.184123
4.73 0.184358 -2.33325e-05 0.184358
4.74 0.184351 -0.0103123 0.18464
4.75 0.183816 -0.0204687 0.184952
4.76 0.182757 -0.0304645 0.185279
4.77 0.181181 -0.0402721 0.185603
4.78 0.179096 -0.0498653 0.185909
4.79 0.176513 -0.0592184 0.186181
4.8 0.173441 -0.0683073 0.186407
4.81 0.169894 -0.0771086 0.186574
4.82 0.165886 -0.0856002 0.18667
4.83 0.161432 -0.0937611 0.186685
4.84 0.156547 -0.101572 0.186611
4.85 0.15125 -0.109014 0.186442
4.86 0.145559 -0.116071 0.186172
4.87 0.139493 -0.122727 0.185796
4.88 0.133073 -0.128968 0.185314
4.89 0.126321 -0.13478 0.184723
4.9 0.119258 -0.140153 0.184025
4.91 0.111907 -0.145077 0.183222
4.92 0.104292 -0.149542 0.182318
4.93 0.0964372 -0.153543 0.181317
4.94 0.0883666 -0.157074 0.180224
4.95 0.0801053 -0.16013 0.179048
4.96 0.0716785 -0.162708 0.177797
4.97 0.063112 -0.164808 0.176479
4.98 0.0544313 -0.166429 0.175104
4.99 0.0456621 -0.167573 0.173682
5 0.0368304 -0.168242 0.172226
5.01 0.0279617 -0.168441 0.170746
5.02 0.0190818 -0.168175 0.169254
5.03 0.0102157 -0.16745 0.167761
5.04 0.00138873 -0.166274 0.16628
5.05 -0.00737451 -0.164657 0.164822
5.06 -0.0160499 -0.162607 0.163397
5.07 -0.0246136 -0.160137 0.162017
5.08 -0.0330425 -0.157257 0.160691
5.09 -0.0413139 -0.153982 0.159428
5.1 -0.0494063 -0.150325 0.158236
5.11 -0.0572983 -0.1463 0.15712
5.12 -0.0649698 -0.141923 0.156088
5.13 -0.0724011 -0.137211 0.155141
5.14 -0.079574 -0.13218 0.154284
5.15 -0.0864705 -0.126847 0.153517
5.16 -0.0930742 -0.121231 0.152839
5.17 -0.0993694 -0.11535 0.15225
5.18 -0.105342 -0.109223 0.151745
5.19 -0.110977 -0.10287 0.151321
5.2 -0.116263 -0.0963089 0.150972
5.21 -0.12119 -0.0895608 0.150692
5.22 -0.125745 -0.0826454 0.150473
5.23 -0.129921 -0.0755827 0.150307
5.24 -0.13371 -0.0683931 0.150186
5.25 -0.137104 -0.0610967 0.150101
5.26 -0.140099 -0.0537137 0.150043
5.27 -0.14269 -0.0462643 0.150003
5.28 -0.144874 -0.0387684 0.149971
5.29 -0.146648 -0.0312456 0.149939
5.3 -0.148012 -0.0237158 0.1499
5.31 -0.148966 -0.016198 0.149844
5.32 -0.149511 -0.00871129 0.149764
5.33 -0.149649 -0.00127415 0.149655
5.34 -0.149385 0.00609516 0.14951
5.35 -0.148723 0.013379 0.149323
5.36 -0.147668 0.02056 0.149092
5.37 -0.146226 0.0276215 0.148812
5.38 -0.144405 0.0345471 0.14848
5.39 -0.142214 0.0413212 0.148096
5.4 -0.139662 0.047929 0.147657
5.41 -0.136758 0.0543556 0.147164
5.42 -0.133515 0.0605875 0.146619
5.43 -0.129942 0.0666114 0.146021
5.44 -0.126054 0.0724149 0.145373
5.45 -0.121862 0.0779861 0.144679
5.46 -0.117381 0.083314 0.143942
5.47 -0.112624 0.0883881 0.143166
5.48 -0.107607 0.093199 0.142356
5.49 -0.102345 0.0977374 0.141517
5.5 -0.0968541 0.101995 0.140655
5.51 -0.0911499 0.105965 0.139775
5.52 -0.085249 0.109641 0.138883
5.53 -0.0791683 0.113015 0.137986
5.54 -0.072925 0.116084 0.13709
5.55 -0.0665364 0.118843 0.136201
5.56 -0.0600199 0.121287 0.135325
5.57 -0.0533932 0.123414 0.134469
5.58 -0.0466739 0.125222 0.133638
5.59 -0.0398799 0.126709 0.132837
5.6 -0.0330288 0.127875 0.132072
5.61 -0.0261384 0.128718 0.131345
5.62 -0.0192263 0.12924 0.130663
5.63 -0.0123098 0.129442 0.130026
5.64 -0.00540648 0.129326 0.129439
5.65 0.00146671 0.128894 0.128903
5.66 0.00829286 0.12815 0.128418
5.67 0.0150553 0.127097 0.127986
5.68 0.0217378 0.12574 0.127606
5.69 0.0283244 0.124084 0.127276
5.7 0.0347993 0.122135 0.126996
5.71 0.0411476 0.119898 0.126762
5.72 0.0473544 0.117381 0.126573
5.73 0.0534052 0.114591 0.126425
5.74 0.0592865 0.111536 0.126314
5.75 0.0649846 0.108224 0.126235
5.76 0.070487 0.104663 0.126186
5.77 0.0757811 0.100864 0.12616
5.78 0.0808554 0.0968359 0.126154
5.79 0.0856987 0.0925888 0.126162
5.8 0.0903005 0.0881334 0.126181
5.81 0.0946509 0.0834807 0.126205
5.82 0.0987406 0.078642 0.126231
5.83 0.102561 0.073629 0.126254
5.84 0.106104 0.0684538 0.126269
5.85 0.109362 0.0631286 0.126275
5.86 0.112329 0.0576663 0.126266
5.87 0.114999 0.0520793 0.126242
5.88 0.117366 0.0463814 0.126198
5.89 0.119426 0.0405853 0.126134
5.9 0.121175 0.0347049 0.126047
5.91 0.12261 0.028754 0.125937
5.92 0.123729 0.0227464 0.125803
5.93 0.124529 0.016696 0.125644
5.94 0.125011 0.0106171 0.125461
5.95 0.125172 0.00452378 0.125254
5.96 0.125015 -0.00156953 0.125025
5.97 0.124539 -0.00764877 0.124774
5.98 0.123748 -0.0136994 0.124504
5.99 0.122643 -0.0197074 0.124216
6 0.121227 -0.0256584 0.123913
6.01 0.119505 -0.0315383 0.123597
6.02 0.117482 -0.037333 0.123271
6.03 0.115162 -0.0430288 0.122938
6.04 0.112552 -0.0486116 0.122601
6.05 0.109658 -0.0540684 0.122263
6.06 0.106488 -0.0593853 0.121927
6.07 0.103049 -0.0645495 0.121596
6.08 0.0993502 -0.0695484 0.121274
6.09 0.0954007 -0.0743691 0.120963
6.1 0.0912104 -0.0789997 0.120666
6.11 0.0867894 -0.0834284 0.120386
6.12 0.0821489 -0.0876437 0.120124
6.13 0.0773 -0.0916348 0.119884
6.14 0.072255 -0.0953911 0.119667
6.15 0.0670261 -0.0989026 0.119475
6.16 0.0616264 -0.10216 0.119308
6.17 0.0560692 -0.105154 0.119168
6.18 0.0503686 -0.107876 0.119056
6.19 0.0445385 -0.110319 0.11897
6.2 0.0385936 -0.112475 0.118912
6.21 0.0325487 -0.114338 0.118881
6.22 0.0264195 -0.115903 0.118876
6.23 0.020221 -0.117163 0.118895
6.24 0.0139692 -0.118114 0.118937
6.25 0.00768018 -0.118753 0.119001
6.26 0.00136991 -0.119077 0.119085
6.27 -0.00494515 -0.119084 0.119187
6.28 -0.0112487 -0.118772 0.119303
6.29 -0.0175242 -0.118141 0.119433
6.3 -0.023755 -0.11719 0.119574
6.31 -0.0299248 -0.115922 0.119722
6.32 -0.0360171 -0.114338 0.119876
6.33 -0.0420156 -0.11244 0.120034
6.34 -0.0479039 -0.110233 0.120192
6.35 -0.053666 -0.107721 0.120349
6.36 -0.0592862 -0.104909 0.120502
6.37 -0.0647488 -0.101803 0.120649
6.38 -0.0700386 -0.0984111 0.12079
6.39 -0.0751407 -0.0947403 0.120921
6.4 -0.0800405 -0.0907997 0.121042
6.41 -0.084724 -0.0865986 0.121151
6.42 -0.0891776 -0.0821474 0.121247
6.43 -0.093388 -0.0774571 0.12133
6.44 -0.097343 -0.0725398 0.121399
6.45 -0.10103 -0.0674079 0.121454
6.46 -0.104439 -0.0620749 0.121494
6.47 -0.107558 -0.0565546 0.12152
6.48 -0.110378 -0.0508618 0.121533
6.49 -0.11289 -0.0450117 0.121533
6.5 -0.115085 -0.0390203 0.12152
6.51 -0.116956 -0.0329037 0.121496
6.52 -0.118496 -0.0266791 0.121462
6.53 -0.119699 -0.0203637 0.121418
6.54 -0.12056 -0.0139754 0.121368
6.55 -0.121076 -0.00753206 0.121311
6.56 -0.121244 -0.00105255 0.121249
6.57 -0.121062 0.00544484 0.121184
6.58 -0.120528 0.0119409 0.121118
6.59 -0.119642 0.0184167 0.121051
6.6 -0.118407 0.024853 0.120987
6.61 -0.116823 0.0312306 0.120925
6.62 -0.114894 0.0375303 0.120868
6.63 -0.112624 0.0437332 0.120817
6.64 -0.110019 0.0498199 0.120773
6.65 -0.107084 0.055772 0.120737
6.66 -0.103827 0.0615709 0.120711
6.67 -0.100256 0.0671983 0.120694
6.68 -0.0963811 0.0726365 0.120687
6.69 -0.0922115 0.0778681 0.120691
6.7 -0.0877591 0.0828763 0.120707
6.71 -0.0830358 0.0876448 0.120733
6.72 -0.0780551 0.0921578 0.120771
6.73 -0.0728306 0.0964005 0.12082
6.74 -0.0673777 0.100358 0.120878
6.75 -0.0617115 0.104018 0.120947
6.76 -0.0558489 0.107368 0.121024
6.77 -0.0498066 0.110394 0.12111
6.78 -0.043603 0.113087 0.121202
6.79 -0.0372561 0.115438 0.121301
6.8 -0.0307853 0.117436 0.121404
6.81 -0.0242099 0.119074 0.12151
6.82 -0.0175502 0.120346 0.121619
6.83 -0.0108263 0.121247 0.121729
6.84 -0.00405935 0.121771 0.121839
6.85 0.00273001 0.121916 0.121946
6.86 0.00952011 0.121679 0.122051
6.87 0.01629 0.12106 0.122151
6.88 0.0230178 0.12006 0.122246
6.89 0.0296824 0.118679 0.122335
6.9 0.0362622 0.116922 0.122416
6.91 0.0427361 0.114792 0.12249
6.92 0.049083 0.112296 0.122554
6.93 0.0552822 0.109438 0.122608
6.94 0.0613133 0.106228 0.122653
6.95 0.0671563 0.102675 0.122687
6.96 0.0727919 0.0987882 0.12271
6.97 0.0782012 0.0945803 0.122723
6.98 0.0833658 0.0900636 0.122725
6.99 0.0882684 0.0852518 0.122716
7 0.0928922 0.0801596 0.122697
7.01 0.0972212 0.0748029 0.122668
7.02 0.101241 0.0691987 0.12263
7.03 0.104936 0.0633642 0.122583
7.04 0.108294 0.0573185 0.122528
7.05 0.111304 0.0510806 0.122466
7.06 0.113954 0.0446709 0.122397
7.07 0.116234 0.0381099 0.122323
7.08 0.118137 0.0314193 0.122244
7.09 0.119654 0.0246208 0.122161
7.1 0.12078 0.0177371 0.122075
7.11 0.12151 0.0107908 0.121988
7.12 0.12184 0.00380514 0.1219
7.13 0.121769 -0.00319655 0.121811
7.14 0.121296 -0.0101907 0.121723
7.15 0.120422 -0.0171538 0.121637
7.16 0.119148 -0.0240621 0.121553
7.17 0.117478 -0.0308924 0.121471
7.18 0.115417 -0.037621 0.121393
7.19 0.11297 -0.0442252 0.121318
7.2 0.110147 -0.0506819 0.121248
7.21 0.106955 -0.0569691 0.121181
7.22 0.103405 -0.0630649 0.121118
7.23 0.0995072 -0.0689482 0.12106
7.24 0.0952757 -0.0745983 0.121006
7.25 0.0907238 -0.0799956 0.120955
7.26 0.0858668 -0.085121 0.120908
7.27 0.0807205 -0.0899565 0.120863
7.28 0.0753028 -0.0944849 0.120822
7.29 0.0696313 -0.0986902 0.120782
7.3 0.0637257 -0.102557 0.120743
7.31 0.0576058 -0.106073 0.120705
7.32 0.0512926 -0.109223 0.120667
7.33 0.0448078 -0.111997 0.120628
7.34 0.0381737 -0.114386 0.120587
7.35 0.031413 -0.116379 0.120544
7.36 0.0245496 -0.117971 0.120498
7.37 0.0176068 -0.119154 0.120447
7.38 0.0106092 -0.119924 0.120392
7.39 0.00358099 -0.120279 0.120332
7.4 -0.00345297 -0.120216 0.120266
7.41 -0.0104683 -0.119736 0.120193
7.42 -0.0174401 -0.11884 0.120113
7.43 -0.024344 -0.117531 0.120026
7.44 -0.0311552 -0.115814 0.119931
7.45 -0.0378501 -0.113693 0.119828
7.46 -0.0444046 -0.111178 0.119717
7.47 -0.0507957 -0.108276 0.119599
7.48 -0.0570003 -0.104997 0.119472
7.49 -0.0629969 -0.101354 0.119337
7.5 -0.0687635 -0.0973593 0.119194
7.51 -0.07428 -0.0930269 0.119044
7.52 -0.0795263 -0.0883726 0.118887
7.53 -0.0844839 -0.0834128 0.118723
7.54 -0.089135 -0.0781657 0.118553
7.55 -0.093463 -0.0726498 0.118378
7.56 -0.0974522 -0.0668854 0.118197
7.57 -0.101089 -0.060893 0.118012
7.58 -0.104359 -0.0546945 0.117823
7.59 -0.107252 -0.0483122 0.117631
7.6 -0.109757 -0.0417696 0.117436
7.61 -0.111865 -0.0350901 0.11724
7.62 -0.113569 -0.0282983 0.117042
7.63 -0.114863 -0.0214188 0.116843
7.64 -0.115743 -0.0144768 0.116644
7.65 -0.116204 -0.00749747 0.116446
7.66 -0.116247 -0.000506478 0.116248
7.67 -0.115871 0.00647082 0.116051
7.68 -0.115078 0.0134087 0.115856
7.69 -0.113871 0.020282 0.115663
7.7 -0.112255 0.0270653 0.115471
7.71 -0.110235 0.0337341 0.115282
7.72 -0.107822 0.0402637 0.115094
7.73 -0.105022 0.0466306 0.114909
7.74 -0.101847 0.0528111 0.114725
7.75 -0.0983098 0.0587829 0.114544
7.76 -0.094423 0.0645241 0.114364
7.77 -0.0902014 0.0700138 0.114185
7.78 -0.0856613 0.075232 0.114007
7.79 -0.0808196 0.0801597 0.113831
7.8 -0.0756951 0.0847791 0.113654
7.81 -0.0703068 0.0890734 0.113477
7.82 -0.0646753 0.0930272 0.1133
7.83 -0.0588219 0.0966263 0.113122
7.84 -0.0527686 0.0998577 0.112943
7.85 -0.0465384 0.10271 0.112762
7.86 -0.0401549 0.105174 0.112579
7.87 -0.0336419 0.10724 0.112393
7.88 -0.0270245 0.108901 0.112204
7.89 -0.0203271 0.110152 0.112012
7.9 -0.0135754 0.11099 0.111817
7.91 -0.00679457 0.111411 0.111618
7.92 -1.03587e-05 0.111415 0.111415
7.93 0.00675194 0.111003 0.111208
7.94 0.0134666 0.110177 0.110997
7.95 0.0201088 0.108941 0.110782
7.96 0.0266531 0.107301 0.110562
7.97 0.0330755 0.105264 0.110338
7.98 0.0393516 0.102839 0.110111
7.99 0.045458 0.100035 0.109879
8 0.051372 0.0968636 0.109643
8.01 0.0570717 0.0933386 0.109404
8.02 0.0625356 0.0894739 0.109162
8.03 0.0677439 0.0852848 0.108916
8.04 0.0726769 0.0807886 0.108668
8.05 0.0773169 0.0760026 0.108417
8.06 0.0816465 0.0709463 0.108164
8.07 0.0856503 0.0656394 0.10791
8.08 0.0893136 0.0601031 0.107654
8.09 0.0926233 0.0543591 0.107396
8.1 0.0955676 0.0484302 0.107138
8.11 0.0981362 0.0423393 0.10688
8.12 0.10032 0.0361106 0.106622
8.13 0.102113 0.0297682 0.106363
8.14 0.103507 0.0233371 0.106105
8.15 0.1045 0.0168421 0.105848
8.16 0.105088 0.0103087 0.105592
8.17 0.10527 0.00376197 0.105337
8.18 0.105046 -0.00277249 0.105083
8.19 0.10442 -0.00926972 0.104831
8.2 0.103394 -0.0157043 0.10458
8.21 0.101974 -0.0220518 0.104331
8.22 0.100166 -0.0282875 0.104083
8.23 0.0979778 -0.0343879 0.103837
8.24 0.0954203 -0.0403294 0.103593
8.25 0.092504 -0.0460896 0.10335
8.26 0.0892416 -0.0516464 0.103109
8.27 0.0856466 -0.0569791 0.102869
8.28 0.0817345 -0.0620673 0.10263
8.29 0.0775213 -0.0668922 0.102392
8.3 0.0730246 -0.0714355 0.102155
8.31 0.0682629 -0.0756807 0.101919
8.32 0.0632558 -0.0796118 0.101683
8.33 0.0580236 -0.0832148 0.101447
8.34 0.0525878 -0.0864764 0.101211
8.35 0.0469702 -0.0893852 0.100975
8.36 0.0411938 -0.0919308 0.100738
8.37 0.0352816 -0.0941046 0.100501
8.38 0.0292578 -0.0958992 0.100263
8.39 0.0231458 -0.097309 0.100024
8.4 0.0169709 -0.0983299 0.0997836
8.41 0.010757 -0.098959 0.0995419
8.42 0.00452922 -0.0991954 0.0992988
8.43 -0.001688 -0.0990396 0.099054
8.44 -0.00786984 -0.0984937 0.0988076
8.45 -0.0139922 -0.0975611 0.0985594
8.46 -0.0200307 -0.0962473 0.0983096
8.47 -0.025962 -0.0945586 0.0980579
8.48 -0.0317627 -0.0925033 0.0978045
8.49 -0.0374104 -0.0900908 0.0975494
8.5 -0.0428831 -0.0873323 0.0972928
8.51 -0.0481597 -0.0842399 0.0970346
8.52 -0.0532198 -0.0808274 0.0967751
8.53 -0.0580442 -0.0771095 0.0965142
8.54 -0.0626144 -0.0731023 0.0962523
8.55 -0.0669133 -0.0688227 0.0959894
8.56 -0.0709246 -0.0642895 0.0957259
8.57 -0.0746335 -0.0595211 0.0954616
8.58 -0.0780263 -0.054538 0.0951972
8.59 -0.0810906 -0.0493609 0.0949325
8.6 -0.0838154 -0.0440113 0.0946679
8.61 -0.0861912 -0.0385113 0.0944037
8.62 -0.0882099 -0.0328839 0.0941399
8.63 -0.0898646 -0.0271518 0.0938769
8.64 -0.0911503 -0.0213389 0.0936148
8.65 -0.0920634 -0.0154686 0.0933539
8.66 -0.0926015 -0.00956502 0.0930942
8.67 -0.0927643 -0.00365193 0.0928361
8.68 -0.0925524 0.00224658 0.0925796
8.69 -0.0919683 0.00810701 0.0923249
8.7 -0.091016 0.0139055 0.0920721
8.71 -0.0897008 0.0196192 0.0918213
8.72 -0.0880297 0.025225 0.0915725
8.73 -0.0860107 0.0307011 0.0913258
8.74 -0.0836539 0.0360253 0.0910812
8.75 -0.0809698 0.041177 0.0908386
8.76 -0.0779711 0.046136 0.0905981
8.77 -0.0746711 0.0508829 0.0903595
8.78 -0.0710847 0.0553992 0.0901227
8.79 -0.0672275 0.0596676 0.0898875
8.8 -0.0631167 0.0636719 0.0896539
8.81 -0.0587698 0.0673968 0.0894215
8.82 -0.0542059 0.0708282 0.0891903
8.83 -0.0494444 0.0739535 0.0889599
8.84 -0.0445056 0.0767612 0.0887301
8.85 -0.0394105 0.0792413 0.0885007
8.86 -0.0341808 0.0813848 0.0882713
8.87 -0.0288382 0.0831848 0.0880417
8.88 -0.0234054 0.084635 0.0878117
8.89 -0.0179046 0.0857312 0.0875809
8.9 -0.0123594 0.0864705 0.0873493
8.91 -0.00679189 0.0868511 0.0871163
8.92 -0.00122576 0.0868735 0.0868821
8.93 0.00431654 0.0865387 0.0866463
8.94 0.00981203 0.0858499 0.0864088
8.95 0.0152386 0.0848114 0.0861696
8.96 0.0205739 0.0834291 0.0859285
8.97 0.0257968 0.0817101 0.0856855
8.98 0.0308857 0.079663 0.0854408
8.99 0.0358208 0.0772977 0.0851943
9 0.0405818 0.0746254 0.084946
9.01 0.0451504 0.0716584 0.0846964
9.02 0.0495081 0.0684104 0.0844455
9.03 0.0536383 0.0648959 0.0841935
9.04 0.0575244 0.061131 0.0839408
9.05 0.061152 0.0571319 0.0836876
9.06 0.0645067 0.0529167 0.0834343
9.07 0.0675762 0.0485034 0.0831812
9.08 0.0703489 0.0439116 0.0829288
9.09 0.0728146 0.0391609 0.0826773
9.1 0.0749646 0.0342719 0.0824273
9.11 0.0767913 0.0292655 0.0821789
9.12 0.0782886 0.024163 0.0819327
9.13 0.0794518 0.0189861 0.0816889
9.14 0.0802776 0.0137569 0.0814478
9.15 0.080764 0.00849709 0.0812098
9.16 0.0809107 0.0032291 0.0809751
9.17 0.0807185 -0.00202528 0.0807439
9.18 0.0801897 -0.007244 0.0805162
9.19 0.0793282 -0.0124056 0.0802923
9.2 0.0781391 -0.0174884 0.0800722
9.21 0.0766287 -0.0224719 0.0798557
9.22 0.074805 -0.0273352 0.079643
9.23 0.0726769 -0.0320589 0.0794337
9.24 0.070255 -0.0366234 0.0792278
9.25 0.0675503 -0.0410107 0.0790248
9.26 0.0645759 -0.0452028 0.0788248
9.27 0.0613453 -0.049183 0.078627
9.28 0.0578732 -0.0529357 0.0784315
9.29 0.0541754 -0.056446 0.0782376
9.3 0.0502685 -0.0597001 0.078045
9.31 0.0461696 -0.0626856 0.0778531
9.32 0.0418972 -0.065391 0.0776618
9.33 0.0374697 -0.0678062 0.0774704
9.34 0.0329068 -0.0699223 0.0772786
9.35 0.0282282 -0.0717317 0.0770861
9.36 0.0234541 -0.073228 0.0768923
9.37 0.0186051 -0.0744063 0.0766971
9.38 0.0137021 -0.0752631 0.0765002
9.39 0.00876585 -0.0757962 0.0763014
9.4 0.00381771 -0.0760047 0.0761005
9.41 -0.00112179 -0.0758891 0.0758973
9.42 -0.00603135 -0.0754515 0.0756922
9.43 -0.0108907 -0.0746949 0.0754847
9.44 -0.0156792 -0.0736243 0.0752753
9.45 -0.020377 -0.0722453 0.075064
9.46 -0.0249645 -0.0705652 0.0748511
9.47 -0.029423 -0.0685926 0.0746368
9.48 -0.0337337 -0.066337 0.0744215
9.49 -0.0378793 -0.0638092 0.0742055
9.5 -0.0418427 -0.0610214 0.0739894
9.51 -0.0456081 -0.0579864 0.0737735
9.52 -0.0491601 -0.0547184 0.0735582
9.53 -0.0524846 -0.0512321 0.0733441
9.54 -0.0555685 -0.0475436 0.0731317
9.55 -0.0583996 -0.0436692 0.0729213
9.56 -0.060967 -0.0396268 0.0727135
9.57 -0.0632608 -0.0354338 0.0725085
9.58 -0.0652725 -0.0311093 0.0723069
9.59 -0.0669947 -0.0266719 0.0721088
9.6 -0.0684212 -0.0221416 0.0719146
9.61 -0.0695472 -0.0175377 0.0717244
9.62 -0.0703692 -0.0128806 0.0715383
9.63 -0.0708849 -0.00819034 0.0713565
9.64 -0.0710934 -0.00348737 0.0711789
9.65 -0.070995 0.00120841 0.0710053
9.66 -0.0705917 0.00587641 0.0708359
9.67 -0.0698861 0.0104972 0.0706701
9.68 -0.0688827 0.0150506 0.0705078
9.69 -0.0675871 0.0195177 0.0703488
9.7 -0.0660059 0.0238793 0.0701926
9.71 -0.0641469 0.0281174 0.0700387
9.72 -0.0620197 0.032214 0.0698869
9.73 -0.059634 0.0361522 0.0697366
9.74 -0.0570016 0.0399155 0.0695875
9.75 -0.0541342 0.0434886 0.069439
9.76 -0.0510458 0.0468566 0.0692908
9.77 -0.0477499 0.0500061 0.0691423
9.78 -0.044262 0.0529241 0.0689934
9.79 -0.0405976 0.0555991 0.0688435
9.8 -0.0367734 0.0580204 0.0686924
9.81 -0.0328063 0.0601787 0.06854
9.82 -0.0287143 0.0620655 0.0683859
9.83 -0.024515 0.0636738 0.0682301
9.84 -0.0202277 0.0649978 0.0680726
9.85 -0.0158705 0.0660329 0.0679133
9.86 -0.0114631 0.0667756 0.0677524
9.87 -0.00702437 0.0672239 0.0675899
9.88 -0.00257391 0.067377 0.0674262
9.89 0.00186932 0.0672353 0.0672613
9.9 0.00628565 0.0668008 0.0670958
9.91 0.0106565 0.066076 0.0669298
9.92 0.0149627 0.0650657 0.066764
9.93 0.0191861 0.0637749 0.0665984
9.94 0.0233085 0.0622107 0.0664339
9.95 0.0273123 0.0603805 0.0662704
9.96 0.0311809 0.0582936 0.0661089
9.97 0.0348975 0.0559598 0.0659495
9.98 0.0384468 0.0533903 0.0657927
9.99 0.0418139 0.0505969 0.0656388
10 0.0449846 0.047593 0.0654883
10.01 0.047946 0.0443919 0.0653411
10.02 0.0506858 0.0410088 0.065198
10.03 0.0531928 0.0374587 0.0650587
10.04 0.055457 0.0337579 0.0649236
10.05 0.057469 0.0299229 0.0647925
10.06 0.0592213 0.0259712 0.0646658
10.07 0.0607066 0.02192 0.0645428
10.08 0.0619197 0.0177878 0.064424
10.09 0.0628559 0.0135925 0.0643088
10.1 0.0635121 0.00935305 0.0641971
10.11 0.0638862 0.00508779 0.0640885
10.12 0.0639776 0.00081568 0.0639828
10.13 0.0637866 -0.0034447 0.0638795
10.14 0.063315 -0.00767461 0.0637784
10.15 0.0625655 -0.0118559 0.0636789
10.16 0.0615424 -0.01597 0.0635807
10.17 0.0602508 -0.0199995 0.0634834
10.18 0.0586974 -0.0239268 0.0633868
10.19 0.0568894 -0.0277351 0.0632901
10.2 0.0548357 -0.031408 0.0631935
10.21 0.0525458 -0.0349298 0.0630964
10.22 0.0500305 -0.0382856 0.0629987
10.23 0.0473012 -0.0414611 0.0629001
10.24 0.0443709 -0.0444429 0.0628008
10.25 0.0412524 -0.0472184 0.0627004
10.26 0.0379604 -0.0497761 0.0625991
10.27 0.0345093 -0.0521053 0.0624969
10.28 0.0309151 -0.0541966 0.062394
10.29 0.0271936 -0.0560412 0.0622905
10.3 0.0233617 -0.0576318 0.0621867
10.31 0.0194362 -0.0589619 0.0620828
10.32 0.0154349 -0.0600266 0.0619793
10.33 0.0113753 -0.0608217 0.0618763
10.34 0.0072757 -0.0613445 0.0617744
10.35 0.00315369 -0.0615931 0.0616738
10.36 -0.000972021 -0.0615675 0.0615752
10.37 -0.00508368 -0.061268 0.0614786
10.38 -0.00916298 -0.060697 0.0613848
10.39 -0.0131922 -0.0598572 0.0612937
10.4 -0.0171536 -0.0587534 0.0612063
10.41 -0.0210301 -0.0573904 0.0611222
10.42 -0.0248045 -0.0557754 0.0610422
10.43 -0.0284607 -0.0539154 0.0609662
10.44 -0.0319826 -0.0518197 0.0608947
10.45 -0.035355 -0.0494975 0.0608275
10.46 -0.0385635 -0.0469598 0.0607649
10.47 -0.041594 -0.044218 0.0607066
10.48 -0.0444337 -0.0412847 0.060653
10.49 -0.0470704 -0.0381729 0.0606036
10.5 -0.0494926 -0.034897 0.0605584
10.51 -0.0516902 -0.0314712 0.0605171
10.52 -0.0536539 -0.0279114 0.0604797
10.53 -0.0553752 -0.024233 0.0604455
10.54 -0.0568473 -0.0204527 0.0604146
10.55 -0.0580636 -0.016587 0.0603864
10.56 -0.0590195 -0.0126534 0.0603607
10.57 -0.0597108 -0.00866898 0.0603368
10.58 -0.0601353 -0.00465158 0.0603149
10.59 -0.0602908 -0.000618699 0.060294
10.6 -0.0601777 0.00341174 0.0602744
10.61 -0.0597963 0.007422 0.0602551
10.62 -0.0591489 0.0113947 0.0602364
10.63 -0.0582384 0.015312 0.0602177
10.64 -0.0570694 0.0191572 0.060199
10.65 -0.055647 0.0229131 0.0601798
10.66 -0.0539781 0.0265635 0.0601603
10.67 -0.0520699 0.0300925 0.0601401
10.68 -0.0499315 0.0334845 0.0601196
10.69 -0.0475719 0.0367248 0.0600982
10.7 -0.0450024 0.0397994 0.0600767
10.71 -0.0422338 0.0426948 0.0600545
10.72 -0.0392789 0.0453986 0.0600322
10.73 -0.0361507 0.0478987 0.0600097
10.74 -0.032863 0.0501848 0.0599875
10.75 -0.0294304 0.0522465 0.0599654
10.76 -0.0258682 0.0540754 0.0599443
10.77 -0.0221919 0.055663 0.0599237
10.78 -0.018418 0.0570031 0.0599048
10.79 -0.0145629 0.0580895 0.0598872
10.8 -0.0106437 0.0589178 0.0598715
10.81 -0.00667764 0.0594843 0.0598579
10.82 -0.0026821 0.0597868 0.0598469
10.83 0.00132541 0.0598238 0.0598385
10.84 0.00532711 0.0595956 0.0598332
10.85 0.0093057 0.0591029 0.059831
10.86 0.0132435 0.0583483 0.0598324
10.87 0.0171234 0.0573346 0.059837
10.88 0.0209283 0.056067 0.0598457
10.89 0.0246416 0.0545504 0.0598578
10.9 0.028247 0.052792 0.0598739
10.91 0.0317286 0.050799 0.0598936
10.92 0.0350714 0.0485806 0.0599173
10.93 0.0382604 0.0461461 0.0599443
10.94 0.0412821 0.0435064 0.0599751
10.95 0.0441227 0.0406728 0.060009
10.96 0.0467701 0.0376578 0.0600462
10.97 0.0492126 0.0344744 0.0600863
10.98 0.0514395 0.0311365 0.060129
10.99 0.0534408 0.0276587 0.060174
11 0.0552079 0.0240561 0.0602213
11.01 0.0567328 0.0203441 0.0602702
11.02 0.058009 0.0165393 0.0603208
11.03 0.0590305 0.0126579 0.0603723
11.04 0.0597931 0.00871685 0.0604251
11.05 0.0602928 0.00473328 0.0604783
11.06 0.0605278 0.000724475 0.0605321
11.07 0.0604965 -0.00329199 0.060586
11.08 0.0601992 -0.00729886 0.0606401
11.09 0.0596366 -0.0112786 0.0606938
11.1 0.0588115 -0.015214 0.0607475
11.11 0.0577267 -0.0190877 0.0608006
11.12 0.0563872 -0.0228833 0.0608536
11.13 0.0547982 -0.0265837 0.060906
11.14 0.0529667 -0.0301733 0.0609581
11.15 0.0509002 -0.033636 0.0610099
11.16 0.0486076 -0.0369571 0.0610616
11.17 0.0460984 -0.0401217 0.0611131
11.18 0.0433836 -0.0431164 0.061165
11.19 0.0404745 -0.0459276 0.061217
11.2 0.0373836 -0.0485433 0.0612698
11.21 0.0341239 -0.0509516 0.061323
11.22 0.0307096 -0.0531425 0.0613776
11.23 0.0271551 -0.0551056 0.0614331
11.24 0.0234755 -0.0568327 0.0614903
11.25 0.0196869 -0.0583157 0.0615491
11.26 0.0158051 -0.0595482 0.06161
11.27 0.011847 -0.0605242 0.0616728
11.28 0.00782943 -0.0612397 0.0617381
11.29 0.00376981 -0.0616906 0.0618057
11.3 -0.000314733 -0.0618752 0.061876
11.31 -0.00440626 -0.061792 0.0619489
11.32 -0.00848752 -0.0614411 0.0620246
11.33 -0.0125407 -0.0608235 0.0621029
11.34 -0.0165485 -0.0599416 0.062184
11.35 -0.0204935 -0.0587986 0.0622676
11.36 -0.0243589 -0.0573992 0.062354
11.37 -0.0281276 -0.0557488 0.0624427
11.38 -0.0317837 -0.0538543 0.0625339
11.39 -0.0353109 -0.0517231 0.062627
11.4 -0.0386945 -0.0493641 0.0627222
11.41 -0.0419191 -0.0467871 0.0628192
11.42 -0.0449712 -0.0440025 0.0629176
11.43 -0.047837 -0.041022 0.0630173
11.44 -0.0505043 -0.0378579 0.0631182
11.45 -0.052961 -0.0345234 0.0632197
11.46 -0.0551967 -0.0310322 0.063322
11.47 -0.0572009 -0.0273994 0.0634245
11.48 -0.0589651 -0.0236396 0.0635273
11.49 -0.0604811 -0.0197689 0.06363
11.5 -0.0617421 -0.0158034 0.0637326
11.51 -0.062742 -0.0117599 0.0638346
11.52 -0.0634766 -0.00765521 0.0639365
11.53 -0.0639416 -0.00350689 0.0640377
11.54 -0.0641349 0.000667884 0.0641384
11.55 -0.064055 0.00485104 0.0642384
11.56 -0.0637018 0.00902549 0.064338
11.57 -0.0630761 0.0131729 0.0644369
11.58 -0.0621801 0.0172762 0.0645355
11.59 -0.061017 0.0213175 0.0646337
11.6 -0.0595912 0.0252801 0.0647318
11.61 -0.0579081 0.0291467 0.0648296
11.62 -0.0559744 0.0329011 0.0649278
11.63 -0.0537976 0.0365269 0.0650261
11.64 -0.0513864 0.040009 0.0651252
11.65 -0.0487506 0.0433321 0.0652249
11.66 -0.0459007 0.0464819 0.0653257
11.67 -0.0428482 0.0494448 0.0654275
11.68 -0.0396056 0.0522082 0.0655309
11.69 -0.036186 0.0547596 0.0656356
11.7 -0.0326036 0.0570883 0.0657424
11.71 -0.0289773 0.0593663 0.0660608
11.72 -0.0253102 0.0615911 0.0665889
11.73 -0.021606 0.0637599 0.0673212
11.74 -0.0178676 0.0658701 0.0682504
11.75 -0.0140986 0.067919 0.0693669
11.76 -0.010302 0.0699042 0.0706592
11.77 -0.00648157 0.071823 0.0721149
11.78 -0.00264042 0.0736732 0.0737205
11.79 0.001218 0.0754521 0.075462
11.8 0.00509043 0.0771578 0.0773255
11.81 0.00897328 0.0787878 0.0792972
11.82 0.0128633 0.0803399 0.0813632
11.83 0.0167573 0.0818121 0.0835106
11.84 0.0206516 0.0832022 0.0857269
11.85 0.0245431 0.0845084 0.0880002
11.86 0.0284285 0.0857286 0.0903193
11.87 0.0323043 0.0868611 0.0926737
11.88 0.0361674 0.0879039 0.0950536
11.89 0.0400146 0.0888557 0.09745
11.9 0.0438425 0.0897143 0.099854
11.91 0.047648 0.0904787 0.102258
11.92 0.051428 0.091147 0.104655
11.93 0.0551795 0.0917181 0.107037
11.94 0.058899 0.0921904 0.109399
11.95 0.062584 0.0925629 0.111735
11.96 0.0662313 0.0928341 0.114038
11.97 0.069838 0.0930033 0.116305
11.98 0.073401 0.093069 0.118531
11.99 0.076918 0.0930307 0.120711
12 0.0803857 0.0928873 0.122841
12.01 0.0838018 0.0926381 0.124918
12.02 0.0871633 0.0922821 0.126939
12.03 0.0904681 0.0918192 0.1289
12.04 0.0937132 0.0912483 0.130799
12.05 0.0968966 0.0905693 0.132634
12.06 0.100015 0.0897817 0.134402
12.07 0.103068 0.0888852 0.136101
12.08 0.106052 0.0878795 0.137731
12.09 0.108965 0.0867644 0.139289
12.1 0.111804 0.0855402 0.140774
12.11 0.114569 0.0842063 0.142186
12.12 0.117257 0.0827634 0.143524
12.13 0.119867 0.0812112 0.144787
12.14 0.122396 0.0795502 0.145976
12.15 0.124843 0.0777806 0.14709
12.16 0.127206 0.0759029 0.14813
12.17 0.129484 0.0739175 0.149097
12.18 0.131676 0.0718251 0.149991
12.19 0.13378 0.0696261 0.150814
12.2 0.135795 0.0673214 0.151567
12.21 0.13772 0.0649117 0.152251
12.22 0.139554 0.0623979 0.152868
12.23 0.141295 0.0597808 0.153421
12.24 0.142944 0.0570617 0.153912
12.25 0.144499 0.0542413 0.154344
12.26 0.145959 0.051321 0.154719
12.27 0.147325 0.0483019 0.155041
12.28 0.148595 0.0451853 0.155313
12.29 0.149769 0.0419726 0.155539
12.3 0.150846 0.0386652 0.155723
12.31 0.151828 0.0352645 0.155869
12.32 0.152712 0.0317721 0.155982
12.33 0.1535 0.0281895 0.156067
12.34 0.154192 0.0245184 0.156129
12.35 0.154787 0.0207607 0.156173
12.36 0.155285 0.0169179 0.156204
12.37 0.155688 0.012992 0.156229
12.38 0.155994 0.0089849 0.156253
12.39 0.156206 0.00489845 0.156283
12.4 0.156323 0.000734537 0.156325
12.41 0.156345 -0.0035045 0.156385
12.42 0.156275 -0.00781699 0.15647
12.43 0.156111 -0.0122004 0.156587
12.44 0.155856 -0.0166529 0.156743
12.45 0.15551 -0.021172 0.156945
12.46 0.155074 -0.0257558 0.157199
12.47 0.154549 -0.0304016 0.157511
12.48 0.153937 -0.0351074 0.157889
12.49 0.153238 -0.0398706 0.15834
12.5 0.152454 -0.0446892 0.158869
12.51 0.151585 -0.0495602 0.159481
12.52 0.150635 -0.0544817 0.160184
12.53 0.149603 -0.0594509 0.160983
12.54 0.148492 -0.0644654 0.161881
12.55 0.147302 -0.0695226 0.162885
12.56 0.146037 -0.0746203 0.163997
12.57 0.144697 -0.0797553 0.165221
12.58 0.143284 -0.0849258 0.166561
12.59 0.1418 -0.0901283 0.168019
12.6 0.140246 -0.095361 0.169596
12.61 0.138626 -0.100621 0.171294
12.62 0.13694 -0.105905 0.173114
12.63 0.135191 -0.111211 0.175056
12.64 0.13338 -0.116537 0.177119
12.65 0.131511 -0.121879 0.179303
12.66 0.129584 -0.127235 0.181606
12.67 0.127602 -0.132602 0.184026
12.68 0.125567 -0.137978 0.186561
12.69 0.123482 -0.14336 0.189208
12.7 0.121348 -0.148744 0.191964
12.71 0.119168 -0.15413 0.194825
12.72 0.116944 -0.159512 0.197788
12.73 0.114679 -0.164891 0.200849
12.74 0.112375 -0.170261 0.204002
12.75 0.110034 -0.175621 0.207245
12.76 0.107658 -0.180969 0.21057
12.77 0.10525 -0.186301 0.213975
12.78 0.102813 -0.191614 0.217454
12.79 0.100348 -0.196907 0.221003
12.8 0.0978582 -0.202176 0.224614
12.81 0.0953459 -0.20742 0.228285
12.82 0.0928136 -0.212635 0.232009
12.83 0.0902636 -0.217819 0.235781
12.84 0.0876983 -0.222969 0.239596
12.85 0.08512 -0.228083 0.243449
12.86 0.0825314 -0.233158 0.247334
12.87 0.0799345 -0.238192 0.251247
12.88 0.0773321 -0.243183 0.255183
12.89 0.0747261 -0.248128 0.259136
12.9 0.0721193 -0.253024 0.263101
12.91 0.0695136 -0.257869 0.267074
12.92 0.0669117 -0.262662 0.27105
12.93 0.0643155 -0.267398 0.275024
12.94 0.0617277 -0.272078 0.278992
12.95 0.0591501 -0.276697 0.282948
12.96 0.0565854 -0.281254 0.28689
12.97 0.0540352 -0.285746 0.290811
12.98 0.0515021 -0.290173 0.294708
12.99 0.048988 -0.29453 0.298576
13 0.0464952 -0.298817 0.302412
13.01 0.0440255 -0.303031 0.306212
13.02 0.0415811 -0.30717 0.309972
13.03 0.0391637 -0.311232 0.313687
13.04 0.0367757 -0.315216 0.317354
13.05 0.0344185 -0.31912 0.32097
13.06 0.0320942 -0.32294 0.324531
13.07 0.0298045 -0.326677 0.328034
13.08 0.0275513 -0.330328 0.331475
13.09 0.0253361 -0.333891 0.334851
13.1 0.0231607 -0.337365 0.338159
13.11 0.0210267 -0.340747 0.341396
13.12 0.0189354 -0.344038 0.344559
13.13 0.0168888 -0.347234 0.347644
13.14 0.0148878 -0.350335 0.350651
13.15 0.0129342 -0.353338 0.353575
13.16 0.0110291 -0.356244 0.356415
13.17 0.00917409 -0.35905 0.359167
13.18 0.00737003 -0.361754 0.361829
13.19 0.00561841 -0.364357 0.3644
13.2 0.00392009 -0.366856 0.366877
13.21 0.00227648 -0.369251 0.369258
13.22 0.000688092 -0.37154 0.37154
13.23 -0.000843553 -0.373722 0.373723
13.24 -0.00231804 -0.375797 0.375804
13.25 -0.00373407 -0.377764 0.377782
13.26 -0.00509142 -0.379621 0.379655
13.27 -0.00638868 -0.381368 0.381421
13.28 -0.00762587 -0.383004 0.38308
13.29 -0.00880171 -0.384528 0.384629
13.3 -0.0099162 -0.38594 0.386067
13.31 -0.0109684 -0.387239 0.387394
13.32 -0.0119582 -0.388425 0.388609
13.33 -0.0128849 -0.389496 0.389709
13.34 -0.0137484 -0.390453 0.390695
13.35 -0.0145483 -0.391296 0.391566
13.36 -0.0152843 -0.392023 0.392321
13.37 -0.0159562 -0.392635 0.392959
13.38 -0.0165641 -0.393131 0.39348
13.39 -0.0171077 -0.393511 0.393883
13.4 -0.017587 -0.393775 0.394168
13.41 -0.018002 -0.393923 0.394335
13.42 -0.0183528 -0.393955 0.394382
13.43 -0.0186395 -0.393871 0.394312
13.44 -0.0188622 -0.393671 0.394122
13.45 -0.0190212 -0.393354 0.393814
13.46 -0.0191164 -0.392922 0.393387
13.47 -0.0191488 -0.392374 0.392841
13.48 -0.0191179 -0.391711 0.392177
13.49 -0.0190247 -0.390933 0.391395
13.5 -0.0188692 -0.39004 0.390496
13.51 -0.0186522 -0.389032 0.389479
13.52 -0.0183738 -0.38791 0.388345
13.53 -0.0180349 -0.386675 0.387096
13.54 -0.0176357 -0.385327 0.385731
13.55 -0.0171772 -0.383866 0.384251
13.56 -0.0166596 -0.382294 0.382657
13.57 -0.016084 -0.38061 0.38095
13.58 -0.0154506 -0.378815 0.37913
13.59 -0.0147606 -0.376911 0.3772
13.6 -0.0140144 -0.374897 0.375159
13.61 -0.013213 -0.372775 0.373009
13.62 -0.012357 -0.370545 0.370751
13.63 -0.0114474 -0.368208 0.368386
13.64 -0.0104851 -0.365765 0.365916
13.65 -0.00947069 -0.363217 0.363341
13.66 -0.00840542 -0.360565 0.360663
13.67 -0.00728984 -0.35781 0.357884
13.68 -0.00612529 -0.354953 0.355006
13.69 -0.00491235 -0.351994 0.352028
13.7 -0.00365233 -0.348935 0.348954
13.71 -0.00234583 -0.345777 0.345785
13.72 -0.000994278 -0.342521 0.342523
13.73 0.00040172 -0.339168 0.339168
13.74 0.00184074 -0.33572 0.335725
13.75 0.00332221 -0.332176 0.332193
13.76 0.00484447 -0.328539 0.328575
13.77 0.00640709 -0.32481 0.324873
13.78 0.00800847 -0.32099 0.32109
13.79 0.00964801 -0.317079 0.317226
13.8 0.011324 -0.313081 0.313285
13.81 0.0130361 -0.308994 0.309269
13.82 0.0147825 -0.304822 0.30518
13.83 0.0165627 -0.300565 0.301021
13.84 0.018375 -0.296224 0.296793
13.85 0.0202187 -0.2918 0.2925
13.86 0.0220925 -0.287296 0.288144
13.87 0.0239954 -0.282712 0.283729
13.88 0.025926 -0.27805 0.279256
13.89 0.0278835 -0.273311 0.274729
13.9 0.0298664 -0.268495 0.270151
13.91 0.031874 -0.263606 0.265526
13.92 0.0339047 -0.258643 0.260856
13.93 0.0359575 -0.253609 0.256146
13.94 0.0380314 -0.248504 0.251398
13.95 0.0401251 -0.243331 0.246617
13.96 0.0422374 -0.238089 0.241807
13.97 0.0443672 -0.232782 0.236972
13.98 0.0465134 -0.227409 0.232117
13.99 0.0486746 -0.221972 0.227247
14 0.0508501 -0.216474 0.222366
14.01 0.0530381 -0.210914 0.21748
14.02 0.055238 -0.205295 0.212596
14.03 0.0574482 -0.199617 0.207719
14.04 0.0596678 -0.193883 0.202856
14.05 0.0618953 -0.188092 0.198015
14.06 0.0641299 -0.182248 0.193202
14.07 0.0663701 -0.176351 0.188427
14.08 0.068615 -0.170402 0.183697
14.09 0.070863 -0.164402 0.179024
14.1 0.0731134 -0.158354 0.174418
14.11 0.0753645 -0.152258 0.169889
14.12 0.0776155 -0.146116 0.165451
14.13 0.079865 -0.139929 0.161116
14.14 0.0821118 -0.133698 0.156899
14.15 0.0843546 -0.127424 0.152816
14.16 0.0865925 -0.12111 0.148882
14.17 0.088824 -0.114755 0.145115
14.18 0.0910479 -0.108363 0.141535
14.19 0.0932631 -0.101932 0.13816
14.2 0.0954682 -0.0954664 0.135011
14.21 0.0976621 -0.0889655 0.132109
14.22 0.0998434 -0.0824314 0.129475
14.23 0.102011 -0.075865 0.127129
14.24 0.104164 -0.069268 0.125092
14.25 0.1063 -0.0626411 0.123384
14.26 0.108419 -0.0559862 0.122021
14.27 0.110519 -0.049304 0.121018
14.28 0.112598 -0.0425964 0.120386
14.29 0.114657 -0.035864 0.120135
14.3 0.116693 -0.0291085 0.120268
14.31 0.118331 -0.0222378 0.120403
14.32 0.119565 -0.0152755 0.120537
14.33 0.120391 -0.00824507 0.120673
14.34 0.120804 -0.00117047 0.120809
14.35 0.120802 0.00592385 0.120947
14.36 0.120383 0.013014 0.121085
14.37 0.11955 0.0200752 0.121224
14.38 0.118303 0.0270836 0.121363
14.39 0.116645 0.0340147 0.121504
14.4 0.114583 0.0408448 0.121645
14.41 0.112121 0.0475499 0.121787
14.42 0.109267 0.0541071 0.12193
14.43 0.106031 0.0604932 0.122074
14.44 0.102422 0.0666863 0.122218
14.45 0.0984518 0.0726642 0.122364
14.46 0.0941334 0.0784065 0.12251
14.47 0.0894806 0.0838923 0.122657
14.48 0.0845087 0.0891028 0.122805
14.49 0.0792339 0.0940188 0.122953
14.5 0.0736736 0.0986235 0.123103
14.51 0.0678461 0.1029 0.123253
14.52 0.061771 0.106832 0.123405
14.53 0.055468 0.110406 0.123557
14.54 0.0489589 0.11361 0.12371
14.55 0.0422649 0.11643 0.123864
14.56 0.0354088 0.118856 0.124018
14.57 0.0284136 0.120879 0.124174
14.58 0.0213031 0.122492 0.124331
14.59 0.0141012 0.123687 0.124488
14.6 0.00683254 0.124459 0.124646
14.61 -0.000478384 0.124804 0.124805
14.62 -0.00780609 0.124721 0.124965
14.63 -0.0151261 0.124209 0.125126
14.64 -0.0224128 0.123267 0.125288
14.65 -0.0296415 0.121899 0.125451
14.66 -0.0367868 0.120107 0.125614
14.67 -0.0438244 0.117897 0.125779
14.68 -0.0507295 0.115276 0.125944
14.69 -0.0574785 0.112251 0.126111
14.7 -0.0640474 0.108831 0.126278
14.71 -0.0704134 0.105027 0.126447
14.72 -0.076554 0.100852 0.126616
14.73 -0.0824477 0.0963178 0.126786
14.74 -0.0880733 0.0914397 0.126957
14.75 -0.0934111 0.0862337 0.127129
14.76 -0.0984417 0.0807163 0.127302
14.77 -0.103147 0.074906 0.127477
14.78 -0.10751 0.0688214 0.127651
14.79 -0.111516 0.0624833 0.127828
14.8 -0.115148 0.0559119 0.128004
14.81 -0.118393 0.0491299 0.128182
14.82 -0.12124 0.0421593 0.128361
14.83 -0.123678 0.0350241 0.128541
14.84 -0.125696 0.0277477 0.128722
14.85 -0.127287 0.0203553 0.128904
14.86 -0.128444 0.0128713 0.129087
14.87 -0.129162 0.00532165 0.129271
14.88 -0.129437 -0.00226821 0.129457
14.89 -0.129266 -0.00987223 0.129643
14.9 -0.12865 -0.0174645 0.12983
14.91 -0.127588 -0.0250186 0.130018
14.92 -0.126084 -0.0325089 0.130208
14.93 -0.12414 -0.0399091 0.130398
14.94 -0.121764 -0.0471938 0.13059
14.95 -0.118959 -0.0543376 0.130782
14.96 -0.115737 -0.0613153 0.130976
14.97 -0.112106 -0.0681028 0.131171
14.98 -0.108077 -0.0746758 0.131367
14.99 -0.103664 -0.0810114 0.131564
15 -0.098879 -0.0870868 0.131762
15.01 -0.0937385 -0.0928807 0.131961
15.02 -0.0882591 -0.0983717 0.132162
15.03 -0.0824581 -0.103541 0.132363
15.04 -0.0763547 -0.108368 0.132566
15.05 -0.0699687 -0.112837 0.13277
15.06 -0.0633213 -0.116931 0.132975
15.07 -0.0564343 -0.120633 0.133181
15.08 -0.0493308 -0.123932 0.133389
15.09 -0.0420343 -0.126813 0.133598
15.1 -0.0345694 -0.129265 0.133807
15.11 -0.0269613 -0.131278 0.134018
15.12 -0.0192353 -0.132845 0.134231
15.13 -0.0114181 -0.133958 0.134444
15.14 -0.0035357 -0.134612 0.134659
15.15 0.00438434 -0.134803 0.134875
15.16 0.0123156 -0.134529 0.135092
15.17 0.0202301 -0.133789 0.13531
15.18 0.0281012 -0.132585 0.13553
15.19 0.0359011 -0.130917 0.135751
15.2 0.0436033 -0.128792 0.135973
15.21 0.0511802 -0.126214 0.136196
15.22 0.0586059 -0.123191 0.136421
15.23 0.0658539 -0.119731 0.136646
15.24 0.0728987 -0.115845 0.136874
15.25 0.0797153 -0.111545 0.137102
15.26 0.0862795 -0.106845 0.137332
15.27 0.0925674 -0.101758 0.137562
15.28 0.0985567 -0.096301 0.137794
15.29 0.104225 -0.0904915 0.138028
15.3 0.109553 -0.0843485 0.138262
15.31 0.114519 -0.0778914 0.138498
15.32 0.119106 -0.0711419 0.138735
15.33 0.123296 -0.0641217 0.138973
15.34 0.127074 -0.0568545 0.139213
15.35 0.130424 -0.0493641 0.139454
15.36 0.133334 -0.0416759 0.139696
15.37 0.135792 -0.0338152 0.139939
15.38 0.137787 -0.0258092 0.140183
15.39 0.139311 -0.0176845 0.140429
15.4 0.140357 -0.00946902 0.140676
15.41 0.140919 -0.0011907 0.140924
15.42 0.140994 0.00712178 0.141174
15.43 0.140579 0.0154403 0.141424
15.44 0.139674 0.0237353 0.141676
15.45 0.13828 0.0319787 0.141929
15.46 0.136399 0.0401412 0.142183
15.47 0.134038 0.0481944 0.142439
15.48 0.131201 0.0561098 0.142695
15.49 0.127897 0.0638596 0.142953
15.5 0.124135 0.071416 0.143212
15.51 0.119927 0.0787521 0.143473
15.52 0.115285 0.0858416 0.143734
15.53 0.110224 0.0926586 0.143997
15.54 0.10476 0.0991787 0.14426
15.55 0.0989096 0.105378 0.144525
15.56 0.0926919 0.111233 0.144791
15.57 0.0861272 0.116722 0.145058
15.58 0.0792367 0.121825 0.145327
15.59 0.0720433 0.126523 0.145596
15.6 0.0645705 0.130797 0.145867
15.61 0.0568435 0.13463 0.146139
15.62 0.0488878 0.138009 0.146412
15.63 0.0407305 0.140917 0.146685
15.64 0.0323991 0.143345 0.146961
15.65 0.0239219 0.14528 0.147237
15.66 0.0153279 0.146715 0.147514
15.67 0.00664666 0.147643 0.147792
15.68 -0.00209182 0.148057 0.148072
15.69 -0.0108575 0.147954 0.148352
15.7 -0.0196195 0.147333 0.148633
15.71 -0.0283474 0.146193 0.148916
15.72 -0.0370103 0.144536 0.149199
15.73 -0.045578 0.142366 0.149484
15.74 -0.0540196 0.139688 0.14977
15.75 -0.0623055 0.13651 0.150056
15.76 -0.0704054 0.132839 0.150344
15.77 -0.0782908 0.128688 0.150632
15.78 -0.0859323 0.124068 0.150922
15.79 -0.093303 0.118994 0.151212
15.8 -0.100375 0.113482 0.151503
15.81 -0.107123 0.107549 0.151796
15.82 -0.113521 0.101213 0.152089
15.83 -0.119545 0.0944968 0.152384
15.84 -0.125173 0.0874205 0.152679
15.85 -0.130384 0.0800082 0.152975
15.86 -0.135156 0.0722842 0.153272
15.87 -0.139472 0.0642747 0.15357
15.88 -0.143314 0.056006 0.153868
15.89 -0.146666 0.0475069 0.154168
15.9 -0.149515 0.0388056 0.154469
15.91 -0.151848 0.0299325 0.15477
15.92 -0.153655 0.0209176 0.155072
15.93 -0.154927 0.0117924 0.155376
15.94 -0.155658 0.00258838 0.155679
15.95 -0.155842 -0.00666195 0.155984
15.96 -0.155476 -0.0159268 0.15629
15.97 -0.15456 -0.0251728 0.156596
15.98 -0.153094 -0.0343678 0.156904
15.99 -0.15108 -0.0434786 0.157212
16 -0.148524 -0.052473 0.157521
16.01 -0.145432 -0.0613184 0.157831
16.02 -0.141814 -0.0699831 0.158141
16.03 -0.137678 -0.0784354 0.158453
16.04 -0.133038 -0.0866447 0.158765
16.05 -0.127907 -0.0945807 0.159078
16.06 -0.122303 -0.102214 0.159392
16.07 -0.116242 -0.109517 0.159706
16.08 -0.109744 -0.116461 0.160021
16.09 -0.10283 -0.12302 0.160337
16.1 -0.0955234 -0.129171 0.160654
16.11 -0.0878475 -0.134888 0.160972
16.12 -0.0798285 -0.140149 0.16129
16.13 -0.0714928 -0.144935 0.161609
16.14 -0.0628692 -0.149226 0.161928
16.15 -0.0539867 -0.153004 0.162249
16.16 -0.0448758 -0.156253 0.16257
16.17 -0.0355679 -0.158961 0.162892
16.18 -0.0260952 -0.161115 0.163214
16.19 -0.0164908 -0.162704 0.163538
16.2 -0.00678811 -0.163721 0.163861
16.21 0.00297855 -0.164159 0.164186
16.22 0.0127749 -0.164015 0.164511
16.23 0.022566 -0.163285 0.164837
16.24 0.0323171 -0.161971 0.165164
16.25 0.041993 -0.160075 0.165491
16.26 0.0515592 -0.1576 0.165819
16.27 0.0609807 -0.154552 0.166148
16.28 0.0702237 -0.150941 0.166477
16.29 0.079254 -0.146777 0.166807
16.3 0.0880388 -0.142071 0.167138
16.31 0.096545 -0.136839 0.167469
16.32 0.104742 -0.131096 0.167801
16.33 0.112598 -0.124861 0.168133
16.34 0.120084 -0.118155 0.168466
16.35 0.127171 -0.110999 0.168799
16.36 0.133834 -0.103416 0.169134
16.37 0.140044 -0.0954318 0.169468
16.38 0.145779 -0.0870737 0.169804
16.39 0.151016 -0.0783694 0.17014
16.4 0.155734 -0.0693489 0.170477
16.41 0.159913 -0.0600427 0.170814
16.42 0.163536 -0.0504835 0.171151
16.43 0.166589 -0.0407039 0.171489
16.44 0.169057 -0.0307385 0.171828
16.45 0.170928 -0.0206218 0.172168
16.46 0.172194 -0.0103898 0.172508
16.47 0.172848 -7.82624e-05 0.172848
16.48 0.172884 0.0102754 0.173189
16.49 0.172299 0.0206349 0.173531
16.5 0.171093 0.0309625 0.173872
16.51 0.169268 0.0412213 0.174215
16.52 0.166827 0.0513739 0.174558
16.53 0.163777 0.0613834 0.174902
16.54 0.160124 0.071213 0.175246
16.55 0.155882 0.0808268 0.175591
16.56 0.151061 0.090189 0.175936
16.57 0.145677 0.0992648 0.176281
16.58 0.139746 0.10802 0.176627
16.59 0.133288 0.116423 0.176974
16.6 0.126323 0.12444 0.177321
16.61 0.118875 0.132041 0.177669
16.62 0.110968 0.139198 0.178017
16.63 0.102629 0.145881 0.178365
16.64 0.0938862 0.152066 0.178714
16.65 0.084769 0.157728 0.179064
16.66 0.0753087 0.162843 0.179414
16.67 0.0655382 0.167391 0.179764
16.68 0.0554915 0.171353 0.180115
16.69 0.0452035 0.174713 0.180466
16.7 0.0347106 0.177454 0.180817
16.71 0.0240497 0.179566 0.181169
16.72 0.0132588 0.181037 0.181522
16.73 0.00237625 0.181859 0.181874
16.74 -0.00855874 0.182026 0.182228
16.75 -0.019507 0.181536 0.182581
16.76 -0.0304287 0.180387 0.182935
16.77 -0.0412844 0.178579 0.183289
16.78 -0.0520341 0.176118 0.183644
16.79 -0.0626387 0.173009 0.183999
16.8 -0.0730587 0.16926 0.184354
16.81 -0.083256 0.164883 0.18471
16.82 -0.093192 0.15989 0.185066
16.83 -0.10283 0.154297 0.185423
16.84 -0.112133 0.148122 0.185779
16.85 -0.121067 0.141384 0.186137
16.86 -0.129597 0.134107 0.186494
16.87 -0.13769 0.126313 0.186851
16.88 -0.145315 0.118029 0.187209
16.89 -0.152443 0.109283 0.187567
16.9 -0.159044 0.100105 0.187926
16.91 -0.165094 0.0905265 0.188284
16.92 -0.170567 0.0805807 0.188643
16.93 -0.175441 0.0703024 0.189002
16.94 -0.179695 0.0597272 0.189361
16.95 -0.183313 0.0488931 0.189721
16.96 -0.186277 0.0378377 0.190081
16.97 -0.188574 0.0266012 0.190441
16.98 -0.190192 0.0152232 0.190801
16.99 -0.191124 0.00374529 0.191161
17 -0.191363 -0.00779177 0.191521
17.01 -0.190904 -0.0193453 0.191882
17.02 -0.189747 -0.0308737 0.192242
17.03 -0.187893 -0.0423344 0.192603
17.04 -0.185345 -0.0536854 0.192964
17.05 -0.182111 -0.0648845 0.193325
17.06 -0.178199 -0.0758902 0.193686
17.07 -0.17362 -0.0866612 0.194047
17.08 -0.16839 -0.0971573 0.194408
17.09 -0.162522 -0.107339 0.194769
17.1 -0.156038 -0.117167 0.195131
17.11 -0.148958 -0.126604 0.195492
17.12 -0.141306 -0.135615 0.195854
17.13 -0.133106 -0.144163 0.196215
17.14 -0.124388 -0.152217 0.196576
17.15 -0.11518 -0.159743 0.196938
17.16 -0.105516 -0.166713 0.197299
17.17 -0.0954274 -0.173099 0.197661
17.18 -0.0849508 -0.178874 0.198022
17.19 -0.0741226 -0.184016 0.198383
17.2 -0.0629814 -0.188501 0.198745
17.21 -0.0515669 -0.192312 0.199106
17.22 -0.0399199 -0.195431 0.199467
17.23 -0.0280824 -0.197845 0.199828
17.24 -0.0160971 -0.199541 0.200189
17.25 -0.00400767 -0.20051 0.20055
17.26 0.00814198 -0.200745 0.20091
17.27 0.0203069 -0.200244 0.201271
17.28 0.0324429 -0.199004 0.201632
17.29 0.0445044 -0.197028 0.201992
17.3 0.0564474 -0.194319 0.202352
17.31 0.0682265 -0.190886 0.202712
17.32 0.0797985 -0.186736 0.203072
17.33 0.0911189 -0.181884 0.203431
17.34 0.102146 -0.176343 0.203791
17.35 0.112836 -0.170133 0.20415
17.36 0.12315 -0.163273 0.204509
17.37 0.133048 -0.155785 0.204868
17.38 0.142491 -0.147696 0.205226
17.39 0.151443 -0.139032 0.205584
17.4 0.159869 -0.129824 0.205942
17.41 0.167734 -0.120103 0.2063
17.42 0.175009 -0.109904 0.206657
17.43 0.181664 -0.0992625 0.207014
17.44 0.187672 -0.088216 0.207371
17.45 0.193008 -0.0768035 0.207728
17.46 0.197649 -0.0650668 0.208084
17.47 0.201576 -0.0530474 0.20844
17.48 0.204772 -0.0407894 0.208795
17.49 0.207222 -0.0283367 0.20915
17.5 0.208913 -0.0157355 0.209505
17.51 0.209838 -0.00303124 0.20986
17.52 0.209988 0.00972853 0.210214
17.53 0.209362 0.0224973 0.210567
17.54 0.207958 0.0352272 0.210921
17.55 0.205779 0.0478711 0.211274
17.56 0.202829 0.0603815 0.211626
17.57 0.199118 0.0727114 0.211978
17.58 0.194655 0.0848144 0.21233
17.59 0.189455 0.0966446 0.212682
17.6 0.183534 0.108157 0.213032
17.61 0.176913 0.119307 0.213383
17.62 0.169611 0.130053 0.213733
17.63 0.161656 0.140353 0.214083
17.64 0.153073 0.150166 0.214432
17.65 0.143892 0.159455 0.214781
17.66 0.134146 0.168183 0.215129
17.67 0.123868 0.176316 0.215477
17.68 0.113096 0.18382 0.215825
17.69 0.101867 0.190666 0.216172
17.7 0.0902211 0.196826 0.216519
17.71 0.0782013 0.202274 0.216865
17.72 0.0658507 0.206988 0.21721
17.73 0.0532141 0.210947 0.217556
17.74 0.0403377 0.214134 0.2179
17.75 0.0272688 0.216534 0.218245
17.76 0.0140554 0.218136 0.218589
17.77 0.000746293 0.21893 0.218932
17.78 -0.0126088 0.218912 0.219275
17.79 -0.0259606 0.218077 0.219617
17.8 -0.0392587 0.216427 0.219959
17.81 -0.0524538 0.213965 0.220301
17.82 -0.0654955 0.210697 0.220642
17.83 -0.0783352 0.206632 0.220982
17.84 -0.0909234 0.201783 0.221322
17.85 -0.103213 0.196166 0.221662
17.86 -0.115156 0.189798 0.222001
17.87 -0.126708 0.182702 0.222339
17.88 -0.137822 0.174901 0.222677
17.89 -0.148457 0.166422 0.223015
17.9 -0.158571 0.157294 0.223352
17.91 -0.168125 0.14755 0.223689
17.92 -0.177079 0.137223 0.224025
17.93 -0.1854 0.126351 0.224361
17.94 -0.193053 0.114973 0.224696
17.95 -0.200008 0.103129 0.22503
17.96 -0.206236 0.0908627 0.225364
17.97 -0.211711 0.0782185 0.225698
17.98 -0.216411 0.0652421 0.226031
17.99 -0.220314 0.0519819 0.226364
18 -0.223405 0.038486 0.226696
18.01 -0.225668 0.0248049 0.227027
18.02 -0.227093 0.0109889 0.227358
18.03 -0.22767 -0.00291005 0.227689
18.04 -0.227396 -0.0168404 0.228019
18.05 -0.226268 -0.0307497 0.228348
18.06 -0.224288 -0.0445855 0.228677
18.07 -0.22146 -0.0582956 0.229005
18.08 -0.217794 -0.0718281 0.229332
18.09 -0.213298 -0.0851314 0.229659
18.1 -0.207988 -0.0981547 0.229986
18.11 -0.201881 -0.110848 0.230312
18.12 -0.194999 -0.123162 0.230637
18.13 -0.187362 -0.135051 0.230962
18.14 -0.178999 -0.146466 0.231286
18.15 -0.169939 -0.157364 0.231609
18.16 -0.160213 -0.167703 0.231932
18.17 -0.149856 -0.17744 0.232254
18.18 -0.138905 -0.186539 0.232575
18.19 -0.127399 -0.194961 0.232896
18.2 -0.115381 -0.202674 0.233216
18.21 -0.102894 -0.209646 0.233535
18.22 -0.0899829 -0.215849 0.233854
18.23 -0.0766964 -0.221256 0.234172
18.24 -0.0630828 -0.225844 0.234489
18.25 -0.0491929 -0.229595 0.234806
18.26 -0.0350782 -0.23249 0.235121
18.27 -0.0207914 -0.234516 0.235436
18.28 -0.00638592 -0.235664 0.23575
18.29 0.00808363 -0.235925 0.236064
18.3 0.0225634 -0.235297 0.236376
18.31 0.0369978 -0.233778 0.236688
18.32 0.0513329 -0.231373 0.236999
18.33 0.0655132 -0.228087 0.237309
18.34 0.0794852 -0.22393 0.237618
18.35 0.0931947 -0.218915 0.237927
18.36 0.10659 -0.213059 0.238234
18.37 0.119617 -0.206382 0.238541
18.38 0.132228 -0.198906 0.238847
18.39 0.144373 -0.190657 0.239152
18.4 0.156004 -0.181665 0.239456
18.41 0.167075 -0.17196 0.239759
18.42 0.177543 -0.161579 0.240061
18.43 0.187366 -0.150559 0.240362
18.44 0.196506 -0.138939 0.240663
18.45 0.204925 -0.126761 0.240962
18.46 0.212589 -0.114072 0.24126
18.47 0.219467 -0.100917 0.241557
18.48 0.22553 -0.0873458 0.241854
18.49 0.230754 -0.0734077 0.242149
18.5 0.235116 -0.0591554 0.242443
18.51 0.238596 -0.044642 0.242737
18.52 0.24118 -0.0299222 0.243029
18.53 0.242854 -0.0150516 0.24332
18.54 0.24361 -8.61845e-05 0.24361
18.55 0.243443 0.0149171 0.243899
18.56 0.242349 0.0299012 0.244187
18.57 0.240332 0.0448087 0.244474
18.58 0.237396 0.059583 0.244759
18.59 0.233551 0.0741669 0.245044
18.6 0.228807 0.0885045 0.245327
18.61 0.223181 0.10254 0.24561
18.62 0.216692 0.11622 0.245891
18.63 0.209362 0.12949 0.246171
18.64 0.201218 0.142299 0.24645
18.65 0.192287 0.154596 0.246727
18.66 0.182603 0.166333 0.247004
18.67 0.1722 0.177465 0.247279
18.68 0.161117 0.187946 0.247553
18.69 0.149393 0.197735 0.247825
18.7 0.137072 0.206793 0.248097
18.71 0.1242 0.215083 0.248367
18.72 0.110824 0.222571 0.248636
18.73 0.096995 0.229227 0.248904
18.74 0.0827643 0.235023 0.249171
18.75 0.0681851 0.239935 0.249436
18.76 0.053313 0.243942 0.2497
18.77 0.0382038 0.247026 0.249962
18.78 0.0229152 0.249172 0.250224
18.79 0.00750488 0.250371 0.250484
18.8 -0.00796751 0.250616 0.250743
18.81 -0.0234438 0.249903 0.251
18.82 -0.0388635 0.248233 0.251256
18.83 -0.0541682 0.245609 0.251511
18.84 -0.0692983 0.24204 0.251765
18.85 -0.0841956 0.237537 0.252017
18.86 -0.0988021 0.232115 0.252268
18.87 -0.113061 0.225793 0.252518
18.88 -0.126917 0.218592 0.252766
18.89 -0.140315 0.21054 0.253013
18.9 -0.153204 0.201663 0.253258
18.91 -0.165532 0.191996 0.253502
18.92 -0.17725 0.181572 0.253745
18.93 -0.188313 0.170432 0.253986
18.94 -0.198676 0.158615 0.254226
18.95 -0.208297 0.146166 0.254464
18.96 -0.217138 0.133131 0.254701
18.97 -0.225163 0.119559 0.254937
18.98 -0.232339 0.105501 0.255171
18.99 -0.238637 0.0910113 0.255403
19 -0.244031 0.0761435 0.255635
19.01 -0.248498 0.0609543 0.255864
19.02 -0.252018 0.0455019 0.256093
19.03 -0.254576 0.0298451 0.25632
19.04 -0.25616 0.014044 0.256545
19.05 -0.256762 -0.00184083 0.256769
19.06 -0.256378 -0.0177481 0.256991
19.07 -0.255006 -0.0336167 0.257212
19.08 -0.25265 -0.0493848 0.257431
19.09 -0.249317 -0.0649919 0.257649
19.1 -0.245019 -0.0803767 0.257865
19.11 -0.239768 -0.0954799 0.25808
19.12 -0.233585 -0.110242 0.258293
19.13 -0.226491 -0.124606 0.258504
19.14 -0.218511 -0.138514 0.258714
19.15 -0.209675 -0.151913 0.258923
19.16 -0.200014 -0.164749 0.259129
19.17 -0.189566 -0.176972 0.259334
19.18 -0.178369 -0.188532 0.259538
19.19 -0.166464 -0.199385 0.259739
19.2 -0.153897 -0.209486 0.259939
19.21 -0.140714 -0.218795 0.260138
19.22 -0.126966 -0.227274 0.260334
19.23 -0.112706 -0.234889 0.260529
19.24 -0.0979866 -0.241609 0.260722
19.25 -0.082865 -0.247405 0.260914
19.26 -0.0673987 -0.252255 0.261103
19.27 -0.0516478 -0.256136 0.261291
19.28 -0.0356721 -0.259033 0.261477
19.29 -0.0195339 -0.260931 0.261662
19.3 -0.0032951 -0.261823 0.261844
19.31 0.0129808 -0.261703 0.262025
19.32 0.0292313 -0.260569 0.262204
19.33 0.0453925 -0.258424 0.26238
19.34 0.0614017 -0.255275 0.262556
19.35 0.0771964 -0.251131 0.262728
19.36 0.0927144 -0.246009 0.2629
19.37 0.107895 -0.239925 0.263069
19.38 0.122679 -0.232902 0.263236
19.39 0.137008 -0.224965 0.263401
19.4 0.150824 -0.216144 0.263565
19.41 0.164074 -0.206473 0.263726
19.42 0.176705 -0.195986 0.263885
19.43 0.188667 -0.184725 0.264042
19.44 0.199911 -0.172731 0.264197
19.45 0.210393 -0.16005 0.26435
19.46 0.22007 -0.146731 0.264501
19.47 0.228905 -0.132824 0.26465
19.48 0.23686 -0.118383 0.264796
19.49 0.243904 -0.103464 0.264941
19.5 0.250006 -0.0881239 0.265083
19.51 0.255143 -0.0724228 0.265223
19.52 0.259293 -0.0564206 0.265361
19.53 0.262438 -0.0401805 0.265496
19.54 0.264564 -0.0237649 0.265629
19.55 0.265661 -0.00723837 0.26576
19.56 0.265724 0.00933502 0.265888
19.57 0.264751 0.0258899 0.266014
19.58 0.262745 0.0423619 0.266138
19.59 0.259711 0.0586857 0.266259
19.6 0.255661 0.0747978 0.266378
19.61 0.250608 0.090634 0.266494
19.62 0.244572 0.106133 0.266608
19.63 0.237575 0.121231 0.266719
19.64 0.229643 0.135872 0.266828
19.65 0.220806 0.149994 0.266934
19.66 0.211098 0.163544 0.267038
19.67 0.200556 0.176466 0.267138
19.68 0.18922 0.18871 0.267237
19.69 0.177133 0.200226 0.267332
19.7 0.164344 0.210968 0.267425
19.71 0.150901 0.220893 0.267516
19.72 0.136856 0.229961 0.267603
19.73 0.122263 0.238135 0.267688
19.74 0.107182 0.245383 0.26777
19.75 0.0916682 0.251674 0.267849
19.76 0.0757845 0.256984 0.267925
19.77 0.0595925 0.261289 0.267999
19.78 0.043156 0.264572 0.268069
19.79 0.0265394 0.26682 0.268137
19.8 0.00980816 0.268022 0.268201
19.81 -0.00697164 0.268172 0.268263
19.82 -0.023734 0.26727 0.268322
19.83 -0.0404124 0.265317 0.268377
19.84 -0.0569413 0.262321 0.26843
19.85 -0.0732546 0.258293 0.26848
19.86 -0.0892884 0.253247 0.268526
19.87 -0.104978 0.247203 0.268569
19.88 -0.120262 0.240184 0.26861
19.89 -0.13508 0.232217 0.268647
19.9 -0.149372 0.223333 0.268681
19.91 -0.163081 0.213567 0.268712
19.92 -0.176153 0.202956 0.268739
19.93 -0.188535 0.191542 0.268764
19.94 -0.200179 0.179371 0.268785
19.95 -0.211036 0.166489 0.268803
19.96 -0.221065 0.152947 0.268817
19.97 -0.230224 0.1388 0.268828
19.98 -0.238478 0.124102 0.268836
19.99 -0.245792 0.108912 0.268841
20 -0.252137 0.0932896 0.268842
20.01 -0.257487 0.0772968 0.268839
20.02 -0.261822 0.0609977 0.268833
20.03 -0.265123 0.044456 0.268824
20.04 -0.267377 0.0277381 0.268811
20.05 -0.268574 0.0109099 0.268795
20.06 -0.268709 -0.00596129 0.268775
20.07 -0.267783 -0.0228085 0.268752
20.08 -0.265797 -0.0395645 0.268725
20.09 -0.26276 -0.0561629 0.268695
20.1 -0.258683 -0.0725371 0.26866
20.11 -0.253583 -0.088622 0.268623
20.12 -0.24748 -0.104354 0.268581
20.13 -0.240398 -0.119669 0.268536
20.14 -0.232365 -0.134507 0.268487
20.15 -0.223413 -0.148808 0.268435
20.16 -0.213578 -0.162516 0.268378
20.17 -0.2029 -0.175574 0.268318
20.18 -0.19142 -0.187933 0.268254
20.19 -0.179185 -0.199542 0.268186
20.2 -0.166243 -0.210354 0.268115
20.21 -0.152647 -0.220327 0.268039
20.22 -0.138451 -0.229421 0.26796
20.23 -0.123712 -0.237599 0.267877
20.24 -0.108489 -0.244829 0.267789
20.25 -0.0928427 -0.251083 0.267698
20.26 -0.0768364 -0.256335 0.267603
20.27 -0.0605338 -0.260565 0.267504
20.28 -0.0440008 -0.263756 0.267401
20.29 -0.0273032 -0.265895 0.267293
20.3 -0.0105087 -0.266975 0.267182
20.31 0.00631602 -0.266992 0.267067
20.32 0.0231028 -0.265945 0.266947
20.33 0.0397849 -0.263841 0.266823
20.34 0.0562947 -0.260686 0.266695
20.35 0.0725668 -0.256496 0.266564
20.36 0.0885351 -0.251287 0.266427
20.37 0.104136 -0.24508 0.266287
20.38 0.119308 -0.237902 0.266142
20.39 0.133988 -0.229781 0.265993
20.4 0.148119 -0.220752 0.26584
20.41 0.161645 -0.210851 0.265682
20.42 0.17451 -0.200118 0.26552
20.43 0.186665 -0.188597 0.265354
20.44 0.19806 -0.176336 0.265183
20.45 0.208649 -0.163385 0.265008
20.46 0.218393 -0.149795 0.264828
20.47 0.22725 -0.135623 0.264644
20.48 0.235188 -0.120927 0.264455
20.49 0.242173 -0.105766 0.264262
20.5 0.248181 -0.0902017 0.264064
20.51 0.253186 -0.0742976 0.263862
20.52 0.25717 -0.0581182 0.263655
20.53 0.260117 -0.0417293 0.263443
20.54 0.262018 -0.0251974 0.263227
20.55 0.262866 -0.00858941 0.263006
20.56 0.262658 0.00802708 0.262781
20.57 0.261397 0.0245853 0.26255
20.58 0.259088 0.0410177 0.262315
20.59 0.255744 0.0572582 0.262075
20.6 0.251378 0.0732411 0.261831
20.61 0.24601 0.0889022 0.261581
20.62 0.239663 0.104178 0.261326
20.63 0.232365 0.119008 0.261067
20.64 0.224145 0.133331 0.260803
20.65 0.21504 0.147091 0.260534
20.66 0.205086 0.160233 0.260259
20.67 0.194328 0.172704 0.25998
20.68 0.182808 0.184454 0.259696
20.69 0.170576 0.195437 0.259407
20.7 0.157682 0.20561 0.259112
20.71 0.144181 0.214933 0.258813
20.72 0.130127 0.223368 0.258508
20.73 0.11558 0.230884 0.258198
20.74 0.1006 0.237452 0.257883
20.75 0.0852484 0.243046 0.257563
20.76 0.0695886 0.247646 0.257237
20.77 0.0536856 0.251235 0.256907
20.78 0.0376041 0.2538 0.256571
20.79 0.0214111 0.255333 0.256229
20.8 0.00517201 0.25583 0.255882
20.81 -0.0110458 0.255291 0.25553
20.82 -0.0271766 0.253721 0.255173
20.83 -0.0431543 0.251129 0.25481
20.84 -0.058914 0.247527 0.254441
20.85 -0.0743917 0.242932 0.254067
20.86 -0.0895245 0.237367 0.253688
20.87 -0.104251 0.230855 0.253303
20.88 -0.118513 0.223427 0.252913
20.89 -0.132252 0.215115 0.252517
20.9 -0.145413 0.205955 0.252115
20.91 -0.157944 0.195987 0.251708
20.92 -0.169795 0.185254 0.251296
20.93 -0.180919 0.173804 0.250877
20.94 -0.191273 0.161684 0.250454
20.95 -0.200816 0.148946 0.250024
20.96 -0.209511 0.135645 0.249589
20.97 -0.217326 0.121837 0.249148
20.98 -0.224229 0.10758 0.248701
20.99 -0.230197 0.0929358 0.248249
21 -0.235207 0.0779638 0.247791
21.01 -0.239241 0.0627281 0.247328
21.02 -0.242286 0.0472916 0.246858
21.03 -0.244333 0.0317195 0.246383
21.04 -0.245376 0.0160756 0.245902
21.05 -0.245415 0.000425658 0.245416
21.06 -0.244454 -0.0151664 0.244924
21.07 -0.242498 -0.0306357 0.244425
21.08 -0.23956 -0.0459193 0.243922
21.09 -0.235657 -0.0609542 0.243412
21.1 -0.230806 -0.0756793 0.242897
21.11 -0.225033 -0.0900347 0.242376
21.12 -0.218364 -0.103963 0.241849
21.13 -0.21083 -0.117406 0.241316
21.14 -0.202467 -0.130313 0.240778
21.15 -0.193311 -0.14263 0.240234
21.16 -0.183404 -0.154309 0.239684
21.17 -0.172791 -0.165305 0.239129
21.18 -0.161518 -0.175574 0.238567
21.19 -0.149634 -0.185077 0.238
21.2 -0.137193 -0.193778 0.237427
21.21 -0.124247 -0.201643 0.236849
21.22 -0.110853 -0.208644 0.236264
21.23 -0.0970688 -0.214756 0.235674
21.24 -0.0829531 -0.219956 0.235078
21.25 -0.0685665 -0.224228 0.234477
21.26 -0.0539699 -0.227557 0.23387
21.27 -0.0392254 -0.229935 0.233257
21.28 -0.0243949 -0.231356 0.232638
21.29 -0.00954088 -0.231818 0.232014
21.3 0.00527474 -0.231324 0.231384
21.31 0.0199899 -0.229881 0.230749
21.32 0.0345443 -0.227499 0.230107
21.33 0.0488769 -0.224194 0.22946
21.34 0.0629302 -0.219984 0.228808
21.35 0.0766456 -0.21489 0.228149
21.36 0.0899683 -0.208939 0.227486
21.37 0.102844 -0.20216 0.226816
21.38 0.115222 -0.194586 0.226141
21.39 0.127052 -0.186254 0.225461
21.4 0.138288 -0.177201 0.224775
21.41 0.148886 -0.16747 0.224083
21.42 0.158805 -0.157106 0.223386
21.43 0.168007 -0.146155 0.222683
21.44 0.176458 -0.134668 0.221975
21.45 0.184127 -0.122695 0.221261
21.46 0.190985 -0.110289 0.220542
21.47 0.197009 -0.0975059 0.219818
21.48 0.202178 -0.0844011 0.219088
21.49 0.206476 -0.0710313 0.218353
21.5 0.20989 -0.0574553 0.217612
21.51 0.212411 -0.0437308 0.216866
21.52 0.214034 -0.0299172 0.216115
21.53 0.214758 -0.016073 0.215358
21.54 0.214584 -0.00225702 0.214596
21.55 0.213521 0.0114727 0.213829
21.56 0.211578 0.0250587 0.213057
21.57 0.208769 0.0384443 0.212279
21.58 0.205111 0.0515745 0.211496
21.59 0.200627 0.064395 0.210708
21.6 0.19534 0.0768542 0.209915
21.61 0.189279 0.0889011 0.209117
21.62 0.182474 0.100488 0.208314
21.63 0.17496 0.111569 0.207505
21.64 0.166772 0.1221 0.206692
21.65 0.157953 0.132041 0.205873
21.66 0.148542 0.141354 0.20505
21.67 0.138584 0.150003 0.204222
21.68 0.128127 0.157957 0.203389
21.69 0.117217 0.165187 0.20255
21.7 0.105906 0.171668 0.201708
21.71 0.0942434 0.177377 0.20086
21.72 0.0822828 0.182298 0.200007
21.73 0.0700768 0.186413 0.19915
21.74 0.05768 0.189713 0.198288
21.75 0.0451465 0.19219 0.197421
21.76 0.0325313 0.193839 0.19655
21.77 0.0198886 0.194661 0.195674
21.78 0.00727317 0.194658 0.194794
21.79 -0.00526168 0.193837 0.193909
21.8 -0.0176624 0.19221 0.193019
21.81 -0.0298774 0.189788 0.192126
21.82 -0.0418554 0.186591 0.191227
21.83 -0.0535477 0.182637 0.190325
21.84 -0.064906 0.177951 0.189418
21.85 -0.0758845 0.172559 0.188507
21.86 -0.0864396 0.16649 0.187592
21.87 -0.0965292 0.159777 0.186673
21.88 -0.106115 0.152455 0.185749
21.89 -0.115159 0.14456 0.184822
21.9 -0.123628 0.136131 0.18389
21.91 -0.13149 0.127211 0.182955
21.92 -0.138719 0.117842 0.182016
21.93 -0.145287 0.108069 0.181072
21.94 -0.151173 0.0979384 0.180126
21.95 -0.156359 0.0874967 0.179175
21.96 -0.160828 0.0767925 0.178221
21.97 -0.164568 0.0658749 0.177263
21.98 -0.167571 0.0547931 0.176302
21.99 -0.16983 0.0435967 0.175337
22 -0.171344 0.0323359 0.174369
22.01 -0.172114 0.0210596 0.173397
22.02 -0.172143 0.00981783 0.172423
22.03 -0.17144 -0.00134199 0.171445
22.04 -0.170014 -0.0123713 0.170464
22.05 -0.167881 -0.023224 0.16948
22.06 -0.165056 -0.0338542 0.168492
22.07 -0.16156 -0.0442186 0.167502
22.08 -0.157416 -0.0542743 0.166509
22.09 -0.152647 -0.0639813 0.165514
22.1 -0.147283 -0.0733006 0.164515
22.11 -0.141353 -0.0821963 0.163514
22.12 -0.13489 -0.0906338 0.162511
22.13 -0.127928 -0.0985818 0.161505
22.14 -0.120502 -0.106011 0.160496
22.15 -0.112652 -0.112895 0.159486
22.16 -0.104416 -0.119209 0.158472
22.17 -0.0958356 -0.124933 0.157457
22.18 -0.0869516 -0.13005 0.15644
22.19 -0.0778077 -0.134542 0.155421
22.2 -0.0684464 -0.138399 0.1544
22.21 -0.058912 -0.141611 0.153376
22.22 -0.0492486 -0.144172 0.152352
22.23 -0.0395002 -0.146079 0.151325
22.24 -0.029711 -0.147331 0.150297
22.25 -0.0199246 -0.147931 0.149267
22.26 -0.0101844 -0.147886 0.148236
22.27 -0.000532537 -0.147202 0.147203
22.28 0.00898908 -0.145893 0.14617
22.29 0.0183405 -0.143971 0.145135
22.3 0.027482 -0.141454 0.144099
22.31 0.0363765 -0.13836 0.143062
22.32 0.0449871 -0.13471 0.142024
22.33 0.0532802 -0.13053 0.140985
22.34 0.0612226 -0.125843 0.139945
22.35 0.0687845 -0.120679 0.138905
22.36 0.0759367 -0.115066 0.137864
22.37 0.082654 -0.109036 0.136823
22.38 0.0889119 -0.102622 0.135781
22.39 0.0946893 -0.0958578 0.13474
22.4 0.0999672 -0.0887782 0.133697
22.41 0.104729 -0.0814198 0.132655
22.42 0.108962 -0.0738191 0.131613
22.43 0.112653 -0.0660142 0.130571
22.44 0.115796 -0.0580425 0.129528
22.45 0.118383 -0.0499427 0.128487
22.46 0.120412 -0.0417524 0.127445
22.47 0.121881 -0.0335105 0.126404
22.48 0.122793 -0.025254 0.125363
22.49 0.123152 -0.0170209 0.124323
22.5 0.122966 -0.00884737 0.123284
22.51 0.122242 -0.000769561 0.122245
22.52 0.120994 0.00717778 0.121207
22.53 0.119235 0.0149608 0.12017
22.54 0.116981 0.0225469 0.119134
22.55 0.11425 0.0299054 0.1181
22.56 0.111063 0.037006 0.117066
22.57 0.107441 0.0438215 0.116034
22.58 0.103407 0.0503252 0.115003
22.59 0.0989871 0.0564932 0.113973
22.6 0.0942076 0.0623026 0.112946
22.61 0.089096 0.0677337 0.111919
22.62 0.0836812 0.0727674 0.110895
22.63 0.077993 0.0773884 0.109872
22.64 0.0720621 0.081582 0.108851
22.65 0.0659197 0.0853371 0.107832
22.66 0.0595973 0.0886437 0.106815
22.67 0.0531273 0.091495 0.105801
22.68 0.0465415 0.0938856 0.104788
22.69 0.0398725 0.0958131 0.103778
22.7 0.0331516 0.0972768 0.102771
22.71 0.0264116 0.0982783 0.101765
22.72 0.0196828 0.0988217 0.100763
22.73 0.0129966 0.0989124 0.0997626
22.74 0.00638251 0.0985589 0.0987654
22.75 -0.000130106 0.0977707 0.0977708
22.76 -0.00651338 0.0965597 0.0967792
22.77 -0.01274 0.0949394 0.0957904
22.78 -0.0187845 0.0929253 0.0948049
22.79 -0.0246222 0.0905337 0.0938222
22.8 -0.0302302 0.0877836 0.092843
22.81 -0.0355869 0.084694 0.0918667
22.82 -0.0406724 0.0812865 0.0908941
22.83 -0.0454685 0.0775826 0.0899247
22.84 -0.0499585 0.073606 0.0889589
22.85 -0.0541279 0.06938 0.0879967
22.86 -0.0579632 0.0649299 0.0870381
22.87 -0.061454 0.0602805 0.0860833
22.88 -0.0645903 0.0554579 0.0851321
22.89 -0.0673655 0.0504879 0.0841851
22.9 -0.0697733 0.0453969 0.0832418
22.91 -0.0718106 0.0402115 0.0823027
22.92 -0.0734754 0.0349576 0.0813675
22.93 -0.074768 0.0296616 0.0804367
22.94 -0.0756898 0.0243491 0.0795099
22.95 -0.0762449 0.0190456 0.0785877
22.96 -0.0764381 0.0137755 0.0776695
22.97 -0.0762769 0.00856361 0.0767561
22.98 -0.0757692 0.00343249 0.0758469
22.99 -0.0749256 -0.0015947 0.0749425
23 -0.0737571 -0.00649715 0.0740427
23.01 -0.0722767 -0.0112537 0.0731476
23.02 -0.0704985 -0.0158458 0.0722574
23.03 -0.0684374 -0.0202547 0.0713717
23.04 -0.06611 -0.0244643 0.0704913
23.05 -0.063533 -0.0284584 0.0696155
23.06 -0.060725 -0.0322236 0.0687451
23.07 -0.0577042 -0.0357469 0.0678795
23.08 -0.0544906 -0.0390171 0.0670191
23.09 -0.0511036 -0.0420247 0.0661639
23.1 -0.0475639 -0.0447615 0.065314
23.11 -0.0438918 -0.0472206 0.0644692
23.12 -0.0401085 -0.0493972 0.06363
23.13 -0.0362344 -0.0512876 0.0627961
23.14 -0.0322908 -0.0528894 0.0619676
23.15 -0.028298 -0.0542024 0.0611447
23.16 -0.0242769 -0.0552269 0.0603273
23.17 -0.0202473 -0.0559657 0.0595157
23.18 -0.0162291 -0.0564217 0.0587094
23.19 -0.0122414 -0.0566006 0.0579092
23.2 -0.00830268 -0.0565077 0.0571144
23.21 -0.00443105 -0.0561512 0.0563257
23.22 -0.000643257 -0.0555389 0.0555426
23.23 0.00304397 -0.0546809 0.0547656
23.24 0.00661583 -0.0535876 0.0539944
23.25 0.0100573 -0.0522703 0.0532291
23.26 0.0133556 -0.0507417 0.0524699
23.27 0.0164979 -0.0490146 0.0517167
23.28 0.0194733 -0.0471029 0.0509695
23.29 0.0222713 -0.0450209 0.0502284
23.3 0.0248835 -0.0427835 0.0494936
23.31 0.0273015 -0.0404058 0.0487647
23.32 0.0295192 -0.0379036 0.0480423
23.33 0.0315309 -0.0352923 0.0473259
23.34 0.0333325 -0.0325882 0.0466159
23.35 0.0349208 -0.0298068 0.045912
23.36 0.0362941 -0.0269647 0.0452146
23.37 0.0374516 -0.024077 0.0445233
23.38 0.0383935 -0.02116 0.0438384
23.39 0.0391216 -0.0182285 0.0431599
23.4 0.0396381 -0.015298 0.0424877
23.41 0.0399469 -0.0123826 0.0418221
23.42 0.0400521 -0.00949681 0.0411626
23.43 0.0399595 -0.00665408 0.0405098
23.44 0.0396752 -0.00386734 0.0398632
23.45 0.0392064 -0.00114886 0.0392232
23.46 0.0385608 0.0014895 0.0385895
23.47 0.0377473 0.00403715 0.0379626
23.48 0.0367745 0.00648386 0.0373417
23.49 0.0356528 0.00882027 0.0367277
23.5 0.034392 0.0110382 0.0361199
23.51 0.0330029 0.0131297 0.0355187
23.52 0.0314964 0.0150886 0.034924
23.53 0.029884 0.0169084 0.0343358
23.54 0.0281769 0.0185849 0.0337541
23.55 0.0263871 0.0201134 0.0331787
23.56 0.0245261 0.0214914 0.03261
23.57 0.0226057 0.0227161 0.0320475
23.58 0.0206379 0.0237867 0.0314917
23.59 0.0186338 0.0247022 0.0309422
23.6 0.0166054 0.0254632 0.0303993
23.61 0.0145635 0.0260707 0.0298626
23.62 0.0125193 0.0265267 0.0293326
23.63 0.0104833 0.0268336 0.0288087
23.64 0.00846587 0.0269951 0.0282914
23.65 0.00647643 0.0270149 0.0277803
23.66 0.00452502 0.0268977 0.0272757
23.67 0.00261981 0.0266489 0.0267774
23.68 0.000769667 0.026274 0.0262852
23.69 -0.00101804 0.0257795 0.0257996
23.7 -0.00273579 0.0251717 0.0253199
23.71 -0.0043773 0.0244582 0.0248468
23.72 -0.00593642 0.0236458 0.0243796
23.73 -0.0074079 0.0227428 0.0239189
23.74 -0.00878712 0.0217566 0.023464
23.75 -0.0100699 0.0206957 0.0230155
23.76 -0.0112532 0.019568 0.022573
23.77 -0.0123339 0.0183821 0.0221365
23.78 -0.0133104 0.0171462 0.0217062
23.79 -0.0141809 0.0158688 0.0212818
23.8 -0.0149448 0.0145579 0.0208633
23.81 -0.0156017 0.0132221 0.0204509
23.82 -0.0161525 0.0118691 0.0200444
23.83 -0.0165974 0.0105068 0.0196435
23.84 -0.0169387 0.00914309 0.0192488
23.85 -0.0171778 0.00778496 0.0188595
23.86 -0.0173176 0.00643991 0.0184762
23.87 -0.0173609 0.00511425 0.0180985
23.88 -0.0173112 0.00381488 0.0177266
23.89 -0.0171723 0.00254733 0.0173602
23.9 -0.0169483 0.00131772 0.0169994
23.91 -0.0166437 0.000130866 0.0166442
23.92 -0.0162633 -0.00100808 0.0162945
23.93 -0.0158122 -0.00209508 0.0159503
23.94 -0.0152953 -0.00312597 0.0156114
23.95 -0.0147184 -0.00409746 0.0152781
23.96 -0.0140868 -0.00500649 0.01495
23.97 -0.0134062 -0.00585064 0.0146272
23.98 -0.0126822 -0.00662765 0.0143096
23.99 -0.0119209 -0.0073362 0.0139974
24 -0.0111274 -0.00797489 0.0136901
24.01 -0.0103081 -0.0085431 0.0133881
24.02 -0.00946804 -0.00904065 0.0130911
24.03 -0.0086131 -0.00946741 0.0127991
24.04 -0.00774844 -0.00982426 0.0125122
24.05 -0.00687949 -0.0101117 0.0122301
24.06 -0.00601113 -0.0103315 0.011953
24.07 -0.00514829 -0.0104848 0.0116806
24.08 -0.0042956 -0.0105739 0.0114131
24.09 -0.00345736 -0.0106007 0.0111503
24.1 -0.0026378 -0.0105681 0.0108923
24.11 -0.00184059 -0.0104783 0.0106388
24.12 -0.00106953 -0.0103348 0.01039
24.13 -0.000327664 -0.0101403 0.0101456
24.14 0.000381988 -0.00989849 0.00990586
24.15 0.00105673 -0.00961252 0.00967043
24.16 0.00169422 -0.00928627 0.00943955
24.17 0.00229273 -0.00892306 0.00921291
24.18 0.00285003 -0.00852687 0.00899056
24.19 0.00336532 -0.00810141 0.00877259
24.2 0.00383707 -0.00765028 0.00855862
24.21 0.00426481 -0.00717753 0.00834899
24.22 0.00464783 -0.00668658 0.00814326
24.23 0.00498616 -0.0061814 0.00794175
24.24 0.00527972 -0.0056653 0.0077441
24.25 0.00552891 -0.00514207 0.00755048
24.26 0.00573437 -0.00461485 0.0073607
24.27 0.00589686 -0.00408714 0.00717479
24.28 0.00601752 -0.00356182 0.00699264
24.29 0.00609746 -0.00304212 0.00681422
24.3 0.00613828 -0.00253064 0.00663948
24.31 0.00614156 -0.00203016 0.00646841
24.32 0.006109 -0.00154299 0.00630085
24.33 0.00604256 -0.0010716 0.00613685
24.34 0.00594445 -0.000617719 0.00597646
24.35 0.00581635 -0.000183513 0.00581924
24.36 0.00566105 0.000229538 0.0056657
24.37 0.0054803 0.000620069 0.00551527
24.38 0.00527681 0.000986605 0.00536825
24.39 0.00505266 0.0013284 0.00522437
24.4 0.00481046 0.00164437 0.00508375
24.41 0.0045524 0.00193412 0.00494622
24.42 0.00428092 0.00219699 0.00481176
24.43 0.00399834 0.00243296 0.00468039
24.44 0.00370692 0.00264174 0.00455193
24.45 0.00340893 0.00282367 0.0044265
24.46 0.00310644 0.00297876 0.00430383
24.47 0.00280164 0.00310769 0.00418413
24.48 0.00249647 0.00321082 0.00406715
24.49 0.00219279 0.00328899 0.00395295
24.5 0.00189245 0.00334285 0.00384136
24.51 0.00159723 0.00337361 0.00373261
24.52 0.00130834 0.00338197 0.00362622
24.53 0.00102775 0.00336928 0.00352255
24.54 0.000756269 0.00333676 0.00342139
24.55 0.000495457 0.00328542 0.00332257
24.56 0.000246161 0.0032169 0.0032263
24.57 9.47749e-06 0.00313228 0.00313229
24.58 -0.000213889 0.00303317 0.0030407
24.59 -0.000423213 0.00292078 0.00295129
24.6 -0.000617898 0.00279676 0.0028642
24.61 -0.000797575 0.00266232 0.00277923
24.62 -0.000961882 0.0025191 0.00269649
24.63 -0.00111066 0.00236827 0.00261577
24.64 -0.00124377 0.00221143 0.0025372
24.65 -0.00136127 0.00204976 0.00246061
24.66 -0.0014633 0.00188465 0.00238603
24.67 -0.00155002 0.00171727 0.00231335
24.68 -0.00162169 0.001549 0.0022426
24.69 -0.00167894 0.00138072 0.00217375
24.7 -0.00172179 0.00121374 0.0021066
24.71 -0.00175126 0.00104904 0.00204142
24.72 -0.00176757 0.000887379 0.00197781
24.73 -0.00177155 0.000729914 0.00191603
24.74 -0.00176381 0.000577193 0.00185585
24.75 -0.00174511 0.000430095 0.00179733
24.76 -0.00171621 0.000289148 0.0017404
24.77 -0.00167787 0.000155052 0.00168502
24.78 -0.00163093 2.81619e-05 0.00163118
24.79 -0.00157621 -9.09788e-05 0.00157883
24.8 -0.00151451 -0.000202175 0.00152795
24.81 -0.00144668 -0.000304992 0.00147848
24.82 -0.00137353 -0.000399401 0.00143042
24.83 -0.00129589 -0.000485185 0.00138374
24.84 -0.0012145 -0.000562318 0.00133836
24.85 -0.00113015 -0.000630717 0.00129423
24.86 -0.00104372 -0.00069065 0.00125154
24.87 -0.000955624 -0.000741967 0.00120985
24.88 -0.000866948 -0.000784978 0.00116953
24.89 -0.000778025 -0.000819994 0.00113036
24.9 -0.000689647 -0.000847027 0.00109228
24.91 -0.000602335 -0.000866619 0.00105538
24.92 -0.000516638 -0.000878975 0.00101956
24.93 -0.000433044 -0.000884521 0.000984837
24.94 -0.000351993 -0.000883574 0.000951105
24.95 -0.000273906 -0.000876649 0.000918443
24.96 -0.000199151 -0.000864071 0.000886725
24.97 -0.000127988 -0.000846401 0.000856023
24.98 -6.07549e-05 -0.000823948 0.000826185
24.99 2.38304e-06 -0.000797341 0.000797344
25 6.12092e-05 -0.000766921 0.00076936
25.01 0.000115611 -0.000733196 0.000742254
25.02 0.000165501 -0.00069656 0.000715952
25.03 0.000210696 -0.000657636 0.000690564
25.04 0.000251443 -0.000616579 0.000665878
25.05 0.000287386 -0.000574034 0.000641954
25.06 0.0003189 -0.000530421 0.000618906
25.07 0.000345871 -0.000485913 0.000596437
25.08 0.000368457 -0.000441153 0.000574784
25.09 0.000386805 -0.000396326 0.000553798
25.1 0.000401047 -0.000351822 0.000533495
25.11 0.00041137 -0.000307889 0.00051383
25.12 0.000417957 -0.000264904 0.000494836
25.13 0.000420997 -0.000223006 0.000476414
25.14 0.000420765 -0.000182538 0.000458654
25.15 0.000417409 -0.000143591 0.000441417
25.16 0.000411237 -0.000106484 0.0004248
25.17 0.000402458 -7.12596e-05 0.000408718
25.18 0.000391324 -3.80908e-05 0.000393174
25.19 0.000378116 -7.05814e-06 0.000378182
25.2 0.000362974 2.16446e-05 0.000363619
25.21 0.000346364 4.81964e-05 0.000349702
25.22 0.000328223 7.23246e-05 0.000336097
25.23 0.00030908 9.40515e-05 0.000323073
25.24 0.000288988 0.00011358 0.000310507
25.25 0.000268204 0.000130631 0.000298325
25.26 0.00024698 0.000145457 0.00028663
25.27 0.000225462 0.000158039 0.000275335
25.28 0.000203861 0.000168469 0.000264464
25.29 0.000182348 0.000176771 0.000253966
25.3 0.000161056 0.000183123 0.000243871
25.31 0.000140197 0.000187534 0.000234146
25.32 0.000119818 0.000190191 0.000224787
25.33 0.000100117 0.000191108 0.000215744
25.34 8.11718e-05 0.000190498 0.000207071
25.35 6.30572e-05 0.000188447 0.000198717
25.36 4.59153e-05 0.00018508 0.000190691
25.37 2.9698e-05 0.00018048 0.000182907
25.38 1.46404e-05 0.000174938 0.00017555
25.39 5.42283e-07 0.000168374 0.000168375
25.4 -1.23354e-05 0.000160973 0.000161445
25.41 -2.4115e-05 0.000153031 0.00015492
25.42 -3.47757e-05 0.000144352 0.000148482
25.43 -4.42433e-05 0.000135303 0.000142353
25.44 -5.26245e-05 0.00012591 0.000136464
25.45 -5.98761e-05 0.000116262 0.000130775
25.46 -6.60402e-05 0.000106458 0.000125278
25.47 -7.11806e-05 9.66346e-05 0.000120021
25.48 -7.52663e-05 8.6822e-05 0.000114905
25.49 -7.84357e-05 7.71305e-05 0.000110006
25.5 -8.06548e-05 6.75897e-05 0.000105231
25.51 -8.20189e-05 5.83187e-05 0.000100639
25.52 -8.26e-05 4.93506e-05 9.62197e-05
25.53 -8.23974e-05 4.07162e-05 9.19083e-05
25.54 -8.15724e-05 3.24631e-05 8.77947e-05
25.55 -8.00518e-05 2.47273e-05 8.37839e-05
25.56 -7.80619e-05 1.73505e-05 7.99669e-05
25.57 -7.55083e-05 1.04645e-05 7.623e-05
25.58 -7.25424e-05 4.18148e-06 7.26629e-05
25.59 -6.92241e-05 -1.75295e-06 6.92463e-05
25.6 -6.55391e-05 -7.08561e-06 6.5921e-05
25.61 -6.16285e-05 -1.18971e-05 6.27664e-05
25.62 -5.7503e-05 -1.62391e-05 5.9752e-05
25.63 -5.32025e-05 -2.00665e-05 5.68609e-05
25.64 -4.88406e-05 -2.33785e-05 5.41476e-05
25.65 -4.43679e-05 -2.62445e-05 5.15489e-05
25.66 -3.99363e-05 -2.86427e-05 4.91458e-05
25.67 -3.54933e-05 -3.06309e-05 4.68832e-05
25.68 -3.11214e-05 -3.21786e-05 4.47661e-05
25.69 -2.68724e-05 -3.33502e-05 4.28294e-05
25.7 -2.26968e-05 -3.41706e-05 4.10216e-05
25.71 -1.87389e-05 -3.46503e-05 3.93927e-05
25.72 -1.48873e-05 -3.47586e-05 3.78126e-05
25.73 -1.1296e-05 -3.46828e-05 3.6476e-05
25.74 -7.87083e-06 -3.43152e-05 3.52063e-05
25.75 -4.68619e-06 -3.36419e-05 3.39667e-05
25.76 -1.76534e-06 -3.29308e-05 3.29781e-05
25.77 9.49509e-07 -3.1924e-05 3.19381e-05
25.78 3.37163e-06 -3.07826e-05 3.09667e-05
25.79 5.53713e-06 -2.95609e-05 3.0075e-05
25.8 7.46123e-06 -2.82039e-05 2.91741e-05
25.81 9.07428e-06 -2.67542e-05 2.82512e-05
25.82 1.04811e-05 -2.52743e-05 2.73614e-05
25.83 1.15774e-05 -2.37486e-05 2.64203e-05
25.84 1.24609e-05 -2.22106e-05 2.54673e-05
25.85 1.30962e-05 -2.06497e-05 2.44524e-05
25.86 1.34707e-05 -1.91104e-05 2.33809e-05
25.87 1.36756e-05 -1.75916e-05 2.2282e-05
25.88 1.36051e-05 -1.60893e-05 2.10704e-05
25.89 1.33916e-05 -1.45808e-05 1.97973e-05
25.9 1.29439e-05 -1.31959e-05 1.84845e-05
25.91 1.23421e-05 -1.18055e-05 1.70792e-05
25.92 1.1584e-05 -1.03997e-05 1.55673e-05
25.93 1.06493e-05 -9.20181e-06 1.40741e-05
25.94 9.61883e-06 -7.89537e-06 1.24442e-05
25.95 8.45338e-06 -6.67175e-06 1.0769e-05
25.96 7.18121e-06 -5.52838e-06 9.06271e-06
25.97 5.86337e-06 -4.3629e-06 7.30848e-06
25.98 4.4255e-06 -3.22969e-06 5.47868e-06
25.99 3.00202e-06 -2.14744e-06 3.69102e-06
26 1.49261e-06 -1.06998e-06 1.8365e-06
