0 0.0190447 -0.0217261 0.0288916
0.01 0.0380157 -0.0433777 0.0576786
0.02 0.0568394 -0.0648805 0.0862566
0.03 0.075443 -0.0861609 0.114522
0.04 0.0937544 -0.107146 0.142373
0.05 0.111703 -0.127764 0.169709
0.06 0.129218 -0.147944 0.19643
0.07 0.146233 -0.167617 0.22244
0.08 0.162682 -0.186716 0.247645
0.09 0.1785 -0.205176 0.271955
0.1 0.193626 -0.222934 0.29528
0.11 0.208002 -0.239929 0.317538
0.12 0.221571 -0.256103 0.338648
0.13 0.234281 -0.271402 0.358534
0.14 0.246083 -0.285774 0.377126
0.15 0.25693 -0.299171 0.394356
0.16 0.266781 -0.311546 0.410162
0.17 0.275596 -0.32286 0.42449
0.18 0.283341 -0.333073 0.437287
0.19 0.289986 -0.342153 0.448509
0.2 0.295505 -0.350068 0.458117
0.21 0.299875 -0.356794 0.466076
0.22 0.30308 -0.362309 0.472361
0.23 0.305106 -0.366594 0.47695
0.24 0.305944 -0.369638 0.479828
0.25 0.305592 -0.371431 0.480986
0.26 0.304049 -0.371969 0.480424
0.27 0.301322 -0.371252 0.478145
0.28 0.297418 -0.369283 0.47416
0.29 0.292354 -0.366072 0.468487
0.3 0.286148 -0.361631 0.461149
0.31 0.278823 -0.355978 0.452176
0.32 0.270407 -0.349134 0.441604
0.33 0.26093 -0.341124 0.429477
0.34 0.25043 -0.331978 0.415842
0.35 0.238946 -0.321729 0.400755
0.36 0.226521 -0.310413 0.384276
0.37 0.213202 -0.298073 0.366473
0.38 0.19904 -0.28475 0.347419
0.39 0.18409 -0.270494 0.327195
0.4 0.168407 -0.255355 0.305888
0.41 0.152052 -0.239386 0.283594
0.42 0.135087 -0.222643 0.26042
0.43 0.117577 -0.205186 0.236486
0.44 0.0995889 -0.187074 0.211931
0.45 0.0811908 -0.168372 0.186925
0.46 0.0624536 -0.149144 0.161692
0.47 0.0434488 -0.129458 0.136554
0.48 0.0242492 -0.10938 0.112036
0.49 0.00492837 -0.0889816 0.089118
0.5 -0.0144396 -0.0683316 0.0698406
0.51 -0.0337805 -0.0475011 0.0582878
0.52 -0.0530199 -0.0265614 0.0593011
0.53 -0.0720841 -0.00558399 0.0723001
0.54 -0.0908997 0.0153599 0.0921883
0.55 -0.109394 0.0361992 0.115228
0.56 -0.127497 0.0568636 0.139603
0.57 -0.145138 0.0772836 0.164431
0.58 -0.162248 0.0973904 0.189234
0.59 -0.178763 0.117117 0.213712
0.6 -0.194618 0.136398 0.237656
0.61 -0.209751 0.155169 0.260908
0.62 -0.224105 0.173369 0.283337
0.63 -0.237623 0.190937 0.304831
0.64 -0.250252 0.207817 0.325291
0.65 -0.261944 0.223953 0.34463
0.66 -0.272653 0.239294 0.362769
0.67 -0.282336 0.253791 0.379636
0.68 -0.290956 0.267398 0.395167
0.69 -0.298478 0.280071 0.409303
0.7 -0.304873 0.291772 0.421993
0.71 -0.310114 0.302465 0.433192
0.72 -0.31418 0.312117 0.442862
0.73 -0.317055 0.3207 0.450969
0.74 -0.318725 0.32819 0.457487
0.75 -0.319184 0.334565 0.462398
0.76 -0.318427 0.339808 0.465688
0.77 -0.316456 0.343907 0.46735
0.78 -0.313277 0.346851 0.467384
0.79 -0.3089 0.348637 0.465797
0.8 -0.303341 0.349262 0.462601
0.81 -0.296618 0.348731 0.457816
0.82 -0.288757 0.347049 0.451468
0.83 -0.279785 0.344226 0.443589
0.84 -0.269734 0.340279 0.434219
0.85 -0.258642 0.335224 0.423404
0.86 -0.246549 0.329085 0.411197
0.87 -0.233498 0.321885 0.397657
0.88 -0.21954 0.313655 0.382854
0.89 -0.204723 0.304426 0.36686
0.9 -0.189105 0.294234 0.349763
0.91 -0.172741 0.283117 0.331655
0.92 -0.155694 0.271118 0.312643
0.93 -0.138026 0.25828 0.292848
0.94 -0.119802 0.244651 0.272409
0.95 -0.101092 0.230279 0.251491
0.96 -0.0819644 0.215216 0.230295
0.97 -0.0624906 0.199515 0.209073
0.98 -0.0427433 0.183233 0.188152
0.99 -0.0227965 0.166426 0.16798
1 -0.0027246 0.149152 0.149177
1.01 0.0173972 0.131471 0.132617
1.02 0.0374936 0.113444 0.119479
1.03 0.0574892 0.0951323 0.111154
1.04 0.077309 0.0765981 0.10883
1.05 0.0968787 0.0579036 0.112864
1.06 0.116125 0.0391115 0.122534
1.07 0.134975 0.0202841 0.13649
1.08 0.153358 0.00148383 0.153365
1.09 0.171204 -0.0172277 0.172069
1.1 0.188448 -0.0357897 0.191816
1.11 0.205023 -0.0541418 0.212051
1.12 0.220866 -0.072225 0.232376
1.13 0.235919 -0.0899819 0.252497
1.14 0.250124 -0.107356 0.272189
1.15 0.263426 -0.124293 0.291277
1.16 0.275776 -0.14074 0.309613
1.17 0.287127 -0.156646 0.327078
1.18 0.297434 -0.171963 0.343567
1.19 0.306659 -0.186645 0.358994
1.2 0.314767 -0.200648 0.373279
1.21 0.321724 -0.213929 0.386358
1.22 0.327506 -0.226452 0.398172
1.23 0.332088 -0.23818 0.408672
1.24 0.335453 -0.249081 0.417816
1.25 0.337587 -0.259124 0.42557
1.26 0.33848 -0.268282 0.431907
1.27 0.338128 -0.276532 0.436807
1.28 0.33653 -0.283854 0.440256
1.29 0.333692 -0.29023 0.442248
1.3 0.329623 -0.295645 0.442783
1.31 0.324335 -0.30009 0.441868
1.32 0.317849 -0.303556 0.439515
1.33 0.310185 -0.306039 0.435746
1.34 0.301371 -0.307538 0.430586
1.35 0.291439 -0.308056 0.42407
1.36 0.280424 -0.307597 0.416238
1.37 0.268365 -0.306171 0.407137
1.38 0.255306 -0.303788 0.396822
1.39 0.241293 -0.300463 0.385357
1.4 0.226377 -0.296213 0.372812
1.41 0.210613 -0.29106 0.359268
1.42 0.194056 -0.285025 0.344815
1.43 0.176767 -0.278136 0.329555
1.44 0.158809 -0.270419 0.313603
1.45 0.140246 -0.261906 0.297092
1.46 0.121147 -0.252629 0.280175
1.47 0.101579 -0.242625 0.26303
1.48 0.0816149 -0.231928 0.245869
1.49 0.0613265 -0.22058 0.228947
1.5 0.0407877 -0.20862 0.21257
1.51 0.0200731 -0.196091 0.197116
1.52 -0.000742104 -0.183037 0.183039
1.53 -0.0215821 -0.169502 0.170871
1.54 -0.0423713 -0.155533 0.161201
1.55 -0.0630341 -0.141176 0.154609
1.56 -0.0834953 -0.12648 0.151554
1.57 -0.103681 -0.111493 0.152251
1.58 -0.123517 -0.0962642 0.156599
1.59 -0.142931 -0.0808421 0.16421
1.6 -0.161854 -0.0652764 0.174522
1.61 -0.180216 -0.0496163 0.186922
1.62 -0.197951 -0.0339111 0.200835
1.63 -0.214994 -0.0182094 0.215764
1.64 -0.231284 -0.00255955 0.231298
1.65 -0.24676 0.0129907 0.247102
1.66 -0.261368 0.0283948 0.262906
1.67 -0.275054 0.0436065 0.27849
1.68 -0.287769 0.0585812 0.293671
1.69 -0.299466 0.073275 0.3083
1.7 -0.310103 0.0876456 0.322251
1.71 -0.319642 0.101652 0.335416
1.72 -0.328048 0.115255 0.347705
1.73 -0.33529 0.128417 0.359041
1.74 -0.341343 0.141101 0.369357
1.75 -0.346184 0.153274 0.378598
1.76 -0.349797 0.164903 0.386718
1.77 -0.352167 0.175958 0.393679
1.78 -0.353287 0.18641 0.399451
1.79 -0.353153 0.196234 0.404011
1.8 -0.351765 0.205406 0.407345
1.81 -0.349128 0.213904 0.409445
1.82 -0.345251 0.221708 0.410308
1.83 -0.340149 0.228802 0.409941
1.84 -0.33384 0.23517 0.408355
1.85 -0.326347 0.240799 0.40557
1.86 -0.317697 0.245681 0.40161
1.87 -0.30792 0.249806 0.396507
1.88 -0.297053 0.25317 0.390301
1.89 -0.285133 0.255768 0.383038
1.9 -0.272204 0.257601 0.374771
1.91 -0.258312 0.258669 0.365561
1.92 -0.243507 0.258976 0.355477
1.93 -0.227842 0.258527 0.344599
1.94 -0.211373 0.257331 0.333013
1.95 -0.194158 0.255398 0.32082
1.96 -0.176259 0.252739 0.30813
1.97 -0.157741 0.249368 0.295071
1.98 -0.138668 0.245302 0.281783
1.99 -0.119109 0.240558 0.268431
2 -0.0991327 0.235155 0.255196
2.01 -0.078811 0.229115 0.242291
2.02 -0.0582154 0.22246 0.229951
2.03 -0.0374191 0.215214 0.218443
2.04 -0.0164955 0.207404 0.208058
2.05 0.00448148 0.199055 0.199106
2.06 0.0254378 0.190197 0.19189
2.07 0.0462996 0.180858 0.18669
2.08 0.0669936 0.171069 0.183719
2.09 0.0874471 0.160861 0.183094
2.1 0.107588 0.150267 0.184812
2.11 0.127347 0.139318 0.188751
2.12 0.146654 0.128049 0.194689
2.13 0.165441 0.116494 0.202341
2.14 0.183645 0.104686 0.211387
2.15 0.201201 0.0926616 0.221513
2.16 0.218048 0.0804546 0.232418
2.17 0.23413 0.0681005 0.243833
2.18 0.249389 0.0556345 0.255519
2.19 0.263774 0.0430916 0.267271
2.2 0.277237 0.0305069 0.27891
2.21 0.28973 0.0179151 0.290283
2.22 0.301212 0.00535062 0.301259
2.23 0.311644 -0.00715258 0.311726
2.24 0.320992 -0.019561 0.321587
2.25 0.329224 -0.0318416 0.33076
2.26 0.336314 -0.0439624 0.339175
2.27 0.342238 -0.0558916 0.346772
2.28 0.346979 -0.0675985 0.353502
2.29 0.35052 -0.0790534 0.359324
2.3 0.352854 -0.0902272 0.364207
2.31 0.353972 -0.101092 0.368125
2.32 0.353875 -0.111621 0.371062
2.33 0.352563 -0.121789 0.373006
2.34 0.350045 -0.13157 0.373955
2.35 0.346331 -0.140942 0.373912
2.36 0.341437 -0.149882 0.372886
2.37 0.335381 -0.158369 0.370893
2.38 0.328188 -0.166384 0.367955
2.39 0.319884 -0.17391 0.364102
2.4 0.3105 -0.180928 0.359368
2.41 0.300072 -0.187424 0.353795
2.42 0.288638 -0.193383 0.347432
2.43 0.276239 -0.198794 0.340334
2.44 0.262921 -0.203645 0.332564
2.45 0.248731 -0.207927 0.324192
2.46 0.23372 -0.211632 0.315299
2.47 0.217943 -0.214753 0.305971
2.48 0.201456 -0.217286 0.296307
2.49 0.184316 -0.219226 0.286413
2.5 0.166585 -0.220573 0.276411
2.51 0.148325 -0.221324 0.26643
2.52 0.129601 -0.221482 0.256614
2.53 0.110477 -0.221049 0.247119
2.54 0.0910202 -0.220028 0.238111
2.55 0.0712989 -0.218425 0.229767
2.56 0.0513809 -0.216247 0.222267
2.57 0.0313353 -0.213501 0.215788
2.58 0.0112308 -0.210197 0.210497
2.59 -0.00886344 -0.206347 0.206537
2.6 -0.0288788 -0.201961 0.204015
2.61 -0.0487472 -0.197053 0.202993
2.62 -0.068401 -0.191638 0.203479
2.63 -0.0877739 -0.185731 0.205427
2.64 -0.106801 -0.17935 0.208741
2.65 -0.125418 -0.172511 0.213283
2.66 -0.143563 -0.165235 0.21889
2.67 -0.161176 -0.157541 0.225381
2.68 -0.178198 -0.14945 0.232572
2.69 -0.194574 -0.140984 0.240282
2.7 -0.21025 -0.132166 0.248341
2.71 -0.225176 -0.123019 0.256589
2.72 -0.239303 -0.113568 0.264884
2.73 -0.252587 -0.103837 0.273097
2.74 -0.264985 -0.0938518 0.281114
2.75 -0.276458 -0.0836392 0.288833
2.76 -0.286971 -0.0732256 0.296167
2.77 -0.296493 -0.062638 0.303037
2.78 -0.304994 -0.0519042 0.309379
2.79 -0.312451 -0.0410517 0.315136
2.8 -0.318841 -0.0301091 0.320259
2.81 -0.324148 -0.0191043 0.32471
2.82 -0.328357 -0.00806611 0.328456
2.83 -0.33146 0.00297709 0.331473
2.84 -0.33345 0.0139967 0.333744
2.85 -0.334326 0.0249642 0.335257
2.86 -0.334088 0.0358513 0.336007
2.87 -0.332744 0.0466298 0.335995
2.88 -0.330301 0.0572716 0.335229
2.89 -0.326773 0.0677494 0.333722
2.9 -0.322177 0.0780358 0.331493
2.91 -0.316533 0.0881042 0.328566
2.92 -0.309864 0.0979284 0.324971
2.93 -0.302199 0.107482 0.320744
2.94 -0.293566 0.116742 0.315927
2.95 -0.284 0.125682 0.310567
2.96 -0.273537 0.134279 0.304719
2.97 -0.262217 0.142511 0.298441
2.98 -0.250081 0.150356 0.2918
2.99 -0.237174 0.157794 0.284869
3 -0.223543 0.164803 0.277726
3.01 -0.209238 0.171366 0.270456
3.02 -0.194308 0.177465 0.263153
3.03 -0.178809 0.183083 0.255914
3.04 -0.162793 0.188205 0.248843
3.05 -0.146317 0.192818 0.242049
3.06 -0.129439 0.196908 0.235642
3.07 -0.112217 0.200464 0.229735
3.08 -0.0947098 0.203476 0.224438
3.09 -0.0769772 0.205935 0.219851
3.1 -0.0590795 0.207834 0.216068
3.11 -0.0410771 0.209168 0.213163
3.12 -0.0230302 0.209932 0.211191
3.13 -0.0049991 0.210124 0.210183
3.14 0.0129566 0.209741 0.210141
3.15 0.0307779 0.208785 0.211042
3.16 0.0484064 0.207258 0.212836
3.17 0.065785 0.205162 0.215451
3.18 0.0828577 0.202503 0.218799
3.19 0.0995699 0.199287 0.222777
3.2 0.115869 0.195522 0.227276
3.21 0.131702 0.191218 0.232185
3.22 0.147022 0.186385 0.237392
3.23 0.16178 0.181037 0.24279
3.24 0.175931 0.175186 0.248278
3.25 0.189433 0.168849 0.253761
3.26 0.202245 0.162042 0.259154
3.27 0.21433 0.154784 0.264377
3.28 0.225652 0.147093 0.26936
3.29 0.236179 0.13899 0.274042
3.3 0.245882 0.130498 0.278366
3.31 0.254735 0.121639 0.282287
3.32 0.262714 0.112438 0.285764
3.33 0.2698 0.102919 0.288763
3.34 0.275974 0.0931096 0.291257
3.35 0.281223 0.0830359 0.293226
3.36 0.285536 0.0727261 0.294652
3.37 0.288906 0.0622088 0.295527
3.38 0.291328 0.0515134 0.295847
3.39 0.292801 0.0406699 0.295612
3.4 0.293327 0.0297087 0.294828
3.41 0.292912 0.0186607 0.293505
3.42 0.291562 0.00755715 0.29166
3.43 0.289291 -0.00357053 0.289313
3.44 0.286111 -0.0146905 0.286488
3.45 0.28204 -0.0257713 0.283215
3.46 0.277097 -0.0367811 0.279528
3.47 0.271307 -0.0476883 0.275466
3.48 0.264693 -0.0584615 0.271072
3.49 0.257283 -0.0690697 0.266393
3.5 0.249108 -0.0794822 0.261481
3.51 0.2402 -0.0896688 0.256391
3.52 0.230593 -0.0995999 0.251184
3.53 0.220325 -0.109247 0.245923
3.54 0.209433 -0.118581 0.240674
3.55 0.197958 -0.127575 0.235506
3.56 0.185942 -0.136203 0.23049
3.57 0.173427 -0.14444 0.225699
3.58 0.160458 -0.15226 0.221202
3.59 0.147081 -0.159642 0.217068
3.6 0.133342 -0.166563 0.213362
3.61 0.119288 -0.173003 0.210142
3.62 0.104966 -0.178943 0.207457
3.63 0.0904258 -0.184364 0.205346
3.64 0.0757151 -0.189251 0.203835
3.65 0.0608825 -0.19359 0.202938
3.66 0.0459764 -0.197367 0.202652
3.67 0.0310454 -0.200572 0.20296
3.68 0.016137 -0.203193 0.203833
3.69 0.00129896 -0.205225 0.205229
3.7 -0.0134223 -0.20666 0.207095
3.71 -0.0279808 -0.207494 0.209372
3.72 -0.0423319 -0.207725 0.211995
3.73 -0.0564315 -0.207353 0.214895
3.74 -0.0702376 -0.206378 0.218002
3.75 -0.0837088 -0.204803 0.221249
3.76 -0.0968056 -0.202633 0.224569
3.77 -0.10949 -0.199875 0.227899
3.78 -0.121726 -0.196537 0.23118
3.79 -0.133479 -0.192629 0.234356
3.8 -0.144716 -0.188164 0.237379
3.81 -0.155408 -0.183155 0.240203
3.82 -0.165525 -0.177617 0.242788
3.83 -0.175042 -0.171566 0.245101
3.84 -0.183934 -0.165023 0.247112
3.85 -0.19218 -0.158005 0.248795
3.86 -0.19976 -0.150536 0.250131
3.87 -0.206658 -0.142638 0.251103
3.88 -0.212858 -0.134334 0.251702
3.89 -0.218348 -0.12565 0.25192
3.9 -0.223119 -0.116613 0.251755
3.91 -0.227163 -0.10725 0.251208
3.92 -0.230475 -0.0975901 0.250285
3.93 -0.233052 -0.0876622 0.248994
3.94 -0.234894 -0.0774966 0.247348
3.95 -0.236003 -0.0671243 0.245363
3.96 -0.236384 -0.0565767 0.24306
3.97 -0.236043 -0.0458861 0.240462
3.98 -0.234989 -0.0350847 0.237594
3.99 -0.233233 -0.0242053 0.234485
4 -0.230788 -0.0132808 0.23117
4.01 -0.227669 -0.00234418 0.227681
4.02 -0.223894 0.00857169 0.224058
4.03 -0.219481 0.0194337 0.22034
4.04 -0.214452 0.0302096 0.216569
4.05 -0.208827 0.0408669 0.212789
4.06 -0.202633 0.0513738 0.209044
4.07 -0.195893 0.061699 0.20538
4.08 -0.188635 0.0718119 0.201842
4.09 -0.180887 0.0816825 0.198475
4.1 -0.172679 0.0912819 0.195321
4.11 -0.16404 0.100582 0.192421
4.12 -0.155003 0.109555 0.189811
4.13 -0.145599 0.118176 0.187522
4.14 -0.135861 0.126419 0.18558
4.15 -0.125823 0.13426 0.184003
4.16 -0.115518 0.141679 0.182804
4.17 -0.104982 0.148653 0.181985
4.18 -0.0942477 0.155163 0.181544
4.19 -0.0833512 0.161191 0.181466
4.2 -0.0723268 0.166721 0.181733
4.21 -0.0612093 0.171738 0.18232
4.22 -0.0500329 0.176229 0.183194
4.23 -0.0388322 0.180183 0.184319
4.24 -0.0276405 0.183589 0.185658
4.25 -0.0164914 0.18644 0.187168
4.26 -0.00541738 0.18873 0.188807
4.27 0.00554948 0.190453 0.190534
4.28 0.0163782 0.191608 0.192307
4.29 0.0270383 0.192194 0.194087
4.3 0.0375006 0.192212 0.195836
4.31 0.0477366 0.191663 0.197518
4.32 0.0577194 0.190553 0.199103
4.33 0.0674227 0.188887 0.20056
4.34 0.0768218 0.186674 0.201863
4.35 0.0858932 0.183922 0.20299
4.36 0.0946148 0.180644 0.203922
4.37 0.102966 0.176851 0.204641
4.38 0.110927 0.172557 0.205136
4.39 0.11848 0.167779 0.205395
4.4 0.125609 0.162533 0.205413
4.41 0.132298 0.156837 0.205185
4.42 0.138535 0.150712 0.20471
4.43 0.144308 0.144178 0.20399
4.44 0.149606 0.137257 0.203031
4.45 0.154421 0.129972 0.201838
4.46 0.158746 0.122346 0.200422
4.47 0.162575 0.114406 0.198795
4.48 0.165904 0.106176 0.196971
4.49 0.16873 0.0976834 0.194966
4.5 0.171053 0.0889545 0.1928
4.51 0.172872 0.0800169 0.190493
4.52 0.174191 0.0708988 0.188066
4.53 0.175011 0.0616283 0.185545
4.54 0.175338 0.0522342 0.182954
4.55 0.175179 0.042745 0.180318
4.56 0.174539 0.0331896 0.177666
4.57 0.173428 0.0235968 0.175025
4.58 0.171855 0.0139952 0.172424
4.59 0.169831 0.00441334 0.169888
4.6 0.167369 -0.00512065 0.167447
4.61 0.16448 -0.014579 0.165125
4.62 0.16118 -0.0239343 0.162947
4.63 0.157483 -0.0331598 0.160936
4.64 0.153404 -0.0422294 0.15911
4.65 0.14896 -0.0511175 0.157487
4.66 0.144169 -0.0597994 0.156079
4.67 0.139047 -0.0682514 0.154895
4.68 0.133614 -0.0764503 0.15394
4.69 0.127889 -0.0843743 0.153214
4.7 0.12189 -0.0920023 0.152714
4.71 0.115638 -0.0993144 0.152432
4.72 0.109153 -0.106292 0.152356
4.73 0.102455 -0.112917 0.152471
4.74 0.095565 -0.119174 0.152758
4.75 0.0885035 -0.125046 0.153197
4.76 0.0812914 -0.130522 0.153767
4.77 0.0739495 -0.135587 0.154442
4.78 0.0664988 -0.140231 0.155199
4.79 0.0589599 -0.144443 0.156013
4.8 0.0513535 -0.148216 0.15686
4.81 0.0436999 -0.151542 0.157717
4.82 0.0360194 -0.154416 0.158561
4.83 0.0283319 -0.156833 0.159371
4.84 0.0206568 -0.15879 0.160128
4.85 0.0130133 -0.160286 0.160813
4.86 0.00542046 -0.16132 0.161411
4.87 -0.00210381 -0.161893 0.161907
4.88 -0.00954143 -0.162009 0.16229
4.89 -0.0168752 -0.16167 0.162549
4.9 -0.0240884 -0.160883 0.162676
4.91 -0.0311648 -0.159652 0.162665
4.92 -0.0380888 -0.157985 0.162512
4.93 -0.0448456 -0.155891 0.162213
4.94 -0.0514209 -0.15338 0.16177
4.95 -0.0578009 -0.150463 0.161183
4.96 -0.0639729 -0.147151 0.160455
4.97 -0.0699246 -0.143457 0.159591
4.98 -0.0756444 -0.139395 0.158597
4.99 -0.0811216 -0.134979 0.15748
5 -0.0863463 -0.130226 0.156251
5.01 -0.0913088 -0.12515 0.154919
5.02 -0.0960007 -0.11977 0.153496
5.03 -0.100414 -0.114103 0.151995
5.04 -0.104542 -0.108167 0.15043
5.05 -0.108378 -0.10198 0.148814
5.06 -0.111916 -0.0955623 0.147165
5.07 -0.115152 -0.0889331 0.145496
5.08 -0.118081 -0.0821124 0.143825
5.09 -0.1207 -0.0751205 0.142168
5.1 -0.123006 -0.0679778 0.14054
5.11 -0.124997 -0.060705 0.138958
5.12 -0.126672 -0.053323 0.137438
5.13 -0.12803 -0.0458524 0.135993
5.14 -0.12907 -0.0383142 0.134637
5.15 -0.129794 -0.0307291 0.133382
5.16 -0.130203 -0.0231179 0.13224
5.17 -0.130299 -0.0155009 0.131217
5.18 -0.130083 -0.00789847 0.130323
5.19 -0.12956 -0.000330565 0.129561
5.2 -0.128733 0.00718294 0.128933
5.21 -0.127606 0.0146231 0.128441
5.22 -0.126184 0.0219705 0.128083
5.23 -0.124473 0.0292071 0.127853
5.24 -0.122477 0.0363147 0.127748
5.25 -0.120204 0.0432759 0.127757
5.26 -0.117661 0.0500739 0.127873
5.27 -0.114854 0.0566922 0.128084
5.28 -0.111791 0.0631154 0.128378
5.29 -0.108482 0.0693283 0.128743
5.3 -0.104933 0.0753167 0.129165
5.31 -0.101155 0.081067 0.129631
5.32 -0.097156 0.0865662 0.130127
5.33 -0.0929468 0.0918025 0.13064
5.34 -0.0885372 0.0967643 0.131157
5.35 -0.0839376 0.101441 0.131665
5.36 -0.0791588 0.105823 0.132154
5.37 -0.074212 0.109902 0.132611
5.38 -0.0691086 0.113668 0.133028
5.39 -0.06386 0.117116 0.133395
5.4 -0.0584784 0.120238 0.133705
5.41 -0.0529758 0.123029 0.13395
5.42 -0.0473646 0.125485 0.134126
5.43 -0.0416573 0.1276 0.134228
5.44 -0.0358668 0.129373 0.134253
5.45 -0.0300057 0.130801 0.134199
5.46 -0.0240874 0.131883 0.134065
5.47 -0.0181248 0.132618 0.13385
5.48 -0.0121314 0.133006 0.133558
5.49 -0.0061203 0.133048 0.133189
5.5 -0.000105236 0.132747 0.132747
5.51 0.00590061 0.132104 0.132236
5.52 0.0118835 0.131124 0.131662
5.53 0.0178301 0.129811 0.13103
5.54 0.0237269 0.128169 0.130347
5.55 0.0295605 0.126204 0.12962
5.56 0.0353174 0.123923 0.128857
5.57 0.0409846 0.121333 0.128068
5.58 0.0465487 0.118441 0.127259
5.59 0.051997 0.115255 0.126441
5.6 0.0573164 0.111786 0.125623
5.61 0.0624943 0.108042 0.124814
5.62 0.0675185 0.104034 0.124023
5.63 0.0723768 0.0997722 0.123259
5.64 0.0770571 0.0952686 0.122531
5.65 0.0815481 0.0905348 0.121847
5.66 0.0858385 0.0855832 0.121214
5.67 0.0899174 0.0804265 0.120638
5.68 0.0937743 0.0750782 0.120126
5.69 0.0973993 0.0695517 0.119683
5.7 0.100783 0.0638614 0.119312
5.71 0.103915 0.0580215 0.119016
5.72 0.106788 0.0520468 0.118797
5.73 0.109394 0.0459524 0.118654
5.74 0.111725 0.0397536 0.118586
5.75 0.113773 0.0334658 0.118593
5.76 0.115534 0.0271051 0.118671
5.77 0.117 0.020687 0.118815
5.78 0.118167 0.014228 0.119021
5.79 0.119031 0.00774402 0.119283
5.8 0.119588 0.0012515 0.119594
5.81 0.119834 -0.00523344 0.119948
5.82 0.119768 -0.0116943 0.120338
5.83 0.119389 -0.0181149 0.120755
5.84 0.118695 -0.024479 0.121193
5.85 0.117686 -0.0307705 0.121643
5.86 0.116365 -0.0369732 0.122097
5.87 0.114731 -0.0430715 0.12255
5.88 0.112789 -0.0490496 0.122993
5.89 0.110541 -0.0548923 0.12342
5.9 0.107991 -0.0605842 0.123825
5.91 0.105145 -0.0661108 0.124202
5.92 0.102009 -0.0714574 0.124547
5.93 0.0985887 -0.07661 0.124855
5.94 0.0948924 -0.0815549 0.125123
5.95 0.090928 -0.086279 0.125347
5.96 0.0867051 -0.0907695 0.125526
5.97 0.0822335 -0.0950142 0.125658
5.98 0.077524 -0.0990014 0.125743
5.99 0.0725881 -0.10272 0.125779
6 0.067438 -0.10616 0.125769
6.01 0.0620868 -0.109311 0.125713
6.02 0.0565482 -0.112165 0.125613
6.03 0.0508364 -0.114712 0.125472
6.04 0.0449664 -0.116945 0.125293
6.05 0.0389537 -0.118858 0.125079
6.06 0.0328146 -0.120445 0.124835
6.07 0.0265655 -0.121699 0.124565
6.08 0.0202237 -0.122617 0.124274
6.09 0.0138065 -0.123195 0.123966
6.1 0.0073321 -0.123431 0.123648
6.11 0.000818447 -0.123322 0.123325
6.12 -0.00571564 -0.122869 0.123002
6.13 -0.0122516 -0.12207 0.122684
6.14 -0.0187704 -0.120928 0.122376
6.15 -0.0252531 -0.119444 0.122084
6.16 -0.0316804 -0.11762 0.121812
6.17 -0.0380332 -0.115462 0.121565
6.18 -0.0442925 -0.112973 0.121346
6.19 -0.0504393 -0.11016 0.121158
6.2 -0.0564547 -0.107029 0.121006
6.21 -0.0623204 -0.103588 0.12089
6.22 -0.0680177 -0.0998463 0.120813
6.23 -0.0735292 -0.0958122 0.120775
6.24 -0.078837 -0.0914968 0.120776
6.25 -0.0839243 -0.0869113 0.120817
6.26 -0.0887745 -0.0820678 0.120897
6.27 -0.0933719 -0.0769795 0.121013
6.28 -0.0977011 -0.0716601 0.121164
6.29 -0.101748 -0.066124 0.121347
6.3 -0.105498 -0.0603869 0.121558
6.31 -0.108939 -0.0544645 0.121795
6.32 -0.112058 -0.0483736 0.122054
6.33 -0.114845 -0.0421315 0.12233
6.34 -0.11729 -0.0357562 0.122619
6.35 -0.119382 -0.0292658 0.122917
6.36 -0.121115 -0.0226795 0.12322
6.37 -0.12248 -0.0160163 0.123523
6.38 -0.123473 -0.00929624 0.123822
6.39 -0.124087 -0.00253891 0.124113
6.4 -0.124321 0.00423517 0.124393
6.41 -0.124171 0.0110058 0.124657
6.42 -0.123635 0.0177522 0.124903
6.43 -0.122715 0.024454 0.125128
6.44 -0.121412 0.0310904 0.125329
6.45 -0.119727 0.0376409 0.125504
6.46 -0.117665 0.0440848 0.125652
6.47 -0.115231 0.0504024 0.125772
6.48 -0.112431 0.0565732 0.125862
6.49 -0.109272 0.0625778 0.125922
6.5 -0.105764 0.0683968 0.125953
6.51 -0.101916 0.0740115 0.125954
6.52 -0.0977392 0.0794036 0.125928
6.53 -0.0932463 0.0845554 0.125875
6.54 -0.0884504 0.0894499 0.125796
6.55 -0.083366 0.0940707 0.125695
6.56 -0.0780086 0.0984023 0.125572
6.57 -0.0723946 0.10243 0.125431
6.58 -0.0665417 0.10614 0.125274
6.59 -0.0604678 0.109519 0.125103
6.6 -0.0541924 0.112556 0.124923
6.61 -0.0477352 0.11524 0.124735
6.62 -0.041117 0.11756 0.124543
6.63 -0.0343589 0.119509 0.12435
6.64 -0.0274832 0.121079 0.124159
6.65 -0.0205116 0.122263 0.123972
6.66 -0.0134674 0.123057 0.123792
6.67 -0.00637351 0.123457 0.123622
6.68 0.000746517 0.12346 0.123463
6.69 0.00786915 0.123066 0.123317
6.7 0.0149706 0.122274 0.123187
6.71 0.0220273 0.121086 0.123073
6.72 0.0290152 0.119505 0.122977
6.73 0.035911 0.117534 0.122898
6.74 0.0426912 0.11518 0.122838
6.75 0.0493329 0.11245 0.122795
6.76 0.0558131 0.10935 0.12277
6.77 0.0621101 0.105891 0.122763
6.78 0.0682018 0.102084 0.12277
6.79 0.0740674 0.0979396 0.122793
6.8 0.0796864 0.0934716 0.122829
6.81 0.0850395 0.0886942 0.122875
6.82 0.0901077 0.0836227 0.122932
6.83 0.0948736 0.0782734 0.122995
6.84 0.0993201 0.072664 0.123063
6.85 0.103432 0.0668128 0.123134
6.86 0.107194 0.060739 0.123206
6.87 0.110593 0.0544629 0.123276
6.88 0.113617 0.0480054 0.123342
6.89 0.116254 0.0413882 0.123402
6.9 0.118497 0.0346335 0.123454
6.91 0.120335 0.0277641 0.123496
6.92 0.121762 0.0208035 0.123527
6.93 0.122774 0.0137752 0.123544
6.94 0.123365 0.00670337 0.123547
6.95 0.123534 -0.000387858 0.123535
6.96 0.12328 -0.00747396 0.123506
6.97 0.122602 -0.0145306 0.12346
6.98 0.121504 -0.0215331 0.123397
6.99 0.119988 -0.0284576 0.123317
7 0.11806 -0.0352794 0.123219
7.01 0.115726 -0.0419753 0.123104
7.02 0.112995 -0.0485214 0.122972
7.03 0.109875 -0.0548951 0.122825
7.04 0.106377 -0.0610737 0.122662
7.05 0.102514 -0.0670356 0.122486
7.06 0.0982985 -0.0727597 0.122297
7.07 0.0937463 -0.078226 0.122097
7.08 0.088873 -0.0834146 0.121887
7.09 0.0836959 -0.0883077 0.121669
7.1 0.0782333 -0.0928875 0.121444
7.11 0.0725046 -0.0971379 0.121213
7.12 0.0665303 -0.101044 0.12098
7.13 0.0603316 -0.104591 0.120744
7.14 0.0539306 -0.107767 0.120508
7.15 0.0473504 -0.11056 0.120273
7.16 0.0406145 -0.112961 0.120041
7.17 0.0337469 -0.114961 0.119812
7.18 0.0267727 -0.116553 0.119588
7.19 0.0197166 -0.117731 0.11937
7.2 0.0126043 -0.11849 0.119159
7.21 0.00546124 -0.118829 0.118955
7.22 -0.00168675 -0.118747 0.118759
7.23 -0.00881381 -0.118243 0.118571
7.24 -0.0158941 -0.11732 0.118391
7.25 -0.0229023 -0.11598 0.11822
7.26 -0.0298127 -0.11423 0.118057
7.27 -0.0366006 -0.112076 0.117901
7.28 -0.0432412 -0.109526 0.117753
7.29 -0.0497108 -0.106589 0.117611
7.3 -0.0559856 -0.103276 0.117475
7.31 -0.0620433 -0.0996003 0.117344
7.32 -0.0678616 -0.0955746 0.117216
7.33 -0.07342 -0.0912141 0.117092
7.34 -0.0786979 -0.0865352 0.116969
7.35 -0.0836768 -0.0815552 0.116846
7.36 -0.0883384 -0.0762928 0.116723
7.37 -0.0926664 -0.0707675 0.116598
7.38 -0.096645 -0.0649998 0.11647
7.39 -0.10026 -0.0590114 0.116338
7.4 -0.103499 -0.0528243 0.1162
7.41 -0.106351 -0.0464619 0.116057
7.42 -0.108804 -0.0399478 0.115906
7.43 -0.110852 -0.0333061 0.115748
7.44 -0.112487 -0.0265618 0.115581
7.45 -0.113704 -0.0197399 0.115405
7.46 -0.114499 -0.0128658 0.11522
7.47 -0.11487 -0.00596504 0.115025
7.48 -0.114816 0.000936509 0.11482
7.49 -0.114338 0.0078133 0.114605
7.5 -0.113439 0.0146397 0.11438
7.51 -0.112123 0.0213904 0.114145
7.52 -0.110396 0.0280402 0.113901
7.53 -0.108265 0.0345646 0.113649
7.54 -0.105739 0.0409393 0.113388
7.55 -0.102829 0.0471407 0.113119
7.56 -0.0995453 0.053146 0.112844
7.57 -0.0959024 0.0589328 0.112563
7.58 -0.0919142 0.0644801 0.112276
7.59 -0.087597 0.0697675 0.111985
7.6 -0.0829674 0.0747753 0.111691
7.61 -0.078044 0.0794857 0.111395
7.62 -0.072846 0.0838812 0.111097
7.63 -0.0673938 0.0879461 0.110799
7.64 -0.0617087 0.0916657 0.110501
7.65 -0.055813 0.0950269 0.110205
7.66 -0.0497295 0.0980177 0.109911
7.67 -0.043482 0.100628 0.10962
7.68 -0.0370946 0.102848 0.109333
7.69 -0.0305921 0.104671 0.10905
7.7 -0.0239996 0.106091 0.108771
7.71 -0.0173425 0.107103 0.108498
7.72 -0.0106465 0.107705 0.10823
7.73 -0.00393742 0.107896 0.107968
7.74 0.00275918 0.107675 0.107711
7.75 0.00941745 0.107046 0.10746
7.76 0.016012 0.106011 0.107214
7.77 0.0225179 0.104576 0.106973
7.78 0.02891 0.102747 0.106737
7.79 0.0351644 0.100533 0.106506
7.8 0.0412571 0.0979434 0.106278
7.81 0.0471653 0.0949889 0.106054
7.82 0.0528666 0.0916823 0.105833
7.83 0.0583398 0.0880376 0.105613
7.84 0.0635643 0.0840696 0.105395
7.85 0.0685208 0.0797951 0.105178
7.86 0.0731908 0.0752313 0.10496
7.87 0.0775574 0.0703971 0.104742
7.88 0.0816043 0.0653119 0.104522
7.89 0.0853172 0.0599966 0.104301
7.9 0.0886825 0.0544723 0.104076
7.91 0.0916885 0.0487615 0.103848
7.92 0.0943246 0.0428868 0.103617
7.93 0.0965819 0.036872 0.103381
7.94 0.0984527 0.0307408 0.10314
7.95 0.0999315 0.0245177 0.102895
7.96 0.101013 0.0182274 0.102645
7.97 0.101696 0.0118947 0.102389
7.98 0.101978 0.00554466 0.102129
7.99 0.10186 -0.000797874 0.101863
8 0.101343 -0.00710789 0.101592
8.01 0.100431 -0.0133609 0.101316
8.02 0.09913 -0.0195321 0.101036
8.03 0.0974456 -0.0255981 0.100752
8.04 0.0953862 -0.0315348 0.100464
8.05 0.0929613 -0.0373196 0.100173
8.06 0.0901819 -0.04293 0.0998788
8.07 0.0870605 -0.0483448 0.0995829
8.08 0.0836107 -0.0535429 0.0992854
8.09 0.0798475 -0.0585049 0.0989871
8.1 0.0757868 -0.0632119 0.0986883
8.11 0.0714464 -0.0676463 0.0983901
8.12 0.0668442 -0.0717912 0.0980924
8.13 0.0619998 -0.0756318 0.0977965
8.14 0.0569333 -0.0791536 0.0975023
8.15 0.051666 -0.0823441 0.0972107
8.16 0.0462195 -0.0851917 0.096922
8.17 0.0406163 -0.0876866 0.0966365
8.18 0.0348795 -0.08982 0.0963546
8.19 0.0290325 -0.0915851 0.0960766
8.2 0.0230992 -0.0929761 0.0958025
8.21 0.0171036 -0.0939892 0.0955327
8.22 0.01107 -0.0946216 0.0952669
8.23 0.00502287 -0.0948725 0.0950054
8.24 -0.00101364 -0.0947424 0.0947478
8.25 -0.00701522 -0.0942334 0.0944942
8.26 -0.0129581 -0.0933491 0.0942442
8.27 -0.0188183 -0.0920947 0.0939977
8.28 -0.0245729 -0.0904765 0.0937541
8.29 -0.0301991 -0.088503 0.0935135
8.3 -0.0356747 -0.0861832 0.093275
8.31 -0.0409784 -0.0835283 0.0930387
8.32 -0.0460894 -0.08055 0.0928037
8.33 -0.050988 -0.077262 0.0925699
8.34 -0.0556553 -0.0736789 0.0923368
8.35 -0.0600734 -0.0698164 0.092104
8.36 -0.0642255 -0.0656912 0.0918708
8.37 -0.0680961 -0.0613214 0.0916373
8.38 -0.0716705 -0.0567256 0.0914027
8.39 -0.0749357 -0.0519235 0.0911669
8.4 -0.0778798 -0.0469353 0.0909296
8.41 -0.0804923 -0.0417824 0.0906905
8.42 -0.0827639 -0.0364862 0.0904494
8.43 -0.084687 -0.0310691 0.0902063
8.44 -0.0862553 -0.0255535 0.0899609
8.45 -0.0874641 -0.0199624 0.0897133
8.46 -0.0883099 -0.0143189 0.0894632
8.47 -0.0887912 -0.00864642 0.0892112
8.48 -0.0889072 -0.00296808 0.0889568
8.49 -0.0886597 0.00269283 0.0887006
8.5 -0.0880508 0.00831317 0.0884423
8.51 -0.0870849 0.0138702 0.0881826
8.52 -0.0857675 0.0193414 0.0879213
8.53 -0.0841059 0.0247047 0.0876591
8.54 -0.0821079 0.0299385 0.0873958
8.55 -0.0797838 0.0350221 0.0871321
8.56 -0.0771442 0.0399351 0.086868
8.57 -0.0742019 0.0446582 0.0866041
8.58 -0.0709698 0.0491727 0.0863404
8.59 -0.067463 0.0534611 0.0860776
8.6 -0.0636969 0.0575066 0.0858156
8.61 -0.0596885 0.0612938 0.0855549
8.62 -0.0554551 0.064808 0.0852956
8.63 -0.0510155 0.0680362 0.0850383
8.64 -0.0463887 0.0709661 0.0847827
8.65 -0.0415951 0.0735873 0.0845295
8.66 -0.0366548 0.0758898 0.0842783
8.67 -0.0315892 0.0778662 0.0840299
8.68 -0.0264198 0.0795093 0.0837838
8.69 -0.0211684 0.080814 0.0835404
8.7 -0.0158573 0.0817764 0.0832997
8.71 -0.0105087 0.0823943 0.0830617
8.72 -0.005145 0.0826662 0.0828262
8.73 0.000211459 0.0825932 0.0825935
8.74 0.00553845 0.0821766 0.082363
8.75 0.0108139 0.0814202 0.0821351
8.76 0.0160162 0.0803283 0.0819094
8.77 0.0211241 0.0789073 0.0816859
8.78 0.0261165 0.0771644 0.0814642
8.79 0.0309733 0.0751086 0.0812444
8.8 0.0356747 0.0727497 0.081026
8.81 0.0402021 0.0700992 0.0808091
8.82 0.0445371 0.0671692 0.0805931
8.83 0.0486627 0.0639736 0.0803784
8.84 0.0525623 0.0605267 0.0801641
8.85 0.0562211 0.0568443 0.0799505
8.86 0.0596244 0.0529427 0.0797371
8.87 0.0627594 0.0488395 0.0795238
8.88 0.065614 0.0445527 0.0793104
8.89 0.0681779 0.0401012 0.079097
8.9 0.0704411 0.0355044 0.0788829
8.91 0.072396 0.0307824 0.0786685
8.92 0.0740354 0.0259554 0.0784533
8.93 0.0753541 0.0210445 0.0782376
8.94 0.0763479 0.0160705 0.078021
8.95 0.0770143 0.0110548 0.0778037
8.96 0.0773517 0.00601856 0.0775855
8.97 0.0773604 0.000983338 0.0773667
8.98 0.0770417 -0.00402978 0.077147
8.99 0.0763986 -0.0089997 0.0769269
9 0.0754351 -0.0139056 0.076706
9.01 0.074157 -0.0187271 0.076485
9.02 0.0725707 -0.0234441 0.0762636
9.03 0.0706848 -0.0280372 0.0760422
9.04 0.0685083 -0.0324875 0.075821
9.05 0.0660518 -0.0367767 0.0756001
9.06 0.063327 -0.0408875 0.0753797
9.07 0.0603467 -0.0448032 0.0751602
9.08 0.0571245 -0.0485081 0.0749416
9.09 0.0536756 -0.0519873 0.0747245
9.1 0.0500151 -0.0552272 0.0745088
9.11 0.0461599 -0.0582151 0.0742949
9.12 0.0421269 -0.0609393 0.0740829
9.13 0.0379345 -0.0633895 0.0738732
9.14 0.0336008 -0.0655563 0.0736657
9.15 0.0291452 -0.067432 0.073461
9.16 0.024587 -0.0690097 0.0732589
9.17 0.0199463 -0.0702842 0.0730598
9.18 0.015243 -0.0712511 0.0728634
9.19 0.0104976 -0.071908 0.0726702
9.2 0.00573052 -0.0722532 0.0724801
9.21 0.000962178 -0.0722867 0.0722931
9.22 -0.00378704 -0.0720096 0.0721091
9.23 -0.00849685 -0.0714247 0.0719283
9.24 -0.0131474 -0.0705355 0.0717503
9.25 -0.0177189 -0.0693475 0.0715754
9.26 -0.0221922 -0.0678667 0.0714029
9.27 -0.0265485 -0.0661011 0.0712333
9.28 -0.0307696 -0.0640592 0.0710658
9.29 -0.0348381 -0.0617511 0.0709006
9.3 -0.0387371 -0.0591877 0.0707372
9.31 -0.0424506 -0.0563814 0.0705756
9.32 -0.0459633 -0.0533448 0.0704152
9.33 -0.0492612 -0.0500925 0.0702561
9.34 -0.0523307 -0.0466389 0.0700977
9.35 -0.0551599 -0.043 0.0699401
9.36 -0.0577372 -0.0391921 0.0697825
9.37 -0.0600529 -0.0352323 0.0696252
9.38 -0.0620978 -0.0311384 0.0694675
9.39 -0.0638644 -0.0269285 0.0693095
9.4 -0.065346 -0.0226212 0.0691507
9.41 -0.0665376 -0.0182356 0.0689913
9.42 -0.067435 -0.0137908 0.0688307
9.43 -0.0680357 -0.00930635 0.0686692
9.44 -0.0683379 -0.00480162 0.0685064
9.45 -0.0683419 -0.000296306 0.0683426
9.46 -0.0680486 0.0041902 0.0681775
9.47 -0.0674606 0.00863856 0.0680114
9.48 -0.0665812 0.0130297 0.0678441
9.49 -0.0654159 0.0173449 0.0676763
9.5 -0.0639703 0.0215656 0.0675075
9.51 -0.0622521 0.0256741 0.0673386
9.52 -0.0602695 0.0296529 0.0671692
9.53 -0.0580323 0.0334854 0.0670002
9.54 -0.055551 0.0371553 0.0668314
9.55 -0.0528375 0.0406477 0.0666636
9.56 -0.0499042 0.0439478 0.0664969
9.57 -0.0467647 0.0470421 0.0663318
9.58 -0.0434335 0.0499179 0.0661685
9.59 -0.0399257 0.0525637 0.0660076
9.6 -0.0362571 0.0549686 0.0658492
9.61 -0.0324445 0.0571233 0.0656941
9.62 -0.0285047 0.0590189 0.065542
9.63 -0.0244555 0.0606487 0.0653937
9.64 -0.0203149 0.062006 0.0652491
9.65 -0.0161012 0.0630863 0.0651086
9.66 -0.0118331 0.0638855 0.0649721
9.67 -0.00752932 0.0644015 0.0648401
9.68 -0.0032088 0.0646325 0.0647121
9.69 0.00110955 0.064579 0.0645885
9.7 0.00540684 0.0642417 0.0644689
9.71 0.00966446 0.0636235 0.0643534
9.72 0.0138639 0.0627277 0.0642415
9.73 0.0179869 0.0615593 0.0641333
9.74 0.0220158 0.0601241 0.0640282
9.75 0.0259333 0.0584295 0.063926
9.76 0.0297226 0.0564833 0.0638263
9.77 0.0333673 0.0542953 0.0637288
9.78 0.0368522 0.0518753 0.0636328
9.79 0.0401624 0.0492351 0.0635383
9.8 0.0432838 0.0463865 0.0634444
9.81 0.0462036 0.0433428 0.0633511
9.82 0.0489093 0.0401177 0.0632578
9.83 0.05139 0.0367261 0.0631644
9.84 0.053635 0.033183 0.06307
9.85 0.0556357 0.0295047 0.0629751
9.86 0.0573835 0.0257074 0.0628788
9.87 0.0588719 0.0218082 0.0627814
9.88 0.0600947 0.0178245 0.0626824
9.89 0.0610476 0.0137738 0.0625821
9.9 0.0617268 0.00967409 0.0624803
9.91 0.0621304 0.00554353 0.0623772
9.92 0.0622571 0.00140027 0.0622729
9.93 0.0621073 -0.00273747 0.0621676
9.94 0.061682 -0.00685165 0.0620614
9.95 0.0609843 -0.0109242 0.061955
9.96 0.0600173 -0.0149373 0.0618482
9.97 0.0587866 -0.0188737 0.0617421
9.98 0.0572978 -0.0227161 0.0616365
9.99 0.0555582 -0.026448 0.0615322
10 0.053576 -0.0300531 0.0614295
10.01 0.0513608 -0.0335161 0.0613291
10.02 0.0489223 -0.0368218 0.061231
10.03 0.0462723 -0.0399564 0.0611362
10.04 0.0434225 -0.0429061 0.0610447
10.05 0.0403862 -0.0456588 0.0609571
10.06 0.037177 -0.0482023 0.0608735
10.07 0.0338095 -0.0505262 0.0607945
10.08 0.0302988 -0.0526204 0.06072
10.09 0.0266606 -0.0544765 0.0606505
10.1 0.0229112 -0.0560865 0.0605857
10.11 0.0190675 -0.0574441 0.060526
10.12 0.0151463 -0.0585433 0.0604709
10.13 0.0111654 -0.0593802 0.0604208
10.14 0.00714213 -0.0599511 0.0603751
10.15 0.00309439 -0.0602544 0.0603338
10.16 -0.000959868 -0.0602888 0.0602964
10.17 -0.00500294 -0.0600548 0.0602629
10.18 -0.00901679 -0.0595537 0.0602324
10.19 -0.012984 -0.0587883 0.060205
10.2 -0.0168871 -0.0577619 0.0601798
10.21 -0.020709 -0.0564799 0.0601568
10.22 -0.0244328 -0.0549479 0.0601352
10.23 -0.0280427 -0.0531732 0.0601147
10.24 -0.0315225 -0.0511637 0.0600948
10.25 -0.0348574 -0.0489286 0.0600753
10.26 -0.0380325 -0.046478 0.0600556
10.27 -0.0410345 -0.043823 0.0600357
10.28 -0.0438501 -0.0409752 0.060015
10.29 -0.0464673 -0.0379477 0.0599936
10.3 -0.0488745 -0.0347537 0.0599711
10.31 -0.0510619 -0.0314075 0.0599479
10.32 -0.0530195 -0.0279239 0.0599234
10.33 -0.0547395 -0.0243184 0.0598982
10.34 -0.0562141 -0.0206069 0.0598721
10.35 -0.0574375 -0.0168057 0.0598456
10.36 -0.058404 -0.0129317 0.0598186
10.37 -0.0591103 -0.00900191 0.0597918
10.38 -0.0595528 -0.00503367 0.0597651
10.39 -0.0597303 -0.00104431 0.0597394
10.4 -0.0596419 0.00294841 0.0597147
10.41 -0.0592884 0.00692721 0.0596917
10.42 -0.0586713 0.0108744 0.0596706
10.43 -0.0577938 0.0147729 0.059652
10.44 -0.0566596 0.0186054 0.0596361
10.45 -0.055274 0.0223552 0.0596236
10.46 -0.053643 0.0260059 0.0596144
10.47 -0.0517743 0.0295414 0.0596093
10.48 -0.0496756 0.0329463 0.0596081
10.49 -0.0473568 0.0362057 0.0596114
10.5 -0.0448276 0.0393053 0.059619
10.51 -0.0420995 0.0422316 0.0596312
10.52 -0.0391844 0.0449715 0.0596478
10.53 -0.0360951 0.0475134 0.059669
10.54 -0.0328451 0.0498459 0.0596943
10.55 -0.0294488 0.0519589 0.059724
10.56 -0.0259209 0.0538429 0.0597574
10.57 -0.0222768 0.0554899 0.0597945
10.58 -0.0185326 0.0568925 0.0598349
10.59 -0.0147046 0.0580445 0.0598781
10.6 -0.0108094 0.0589408 0.0599238
10.61 -0.00686418 0.0595774 0.0599716
10.62 -0.00288603 0.0599514 0.0600208
10.63 0.00110764 0.0600613 0.0600715
10.64 0.00509946 0.059906 0.0601226
10.65 0.00907206 0.0594866 0.0601744
10.66 0.013008 0.0588043 0.0602258
10.67 0.0168903 0.0578623 0.0602771
10.68 0.0207017 0.0566644 0.0603275
10.69 0.0244261 0.0552156 0.0603771
10.7 0.0280467 0.0535222 0.0604255
10.71 0.0315483 0.0515913 0.0604728
10.72 0.0349149 0.0494311 0.0605185
10.73 0.0381326 0.047051 0.0605631
10.74 0.0411866 0.044461 0.0606062
10.75 0.044064 0.0416721 0.0606482
10.76 0.0467519 0.0386965 0.0606891
10.77 0.0492389 0.0355468 0.0607292
10.78 0.0515136 0.0322365 0.0607688
10.79 0.0535663 0.0287799 0.0608082
10.8 0.0553877 0.0251918 0.0608475
10.81 0.05697 0.0214876 0.0608876
10.82 0.0583057 0.0176832 0.0609282
10.83 0.0593893 0.013795 0.0609704
10.84 0.0602154 0.00983986 0.061014
10.85 0.0607805 0.00583452 0.0610599
10.86 0.0610817 0.00179666 0.0611081
10.87 0.0611175 -0.0022568 0.0611591
10.88 0.0608874 -0.00630787 0.0612133
10.89 0.0603922 -0.0103395 0.0612709
10.9 0.0596334 -0.0143338 0.0613319
10.91 0.0586143 -0.0182739 0.0613969
10.92 0.0573388 -0.0221424 0.0614657
10.93 0.055812 -0.0259229 0.0615385
10.94 0.0540403 -0.0295986 0.0616152
10.95 0.0520308 -0.0331539 0.0616959
10.96 0.0497918 -0.0365729 0.0617802
10.97 0.0473327 -0.0398411 0.0618684
10.98 0.0446636 -0.0429438 0.0619597
10.99 0.0417957 -0.0458679 0.0620544
11 0.038741 -0.0486001 0.0621517
11.01 0.0355122 -0.0511288 0.0622516
11.02 0.032123 -0.0534423 0.0623536
11.03 0.0285873 -0.0555309 0.0624573
11.04 0.0249205 -0.0573849 0.0625624
11.05 0.0211374 -0.0589961 0.0626684
11.06 0.0172546 -0.0603571 0.062775
11.07 0.0132879 -0.0614619 0.0628819
11.08 0.00925451 -0.0623049 0.0629884
11.09 0.00517116 -0.0628824 0.0630947
11.1 0.00105548 -0.0631913 0.0632001
11.11 -0.00307542 -0.0632298 0.0633045
11.12 -0.0072037 -0.0629973 0.0634078
11.13 -0.011312 -0.0624943 0.0635098
11.14 -0.0153828 -0.0617222 0.0636103
11.15 -0.0193988 -0.0606842 0.0637094
11.16 -0.0233425 -0.0593838 0.0638068
11.17 -0.0271976 -0.0578262 0.0639029
11.18 -0.0309471 -0.0560176 0.0639976
11.19 -0.0345753 -0.0539649 0.0640911
11.2 -0.0380661 -0.0516767 0.0641834
11.21 -0.041405 -0.0491618 0.0642749
11.22 -0.0445773 -0.0464308 0.0643658
11.23 -0.0475693 -0.0434945 0.0644562
11.24 -0.0503679 -0.040365 0.0645466
11.25 -0.0529611 -0.0370553 0.0646372
11.26 -0.0553373 -0.0335788 0.0647282
11.27 -0.0574861 -0.0299498 0.0648201
11.28 -0.059398 -0.0261835 0.064913
11.29 -0.0610644 -0.0222953 0.0650072
11.3 -0.0624777 -0.0183015 0.065103
11.31 -0.0636316 -0.0142184 0.0652008
11.32 -0.0645203 -0.0100634 0.0653004
11.33 -0.0651399 -0.00585333 0.0654024
11.34 -0.0654869 -0.00160626 0.0655066
11.35 -0.0655594 0.0026605 0.0656134
11.36 -0.0653564 0.00692869 0.0657226
11.37 -0.064878 0.0111808 0.0658344
11.38 -0.0641258 0.0153986 0.0659487
11.39 -0.0631021 0.0195646 0.0660655
11.4 -0.0618108 0.0236611 0.0661847
11.41 -0.0602563 0.027671 0.0663062
11.42 -0.0584449 0.031577 0.0664297
11.43 -0.0563831 0.0353629 0.0665552
11.44 -0.0540794 0.0390123 0.0666824
11.45 -0.0515423 0.0425099 0.0668109
11.46 -0.0487823 0.0458406 0.0669408
11.47 -0.0458098 0.0489903 0.0670715
11.48 -0.0426373 0.0519452 0.067203
11.49 -0.0392769 0.0546929 0.0673349
11.5 -0.0357426 0.0572211 0.0674669
11.51 -0.0320482 0.0595191 0.0675989
11.52 -0.0282091 0.0615765 0.0677305
11.53 -0.0242403 0.0633844 0.0678615
11.54 -0.0201587 0.0649347 0.0679919
11.55 -0.0159799 0.0662203 0.0681211
11.56 -0.011722 0.0672352 0.0682494
11.57 -0.00740158 0.0679746 0.0683763
11.58 -0.00303694 0.0684348 0.0685021
11.59 0.00135455 0.068613 0.0686264
11.6 0.00575428 0.0685082 0.0687494
11.61 0.0101447 0.0681197 0.068871
11.62 0.0145071 0.0674488 0.0689913
11.63 0.018824 0.0664972 0.0691102
11.64 0.023077 0.0652686 0.0692281
11.65 0.027249 0.0637668 0.0693449
11.66 0.0313221 0.0619979 0.0694609
11.67 0.0352798 0.0599681 0.0695761
11.68 0.0391051 0.0576854 0.0696909
11.69 0.0427825 0.0551583 0.0698053
11.7 0.0462961 0.0523969 0.0699197
11.71 0.0497795 0.0495791 0.0702573
11.72 0.053229 0.0467076 0.0708162
11.73 0.0566413 0.0437836 0.0715908
11.74 0.0600128 0.0408099 0.072574
11.75 0.0633402 0.0377879 0.0737557
11.76 0.0666201 0.0347202 0.0751248
11.77 0.0698491 0.0316087 0.0766682
11.78 0.0730241 0.0284557 0.0783724
11.79 0.0761417 0.0252631 0.0802234
11.8 0.079199 0.0220335 0.0822068
11.81 0.0821925 0.0187688 0.0843082
11.82 0.0851196 0.0154715 0.0865142
11.83 0.087977 0.0121437 0.0888111
11.84 0.0907618 0.00878777 0.0911863
11.85 0.0934713 0.0054058 0.0936275
11.86 0.0961027 0.00200042 0.0961235
11.87 0.098653 -0.00142638 0.0986633
11.88 0.10112 -0.00487214 0.101237
11.89 0.1035 -0.00833456 0.103836
11.9 0.105793 -0.0118115 0.10645
11.91 0.107993 -0.0153004 0.109072
11.92 0.110101 -0.0187993 0.111694
11.93 0.112113 -0.0223056 0.11431
11.94 0.114026 -0.0258172 0.116912
11.95 0.11584 -0.0293319 0.119496
11.96 0.117551 -0.0328473 0.122054
11.97 0.119159 -0.0363613 0.124583
11.98 0.12066 -0.0398718 0.127077
11.99 0.122054 -0.0433764 0.129532
12 0.123338 -0.0468731 0.131944
12.01 0.124511 -0.0503598 0.134309
12.02 0.125571 -0.0538343 0.136624
12.03 0.126517 -0.0572946 0.138886
12.04 0.127348 -0.0607387 0.141091
12.05 0.128062 -0.0641645 0.143237
12.06 0.128658 -0.0675703 0.145322
12.07 0.129135 -0.0709537 0.147344
12.08 0.129493 -0.0743133 0.149301
12.09 0.129729 -0.077647 0.151191
12.1 0.129844 -0.0809531 0.153012
12.11 0.129836 -0.0842298 0.154765
12.12 0.129705 -0.0874754 0.156446
12.13 0.129451 -0.0906882 0.158057
12.14 0.129073 -0.0938668 0.159596
12.15 0.128571 -0.0970092 0.161063
12.16 0.127944 -0.100114 0.162458
12.17 0.127193 -0.10318 0.163781
12.18 0.126316 -0.106206 0.165032
12.19 0.125315 -0.10919 0.166212
12.2 0.124189 -0.112131 0.167321
12.21 0.122939 -0.115028 0.168361
12.22 0.121565 -0.117879 0.169333
12.23 0.120068 -0.120684 0.170238
12.24 0.118446 -0.123441 0.171077
12.25 0.116703 -0.126149 0.171852
12.26 0.114837 -0.128808 0.172566
12.27 0.11285 -0.131416 0.173221
12.28 0.110743 -0.133972 0.173818
12.29 0.108517 -0.136477 0.174361
12.3 0.106172 -0.138928 0.174853
12.31 0.103709 -0.141326 0.175296
12.32 0.101131 -0.143669 0.175694
12.33 0.0984374 -0.145958 0.17605
12.34 0.0956304 -0.148191 0.176368
12.35 0.0927113 -0.150368 0.176652
12.36 0.0896817 -0.152489 0.176906
12.37 0.0865429 -0.154554 0.177134
12.38 0.0832969 -0.156561 0.177341
12.39 0.0799451 -0.158512 0.177531
12.4 0.0764896 -0.160406 0.17771
12.41 0.0729319 -0.162242 0.177881
12.42 0.0692745 -0.164021 0.17805
12.43 0.0655189 -0.165743 0.178223
12.44 0.0616676 -0.167407 0.178404
12.45 0.0577222 -0.169015 0.1786
12.46 0.0536857 -0.170565 0.178814
12.47 0.0495596 -0.172058 0.179054
12.48 0.0453468 -0.173495 0.179324
12.49 0.0410494 -0.174876 0.179629
12.5 0.0366701 -0.176201 0.179976
12.51 0.0322111 -0.17747 0.180369
12.52 0.0276754 -0.178684 0.180815
12.53 0.0230651 -0.179844 0.181317
12.54 0.0183833 -0.180949 0.181881
12.55 0.0136324 -0.182001 0.182511
12.56 0.00881548 -0.183001 0.183213
12.57 0.00393493 -0.183947 0.183989
12.58 -0.0010059 -0.184843 0.184845
12.59 -0.00600466 -0.185687 0.185784
12.6 -0.011058 -0.186481 0.186809
12.61 -0.0161632 -0.187226 0.187922
12.62 -0.0213173 -0.187922 0.189128
12.63 -0.0265172 -0.188571 0.190426
12.64 -0.0317599 -0.189172 0.19182
12.65 -0.0370423 -0.189728 0.19331
12.66 -0.0423615 -0.190238 0.194898
12.67 -0.0477141 -0.190705 0.196583
12.68 -0.0530972 -0.191128 0.198366
12.69 -0.0585076 -0.191509 0.200246
12.7 -0.0639422 -0.191848 0.202223
12.71 -0.0693978 -0.192147 0.204296
12.72 -0.0748714 -0.192408 0.206462
12.73 -0.0803595 -0.192629 0.208719
12.74 -0.0858593 -0.192814 0.211067
12.75 -0.0913672 -0.192963 0.213501
12.76 -0.0968806 -0.193077 0.21602
12.77 -0.102396 -0.193157 0.218619
12.78 -0.10791 -0.193204 0.221297
12.79 -0.11342 -0.19322 0.224049
12.8 -0.118922 -0.193205 0.226871
12.81 -0.124413 -0.19316 0.22976
12.82 -0.129891 -0.193087 0.232711
12.83 -0.135352 -0.192987 0.235721
12.84 -0.140794 -0.192861 0.238785
12.85 -0.146212 -0.19271 0.241899
12.86 -0.151604 -0.192535 0.245058
12.87 -0.156966 -0.192337 0.248258
12.88 -0.162297 -0.192118 0.251495
12.89 -0.167593 -0.191878 0.254764
12.9 -0.17285 -0.191618 0.25806
12.91 -0.178067 -0.191341 0.261379
12.92 -0.183239 -0.191046 0.264717
12.93 -0.188365 -0.190734 0.268069
12.94 -0.193441 -0.190408 0.271431
12.95 -0.198465 -0.190067 0.274798
12.96 -0.203434 -0.189713 0.278166
12.97 -0.208345 -0.189347 0.281531
12.98 -0.213195 -0.18897 0.284889
12.99 -0.217982 -0.188583 0.288235
13 -0.222703 -0.188186 0.291566
13.01 -0.227356 -0.187781 0.294877
13.02 -0.231938 -0.187369 0.298165
13.03 -0.236446 -0.186951 0.301425
13.04 -0.240879 -0.186526 0.304655
13.05 -0.245233 -0.186097 0.30785
13.06 -0.249507 -0.185664 0.311007
13.07 -0.253699 -0.185228 0.314122
13.08 -0.257805 -0.18479 0.317191
13.09 -0.261824 -0.18435 0.320213
13.1 -0.265753 -0.183909 0.323183
13.11 -0.269592 -0.183467 0.326098
13.12 -0.273336 -0.183027 0.328955
13.13 -0.276986 -0.182587 0.331752
13.14 -0.280538 -0.182149 0.334484
13.15 -0.283991 -0.181713 0.33715
13.16 -0.287343 -0.18128 0.339747
13.17 -0.290592 -0.18085 0.342273
13.18 -0.293737 -0.180424 0.344724
13.19 -0.296776 -0.180003 0.347098
13.2 -0.299707 -0.179586 0.349393
13.21 -0.302529 -0.179173 0.351606
13.22 -0.30524 -0.178767 0.353736
13.23 -0.30784 -0.178366 0.35578
13.24 -0.310326 -0.177971 0.357737
13.25 -0.312697 -0.177582 0.359604
13.26 -0.314953 -0.177199 0.361379
13.27 -0.317092 -0.176823 0.363061
13.28 -0.319113 -0.176454 0.364649
13.29 -0.321014 -0.176091 0.36614
13.3 -0.322796 -0.175736 0.367533
13.31 -0.324457 -0.175387 0.368826
13.32 -0.325996 -0.175045 0.370019
13.33 -0.327412 -0.174711 0.37111
13.34 -0.328706 -0.174383 0.372098
13.35 -0.329875 -0.174062 0.372981
13.36 -0.33092 -0.173748 0.37376
13.37 -0.33184 -0.17344 0.374432
13.38 -0.332634 -0.173139 0.374997
13.39 -0.333303 -0.172844 0.375454
13.4 -0.333846 -0.172555 0.375803
13.41 -0.334262 -0.172272 0.376043
13.42 -0.334551 -0.171994 0.376173
13.43 -0.334714 -0.171721 0.376193
13.44 -0.33475 -0.171454 0.376103
13.45 -0.334658 -0.171191 0.375902
13.46 -0.334441 -0.170932 0.37559
13.47 -0.334096 -0.170677 0.375167
13.48 -0.333624 -0.170425 0.374633
13.49 -0.333027 -0.170176 0.373988
13.5 -0.332303 -0.16993 0.373231
13.51 -0.331453 -0.169685 0.372363
13.52 -0.330478 -0.169443 0.371385
13.53 -0.329378 -0.169201 0.370296
13.54 -0.328154 -0.16896 0.369097
13.55 -0.326806 -0.168719 0.367788
13.56 -0.325334 -0.168477 0.36637
13.57 -0.32374 -0.168234 0.364843
13.58 -0.322024 -0.16799 0.363208
13.59 -0.320186 -0.167743 0.361465
13.6 -0.318229 -0.167494 0.359616
13.61 -0.316152 -0.167241 0.357661
13.62 -0.313956 -0.166985 0.355601
13.63 -0.311643 -0.166724 0.353437
13.64 -0.309213 -0.166458 0.35117
13.65 -0.306667 -0.166186 0.348801
13.66 -0.304007 -0.165907 0.346332
13.67 -0.301234 -0.165622 0.343762
13.68 -0.298348 -0.165329 0.341095
13.69 -0.295352 -0.165028 0.33833
13.7 -0.292246 -0.164719 0.33547
13.71 -0.289031 -0.1644 0.332515
13.72 -0.28571 -0.164071 0.329468
13.73 -0.282282 -0.163731 0.32633
13.74 -0.278751 -0.16338 0.323102
13.75 -0.275116 -0.163017 0.319787
13.76 -0.27138 -0.162642 0.316385
13.77 -0.267544 -0.162254 0.3129
13.78 -0.26361 -0.161853 0.309332
13.79 -0.259579 -0.161437 0.305684
13.8 -0.255452 -0.161007 0.301959
13.81 -0.251232 -0.160562 0.298157
13.82 -0.246919 -0.160101 0.294281
13.83 -0.242516 -0.159623 0.290334
13.84 -0.238025 -0.159129 0.286318
13.85 -0.233446 -0.158617 0.282235
13.86 -0.228782 -0.158088 0.278088
13.87 -0.224034 -0.157541 0.27388
13.88 -0.219204 -0.156974 0.269614
13.89 -0.214294 -0.156389 0.265291
13.9 -0.209306 -0.155783 0.260916
13.91 -0.20424 -0.155158 0.256492
13.92 -0.1991 -0.154511 0.252021
13.93 -0.193887 -0.153844 0.247508
13.94 -0.188603 -0.153155 0.242956
13.95 -0.183248 -0.152445 0.238368
13.96 -0.177827 -0.151711 0.233749
13.97 -0.172339 -0.150956 0.229104
13.98 -0.166788 -0.150177 0.224435
13.99 -0.161174 -0.149374 0.219749
14 -0.1555 -0.148548 0.215051
14.01 -0.149768 -0.147698 0.210345
14.02 -0.143979 -0.146822 0.205638
14.03 -0.138135 -0.145923 0.200935
14.04 -0.132239 -0.144997 0.196243
14.05 -0.126292 -0.144047 0.19157
14.06 -0.120295 -0.14307 0.186922
14.07 -0.114251 -0.142068 0.182309
14.08 -0.108162 -0.141038 0.177738
14.09 -0.102029 -0.139983 0.17322
14.1 -0.095855 -0.1389 0.168764
14.11 -0.0896409 -0.13779 0.164382
14.12 -0.0833888 -0.136652 0.160086
14.13 -0.0771008 -0.135486 0.155888
14.14 -0.0707784 -0.134293 0.151803
14.15 -0.0644239 -0.133071 0.147846
14.16 -0.0580386 -0.13182 0.144032
14.17 -0.051625 -0.130541 0.140379
14.18 -0.0451843 -0.129233 0.136904
14.19 -0.0387189 -0.127896 0.133628
14.2 -0.03223 -0.126529 0.130569
14.21 -0.0257202 -0.125132 0.127748
14.22 -0.0191906 -0.123706 0.125186
14.23 -0.0126435 -0.122249 0.122902
14.24 -0.00608054 -0.120763 0.120916
14.25 0.000496396 -0.119245 0.119246
14.26 0.00708565 -0.117697 0.11791
14.27 0.0136852 -0.116118 0.116922
14.28 0.0202934 -0.114508 0.116292
14.29 0.0269083 -0.112866 0.116029
14.3 0.0335283 -0.111193 0.116138
14.31 0.0400441 -0.109132 0.116246
14.32 0.0464333 -0.10669 0.116356
14.33 0.0526734 -0.103874 0.116466
14.34 0.0587428 -0.100694 0.116576
14.35 0.0646202 -0.0971603 0.116687
14.36 0.070285 -0.0932844 0.116799
14.37 0.0757175 -0.0890786 0.116911
14.38 0.0808983 -0.0845575 0.117024
14.39 0.0858095 -0.0797356 0.117137
14.4 0.0904331 -0.0746293 0.117251
14.41 0.0947534 -0.0692556 0.117365
14.42 0.0987544 -0.0636326 0.11748
14.43 0.102422 -0.057779 0.117596
14.44 0.105743 -0.051715 0.117712
14.45 0.108706 -0.0454605 0.117829
14.46 0.111299 -0.0390372 0.117946
14.47 0.113513 -0.0324666 0.118064
14.48 0.115339 -0.0257712 0.118183
14.49 0.116771 -0.0189737 0.118303
14.5 0.117803 -0.0120974 0.118423
14.51 0.118431 -0.00516562 0.118544
14.52 0.118651 0.00179784 0.118665
14.53 0.118463 0.00876896 0.118787
14.54 0.117866 0.015724 0.11891
14.55 0.116861 0.0226388 0.119033
14.56 0.115451 0.0294898 0.119158
14.57 0.11364 0.0362529 0.119283
14.58 0.111434 0.0429052 0.119408
14.59 0.108839 0.0494232 0.119535
14.6 0.105863 0.0557846 0.119662
14.61 0.102517 0.0619669 0.11979
14.62 0.0988094 0.0679489 0.119918
14.63 0.0947542 0.073709 0.120047
14.64 0.0903637 0.0792278 0.120178
14.65 0.0856524 0.0844851 0.120308
14.66 0.080636 0.0894629 0.12044
14.67 0.0753309 0.0941429 0.120572
14.68 0.0697549 0.0985092 0.120705
14.69 0.0639262 0.102545 0.120839
14.7 0.0578647 0.106237 0.120974
14.71 0.0515903 0.109571 0.121109
14.72 0.0451245 0.112536 0.121246
14.73 0.0384886 0.115119 0.121383
14.74 0.0317056 0.117311 0.12152
14.75 0.0247978 0.119105 0.121659
14.76 0.0177892 0.120492 0.121799
14.77 0.0107031 0.121468 0.121939
14.78 0.00356415 0.122028 0.12208
14.79 -0.0036037 0.122169 0.122222
14.8 -0.0107755 0.121889 0.122364
14.81 -0.0179272 0.121189 0.122508
14.82 -0.0250335 0.120071 0.122652
14.83 -0.0320707 0.118536 0.122798
14.84 -0.0390139 0.116589 0.122944
14.85 -0.0458395 0.114237 0.123091
14.86 -0.0525233 0.111486 0.123238
14.87 -0.0590425 0.108344 0.123387
14.88 -0.0653741 0.104821 0.123537
14.89 -0.0714961 0.10093 0.123687
14.9 -0.0773868 0.0966811 0.123838
14.91 -0.0830256 0.0920894 0.123991
14.92 -0.0883925 0.087169 0.124144
14.93 -0.0934683 0.0819367 0.124298
14.94 -0.098235 0.076409 0.124453
14.95 -0.102675 0.0706046 0.124608
14.96 -0.106773 0.0645424 0.124765
14.97 -0.110514 0.058243 0.124923
14.98 -0.113884 0.0517267 0.125081
14.99 -0.116871 0.045016 0.12524
15 -0.119462 0.0381329 0.125401
15.01 -0.121649 0.031101 0.125562
15.02 -0.123423 0.0239436 0.125724
15.03 -0.124777 0.0166852 0.125887
15.04 -0.125704 0.00935036 0.126052
15.05 -0.126201 0.00196412 0.126216
15.06 -0.126265 -0.00544844 0.126382
15.07 -0.125894 -0.0128619 0.126549
15.08 -0.125088 -0.0202508 0.126717
15.09 -0.12385 -0.0275897 0.126886
15.1 -0.122182 -0.0348533 0.127056
15.11 -0.120088 -0.0420166 0.127226
15.12 -0.117575 -0.0490545 0.127398
15.13 -0.11465 -0.0559426 0.12757
15.14 -0.111322 -0.062657 0.127744
15.15 -0.107602 -0.0691739 0.127919
15.16 -0.1035 -0.0754705 0.128094
15.17 -0.0990307 -0.0815247 0.128271
15.18 -0.0942076 -0.0873146 0.128448
15.19 -0.0890462 -0.0928202 0.128627
15.2 -0.0835635 -0.0980211 0.128806
15.21 -0.0777772 -0.102899 0.128987
15.22 -0.0717065 -0.107436 0.129168
15.23 -0.0653713 -0.111616 0.129351
15.24 -0.0587925 -0.115423 0.129534
15.25 -0.0519922 -0.118843 0.129718
15.26 -0.0449929 -0.121863 0.129904
15.27 -0.0378182 -0.124472 0.13009
15.28 -0.0304922 -0.126659 0.130278
15.29 -0.0230396 -0.128416 0.130466
15.3 -0.0154856 -0.129735 0.130656
15.31 -0.00785597 -0.13061 0.130846
15.32 -0.000176547 -0.131038 0.131038
15.33 0.00752623 -0.131015 0.131231
15.34 0.0152263 -0.130539 0.131424
15.35 0.0228966 -0.129612 0.131619
15.36 0.0305114 -0.128235 0.131815
15.37 0.0380436 -0.126411 0.132012
15.38 0.0454677 -0.124145 0.13221
15.39 0.0527573 -0.121444 0.132409
15.4 0.0598873 -0.118316 0.132609
15.41 0.0668323 -0.114769 0.13281
15.42 0.0735683 -0.110815 0.133012
15.43 0.0800709 -0.106466 0.133215
15.44 0.0863175 -0.101736 0.13342
15.45 0.0922853 -0.0966394 0.133625
15.46 0.0979532 -0.0911934 0.133832
15.47 0.103301 -0.0854149 0.13404
15.48 0.108308 -0.0793232 0.134249
15.49 0.112957 -0.0729378 0.134459
15.5 0.117231 -0.0662801 0.13467
15.51 0.121113 -0.0593717 0.134883
15.52 0.124589 -0.0522361 0.135096
15.53 0.127646 -0.0448964 0.135311
15.54 0.130271 -0.037378 0.135527
15.55 0.132454 -0.0297054 0.135744
15.56 0.134186 -0.0219052 0.135962
15.57 0.13546 -0.0140033 0.136182
15.58 0.136269 -0.00602699 0.136402
15.59 0.136609 0.00199679 0.136624
15.6 0.136478 0.0100403 0.136847
15.61 0.135874 0.0180761 0.137071
15.62 0.134797 0.0260762 0.137296
15.63 0.13325 0.0340131 0.137523
15.64 0.131237 0.041859 0.137751
15.65 0.128762 0.0495867 0.13798
15.66 0.125832 0.057169 0.13821
15.67 0.122456 0.0645792 0.138441
15.68 0.118644 0.071791 0.138674
15.69 0.114408 0.078779 0.138908
15.7 0.10976 0.0855182 0.139143
15.71 0.104716 0.091984 0.139379
15.72 0.0992908 0.0981537 0.139617
15.73 0.0935021 0.104004 0.139855
15.74 0.0873683 0.109515 0.140095
15.75 0.0809098 0.114664 0.140336
15.76 0.0741473 0.119435 0.140579
15.77 0.0671034 0.123807 0.140823
15.78 0.0598011 0.127765 0.141068
15.79 0.052265 0.131293 0.141314
15.8 0.04452 0.134378 0.141561
15.81 0.0365924 0.137007 0.141809
15.82 0.0285087 0.139169 0.142059
15.83 0.0202965 0.140855 0.14231
15.84 0.0119836 0.142058 0.142563
15.85 0.00359864 0.142771 0.142816
15.86 -0.00482971 0.142989 0.143071
15.87 -0.0132725 0.142711 0.143327
15.88 -0.0217001 0.141934 0.143584
15.89 -0.0300837 0.140661 0.143842
15.9 -0.0383936 0.138893 0.144102
15.91 -0.0466009 0.136634 0.144362
15.92 -0.0546764 0.13389 0.144624
15.93 -0.0625918 0.13067 0.144887
15.94 -0.0703187 0.126981 0.145152
15.95 -0.0778297 0.122836 0.145417
15.96 -0.0850974 0.118246 0.145684
15.97 -0.0920959 0.113226 0.145951
15.98 -0.0987994 0.107792 0.14622
15.99 -0.105184 0.10196 0.146491
16 -0.111225 0.0957498 0.146762
16.01 -0.116901 0.0891812 0.147034
16.02 -0.12219 0.0822753 0.147308
16.03 -0.127072 0.0750551 0.147582
16.04 -0.131529 0.0675442 0.147858
16.05 -0.135542 0.0597682 0.148135
16.06 -0.139097 0.0517523 0.148413
16.07 -0.142179 0.0435244 0.148692
16.08 -0.144775 0.0351115 0.148972
16.09 -0.146874 0.0265428 0.149253
16.1 -0.148467 0.0178474 0.149536
16.11 -0.149545 0.00905538 0.149819
16.12 -0.150103 0.000196707 0.150103
16.13 -0.150137 -0.00869737 0.150389
16.14 -0.149644 -0.0175963 0.150675
16.15 -0.148624 -0.0264686 0.150962
16.16 -0.147078 -0.0352834 0.151251
16.17 -0.145009 -0.044009 0.15154
16.18 -0.142423 -0.052615 0.151831
16.19 -0.139325 -0.0610702 0.152122
16.2 -0.135726 -0.0693446 0.152415
16.21 -0.131635 -0.0774081 0.152708
16.22 -0.127064 -0.0852316 0.153002
16.23 -0.122028 -0.0927866 0.153297
16.24 -0.116542 -0.100045 0.153594
16.25 -0.110623 -0.106981 0.153891
16.26 -0.104291 -0.113567 0.154189
16.27 -0.0975662 -0.11978 0.154488
16.28 -0.0904703 -0.125596 0.154788
16.29 -0.0830264 -0.130993 0.155089
16.3 -0.0752598 -0.135949 0.15539
16.31 -0.067196 -0.140445 0.155693
16.32 -0.0588626 -0.144464 0.155996
16.33 -0.0502873 -0.14799 0.1563
16.34 -0.0414998 -0.151007 0.156605
16.35 -0.0325298 -0.153503 0.156912
16.36 -0.0234085 -0.155466 0.157218
16.37 -0.0141673 -0.156888 0.157526
16.38 -0.00483831 -0.15776 0.157834
16.39 0.00454567 -0.158078 0.158144
16.4 0.013952 -0.157838 0.158453
16.41 0.023347 -0.157038 0.158764
16.42 0.0326981 -0.155679 0.159076
16.43 0.0419711 -0.153763 0.159388
16.44 0.0511336 -0.151294 0.159701
16.45 0.0601521 -0.148279 0.160015
16.46 0.0689943 -0.144725 0.16033
16.47 0.0776278 -0.140644 0.160645
16.48 0.0860214 -0.136047 0.160961
16.49 0.0941438 -0.130949 0.161278
16.5 0.101965 -0.125365 0.161596
16.51 0.109457 -0.119312 0.161914
16.52 0.11659 -0.112811 0.162233
16.53 0.123338 -0.105882 0.162553
16.54 0.129676 -0.0985491 0.162873
16.55 0.135578 -0.0908351 0.163194
16.56 0.141022 -0.0827665 0.163516
16.57 0.145987 -0.0743702 0.163838
16.58 0.150452 -0.0656751 0.164162
16.59 0.1544 -0.0567101 0.164485
16.6 0.157814 -0.0475068 0.16481
16.61 0.16068 -0.0380962 0.165135
16.62 0.162985 -0.0285114 0.16546
16.63 0.164719 -0.0187856 0.165787
16.64 0.165872 -0.00895315 0.166114
16.65 0.166438 0.000951788 0.166441
16.66 0.166413 0.0108936 0.166769
16.67 0.165794 0.0208376 0.167098
16.68 0.16458 0.0307477 0.167427
16.69 0.162773 0.0405886 0.167757
16.7 0.160377 0.0503247 0.168088
16.71 0.157399 0.059921 0.168419
16.72 0.153846 0.0693421 0.168751
16.73 0.149728 0.078554 0.169083
16.74 0.145057 0.0875225 0.169416
16.75 0.139849 0.0962145 0.169749
16.76 0.134118 0.104598 0.170083
16.77 0.127884 0.112641 0.170418
16.78 0.121167 0.120313 0.170753
16.79 0.113988 0.127586 0.171089
16.8 0.106371 0.134431 0.171425
16.81 0.0983421 0.140822 0.171762
16.82 0.0899276 0.146735 0.172099
16.83 0.0811564 0.152145 0.172437
16.84 0.072058 0.157032 0.172775
16.85 0.0626642 0.161375 0.173114
16.86 0.0530069 0.165156 0.173454
16.87 0.0431202 0.168359 0.173794
16.88 0.0330382 0.170971 0.174134
16.89 0.0227965 0.172979 0.174475
16.9 0.0124312 0.174374 0.174817
16.91 0.00197908 0.175147 0.175158
16.92 -0.00852251 0.175294 0.175501
16.93 -0.0190363 0.17481 0.175844
16.94 -0.029524 0.173696 0.176187
16.95 -0.0399482 0.171951 0.176531
16.96 -0.0502706 0.169581 0.176875
16.97 -0.060454 0.16659 0.17722
16.98 -0.0704606 0.162987 0.177565
16.99 -0.0802539 0.158781 0.177911
17 -0.0897972 0.153987 0.178257
17.01 -0.0990556 0.148617 0.178603
17.02 -0.107994 0.14269 0.17895
17.03 -0.116578 0.136224 0.179297
17.04 -0.124777 0.12924 0.179645
17.05 -0.132558 0.121762 0.179993
17.06 -0.139891 0.113813 0.180341
17.07 -0.146749 0.105422 0.18069
17.08 -0.153104 0.0966156 0.18104
17.09 -0.158931 0.087425 0.181389
17.1 -0.164206 0.0778809 0.181739
17.11 -0.168909 0.0680173 0.18209
17.12 -0.17302 0.0578678 0.182441
17.13 -0.176521 0.0474685 0.182792
17.14 -0.179396 0.0368555 0.183143
17.15 -0.181634 0.0260668 0.183495
17.16 -0.183223 0.0151404 0.183847
17.17 -0.184154 0.00411589 0.1842
17.18 -0.184421 -0.00696783 0.184552
17.19 -0.18402 -0.01807 0.184905
17.2 -0.182951 -0.0291511 0.185259
17.21 -0.181214 -0.0401703 0.185612
17.22 -0.178812 -0.0510875 0.185967
17.23 -0.175751 -0.0618625 0.186321
17.24 -0.172041 -0.0724556 0.186676
17.25 -0.16769 -0.0828273 0.18703
17.26 -0.162713 -0.0929392 0.187386
17.27 -0.157125 -0.102753 0.187741
17.28 -0.150944 -0.112232 0.188097
17.29 -0.14419 -0.121341 0.188452
17.3 -0.136885 -0.130043 0.188809
17.31 -0.129052 -0.138307 0.189165
17.32 -0.12072 -0.1461 0.189521
17.33 -0.111915 -0.153391 0.189878
17.34 -0.102668 -0.160152 0.190235
17.35 -0.0930106 -0.166357 0.190592
17.36 -0.0829769 -0.171979 0.19095
17.37 -0.0726014 -0.176996 0.191307
17.38 -0.0619209 -0.181387 0.191665
17.39 -0.0509729 -0.185134 0.192023
17.4 -0.0397964 -0.18822 0.192381
17.41 -0.0284313 -0.190631 0.192739
17.42 -0.0169184 -0.192355 0.193097
17.43 -0.00529926 -0.193384 0.193456
17.44 0.00638432 -0.193709 0.193815
17.45 0.0180894 -0.193329 0.194173
17.46 0.0297737 -0.19224 0.194532
17.47 0.0413937 -0.190444 0.194891
17.48 0.0529073 -0.187945 0.19525
17.49 0.0642711 -0.184749 0.195609
17.5 0.0754435 -0.180864 0.195968
17.51 0.0863821 -0.176302 0.196327
17.52 0.0970464 -0.171077 0.196686
17.53 0.107396 -0.165206 0.197045
17.54 0.117391 -0.158707 0.197405
17.55 0.126993 -0.151602 0.197764
17.56 0.136167 -0.143914 0.198123
17.57 0.144876 -0.135669 0.198482
17.58 0.153086 -0.126896 0.198841
17.59 0.160766 -0.117623 0.1992
17.6 0.167884 -0.107884 0.19956
17.61 0.174412 -0.0977126 0.199918
17.62 0.180325 -0.0871441 0.200278
17.63 0.185597 -0.0762157 0.200636
17.64 0.190206 -0.0649667 0.200995
17.65 0.194133 -0.0534367 0.201354
17.66 0.197362 -0.0416677 0.201712
17.67 0.199876 -0.0297016 0.202071
17.68 0.201664 -0.0175822 0.202429
17.69 0.202716 -0.00535301 0.202787
17.7 0.203026 0.00694051 0.203145
17.71 0.20259 0.0192541 0.203503
17.72 0.201405 0.0315414 0.20386
17.73 0.199474 0.0437577 0.204217
17.74 0.196801 0.0558572 0.204574
17.75 0.193393 0.0677949 0.204932
17.76 0.189259 0.0795258 0.205288
17.77 0.184412 0.0910059 0.205645
17.78 0.178866 0.102192 0.206001
17.79 0.172641 0.113041 0.206357
17.8 0.165756 0.123511 0.206713
17.81 0.158234 0.133563 0.207068
17.82 0.150101 0.143158 0.207423
17.83 0.141384 0.152257 0.207778
17.84 0.132113 0.160827 0.208133
17.85 0.122321 0.168832 0.208487
17.86 0.112042 0.176241 0.208841
17.87 0.101313 0.183025 0.209194
17.88 0.0901701 0.189155 0.209548
17.89 0.0786548 0.194606 0.209901
17.9 0.066808 0.199357 0.210253
17.91 0.0546723 0.203385 0.210605
17.92 0.0422919 0.206675 0.210957
17.93 0.0297116 0.209209 0.211309
17.94 0.0169778 0.210978 0.21166
17.95 0.00413685 0.21197 0.212011
17.96 -0.00876349 0.21218 0.212361
17.97 -0.0216759 0.211603 0.212711
17.98 -0.0345519 0.21024 0.21306
17.99 -0.0473439 0.208091 0.213409
18 -0.0600035 0.205163 0.213758
18.01 -0.0724835 0.201463 0.214106
18.02 -0.0847364 0.197003 0.214454
18.03 -0.0967162 0.191795 0.214801
18.04 -0.108377 0.185858 0.215148
18.05 -0.119674 0.179209 0.215494
18.06 -0.130563 0.171872 0.21584
18.07 -0.141004 0.163872 0.216186
18.08 -0.150955 0.155235 0.21653
18.09 -0.160378 0.145992 0.216875
18.1 -0.169234 0.136175 0.217219
18.11 -0.17749 0.125819 0.217562
18.12 -0.185112 0.114961 0.217905
18.13 -0.19207 0.103638 0.218247
18.14 -0.198335 0.0918929 0.218589
18.15 -0.203882 0.079767 0.218931
18.16 -0.208687 0.0673042 0.219271
18.17 -0.212729 0.0545503 0.219612
18.18 -0.215991 0.0415517 0.219951
18.19 -0.218458 0.0283565 0.220291
18.2 -0.220118 0.015013 0.220629
18.21 -0.220962 0.00157097 0.220967
18.22 -0.220984 -0.01192 0.221305
18.23 -0.220181 -0.025409 0.221642
18.24 -0.218553 -0.0388462 0.221978
18.25 -0.216104 -0.0521805 0.222314
18.26 -0.212839 -0.0653619 0.22265
18.27 -0.208769 -0.0783404 0.222984
18.28 -0.203907 -0.0910666 0.223318
18.29 -0.198266 -0.103492 0.223652
18.3 -0.191867 -0.115569 0.223985
18.31 -0.18473 -0.127251 0.224317
18.32 -0.17688 -0.138493 0.224649
18.33 -0.168344 -0.149252 0.22498
18.34 -0.159152 -0.159485 0.22531
18.35 -0.149336 -0.169152 0.22564
18.36 -0.13893 -0.178215 0.22597
18.37 -0.127973 -0.186639 0.226299
18.38 -0.116503 -0.194388 0.226627
18.39 -0.104562 -0.201433 0.226954
18.4 -0.0921928 -0.207743 0.227281
18.41 -0.079441 -0.213294 0.227608
18.42 -0.0663531 -0.218061 0.227933
18.43 -0.0529775 -0.222026 0.228259
18.44 -0.0393631 -0.225168 0.228583
18.45 -0.0255609 -0.227475 0.228907
18.46 -0.0116218 -0.228935 0.22923
18.47 0.00240178 -0.22954 0.229553
18.48 0.0164578 -0.229285 0.229874
18.49 0.0304928 -0.228167 0.230196
18.5 0.0444544 -0.226189 0.230517
18.51 0.0582893 -0.223356 0.230836
18.52 0.0719455 -0.219675 0.231156
18.53 0.0853704 -0.215157 0.231475
18.54 0.0985132 -0.209817 0.231793
18.55 0.111323 -0.203672 0.23211
18.56 0.123751 -0.196744 0.232427
18.57 0.135748 -0.189055 0.232743
18.58 0.147268 -0.180633 0.233058
18.59 0.158267 -0.171506 0.233372
18.6 0.1687 -0.161709 0.233687
18.61 0.178527 -0.151274 0.234
18.62 0.18771 -0.14024 0.234312
18.63 0.19621 -0.128647 0.234624
18.64 0.203994 -0.116536 0.234935
18.65 0.211031 -0.103952 0.235245
18.66 0.217291 -0.090942 0.235554
18.67 0.222749 -0.0775524 0.235863
18.68 0.227381 -0.0638335 0.236171
18.69 0.231167 -0.0498361 0.236478
18.7 0.234091 -0.0356124 0.236784
18.71 0.236139 -0.0212154 0.23709
18.72 0.2373 -0.00669951 0.237394
18.73 0.237567 0.00788095 0.237698
18.74 0.236938 0.0224707 0.238001
18.75 0.235411 0.0370146 0.238303
18.76 0.232989 0.0514573 0.238604
18.77 0.229681 0.0657436 0.238905
18.78 0.225494 0.0798191 0.239204
18.79 0.220442 0.0936293 0.239502
18.8 0.214543 0.107122 0.2398
18.81 0.207817 0.120243 0.240096
18.82 0.200285 0.132944 0.240392
18.83 0.191976 0.145173 0.240687
18.84 0.182917 0.156885 0.24098
18.85 0.173142 0.168031 0.241273
18.86 0.162685 0.178569 0.241565
18.87 0.151585 0.188456 0.241855
18.88 0.139882 0.197654 0.242145
18.89 0.127618 0.206125 0.242433
18.9 0.114839 0.213835 0.24272
18.91 0.101592 0.220751 0.243007
18.92 0.0879267 0.226848 0.243292
18.93 0.0738933 0.232097 0.243576
18.94 0.0595448 0.236477 0.243859
18.95 0.0449345 0.239969 0.24414
18.96 0.0301183 0.242558 0.244421
18.97 0.0151511 0.24423 0.2447
18.98 9.06631e-05 0.244978 0.244978
18.99 -0.0150066 0.244795 0.245255
19 -0.0300824 0.243681 0.24553
19.01 -0.0450798 0.241636 0.245805
19.02 -0.0599406 0.238666 0.246078
19.03 -0.0746083 0.23478 0.246349
19.04 -0.0890257 0.229991 0.24662
19.05 -0.103137 0.224314 0.246889
19.06 -0.116888 0.217769 0.247157
19.07 -0.130226 0.210379 0.247423
19.08 -0.143096 0.20217 0.247688
19.09 -0.15545 0.193171 0.247952
19.1 -0.167239 0.183415 0.248214
19.11 -0.178416 0.172937 0.248475
19.12 -0.188937 0.161776 0.248734
19.13 -0.198759 0.149972 0.248992
19.14 -0.207844 0.13757 0.249248
19.15 -0.216155 0.124615 0.249503
19.16 -0.223658 0.111156 0.249757
19.17 -0.230322 0.097243 0.250009
19.18 -0.23612 0.0829285 0.250259
19.19 -0.241027 0.0682667 0.250508
19.2 -0.245023 0.0533127 0.250756
19.21 -0.248089 0.0381235 0.251001
19.22 -0.250213 0.0227568 0.251246
19.23 -0.251383 0.00727125 0.251488
19.24 -0.251594 -0.00827381 0.25173
19.25 -0.250841 -0.0238189 0.251969
19.26 -0.249126 -0.039304 0.252207
19.27 -0.246452 -0.0546698 0.252443
19.28 -0.24283 -0.0698564 0.252678
19.29 -0.238269 -0.0848054 0.252911
19.3 -0.232785 -0.0994583 0.253142
19.31 -0.226398 -0.113759 0.253372
19.32 -0.219131 -0.12765 0.253599
19.33 -0.211008 -0.141078 0.253826
19.34 -0.202061 -0.15399 0.25405
19.35 -0.19232 -0.166336 0.254273
19.36 -0.181824 -0.178065 0.254494
19.37 -0.170609 -0.189133 0.254713
19.38 -0.158718 -0.199494 0.25493
19.39 -0.146196 -0.209108 0.255146
19.4 -0.133089 -0.217935 0.255359
19.41 -0.119448 -0.22594 0.255571
19.42 -0.105322 -0.233091 0.255781
19.43 -0.0907675 -0.239357 0.25599
19.44 -0.0758375 -0.244714 0.256196
19.45 -0.0605904 -0.249139 0.256401
19.46 -0.0450835 -0.252612 0.256603
19.47 -0.0293772 -0.255118 0.256804
19.48 -0.0135311 -0.256646 0.257003
19.49 0.00239317 -0.257188 0.257199
19.5 0.0183346 -0.25674 0.257394
19.51 0.0342313 -0.255302 0.257587
19.52 0.0500217 -0.252878 0.257778
19.53 0.0656444 -0.249475 0.257967
19.54 0.0810387 -0.245104 0.258154
19.55 0.0961443 -0.239781 0.258338
19.56 0.110902 -0.233525 0.258521
19.57 0.125255 -0.226358 0.258702
19.58 0.139146 -0.218306 0.25888
19.59 0.15252 -0.209399 0.259057
19.6 0.165325 -0.199671 0.259231
19.61 0.177511 -0.189157 0.259404
19.62 0.189027 -0.177897 0.259574
19.63 0.19983 -0.165933 0.259742
19.64 0.209876 -0.153311 0.259908
19.65 0.219124 -0.140078 0.260071
19.66 0.227537 -0.126286 0.260232
19.67 0.235081 -0.111986 0.260392
19.68 0.241725 -0.0972336 0.260549
19.69 0.247443 -0.0820856 0.260703
19.7 0.25221 -0.0665998 0.260856
19.71 0.256007 -0.0508363 0.261006
19.72 0.258817 -0.0348559 0.261153
19.73 0.260627 -0.0187206 0.261299
19.74 0.26143 -0.00249256 0.261442
19.75 0.26122 0.0137644 0.261582
19.76 0.259997 0.0299878 0.26172
19.77 0.257764 0.0461136 0.261856
19.78 0.254528 0.0620794 0.261989
19.79 0.250301 0.0778221 0.26212
19.8 0.245098 0.0932807 0.262248
19.81 0.238937 0.108394 0.262374
19.82 0.231841 0.123102 0.262497
19.83 0.223838 0.137348 0.262617
19.84 0.214956 0.151075 0.262735
19.85 0.20523 0.164229 0.26285
19.86 0.194696 0.176757 0.262963
19.87 0.183395 0.18861 0.263073
19.88 0.171369 0.199741 0.26318
19.89 0.158665 0.210104 0.263284
19.9 0.145333 0.21966 0.263386
19.91 0.131422 0.228369 0.263484
19.92 0.116988 0.236196 0.26358
19.93 0.102085 0.24311 0.263674
19.94 0.0867728 0.249082 0.263764
19.95 0.0711097 0.254088 0.263851
19.96 0.0551573 0.258108 0.263935
19.97 0.0389775 0.261124 0.264017
19.98 0.0226338 0.263123 0.264095
19.99 0.00619009 0.264098 0.26417
20 -0.0102892 0.264042 0.264242
20.01 -0.0267393 0.262956 0.264312
20.02 -0.0430957 0.260842 0.264378
20.03 -0.0592937 0.257708 0.264441
20.04 -0.07527 0.253564 0.2645
20.05 -0.090961 0.248428 0.264557
20.06 -0.106305 0.242318 0.26461
20.07 -0.121242 0.235256 0.26466
20.08 -0.135712 0.227271 0.264707
20.09 -0.149657 0.218393 0.26475
20.1 -0.163023 0.208656 0.264791
20.11 -0.175757 0.198098 0.264827
20.12 -0.187807 0.186761 0.264861
20.13 -0.199126 0.174687 0.26489
20.14 -0.209669 0.161925 0.264917
20.15 -0.219394 0.148524 0.264939
20.16 -0.228261 0.134536 0.264959
20.17 -0.236235 0.120018 0.264974
20.18 -0.243285 0.105025 0.264986
20.19 -0.249382 0.0896165 0.264995
20.2 -0.2545 0.0738538 0.265
20.21 -0.258621 0.0577984 0.265001
20.22 -0.261726 0.0415142 0.264998
20.23 -0.263803 0.025065 0.264992
20.24 -0.264844 0.00851632 0.264981
20.25 -0.264844 -0.00806676 0.264967
20.26 -0.263803 -0.0246181 0.264949
20.27 -0.261724 -0.0410727 0.264928
20.28 -0.258616 -0.0573647 0.264902
20.29 -0.25449 -0.0734299 0.264872
20.3 -0.249363 -0.0892044 0.264838
20.31 -0.243255 -0.104626 0.264801
20.32 -0.236189 -0.119632 0.264759
20.33 -0.228195 -0.134164 0.264713
20.34 -0.219303 -0.148165 0.264663
20.35 -0.209549 -0.161577 0.264609
20.36 -0.198972 -0.174349 0.264551
20.37 -0.187613 -0.186429 0.264489
20.38 -0.175518 -0.197769 0.264422
20.39 -0.162735 -0.208324 0.264351
20.4 -0.149314 -0.218052 0.264276
20.41 -0.135311 -0.226915 0.264196
20.42 -0.120779 -0.234878 0.264112
20.43 -0.105779 -0.241908 0.264024
20.44 -0.0903677 -0.247979 0.263932
20.45 -0.0746086 -0.253065 0.263834
20.46 -0.0585644 -0.257148 0.263733
20.47 -0.0422988 -0.260211 0.263627
20.48 -0.0258773 -0.262243 0.263516
20.49 -0.00936492 -0.263235 0.263401
20.5 0.0071717 -0.263184 0.263281
20.51 0.0236672 -0.262091 0.263157
20.52 0.0400548 -0.25996 0.263028
20.53 0.05627 -0.256802 0.262895
20.54 0.0722472 -0.252629 0.262756
20.55 0.0879234 -0.247458 0.262613
20.56 0.103235 -0.24131 0.262466
20.57 0.118123 -0.234212 0.262313
20.58 0.132525 -0.226192 0.262156
20.59 0.146387 -0.217283 0.261994
20.6 0.159651 -0.207521 0.261827
20.61 0.172266 -0.196946 0.261655
20.62 0.184182 -0.185602 0.261478
20.63 0.195351 -0.173534 0.261297
20.64 0.20573 -0.160792 0.26111
20.65 0.215277 -0.147427 0.260919
20.66 0.223955 -0.133494 0.260723
20.67 0.231729 -0.11905 0.260521
20.68 0.238571 -0.104152 0.260315
20.69 0.244453 -0.0888617 0.260103
20.7 0.249353 -0.0732405 0.259887
20.71 0.253252 -0.057352 0.259665
20.72 0.256137 -0.0412602 0.259439
20.73 0.257995 -0.0250302 0.259207
20.74 0.258823 -0.00872767 0.25897
20.75 0.258616 0.00758181 0.258727
20.76 0.257379 0.0238324 0.25848
20.77 0.255117 0.0399588 0.258227
20.78 0.251841 0.0558959 0.257969
20.79 0.247566 0.07158 0.257706
20.8 0.24231 0.086948 0.257438
20.81 0.236097 0.101939 0.257164
20.82 0.228953 0.116492 0.256885
20.83 0.220908 0.130549 0.2566
20.84 0.211998 0.144055 0.25631
20.85 0.202258 0.156957 0.256015
20.86 0.19173 0.169201 0.255714
20.87 0.180459 0.180742 0.255408
20.88 0.168491 0.191533 0.255096
20.89 0.155877 0.201532 0.254779
20.9 0.142667 0.210699 0.254456
20.91 0.128918 0.219001 0.254128
20.92 0.114686 0.226404 0.253794
20.93 0.10003 0.232881 0.253455
20.94 0.0850097 0.238408 0.25311
20.95 0.0696879 0.242963 0.25276
20.96 0.0541267 0.246532 0.252403
20.97 0.0383906 0.249101 0.252042
20.98 0.0225431 0.250663 0.251674
20.99 0.00664967 0.251213 0.251301
21 -0.00922563 0.250753 0.250922
21.01 -0.0250177 0.249285 0.250538
21.02 -0.0406628 0.24682 0.250147
21.03 -0.0560974 0.243369 0.249751
21.04 -0.0712596 0.23895 0.249349
21.05 -0.0860878 0.233582 0.248941
21.06 -0.100523 0.227291 0.248528
21.07 -0.114507 0.220105 0.248109
21.08 -0.127984 0.212055 0.247684
21.09 -0.140901 0.203177 0.247252
21.1 -0.153206 0.193509 0.246816
21.11 -0.164852 0.183094 0.246373
21.12 -0.175792 0.171976 0.245924
21.13 -0.185984 0.160203 0.245469
21.14 -0.195389 0.147826 0.245009
21.15 -0.20397 0.134896 0.244542
21.16 -0.211696 0.121469 0.244069
21.17 -0.218538 0.107601 0.243591
21.18 -0.224469 0.0933499 0.243106
21.19 -0.229471 0.0787768 0.242616
21.2 -0.233523 0.0639416 0.242119
21.21 -0.236615 0.0489066 0.241617
21.22 -0.238737 0.0337337 0.241108
21.23 -0.239882 0.0184864 0.240594
21.24 -0.240051 0.00322698 0.240073
21.25 -0.239246 -0.0119812 0.239546
21.26 -0.237475 -0.0270763 0.239013
21.27 -0.234747 -0.0419962 0.238474
21.28 -0.231079 -0.0566807 0.237929
21.29 -0.226489 -0.0710695 0.237378
21.3 -0.221 -0.0851055 0.236821
21.31 -0.214639 -0.0987312 0.236257
21.32 -0.207434 -0.111893 0.235688
21.33 -0.199419 -0.124538 0.235112
21.34 -0.190632 -0.136616 0.234531
21.35 -0.181111 -0.148081 0.233943
21.36 -0.1709 -0.158887 0.233349
21.37 -0.160042 -0.168992 0.232748
21.38 -0.148588 -0.178358 0.232142
21.39 -0.136586 -0.18695 0.23153
21.4 -0.124089 -0.194736 0.230911
21.41 -0.11115 -0.201687 0.230286
21.42 -0.0978267 -0.207778 0.229656
21.43 -0.084175 -0.212988 0.229019
21.44 -0.0702535 -0.217301 0.228375
21.45 -0.0561212 -0.220703 0.227726
21.46 -0.0418382 -0.223183 0.227071
21.47 -0.0274641 -0.224737 0.226409
21.48 -0.0130596 -0.225364 0.225742
21.49 0.00131541 -0.225064 0.225068
21.5 0.0156013 -0.223845 0.224388
21.51 0.0297388 -0.221717 0.223703
21.52 0.0436703 -0.218693 0.223011
21.53 0.0573382 -0.214791 0.222313
21.54 0.0706878 -0.210033 0.221609
21.55 0.0836644 -0.204442 0.220899
21.56 0.0962167 -0.198048 0.220183
21.57 0.108294 -0.190881 0.219461
21.58 0.11985 -0.182976 0.218733
21.59 0.130838 -0.174371 0.218
21.6 0.141216 -0.165106 0.21726
21.61 0.150944 -0.155224 0.216514
21.62 0.159986 -0.144769 0.215763
21.63 0.168309 -0.13379 0.215006
21.64 0.175881 -0.122336 0.214243
21.65 0.182676 -0.110457 0.213474
21.66 0.188671 -0.0982068 0.2127
21.67 0.193845 -0.0856387 0.21192
21.68 0.198183 -0.0728083 0.211134
21.69 0.201671 -0.0597704 0.210342
21.7 0.204302 -0.0465821 0.209545
21.71 0.20607 -0.0332991 0.208743
21.72 0.206972 -0.0199787 0.207934
21.73 0.207013 -0.00667683 0.207121
21.74 0.206197 0.00655038 0.206301
21.75 0.204535 0.019648 0.205477
21.76 0.20204 0.0325613 0.204647
21.77 0.198728 0.0452375 0.203812
21.78 0.194619 0.0576248 0.202971
21.79 0.189738 0.0696729 0.202125
21.8 0.184109 0.0813336 0.201274
21.81 0.177764 0.0925605 0.200418
21.82 0.170734 0.10331 0.199557
21.83 0.163055 0.113539 0.198691
21.84 0.154764 0.12321 0.197819
21.85 0.145901 0.132285 0.196943
21.86 0.136509 0.140732 0.196062
21.87 0.126632 0.148519 0.195176
21.88 0.116316 0.155619 0.194285
21.89 0.105608 0.162007 0.193389
21.9 0.0945575 0.167663 0.192489
21.91 0.0832138 0.172568 0.191584
21.92 0.0716283 0.176709 0.190675
21.93 0.0598519 0.180074 0.18976
21.94 0.047937 0.182656 0.188842
21.95 0.035935 0.184451 0.187919
21.96 0.0238986 0.185458 0.186992
21.97 0.0118786 0.185681 0.18606
21.98 -7.2972e-05 0.185124 0.185124
21.99 -0.0119064 0.183799 0.184184
22 -0.0235714 0.181718 0.18324
22.01 -0.0350207 0.178896 0.182292
22.02 -0.0462063 0.175354 0.18134
22.03 -0.0570837 0.171113 0.180384
22.04 -0.0676086 0.166198 0.179423
22.05 -0.0777399 0.160638 0.17846
22.06 -0.0874376 0.154461 0.177492
22.07 -0.0966646 0.147701 0.176521
22.08 -0.105386 0.140393 0.175546
22.09 -0.113569 0.132574 0.174568
22.1 -0.121185 0.124282 0.173586
22.11 -0.128206 0.11556 0.1726
22.12 -0.134609 0.106447 0.171612
22.13 -0.140372 0.0969882 0.17062
22.14 -0.145478 0.0872278 0.169624
22.15 -0.14991 0.0772113 0.168626
22.16 -0.153659 0.0669844 0.167625
22.17 -0.156714 0.0565941 0.16662
22.18 -0.159071 0.0460868 0.165613
22.19 -0.160727 0.0355095 0.164602
22.2 -0.161682 0.0249088 0.16359
22.21 -0.161941 0.0143306 0.162574
22.22 -0.16151 0.0038211 0.161555
22.23 -0.1604 -0.00657546 0.160534
22.24 -0.158622 -0.0168145 0.159511
22.25 -0.156194 -0.0268543 0.158485
22.26 -0.153132 -0.0366526 0.157457
22.27 -0.149458 -0.0461703 0.156427
22.28 -0.145195 -0.0553689 0.155394
22.29 -0.14037 -0.0642126 0.15436
22.3 -0.135009 -0.0726666 0.153323
22.31 -0.129144 -0.0806994 0.152284
22.32 -0.122806 -0.0882806 0.151244
22.33 -0.116028 -0.0953833 0.150202
22.34 -0.108847 -0.101982 0.149158
22.35 -0.101299 -0.108055 0.148112
22.36 -0.093421 -0.113581 0.147065
22.37 -0.0852531 -0.118545 0.146017
22.38 -0.076834 -0.122931 0.144967
22.39 -0.0682049 -0.126728 0.143916
22.4 -0.0594059 -0.129927 0.142864
22.41 -0.0504787 -0.132522 0.141811
22.42 -0.0414638 -0.134511 0.140756
22.43 -0.0324025 -0.135891 0.139701
22.44 -0.0233354 -0.136667 0.138645
22.45 -0.0143027 -0.136843 0.137589
22.46 -0.0053436 -0.136427 0.136531
22.47 0.00350301 -0.135428 0.135473
22.48 0.0121997 -0.13386 0.134415
22.49 0.0207101 -0.131738 0.133356
22.5 0.0289991 -0.12908 0.132297
22.51 0.0370333 -0.125905 0.131238
22.52 0.0447805 -0.122234 0.130179
22.53 0.0522109 -0.118093 0.12912
22.54 0.0592957 -0.113506 0.128061
22.55 0.0660093 -0.1085 0.127002
22.56 0.0723267 -0.103104 0.125943
22.57 0.0782265 -0.097349 0.124885
22.58 0.0836882 -0.0912655 0.123827
22.59 0.0886949 -0.0848861 0.12277
22.6 0.0932308 -0.0782439 0.121713
22.61 0.0972836 -0.0713732 0.120658
22.62 0.100843 -0.0643081 0.119603
22.63 0.1039 -0.0570837 0.118549
22.64 0.10645 -0.049735 0.117496
22.65 0.10849 -0.0422972 0.116444
22.66 0.110019 -0.034805 0.115393
22.67 0.111039 -0.0272935 0.114344
22.68 0.111554 -0.0197964 0.113297
22.69 0.111569 -0.0123477 0.112251
22.7 0.111095 -0.00497983 0.111206
22.71 0.11014 0.00227472 0.110163
22.72 0.108718 0.00938581 0.109122
22.73 0.106844 0.0163231 0.108083
22.74 0.104534 0.0230587 0.107047
22.75 0.101806 0.0295653 0.106012
22.76 0.0986799 0.0358177 0.104979
22.77 0.0951777 0.0417919 0.103949
22.78 0.0913222 0.0474658 0.102921
22.79 0.087137 0.0528193 0.101896
22.8 0.0826477 0.0578336 0.100873
22.81 0.0778801 0.0624924 0.0998529
22.82 0.0728617 0.0667808 0.0988357
22.83 0.0676196 0.0706867 0.0978214
22.84 0.0621827 0.074199 0.09681
22.85 0.0565792 0.0773097 0.0958018
22.86 0.0508382 0.0800116 0.0947966
22.87 0.0449888 0.0823011 0.0937948
22.88 0.03906 0.084175 0.0927961
22.89 0.0330807 0.0856337 0.0918012
22.9 0.0270792 0.0866779 0.0908094
22.91 0.0210841 0.0873119 0.0898215
22.92 0.0151223 0.0875406 0.0888371
22.93 0.00922138 0.0873714 0.0878566
22.94 0.00340673 0.0868131 0.0868799
22.95 -0.00229589 0.0858764 0.0859071
22.96 -0.00786291 0.0845737 0.0849385
22.97 -0.0132709 0.0829185 0.0839738
22.98 -0.0184985 0.0809261 0.0830134
22.99 -0.0235249 0.0786127 0.0820572
23 -0.0283312 0.0759962 0.0811054
23.01 -0.0328995 0.0730952 0.0801579
23.02 -0.0372141 0.0699296 0.0792151
23.03 -0.0412599 0.0665196 0.0782766
23.04 -0.0450242 0.062887 0.077343
23.05 -0.0484955 0.0590532 0.0764139
23.06 -0.0516641 0.0550413 0.0754899
23.07 -0.0545219 0.0508735 0.0745704
23.08 -0.0570624 0.0465735 0.073656
23.09 -0.0592813 0.042164 0.0727466
23.1 -0.0611748 0.0376688 0.0718422
23.11 -0.0627424 0.0331107 0.0709431
23.12 -0.0639834 0.0285128 0.0700489
23.13 -0.0649002 0.0238978 0.0691603
23.14 -0.0654957 0.019288 0.0682767
23.15 -0.065775 0.014705 0.0673988
23.16 -0.0657441 0.0101699 0.0665261
23.17 -0.0654109 0.0057031 0.065659
23.18 -0.0647837 0.00132427 0.0647973
23.19 -0.0638735 -0.0029478 0.0639415
23.2 -0.0626908 -0.00709569 0.0630911
23.21 -0.0612484 -0.0111022 0.0622465
23.22 -0.0595595 -0.0149522 0.0614077
23.23 -0.0576384 -0.0186306 0.0605746
23.24 -0.0555001 -0.0221247 0.0597475
23.25 -0.0531604 -0.0254217 0.0589262
23.26 -0.0506358 -0.0285115 0.058111
23.27 -0.0479428 -0.0313839 0.0573015
23.28 -0.0450993 -0.0340311 0.0564984
23.29 -0.0421224 -0.036446 0.0557011
23.3 -0.0390304 -0.0386231 0.0549101
23.31 -0.0358409 -0.040558 0.0541251
23.32 -0.0325723 -0.0422479 0.0533464
23.33 -0.0292423 -0.043691 0.0525739
23.34 -0.025869 -0.044887 0.0518077
23.35 -0.0224695 -0.0458365 0.0510477
23.36 -0.0190618 -0.0465419 0.0502941
23.37 -0.0156621 -0.0470063 0.0495468
23.38 -0.0122873 -0.0472339 0.0488059
23.39 -0.00895278 -0.0472305 0.0480716
23.4 -0.00567411 -0.0470022 0.0473434
23.41 -0.0024656 -0.0465567 0.0466219
23.42 0.00065869 -0.045902 0.0459067
23.43 0.00368607 -0.0450478 0.0451983
23.44 0.00660423 -0.0440033 0.0444961
23.45 0.0094018 -0.0427798 0.0438007
23.46 0.0120687 -0.041388 0.0431117
23.47 0.0145951 -0.0398401 0.0424294
23.48 0.0169731 -0.0381481 0.0417536
23.49 0.0191947 -0.0363248 0.0410844
23.5 0.021254 -0.034383 0.0404218
23.51 0.0231452 -0.0323362 0.0397659
23.52 0.0248641 -0.0301974 0.0391166
23.53 0.0264071 -0.0279805 0.0384739
23.54 0.0277722 -0.0256986 0.0378379
23.55 0.0289573 -0.0233653 0.0372084
23.56 0.0299628 -0.0209941 0.0365858
23.57 0.0307887 -0.0185977 0.0359697
23.58 0.0314365 -0.0161895 0.0353603
23.59 0.0319085 -0.0137814 0.0347575
23.6 0.0322081 -0.0113863 0.0341615
23.61 0.0323389 -0.00901524 0.033572
23.62 0.0323058 -0.00668009 0.0329892
23.63 0.0321143 -0.00439103 0.0324131
23.64 0.0317703 -0.00215867 0.0318436
23.65 0.0312808 7.68321e-06 0.0312808
23.66 0.0306527 0.00209898 0.0307245
23.67 0.0298941 0.00410714 0.0301749
23.68 0.029013 0.00602441 0.0296318
23.69 0.0280181 0.00784417 0.0290955
23.7 0.0269183 0.00956012 0.0285655
23.71 0.025723 0.0111672 0.0280424
23.72 0.0244411 0.0126604 0.0275255
23.73 0.0230828 0.0140362 0.0270154
23.74 0.0216573 0.0152914 0.0265117
23.75 0.0201747 0.0164235 0.0260145
23.76 0.0186443 0.0174313 0.0255238
23.77 0.0170761 0.0183134 0.0250394
23.78 0.0154794 0.0190699 0.0245616
23.79 0.0138636 0.0197011 0.0240901
23.8 0.0122379 0.0202084 0.0236252
23.81 0.010611 0.0205933 0.0231663
23.82 0.00899178 0.0208584 0.0227139
23.83 0.00738822 0.0210063 0.0222677
23.84 0.00580846 0.0210409 0.0218279
23.85 0.00425976 0.0209659 0.0213942
23.86 0.00274934 0.0207858 0.0209669
23.87 0.00128368 0.0205054 0.0205455
23.88 -0.000130902 0.02013 0.0201304
23.89 -0.00148912 0.019665 0.0197213
23.9 -0.00278538 0.0191165 0.0193184
23.91 -0.00401566 0.0184904 0.0189215
23.92 -0.00517535 0.017793 0.0185304
23.93 -0.00626131 0.017031 0.0181455
23.94 -0.0072703 0.0162106 0.0177663
23.95 -0.00820006 0.0153388 0.0173931
23.96 -0.00904843 0.0144221 0.0170256
23.97 -0.0098142 0.0134675 0.0166641
23.98 -0.0104964 0.0124812 0.0163082
23.99 -0.0110946 0.0114702 0.015958
24 -0.011609 0.0104408 0.0156135
24.01 -0.01204 0.00939944 0.0152745
24.02 -0.0123887 0.00835216 0.0149411
24.03 -0.0126565 0.0073051 0.0146134
24.04 -0.0128451 0.00626374 0.014291
24.05 -0.0129568 0.00523382 0.013974
24.06 -0.0129943 0.00422031 0.0136624
24.07 -0.0129601 0.00322841 0.0133561
24.08 -0.0128578 0.00226241 0.0130553
24.09 -0.0126903 0.00132666 0.0127594
24.1 -0.0124617 0.000425254 0.0124689
24.11 -0.0121755 -0.000438555 0.0121834
24.12 -0.0118361 -0.00126124 0.0119031
24.13 -0.0114473 -0.00204018 0.0116276
24.14 -0.0110136 -0.00277272 0.0113573
24.15 -0.0105393 -0.00345697 0.0110918
24.16 -0.0100288 -0.00409086 0.0108311
24.17 -0.00948671 -0.00467336 0.0105753
24.18 -0.00891722 -0.00520317 0.0103242
24.19 -0.00832489 -0.00567976 0.0100779
24.2 -0.0077141 -0.00610264 0.00983613
24.21 -0.00708907 -0.00647201 0.00959906
24.22 -0.00645401 -0.00678791 0.00936643
24.23 -0.00581302 -0.00705118 0.0091384
24.24 -0.00516989 -0.00726238 0.00891459
24.25 -0.00452873 -0.00742298 0.00869541
24.26 -0.00389266 -0.00753416 0.00848036
24.27 -0.00326558 -0.00759758 0.00826966
24.28 -0.00265024 -0.00761521 0.0080632
24.29 -0.00205001 -0.00758875 0.00786076
24.3 -0.00146745 -0.00752068 0.00766251
24.31 -0.000905277 -0.00741322 0.00746829
24.32 -0.000365612 -0.00726892 0.00727811
24.33 0.000149313 -0.00709014 0.00709171
24.34 0.000637666 -0.00687985 0.00690934
24.35 0.00109794 -0.00664051 0.00673067
24.36 0.00152868 -0.00637514 0.00655585
24.37 0.00192883 -0.00608636 0.00638469
24.38 0.00229752 -0.00577718 0.00621726
24.39 0.00263404 -0.00545018 0.00605332
24.4 0.00293797 -0.00510843 0.00589302
24.41 0.0032092 -0.00475441 0.00573615
24.42 0.00344748 -0.00439109 0.00558272
24.43 0.00365334 -0.00402086 0.0054327
24.44 0.00382677 -0.00364644 0.00528589
24.45 0.00396878 -0.00327032 0.00514259
24.46 0.00407971 -0.00289457 0.00500226
24.47 0.00416069 -0.00252178 0.00486525
24.48 0.00421258 -0.00215384 0.00473126
24.49 0.00423669 -0.00179284 0.00460042
24.5 0.00423421 -0.00144048 0.00447253
24.51 0.00420654 -0.00109868 0.00434765
24.52 0.00415514 -0.000768701 0.00422565
24.53 0.00408147 -0.000452239 0.00410645
24.54 0.00398729 -0.000150367 0.00399013
24.55 0.00387422 0.00013576 0.0038766
24.56 0.00374385 0.000405306 0.00376572
24.57 0.00359795 0.000657291 0.00365749
24.58 0.00343828 0.000891284 0.00355192
24.59 0.00326646 0.00110657 0.00344881
24.6 0.00308444 0.00130306 0.0033484
24.61 0.00289357 0.0014803 0.00325024
24.62 0.0026959 0.0016383 0.00315467
24.63 0.00249268 0.00177723 0.00306137
24.64 0.0022858 0.00189701 0.00297044
24.65 0.0020766 0.00199816 0.00288183
24.66 0.00186657 0.00208094 0.00279543
24.67 0.0016571 0.00214587 0.00271122
24.68 0.0014495 0.00219349 0.00262915
24.69 0.00124497 0.00222463 0.0025493
24.7 0.00104463 0.00223974 0.00247137
24.71 0.000849618 0.0022398 0.00239553
24.72 0.000660836 0.00222561 0.00232165
24.73 0.000479113 0.00219815 0.00224975
24.74 0.000305312 0.00215824 0.00217972
24.75 0.000140046 0.00210696 0.00211161
24.76 -1.61144e-05 0.00204513 0.0020452
24.77 -0.000162519 0.00197401 0.00198069
24.78 -0.000299038 0.00189442 0.00191787
24.79 -0.000425066 0.00180749 0.0018568
24.8 -0.000540674 0.00171419 0.00179744
24.81 -0.000645419 0.00161536 0.00173953
24.82 -0.000739463 0.00151228 0.00168339
24.83 -0.000822765 0.00140573 0.00162881
24.84 -0.000895373 0.00129662 0.00157573
24.85 -0.000957472 0.00118585 0.00152414
24.86 -0.0010093 0.00107431 0.00147405
24.87 -0.00105111 0.000962671 0.00142533
24.88 -0.00108324 0.000851903 0.00137809
24.89 -0.00110605 0.000742541 0.00133218
24.9 -0.00111999 0.00063527 0.00128761
24.91 -0.00112544 0.000530681 0.00124428
24.92 -0.00112304 0.000429431 0.00120234
24.93 -0.0011132 0.000331832 0.00116161
24.94 -0.00109638 0.000238532 0.00112202
24.95 -0.00107332 0.000149663 0.00108371
24.96 -0.00104438 6.57654e-05 0.00104645
24.97 -0.00101041 -1.30185e-05 0.00101049
24.98 -0.000971639 -8.64904e-05 0.00097548
24.99 -0.000928861 -0.00015431 0.000941591
25 -0.000882526 -0.000216572 0.000908711
25.01 -0.00083325 -0.000273097 0.000876862
25.02 -0.000781615 -0.000323857 0.000846053
25.03 -0.000728055 -0.000368887 0.000816175
25.04 -0.000673009 -0.000408319 0.000787188
25.05 -0.000617094 -0.000442058 0.000759092
25.06 -0.000560753 -0.000470453 0.000731964
25.07 -0.000504406 -0.000493544 0.000705699
25.08 -0.000448374 -0.000511529 0.000680222
25.09 -0.000393108 -0.000524589 0.000655536
25.1 -0.000338933 -0.000533073 0.000631698
25.11 -0.000286164 -0.000537071 0.000608552
25.12 -0.000235218 -0.000537046 0.000586298
25.13 -0.000186061 -0.000533076 0.000564614
25.14 -0.000139171 -0.000525604 0.000543717
25.15 -9.45482e-05 -0.000514909 0.000523518
25.16 -5.25715e-05 -0.000501187 0.000503937
25.17 -1.31939e-05 -0.000484914 0.000485094
25.18 2.34503e-05 -0.000466208 0.000466797
25.19 5.72107e-05 -0.00044546 0.000449118
25.2 8.81248e-05 -0.00042301 0.000432092
25.21 0.000116119 -0.000399124 0.000415672
25.22 0.00014115 -0.00037395 0.000399703
25.23 0.000163333 -0.000347952 0.00038438
25.24 0.000182656 -0.00032127 0.000369564
25.25 0.000199187 -0.000294208 0.000355294
25.26 0.000212981 -0.000266976 0.000341522
25.27 0.000224186 -0.000239779 0.000328258
25.28 0.000232867 -0.000212741 0.000315413
25.29 0.000239068 -0.000186259 0.00030306
25.3 0.000243121 -0.000160315 0.00029122
25.31 0.000244932 -0.000135178 0.000279759
25.32 0.000244834 -0.000110887 0.000268774
25.33 0.000242796 -8.75555e-05 0.0002581
25.34 0.000239115 -6.54692e-05 0.000247916
25.35 0.000233887 -4.45049e-05 0.000238084
25.36 0.000227241 -2.48354e-05 0.000228594
25.37 0.000219434 -6.4946e-06 0.00021953
25.38 0.000210474 1.04759e-05 0.000210735
25.39 0.000200569 2.60457e-05 0.000202253
25.4 0.000189958 4.00961e-05 0.000194144
25.41 0.000178684 5.28051e-05 0.000186324
25.42 0.000166909 6.40833e-05 0.000178788
25.43 0.000154755 7.39205e-05 0.000171503
25.44 0.00014237 8.23977e-05 0.000164495
25.45 0.000129856 8.95786e-05 0.000157756
25.46 0.000117303 9.54027e-05 0.000151201
25.47 0.000104909 0.000100065 0.000144979
25.48 9.25768e-05 0.000103461 0.000138833
25.49 8.05753e-05 0.000105782 0.000132974
25.5 6.8879e-05 0.000107082 0.000127322
25.51 5.76181e-05 0.000107324 0.000121812
25.52 4.68048e-05 0.000106732 0.000116544
25.53 3.64779e-05 0.000105243 0.000111385
25.54 2.67759e-05 0.000103025 0.000106448
25.55 1.75858e-05 0.000100182 0.000101714
25.56 9.03865e-06 9.66951e-05 9.71166e-05
25.57 1.19315e-06 9.26011e-05 9.26088e-05
25.58 -6.09137e-06 8.81324e-05 8.83427e-05
25.59 -1.26728e-05 8.32742e-05 8.4233e-05
25.6 -1.86061e-05 7.81113e-05 8.02967e-05
25.61 -2.38886e-05 7.27077e-05 7.65315e-05
25.62 -2.85307e-05 6.70896e-05 7.29042e-05
25.63 -3.25483e-05 6.13189e-05 6.94219e-05
25.64 -3.59211e-05 5.56136e-05 6.62057e-05
25.65 -3.88031e-05 4.98208e-05 6.3149e-05
25.66 -4.10353e-05 4.40821e-05 6.02257e-05
25.67 -4.27707e-05 3.83942e-05 5.74756e-05
25.68 -4.4003e-05 3.28196e-05 5.48943e-05
25.69 -4.4784e-05 2.75371e-05 5.25728e-05
25.7 -4.51426e-05 2.23807e-05 5.0386e-05
25.71 -4.50669e-05 1.74575e-05 4.833e-05
25.72 -4.47017e-05 1.28032e-05 4.64991e-05
25.73 -4.39759e-05 8.41305e-06 4.47735e-05
25.74 -4.29573e-05 4.34314e-06 4.31763e-05
25.75 -4.17813e-05 6.33173e-07 4.17861e-05
25.76 -4.03018e-05 -2.84526e-06 4.04021e-05
25.77 -3.86756e-05 -5.97269e-06 3.91341e-05
25.78 -3.69366e-05 -8.72278e-06 3.79526e-05
25.79 -3.50564e-05 -1.11515e-05 3.67874e-05
25.8 -3.31029e-05 -1.32713e-05 3.56641e-05
25.81 -3.10628e-05 -1.50014e-05 3.44955e-05
25.82 -2.90605e-05 -1.64931e-05 3.34146e-05
25.83 -2.69774e-05 -1.75955e-05 3.22085e-05
25.84 -2.49523e-05 -1.84269e-05 3.10188e-05
25.85 -2.29545e-05 -1.89876e-05 2.97899e-05
25.86 -2.09789e-05 -1.91864e-05 2.84294e-05
25.87 -1.90898e-05 -1.91888e-05 2.70671e-05
25.88 -1.72532e-05 -1.88841e-05 2.5579e-05
25.89 -1.5526e-05 -1.83664e-05 2.40495e-05
25.9 -1.38148e-05 -1.76604e-05 2.24218e-05
25.91 -1.2218e-05 -1.67043e-05 2.06957e-05
25.92 -1.07572e-05 -1.55265e-05 1.88889e-05
25.93 -9.28248e-06 -1.42697e-05 1.70232e-05
25.94 -7.93701e-06 -1.28368e-05 1.50924e-05
25.95 -6.66576e-06 -1.12555e-05 1.30812e-05
25.96 -5.42122e-06 -9.55359e-06 1.09846e-05
25.97 -4.28341e-06 -7.73365e-06 8.84064e-06
25.98 -3.16015e-06 -5.83488e-06 6.63569e-06
25.99 -2.09863e-06 -3.98456e-06 4.50343e-06
26 -1.01381e-06 -1.99816e-06 2.24064e-06
