0 0.0127353 -0.0264454 0.0293521
0.01 0.0254193 -0.0527981 0.0585984
0.02 0.0380011 -0.0789657 0.0876337
0.03 0.05043 -0.104856 0.116353
0.04 0.0626561 -0.13038 0.144653
0.05 0.07463 -0.155446 0.172433
0.06 0.0863035 -0.179968 0.199591
0.07 0.0976296 -0.203859 0.226031
0.08 0.108562 -0.227036 0.251657
0.09 0.119058 -0.249418 0.276377
0.1 0.129074 -0.270927 0.300102
0.11 0.138569 -0.291488 0.322748
0.12 0.147505 -0.311029 0.344233
0.13 0.155846 -0.329482 0.364481
0.14 0.163557 -0.346784 0.383419
0.15 0.170607 -0.362875 0.40098
0.16 0.176967 -0.377698 0.4171
0.17 0.18261 -0.391203 0.431724
0.18 0.187514 -0.403343 0.4448
0.19 0.191657 -0.414078 0.456281
0.2 0.195021 -0.42337 0.466128
0.21 0.197593 -0.431188 0.474306
0.22 0.199361 -0.437507 0.480788
0.23 0.200316 -0.442306 0.485552
0.24 0.200453 -0.445569 0.488582
0.25 0.199771 -0.447286 0.48987
0.26 0.19827 -0.447453 0.489414
0.27 0.195956 -0.446072 0.487216
0.28 0.192835 -0.443149 0.483287
0.29 0.18892 -0.438696 0.477645
0.3 0.184224 -0.432731 0.470313
0.31 0.178764 -0.425276 0.46132
0.32 0.17256 -0.416359 0.450702
0.33 0.165637 -0.406014 0.438501
0.34 0.158019 -0.394279 0.424766
0.35 0.149735 -0.381197 0.409551
0.36 0.140818 -0.366815 0.392916
0.37 0.131301 -0.351187 0.37493
0.38 0.121221 -0.334368 0.355663
0.39 0.110616 -0.316419 0.335197
0.4 0.0995271 -0.297405 0.313616
0.41 0.0879975 -0.277394 0.291017
0.42 0.0760716 -0.256457 0.267502
0.43 0.063796 -0.23467 0.243187
0.44 0.0512182 -0.21211 0.218206
0.45 0.0383874 -0.188857 0.192719
0.46 0.0253539 -0.164993 0.16693
0.47 0.0121686 -0.140604 0.14113
0.48 -0.00111674 -0.115775 0.11578
0.49 -0.0144496 -0.0905932 0.0917383
0.5 -0.0277777 -0.0651476 0.0708223
0.51 -0.041048 -0.0395273 0.0569855
0.52 -0.054208 -0.0138219 0.0559424
0.53 -0.0672055 0.0118787 0.0682472
0.54 -0.0799886 0.0374853 0.0883364
0.55 -0.0925062 0.0629088 0.11187
0.56 -0.104708 0.0880613 0.136816
0.57 -0.116545 0.112856 0.162232
0.58 -0.12797 0.137207 0.187622
0.59 -0.138935 0.161031 0.212683
0.6 -0.149397 0.184247 0.237206
0.61 -0.159313 0.206776 0.261031
0.62 -0.168642 0.228541 0.284026
0.63 -0.177344 0.249468 0.30608
0.64 -0.185385 0.269487 0.327095
0.65 -0.192729 0.288532 0.34698
0.66 -0.199346 0.306538 0.365656
0.67 -0.205207 0.323447 0.383051
0.68 -0.210287 0.339202 0.399098
0.69 -0.214562 0.353754 0.413737
0.7 -0.218013 0.367054 0.426917
0.71 -0.220624 0.37906 0.43859
0.72 -0.22238 0.389736 0.448717
0.73 -0.223273 0.399047 0.457263
0.74 -0.223294 0.406967 0.464201
0.75 -0.222442 0.413472 0.469509
0.76 -0.220714 0.418544 0.473174
0.77 -0.218115 0.422171 0.475187
0.78 -0.214652 0.424345 0.475546
0.79 -0.210334 0.425063 0.474256
0.8 -0.205174 0.424328 0.471328
0.81 -0.199189 0.422147 0.466781
0.82 -0.192399 0.418534 0.460639
0.83 -0.184827 0.413505 0.452932
0.84 -0.176498 0.407083 0.443699
0.85 -0.167442 0.399296 0.432983
0.86 -0.15769 0.390175 0.420836
0.87 -0.147278 0.379757 0.407316
0.88 -0.136242 0.368083 0.392488
0.89 -0.124622 0.355197 0.376425
0.9 -0.11246 0.341149 0.359207
0.91 -0.0998003 0.325991 0.340926
0.92 -0.0866898 0.309781 0.321682
0.93 -0.0731766 0.292578 0.30159
0.94 -0.0593105 0.274445 0.280781
0.95 -0.0451429 0.255449 0.259407
0.96 -0.0307267 0.235657 0.237652
0.97 -0.0161158 0.215143 0.215745
0.98 -0.00136494 0.193978 0.193982
0.99 0.0134702 0.172238 0.172764
1 0.0283336 0.15 0.152653
1.01 0.043169 0.127344 0.134462
1.02 0.0579197 0.104347 0.119344
1.03 0.0725296 0.0810901 0.108794
1.04 0.0869427 0.0576543 0.104322
1.05 0.101103 0.0341203 0.106706
1.06 0.114957 0.010569 0.115442
1.07 0.12845 -0.0129191 0.129098
1.08 0.14153 -0.0362644 0.146102
1.09 0.154146 -0.0593877 0.16519
1.1 0.166247 -0.0822114 0.185464
1.11 0.177787 -0.104659 0.206305
1.12 0.188719 -0.126656 0.227281
1.13 0.199 -0.148131 0.24808
1.14 0.208588 -0.169011 0.268466
1.15 0.217444 -0.189231 0.288254
1.16 0.225532 -0.208723 0.307295
1.17 0.232819 -0.227426 0.325465
1.18 0.239272 -0.245281 0.342658
1.19 0.244866 -0.262232 0.358782
1.2 0.249575 -0.278225 0.37376
1.21 0.253378 -0.293212 0.387522
1.22 0.256256 -0.307147 0.400008
1.23 0.258196 -0.31999 0.411167
1.24 0.259186 -0.331702 0.420955
1.25 0.259218 -0.34225 0.429336
1.26 0.258288 -0.351607 0.43628
1.27 0.256396 -0.359745 0.441764
1.28 0.253545 -0.366646 0.445774
1.29 0.249741 -0.372292 0.448299
1.3 0.244994 -0.376673 0.449338
1.31 0.239319 -0.379781 0.448895
1.32 0.232731 -0.381612 0.446981
1.33 0.225253 -0.382169 0.443612
1.34 0.216908 -0.381456 0.438814
1.35 0.207724 -0.379485 0.432618
1.36 0.19773 -0.376269 0.42506
1.37 0.186961 -0.371828 0.416185
1.38 0.175453 -0.366182 0.406045
1.39 0.163245 -0.359359 0.394699
1.4 0.150381 -0.351388 0.382215
1.41 0.136904 -0.342304 0.368666
1.42 0.122861 -0.332145 0.35414
1.43 0.108303 -0.32095 0.33873
1.44 0.0932801 -0.308764 0.322547
1.45 0.0778461 -0.295634 0.305711
1.46 0.0620559 -0.281609 0.288365
1.47 0.0459661 -0.266743 0.270674
1.48 0.0296343 -0.251089 0.252832
1.49 0.0131194 -0.234707 0.235073
1.5 -0.00351889 -0.217653 0.217682
1.51 -0.0202202 -0.199991 0.20101
1.52 -0.036924 -0.181781 0.185494
1.53 -0.0535691 -0.163089 0.171662
1.54 -0.0700948 -0.143979 0.160135
1.55 -0.0864403 -0.124518 0.15158
1.56 -0.102546 -0.104771 0.146603
1.57 -0.118351 -0.0848062 0.145599
1.58 -0.133799 -0.0646906 0.148617
1.59 -0.14883 -0.0444914 0.155338
1.6 -0.163391 -0.0242756 0.165184
1.61 -0.177424 -0.00410952 0.177472
1.62 -0.19088 0.015941 0.191544
1.63 -0.203705 0.0358111 0.206829
1.64 -0.215853 0.0554373 0.222858
1.65 -0.227276 0.0747571 0.239255
1.66 -0.237931 0.0937097 0.25572
1.67 -0.247777 0.112236 0.272012
1.68 -0.256776 0.13028 0.287935
1.69 -0.264892 0.147785 0.303328
1.7 -0.272093 0.164698 0.318057
1.71 -0.278351 0.180971 0.332008
1.72 -0.28364 0.196554 0.345087
1.73 -0.287937 0.211403 0.35721
1.74 -0.291225 0.225475 0.368308
1.75 -0.293489 0.238731 0.378323
1.76 -0.294716 0.251135 0.387203
1.77 -0.294901 0.262653 0.394909
1.78 -0.294038 0.273256 0.401407
1.79 -0.292128 0.282917 0.40667
1.8 -0.289175 0.291612 0.410682
1.81 -0.285187 0.299321 0.41343
1.82 -0.280174 0.306027 0.41491
1.83 -0.274152 0.311718 0.415124
1.84 -0.26714 0.316384 0.41408
1.85 -0.259159 0.320018 0.411795
1.86 -0.250237 0.322617 0.40829
1.87 -0.240401 0.324182 0.403593
1.88 -0.229686 0.324717 0.397739
1.89 -0.218127 0.324228 0.390772
1.9 -0.205762 0.322725 0.38274
1.91 -0.192634 0.320223 0.373699
1.92 -0.178789 0.316737 0.363714
1.93 -0.164272 0.312288 0.352858
1.94 -0.149135 0.306897 0.341214
1.95 -0.133429 0.30059 0.328873
1.96 -0.11721 0.293394 0.31594
1.97 -0.100533 0.285341 0.302533
1.98 -0.0834561 0.276462 0.288784
1.99 -0.06604 0.266793 0.274845
2 -0.0483451 0.256372 0.260891
2.01 -0.0304335 0.245237 0.247118
2.02 -0.0123683 0.23343 0.233757
2.03 0.0057872 0.220993 0.221069
2.04 0.0239687 0.207971 0.209348
2.05 0.0421122 0.19441 0.198918
2.06 0.0601535 0.180356 0.190123
2.07 0.0780287 0.165857 0.183295
2.08 0.0956745 0.150964 0.178728
2.09 0.113028 0.135724 0.176625
2.1 0.130028 0.120188 0.177066
2.11 0.146614 0.104407 0.17999
2.12 0.162726 0.088431 0.185202
2.13 0.178308 0.0723116 0.192413
2.14 0.193304 0.0560993 0.20128
2.15 0.207659 0.0398441 0.211447
2.16 0.221323 0.0235966 0.222578
2.17 0.234247 0.00740577 0.234364
2.18 0.246384 -0.00867935 0.246537
2.19 0.257691 -0.0246111 0.258864
2.2 0.268127 -0.0403425 0.271145
2.21 0.277654 -0.0558279 0.283211
2.22 0.286238 -0.0710227 0.294918
2.23 0.293848 -0.0858839 0.306141
2.24 0.300455 -0.10037 0.316777
2.25 0.306036 -0.114441 0.326734
2.26 0.310571 -0.128058 0.335936
2.27 0.314042 -0.141185 0.344319
2.28 0.316436 -0.153788 0.351827
2.29 0.317744 -0.165833 0.358416
2.3 0.31796 -0.177291 0.364048
2.31 0.317083 -0.188133 0.368695
2.32 0.315115 -0.198331 0.372335
2.33 0.312063 -0.207863 0.374954
2.34 0.307935 -0.216707 0.376545
2.35 0.302747 -0.224842 0.377107
2.36 0.296514 -0.232253 0.376646
2.37 0.289259 -0.238922 0.375173
2.38 0.281007 -0.24484 0.372708
2.39 0.271784 -0.249994 0.369274
2.4 0.261624 -0.254377 0.364904
2.41 0.250561 -0.257985 0.359634
2.42 0.238633 -0.260812 0.353509
2.43 0.225882 -0.26286 0.346581
2.44 0.212351 -0.264129 0.338906
2.45 0.198088 -0.264623 0.330551
2.46 0.183141 -0.264347 0.32159
2.47 0.167564 -0.263311 0.312106
2.48 0.151408 -0.261523 0.30219
2.49 0.134731 -0.258997 0.291945
2.5 0.11759 -0.255745 0.281484
2.51 0.100045 -0.251786 0.270934
2.52 0.0821555 -0.247135 0.260433
2.53 0.0639846 -0.241814 0.250136
2.54 0.0455945 -0.235843 0.24021
2.55 0.0270491 -0.229245 0.230835
2.56 0.00841222 -0.222045 0.222204
2.57 -0.0102518 -0.214269 0.214514
2.58 -0.0288785 -0.205943 0.207958
2.59 -0.0474039 -0.197097 0.202718
2.6 -0.0657641 -0.18776 0.198944
2.61 -0.0838962 -0.177963 0.196747
2.62 -0.101738 -0.167737 0.196179
2.63 -0.119228 -0.157114 0.197231
2.64 -0.136307 -0.146129 0.199833
2.65 -0.152916 -0.134814 0.203858
2.66 -0.168999 -0.123205 0.209141
2.67 -0.184501 -0.111335 0.215491
2.68 -0.199369 -0.099241 0.222704
2.69 -0.213554 -0.0869572 0.23058
2.7 -0.227008 -0.0745196 0.238926
2.71 -0.239684 -0.0619637 0.247564
2.72 -0.251542 -0.0493252 0.256332
2.73 -0.262541 -0.0366393 0.265085
2.74 -0.272645 -0.0239414 0.273694
2.75 -0.28182 -0.0112664 0.282046
2.76 -0.290038 0.00135137 0.290041
2.77 -0.297271 0.0138779 0.297595
2.78 -0.303496 0.0262799 0.304632
2.79 -0.308694 0.0385244 0.311088
2.8 -0.312848 0.0505797 0.316911
2.81 -0.315947 0.0624144 0.322053
2.82 -0.317982 0.0739984 0.326479
2.83 -0.318949 0.0853021 0.330159
2.84 -0.318845 0.0962974 0.333069
2.85 -0.317674 0.106957 0.335196
2.86 -0.315441 0.117255 0.336529
2.87 -0.312158 0.127165 0.337066
2.88 -0.307837 0.136666 0.33681
2.89 -0.302495 0.145733 0.33577
2.9 -0.296153 0.154346 0.33396
2.91 -0.288836 0.162486 0.331403
2.92 -0.28057 0.170133 0.328123
2.93 -0.271386 0.177271 0.324153
2.94 -0.261317 0.183885 0.319531
2.95 -0.2504 0.18996 0.314301
2.96 -0.238675 0.195484 0.308512
2.97 -0.226183 0.200446 0.302221
2.98 -0.212969 0.204837 0.295489
2.99 -0.19908 0.208649 0.288387
3 -0.184565 0.211875 0.28099
3.01 -0.169474 0.214511 0.27338
3.02 -0.153862 0.216553 0.265648
3.03 -0.137782 0.218 0.257891
3.04 -0.12129 0.218852 0.250215
3.05 -0.104443 0.219109 0.242729
3.06 -0.0873001 0.218776 0.235551
3.07 -0.0699191 0.217855 0.2288
3.08 -0.0523599 0.216354 0.222599
3.09 -0.0346823 0.214278 0.217067
3.1 -0.0169464 0.211638 0.212315
3.11 0.000787831 0.208442 0.208444
3.12 0.0184606 0.204703 0.205534
3.13 0.0360128 0.200433 0.203643
3.14 0.0533856 0.195647 0.202799
3.15 0.0705214 0.190358 0.203001
3.16 0.0873635 0.184585 0.204215
3.17 0.103856 0.178343 0.206379
3.18 0.119946 0.171653 0.209408
3.19 0.135581 0.164534 0.213198
3.2 0.150709 0.157006 0.217633
3.21 0.165283 0.149091 0.222591
3.22 0.179256 0.140812 0.227949
3.23 0.192584 0.132192 0.233588
3.24 0.205225 0.123255 0.239393
3.25 0.21714 0.114026 0.245258
3.26 0.228292 0.104531 0.251086
3.27 0.238649 0.0947953 0.256787
3.28 0.248178 0.0848457 0.262281
3.29 0.256853 0.0747092 0.267498
3.3 0.264648 0.0644132 0.272374
3.31 0.271542 0.0539854 0.276857
3.32 0.277517 0.0434539 0.280898
3.33 0.282557 0.0328465 0.28446
3.34 0.28665 0.0221918 0.287508
3.35 0.289788 0.0115177 0.290017
3.36 0.291966 0.000852573 0.291967
3.37 0.293181 -0.00977536 0.293344
3.38 0.293435 -0.0203383 0.294139
3.39 0.292732 -0.0308086 0.294348
3.4 0.29108 -0.0411587 0.293975
3.41 0.288489 -0.0513617 0.293026
3.42 0.284975 -0.0613911 0.291513
3.43 0.280554 -0.0712208 0.289453
3.44 0.275246 -0.0808252 0.286868
3.45 0.269074 -0.0901797 0.283784
3.46 0.262064 -0.0992601 0.280232
3.47 0.254244 -0.108043 0.276249
3.48 0.245645 -0.116506 0.271873
3.49 0.236301 -0.124627 0.267151
3.5 0.226246 -0.132386 0.262132
3.51 0.21552 -0.139763 0.25687
3.52 0.204161 -0.146739 0.251424
3.53 0.192212 -0.153297 0.245856
3.54 0.179715 -0.15942 0.240234
3.55 0.166716 -0.165093 0.234627
3.56 0.153261 -0.170301 0.22911
3.57 0.139398 -0.175033 0.223759
3.58 0.125174 -0.179276 0.218652
3.59 0.11064 -0.183021 0.213864
3.6 0.0958443 -0.186257 0.209471
3.61 0.0808386 -0.188979 0.205543
3.62 0.0656734 -0.191179 0.202145
3.63 0.0503996 -0.192854 0.199331
3.64 0.0350681 -0.193999 0.197143
3.65 0.0197295 -0.194613 0.195611
3.66 0.00443414 -0.194695 0.194746
3.67 -0.0107683 -0.194247 0.194545
3.68 -0.0258288 -0.193271 0.194989
3.69 -0.0406993 -0.19177 0.196041
3.7 -0.0553326 -0.18975 0.197654
3.71 -0.0696831 -0.187218 0.199766
3.72 -0.0837061 -0.184182 0.202311
3.73 -0.0973586 -0.18065 0.205215
3.74 -0.110599 -0.176634 0.208403
3.75 -0.123388 -0.172147 0.2118
3.76 -0.135688 -0.1672 0.21533
3.77 -0.147463 -0.161809 0.218923
3.78 -0.158678 -0.15599 0.222512
3.79 -0.169304 -0.149759 0.226034
3.8 -0.179309 -0.143135 0.229433
3.81 -0.188668 -0.136136 0.232656
3.82 -0.197356 -0.128784 0.235658
3.83 -0.20535 -0.121098 0.238397
3.84 -0.212632 -0.113101 0.24084
3.85 -0.219183 -0.104816 0.242956
3.86 -0.22499 -0.0962657 0.24472
3.87 -0.230042 -0.0874751 0.246112
3.88 -0.234328 -0.0784691 0.247117
3.89 -0.237842 -0.0692729 0.247725
3.9 -0.240581 -0.0599126 0.247929
3.91 -0.242542 -0.0504146 0.247726
3.92 -0.243728 -0.0408057 0.24712
3.93 -0.244142 -0.0311127 0.246116
3.94 -0.24379 -0.021363 0.244724
3.95 -0.242681 -0.0115839 0.242957
3.96 -0.240826 -0.00180255 0.240833
3.97 -0.238239 0.00795358 0.238372
3.98 -0.234936 0.0176573 0.235598
3.99 -0.230934 0.0272817 0.23254
4 -0.226253 0.0368 0.229226
4.01 -0.220915 0.046186 0.225691
4.02 -0.214945 0.0554135 0.221973
4.03 -0.208367 0.0644574 0.218109
4.04 -0.20121 0.0732926 0.214143
4.05 -0.193501 0.0818951 0.210118
4.06 -0.185273 0.0902412 0.206081
4.07 -0.176555 0.0983085 0.20208
4.08 -0.167381 0.106075 0.198162
4.09 -0.157786 0.11352 0.194378
4.1 -0.147803 0.120622 0.190776
4.11 -0.137469 0.127365 0.187402
4.12 -0.12682 0.133729 0.184301
4.13 -0.115893 0.139697 0.181512
4.14 -0.104726 0.145255 0.179072
4.15 -0.0933557 0.150388 0.177008
4.16 -0.0818206 0.155083 0.175344
4.17 -0.0701584 0.159328 0.174091
4.18 -0.058407 0.163113 0.173255
4.19 -0.0466038 0.166428 0.17283
4.2 -0.0347862 0.169266 0.172804
4.21 -0.0229908 0.171621 0.173154
4.22 -0.011254 0.173488 0.173852
4.23 0.000388885 0.174862 0.174863
4.24 0.0119029 0.175743 0.176146
4.25 0.0232545 0.17613 0.177658
4.26 0.0344106 0.176023 0.179355
4.27 0.0453396 0.175425 0.181189
4.28 0.0560109 0.174339 0.183115
4.29 0.0663953 0.17277 0.185088
4.3 0.0764646 0.170725 0.187066
4.31 0.0861925 0.168211 0.189008
4.32 0.0955537 0.165238 0.190877
4.33 0.104525 0.161815 0.192639
4.34 0.113084 0.157956 0.194262
4.35 0.12121 0.153671 0.195721
4.36 0.128885 0.148976 0.19699
4.37 0.136092 0.143884 0.19805
4.38 0.142815 0.138414 0.198884
4.39 0.149042 0.132581 0.199477
4.4 0.154759 0.126404 0.199821
4.41 0.159958 0.119902 0.199908
4.42 0.164629 0.113095 0.199733
4.43 0.168767 0.106003 0.199296
4.44 0.172366 0.0986478 0.198599
4.45 0.175424 0.0910518 0.197646
4.46 0.177939 0.0832372 0.196445
4.47 0.179912 0.0752274 0.195006
4.48 0.181344 0.0670457 0.193341
4.49 0.182239 0.0587162 0.191465
4.5 0.182603 0.0502631 0.189394
4.51 0.182441 0.0417108 0.187149
4.52 0.181763 0.033084 0.184749
4.53 0.180577 0.0244073 0.18222
4.54 0.178895 0.0157053 0.179583
4.55 0.176729 0.00700274 0.176868
4.56 0.174092 -0.00167605 0.1741
4.57 0.170999 -0.0103067 0.171309
4.58 0.167465 -0.0188654 0.168524
4.59 0.163507 -0.0273285 0.165775
4.6 0.159143 -0.0356727 0.163092
4.61 0.154391 -0.0438754 0.160504
4.62 0.14927 -0.0519145 0.15804
4.63 0.143801 -0.0597682 0.155728
4.64 0.138005 -0.067416 0.153591
4.65 0.131901 -0.0748374 0.151653
4.66 0.125513 -0.0820132 0.149932
4.67 0.118862 -0.0889247 0.148444
4.68 0.11197 -0.0955542 0.1472
4.69 0.104861 -0.101885 0.146207
4.7 0.0975568 -0.107901 0.145465
4.71 0.0900808 -0.113588 0.144972
4.72 0.0824558 -0.118932 0.14472
4.73 0.074705 -0.12392 0.144696
4.74 0.0668511 -0.12854 0.144885
4.75 0.0589172 -0.132783 0.145267
4.76 0.0509253 -0.136637 0.145819
4.77 0.042898 -0.140096 0.146517
4.78 0.0348571 -0.143152 0.147335
4.79 0.0268241 -0.145799 0.148246
4.8 0.01882 -0.148033 0.149225
4.81 0.0108654 -0.14985 0.150243
4.82 0.00298023 -0.151247 0.151276
4.83 -0.00481585 -0.152224 0.1523
4.84 -0.0125042 -0.15278 0.15329
4.85 -0.0200666 -0.152916 0.154227
4.86 -0.0274856 -0.152635 0.15509
4.87 -0.0347443 -0.15194 0.155862
4.88 -0.0418269 -0.150836 0.156528
4.89 -0.048718 -0.149328 0.157074
4.9 -0.0554031 -0.147423 0.15749
4.91 -0.0618687 -0.145129 0.157766
4.92 -0.0681018 -0.142454 0.157896
4.93 -0.0740904 -0.139408 0.157874
4.94 -0.0798233 -0.136002 0.157697
4.95 -0.0852902 -0.132247 0.157365
4.96 -0.0904816 -0.128155 0.156878
4.97 -0.0953888 -0.12374 0.156239
4.98 -0.100004 -0.119015 0.155452
4.99 -0.10432 -0.113995 0.154524
5 -0.108331 -0.108696 0.153462
5.01 -0.112032 -0.103134 0.152275
5.02 -0.115418 -0.0973237 0.150974
5.03 -0.118485 -0.091284 0.149571
5.04 -0.12123 -0.0850317 0.148078
5.05 -0.123652 -0.0785851 0.146511
5.06 -0.125748 -0.0719622 0.144883
5.07 -0.127519 -0.065182 0.143212
5.08 -0.128964 -0.0582631 0.141514
5.09 -0.130084 -0.0512251 0.139806
5.1 -0.13088 -0.0440868 0.138106
5.11 -0.131355 -0.0368683 0.136431
5.12 -0.131511 -0.0295885 0.134798
5.13 -0.131351 -0.0222674 0.133225
5.14 -0.13088 -0.0149242 0.131728
5.15 -0.130102 -0.00757858 0.130322
5.16 -0.129022 -0.000249643 0.129022
5.17 -0.127645 0.00704337 0.127839
5.18 -0.125978 0.0142817 0.126785
5.19 -0.124028 0.0214466 0.125868
5.2 -0.1218 0.0285199 0.125095
5.21 -0.119303 0.0354835 0.124468
5.22 -0.116545 0.04232 0.123991
5.23 -0.113534 0.049012 0.123661
5.24 -0.110278 0.0555433 0.123476
5.25 -0.106787 0.0618974 0.123429
5.26 -0.103069 0.0680589 0.123512
5.27 -0.0991352 0.0740127 0.123716
5.28 -0.0949946 0.0797446 0.124029
5.29 -0.0906578 0.0852406 0.124438
5.3 -0.0861352 0.0904878 0.124929
5.31 -0.0814376 0.0954738 0.125488
5.32 -0.0765759 0.100187 0.1261
5.33 -0.0715615 0.104616 0.12675
5.34 -0.0664057 0.108752 0.127423
5.35 -0.0611201 0.112583 0.128104
5.36 -0.0557165 0.116104 0.12878
5.37 -0.0502069 0.119304 0.129438
5.38 -0.0446032 0.122178 0.130065
5.39 -0.0389178 0.124719 0.13065
5.4 -0.0331628 0.126922 0.131183
5.41 -0.0273509 0.128783 0.131655
5.42 -0.0214944 0.130298 0.132059
5.43 -0.0156058 0.131464 0.132387
5.44 -0.0096979 0.13228 0.132635
5.45 -0.0037833 0.132744 0.132798
5.46 0.00212544 0.132857 0.132874
5.47 0.00801546 0.13262 0.132862
5.48 0.0138742 0.132033 0.13276
5.49 0.0196889 0.1311 0.13257
5.5 0.0254471 0.129824 0.132294
5.51 0.0311361 0.128209 0.131935
5.52 0.0367435 0.126259 0.131497
5.53 0.0422568 0.123981 0.130985
5.54 0.0476642 0.121382 0.130405
5.55 0.0529529 0.118468 0.129764
5.56 0.0581116 0.115248 0.12907
5.57 0.063128 0.11173 0.128331
5.58 0.067991 0.107925 0.127556
5.59 0.0726889 0.103842 0.126755
5.6 0.0772109 0.0994918 0.125937
5.61 0.0815459 0.0948869 0.125113
5.62 0.0856837 0.090039 0.124293
5.63 0.0896138 0.0849612 0.123487
5.64 0.0933266 0.0796665 0.122705
5.65 0.0968126 0.0741691 0.121958
5.66 0.100063 0.0684831 0.121254
5.67 0.103068 0.0626238 0.120602
5.68 0.105821 0.0566061 0.12001
5.69 0.108313 0.0504461 0.119485
5.7 0.110538 0.0441596 0.119033
5.71 0.112489 0.0377633 0.118658
5.72 0.114159 0.0312736 0.118365
5.73 0.115543 0.0247079 0.118155
5.74 0.116637 0.0180831 0.11803
5.75 0.117435 0.0114169 0.117989
5.76 0.117935 0.00472654 0.118029
5.77 0.118133 -0.00197012 0.118149
5.78 0.118027 -0.00865553 0.118344
5.79 0.117615 -0.0153118 0.118608
5.8 0.116898 -0.0219215 0.118935
5.81 0.115874 -0.0284667 0.119319
5.82 0.114544 -0.0349302 0.119752
5.83 0.11291 -0.0412944 0.120225
5.84 0.110975 -0.0475423 0.12073
5.85 0.10874 -0.0536568 0.121258
5.86 0.106211 -0.0596215 0.121801
5.87 0.103392 -0.06542 0.12235
5.88 0.100288 -0.0710365 0.122897
5.89 0.0969052 -0.0764552 0.123434
5.9 0.0932515 -0.0816614 0.123953
5.91 0.0893348 -0.0866403 0.124448
5.92 0.0851635 -0.0913781 0.124911
5.93 0.0807474 -0.0958612 0.125338
5.94 0.0760966 -0.100077 0.125722
5.95 0.0712225 -0.104013 0.126061
5.96 0.0661366 -0.107658 0.12635
5.97 0.0608518 -0.111002 0.126587
5.98 0.055381 -0.114034 0.126771
5.99 0.0497385 -0.116745 0.126899
6 0.0439386 -0.119127 0.126972
6.01 0.0379967 -0.121172 0.12699
6.02 0.0319284 -0.122875 0.126955
6.03 0.0257501 -0.124228 0.126869
6.04 0.0194786 -0.125228 0.126734
6.05 0.0131311 -0.125871 0.126554
6.06 0.00672528 -0.126154 0.126334
6.07 0.000279278 -0.126076 0.126076
6.08 -0.00618883 -0.125634 0.125787
6.09 -0.0126602 -0.124831 0.125471
6.1 -0.0191163 -0.123666 0.125135
6.11 -0.0255379 -0.122143 0.124784
6.12 -0.0319061 -0.120265 0.124425
6.13 -0.0382019 -0.118035 0.124064
6.14 -0.0444063 -0.115461 0.123706
6.15 -0.0505001 -0.112547 0.123357
6.16 -0.0564647 -0.109302 0.123025
6.17 -0.0622815 -0.105733 0.122713
6.18 -0.0679322 -0.101851 0.122427
6.19 -0.0733987 -0.097666 0.122172
6.2 -0.0786636 -0.0931892 0.121952
6.21 -0.0837097 -0.088433 0.121769
6.22 -0.0885204 -0.0834107 0.121627
6.23 -0.0930796 -0.0781362 0.121528
6.24 -0.0973723 -0.0726247 0.121473
6.25 -0.101383 -0.0668917 0.121462
6.26 -0.105099 -0.0609537 0.121496
6.27 -0.108506 -0.0548281 0.121572
6.28 -0.111593 -0.0485324 0.12169
6.29 -0.114348 -0.0420854 0.121847
6.3 -0.11676 -0.0355059 0.12204
6.31 -0.118821 -0.0288137 0.122265
6.32 -0.120522 -0.0220285 0.122519
6.33 -0.121856 -0.015171 0.122797
6.34 -0.122817 -0.00826165 0.123095
6.35 -0.1234 -0.00132172 0.123407
6.36 -0.123601 0.00562769 0.123729
6.37 -0.123417 0.0125652 0.124055
6.38 -0.122849 0.0194693 0.124382
6.39 -0.121894 0.0263185 0.124703
6.4 -0.120556 0.0330915 0.125015
6.41 -0.118836 0.0397668 0.125313
6.42 -0.116738 0.0463236 0.125593
6.43 -0.114267 0.0527407 0.125851
6.44 -0.111429 0.0589979 0.126084
6.45 -0.108233 0.0650749 0.12629
6.46 -0.104686 0.0709521 0.126465
6.47 -0.1008 0.0766104 0.126609
6.48 -0.096585 0.0820313 0.126719
6.49 -0.0920537 0.0871969 0.126796
6.5 -0.0872197 0.0920903 0.126838
6.51 -0.0820977 0.0966948 0.126846
6.52 -0.0767034 0.100995 0.126821
6.53 -0.0710536 0.104977 0.126763
6.54 -0.0651659 0.108626 0.126674
6.55 -0.0590591 0.111931 0.126556
6.56 -0.0527524 0.114879 0.126412
6.57 -0.0462662 0.11746 0.126244
6.58 -0.0396214 0.119666 0.126055
6.59 -0.0328398 0.121487 0.125847
6.6 -0.0259432 0.122918 0.125626
6.61 -0.0189547 0.123951 0.125392
6.62 -0.011897 0.124585 0.125151
6.63 -0.00479402 0.124814 0.124906
6.64 0.00233091 0.124638 0.12466
6.65 0.0094536 0.124057 0.124417
6.66 0.0165502 0.123071 0.124179
6.67 0.0235965 0.121684 0.12395
6.68 0.0305688 0.119897 0.123733
6.69 0.037443 0.117718 0.12353
6.7 0.0441957 0.115153 0.123343
6.71 0.0508037 0.112208 0.123173
6.72 0.057244 0.108894 0.123024
6.73 0.0634944 0.105221 0.122894
6.74 0.0695332 0.1012 0.122786
6.75 0.0753391 0.0968448 0.122698
6.76 0.080892 0.0921692 0.122632
6.77 0.086172 0.0871884 0.122586
6.78 0.091161 0.0819188 0.12256
6.79 0.0958408 0.0763779 0.122552
6.8 0.100195 0.070584 0.122561
6.81 0.104208 0.0645565 0.122584
6.82 0.107865 0.0583155 0.12262
6.83 0.111154 0.0518821 0.122666
6.84 0.114062 0.0452781 0.12272
6.85 0.116579 0.0385258 0.12278
6.86 0.118695 0.0316481 0.122842
6.87 0.120403 0.0246687 0.122904
6.88 0.121696 0.0176114 0.122964
6.89 0.12257 0.0105003 0.123019
6.9 0.12302 0.00336018 0.123066
6.91 0.123046 -0.00378452 0.123104
6.92 0.122646 -0.010909 0.12313
6.93 0.121821 -0.0179885 0.123142
6.94 0.120575 -0.0249985 0.123139
6.95 0.118911 -0.0319144 0.123119
6.96 0.116835 -0.0387122 0.123082
6.97 0.114355 -0.0453679 0.123025
6.98 0.111478 -0.0518585 0.12295
6.99 0.108215 -0.0581609 0.122854
7 0.104578 -0.0642531 0.122739
7.01 0.100579 -0.0701135 0.122605
7.02 0.0962321 -0.0757216 0.122451
7.03 0.0915533 -0.0810574 0.12228
7.04 0.0865594 -0.0861023 0.122091
7.05 0.0812679 -0.0908381 0.121885
7.06 0.075698 -0.0952484 0.121665
7.07 0.0698696 -0.0993173 0.121432
7.08 0.0638039 -0.103031 0.121187
7.09 0.0575224 -0.106375 0.120932
7.1 0.0510482 -0.109339 0.120668
7.11 0.0444044 -0.111911 0.120399
7.12 0.0376153 -0.114084 0.120125
7.13 0.0307053 -0.115848 0.119848
7.14 0.0236997 -0.117199 0.119571
7.15 0.0166239 -0.118131 0.119295
7.16 0.00950338 -0.118642 0.119022
7.17 0.00236438 -0.118729 0.118752
7.18 -0.00476735 -0.118393 0.118489
7.19 -0.0118658 -0.117635 0.118232
7.2 -0.0189051 -0.116458 0.117983
7.21 -0.0258595 -0.114867 0.117742
7.22 -0.0327039 -0.112869 0.117511
7.23 -0.0394132 -0.11047 0.11729
7.24 -0.0459631 -0.10768 0.117079
7.25 -0.0523296 -0.104509 0.116878
7.26 -0.0584897 -0.10097 0.116687
7.27 -0.0644208 -0.0970752 0.116506
7.28 -0.0701018 -0.09284 0.116334
7.29 -0.0755115 -0.08828 0.116169
7.3 -0.080631 -0.0834125 0.116013
7.31 -0.0854413 -0.0782557 0.115863
7.32 -0.0899254 -0.072829 0.115718
7.33 -0.094067 -0.0671527 0.115577
7.34 -0.0978515 -0.0612482 0.115439
7.35 -0.101265 -0.0551376 0.115303
7.36 -0.104296 -0.0488438 0.115167
7.37 -0.106934 -0.0423903 0.11503
7.38 -0.10917 -0.0358014 0.11489
7.39 -0.110995 -0.0291018 0.114747
7.4 -0.112405 -0.0223165 0.114599
7.41 -0.113394 -0.0154708 0.114445
7.42 -0.11396 -0.00859056 0.114284
7.43 -0.114102 -0.00170128 0.114114
7.44 -0.113819 0.0051712 0.113937
7.45 -0.113114 0.0120013 0.113749
7.46 -0.111991 0.0187636 0.113552
7.47 -0.110454 0.0254326 0.113344
7.48 -0.10851 0.0319839 0.113126
7.49 -0.106168 0.038393 0.112897
7.5 -0.103438 0.044636 0.112658
7.51 -0.10033 0.0506899 0.112408
7.52 -0.0968567 0.0565323 0.112148
7.53 -0.0930333 0.0621417 0.111878
7.54 -0.0888746 0.0674974 0.1116
7.55 -0.0843971 0.0725798 0.111314
7.56 -0.0796189 0.0773704 0.11102
7.57 -0.0745588 0.0818517 0.110719
7.58 -0.069237 0.0860075 0.110413
7.59 -0.0636743 0.0898229 0.110103
7.6 -0.0578926 0.0932843 0.109788
7.61 -0.0519147 0.0963794 0.109472
7.62 -0.045764 0.0990974 0.109154
7.63 -0.0394643 0.101429 0.108836
7.64 -0.0330405 0.103367 0.108519
7.65 -0.0265173 0.104904 0.108203
7.66 -0.0199203 0.106035 0.10789
7.67 -0.0132749 0.106759 0.107581
7.68 -0.00660678 0.107072 0.107276
7.69 5.81639e-05 0.106976 0.106976
7.7 0.0066944 0.106471 0.106681
7.71 0.0132764 0.105561 0.106393
7.72 0.0197788 0.104251 0.10611
7.73 0.0261768 0.102546 0.105835
7.74 0.0324461 0.100456 0.105565
7.75 0.0385627 0.0979879 0.105303
7.76 0.0445034 0.0951541 0.105047
7.77 0.0502458 0.0919662 0.104797
7.78 0.0557682 0.088438 0.104553
7.79 0.06105 0.0845838 0.104315
7.8 0.0660713 0.0804203 0.104081
7.81 0.0708135 0.075964 0.103851
7.82 0.0752593 0.0712339 0.103625
7.83 0.0793921 0.0662489 0.103402
7.84 0.083197 0.0610297 0.103181
7.85 0.0866603 0.0555971 0.102961
7.86 0.0897697 0.0499733 0.102742
7.87 0.0925142 0.044181 0.102522
7.88 0.0948845 0.0382434 0.102302
7.89 0.0968726 0.0321841 0.102079
7.9 0.0984722 0.0260276 0.101854
7.91 0.0996783 0.0197982 0.101625
7.92 0.100488 0.0135209 0.101393
7.93 0.100899 0.00722021 0.101157
7.94 0.100912 0.00092125 0.100916
7.95 0.100527 -0.00535124 0.10067
7.96 0.0997494 -0.0115726 0.100418
7.97 0.0985819 -0.0177186 0.100162
7.98 0.0970314 -0.023765 0.0998993
7.99 0.0951051 -0.0296885 0.0996313
8 0.0928127 -0.0354662 0.0993582
8.01 0.0901643 -0.0410755 0.0990798
8.02 0.0871721 -0.0464951 0.0987966
8.03 0.0838492 -0.0517041 0.0985089
8.04 0.0802102 -0.0566828 0.0982172
8.05 0.0762709 -0.0614121 0.0979219
8.06 0.0720483 -0.0658744 0.0976237
8.07 0.0675601 -0.0700528 0.097323
8.08 0.0628257 -0.0739321 0.0970207
8.09 0.0578646 -0.0774978 0.0967172
8.1 0.0526981 -0.0807371 0.0964135
8.11 0.0473472 -0.0836381 0.0961098
8.12 0.0418344 -0.0861911 0.0958072
8.13 0.0361824 -0.0883868 0.095506
8.14 0.0304145 -0.0902183 0.0952071
8.15 0.0245541 -0.0916795 0.0949107
8.16 0.0186255 -0.0927664 0.0946177
8.17 0.0126525 -0.0934757 0.0943281
8.18 0.00665959 -0.0938068 0.0940429
8.19 0.000670778 -0.0937594 0.0937618
8.2 -0.00528973 -0.0933356 0.0934854
8.21 -0.011198 -0.0925386 0.0932137
8.22 -0.0170305 -0.0913733 0.0929468
8.23 -0.0227639 -0.0898458 0.0926847
8.24 -0.0283755 -0.0879641 0.0924275
8.25 -0.0338432 -0.085737 0.0921748
8.26 -0.0391454 -0.0831752 0.0919265
8.27 -0.0442614 -0.0802905 0.0916822
8.28 -0.0491713 -0.077096 0.0914418
8.29 -0.053856 -0.0736059 0.0912047
8.3 -0.0582977 -0.0698357 0.0909705
8.31 -0.0624792 -0.0658019 0.0907388
8.32 -0.0663847 -0.0615221 0.0905091
8.33 -0.0699997 -0.0570146 0.0902808
8.34 -0.0733107 -0.052299 0.0900536
8.35 -0.0763055 -0.0473952 0.0898267
8.36 -0.0789735 -0.0423241 0.0895999
8.37 -0.081305 -0.0371071 0.0893725
8.38 -0.0832923 -0.031766 0.0891442
8.39 -0.0849287 -0.0263234 0.0889146
8.4 -0.0862092 -0.0208019 0.0886834
8.41 -0.0871301 -0.0152242 0.0884501
8.42 -0.0876893 -0.00961374 0.0882147
8.43 -0.0878861 -0.00399327 0.0879768
8.44 -0.0877216 0.00161382 0.0877365
8.45 -0.0871978 0.00718492 0.0874933
8.46 -0.0863189 0.012697 0.0872477
8.47 -0.0850897 0.018128 0.0869993
8.48 -0.0835173 0.0234558 0.0867486
8.49 -0.0816094 0.028659 0.0864953
8.5 -0.0793758 0.0337167 0.08624
8.51 -0.0768268 0.0386089 0.0859826
8.52 -0.0739748 0.043316 0.0857236
8.53 -0.0708325 0.0478195 0.0854632
8.54 -0.0674147 0.0521019 0.0852018
8.55 -0.0637365 0.0561463 0.0849397
8.56 -0.0598144 0.0599373 0.0846772
8.57 -0.0556657 0.0634602 0.0844149
8.58 -0.0513089 0.0667017 0.084153
8.59 -0.0467627 0.0696497 0.0838917
8.6 -0.0420471 0.0722933 0.0836318
8.61 -0.0371821 0.074623 0.0833732
8.62 -0.0321891 0.0766304 0.0831166
8.63 -0.0270889 0.0783088 0.0828618
8.64 -0.0219036 0.0796529 0.0826096
8.65 -0.0166549 0.0806582 0.0823598
8.66 -0.0113651 0.0813225 0.0821129
8.67 -0.00605633 0.0816444 0.0818687
8.68 -0.000750917 0.0816242 0.0816276
8.69 0.00452923 0.0812634 0.0813895
8.7 0.00976204 0.0805654 0.0811546
8.71 0.014926 0.0795342 0.0809226
8.72 0.0199998 0.0781761 0.0806938
8.73 0.0249626 0.0764979 0.0804678
8.74 0.0297943 0.0745084 0.0802447
8.75 0.0344753 0.0722171 0.0800241
8.76 0.0389866 0.0696353 0.0798062
8.77 0.0433101 0.0667747 0.0795904
8.78 0.0474287 0.0636491 0.0793768
8.79 0.0513259 0.0602723 0.079165
8.8 0.0549865 0.05666 0.0789549
8.81 0.0583962 0.0528282 0.078746
8.82 0.0615419 0.0487943 0.0785385
8.83 0.0644114 0.0445759 0.0783316
8.84 0.0669942 0.0401918 0.0781256
8.85 0.0692806 0.035661 0.0779199
8.86 0.0712623 0.0310036 0.0777145
8.87 0.0729324 0.0262394 0.077509
8.88 0.0742855 0.0213893 0.0773036
8.89 0.075317 0.016474 0.0770976
8.9 0.0760244 0.0115146 0.0768914
8.91 0.0764058 0.00653233 0.0766846
8.92 0.0764614 0.00154822 0.0764771
8.93 0.0761923 -0.00341665 0.0762689
8.94 0.0756014 -0.00834113 0.0760601
8.95 0.0746922 -0.0132049 0.0758505
8.96 0.0734704 -0.0179872 0.0756402
8.97 0.0719424 -0.0226686 0.0754292
8.98 0.0701162 -0.0272293 0.0752178
8.99 0.0680006 -0.0316506 0.0750056
9 0.0656064 -0.0359145 0.0747934
9.01 0.0629445 -0.0400034 0.0745807
9.02 0.0600278 -0.0439008 0.0743682
9.03 0.0568696 -0.047591 0.0741556
9.04 0.0534846 -0.0510592 0.0739435
9.05 0.0498879 -0.0542915 0.0737318
9.06 0.0460962 -0.0572754 0.073521
9.07 0.0421262 -0.0599991 0.073311
9.08 0.0379957 -0.0624523 0.0731024
9.09 0.033723 -0.0646256 0.0728952
9.1 0.0293271 -0.0665109 0.0726896
9.11 0.0248269 -0.0681016 0.0724859
9.12 0.0202427 -0.0693921 0.0722843
9.13 0.0155938 -0.0703781 0.072085
9.14 0.010901 -0.0710569 0.0718882
9.15 0.00618396 -0.0714268 0.071694
9.16 0.00146343 -0.0714876 0.0715026
9.17 -0.00324067 -0.0712404 0.071314
9.18 -0.00790806 -0.0706876 0.0711286
9.19 -0.0125191 -0.0698327 0.070946
9.2 -0.017054 -0.068681 0.0707666
9.21 -0.0214938 -0.0672384 0.0705902
9.22 -0.0258198 -0.0655125 0.0704169
9.23 -0.0300139 -0.0635117 0.0702465
9.24 -0.0340587 -0.0612462 0.0700792
9.25 -0.0379373 -0.0587264 0.0699144
9.26 -0.0416338 -0.0559645 0.0697524
9.27 -0.0451331 -0.0529732 0.0695928
9.28 -0.0484208 -0.0497666 0.0694355
9.29 -0.0514839 -0.046359 0.0692802
9.3 -0.0543098 -0.0427664 0.0691268
9.31 -0.0568874 -0.0390046 0.0689749
9.32 -0.0592067 -0.0350909 0.0688244
9.33 -0.0612585 -0.0310425 0.0686749
9.34 -0.0630354 -0.0268777 0.0685264
9.35 -0.0645303 -0.0226147 0.0683783
9.36 -0.0657384 -0.0182726 0.0682307
9.37 -0.0666552 -0.0138701 0.0680831
9.38 -0.0672782 -0.00942697 0.0679355
9.39 -0.0676056 -0.00496223 0.0677875
9.4 -0.0676373 -0.000495523 0.0676392
9.41 -0.0673741 0.00395398 0.0674901
9.42 -0.0668186 0.00836693 0.0673404
9.43 -0.065974 0.0127244 0.0671898
9.44 -0.0648452 0.0170077 0.0670385
9.45 -0.063438 0.0211985 0.0668862
9.46 -0.0617599 0.025279 0.0667331
9.47 -0.0598187 0.0292319 0.0665792
9.48 -0.0576243 0.0330404 0.0664246
9.49 -0.0551867 0.0366887 0.0662694
9.5 -0.0525178 0.0401614 0.0661139
9.51 -0.0496296 0.0434439 0.065958
9.52 -0.0465357 0.0465229 0.0658024
9.53 -0.0432502 0.0493855 0.0656468
9.54 -0.0397882 0.0520203 0.065492
9.55 -0.0361651 0.0544162 0.0653379
9.56 -0.0323975 0.0565641 0.0651851
9.57 -0.0285021 0.0584552 0.0650337
9.58 -0.0244965 0.0600823 0.0648842
9.59 -0.0203983 0.061439 0.0647367
9.6 -0.0162259 0.0625207 0.0645919
9.61 -0.0119976 0.0633232 0.0644497
9.62 -0.00773207 0.0638443 0.0643108
9.63 -0.00344797 0.0640823 0.064175
9.64 0.000835696 0.0640376 0.064043
9.65 0.0051006 0.0637107 0.0639146
9.66 0.00932776 0.0631046 0.0637903
9.67 0.0134992 0.0622223 0.0636698
9.68 0.0175966 0.061069 0.0635536
9.69 0.0216023 0.0596501 0.0634413
9.7 0.0254992 0.0579732 0.0633332
9.71 0.0292705 0.0560459 0.063229
9.72 0.0329 0.0538779 0.0631287
9.73 0.0363723 0.051479 0.063032
9.74 0.0396726 0.0488607 0.0629387
9.75 0.042787 0.0460349 0.0628485
9.76 0.0457023 0.0430148 0.0627612
9.77 0.0484062 0.039814 0.0626763
9.78 0.0508876 0.0364472 0.0625935
9.79 0.0531362 0.0329295 0.0625124
9.8 0.0551426 0.0292768 0.0624327
9.81 0.0568988 0.0255054 0.0623539
9.82 0.0583977 0.0216324 0.0622756
9.83 0.0596333 0.0176747 0.0621975
9.84 0.060601 0.0136503 0.0621194
9.85 0.061297 0.00957669 0.0620406
9.86 0.0617191 0.005472 0.0619612
9.87 0.061866 0.00135429 0.0618808
9.88 0.0617378 -0.0027583 0.0617994
9.89 0.0613356 -0.0068478 0.0617167
9.9 0.060662 -0.0108962 0.0616328
9.91 0.0597203 -0.014886 0.0615476
9.92 0.0585154 -0.0187996 0.0614612
9.93 0.0570532 -0.0226201 0.0613737
9.94 0.0553407 -0.026331 0.0612856
9.95 0.0533858 -0.0299162 0.0611966
9.96 0.0511979 -0.0333601 0.0611075
9.97 0.0487868 -0.0366481 0.0610183
9.98 0.0461639 -0.0397659 0.0609297
9.99 0.0433408 -0.0427002 0.0608419
10 0.0403307 -0.0454385 0.0607554
10.01 0.0371468 -0.0479691 0.0606706
10.02 0.0338039 -0.0502814 0.0605882
10.03 0.0303166 -0.0523654 0.0605081
10.04 0.0267009 -0.0542127 0.0604314
10.05 0.0229726 -0.0558152 0.0603579
10.06 0.0191485 -0.0571668 0.0602885
10.07 0.0152456 -0.0582614 0.0602231
10.08 0.0112813 -0.0590951 0.0601623
10.09 0.0072729 -0.0596643 0.060106
10.1 0.00323844 -0.0599672 0.0600546
10.11 -0.000804465 -0.0600027 0.0600081
10.12 -0.00483787 -0.0597712 0.0599666
10.13 -0.0088441 -0.0592738 0.0599299
10.14 -0.0128054 -0.0585134 0.0598982
10.15 -0.0167046 -0.0574934 0.0598709
10.16 -0.0205244 -0.0562188 0.0598482
10.17 -0.0242482 -0.0546954 0.0598295
10.18 -0.0278596 -0.0529306 0.0598147
10.19 -0.0313428 -0.0509317 0.0598031
10.2 -0.0346828 -0.0487084 0.0597947
10.21 -0.0378648 -0.0462703 0.0597886
10.22 -0.0408752 -0.0436286 0.0597849
10.23 -0.0437006 -0.0407948 0.0597826
10.24 -0.0463291 -0.0377819 0.0597817
10.25 -0.0487489 -0.034603 0.0597814
10.26 -0.0509499 -0.0312723 0.0597817
10.27 -0.0529224 -0.0278045 0.0597818
10.28 -0.054658 -0.024215 0.0597818
10.29 -0.056149 -0.0205195 0.059781
10.3 -0.0573895 -0.0167344 0.0597796
10.31 -0.0583737 -0.0128762 0.0597769
10.32 -0.0590978 -0.00896207 0.0597735
10.33 -0.0595585 -0.00500902 0.0597687
10.34 -0.0597542 -0.00103454 0.0597631
10.35 -0.0596838 0.00294414 0.0597564
10.36 -0.0593483 0.00690933 0.0597491
10.37 -0.0587486 0.0108439 0.059741
10.38 -0.0578881 0.0147305 0.0597329
10.39 -0.0567701 0.0185521 0.0597246
10.4 -0.0554001 0.0222922 0.059717
10.41 -0.0537839 0.0259342 0.05971
10.42 -0.0519288 0.0294623 0.0597045
10.43 -0.0498427 0.032861 0.0597004
10.44 -0.0475352 0.0361156 0.0596987
10.45 -0.0450161 0.0392117 0.0596993
10.46 -0.0422967 0.0421359 0.0597029
10.47 -0.0393887 0.0448752 0.0597097
10.48 -0.0363051 0.0474179 0.0597203
10.49 -0.0330591 0.0497526 0.0597347
10.5 -0.0296652 0.0518693 0.0597533
10.51 -0.026138 0.0537585 0.0597761
10.52 -0.0224932 0.0554121 0.0598034
10.53 -0.0187462 0.0568225 0.0598349
10.54 -0.014914 0.0579839 0.0598712
10.55 -0.0110128 0.0588905 0.0599114
10.56 -0.00705988 0.0595389 0.059956
10.57 -0.00307246 0.0599257 0.0600044
10.58 0.000932227 0.0600493 0.0600565
10.59 0.00493657 0.0599088 0.0601118
10.6 0.00892319 0.0595049 0.0601702
10.61 0.0128747 0.0588389 0.060231
10.62 0.0167738 0.0579137 0.060294
10.63 0.0206036 0.0567331 0.0603585
10.64 0.0243474 0.055302 0.0604244
10.65 0.0279887 0.0536263 0.0604909
10.66 0.0315117 0.0517134 0.0605579
10.67 0.0349011 0.0495709 0.0606247
10.68 0.038142 0.0472083 0.0606913
10.69 0.0412202 0.0446354 0.060757
10.7 0.0441222 0.0418633 0.0608219
10.71 0.0468353 0.0389035 0.0608854
10.72 0.0493478 0.035769 0.0609477
10.73 0.0516482 0.0324728 0.0610083
10.74 0.0537267 0.0290292 0.0610677
10.75 0.0555739 0.0254529 0.0611253
10.76 0.0571817 0.0217592 0.0611818
10.77 0.0585428 0.0179638 0.0612369
10.78 0.0596512 0.014083 0.0612911
10.79 0.0605016 0.0101334 0.0613443
10.8 0.0610904 0.00613213 0.0613974
10.81 0.0614143 0.00209619 0.0614501
10.82 0.061472 -0.0019571 0.0615032
10.83 0.0612626 -0.00601021 0.0615567
10.84 0.0607871 -0.0100458 0.0616116
10.85 0.0600466 -0.0140463 0.0616676
10.86 0.0590445 -0.0179948 0.0617257
10.87 0.0577844 -0.0218738 0.0617859
10.88 0.0562716 -0.0256669 0.0618489
10.89 0.054512 -0.0293575 0.0619146
10.9 0.0525131 -0.0329298 0.0619838
10.91 0.0502828 -0.0363678 0.0620562
10.92 0.0478305 -0.0396572 0.0621326
10.93 0.0451664 -0.0427831 0.0622125
10.94 0.0423015 -0.0457322 0.0622965
10.95 0.0392476 -0.0484914 0.0623842
10.96 0.0360178 -0.0510486 0.062476
10.97 0.0326253 -0.0533924 0.0625713
10.98 0.0290845 -0.0555127 0.0626703
10.99 0.0254102 -0.0573997 0.0627726
11 0.0216178 -0.0590452 0.0628782
11.01 0.0177232 -0.0604413 0.0629863
11.02 0.013743 -0.0615823 0.0630971
11.03 0.0096939 -0.062462 0.0632098
11.04 0.00559293 -0.0630768 0.0633243
11.05 0.00145754 -0.0634231 0.0634399
11.06 -0.00269492 -0.0634994 0.0635566
11.07 -0.00684661 -0.0633042 0.0636734
11.08 -0.0109803 -0.0628384 0.0637905
11.09 -0.0150779 -0.062103 0.0639072
11.1 -0.0191226 -0.0611008 0.0640233
11.11 -0.0230966 -0.0598353 0.0641383
11.12 -0.0269834 -0.0583115 0.0642521
11.13 -0.0307661 -0.0565351 0.0643643
11.14 -0.0344288 -0.0545133 0.0644751
11.15 -0.0379554 -0.0522539 0.0645839
11.16 -0.0413311 -0.0497662 0.0646911
11.17 -0.044541 -0.04706 0.0647962
11.18 -0.0475717 -0.0441464 0.0648997
11.19 -0.0504096 -0.041037 0.0650012
11.2 -0.0530427 -0.0377447 0.0651014
11.21 -0.0554592 -0.0342829 0.0652001
11.22 -0.0576489 -0.0306658 0.0652976
11.23 -0.0596016 -0.0269083 0.0653942
11.24 -0.061309 -0.0230258 0.0654903
11.25 -0.0627631 -0.0190344 0.0655859
11.26 -0.0639575 -0.0149506 0.0656817
11.27 -0.0648864 -0.0107914 0.0657777
11.28 -0.0655455 -0.00657388 0.0658744
11.29 -0.0659315 -0.00231585 0.0659721
11.3 -0.0660419 0.00196508 0.0660711
11.31 -0.0658757 0.00625105 0.0661716
11.32 -0.0654332 0.0105241 0.0662741
11.33 -0.0647153 0.0147663 0.0663786
11.34 -0.0637245 0.0189599 0.0664853
11.35 -0.0624644 0.0230872 0.0665944
11.36 -0.0609394 0.027131 0.0667061
11.37 -0.0591554 0.031074 0.0668203
11.38 -0.0571191 0.0348997 0.0669371
11.39 -0.0548384 0.0385917 0.0670565
11.4 -0.0523223 0.0421345 0.0671784
11.41 -0.0495806 0.0455129 0.0673027
11.42 -0.046624 0.0487125 0.0674293
11.43 -0.0434646 0.0517194 0.0675579
11.44 -0.0401145 0.054521 0.0676884
11.45 -0.0365877 0.0571048 0.0678205
11.46 -0.0328979 0.0594598 0.067954
11.47 -0.0290602 0.0615757 0.0680886
11.48 -0.02509 0.063443 0.0682241
11.49 -0.0210035 0.0650533 0.0683599
11.5 -0.0168171 0.0663996 0.0684962
11.51 -0.0125481 0.0674754 0.0686323
11.52 -0.00821341 0.0682759 0.0687681
11.53 -0.00383143 0.0687968 0.0689034
11.54 0.000580668 0.0690354 0.0690379
11.55 0.00500409 0.06899 0.0691713
11.56 0.00942132 0.0686602 0.0693036
11.57 0.0138136 0.0680465 0.0694344
11.58 0.0181634 0.0671507 0.0695639
11.59 0.0224522 0.0659761 0.0696917
11.6 0.0266628 0.0645263 0.069818
11.61 0.0307771 0.0628071 0.0699426
11.62 0.0347788 0.0608245 0.0700656
11.63 0.0386506 0.0585863 0.070187
11.64 0.0423767 0.0561007 0.070307
11.65 0.0459412 0.0533776 0.0704256
11.66 0.0493295 0.0504273 0.070543
11.67 0.0525269 0.0472615 0.0706592
11.68 0.0555204 0.0438924 0.0707747
11.69 0.0582967 0.0403336 0.0708894
11.7 0.0608445 0.0365986 0.0710037
11.71 0.0633472 0.0328201 0.0713444
11.72 0.0658022 0.0290001 0.0719093
11.73 0.0682067 0.0251423 0.0726931
11.74 0.0705582 0.021249 0.0736884
11.75 0.072854 0.0173237 0.0748854
11.76 0.0750916 0.0133688 0.0762723
11.77 0.0772684 0.00938792 0.0778366
11.78 0.0793821 0.00538339 0.0795644
11.79 0.0814302 0.00135878 0.0814416
11.8 0.0834104 -0.00268343 0.0834536
11.81 0.0853206 -0.0067398 0.0855864
11.82 0.0871583 -0.0108076 0.0878258
11.83 0.0889215 -0.0148836 0.0901585
11.84 0.0906082 -0.0189652 0.0925717
11.85 0.0922163 -0.0230488 0.0950531
11.86 0.0937437 -0.0271321 0.0975911
11.87 0.0951888 -0.0312117 0.100175
11.88 0.0965494 -0.0352848 0.102795
11.89 0.0978241 -0.0393485 0.105441
11.9 0.099011 -0.0433999 0.108105
11.91 0.100109 -0.0474361 0.110779
11.92 0.101115 -0.0514543 0.113454
11.93 0.102029 -0.0554517 0.116124
11.94 0.10285 -0.0594253 0.118783
11.95 0.103575 -0.0633728 0.121424
11.96 0.104204 -0.0672911 0.124042
11.97 0.104735 -0.0711778 0.126632
11.98 0.105167 -0.0750301 0.129188
11.99 0.105499 -0.0788456 0.131707
12 0.105731 -0.0826216 0.134184
12.01 0.105861 -0.0863558 0.136616
12.02 0.105888 -0.0900457 0.138998
12.03 0.105812 -0.0936889 0.141329
12.04 0.105632 -0.0972831 0.143604
12.05 0.105348 -0.100826 0.145822
12.06 0.104958 -0.104316 0.14798
12.07 0.104462 -0.10775 0.150075
12.08 0.103861 -0.111126 0.152106
12.09 0.103153 -0.114443 0.154071
12.1 0.102338 -0.117699 0.155968
12.11 0.101417 -0.120891 0.157797
12.12 0.100389 -0.124018 0.159557
12.13 0.0992537 -0.127078 0.161245
12.14 0.0980118 -0.130069 0.162863
12.15 0.096663 -0.13299 0.164409
12.16 0.0952078 -0.13584 0.165883
12.17 0.0936461 -0.138617 0.167285
12.18 0.0919786 -0.141319 0.168615
12.19 0.0902054 -0.143945 0.169874
12.2 0.0883272 -0.146495 0.171063
12.21 0.0863444 -0.148967 0.172181
12.22 0.0842579 -0.151359 0.173231
12.23 0.0820679 -0.153672 0.174213
12.24 0.0797756 -0.155904 0.175129
12.25 0.0773815 -0.158054 0.17598
12.26 0.0748868 -0.160121 0.176768
12.27 0.0722921 -0.162106 0.177495
12.28 0.0695988 -0.164007 0.178164
12.29 0.0668075 -0.165824 0.178776
12.3 0.0639199 -0.167556 0.179334
12.31 0.0609367 -0.169204 0.179842
12.32 0.0578595 -0.170766 0.180302
12.33 0.0546895 -0.172243 0.180717
12.34 0.0514281 -0.173635 0.181091
12.35 0.0480769 -0.174942 0.181428
12.36 0.0446371 -0.176163 0.18173
12.37 0.0411104 -0.177299 0.182003
12.38 0.0374985 -0.17835 0.18225
12.39 0.033803 -0.179316 0.182475
12.4 0.0300256 -0.180199 0.182683
12.41 0.0261682 -0.180997 0.182879
12.42 0.0222323 -0.181712 0.183067
12.43 0.0182202 -0.182344 0.183252
12.44 0.0141333 -0.182894 0.183439
12.45 0.0099742 -0.183362 0.183633
12.46 0.00574426 -0.18375 0.18384
12.47 0.00144617 -0.184058 0.184064
12.48 -0.00291859 -0.184288 0.184311
12.49 -0.00734727 -0.184439 0.184585
12.5 -0.0118383 -0.184513 0.184893
12.51 -0.0163889 -0.184512 0.185239
12.52 -0.0209973 -0.184436 0.185628
12.53 -0.0256607 -0.184287 0.186065
12.54 -0.0303773 -0.184065 0.186555
12.55 -0.0351443 -0.183773 0.187103
12.56 -0.0399596 -0.183411 0.187714
12.57 -0.0448205 -0.182981 0.188391
12.58 -0.049725 -0.182485 0.189138
12.59 -0.0546701 -0.181923 0.18996
12.6 -0.0596537 -0.181298 0.19086
12.61 -0.0646729 -0.180611 0.191841
12.62 -0.0697255 -0.179863 0.192905
12.63 -0.0748087 -0.179057 0.194056
12.64 -0.0799201 -0.178194 0.195295
12.65 -0.0850569 -0.177275 0.196624
12.66 -0.0902165 -0.176303 0.198045
12.67 -0.0953964 -0.175279 0.199558
12.68 -0.100594 -0.174205 0.201163
12.69 -0.105806 -0.173083 0.202861
12.7 -0.111031 -0.171915 0.204652
12.71 -0.116265 -0.170702 0.206535
12.72 -0.121506 -0.169447 0.208509
12.73 -0.126751 -0.168151 0.210572
12.74 -0.131998 -0.166816 0.212723
12.75 -0.137243 -0.165445 0.21496
12.76 -0.142485 -0.164039 0.21728
12.77 -0.14772 -0.1626 0.219681
12.78 -0.152946 -0.161129 0.22216
12.79 -0.15816 -0.15963 0.224714
12.8 -0.163359 -0.158104 0.227339
12.81 -0.168542 -0.156552 0.230032
12.82 -0.173704 -0.154978 0.23279
12.83 -0.178844 -0.153381 0.235608
12.84 -0.183959 -0.151766 0.238482
12.85 -0.189046 -0.150133 0.241409
12.86 -0.194103 -0.148485 0.244385
12.87 -0.199127 -0.146823 0.247404
12.88 -0.204116 -0.145149 0.250463
12.89 -0.209067 -0.143466 0.253558
12.9 -0.213978 -0.141774 0.256683
12.91 -0.218845 -0.140077 0.259836
12.92 -0.223668 -0.138375 0.263011
12.93 -0.228443 -0.13667 0.266204
12.94 -0.233167 -0.134965 0.269411
12.95 -0.23784 -0.13326 0.272628
12.96 -0.242457 -0.131559 0.27585
12.97 -0.247017 -0.129862 0.279073
12.98 -0.251518 -0.128171 0.282293
12.99 -0.255957 -0.126487 0.285505
13 -0.260333 -0.124814 0.288707
13.01 -0.264642 -0.123151 0.291893
13.02 -0.268884 -0.1215 0.29506
13.03 -0.273054 -0.119864 0.298205
13.04 -0.277153 -0.118243 0.301322
13.05 -0.281177 -0.116639 0.30441
13.06 -0.285125 -0.115053 0.307463
13.07 -0.288995 -0.113487 0.310479
13.08 -0.292784 -0.111942 0.313454
13.09 -0.296492 -0.110419 0.316385
13.1 -0.300115 -0.10892 0.319269
13.11 -0.303653 -0.107445 0.322101
13.12 -0.307103 -0.105997 0.324881
13.13 -0.310464 -0.104575 0.327603
13.14 -0.313734 -0.103182 0.330266
13.15 -0.316911 -0.101818 0.332866
13.16 -0.319995 -0.100484 0.335401
13.17 -0.322982 -0.0991809 0.337868
13.18 -0.325873 -0.0979099 0.340264
13.19 -0.328665 -0.0966719 0.342588
13.2 -0.331358 -0.0954672 0.344836
13.21 -0.333949 -0.0942972 0.347007
13.22 -0.336437 -0.0931621 0.349098
13.23 -0.338822 -0.092063 0.351106
13.24 -0.341101 -0.091 0.353031
13.25 -0.343274 -0.0899742 0.35487
13.26 -0.34534 -0.0889857 0.35662
13.27 -0.347297 -0.0880353 0.358281
13.28 -0.349145 -0.0871231 0.359851
13.29 -0.350882 -0.0862498 0.361327
13.3 -0.352508 -0.0854153 0.362709
13.31 -0.354022 -0.0846205 0.363994
13.32 -0.355422 -0.083865 0.365182
13.33 -0.356709 -0.0831494 0.366272
13.34 -0.357881 -0.0824737 0.367261
13.35 -0.358937 -0.081838 0.368149
13.36 -0.359878 -0.0812423 0.368934
13.37 -0.360702 -0.0806866 0.369617
13.38 -0.361409 -0.080171 0.370194
13.39 -0.361999 -0.0796952 0.370668
13.4 -0.36247 -0.0792593 0.371035
13.41 -0.362823 -0.0788629 0.371295
13.42 -0.363058 -0.078506 0.371449
13.43 -0.363173 -0.0781881 0.371495
13.44 -0.36317 -0.0779091 0.371432
13.45 -0.363047 -0.0776684 0.371262
13.46 -0.362804 -0.0774661 0.370982
13.47 -0.362442 -0.0773012 0.370593
13.48 -0.36196 -0.0771738 0.370096
13.49 -0.361359 -0.0770828 0.369489
13.5 -0.360638 -0.0770285 0.368772
13.51 -0.359797 -0.0770094 0.367946
13.52 -0.358838 -0.0770257 0.367012
13.53 -0.357759 -0.0770762 0.365968
13.54 -0.356562 -0.0771608 0.364816
13.55 -0.355247 -0.0772782 0.363555
13.56 -0.353813 -0.0774283 0.362186
13.57 -0.352262 -0.0776099 0.36071
13.58 -0.350594 -0.0778226 0.359127
13.59 -0.348809 -0.0780654 0.357438
13.6 -0.346908 -0.0783375 0.355643
13.61 -0.344892 -0.0786382 0.353743
13.62 -0.342761 -0.0789666 0.351739
13.63 -0.340515 -0.0793218 0.349632
13.64 -0.338157 -0.0797031 0.347423
13.65 -0.335686 -0.0801092 0.345112
13.66 -0.333103 -0.0805397 0.342701
13.67 -0.330409 -0.0809933 0.340191
13.68 -0.327605 -0.0814691 0.337583
13.69 -0.324693 -0.0819664 0.334879
13.7 -0.321672 -0.082484 0.332079
13.71 -0.318544 -0.0830211 0.329185
13.72 -0.31531 -0.0835764 0.326199
13.73 -0.311972 -0.0841494 0.323121
13.74 -0.308529 -0.0847387 0.319955
13.75 -0.304984 -0.0853437 0.3167
13.76 -0.301338 -0.0859629 0.31336
13.77 -0.297592 -0.0865958 0.309935
13.78 -0.293747 -0.087241 0.306428
13.79 -0.289804 -0.0878979 0.302841
13.8 -0.285766 -0.0885651 0.299175
13.81 -0.281632 -0.089242 0.295433
13.82 -0.277405 -0.0899271 0.291617
13.83 -0.273086 -0.09062 0.287729
13.84 -0.268676 -0.0913192 0.283771
13.85 -0.264177 -0.0920242 0.279746
13.86 -0.25959 -0.0927334 0.275657
13.87 -0.254918 -0.0934465 0.271506
13.88 -0.250161 -0.094162 0.267295
13.89 -0.24532 -0.0948793 0.263029
13.9 -0.240399 -0.0955972 0.258709
13.91 -0.235397 -0.0963151 0.254339
13.92 -0.230317 -0.0970316 0.249922
13.93 -0.225161 -0.0977461 0.245462
13.94 -0.219929 -0.0984577 0.240962
13.95 -0.214624 -0.0991653 0.236426
13.96 -0.209247 -0.0998681 0.231858
13.97 -0.203801 -0.100565 0.227262
13.98 -0.198286 -0.101256 0.222643
13.99 -0.192704 -0.101939 0.218005
14 -0.187057 -0.102614 0.213354
14.01 -0.181348 -0.10328 0.208695
14.02 -0.175576 -0.103935 0.204033
14.03 -0.169745 -0.10458 0.199375
14.04 -0.163856 -0.105214 0.194728
14.05 -0.157911 -0.105835 0.190097
14.06 -0.151911 -0.106443 0.185491
14.07 -0.145858 -0.107037 0.180919
14.08 -0.139755 -0.107616 0.176388
14.09 -0.133602 -0.10818 0.171908
14.1 -0.127402 -0.108727 0.16749
14.11 -0.121155 -0.109258 0.163144
14.12 -0.114865 -0.10977 0.158882
14.13 -0.108533 -0.110265 0.154718
14.14 -0.10216 -0.11074 0.150665
14.15 -0.095749 -0.111195 0.146739
14.16 -0.0893008 -0.11163 0.142954
14.17 -0.0828173 -0.112043 0.139328
14.18 -0.0763006 -0.112435 0.13588
14.19 -0.0697521 -0.112803 0.132627
14.2 -0.063174 -0.113149 0.12959
14.21 -0.0565675 -0.11347 0.126789
14.22 -0.0499351 -0.113767 0.124243
14.23 -0.0432777 -0.114038 0.121974
14.24 -0.0365977 -0.114284 0.120001
14.25 -0.0298965 -0.114503 0.118341
14.26 -0.023176 -0.114694 0.117012
14.27 -0.0164379 -0.114858 0.116028
14.28 -0.009684 -0.114993 0.1154
14.29 -0.00291586 -0.115099 0.115136
14.3 0.00386461 -0.115175 0.11524
14.31 0.0106435 -0.114852 0.115345
14.32 0.0173971 -0.114131 0.115449
14.33 0.0241024 -0.113013 0.115555
14.34 0.0307357 -0.111502 0.11566
14.35 0.0372744 -0.109602 0.115767
14.36 0.0436954 -0.107319 0.115873
14.37 0.0499765 -0.10466 0.11598
14.38 0.0560959 -0.101635 0.116088
14.39 0.062032 -0.0982526 0.116196
14.4 0.0677642 -0.0945239 0.116305
14.41 0.073272 -0.0904619 0.116414
14.42 0.0785367 -0.0860794 0.116523
14.43 0.0835391 -0.0813914 0.116633
14.44 0.0882619 -0.0764134 0.116744
14.45 0.0926881 -0.0711621 0.116855
14.46 0.0968022 -0.0656552 0.116967
14.47 0.100589 -0.0599112 0.117079
14.48 0.104036 -0.0539495 0.117192
14.49 0.107129 -0.0477903 0.117305
14.5 0.109858 -0.0414544 0.11742
14.51 0.112213 -0.0349635 0.117534
14.52 0.114185 -0.0283393 0.117649
14.53 0.115766 -0.0216049 0.117765
14.54 0.116951 -0.0147829 0.117882
14.55 0.117734 -0.00789672 0.117999
14.56 0.118112 -0.000970069 0.118116
14.57 0.118084 0.00597351 0.118235
14.58 0.117648 0.0129099 0.118354
14.59 0.116804 0.0198155 0.118473
14.6 0.115557 0.0266662 0.118594
14.61 0.113908 0.0334387 0.118715
14.62 0.111863 0.0401092 0.118836
14.63 0.109428 0.0466549 0.118959
14.64 0.106611 0.0530527 0.119082
14.65 0.10342 0.0592808 0.119206
14.66 0.0998665 0.0653169 0.11933
14.67 0.0959613 0.0711404 0.119455
14.68 0.0917172 0.0767305 0.119581
14.69 0.0871481 0.0820679 0.119708
14.7 0.0822691 0.0871332 0.119835
14.71 0.0770964 0.0919092 0.119963
14.72 0.071647 0.0963782 0.120092
14.73 0.0659394 0.100525 0.120222
14.74 0.0599921 0.104334 0.120352
14.75 0.0538257 0.107791 0.120483
14.76 0.0474602 0.110885 0.120615
14.77 0.0409178 0.113603 0.120748
14.78 0.0342199 0.115936 0.120881
14.79 0.0273897 0.117875 0.121015
14.8 0.0204499 0.119412 0.12115
14.81 0.0134245 0.120541 0.121286
14.82 0.00633708 0.121257 0.121423
14.83 -0.000787742 0.121557 0.12156
14.84 -0.00792617 0.12144 0.121698
14.85 -0.0150532 0.120904 0.121837
14.86 -0.0221448 0.11995 0.121977
14.87 -0.029176 0.118581 0.122118
14.88 -0.0361233 0.116801 0.122259
14.89 -0.0429619 0.114614 0.122401
14.9 -0.0496687 0.112028 0.122545
14.91 -0.0562198 0.10905 0.122689
14.92 -0.062593 0.105689 0.122834
14.93 -0.0687656 0.101957 0.122979
14.94 -0.074716 0.0978645 0.123126
14.95 -0.0804234 0.0934254 0.123273
14.96 -0.0858675 0.0886544 0.123421
14.97 -0.0910292 0.0835663 0.12357
14.98 -0.0958899 0.0781785 0.12372
14.99 -0.100432 0.0725082 0.123871
15 -0.10464 0.0665748 0.124023
15.01 -0.108498 0.0603972 0.124176
15.02 -0.111991 0.0539968 0.124329
15.03 -0.115108 0.0473943 0.124484
15.04 -0.117837 0.0406125 0.124639
15.05 -0.120166 0.0336736 0.124795
15.06 -0.122088 0.0266015 0.124952
15.07 -0.123594 0.0194198 0.12511
15.08 -0.124678 0.0121531 0.125269
15.09 -0.125336 0.00482595 0.125429
15.1 -0.125564 -0.00253663 0.12559
15.11 -0.12536 -0.00990948 0.125751
15.12 -0.124724 -0.0172674 0.125914
15.13 -0.123657 -0.0245848 0.126078
15.14 -0.122162 -0.0318369 0.126242
15.15 -0.120241 -0.0389984 0.126408
15.16 -0.117902 -0.0460445 0.126574
15.17 -0.11515 -0.0529508 0.126741
15.18 -0.111995 -0.0596932 0.12691
15.19 -0.108445 -0.0662479 0.127079
15.2 -0.104512 -0.0725922 0.127249
15.21 -0.100208 -0.0787036 0.12742
15.22 -0.0955478 -0.0845605 0.127593
15.23 -0.0905455 -0.0901421 0.127766
15.24 -0.0852173 -0.0954286 0.12794
15.25 -0.079581 -0.100401 0.128115
15.26 -0.0736548 -0.105041 0.128291
15.27 -0.0674583 -0.109332 0.128468
15.28 -0.0610121 -0.113258 0.128646
15.29 -0.0543374 -0.116805 0.128825
15.3 -0.0474567 -0.119959 0.129005
15.31 -0.0403928 -0.122709 0.129186
15.32 -0.0331697 -0.125044 0.129368
15.33 -0.0258116 -0.126954 0.129551
15.34 -0.0183433 -0.128432 0.129735
15.35 -0.0107902 -0.129471 0.12992
15.36 -0.00317821 -0.130068 0.130106
15.37 0.00446713 -0.130217 0.130293
15.38 0.0121192 -0.129917 0.130481
15.39 0.0197521 -0.129169 0.130671
15.4 0.0273391 -0.127973 0.130861
15.41 0.0348545 -0.126332 0.131052
15.42 0.0422717 -0.12425 0.131244
15.43 0.0495656 -0.121733 0.131437
15.44 0.0567099 -0.118789 0.131632
15.45 0.0636803 -0.115426 0.131827
15.46 0.0704517 -0.111654 0.132023
15.47 0.0770007 -0.107486 0.132221
15.48 0.0833037 -0.102934 0.132419
15.49 0.0893385 -0.0980122 0.132619
15.5 0.0950833 -0.0927372 0.132819
15.51 0.100518 -0.0871257 0.133021
15.52 0.105621 -0.0811958 0.133224
15.53 0.110376 -0.0749673 0.133428
15.54 0.114765 -0.06846 0.133633
15.55 0.118771 -0.0616962 0.133839
15.56 0.122379 -0.0546976 0.134046
15.57 0.125575 -0.0474881 0.134255
15.58 0.128348 -0.0400913 0.134464
15.59 0.130686 -0.0325328 0.134675
15.6 0.13258 -0.0248372 0.134886
15.61 0.134021 -0.0170314 0.135099
15.62 0.135004 -0.00914126 0.135313
15.63 0.135523 -0.00119417 0.135528
15.64 0.135575 0.00678309 0.135744
15.65 0.135158 0.0147628 0.135962
15.66 0.134272 0.0227177 0.13618
15.67 0.132918 0.0306201 0.1364
15.68 0.131101 0.0384427 0.136621
15.69 0.128823 0.0461581 0.136843
15.7 0.126092 0.0537396 0.137066
15.71 0.122915 0.0611603 0.13729
15.72 0.119302 0.0683941 0.137516
15.73 0.115263 0.0754156 0.137743
15.74 0.110812 0.0821994 0.137971
15.75 0.105961 0.0887216 0.1382
15.76 0.100727 0.0949586 0.13843
15.77 0.095125 0.100888 0.138662
15.78 0.0891747 0.106488 0.138895
15.79 0.0828944 0.111738 0.139129
15.8 0.076305 0.116618 0.139364
15.81 0.0694279 0.121112 0.139601
15.82 0.062286 0.125201 0.139838
15.83 0.0549029 0.128869 0.140077
15.84 0.0473032 0.132103 0.140317
15.85 0.0395124 0.134891 0.140559
15.86 0.0315569 0.137219 0.140801
15.87 0.0234633 0.13908 0.141045
15.88 0.0152594 0.140463 0.14129
15.89 0.0069731 0.141364 0.141536
15.9 -0.00136743 0.141777 0.141783
15.91 -0.0097331 0.141698 0.142032
15.92 -0.0180955 0.141127 0.142282
15.93 -0.0264251 0.140062 0.142533
15.94 -0.0346934 0.138506 0.142785
15.95 -0.042871 0.136463 0.143039
15.96 -0.0509298 0.133937 0.143294
15.97 -0.0588406 0.130936 0.14355
15.98 -0.066576 0.127468 0.143807
15.99 -0.0741081 0.123542 0.144065
16 -0.08141 0.119172 0.144325
16.01 -0.0884555 0.11437 0.144585
16.02 -0.0952191 0.109152 0.144847
16.03 -0.101676 0.103533 0.14511
16.04 -0.107803 0.0975318 0.145375
16.05 -0.113576 0.0911677 0.14564
16.06 -0.118975 0.0844615 0.145907
16.07 -0.123979 0.0774347 0.146175
16.08 -0.12857 0.0701111 0.146444
16.09 -0.132729 0.0625143 0.146714
16.1 -0.13644 0.0546702 0.146985
16.11 -0.139688 0.0466046 0.147258
16.12 -0.142461 0.0383454 0.147531
16.13 -0.144746 0.0299198 0.147806
16.14 -0.146534 0.0213574 0.148082
16.15 -0.147816 0.0126866 0.148359
16.16 -0.148585 0.00393799 0.148637
16.17 -0.148837 -0.00485869 0.148916
16.18 -0.148569 -0.0136726 0.149197
16.19 -0.147779 -0.0224732 0.149478
16.2 -0.146468 -0.0312294 0.14976
16.21 -0.144639 -0.0399107 0.150044
16.22 -0.142294 -0.0484861 0.150328
16.23 -0.139442 -0.0569254 0.150614
16.24 -0.136089 -0.0651981 0.1509
16.25 -0.132245 -0.0732748 0.151188
16.26 -0.127921 -0.0811261 0.151477
16.27 -0.123131 -0.0887237 0.151767
16.28 -0.117889 -0.0960398 0.152057
16.29 -0.112211 -0.103047 0.152349
16.3 -0.106117 -0.109721 0.152641
16.31 -0.0996247 -0.116035 0.152935
16.32 -0.0927559 -0.121966 0.15323
16.33 -0.0855333 -0.127491 0.153525
16.34 -0.0779804 -0.13259 0.153822
16.35 -0.0701226 -0.137242 0.154119
16.36 -0.061986 -0.14143 0.154417
16.37 -0.0535982 -0.145136 0.154716
16.38 -0.0449876 -0.148345 0.155016
16.39 -0.0361837 -0.151044 0.155317
16.4 -0.0272164 -0.153221 0.155619
16.41 -0.0181168 -0.154866 0.155922
16.42 -0.00891651 -0.155971 0.156226
16.43 0.00035269 -0.15653 0.15653
16.44 0.00965806 -0.156538 0.156835
16.45 0.0189673 -0.155993 0.157141
16.46 0.0282471 -0.154894 0.157449
16.47 0.0374649 -0.153243 0.157756
16.48 0.0465876 -0.151044 0.158065
16.49 0.0555828 -0.1483 0.158374
16.5 0.0644175 -0.145021 0.158685
16.51 0.0730605 -0.141215 0.158996
16.52 0.0814798 -0.136894 0.159307
16.53 0.0896449 -0.13207 0.15962
16.54 0.0975255 -0.126758 0.159933
16.55 0.105093 -0.120974 0.160248
16.56 0.112318 -0.114739 0.160562
16.57 0.119174 -0.10807 0.160878
16.58 0.125636 -0.100991 0.161194
16.59 0.131678 -0.0935249 0.161512
16.6 0.137277 -0.0856956 0.161829
16.61 0.142411 -0.0775302 0.162148
16.62 0.147061 -0.0690554 0.162467
16.63 0.151206 -0.0603009 0.162787
16.64 0.154831 -0.0512959 0.163107
16.65 0.157921 -0.0420718 0.163429
16.66 0.16046 -0.0326599 0.163751
16.67 0.16244 -0.0230936 0.164073
16.68 0.163849 -0.0134056 0.164396
16.69 0.16468 -0.00363037 0.16472
16.7 0.164928 0.00619795 0.165045
16.71 0.16459 0.0160443 0.16537
16.72 0.163663 0.0258739 0.165696
16.73 0.162149 0.0356514 0.166022
16.74 0.160051 0.0453419 0.166349
16.75 0.157372 0.0549101 0.166677
16.76 0.154122 0.0643217 0.167005
16.77 0.150307 0.073542 0.167334
16.78 0.145941 0.0825376 0.167664
16.79 0.141034 0.091275 0.167994
16.8 0.135605 0.0997219 0.168324
16.81 0.129668 0.107847 0.168655
16.82 0.123243 0.11562 0.168987
16.83 0.116351 0.123011 0.16932
16.84 0.109015 0.129991 0.169653
16.85 0.101258 0.136536 0.169986
16.86 0.0931076 0.142618 0.17032
16.87 0.0845902 0.148214 0.170655
16.88 0.0757352 0.153302 0.17099
16.89 0.0665726 0.157862 0.171325
16.9 0.0571342 0.161874 0.171661
16.91 0.0474522 0.165323 0.171998
16.92 0.0375609 0.168192 0.172335
16.93 0.0274944 0.17047 0.172673
16.94 0.0172883 0.172145 0.173011
16.95 0.00697865 0.17321 0.17335
16.96 -0.00339809 0.173656 0.173689
16.97 -0.0138046 0.173481 0.174029
16.98 -0.024204 0.172681 0.174369
16.99 -0.0345584 0.171258 0.17471
17 -0.0448308 0.169213 0.175051
17.01 -0.0549834 0.166552 0.175393
17.02 -0.0649796 0.16328 0.175735
17.03 -0.0747822 0.159408 0.176078
17.04 -0.0843557 0.154946 0.176421
17.05 -0.0936639 0.149909 0.176764
17.06 -0.102673 0.144311 0.177108
17.07 -0.111348 0.138171 0.177453
17.08 -0.119657 0.131507 0.177798
17.09 -0.127568 0.124343 0.178143
17.1 -0.135051 0.116702 0.178489
17.11 -0.142077 0.108609 0.178835
17.12 -0.148619 0.100092 0.179182
17.13 -0.154651 0.0911784 0.179528
17.14 -0.160149 0.0819005 0.179876
17.15 -0.16509 0.0722892 0.180224
17.16 -0.169455 0.0623785 0.180572
17.17 -0.173226 0.0522022 0.18092
17.18 -0.176385 0.0417968 0.18127
17.19 -0.178919 0.0311983 0.181619
17.2 -0.180816 0.0204448 0.181969
17.21 -0.182067 0.00957392 0.182319
17.22 -0.182664 -0.00137469 0.182669
17.23 -0.182602 -0.0123623 0.18302
17.24 -0.181878 -0.0233488 0.183371
17.25 -0.180493 -0.0342947 0.183722
17.26 -0.178448 -0.0451596 0.184074
17.27 -0.175749 -0.0559045 0.184426
17.28 -0.172401 -0.066489 0.184778
17.29 -0.168416 -0.0768747 0.185131
17.3 -0.163803 -0.0870226 0.185484
17.31 -0.158578 -0.096895 0.185837
17.32 -0.152756 -0.106455 0.186191
17.33 -0.146357 -0.115666 0.186545
17.34 -0.139401 -0.124493 0.186899
17.35 -0.131911 -0.132903 0.187253
17.36 -0.123912 -0.140863 0.187608
17.37 -0.115432 -0.148342 0.187963
17.38 -0.106498 -0.155312 0.188318
17.39 -0.0971417 -0.161744 0.188673
17.4 -0.0873953 -0.167612 0.189029
17.41 -0.0772927 -0.172894 0.189384
17.42 -0.0668692 -0.177567 0.18974
17.43 -0.0561615 -0.181611 0.190097
17.44 -0.0452073 -0.18501 0.190453
17.45 -0.0340458 -0.187748 0.19081
17.46 -0.0227167 -0.189812 0.191167
17.47 -0.0112606 -0.191192 0.191523
17.48 0.000280821 -0.19188 0.191881
17.49 0.0118662 -0.191871 0.192238
17.5 0.023453 -0.191162 0.192595
17.51 0.0349992 -0.189752 0.192953
17.52 0.0464619 -0.187644 0.193311
17.53 0.0577994 -0.184842 0.193668
17.54 0.0689691 -0.181355 0.194026
17.55 0.07993 -0.17719 0.194384
17.56 0.0906404 -0.172363 0.194742
17.57 0.101061 -0.166886 0.195101
17.58 0.111151 -0.160778 0.195459
17.59 0.120873 -0.154059 0.195817
17.6 0.13019 -0.146749 0.196176
17.61 0.139066 -0.138875 0.196534
17.62 0.147466 -0.130462 0.196893
17.63 0.155358 -0.12154 0.197251
17.64 0.162711 -0.112138 0.19761
17.65 0.169495 -0.102289 0.197969
17.66 0.175682 -0.0920285 0.198327
17.67 0.181249 -0.0813916 0.198686
17.68 0.186172 -0.0704158 0.199044
17.69 0.19043 -0.0591407 0.199403
17.7 0.194005 -0.0476058 0.199761
17.71 0.196881 -0.0358533 0.200119
17.72 0.199045 -0.0239249 0.200478
17.73 0.200485 -0.0118644 0.200836
17.74 0.201194 0.000284859 0.201194
17.75 0.201165 0.0124778 0.201552
17.76 0.200397 0.0246704 0.20191
17.77 0.198889 0.036817 0.202268
17.78 0.196643 0.0488732 0.202625
17.79 0.193665 0.0607936 0.202983
17.8 0.189963 0.0725343 0.20334
17.81 0.185548 0.0840506 0.203697
17.82 0.180434 0.0952994 0.204054
17.83 0.174635 0.106238 0.204411
17.84 0.168172 0.116825 0.204768
17.85 0.161065 0.12702 0.205124
17.86 0.153339 0.136783 0.20548
17.87 0.145018 0.146076 0.205836
17.88 0.136133 0.154864 0.206192
17.89 0.126713 0.163112 0.206547
17.9 0.116791 0.170788 0.206903
17.91 0.106403 0.17786 0.207257
17.92 0.0955842 0.1843 0.207612
17.93 0.0843737 0.190082 0.207966
17.94 0.0728116 0.195181 0.20832
17.95 0.0609393 0.199578 0.208674
17.96 0.0487996 0.203251 0.209027
17.97 0.0364366 0.206186 0.20938
17.98 0.0238953 0.208367 0.209733
17.99 0.0112217 0.209786 0.210085
18 -0.00153802 0.210432 0.210437
18.01 -0.0143361 0.210301 0.210789
18.02 -0.027126 0.20939 0.21114
18.03 -0.0398594 0.207701 0.211491
18.04 -0.0524893 0.205236 0.211841
18.05 -0.0649679 0.202001 0.212191
18.06 -0.0772486 0.198006 0.212541
18.07 -0.0892847 0.193263 0.21289
18.08 -0.101031 0.187786 0.213239
18.09 -0.112442 0.181594 0.213587
18.1 -0.123474 0.174707 0.213936
18.11 -0.134086 0.167147 0.214283
18.12 -0.144235 0.158942 0.21463
18.13 -0.153882 0.150117 0.214977
18.14 -0.16299 0.140706 0.215323
18.15 -0.171523 0.13074 0.215668
18.16 -0.179446 0.120254 0.216014
18.17 -0.186728 0.109286 0.216358
18.18 -0.19334 0.0978759 0.216703
18.19 -0.199254 0.086063 0.217046
18.2 -0.204446 0.0738912 0.21739
18.21 -0.208894 0.061404 0.217732
18.22 -0.212579 0.0486474 0.218074
18.23 -0.215484 0.0356677 0.218416
18.24 -0.217596 0.022513 0.218757
18.25 -0.218903 0.00923143 0.219098
18.26 -0.219399 -0.00412732 0.219438
18.27 -0.219079 -0.0175141 0.219778
18.28 -0.21794 -0.0308783 0.220116
18.29 -0.215985 -0.0441705 0.220455
18.3 -0.213217 -0.0573402 0.220793
18.31 -0.209645 -0.070338 0.22113
18.32 -0.205279 -0.0831145 0.221467
18.33 -0.200133 -0.0956211 0.221803
18.34 -0.194223 -0.10781 0.222138
18.35 -0.187569 -0.119635 0.222473
18.36 -0.180193 -0.13105 0.222808
18.37 -0.17212 -0.14201 0.223142
18.38 -0.163379 -0.152474 0.223475
18.39 -0.154 -0.1624 0.223807
18.4 -0.144016 -0.17175 0.224139
18.41 -0.133462 -0.180486 0.224471
18.42 -0.122376 -0.188573 0.224802
18.43 -0.110799 -0.195979 0.225132
18.44 -0.0987707 -0.202675 0.225461
18.45 -0.0863363 -0.208632 0.22579
18.46 -0.0735408 -0.213826 0.226119
18.47 -0.060431 -0.218234 0.226446
18.48 -0.0470553 -0.221838 0.226773
18.49 -0.0334628 -0.224621 0.227099
18.5 -0.0197044 -0.22657 0.227425
18.51 -0.00583068 -0.227676 0.22775
18.52 0.00810586 -0.227931 0.228075
18.53 0.0220538 -0.227331 0.228399
18.54 0.0359597 -0.225877 0.228722
18.55 0.0497721 -0.223571 0.229044
18.56 0.0634379 -0.220419 0.229366
18.57 0.0769058 -0.216429 0.229687
18.58 0.0901239 -0.211616 0.230008
18.59 0.103042 -0.205993 0.230327
18.6 0.11561 -0.19958 0.230646
18.61 0.127781 -0.192398 0.230965
18.62 0.139505 -0.184472 0.231283
18.63 0.150739 -0.17583 0.2316
18.64 0.161438 -0.166501 0.231916
18.65 0.171561 -0.15652 0.232232
18.66 0.181066 -0.145921 0.232547
18.67 0.189917 -0.134743 0.232861
18.68 0.198078 -0.123026 0.233174
18.69 0.205516 -0.110813 0.233487
18.7 0.2122 -0.0981482 0.233799
18.71 0.218104 -0.0850784 0.23411
18.72 0.223202 -0.0716513 0.234421
18.73 0.227473 -0.057917 0.234731
18.74 0.230899 -0.0439263 0.23504
18.75 0.233462 -0.0297314 0.235348
18.76 0.235153 -0.0153853 0.235656
18.77 0.23596 -0.000941976 0.235962
18.78 0.23588 0.0135444 0.236268
18.79 0.234908 0.0280189 0.236573
18.8 0.233047 0.0424268 0.236877
18.81 0.2303 0.0567133 0.23718
18.82 0.226676 0.0708238 0.237483
18.83 0.222186 0.0847046 0.237785
18.84 0.216844 0.0983019 0.238085
18.85 0.210668 0.111564 0.238385
18.86 0.203679 0.124439 0.238684
18.87 0.195901 0.136877 0.238982
18.88 0.187361 0.14883 0.239279
18.89 0.17809 0.160251 0.239575
18.9 0.16812 0.171095 0.23987
18.91 0.157488 0.181319 0.240165
18.92 0.146232 0.190882 0.240458
18.93 0.134393 0.199747 0.24075
18.94 0.122015 0.207878 0.241041
18.95 0.109142 0.215241 0.241331
18.96 0.0958234 0.221807 0.24162
18.97 0.0821075 0.227548 0.241908
18.98 0.0680454 0.23244 0.242195
18.99 0.0536903 0.236462 0.242481
19 0.0390953 0.239597 0.242766
19.01 0.0243162 0.24183 0.243049
19.02 0.00940795 0.24315 0.243332
19.03 -0.00557217 0.243549 0.243613
19.04 -0.020568 0.243024 0.243893
19.05 -0.0355217 0.241574 0.244172
19.06 -0.0503767 0.239202 0.24445
19.07 -0.0650755 0.235915 0.244726
19.08 -0.0795622 0.231723 0.245001
19.09 -0.0937803 0.226639 0.245275
19.1 -0.107675 0.22068 0.245548
19.11 -0.121193 0.213867 0.245819
19.12 -0.13428 0.206224 0.246089
19.13 -0.146887 0.197778 0.246357
19.14 -0.158963 0.188559 0.246625
19.15 -0.170461 0.1786 0.24689
19.16 -0.181335 0.167938 0.247155
19.17 -0.191543 0.156611 0.247418
19.18 -0.201043 0.144662 0.24768
19.19 -0.209797 0.132133 0.24794
19.2 -0.21777 0.119073 0.248198
19.21 -0.22493 0.10553 0.248456
19.22 -0.231247 0.0915537 0.248711
19.23 -0.236695 0.0771974 0.248965
19.24 -0.24125 0.0625154 0.249218
19.25 -0.244893 0.047563 0.249469
19.26 -0.247608 0.0323968 0.249719
19.27 -0.249383 0.0170747 0.249967
19.28 -0.250207 0.00165501 0.250213
19.29 -0.250077 -0.0138032 0.250458
19.3 -0.24899 -0.0292407 0.250701
19.31 -0.246947 -0.044598 0.250942
19.32 -0.243956 -0.0598162 0.251182
19.33 -0.240024 -0.074836 0.25142
19.34 -0.235166 -0.0895998 0.251656
19.35 -0.229397 -0.10405 0.251891
19.36 -0.222737 -0.11813 0.252124
19.37 -0.215212 -0.131784 0.252355
19.38 -0.206846 -0.144961 0.252585
19.39 -0.197672 -0.157607 0.252813
19.4 -0.187722 -0.169674 0.253039
19.41 -0.177033 -0.181112 0.253263
19.42 -0.165644 -0.191877 0.253485
19.43 -0.153599 -0.201926 0.253706
19.44 -0.140942 -0.211218 0.253925
19.45 -0.12772 -0.219717 0.254141
19.46 -0.113984 -0.227387 0.254356
19.47 -0.0997847 -0.234198 0.254569
19.48 -0.0851772 -0.240121 0.254781
19.49 -0.070216 -0.245132 0.25499
19.5 -0.0549592 -0.249209 0.255197
19.51 -0.039464 -0.252335 0.255403
19.52 -0.0237908 -0.254496 0.255606
19.53 -0.00799893 -0.255682 0.255807
19.54 0.00785005 -0.255886 0.256007
19.55 0.0236955 -0.255106 0.256204
19.56 0.0394759 -0.253343 0.2564
19.57 0.0551303 -0.250601 0.256593
19.58 0.0705976 -0.246889 0.256784
19.59 0.0858177 -0.242221 0.256974
19.6 0.100731 -0.236611 0.257161
19.61 0.11528 -0.230081 0.257346
19.62 0.129407 -0.222654 0.257529
19.63 0.143057 -0.214357 0.257709
19.64 0.156175 -0.20522 0.257888
19.65 0.168711 -0.195279 0.258064
19.66 0.180615 -0.184568 0.258239
19.67 0.191838 -0.173131 0.258411
19.68 0.202337 -0.161007 0.25858
19.69 0.21207 -0.148245 0.258748
19.7 0.220998 -0.134893 0.258913
19.71 0.229084 -0.121 0.259076
19.72 0.236296 -0.106621 0.259237
19.73 0.242604 -0.0918108 0.259395
19.74 0.247983 -0.0766256 0.259551
19.75 0.252409 -0.0611239 0.259705
19.76 0.255865 -0.0453658 0.259856
19.77 0.258336 -0.0294117 0.260005
19.78 0.25981 -0.0133241 0.260151
19.79 0.26028 0.00283543 0.260295
19.8 0.259743 0.0190034 0.260437
19.81 0.258199 0.0351174 0.260576
19.82 0.255653 0.0511142 0.260712
19.83 0.252113 0.0669319 0.260846
19.84 0.247592 0.0825077 0.260978
19.85 0.242106 0.0977817 0.261107
19.86 0.235676 0.112693 0.261233
19.87 0.228324 0.127184 0.261357
19.88 0.220078 0.141196 0.261478
19.89 0.21097 0.154675 0.261596
19.9 0.201033 0.167567 0.261712
19.91 0.190306 0.179822 0.261825
19.92 0.178829 0.19139 0.261935
19.93 0.166647 0.202226 0.262043
19.94 0.153805 0.212286 0.262147
19.95 0.140354 0.22153 0.262249
19.96 0.126345 0.229921 0.262348
19.97 0.111832 0.237425 0.262444
19.98 0.0968723 0.244012 0.262537
19.99 0.081523 0.249655 0.262628
20 0.0658438 0.25433 0.262715
20.01 0.0498963 0.258019 0.262799
20.02 0.0337419 0.260707 0.262881
20.03 0.0174444 0.26238 0.262959
20.04 0.0010672 0.263032 0.263035
20.05 -0.0153255 0.26266 0.263107
20.06 -0.0316693 0.261263 0.263176
20.07 -0.0479004 0.258847 0.263241
20.08 -0.0639544 0.255419 0.263304
20.09 -0.0797687 0.250993 0.263363
20.1 -0.0952804 0.245584 0.26342
20.11 -0.110429 0.239214 0.263472
20.12 -0.125154 0.231906 0.263522
20.13 -0.139397 0.223689 0.263568
20.14 -0.153103 0.214593 0.263611
20.15 -0.166216 0.204655 0.26365
20.16 -0.178685 0.193913 0.263686
20.17 -0.19046 0.182408 0.263719
20.18 -0.201494 0.170186 0.263748
20.19 -0.211743 0.157293 0.263773
20.2 -0.221167 0.14378 0.263795
20.21 -0.229728 0.129701 0.263813
20.22 -0.237391 0.115111 0.263828
20.23 -0.244126 0.100066 0.263839
20.24 -0.249906 0.0846254 0.263846
20.25 -0.254708 0.068851 0.263849
20.26 -0.258511 0.052804 0.263849
20.27 -0.261302 0.0365484 0.263845
20.28 -0.263067 0.0201476 0.263837
20.29 -0.2638 0.00366703 0.263826
20.3 -0.263498 -0.0128287 0.26381
20.31 -0.262161 -0.0292738 0.26379
20.32 -0.259795 -0.0456038 0.263767
20.33 -0.256408 -0.0617534 0.263739
20.34 -0.252014 -0.0776591 0.263708
20.35 -0.24663 -0.0932575 0.263672
20.36 -0.240277 -0.108487 0.263633
20.37 -0.232979 -0.123287 0.263589
20.38 -0.224768 -0.137599 0.263541
20.39 -0.215673 -0.151366 0.263489
20.4 -0.205732 -0.164533 0.263433
20.41 -0.194984 -0.177048 0.263372
20.42 -0.183472 -0.188862 0.263307
20.43 -0.171241 -0.199927 0.263238
20.44 -0.15834 -0.2102 0.263164
20.45 -0.144821 -0.21964 0.263087
20.46 -0.130737 -0.228209 0.263004
20.47 -0.116144 -0.235873 0.262918
20.48 -0.101101 -0.242603 0.262826
20.49 -0.0856683 -0.248371 0.262731
20.5 -0.0699063 -0.253156 0.26263
20.51 -0.0538786 -0.256937 0.262526
20.52 -0.0376488 -0.259701 0.262416
20.53 -0.0212819 -0.261437 0.262302
20.54 -0.00484321 -0.262138 0.262183
20.55 0.0116015 -0.261803 0.26206
20.56 0.0279871 -0.260432 0.261932
20.57 0.0442474 -0.258033 0.261799
20.58 0.0603186 -0.254614 0.261661
20.59 0.0761354 -0.250191 0.261519
20.6 0.0916359 -0.244782 0.261372
20.61 0.106757 -0.238408 0.261219
20.62 0.12144 -0.231097 0.261062
20.63 0.135626 -0.222878 0.2609
20.64 0.149258 -0.213785 0.260734
20.65 0.162283 -0.203855 0.260562
20.66 0.174648 -0.193128 0.260385
20.67 0.186305 -0.181648 0.260203
20.68 0.197208 -0.169463 0.260016
20.69 0.207313 -0.15662 0.259824
20.7 0.216581 -0.143174 0.259627
20.71 0.224977 -0.129177 0.259425
20.72 0.232466 -0.114688 0.259217
20.73 0.23902 -0.0997636 0.259005
20.74 0.244614 -0.0844663 0.258787
20.75 0.249227 -0.0688566 0.258564
20.76 0.252841 -0.0529984 0.258336
20.77 0.255443 -0.0369554 0.258103
20.78 0.257024 -0.0207925 0.257864
20.79 0.257579 -0.00457493 0.25762
20.8 0.257107 0.011632 0.25737
20.81 0.255612 0.027763 0.257116
20.82 0.253101 0.0437534 0.256855
20.83 0.249587 0.0595388 0.25659
20.84 0.245083 0.0750561 0.256319
20.85 0.239612 0.0902429 0.256042
20.86 0.233196 0.105039 0.25576
20.87 0.225862 0.119385 0.255473
20.88 0.217643 0.133223 0.25518
20.89 0.208573 0.1465 0.254882
20.9 0.198689 0.159162 0.254578
20.91 0.188035 0.171159 0.254268
20.92 0.176653 0.182445 0.253953
20.93 0.164592 0.192974 0.253632
20.94 0.151902 0.202706 0.253306
20.95 0.138635 0.211604 0.252974
20.96 0.124848 0.219632 0.252637
20.97 0.110595 0.226761 0.252293
20.98 0.0959366 0.232964 0.251944
20.99 0.0809327 0.238217 0.25159
21 0.0656453 0.242501 0.251229
21.01 0.0501365 0.245802 0.250863
21.02 0.0344704 0.248108 0.250491
21.03 0.0187103 0.249412 0.250113
21.04 0.0029211 0.249713 0.24973
21.05 -0.0128336 0.24901 0.24934
21.06 -0.0284892 0.247309 0.248945
21.07 -0.043983 0.244621 0.248544
21.08 -0.0592518 0.240959 0.248137
21.09 -0.0742346 0.23634 0.247724
21.1 -0.0888708 0.230785 0.247305
21.11 -0.103102 0.224321 0.246881
21.12 -0.116871 0.216976 0.24645
21.13 -0.130124 0.208783 0.246013
21.14 -0.142808 0.199777 0.245571
21.15 -0.154873 0.189998 0.245122
21.16 -0.166271 0.179489 0.244668
21.17 -0.176958 0.168294 0.244207
21.18 -0.186894 0.156461 0.243741
21.19 -0.196039 0.144042 0.243268
21.2 -0.204359 0.131088 0.242789
21.21 -0.211823 0.117654 0.242305
21.22 -0.218403 0.103798 0.241814
21.23 -0.224076 0.0895763 0.241317
21.24 -0.228821 0.0750499 0.240814
21.25 -0.232622 0.0602789 0.240305
21.26 -0.235468 0.0453249 0.23979
21.27 -0.237349 0.0302496 0.239269
21.28 -0.238262 0.0151158 0.238741
21.29 -0.238208 -1.47507e-05 0.238208
21.3 -0.237189 -0.0150792 0.237668
21.31 -0.235215 -0.0300167 0.237123
21.32 -0.232297 -0.0447657 0.236571
21.33 -0.22845 -0.0592668 0.236013
21.34 -0.223695 -0.0734608 0.235448
21.35 -0.218055 -0.0872913 0.234878
21.36 -0.211557 -0.100702 0.234301
21.37 -0.204231 -0.113641 0.233719
21.38 -0.196111 -0.126055 0.23313
21.39 -0.187235 -0.137896 0.232535
21.4 -0.177642 -0.149118 0.231933
21.41 -0.167376 -0.159678 0.231326
21.42 -0.156481 -0.169534 0.230712
21.43 -0.145006 -0.17865 0.230093
21.44 -0.133001 -0.186991 0.229467
21.45 -0.120518 -0.194527 0.228835
21.46 -0.107611 -0.20123 0.228196
21.47 -0.0943366 -0.207076 0.227552
21.48 -0.0807502 -0.212046 0.226901
21.49 -0.0669105 -0.216124 0.226245
21.5 -0.0528759 -0.219297 0.225582
21.51 -0.038706 -0.221557 0.224913
21.52 -0.02446 -0.2229 0.224238
21.53 -0.0101977 -0.223324 0.223556
21.54 0.00402173 -0.222833 0.222869
21.55 0.0181393 -0.221434 0.222176
21.56 0.0320967 -0.219138 0.221476
21.57 0.045837 -0.21596 0.220771
21.58 0.059304 -0.211917 0.220059
21.59 0.0724435 -0.207033 0.219341
21.6 0.0852021 -0.201331 0.218618
21.61 0.0975295 -0.194841 0.217888
21.62 0.109376 -0.187595 0.217152
21.63 0.120696 -0.179627 0.216411
21.64 0.131445 -0.170976 0.215663
21.65 0.141582 -0.161681 0.21491
21.66 0.151068 -0.151785 0.21415
21.67 0.159867 -0.141335 0.213385
21.68 0.167948 -0.130377 0.212613
21.69 0.175281 -0.11896 0.211837
21.7 0.18184 -0.107135 0.211054
21.71 0.187603 -0.0949558 0.210265
21.72 0.192552 -0.0824742 0.209471
21.73 0.19667 -0.0697456 0.208671
21.74 0.199948 -0.0568246 0.207865
21.75 0.202376 -0.0437675 0.207054
21.76 0.20395 -0.0306294 0.206238
21.77 0.204671 -0.017467 0.205415
21.78 0.204541 -0.00433522 0.204587
21.79 0.203568 0.00871029 0.203754
21.8 0.201761 0.0216158 0.202915
21.81 0.199134 0.0343274 0.202071
21.82 0.195705 0.0467932 0.201222
21.83 0.191495 0.0589626 0.200367
21.84 0.186527 0.0707861 0.199507
21.85 0.180828 0.082217 0.198642
21.86 0.174429 0.0932096 0.197771
21.87 0.167361 0.103721 0.196896
21.88 0.159661 0.113711 0.196015
21.89 0.151366 0.123142 0.19513
21.9 0.142516 0.131977 0.194239
21.91 0.133154 0.140185 0.193344
21.92 0.123323 0.147736 0.192444
21.93 0.11307 0.154604 0.191539
21.94 0.10244 0.160765 0.190629
21.95 0.0914843 0.1662 0.189715
21.96 0.0802505 0.170891 0.188795
21.97 0.0687895 0.174825 0.187872
21.98 0.0571518 0.177994 0.186944
21.99 0.0453892 0.180389 0.186012
22 0.0335522 0.182008 0.185075
22.01 0.0216928 0.182851 0.184134
22.02 0.0098611 0.182923 0.183188
22.03 -0.00189216 0.182229 0.182239
22.04 -0.0135178 0.180781 0.181285
22.05 -0.0249671 0.178591 0.180328
22.06 -0.0361932 0.175677 0.179366
22.07 -0.0471497 0.172057 0.178401
22.08 -0.057793 0.167755 0.177431
22.09 -0.0680799 0.162796 0.176458
22.1 -0.0779707 0.157208 0.175481
22.11 -0.0874263 0.15102 0.174501
22.12 -0.0964111 0.144267 0.173517
22.13 -0.104891 0.136983 0.172529
22.14 -0.112835 0.129204 0.171539
22.15 -0.120215 0.12097 0.170545
22.16 -0.127005 0.112321 0.169547
22.17 -0.133182 0.103298 0.168547
22.18 -0.138727 0.0939443 0.167543
22.19 -0.143621 0.0843045 0.166536
22.2 -0.147852 0.074423 0.165526
22.21 -0.151408 0.0643453 0.164514
22.22 -0.154282 0.0541171 0.163498
22.23 -0.15647 0.0437843 0.16248
22.24 -0.157969 0.033393 0.161459
22.25 -0.158781 0.0229888 0.160436
22.26 -0.15891 0.0126169 0.15941
22.27 -0.158365 0.00232209 0.158382
22.28 -0.157155 -0.0078521 0.157351
22.29 -0.155295 -0.0178626 0.156319
22.3 -0.152799 -0.0276683 0.155283
22.31 -0.149686 -0.0372284 0.154246
22.32 -0.145979 -0.0465051 0.153207
22.33 -0.141699 -0.0554608 0.152166
22.34 -0.136874 -0.064061 0.151123
22.35 -0.13153 -0.0722722 0.150078
22.36 -0.125699 -0.080064 0.149032
22.37 -0.119412 -0.0874073 0.147984
22.38 -0.112702 -0.0942762 0.146935
22.39 -0.105604 -0.100647 0.145884
22.4 -0.0981553 -0.106497 0.144831
22.41 -0.090392 -0.111809 0.143778
22.42 -0.0823531 -0.116567 0.142723
22.43 -0.074077 -0.120757 0.141667
22.44 -0.0656044 -0.124368 0.140611
22.45 -0.0569742 -0.127393 0.139553
22.46 -0.0482275 -0.129826 0.138494
22.47 -0.0394037 -0.131666 0.137435
22.48 -0.0305436 -0.132911 0.136375
22.49 -0.0216862 -0.133566 0.135315
22.5 -0.0128711 -0.133636 0.134254
22.51 -0.00413621 -0.133129 0.133193
22.52 0.00448065 -0.132056 0.132132
22.53 0.0129431 -0.13043 0.13107
22.54 0.021216 -0.128266 0.130009
22.55 0.0292654 -0.125582 0.128947
22.56 0.037059 -0.122398 0.127885
22.57 0.044566 -0.118736 0.126824
22.58 0.0517573 -0.114619 0.125763
22.59 0.0586058 -0.110073 0.124703
22.6 0.0650867 -0.105125 0.123642
22.61 0.0711761 -0.0998023 0.122583
22.62 0.076854 -0.0941358 0.121524
22.63 0.0821006 -0.0881561 0.120466
22.64 0.0869003 -0.081895 0.119409
22.65 0.0912381 -0.0753849 0.118352
22.66 0.0951028 -0.0686594 0.117297
22.67 0.0984843 -0.0617519 0.116243
22.68 0.101376 -0.0546969 0.11519
22.69 0.103773 -0.0475281 0.114139
22.7 0.105672 -0.0402802 0.113089
22.71 0.107074 -0.0329867 0.11204
22.72 0.107982 -0.0256818 0.110994
22.73 0.108398 -0.0183982 0.109949
22.74 0.108331 -0.0111688 0.108905
22.75 0.107789 -0.00402498 0.107864
22.76 0.106783 0.00300193 0.106825
22.77 0.105325 0.00988283 0.105788
22.78 0.103431 0.0165884 0.104752
22.79 0.101117 0.0230921 0.10372
22.8 0.0984007 0.0293676 0.10269
22.81 0.095303 0.0353907 0.101662
22.82 0.0918442 0.0411387 0.100637
22.83 0.0880475 0.0465904 0.0996144
22.84 0.0839359 0.0517268 0.0985946
22.85 0.0795348 0.0565301 0.0975778
22.86 0.0748694 0.0609849 0.0965639
22.87 0.0699666 0.0650775 0.0955532
22.88 0.0648531 0.0687963 0.0945455
22.89 0.0595568 0.0721313 0.0935411
22.9 0.0541054 0.0750751 0.0925401
22.91 0.0485272 0.0776217 0.0915424
22.92 0.0428503 0.0797675 0.0905484
22.93 0.037103 0.0815105 0.0895578
22.94 0.031313 0.0828512 0.0885711
22.95 0.0255082 0.0837912 0.0875879
22.96 0.0197156 0.0843351 0.0866089
22.97 0.0139614 0.0844878 0.0856336
22.98 0.00827218 0.0842574 0.0846625
22.99 0.00267219 0.0836528 0.0836954
23 -0.00281383 0.0826848 0.0827327
23.01 -0.00816346 0.0813656 0.0817741
23.02 -0.0133541 0.079709 0.0808199
23.03 -0.0183656 0.0777301 0.0798703
23.04 -0.0231781 0.075445 0.0789251
23.05 -0.0277738 0.0728712 0.0779846
23.06 -0.0321358 0.070027 0.0770486
23.07 -0.0362491 0.066932 0.0761176
23.08 -0.0400998 0.063606 0.0751912
23.09 -0.0436761 0.0600702 0.07427
23.1 -0.0469672 0.0563455 0.0733535
23.11 -0.0499644 0.0524542 0.0724423
23.12 -0.05266 0.048418 0.0715359
23.13 -0.0550487 0.0442599 0.070635
23.14 -0.0571263 0.0400016 0.0697391
23.15 -0.0588901 0.0356663 0.0688486
23.16 -0.0603397 0.0312758 0.0679636
23.17 -0.061475 0.0268524 0.0670838
23.18 -0.062299 0.0224179 0.0662097
23.19 -0.0628146 0.0179936 0.065341
23.2 -0.0630274 0.0136002 0.0644781
23.21 -0.0629434 0.00925786 0.0636206
23.22 -0.0625708 0.0049861 0.0627691
23.23 -0.061918 0.000803368 0.0619232
23.24 -0.0609956 -0.00327234 0.0610833
23.25 -0.0598143 -0.00722449 0.0602491
23.26 -0.0583869 -0.011037 0.0594209
23.27 -0.0567261 -0.0146955 0.0585987
23.28 -0.0548461 -0.018186 0.0577826
23.29 -0.0527613 -0.0214965 0.0569724
23.3 -0.0504875 -0.0246152 0.0561685
23.31 -0.0480402 -0.0275327 0.0553707
23.32 -0.045436 -0.0302395 0.0545789
23.33 -0.0426917 -0.0327289 0.0537937
23.34 -0.039824 -0.034994 0.0530144
23.35 -0.0368506 -0.0370302 0.0522418
23.36 -0.0337883 -0.0388336 0.0514752
23.37 -0.0306548 -0.0404019 0.0507152
23.38 -0.027467 -0.0417338 0.0499614
23.39 -0.0242422 -0.0428294 0.0492143
23.4 -0.0209969 -0.04369 0.0484735
23.41 -0.0177478 -0.0443176 0.0477392
23.42 -0.0145105 -0.0447161 0.0470115
23.43 -0.0113012 -0.0448896 0.0462903
23.44 -0.00813422 -0.0448439 0.0455757
23.45 -0.00502435 -0.0445854 0.0448676
23.46 -0.00198495 -0.0441216 0.0441662
23.47 0.000970674 -0.0434604 0.0434713
23.48 0.00383074 -0.0426114 0.0427832
23.49 0.00658351 -0.0415836 0.0421015
23.5 0.00921879 -0.040388 0.0414268
23.51 0.011727 -0.039035 0.0407585
23.52 0.0140991 -0.0375365 0.040097
23.53 0.0163279 -0.0359039 0.0394422
23.54 0.018406 -0.0341497 0.0387941
23.55 0.0203282 -0.0322861 0.0381527
23.56 0.0220892 -0.030326 0.037518
23.57 0.0236855 -0.0282821 0.0368901
23.58 0.0251137 -0.0261673 0.0362688
23.59 0.0263724 -0.0239943 0.0356543
23.6 0.0274602 -0.021776 0.0350465
23.61 0.0283772 -0.019525 0.0344455
23.62 0.0291239 -0.0172537 0.033851
23.63 0.0297023 -0.0149742 0.0332634
23.64 0.0301146 -0.0126984 0.0326824
23.65 0.0303643 -0.0104378 0.0321082
23.66 0.0304551 -0.00820311 0.0315405
23.67 0.030392 -0.00600544 0.0309797
23.68 0.0301804 -0.00385405 0.0304255
23.69 0.029826 -0.00175913 0.0298778
23.7 0.0293358 0.00027103 0.029337
23.71 0.0287164 0.00222775 0.0288026
23.72 0.0279756 0.00410373 0.028275
23.73 0.0271212 0.00589184 0.0277538
23.74 0.0261617 0.00758606 0.0272394
23.75 0.0251054 0.00918062 0.0267314
23.76 0.0239614 0.0106708 0.02623
23.77 0.0227383 0.0120525 0.025735
23.78 0.0214455 0.0133223 0.0252467
23.79 0.020092 0.0144776 0.0247646
23.8 0.0186872 0.0155162 0.0242892
23.81 0.0172401 0.016437 0.0238201
23.82 0.01576 0.0172392 0.0233574
23.83 0.0142554 0.0179231 0.022901
23.84 0.0127357 0.0184891 0.0224509
23.85 0.011209 0.0189388 0.0220073
23.86 0.00968379 0.0192737 0.0215697
23.87 0.00816813 0.0194967 0.0211386
23.88 0.00666942 0.0196104 0.0207135
23.89 0.00519539 0.0196185 0.0202947
23.9 0.00375264 0.0195246 0.019882
23.91 0.00234785 0.0193334 0.0194754
23.92 0.000986917 0.0190493 0.0190748
23.93 -0.000324331 0.0186775 0.0186804
23.94 -0.001581 0.0182234 0.0182918
23.95 -0.00277816 0.0176925 0.0179093
23.96 -0.00391205 0.0170906 0.0175326
23.97 -0.00497862 0.0164238 0.0171618
23.98 -0.00597509 0.0156982 0.0167969
23.99 -0.00689853 0.01492 0.0164377
24 -0.00774714 0.0140957 0.0160843
24.01 -0.00851895 0.0132312 0.0157365
24.02 -0.00921317 0.0123333 0.0153946
24.03 -0.0098288 0.0114077 0.015058
24.04 -0.0103659 0.0104613 0.0147272
24.05 -0.0108247 0.00949935 0.0144018
24.06 -0.0112056 0.00852827 0.0140818
24.07 -0.0115102 0.00755355 0.0137674
24.08 -0.0117395 0.00658084 0.0134582
24.09 -0.0118957 0.00561529 0.0131544
24.1 -0.0119807 0.00466208 0.0128559
24.11 -0.0119974 0.00372584 0.0125626
24.12 -0.0119481 0.00281118 0.0122744
24.13 -0.0118363 0.00192217 0.0119914
24.14 -0.011665 0.00106279 0.0117134
24.15 -0.011438 0.000236426 0.0114405
24.16 -0.0111587 -0.000553599 0.0111724
24.17 -0.0108311 -0.00130444 0.0109094
24.18 -0.010459 -0.0020137 0.0106511
24.19 -0.0100467 -0.00267907 0.0103978
24.2 -0.00959794 -0.00329886 0.010149
24.21 -0.00911719 -0.00387127 0.00990504
24.22 -0.00860845 -0.00439565 0.00966577
24.23 -0.00807582 -0.0048707 0.00943094
24.24 -0.00752358 -0.00529626 0.0092008
24.25 -0.00695556 -0.00567194 0.00897501
24.26 -0.00637585 -0.00599793 0.00875367
24.27 -0.00578831 -0.00627458 0.00853668
24.28 -0.00519665 -0.00650272 0.00832409
24.29 -0.00460439 -0.00668307 0.00811565
24.3 -0.00401514 -0.00681693 0.0079115
24.31 -0.00343196 -0.00690555 0.00771135
24.32 -0.00285816 -0.00695076 0.00751546
24.33 -0.00229643 -0.00695411 0.00732347
24.34 -0.0017497 -0.00691767 0.00713552
24.35 -0.00122019 -0.00684355 0.00695147
24.36 -0.000710426 -0.0067339 0.00677127
24.37 -0.000222145 -0.00659119 0.00659494
24.38 0.000242454 -0.00641766 0.00642223
24.39 0.000682057 -0.0062161 0.0062534
24.4 0.00109515 -0.00598866 0.00608797
24.41 0.00148058 -0.00573841 0.00592633
24.42 0.00183758 -0.00546763 0.00576816
24.43 0.00216522 -0.00517904 0.00561344
24.44 0.00246305 -0.00487525 0.00546211
24.45 0.00273086 -0.00455891 0.00531425
24.46 0.00296854 -0.00423237 0.00516964
24.47 0.00317608 -0.0038983 0.00502834
24.48 0.00335391 -0.00355887 0.00489022
24.49 0.00350224 -0.00321662 0.00475524
24.5 0.00362193 -0.00287355 0.00462338
24.51 0.00371351 -0.00253196 0.00449455
24.52 0.00377808 -0.00219378 0.00436881
24.53 0.00381637 -0.00186083 0.00424586
24.54 0.00382982 -0.00153501 0.00412599
24.55 0.00381935 -0.00121778 0.00400879
24.56 0.00378654 -0.000910832 0.00389455
24.57 0.00373254 -0.000615215 0.0037829
24.58 0.00365892 -0.000332567 0.003674
24.59 0.00356726 -6.35491e-05 0.00356782
24.6 0.00345887 0.000190684 0.00346412
24.61 0.0033355 0.000429379 0.00336302
24.62 0.00319865 0.000651886 0.0032644
24.63 0.00304991 0.000857732 0.00316823
24.64 0.0028909 0.00104642 0.00307446
24.65 0.0027232 0.0012179 0.00298313
24.66 0.00254815 0.00137182 0.00289395
24.67 0.00236749 0.00150835 0.00280716
24.68 0.00218254 0.00162743 0.0027225
24.69 0.00199485 0.00172936 0.0026401
24.7 0.00180554 0.00181449 0.00255976
24.71 0.00161616 0.00188306 0.00248151
24.72 0.0014277 0.00193575 0.0024053
24.73 0.00124157 0.00197296 0.00233111
24.74 0.00105861 0.0019955 0.00225891
24.75 0.000879937 0.0020038 0.00218849
24.76 0.000706468 0.00199897 0.00212013
24.77 0.000538924 0.00198152 0.0020535
24.78 0.000378246 0.0019524 0.0019887
24.79 0.00022491 0.00191249 0.00192567
24.8 7.95255e-05 0.00186262 0.00186431
24.81 -5.73283e-05 0.00180371 0.00180462
24.82 -0.000185295 0.00173683 0.00174669
24.83 -0.000304149 0.00166269 0.00169028
24.84 -0.000413486 0.00158236 0.00163549
24.85 -0.000513292 0.00149659 0.00158217
24.86 -0.000603337 0.00140645 0.0015304
24.87 -0.000683732 0.00131276 0.00148015
24.88 -0.000754383 0.00121628 0.00143123
24.89 -0.000815608 0.00111794 0.00138383
24.9 -0.000867329 0.0010184 0.00133768
24.91 -0.000909973 0.000918549 0.00129297
24.92 -0.000943679 0.000818952 0.00124949
24.93 -0.000968866 0.000720457 0.00120738
24.94 -0.000985894 0.000623409 0.00116646
24.95 -0.000995023 0.000528591 0.00112671
24.96 -0.000996874 0.000436471 0.00108824
24.97 -0.000991785 0.000347422 0.00105088
24.98 -0.000980202 0.000261948 0.0010146
24.99 -0.000962716 0.000180466 0.000979485
25 -0.000939773 0.000103145 0.000945416
25.01 -0.000911842 3.04281e-05 0.00091235
25.02 -0.00087956 -3.76629e-05 0.000880366
25.03 -0.00084332 -0.000100779 0.000849321
25.04 -0.000803698 -0.000158866 0.000819249
25.05 -0.000761137 -0.000211858 0.000790072
25.06 -0.000716289 -0.000259671 0.000761905
25.07 -0.000669397 -0.000302421 0.000734541
25.08 -0.000621132 -0.000339996 0.000708098
25.09 -0.00057178 -0.000372527 0.000682429
25.1 -0.000521884 -0.000400064 0.000657582
25.11 -0.000471793 -0.000422935 0.000633611
25.12 -0.000421845 -0.000441082 0.000610333
25.13 -0.000372498 -0.000454782 0.000587862
25.14 -0.000323937 -0.000464247 0.000566093
25.15 -0.000276517 -0.000469647 0.000545005
25.16 -0.000230583 -0.000471273 0.000524659
25.17 -0.00018624 -0.000469435 0.00050503
25.18 -0.000143763 -0.000464174 0.000485927
25.19 -0.000103395 -0.000456011 0.000467586
25.2 -6.51467e-05 -0.000445046 0.000449789
25.21 -2.92719e-05 -0.00043166 0.000432652
25.22 4.19687e-06 -0.000416087 0.000416108
25.23 3.50749e-05 -0.000398536 0.000400076
25.24 6.35229e-05 -0.000379434 0.000384715
25.25 8.92879e-05 -0.000358879 0.000369819
25.26 0.000112541 -0.000337205 0.000355489
25.27 0.000133165 -0.000314592 0.000341615
25.28 0.000151237 -0.000291392 0.000328301
25.29 0.000166836 -0.000267691 0.000315425
25.3 0.00017996 -0.000243836 0.000303054
25.31 0.000190806 -0.000219921 0.000291157
25.32 0.000199317 -0.000196115 0.000279622
25.33 0.00020564 -0.000172711 0.000268546
25.34 0.000209988 -0.000149827 0.000257959
25.35 0.000212356 -0.000127471 0.000247677
25.36 0.000212896 -0.000105947 0.000237802
25.37 0.000211832 -8.52109e-05 0.000228328
25.38 0.000209154 -6.55017e-05 0.000219171
25.39 0.000205105 -4.6854e-05 0.000210388
25.4 0.000199749 -2.92481e-05 0.000201879
25.41 0.000193343 -1.28741e-05 0.000193771
25.42 0.000185852 2.35651e-06 0.000185867
25.43 0.000177597 1.62983e-05 0.000178343
25.44 0.000168565 2.90059e-05 0.000171042
25.45 0.000158908 4.04646e-05 0.000163979
25.46 0.000148807 5.07096e-05 0.00015721
25.47 0.000138335 5.96319e-05 0.00015064
25.48 0.000127665 6.73819e-05 0.000144356
25.49 0.000116764 7.39731e-05 0.000138224
25.5 0.000105829 7.93711e-05 0.000132286
25.51 9.49952e-05 8.36889e-05 0.000126601
25.52 8.424e-05 8.69878e-05 0.000121092
25.53 7.37296e-05 8.92247e-05 0.000115746
25.54 6.34968e-05 9.06407e-05 0.000110669
25.55 5.35097e-05 9.1116e-05 0.000105667
25.56 4.39822e-05 9.07676e-05 0.000100862
25.57 3.48734e-05 8.97271e-05 9.62658e-05
25.58 2.62557e-05 8.79523e-05 9.17876e-05
25.59 1.80546e-05 8.56604e-05 8.75424e-05
25.6 1.04677e-05 8.27583e-05 8.34177e-05
25.61 3.37296e-06 7.93872e-05 7.94588e-05
25.62 -3.1648e-06 7.56426e-05 7.57087e-05
25.63 -9.10694e-06 7.15717e-05 7.21487e-05
25.64 -1.45207e-05 6.71848e-05 6.8736e-05
25.65 -1.93345e-05 6.26157e-05 6.55329e-05
25.66 -2.36457e-05 5.78633e-05 6.25083e-05
25.67 -2.73872e-05 5.29932e-05 5.96519e-05
25.68 -3.06011e-05 4.81366e-05 5.70399e-05
25.69 -3.33451e-05 4.32464e-05 5.4609e-05
25.7 -3.55196e-05 3.83521e-05 5.22735e-05
25.71 -3.72952e-05 3.36342e-05 5.02214e-05
25.72 -3.86925e-05 2.89728e-05 4.83377e-05
25.73 -3.96084e-05 2.44859e-05 4.65659e-05
25.74 -4.0161e-05 2.01959e-05 4.49531e-05
25.75 -4.03535e-05 1.60516e-05 4.34288e-05
25.76 -4.02875e-05 1.22314e-05 4.21034e-05
25.77 -3.98741e-05 8.60967e-06 4.0793e-05
25.78 -3.92681e-05 5.26913e-06 3.962e-05
25.79 -3.83582e-05 2.22629e-06 3.84228e-05
25.8 -3.72299e-05 -5.47244e-07 3.7234e-05
25.81 -3.6e-05 -3.00265e-06 3.6125e-05
25.82 -3.45906e-05 -5.13491e-06 3.49697e-05
25.83 -3.3055e-05 -7.02364e-06 3.37929e-05
25.84 -3.13842e-05 -8.602e-06 3.25417e-05
25.85 -2.96493e-05 -9.83795e-06 3.12389e-05
25.86 -2.78837e-05 -1.08184e-05 2.99088e-05
25.87 -2.59968e-05 -1.15276e-05 2.8438e-05
25.88 -2.41406e-05 -1.19198e-05 2.6923e-05
25.89 -2.22533e-05 -1.21172e-05 2.53384e-05
25.9 -2.03029e-05 -1.20131e-05 2.35908e-05
25.91 -1.84203e-05 -1.16756e-05 2.18089e-05
25.92 -1.64899e-05 -1.11957e-05 1.99314e-05
25.93 -1.46015e-05 -1.04377e-05 1.79485e-05
25.94 -1.27006e-05 -9.56287e-06 1.58982e-05
25.95 -1.08936e-05 -8.48116e-06 1.38058e-05
25.96 -9.00094e-06 -7.26318e-06 1.15659e-05
25.97 -7.13906e-06 -5.98278e-06 9.3145e-06
25.98 -5.36705e-06 -4.5554e-06 7.03966e-06
25.99 -3.56866e-06 -3.05727e-06 4.69917e-06
26 -1.79964e-06 -1.55212e-06 2.37651e-06
