0 0.00531008 -0.0293024 0.0297797
0.01 0.0105958 -0.0585008 0.0594526
0.02 0.0158326 -0.0874915 0.0889125
0.03 0.0209967 -0.116171 0.118054
0.04 0.026064 -0.144439 0.146772
0.05 0.0310113 -0.172194 0.174964
0.06 0.0358155 -0.199338 0.202529
0.07 0.0404543 -0.225774 0.229369
0.08 0.044906 -0.251409 0.255388
0.09 0.0491499 -0.276152 0.280492
0.1 0.0531657 -0.299916 0.304592
0.11 0.0569346 -0.322616 0.327601
0.12 0.0604384 -0.344173 0.349439
0.13 0.06366 -0.36451 0.370027
0.14 0.0665839 -0.383555 0.389292
0.15 0.0691954 -0.401243 0.407165
0.16 0.0714813 -0.41751 0.423585
0.17 0.0734296 -0.432299 0.438491
0.18 0.0750299 -0.44556 0.451833
0.19 0.0762733 -0.457246 0.463564
0.2 0.077152 -0.467316 0.473642
0.21 0.0776602 -0.475736 0.482033
0.22 0.0777934 -0.482477 0.488708
0.23 0.0775488 -0.487517 0.493646
0.24 0.0769252 -0.490838 0.49683
0.25 0.0759228 -0.492432 0.49825
0.26 0.0745438 -0.492292 0.497904
0.27 0.0727917 -0.490422 0.495795
0.28 0.0706716 -0.48683 0.491933
0.29 0.0681905 -0.481529 0.486334
0.3 0.0653566 -0.474541 0.479021
0.31 0.0621799 -0.465892 0.470023
0.32 0.0586718 -0.455614 0.459377
0.33 0.0548452 -0.443746 0.447122
0.34 0.0507144 -0.430331 0.433309
0.35 0.0462951 -0.415418 0.41799
0.36 0.0416042 -0.399063 0.401226
0.37 0.0366601 -0.381325 0.383083
0.38 0.0314821 -0.362267 0.363633
0.39 0.0260908 -0.341961 0.342955
0.4 0.0205077 -0.320478 0.321134
0.41 0.0147554 -0.297897 0.298263
0.42 0.00885734 -0.2743 0.274443
0.43 0.00283748 -0.24977 0.249786
0.44 -0.00327914 -0.224397 0.224421
0.45 -0.00946717 -0.198271 0.198497
0.46 -0.0157007 -0.171485 0.172203
0.47 -0.0219534 -0.144137 0.145799
0.48 -0.0281987 -0.116322 0.119691
0.49 -0.0344099 -0.0881405 0.0946192
0.5 -0.04056 -0.0596925 0.0721686
0.51 -0.0466223 -0.0310788 0.0560316
0.52 -0.0525703 -0.00240103 0.0526251
0.53 -0.0583773 0.0262396 0.0640034
0.54 -0.0640176 0.054742 0.0842314
0.55 -0.0694653 0.0830056 0.108238
0.56 -0.0746957 0.110931 0.133736
0.57 -0.0796843 0.138421 0.159718
0.58 -0.0844076 0.165379 0.185674
0.59 -0.088843 0.19171 0.211295
0.6 -0.0929686 0.217323 0.236374
0.61 -0.096764 0.24213 0.26075
0.62 -0.10021 0.266045 0.284292
0.63 -0.103287 0.288984 0.306888
0.64 -0.10598 0.31087 0.328439
0.65 -0.108272 0.331627 0.348855
0.66 -0.11015 0.351186 0.368055
0.67 -0.111601 0.369479 0.385965
0.68 -0.112614 0.386445 0.402519
0.69 -0.11318 0.402027 0.417655
0.7 -0.113291 0.416175 0.43132
0.71 -0.112942 0.428841 0.443465
0.72 -0.112129 0.439985 0.454048
0.73 -0.110848 0.449572 0.463035
0.74 -0.109101 0.45757 0.470397
0.75 -0.106888 0.463957 0.47611
0.76 -0.104212 0.468714 0.480159
0.77 -0.10108 0.471829 0.482534
0.78 -0.0974971 0.473294 0.483232
0.79 -0.0934733 0.47311 0.482255
0.8 -0.0890192 0.471281 0.479615
0.81 -0.084147 0.467819 0.475326
0.82 -0.0788712 0.462739 0.469413
0.83 -0.0732077 0.456065 0.461903
0.84 -0.0671741 0.447825 0.452835
0.85 -0.0607898 0.438051 0.442249
0.86 -0.0540755 0.426782 0.430195
0.87 -0.0470537 0.414064 0.416729
0.88 -0.0397481 0.399943 0.401914
0.89 -0.0321836 0.384475 0.38582
0.9 -0.0243868 0.367717 0.368525
0.91 -0.0163849 0.349732 0.350116
0.92 -0.0082068 0.330587 0.330689
0.93 0.00011824 0.310353 0.310353
0.94 0.00855973 0.289103 0.28923
0.95 0.0170866 0.266916 0.267462
0.96 0.025667 0.243871 0.245218
0.97 0.0342687 0.220053 0.222705
0.98 0.042859 0.195546 0.200188
0.99 0.051405 0.17044 0.178023
1 0.0598735 0.144823 0.156712
1.01 0.0682313 0.118787 0.136988
1.02 0.0764454 0.0924233 0.119941
1.03 0.0844829 0.0658256 0.1071
1.04 0.0923114 0.0390875 0.100246
1.05 0.0998988 0.0123022 0.100653
1.06 0.107214 -0.0144366 0.108181
1.07 0.114225 -0.0410363 0.121373
1.08 0.120904 -0.0674047 0.138424
1.09 0.12722 -0.0934511 0.157855
1.1 0.133147 -0.119086 0.178633
1.11 0.138658 -0.144223 0.200065
1.12 0.143726 -0.168775 0.221681
1.13 0.148329 -0.19266 0.243145
1.14 0.152445 -0.215799 0.264213
1.15 0.156051 -0.238113 0.284692
1.16 0.159129 -0.259528 0.304429
1.17 0.161663 -0.279975 0.323297
1.18 0.163636 -0.299386 0.341188
1.19 0.165035 -0.317699 0.358007
1.2 0.165849 -0.334854 0.373676
1.21 0.166068 -0.350798 0.388121
1.22 0.165686 -0.365481 0.401283
1.23 0.164696 -0.378857 0.413107
1.24 0.163097 -0.390885 0.423547
1.25 0.160887 -0.401531 0.432564
1.26 0.158068 -0.410764 0.440128
1.27 0.154645 -0.418557 0.446212
1.28 0.150623 -0.424892 0.4508
1.29 0.146011 -0.429753 0.45388
1.3 0.140819 -0.43313 0.455446
1.31 0.135061 -0.435018 0.455502
1.32 0.128752 -0.435417 0.454054
1.33 0.121908 -0.434335 0.451119
1.34 0.114551 -0.43178 0.446717
1.35 0.1067 -0.42777 0.440877
1.36 0.0983801 -0.422326 0.433633
1.37 0.0896164 -0.415472 0.425027
1.38 0.0804364 -0.407239 0.415107
1.39 0.0708689 -0.397663 0.403929
1.4 0.0609451 -0.386783 0.391555
1.41 0.0506973 -0.374644 0.378058
1.42 0.0401593 -0.361292 0.363517
1.43 0.0293663 -0.34678 0.348021
1.44 0.0183549 -0.331164 0.331673
1.45 0.00716265 -0.314503 0.314585
1.46 -0.00417179 -0.296859 0.296889
1.47 -0.0156091 -0.278298 0.278736
1.48 -0.0271091 -0.258888 0.260304
1.49 -0.0386309 -0.2387 0.241806
1.5 -0.0501335 -0.217807 0.223502
1.51 -0.0615754 -0.196283 0.205715
1.52 -0.0729151 -0.174206 0.18885
1.53 -0.0841109 -0.151654 0.173418
1.54 -0.0951216 -0.128706 0.160042
1.55 -0.105906 -0.105443 0.149446
1.56 -0.116424 -0.081944 0.14237
1.57 -0.126635 -0.0582916 0.139407
1.58 -0.1365 -0.0345665 0.140808
1.59 -0.14598 -0.0108496 0.146383
1.6 -0.15504 0.012779 0.155566
1.61 -0.163642 0.0362398 0.167607
1.62 -0.171753 0.0594544 0.181752
1.63 -0.179339 0.082346 0.19734
1.64 -0.186368 0.104839 0.213833
1.65 -0.192812 0.12686 0.230803
1.66 -0.198642 0.148338 0.247917
1.67 -0.203832 0.169203 0.26491
1.68 -0.208359 0.18939 0.281571
1.69 -0.212202 0.208834 0.297727
1.7 -0.215341 0.227474 0.313235
1.71 -0.217758 0.245254 0.327976
1.72 -0.219441 0.262119 0.341849
1.73 -0.220377 0.278018 0.354768
1.74 -0.220557 0.292905 0.366659
1.75 -0.219974 0.306735 0.377459
1.76 -0.218625 0.31947 0.387115
1.77 -0.216508 0.331074 0.395583
1.78 -0.213624 0.341516 0.402826
1.79 -0.209979 0.350769 0.408816
1.8 -0.205579 0.35881 0.41353
1.81 -0.200433 0.36562 0.416955
1.82 -0.194556 0.371185 0.419083
1.83 -0.187961 0.375496 0.419912
1.84 -0.180666 0.378545 0.419448
1.85 -0.172693 0.380333 0.417703
1.86 -0.164064 0.380862 0.414696
1.87 -0.154805 0.380138 0.410451
1.88 -0.144944 0.378175 0.405
1.89 -0.134511 0.374985 0.398381
1.9 -0.123538 0.37059 0.390639
1.91 -0.112061 0.365012 0.381827
1.92 -0.100117 0.358278 0.372004
1.93 -0.0877426 0.35042 0.361238
1.94 -0.0749797 0.34147 0.349605
1.95 -0.0618699 0.331468 0.337192
1.96 -0.0484568 0.320453 0.324096
1.97 -0.0347852 0.308469 0.310424
1.98 -0.0209011 0.295563 0.296301
1.99 -0.00685178 0.281785 0.281868
2 0.00731509 0.267186 0.267286
2.01 0.0215507 0.251821 0.252741
2.02 0.0358059 0.235745 0.238449
2.03 0.0500312 0.219018 0.224659
2.04 0.0641768 0.201698 0.211661
2.05 0.0781931 0.183846 0.199784
2.06 0.0920304 0.165526 0.18939
2.07 0.10564 0.146801 0.18086
2.08 0.118972 0.127735 0.174558
2.09 0.13198 0.108393 0.170786
2.1 0.144617 0.0888392 0.169724
2.11 0.156835 0.0691399 0.171399
2.12 0.168591 0.0493598 0.175669
2.13 0.179842 0.0295638 0.182256
2.14 0.190545 0.00981602 0.190797
2.15 0.20066 -0.00981984 0.2009
2.16 0.21015 -0.0292815 0.21218
2.17 0.218977 -0.0485072 0.224286
2.18 0.227109 -0.0674373 0.23691
2.19 0.234513 -0.0860129 0.249789
2.2 0.24116 -0.104177 0.2627
2.21 0.247023 -0.121876 0.275453
2.22 0.252079 -0.139055 0.287889
2.23 0.256304 -0.155665 0.299873
2.24 0.259683 -0.171657 0.311289
2.25 0.262197 -0.186985 0.322041
2.26 0.263835 -0.201605 0.332045
2.27 0.264588 -0.215478 0.341229
2.28 0.264447 -0.228565 0.349535
2.29 0.263411 -0.240832 0.356911
2.3 0.261478 -0.252247 0.363317
2.31 0.258652 -0.26278 0.36872
2.32 0.254938 -0.272407 0.373094
2.33 0.250346 -0.281105 0.376421
2.34 0.244887 -0.288855 0.37869
2.35 0.238577 -0.295639 0.379897
2.36 0.231434 -0.301447 0.380042
2.37 0.22348 -0.306268 0.379135
2.38 0.214739 -0.310096 0.37719
2.39 0.205238 -0.312928 0.374228
2.4 0.195007 -0.314764 0.370275
2.41 0.184078 -0.315607 0.365367
2.42 0.172487 -0.315465 0.359541
2.43 0.160272 -0.314346 0.352846
2.44 0.147471 -0.312263 0.345334
2.45 0.134127 -0.309231 0.337067
2.46 0.120284 -0.305269 0.328112
2.47 0.105988 -0.300399 0.318548
2.48 0.0912875 -0.294642 0.30846
2.49 0.0762305 -0.288027 0.297944
2.5 0.060868 -0.280581 0.287107
2.51 0.045252 -0.272336 0.27607
2.52 0.0294352 -0.263324 0.264964
2.53 0.0134713 -0.253581 0.253938
2.54 -0.00258518 -0.243143 0.243157
2.55 -0.0186796 -0.232051 0.232801
2.56 -0.0347568 -0.220343 0.223068
2.57 -0.0507616 -0.208063 0.214166
2.58 -0.0666391 -0.195253 0.206312
2.59 -0.0823345 -0.181958 0.199719
2.6 -0.0977936 -0.168224 0.194584
2.61 -0.112963 -0.154096 0.191066
2.62 -0.12779 -0.139621 0.189273
2.63 -0.142223 -0.124848 0.189247
2.64 -0.156213 -0.109824 0.190955
2.65 -0.16971 -0.0945974 0.194294
2.66 -0.182666 -0.0792164 0.199104
2.67 -0.195038 -0.0637292 0.205186
2.68 -0.206782 -0.0481838 0.212321
2.69 -0.217855 -0.0326278 0.220285
2.7 -0.228221 -0.0171084 0.228861
2.71 -0.237841 -0.00167188 0.237846
2.72 -0.246682 0.013636 0.247058
2.73 -0.254713 0.0287703 0.256332
2.74 -0.261905 0.0436875 0.265523
2.75 -0.268232 0.058345 0.274504
2.76 -0.273673 0.0727014 0.283165
2.77 -0.278207 0.0867169 0.291408
2.78 -0.281818 0.100353 0.299152
2.79 -0.284492 0.113573 0.306325
2.8 -0.286221 0.126341 0.312865
2.81 -0.286996 0.138625 0.318722
2.82 -0.286816 0.150392 0.323854
2.83 -0.285679 0.161614 0.328225
2.84 -0.283589 0.172261 0.331808
2.85 -0.280553 0.18231 0.334584
2.86 -0.27658 0.191735 0.336539
2.87 -0.271683 0.200516 0.337666
2.88 -0.26588 0.208633 0.337964
2.89 -0.259189 0.216069 0.337439
2.9 -0.251633 0.22281 0.3361
2.91 -0.243238 0.228842 0.333966
2.92 -0.234032 0.234155 0.331058
2.93 -0.224046 0.238741 0.327405
2.94 -0.213315 0.242594 0.323041
2.95 -0.201875 0.245711 0.318005
2.96 -0.189765 0.248088 0.312344
2.97 -0.177026 0.249728 0.306108
2.98 -0.163702 0.250633 0.299358
2.99 -0.149838 0.250807 0.292157
3 -0.135483 0.250258 0.284578
3.01 -0.120683 0.248994 0.276699
3.02 -0.105491 0.247026 0.268608
3.03 -0.0899579 0.244368 0.2604
3.04 -0.0741366 0.241033 0.252176
3.05 -0.0580807 0.237037 0.244049
3.06 -0.0418452 0.2324 0.236137
3.07 -0.0254852 0.227141 0.228566
3.08 -0.0090559 0.22128 0.221465
3.09 0.00738666 0.214841 0.214968
3.1 0.0237871 0.207847 0.209204
3.11 0.04009 0.200325 0.204297
3.12 0.0562403 0.1923 0.200355
3.13 0.0721837 0.183801 0.197467
3.14 0.0878668 0.174855 0.195691
3.15 0.103237 0.165493 0.195053
3.16 0.118243 0.155745 0.195545
3.17 0.132835 0.145642 0.197121
3.18 0.146964 0.135217 0.199705
3.19 0.160584 0.124501 0.203194
3.2 0.173649 0.113527 0.207467
3.21 0.186118 0.10233 0.212394
3.22 0.197949 0.0909405 0.217839
3.23 0.209104 0.079394 0.223669
3.24 0.219547 0.0677238 0.229755
3.25 0.229245 0.0559634 0.235977
3.26 0.238167 0.0441463 0.242224
3.27 0.246285 0.0323059 0.248395
3.28 0.253574 0.0204749 0.254399
3.29 0.260011 0.00868628 0.260157
3.3 0.265579 -0.00302814 0.265596
3.31 0.27026 -0.0146366 0.270656
3.32 0.274042 -0.0261083 0.275282
3.33 0.276914 -0.037413 0.27943
3.34 0.27887 -0.0485212 0.28306
3.35 0.279907 -0.0594042 0.286142
3.36 0.280025 -0.0700344 0.28865
3.37 0.279225 -0.0803852 0.290565
3.38 0.277514 -0.0904307 0.291876
3.39 0.274901 -0.100146 0.292575
3.4 0.271399 -0.109509 0.292659
3.41 0.267022 -0.118496 0.292133
3.42 0.261788 -0.127087 0.291005
3.43 0.255718 -0.135261 0.289287
3.44 0.248836 -0.143001 0.287
3.45 0.241169 -0.150289 0.284164
3.46 0.232745 -0.15711 0.280809
3.47 0.223596 -0.163449 0.276967
3.48 0.213756 -0.169293 0.272675
3.49 0.203259 -0.174632 0.267975
3.5 0.192145 -0.179455 0.262914
3.51 0.180454 -0.183753 0.257544
3.52 0.168226 -0.18752 0.251921
3.53 0.155506 -0.190751 0.246106
3.54 0.142338 -0.19344 0.240165
3.55 0.128769 -0.195586 0.234169
3.56 0.114844 -0.197187 0.228192
3.57 0.100613 -0.198243 0.222314
3.58 0.0861246 -0.198757 0.216615
3.59 0.071428 -0.198732 0.211179
3.6 0.0565732 -0.198172 0.206089
3.61 0.0416103 -0.197082 0.201427
3.62 0.0265896 -0.195471 0.197271
3.63 0.0115612 -0.193347 0.193692
3.64 -0.00342519 -0.190719 0.19075
3.65 -0.0183199 -0.187599 0.188492
3.66 -0.0330746 -0.183999 0.186948
3.67 -0.047641 -0.179932 0.186132
3.68 -0.0619723 -0.175413 0.186038
3.69 -0.0760225 -0.170457 0.186641
3.7 -0.0897471 -0.16508 0.187899
3.71 -0.103103 -0.159302 0.189756
3.72 -0.116048 -0.153138 0.192142
3.73 -0.128543 -0.14661 0.194981
3.74 -0.140549 -0.139736 0.198193
3.75 -0.152031 -0.132539 0.201692
3.76 -0.162953 -0.125038 0.205398
3.77 -0.173284 -0.117256 0.209229
3.78 -0.182995 -0.109217 0.213109
3.79 -0.192058 -0.100942 0.216968
3.8 -0.200447 -0.0924549 0.220741
3.81 -0.20814 -0.0837804 0.224369
3.82 -0.215117 -0.0749421 0.227798
3.83 -0.221361 -0.0659645 0.230981
3.84 -0.226857 -0.0568721 0.233877
3.85 -0.231592 -0.0476897 0.236451
3.86 -0.235557 -0.0384419 0.238673
3.87 -0.238745 -0.0291534 0.240518
3.88 -0.241152 -0.0198488 0.241967
3.89 -0.242776 -0.0105526 0.243005
3.9 -0.243619 -0.00128902 0.243622
3.91 -0.243684 0.00791787 0.243812
3.92 -0.242977 0.0170444 0.243574
3.93 -0.241507 0.0260674 0.24291
3.94 -0.239286 0.0349638 0.241827
3.95 -0.236326 0.0437114 0.240335
3.96 -0.232645 0.0522883 0.238449
3.97 -0.228261 0.0606732 0.236187
3.98 -0.223193 0.0688456 0.23357
3.99 -0.217465 0.0767856 0.230623
4 -0.2111 0.084474 0.227374
4.01 -0.204126 0.0918923 0.223856
4.02 -0.19657 0.0990231 0.220103
4.03 -0.188463 0.10585 0.216153
4.04 -0.179835 0.112356 0.212048
4.05 -0.170719 0.118527 0.207831
4.06 -0.161149 0.12435 0.203549
4.07 -0.151161 0.129811 0.19925
4.08 -0.140791 0.134898 0.194985
4.09 -0.130074 0.1396 0.190807
4.1 -0.11905 0.143908 0.186768
4.11 -0.107757 0.147812 0.182921
4.12 -0.0962324 0.151306 0.179316
4.13 -0.0845165 0.154382 0.176002
4.14 -0.0726484 0.157035 0.173026
4.15 -0.0606671 0.159262 0.170425
4.16 -0.0486121 0.161058 0.168234
4.17 -0.0365223 0.162421 0.166476
4.18 -0.0244362 0.163351 0.165169
4.19 -0.0123923 0.163848 0.164316
4.2 -0.000427853 0.163913 0.163913
4.21 0.0114201 0.163548 0.163946
4.22 0.0231157 0.162757 0.164391
4.23 0.0346238 0.161545 0.165214
4.24 0.0459106 0.159917 0.166377
4.25 0.0569429 0.15788 0.167835
4.26 0.0676895 0.155441 0.169539
4.27 0.0781199 0.152609 0.171441
4.28 0.0882055 0.149393 0.173489
4.29 0.0979187 0.145805 0.175633
4.3 0.107234 0.141855 0.177826
4.31 0.116127 0.137556 0.18002
4.32 0.124576 0.132921 0.182173
4.33 0.132559 0.127963 0.184246
4.34 0.140058 0.122698 0.186202
4.35 0.147056 0.117141 0.188009
4.36 0.153537 0.111307 0.189639
4.37 0.159488 0.105214 0.191067
4.38 0.164898 0.0988778 0.192271
4.39 0.169757 0.0923169 0.193235
4.4 0.174056 0.0855493 0.193944
4.41 0.177791 0.0785936 0.194388
4.42 0.180958 0.0714687 0.19456
4.43 0.183553 0.0641939 0.194455
4.44 0.185578 0.0567889 0.194072
4.45 0.187032 0.0492733 0.193414
4.46 0.187921 0.0416672 0.192484
4.47 0.188247 0.0339905 0.191291
4.48 0.188019 0.0262636 0.189845
4.49 0.187245 0.0185064 0.188157
4.5 0.185933 0.0107393 0.186243
4.51 0.184096 0.00298217 0.18412
4.52 0.181747 -0.00474503 0.181809
4.53 0.178899 -0.0124226 0.17933
4.54 0.175568 -0.020031 0.176707
4.55 0.17177 -0.0275509 0.173966
4.56 0.167524 -0.0349637 0.171134
4.57 0.162848 -0.0422507 0.16824
4.58 0.157762 -0.0493937 0.165314
4.59 0.152287 -0.0563753 0.162387
4.6 0.146445 -0.0631782 0.159492
4.61 0.140257 -0.0697858 0.156659
4.62 0.133747 -0.0761821 0.153922
4.63 0.126938 -0.0823518 0.151311
4.64 0.119854 -0.08828 0.148857
4.65 0.11252 -0.0939528 0.146587
4.66 0.104959 -0.0993567 0.144528
4.67 0.0971985 -0.104479 0.142701
4.68 0.0892618 -0.109308 0.141124
4.69 0.0811742 -0.113833 0.139812
4.7 0.072961 -0.118044 0.138772
4.71 0.0646471 -0.121931 0.138008
4.72 0.0562574 -0.125485 0.137518
4.73 0.0478163 -0.128699 0.137295
4.74 0.0393481 -0.131567 0.137325
4.75 0.0308768 -0.134081 0.137591
4.76 0.0224256 -0.136239 0.138072
4.77 0.0140176 -0.138035 0.138745
4.78 0.00567514 -0.139467 0.139582
4.79 -0.00258017 -0.140531 0.140555
4.8 -0.010727 -0.141228 0.141635
4.81 -0.0187452 -0.141557 0.142793
4.82 -0.026615 -0.141518 0.143999
4.83 -0.0343176 -0.141113 0.145226
4.84 -0.041835 -0.140345 0.146447
4.85 -0.0491501 -0.139216 0.147638
4.86 -0.0562464 -0.137732 0.148774
4.87 -0.0631087 -0.135896 0.149835
4.88 -0.0697225 -0.133716 0.150802
4.89 -0.0760744 -0.131198 0.151658
4.9 -0.0821517 -0.12835 0.152389
4.91 -0.0879428 -0.125179 0.152983
4.92 -0.0934372 -0.121695 0.153428
4.93 -0.0986251 -0.117909 0.153719
4.94 -0.103498 -0.11383 0.153848
4.95 -0.108048 -0.109471 0.153812
4.96 -0.112269 -0.104843 0.153611
4.97 -0.116154 -0.0999578 0.153242
4.98 -0.119699 -0.0948301 0.152711
4.99 -0.1229 -0.0894731 0.152019
5 -0.125754 -0.0839011 0.151173
5.01 -0.128258 -0.0781289 0.150181
5.02 -0.130413 -0.0721718 0.149051
5.03 -0.132216 -0.0660453 0.147794
5.04 -0.13367 -0.0597657 0.146423
5.05 -0.134774 -0.0533491 0.144949
5.06 -0.135532 -0.0468124 0.143388
5.07 -0.135945 -0.0401723 0.141756
5.08 -0.136018 -0.0334462 0.14007
5.09 -0.135754 -0.0266512 0.138346
5.1 -0.13516 -0.0198049 0.136603
5.11 -0.134239 -0.0129247 0.13486
5.12 -0.132999 -0.00602827 0.133135
5.13 -0.131446 0.000866905 0.131449
5.14 -0.129587 0.007743 0.129819
5.15 -0.127431 0.0145829 0.128263
5.16 -0.124986 0.0213689 0.1268
5.17 -0.12226 0.028084 0.125444
5.18 -0.119263 0.0347111 0.124212
5.19 -0.116005 0.0412335 0.123115
5.2 -0.112495 0.0476346 0.122165
5.21 -0.108745 0.0538983 0.121369
5.22 -0.104764 0.0600087 0.120733
5.23 -0.100564 0.0659505 0.12026
5.24 -0.0961558 0.0717085 0.11995
5.25 -0.0915517 0.0772684 0.1198
5.26 -0.0867634 0.0826159 0.119805
5.27 -0.0818027 0.0877376 0.119957
5.28 -0.076682 0.0926207 0.120244
5.29 -0.0714137 0.0972526 0.120656
5.3 -0.0660103 0.101622 0.121179
5.31 -0.0604844 0.105717 0.121797
5.32 -0.054849 0.109528 0.122494
5.33 -0.0491169 0.113045 0.123254
5.34 -0.0433011 0.116259 0.124061
5.35 -0.0374145 0.119162 0.124897
5.36 -0.0314703 0.121746 0.125748
5.37 -0.0254815 0.124005 0.126596
5.38 -0.0194612 0.125933 0.127428
5.39 -0.0134225 0.127525 0.12823
5.4 -0.00737851 0.128777 0.128988
5.41 -0.0013421 0.129685 0.129692
5.42 0.00467361 0.130248 0.130332
5.43 0.0106559 0.130463 0.130897
5.44 0.0165917 0.13033 0.131381
5.45 0.0224686 0.129848 0.131778
5.46 0.0282738 0.12902 0.132082
5.47 0.033995 0.127847 0.13229
5.48 0.0396198 0.126333 0.132399
5.49 0.0451361 0.124479 0.13241
5.5 0.0505318 0.122292 0.132321
5.51 0.0557955 0.119777 0.132135
5.52 0.0609153 0.116941 0.131855
5.53 0.06588 0.113789 0.131484
5.54 0.0706787 0.110331 0.131028
5.55 0.0753005 0.106576 0.130493
5.56 0.0797348 0.102532 0.129886
5.57 0.0839717 0.0982108 0.129215
5.58 0.0880011 0.0936233 0.128489
5.59 0.0918137 0.0887812 0.127718
5.6 0.0954003 0.0836975 0.126911
5.61 0.0987523 0.0783852 0.12608
5.62 0.101861 0.0728586 0.125236
5.63 0.104719 0.0671319 0.12439
5.64 0.107319 0.0612206 0.123553
5.65 0.109654 0.0551403 0.122738
5.66 0.111718 0.0489073 0.121954
5.67 0.113504 0.0425381 0.121213
5.68 0.115007 0.0360502 0.120525
5.69 0.116223 0.0294607 0.119899
5.7 0.117147 0.0227878 0.119343
5.71 0.117777 0.0160495 0.118865
5.72 0.118108 0.00926434 0.118471
5.73 0.118139 0.00245075 0.118165
5.74 0.117868 -0.0043722 0.117949
5.75 0.117295 -0.011186 0.117827
5.76 0.116419 -0.0179713 0.117798
5.77 0.11524 -0.0247094 0.117859
5.78 0.11376 -0.0313813 0.118009
5.79 0.111982 -0.0379683 0.118243
5.8 0.109907 -0.0444514 0.118556
5.81 0.107539 -0.0508126 0.118939
5.82 0.104883 -0.0570333 0.119387
5.83 0.101944 -0.0630958 0.11989
5.84 0.0987272 -0.0689824 0.120439
5.85 0.0952396 -0.0746763 0.121025
5.86 0.0914887 -0.0801604 0.121638
5.87 0.0874826 -0.0854188 0.122268
5.88 0.0832303 -0.0904358 0.122906
5.89 0.0787415 -0.0951965 0.123542
5.9 0.0740267 -0.0996863 0.124166
5.91 0.0690969 -0.103892 0.124772
5.92 0.0639643 -0.1078 0.125349
5.93 0.0586411 -0.111399 0.125891
5.94 0.0531409 -0.114678 0.126392
5.95 0.0474774 -0.117625 0.126846
5.96 0.0416653 -0.120233 0.127247
5.97 0.0357194 -0.122491 0.127592
5.98 0.0296556 -0.124392 0.127878
5.99 0.0234899 -0.125931 0.128103
6 0.017239 -0.1271 0.128264
6.01 0.0109199 -0.127897 0.128362
6.02 0.00455013 -0.128317 0.128398
6.03 -0.00185262 -0.128359 0.128372
6.04 -0.00827016 -0.12802 0.128287
6.05 -0.0146843 -0.127301 0.128146
6.06 -0.0210764 -0.126204 0.127952
6.07 -0.0274279 -0.124729 0.127709
6.08 -0.0337199 -0.122882 0.127424
6.09 -0.039934 -0.120665 0.127101
6.1 -0.0460511 -0.118085 0.126747
6.11 -0.0520529 -0.115148 0.126367
6.12 -0.0579206 -0.111863 0.125969
6.13 -0.0636363 -0.108238 0.125559
6.14 -0.0691818 -0.104284 0.125145
6.15 -0.0745396 -0.100011 0.124733
6.16 -0.0796924 -0.0954317 0.124331
6.17 -0.0846235 -0.0905591 0.123944
6.18 -0.0893165 -0.0854073 0.123579
6.19 -0.093756 -0.0799915 0.123243
6.2 -0.0979267 -0.0743276 0.12294
6.21 -0.101815 -0.0684323 0.122675
6.22 -0.105406 -0.0623232 0.122452
6.23 -0.108688 -0.0560186 0.122275
6.24 -0.111649 -0.0495377 0.122145
6.25 -0.114277 -0.0428999 0.122064
6.26 -0.116564 -0.0361257 0.122034
6.27 -0.1185 -0.0292358 0.122053
6.28 -0.120076 -0.0222516 0.12212
6.29 -0.121286 -0.0151944 0.122234
6.3 -0.122125 -0.00808654 0.122393
6.31 -0.122588 -0.000950035 0.122591
6.32 -0.12267 0.00619255 0.122827
6.33 -0.122372 0.0133187 0.123094
6.34 -0.12169 0.0204059 0.123389
6.35 -0.120625 0.0274315 0.123705
6.36 -0.11918 0.0343729 0.124038
6.37 -0.117357 0.041208 0.124381
6.38 -0.115159 0.0479146 0.124729
6.39 -0.112593 0.0544711 0.125077
6.4 -0.109664 0.060856 0.125418
6.41 -0.106381 0.0670486 0.125748
6.42 -0.102753 0.0730284 0.126061
6.43 -0.0987901 0.0787758 0.126353
6.44 -0.0945037 0.0842716 0.12662
6.45 -0.0899066 0.0894979 0.126858
6.46 -0.0850126 0.0944367 0.127065
6.47 -0.0798365 0.0990719 0.127236
6.48 -0.0743943 0.103387 0.127371
6.49 -0.0687028 0.107369 0.127468
6.5 -0.0627801 0.111002 0.127526
6.51 -0.0566448 0.114276 0.127545
6.52 -0.0503165 0.117178 0.127524
6.53 -0.0438157 0.119698 0.127465
6.54 -0.0371634 0.121827 0.127369
6.55 -0.0303813 0.123558 0.127238
6.56 -0.0234917 0.124884 0.127075
6.57 -0.0165175 0.125801 0.126881
6.58 -0.00948178 0.126304 0.12666
6.59 -0.00240795 0.126392 0.126415
6.6 0.00467995 0.126064 0.126151
6.61 0.0117583 0.12532 0.12587
6.62 0.0188028 0.124161 0.125577
6.63 0.0257896 0.122593 0.125276
6.64 0.0326947 0.120618 0.124971
6.65 0.0394946 0.118244 0.124665
6.66 0.0461654 0.115478 0.124364
6.67 0.0526843 0.112329 0.12407
6.68 0.0590285 0.108807 0.123787
6.69 0.0651759 0.104924 0.123519
6.7 0.0711048 0.100692 0.123267
6.71 0.0767945 0.0961257 0.123035
6.72 0.0822247 0.0912404 0.122824
6.73 0.0873764 0.0860524 0.122636
6.74 0.0922309 0.0805791 0.122473
6.75 0.0967712 0.0748391 0.122334
6.76 0.100981 0.0688517 0.12222
6.77 0.104844 0.0626375 0.12213
6.78 0.108348 0.0562176 0.122065
6.79 0.11148 0.0496141 0.122022
6.8 0.114227 0.0428495 0.121999
6.81 0.11658 0.0359472 0.121996
6.82 0.11853 0.0289309 0.12201
6.83 0.12007 0.0218251 0.122038
6.84 0.121194 0.0146542 0.122077
6.85 0.121898 0.00744312 0.122125
6.86 0.122178 0.000217042 0.122179
6.87 0.122034 -0.00699886 0.122235
6.88 0.121465 -0.0141795 0.12229
6.89 0.120474 -0.0212997 0.122342
6.9 0.119063 -0.0283346 0.122388
6.91 0.117237 -0.0352594 0.122424
6.92 0.115003 -0.04205 0.122449
6.93 0.112368 -0.0486823 0.12246
6.94 0.109342 -0.0551331 0.122455
6.95 0.105935 -0.0613798 0.122432
6.96 0.10216 -0.0674002 0.12239
6.97 0.0980291 -0.0731732 0.122327
6.98 0.0935582 -0.0786783 0.122243
6.99 0.0887632 -0.0838963 0.122137
7 0.0836611 -0.0888086 0.122009
7.01 0.0782705 -0.093398 0.121858
7.02 0.0726108 -0.0976483 0.121686
7.03 0.0667026 -0.101545 0.121493
7.04 0.0605672 -0.105073 0.12128
7.05 0.0542271 -0.108222 0.121048
7.06 0.0477051 -0.110979 0.120798
7.07 0.0410253 -0.113336 0.120532
7.08 0.0342118 -0.115284 0.120253
7.09 0.0272897 -0.116817 0.119962
7.1 0.020284 -0.117929 0.11966
7.11 0.0132207 -0.118617 0.119351
7.12 0.00612537 -0.118879 0.119037
7.13 -0.00097591 -0.118714 0.118718
7.14 -0.0080571 -0.118124 0.118399
7.15 -0.0150923 -0.117112 0.11808
7.16 -0.0220557 -0.11568 0.117764
7.17 -0.0289218 -0.113836 0.117453
7.18 -0.0356654 -0.111587 0.117148
7.19 -0.0422619 -0.10894 0.116851
7.2 -0.0486869 -0.105908 0.116563
7.21 -0.0549173 -0.1025 0.116285
7.22 -0.06093 -0.0987309 0.116018
7.23 -0.0667031 -0.0946145 0.115764
7.24 -0.0722157 -0.0901663 0.115521
7.25 -0.0774477 -0.0854036 0.115291
7.26 -0.0823799 -0.0803442 0.115072
7.27 -0.0869947 -0.0750075 0.114866
7.28 -0.0912752 -0.0694135 0.114671
7.29 -0.0952064 -0.0635836 0.114486
7.3 -0.0987738 -0.0575397 0.114311
7.31 -0.101965 -0.0513047 0.114145
7.32 -0.104769 -0.044902 0.113986
7.33 -0.107176 -0.0383559 0.113832
7.34 -0.109177 -0.0316909 0.113683
7.35 -0.110766 -0.0249323 0.113537
7.36 -0.111938 -0.0181053 0.113392
7.37 -0.112689 -0.0112355 0.113247
7.38 -0.113017 -0.00434902 0.113101
7.39 -0.112923 0.00252862 0.112951
7.4 -0.112406 0.00937161 0.112796
7.41 -0.111471 0.0161542 0.112636
7.42 -0.110122 0.0228512 0.112468
7.43 -0.108365 0.0294376 0.112292
7.44 -0.106208 0.0358888 0.112107
7.45 -0.103659 0.0421809 0.111912
7.46 -0.100729 0.0482905 0.111707
7.47 -0.0974318 0.054195 0.11149
7.48 -0.093779 0.0598726 0.111262
7.49 -0.0897863 0.0653024 0.111022
7.5 -0.0854695 0.0704644 0.110771
7.51 -0.0808463 0.0753399 0.110509
7.52 -0.0759349 0.079911 0.110236
7.53 -0.0707553 0.0841613 0.109952
7.54 -0.0653277 0.0880754 0.109658
7.55 -0.0596739 0.0916395 0.109356
7.56 -0.0538161 0.0948408 0.109046
7.57 -0.0477774 0.0976684 0.108728
7.58 -0.0415816 0.100112 0.108404
7.59 -0.0352532 0.102165 0.108076
7.6 -0.0288166 0.103819 0.107744
7.61 -0.0222973 0.105069 0.107409
7.62 -0.0157205 0.105912 0.107073
7.63 -0.00911188 0.106347 0.106737
7.64 -0.00249712 0.106372 0.106401
7.65 0.0040982 0.105989 0.106068
7.66 0.0106486 0.105201 0.105738
7.67 0.0171287 0.104011 0.105412
7.68 0.0235138 0.102427 0.105092
7.69 0.0297792 0.100456 0.104777
7.7 0.0359011 0.0981053 0.104468
7.71 0.041856 0.095387 0.104166
7.72 0.0476215 0.0923124 0.103872
7.73 0.0531756 0.0888947 0.103585
7.74 0.0584974 0.0851485 0.103306
7.75 0.0635669 0.0810894 0.103035
7.76 0.0683654 0.0767344 0.102772
7.77 0.0728748 0.0721018 0.102515
7.78 0.0770786 0.0672102 0.102266
7.79 0.0809615 0.0620802 0.102023
7.8 0.0845093 0.0567324 0.101786
7.81 0.0877095 0.0511888 0.101554
7.82 0.0905507 0.0454717 0.101327
7.83 0.0930231 0.0396044 0.101103
7.84 0.0951183 0.0336102 0.100882
7.85 0.0968296 0.0275135 0.100663
7.86 0.0981516 0.0213384 0.100444
7.87 0.0990807 0.0151098 0.100226
7.88 0.0996147 0.00885214 0.100007
7.89 0.099753 0.00259062 0.0997867
7.9 0.0994967 -0.00365031 0.0995636
7.91 0.0988483 -0.00984591 0.0993375
7.92 0.097812 -0.0159719 0.0991075
7.93 0.0963935 -0.0220041 0.0988731
7.94 0.0945999 -0.0279194 0.0986338
7.95 0.0924399 -0.0336943 0.0983893
7.96 0.0899235 -0.0393068 0.098139
7.97 0.0870625 -0.0447351 0.0978831
7.98 0.0838691 -0.0499583 0.097621
7.99 0.0803582 -0.0549567 0.0973533
8 0.0765445 -0.059711 0.0970797
8.01 0.0724449 -0.0642034 0.0968005
8.02 0.0680768 -0.068417 0.0965159
8.03 0.0634589 -0.0723362 0.0962266
8.04 0.0586107 -0.0759465 0.0959327
8.05 0.0535528 -0.0792349 0.0956351
8.06 0.0483061 -0.0821894 0.095334
8.07 0.0428928 -0.0847997 0.0950305
8.08 0.0373352 -0.0870567 0.0947248
8.09 0.0316563 -0.088953 0.094418
8.1 0.0258794 -0.0904823 0.0941106
8.11 0.0200285 -0.0916403 0.0938035
8.12 0.0141272 -0.0924238 0.0934972
8.13 0.0081998 -0.0928312 0.0931927
8.14 0.00227006 -0.0928626 0.0928904
8.15 -0.0036377 -0.0925197 0.0925912
8.16 -0.00949996 -0.091805 0.0922952
8.17 -0.015293 -0.0907236 0.0920035
8.18 -0.0209938 -0.0892811 0.0917162
8.19 -0.0265794 -0.0874853 0.0914338
8.2 -0.032028 -0.0853445 0.0911564
8.21 -0.0373178 -0.0828695 0.0908844
8.22 -0.0424281 -0.0800714 0.0906177
8.23 -0.0473389 -0.0769633 0.0903566
8.24 -0.0520312 -0.0735589 0.0901008
8.25 -0.0564868 -0.0698737 0.0898504
8.26 -0.0606886 -0.0659237 0.0896049
8.27 -0.0646206 -0.0617264 0.0893642
8.28 -0.068268 -0.0572998 0.0891279
8.29 -0.0716171 -0.0526632 0.0888955
8.3 -0.0746557 -0.0478362 0.0886667
8.31 -0.0773727 -0.0428397 0.0884408
8.32 -0.0797585 -0.0376946 0.0882173
8.33 -0.0818049 -0.0324229 0.0879959
8.34 -0.0835047 -0.0270465 0.0877756
8.35 -0.084853 -0.021588 0.0875561
8.36 -0.0858456 -0.0160701 0.0873368
8.37 -0.0864802 -0.0105159 0.0871172
8.38 -0.0867556 -0.00494807 0.0868966
8.39 -0.0866726 0.000610243 0.0866748
8.4 -0.0862331 0.00613638 0.0864511
8.41 -0.0854405 0.0116076 0.0862254
8.42 -0.0842997 0.0170019 0.0859972
8.43 -0.0828172 0.0222972 0.0857663
8.44 -0.0810005 0.0274722 0.0855325
8.45 -0.0788588 0.0325061 0.0852957
8.46 -0.0764024 0.0373788 0.0850559
8.47 -0.073643 0.0420709 0.084813
8.48 -0.0705932 0.046564 0.0845672
8.49 -0.0672674 0.0508401 0.0843185
8.5 -0.0636802 0.0548829 0.0840672
8.51 -0.0598482 0.0586765 0.0838137
8.52 -0.0557879 0.0622064 0.083558
8.53 -0.0515178 0.0654593 0.0833006
8.54 -0.0470562 0.0684228 0.0830419
8.55 -0.0424228 0.0710861 0.0827824
8.56 -0.0376375 0.0734394 0.0825223
8.57 -0.0327212 0.0754745 0.0822622
8.58 -0.0276947 0.0771843 0.0820025
8.59 -0.0225798 0.0785632 0.0817437
8.6 -0.0173979 0.0796071 0.0814861
8.61 -0.0121713 0.0803131 0.0812302
8.62 -0.00692172 0.0806799 0.0809763
8.63 -0.00167153 0.0807075 0.0807248
8.64 0.00355763 0.0803973 0.080476
8.65 0.00874362 0.0797523 0.0802302
8.66 0.0138653 0.0787767 0.0799875
8.67 0.0189012 0.077476 0.0797483
8.68 0.0238308 0.0758572 0.0795124
8.69 0.0286338 0.0739288 0.0792803
8.7 0.0332908 0.0716999 0.0790515
8.71 0.0377827 0.0691815 0.0788265
8.72 0.0420915 0.0663855 0.0786049
8.73 0.0462 0.0633249 0.0783867
8.74 0.0500918 0.0600136 0.0781717
8.75 0.0537514 0.056467 0.0779599
8.76 0.0571647 0.0527008 0.0777508
8.77 0.0603183 0.0487322 0.0775443
8.78 0.0632002 0.0445784 0.0773401
8.79 0.0657994 0.0402582 0.0771381
8.8 0.0681063 0.0357902 0.0769377
8.81 0.0701126 0.0311943 0.0767389
8.82 0.0718111 0.0264902 0.0765412
8.83 0.073196 0.0216985 0.0763445
8.84 0.074263 0.0168395 0.0761483
8.85 0.0750091 0.0119345 0.0759526
8.86 0.0754323 0.0070041 0.0757568
8.87 0.0755328 0.00206961 0.0755612
8.88 0.0753112 -0.00284832 0.0753651
8.89 0.0747702 -0.0077287 0.0751686
8.9 0.0739134 -0.0125512 0.0749714
8.91 0.0727459 -0.0172954 0.0747736
8.92 0.0712741 -0.0219417 0.074575
8.93 0.0695057 -0.0264706 0.0743756
8.94 0.0674494 -0.0308635 0.0741753
8.95 0.0651155 -0.0351023 0.0739743
8.96 0.062515 -0.0391696 0.0737725
8.97 0.0596603 -0.0430489 0.0735701
8.98 0.0565645 -0.0467245 0.073367
8.99 0.0532422 -0.0501815 0.0731636
9 0.0497082 -0.0534064 0.0729599
9.01 0.045979 -0.056386 0.0727561
9.02 0.0420709 -0.0591091 0.0725524
9.03 0.0380019 -0.061565 0.0723491
9.04 0.0337895 -0.0637443 0.0721461
9.05 0.029453 -0.065639 0.0719441
9.06 0.0250109 -0.0672421 0.071743
9.07 0.0204832 -0.0685482 0.0715431
9.08 0.0158892 -0.0695528 0.0713446
9.09 0.0112493 -0.0702528 0.0711478
9.1 0.00658317 -0.0706468 0.0709529
9.11 0.00191131 -0.0707342 0.07076
9.12 -0.00274649 -0.070516 0.0705694
9.13 -0.00737007 -0.0699944 0.0703813
9.14 -0.0119399 -0.0691729 0.0701958
9.15 -0.0164364 -0.0680563 0.070013
9.16 -0.0208409 -0.0666507 0.069833
9.17 -0.0251343 -0.0649633 0.0696561
9.18 -0.0292991 -0.0630025 0.069482
9.19 -0.0333176 -0.060778 0.0693111
9.2 -0.0371732 -0.0583003 0.0691432
9.21 -0.04085 -0.0555814 0.0689784
9.22 -0.0443328 -0.0526336 0.0688163
9.23 -0.0476075 -0.0494709 0.0686574
9.24 -0.0506607 -0.0461076 0.0685013
9.25 -0.0534802 -0.0425592 0.0683478
9.26 -0.0560547 -0.0388417 0.0681969
9.27 -0.0583741 -0.0349719 0.0680483
9.28 -0.0604294 -0.030967 0.0679019
9.29 -0.0622127 -0.0268451 0.0677575
9.3 -0.0637175 -0.0226241 0.0676148
9.31 -0.0649382 -0.0183231 0.0674738
9.32 -0.0658708 -0.0139607 0.067334
9.33 -0.0665122 -0.00955641 0.0671952
9.34 -0.0668608 -0.00512903 0.0670573
9.35 -0.0669163 -0.000698312 0.06692
9.36 -0.0666795 0.00371695 0.066783
9.37 -0.0661525 0.0080972 0.0666462
9.38 -0.0653387 0.012424 0.0665094
9.39 -0.0642428 0.0166783 0.0663725
9.4 -0.0628703 0.0208423 0.066235
9.41 -0.0612286 0.0248979 0.0660973
9.42 -0.0593254 0.0288282 0.0659589
9.43 -0.0571702 0.0326161 0.0658198
9.44 -0.0547732 0.0362461 0.0656801
9.45 -0.0521457 0.0397025 0.0655398
9.46 -0.0492997 0.0429713 0.0653988
9.47 -0.0462489 0.0460386 0.0652573
9.48 -0.0430066 0.0488919 0.0651152
9.49 -0.0395882 0.0515194 0.0649729
9.5 -0.0360088 0.0539105 0.0648304
9.51 -0.0322848 0.0560556 0.064688
9.52 -0.0284326 0.0579459 0.0645457
9.53 -0.0244699 0.0595744 0.0644041
9.54 -0.0204139 0.0609345 0.064263
9.55 -0.0162829 0.0620214 0.0641232
9.56 -0.0120949 0.0628309 0.0639845
9.57 -0.00786875 0.0633609 0.0638476
9.58 -0.00362262 0.0636093 0.0637124
9.59 0.000624543 0.0635765 0.0635796
9.6 0.00485443 0.0632632 0.0634491
9.61 0.00904842 0.0626717 0.0633215
9.62 0.0131884 0.0618054 0.0631969
9.63 0.0172563 0.0606691 0.0630755
9.64 0.0212348 0.0592682 0.0629574
9.65 0.0251063 0.0576102 0.0628431
9.66 0.0288547 0.0557025 0.0627324
9.67 0.0324634 0.0535547 0.0626257
9.68 0.0359175 0.0511765 0.0625228
9.69 0.039202 0.0485794 0.0624239
9.7 0.042303 0.0457749 0.0623288
9.71 0.0452075 0.0427764 0.0622377
9.72 0.0479033 0.0395971 0.0621502
9.73 0.050379 0.0362519 0.0620664
9.74 0.0526244 0.0327555 0.0619859
9.75 0.0546304 0.029124 0.0619087
9.76 0.0563885 0.0253735 0.0618343
9.77 0.0578918 0.0215209 0.0617625
9.78 0.0591343 0.0175833 0.0616931
9.79 0.0601111 0.0135782 0.0616255
9.8 0.0608186 0.00952341 0.0615597
9.81 0.0612543 0.005437 0.0614952
9.82 0.0614169 0.00133669 0.0614315
9.83 0.0613065 -0.0027591 0.0613685
9.84 0.0609237 -0.00683266 0.0613057
9.85 0.0602713 -0.0108659 0.0612429
9.86 0.0593524 -0.0148414 0.0611798
9.87 0.0581718 -0.0187416 0.0611163
9.88 0.0567349 -0.0225496 0.0610519
9.89 0.055049 -0.0262487 0.0609868
9.9 0.0531216 -0.0298231 0.0609207
9.91 0.0509619 -0.0332572 0.0608536
9.92 0.0485796 -0.0365361 0.0607854
9.93 0.0459859 -0.0396458 0.0607165
9.94 0.0431921 -0.0425729 0.0606466
9.95 0.0402113 -0.0453048 0.0605762
9.96 0.0370568 -0.04783 0.0605054
9.97 0.0337426 -0.0501375 0.0604345
9.98 0.0302837 -0.0522178 0.0603639
9.99 0.0266957 -0.0540619 0.0602938
10 0.0229941 -0.0556622 0.0602246
10.01 0.0191959 -0.0570121 0.060157
10.02 0.0153175 -0.058106 0.060091
10.03 0.0113765 -0.0589395 0.0600274
10.04 0.00738998 -0.0595093 0.0599664
10.05 0.00337587 -0.0598133 0.0599085
10.06 -0.00064849 -0.0598505 0.059854
10.07 -0.00466495 -0.0596213 0.0598035
10.08 -0.00865628 -0.0591267 0.059757
10.09 -0.0126046 -0.0583696 0.059715
10.1 -0.0164928 -0.0573533 0.0596776
10.11 -0.0203036 -0.056083 0.0596451
10.12 -0.0240206 -0.0545641 0.0596174
10.13 -0.0276273 -0.052804 0.0595947
10.14 -0.031108 -0.0508103 0.0595768
10.15 -0.0344474 -0.0485923 0.0595638
10.16 -0.0376312 -0.0461598 0.0595553
10.17 -0.0406453 -0.0435239 0.0595514
10.18 -0.0434765 -0.0406959 0.0595514
10.19 -0.0461127 -0.037689 0.0595554
10.2 -0.0485423 -0.0345159 0.0595626
10.21 -0.0507547 -0.0311912 0.059573
10.22 -0.0527404 -0.0277292 0.0595858
10.23 -0.0544909 -0.0241455 0.0596009
10.24 -0.0559983 -0.0204556 0.0596174
10.25 -0.0572565 -0.016676 0.0596355
10.26 -0.0582596 -0.012823 0.0596541
10.27 -0.0590038 -0.0089139 0.0596733
10.28 -0.0594854 -0.00496552 0.0596923
10.29 -0.0597029 -0.000995445 0.0597112
10.3 -0.059655 0.0029792 0.0597293
10.31 -0.0593422 0.00694077 0.0597467
10.32 -0.0587658 0.0108721 0.059763
10.33 -0.0579284 0.0147559 0.0597783
10.34 -0.0568336 0.0185753 0.0597922
10.35 -0.0554866 0.0223134 0.0598051
10.36 -0.0538927 0.0259542 0.0598167
10.37 -0.0520595 0.0294814 0.0598277
10.38 -0.0499945 0.0328799 0.0598376
10.39 -0.0477071 0.0361348 0.0598472
10.4 -0.045207 0.0392318 0.0598565
10.41 -0.0425054 0.0421574 0.0598661
10.42 -0.0396136 0.0448989 0.0598761
10.43 -0.0365449 0.0474442 0.0598872
10.44 -0.033312 0.0497821 0.0598995
10.45 -0.0299294 0.0519026 0.0599137
10.46 -0.0264116 0.0537962 0.0599299
10.47 -0.022774 0.0554546 0.0599489
10.48 -0.0190324 0.0568706 0.0599708
10.49 -0.0152032 0.0580378 0.0599961
10.5 -0.0113029 0.0589511 0.0600249
10.51 -0.00734868 0.0596064 0.0600577
10.52 -0.00335743 0.0600006 0.0600945
10.53 0.000653119 0.0601321 0.0601356
10.54 0.00466582 0.0599997 0.0601809
10.55 0.00866294 0.0596044 0.0602306
10.56 0.0126272 0.0589471 0.0602844
10.57 0.0165414 0.058031 0.0603424
10.58 0.0203883 0.0568594 0.0604043
10.59 0.0241512 0.0554376 0.0604699
10.6 0.0278137 0.0537711 0.0605387
10.61 0.0313598 0.0518674 0.0606107
10.62 0.0347739 0.049734 0.0606852
10.63 0.0380412 0.0473802 0.060762
10.64 0.0411473 0.0448158 0.0608404
10.65 0.0440786 0.0420518 0.0609203
10.66 0.0468222 0.0390998 0.0610009
10.67 0.049366 0.0359724 0.0610821
10.68 0.0516989 0.0326828 0.0611632
10.69 0.0538104 0.0292451 0.061244
10.7 0.0556911 0.0256737 0.061324
10.71 0.0573328 0.0219841 0.0614031
10.72 0.0587277 0.0181917 0.0614808
10.73 0.0598701 0.0143131 0.0615572
10.74 0.0607542 0.0103645 0.0616319
10.75 0.0613761 0.00636289 0.061705
10.76 0.0617326 0.00232535 0.0617764
10.77 0.0618222 -0.00173075 0.0618464
10.78 0.0616435 -0.00578817 0.0619147
10.79 0.0611976 -0.00982941 0.061982
10.8 0.0604855 -0.0138372 0.0620481
10.81 0.0595101 -0.0177942 0.0621135
10.82 0.0582751 -0.0216835 0.0621785
10.83 0.0567856 -0.0254884 0.0622435
10.84 0.0550472 -0.0291923 0.0623088
10.85 0.0530675 -0.0327794 0.062375
10.86 0.050854 -0.036234 0.0624423
10.87 0.0484165 -0.0395413 0.0625113
10.88 0.0457643 -0.0426867 0.0625821
10.89 0.042909 -0.0456568 0.0626556
10.9 0.039862 -0.0484382 0.0627315
10.91 0.0366364 -0.0510192 0.0628107
10.92 0.0332453 -0.053388 0.062893
10.93 0.0297031 -0.0555345 0.062979
10.94 0.0260245 -0.0574487 0.0630685
10.95 0.0222251 -0.0591226 0.0631619
10.96 0.0183205 -0.0605479 0.0632589
10.97 0.0143276 -0.0617187 0.0633599
10.98 0.0102628 -0.0626291 0.0634644
10.99 0.00614343 -0.063275 0.0635725
11 0.00198683 -0.0636528 0.0636838
11.01 -0.00218941 -0.0637607 0.0637983
11.02 -0.0063677 -0.0635974 0.0639154
11.03 -0.0105302 -0.0631633 0.0640351
11.04 -0.0146594 -0.0624593 0.0641566
11.05 -0.0187377 -0.0614883 0.0642799
11.06 -0.0227477 -0.0602531 0.0644042
11.07 -0.0266725 -0.0587591 0.0645295
11.08 -0.030495 -0.0570114 0.0646549
11.09 -0.0341994 -0.0550173 0.0647804
11.1 -0.0377692 -0.0527844 0.0649054
11.11 -0.0411896 -0.0503216 0.0650296
11.12 -0.0444456 -0.0476387 0.0651525
11.13 -0.0475233 -0.0447466 0.0652742
11.14 -0.0504091 -0.0416568 0.065394
11.15 -0.0530909 -0.0383821 0.0655121
11.16 -0.0555566 -0.0349355 0.0656279
11.17 -0.0577957 -0.0313313 0.0657419
11.18 -0.059798 -0.0275841 0.0658535
11.19 -0.0615549 -0.0237093 0.0659632
11.2 -0.0630583 -0.0197228 0.0660707
11.21 -0.0643015 -0.0156411 0.0661765
11.22 -0.0652784 -0.011481 0.0662803
11.23 -0.0659848 -0.00725974 0.066383
11.24 -0.0664167 -0.00299471 0.0664841
11.25 -0.0665721 0.00129635 0.0665847
11.26 -0.0664492 0.00559552 0.0666844
11.27 -0.0660485 0.00988509 0.0667841
11.28 -0.0653706 0.0141469 0.0668838
11.29 -0.0644178 0.0183634 0.0669841
11.3 -0.0631934 0.0225167 0.0670851
11.31 -0.0617021 0.0265895 0.0671874
11.32 -0.0599491 0.0305646 0.0672911
11.33 -0.0579414 0.0344253 0.0673967
11.34 -0.0556866 0.0381552 0.0675042
11.35 -0.0531934 0.0417387 0.067614
11.36 -0.0504717 0.0451603 0.0677263
11.37 -0.0475323 0.0484056 0.0678412
11.38 -0.0443865 0.0514607 0.0679585
11.39 -0.0410472 0.0543125 0.0680788
11.4 -0.0375276 0.0569484 0.0682015
11.41 -0.0338418 0.0593575 0.068327
11.42 -0.0300046 0.0615287 0.0684548
11.43 -0.0260315 0.063453 0.0685851
11.44 -0.0219386 0.0651213 0.0687174
11.45 -0.0177422 0.0665264 0.0688516
11.46 -0.0134598 0.0676617 0.0689875
11.47 -0.00910832 0.068522 0.0691247
11.48 -0.00470587 0.0691029 0.0692629
11.49 -0.000270068 0.0694014 0.0694019
11.5 0.00418064 0.0694154 0.0695412
11.51 0.00862834 0.0691444 0.0696807
11.52 0.0130545 0.0685885 0.0698198
11.53 0.0174412 0.0677495 0.0699585
11.54 0.0217701 0.06663 0.0700963
11.55 0.0260237 0.065234 0.0702332
11.56 0.030184 0.0635662 0.0703686
11.57 0.0342344 0.0616331 0.0705027
11.58 0.0381572 0.0594417 0.0706349
11.59 0.041937 0.0570006 0.0707657
11.6 0.0455573 0.0543188 0.0708943
11.61 0.0490036 0.0514068 0.0710212
11.62 0.0522608 0.048276 0.071146
11.63 0.0553158 0.0449383 0.0712691
11.64 0.0581551 0.0414072 0.0713903
11.65 0.0607672 0.0376963 0.0715098
11.66 0.0631403 0.0338204 0.0716277
11.67 0.0652649 0.0297948 0.0717442
11.68 0.0671311 0.0256355 0.0718593
11.69 0.0687312 0.021359 0.0719735
11.7 0.0700578 0.0169826 0.0720868
11.71 0.0713292 0.0125777 0.0724297
11.72 0.0725435 0.00814834 0.0729997
11.73 0.0736994 0.0036976 0.0737921
11.74 0.0747946 -0.000770524 0.0747986
11.75 0.0758282 -0.00525309 0.0760099
11.76 0.0767981 -0.00974587 0.0774141
11.77 0.0777033 -0.0142461 0.0789985
11.78 0.0785421 -0.0187494 0.080749
11.79 0.0793132 -0.0232531 0.0826516
11.8 0.0800153 -0.027753 0.0846917
11.81 0.0806471 -0.0322461 0.0868548
11.82 0.0812075 -0.0367285 0.0891271
11.83 0.0816952 -0.0411973 0.0914949
11.84 0.0821092 -0.0456484 0.0939452
11.85 0.0824485 -0.0500791 0.0964659
11.86 0.0827121 -0.0544854 0.0990452
11.87 0.0828989 -0.0588645 0.101672
11.88 0.0830083 -0.0632128 0.104337
11.89 0.0830394 -0.0675271 0.10703
11.9 0.0829914 -0.0718041 0.109742
11.91 0.0828635 -0.0760409 0.112466
11.92 0.0826554 -0.0802341 0.115193
11.93 0.0823661 -0.0843808 0.117916
11.94 0.0819955 -0.0884778 0.12063
11.95 0.0815427 -0.0925223 0.123327
11.96 0.0810077 -0.0965114 0.126003
11.97 0.0803897 -0.100442 0.128651
11.98 0.0796888 -0.104312 0.131268
11.99 0.0789044 -0.108118 0.133848
12 0.0780366 -0.111857 0.136388
12.01 0.0770851 -0.115527 0.138884
12.02 0.0760499 -0.119126 0.141331
12.03 0.0749308 -0.12265 0.143728
12.04 0.0737279 -0.126099 0.146071
12.05 0.0724414 -0.129468 0.148357
12.06 0.0710712 -0.132757 0.150584
12.07 0.0696177 -0.135962 0.152749
12.08 0.0680809 -0.139083 0.154852
12.09 0.0664612 -0.142116 0.156889
12.1 0.0647589 -0.145061 0.158859
12.11 0.0629745 -0.147914 0.160762
12.12 0.0611081 -0.150675 0.162595
12.13 0.0591604 -0.153342 0.164359
12.14 0.0571318 -0.155913 0.166051
12.15 0.0550231 -0.158387 0.167672
12.16 0.0528345 -0.160763 0.169222
12.17 0.050567 -0.163038 0.1707
12.18 0.0482211 -0.165213 0.172106
12.19 0.0457976 -0.167285 0.173441
12.2 0.0432973 -0.169255 0.174705
12.21 0.040721 -0.17112 0.175899
12.22 0.0380695 -0.172881 0.177023
12.23 0.0353438 -0.174536 0.178079
12.24 0.0325448 -0.176085 0.179067
12.25 0.0296735 -0.177527 0.17999
12.26 0.0267309 -0.178862 0.180849
12.27 0.0237181 -0.18009 0.181645
12.28 0.0206361 -0.18121 0.182381
12.29 0.0174863 -0.182222 0.183059
12.3 0.0142694 -0.183126 0.183681
12.31 0.0109871 -0.183923 0.18425
12.32 0.00764036 -0.184611 0.184769
12.33 0.00423054 -0.185192 0.18524
12.34 0.000758898 -0.185665 0.185667
12.35 -0.00277318 -0.186032 0.186053
12.36 -0.00636429 -0.186292 0.186401
12.37 -0.0100131 -0.186447 0.186716
12.38 -0.0137182 -0.186496 0.187
12.39 -0.017478 -0.186441 0.187259
12.4 -0.021291 -0.186282 0.187495
12.41 -0.0251559 -0.186021 0.187714
12.42 -0.0290709 -0.185658 0.18792
12.43 -0.0330346 -0.185194 0.188117
12.44 -0.0370454 -0.184631 0.188311
12.45 -0.0411016 -0.183969 0.188505
12.46 -0.0452015 -0.183211 0.188704
12.47 -0.0493436 -0.182357 0.188915
12.48 -0.0535259 -0.181408 0.18914
12.49 -0.0577473 -0.180368 0.189386
12.5 -0.0620053 -0.179236 0.189658
12.51 -0.0662988 -0.178014 0.18996
12.52 -0.0706255 -0.176706 0.190297
12.53 -0.0749841 -0.175311 0.190674
12.54 -0.0793724 -0.173832 0.191096
12.55 -0.0837889 -0.172271 0.191567
12.56 -0.0882314 -0.17063 0.192092
12.57 -0.0926985 -0.168911 0.192676
12.58 -0.0971878 -0.167116 0.193321
12.59 -0.101698 -0.165246 0.194033
12.6 -0.106227 -0.163305 0.194815
12.61 -0.110773 -0.161294 0.195669
12.62 -0.115333 -0.159216 0.1966
12.63 -0.119907 -0.157073 0.19761
12.64 -0.124491 -0.154868 0.198701
12.65 -0.129085 -0.152601 0.199875
12.66 -0.133686 -0.150277 0.201135
12.67 -0.138293 -0.147898 0.202481
12.68 -0.142902 -0.145465 0.203914
12.69 -0.147513 -0.142982 0.205436
12.7 -0.152123 -0.14045 0.207046
12.71 -0.156731 -0.137873 0.208743
12.72 -0.161334 -0.135254 0.210529
12.73 -0.165931 -0.132593 0.212401
12.74 -0.170519 -0.129895 0.214358
12.75 -0.175096 -0.127162 0.2164
12.76 -0.179662 -0.124396 0.218524
12.77 -0.184212 -0.121599 0.220727
12.78 -0.188747 -0.118776 0.223009
12.79 -0.193263 -0.115927 0.225366
12.8 -0.197759 -0.113056 0.227794
12.81 -0.202232 -0.110166 0.230292
12.82 -0.206682 -0.107258 0.232855
12.83 -0.211105 -0.104336 0.235481
12.84 -0.2155 -0.101402 0.238165
12.85 -0.219865 -0.0984589 0.240904
12.86 -0.224199 -0.0955085 0.243695
12.87 -0.228499 -0.092554 0.246532
12.88 -0.232763 -0.0895975 0.249412
12.89 -0.23699 -0.0866419 0.252331
12.9 -0.241177 -0.0836891 0.255285
12.91 -0.245324 -0.0807421 0.258269
12.92 -0.249427 -0.0778029 0.26128
12.93 -0.253486 -0.0748742 0.264313
12.94 -0.257498 -0.071958 0.267363
12.95 -0.261462 -0.069057 0.270427
12.96 -0.265375 -0.066173 0.273501
12.97 -0.269238 -0.0633088 0.276581
12.98 -0.273046 -0.0604662 0.279661
12.99 -0.2768 -0.0576477 0.282739
13 -0.280496 -0.0548549 0.28581
13.01 -0.284134 -0.0520906 0.28887
13.02 -0.287712 -0.0493561 0.291915
13.03 -0.291229 -0.0466541 0.294942
13.04 -0.294682 -0.0439861 0.297947
13.05 -0.298071 -0.0413542 0.300926
13.06 -0.301393 -0.0387603 0.303875
13.07 -0.304647 -0.0362061 0.306791
13.08 -0.307832 -0.0336934 0.309671
13.09 -0.310947 -0.0312241 0.312511
13.1 -0.313989 -0.0287996 0.315307
13.11 -0.316958 -0.0264219 0.318057
13.12 -0.319852 -0.0240921 0.320758
13.13 -0.322669 -0.0218122 0.323406
13.14 -0.325409 -0.0195832 0.325998
13.15 -0.32807 -0.0174069 0.328532
13.16 -0.330651 -0.0152845 0.331005
13.17 -0.333151 -0.0132173 0.333413
13.18 -0.335568 -0.0112066 0.335755
13.19 -0.337902 -0.00925343 0.338029
13.2 -0.340151 -0.00735923 0.34023
13.21 -0.342313 -0.0055247 0.342358
13.22 -0.344389 -0.00375129 0.344409
13.23 -0.346377 -0.00203952 0.346383
13.24 -0.348275 -0.000390724 0.348275
13.25 -0.350083 0.00119461 0.350086
13.26 -0.351801 0.0027154 0.351811
13.27 -0.353426 0.00417121 0.353451
13.28 -0.354958 0.00556105 0.355002
13.29 -0.356397 0.00688463 0.356464
13.3 -0.357741 0.00814101 0.357834
13.31 -0.35899 0.00933014 0.359111
13.32 -0.360142 0.0104511 0.360294
13.33 -0.361198 0.0115039 0.361381
13.34 -0.362156 0.0124879 0.362371
13.35 -0.363015 0.0134032 0.363263
13.36 -0.363776 0.0142491 0.364055
13.37 -0.364438 0.0150259 0.364747
13.38 -0.364999 0.0157331 0.365338
13.39 -0.36546 0.0163709 0.365826
13.4 -0.365819 0.0169394 0.366211
13.41 -0.366077 0.0174382 0.366492
13.42 -0.366233 0.017868 0.366669
13.43 -0.366287 0.0182285 0.36674
13.44 -0.366238 0.0185202 0.366706
13.45 -0.366086 0.0187431 0.366566
13.46 -0.365831 0.0188979 0.366319
13.47 -0.365472 0.0189846 0.365965
13.48 -0.365009 0.0190039 0.365504
13.49 -0.364443 0.018956 0.364935
13.5 -0.363772 0.0188417 0.36426
13.51 -0.362997 0.0186612 0.363477
13.52 -0.362118 0.0184156 0.362586
13.53 -0.361135 0.018105 0.361588
13.54 -0.360047 0.0177307 0.360484
13.55 -0.358856 0.0172928 0.359272
13.56 -0.35756 0.0167926 0.357954
13.57 -0.35616 0.0162305 0.35653
13.58 -0.354657 0.0156078 0.355
13.59 -0.35305 0.0149249 0.353365
13.6 -0.351339 0.0141831 0.351626
13.61 -0.349526 0.0133831 0.349782
13.62 -0.34761 0.0125262 0.347836
13.63 -0.345592 0.0116131 0.345787
13.64 -0.343472 0.010645 0.343637
13.65 -0.34125 0.00962294 0.341386
13.66 -0.338928 0.00854818 0.339035
13.67 -0.336505 0.00742165 0.336586
13.68 -0.333982 0.00624459 0.33404
13.69 -0.331359 0.00501822 0.331397
13.7 -0.328638 0.00374364 0.32866
13.71 -0.325819 0.00242217 0.325828
13.72 -0.322903 0.00105498 0.322905
13.73 -0.31989 -0.000356602 0.31989
13.74 -0.316781 -0.00181143 0.316787
13.75 -0.313578 -0.00330795 0.313595
13.76 -0.31028 -0.00484534 0.310318
13.77 -0.306889 -0.00642168 0.306956
13.78 -0.303405 -0.00803619 0.303512
13.79 -0.29983 -0.00968715 0.299987
13.8 -0.296165 -0.0113735 0.296383
13.81 -0.29241 -0.0130937 0.292703
13.82 -0.288567 -0.0148465 0.288948
13.83 -0.284636 -0.0166305 0.285121
13.84 -0.280619 -0.0184444 0.281224
13.85 -0.276517 -0.0202867 0.27726
13.86 -0.27233 -0.0221563 0.27323
13.87 -0.268061 -0.0240514 0.269138
13.88 -0.26371 -0.0259712 0.264986
13.89 -0.259279 -0.0279137 0.260777
13.9 -0.254768 -0.0298781 0.256514
13.91 -0.25018 -0.0318627 0.252201
13.92 -0.245515 -0.0338664 0.247839
13.93 -0.240774 -0.0358875 0.243434
13.94 -0.235959 -0.037925 0.238988
13.95 -0.231072 -0.0399774 0.234505
13.96 -0.226113 -0.0420433 0.229989
13.97 -0.221085 -0.0441216 0.225444
13.98 -0.215988 -0.0462107 0.220876
13.99 -0.210823 -0.0483095 0.216287
14 -0.205593 -0.0504167 0.211685
14.01 -0.200299 -0.0525309 0.207073
14.02 -0.194942 -0.0546509 0.202458
14.03 -0.189524 -0.0567754 0.197845
14.04 -0.184046 -0.058903 0.193242
14.05 -0.178509 -0.0610328 0.188655
14.06 -0.172916 -0.0631631 0.184091
14.07 -0.167268 -0.0652932 0.17956
14.08 -0.161566 -0.0674213 0.175069
14.09 -0.155811 -0.0695467 0.170628
14.1 -0.150006 -0.0716678 0.166247
14.11 -0.144152 -0.0737838 0.161938
14.12 -0.13825 -0.0758931 0.157711
14.13 -0.132302 -0.0779949 0.153581
14.14 -0.126309 -0.0800878 0.14956
14.15 -0.120274 -0.0821708 0.145664
14.16 -0.114197 -0.0842426 0.141908
14.17 -0.108081 -0.0863023 0.13831
14.18 -0.101926 -0.0883484 0.134887
14.19 -0.0957349 -0.0903803 0.131658
14.2 -0.0895084 -0.0923964 0.128642
14.21 -0.0832486 -0.094396 0.125861
14.22 -0.0769566 -0.0963776 0.123333
14.23 -0.0706345 -0.0983405 0.121079
14.24 -0.0642834 -0.100283 0.119118
14.25 -0.0579053 -0.102205 0.117469
14.26 -0.0515013 -0.104105 0.116148
14.27 -0.0450736 -0.105982 0.115169
14.28 -0.0386229 -0.107835 0.114543
14.29 -0.0321517 -0.109662 0.114278
14.3 -0.0256607 -0.111463 0.114379
14.31 -0.0190699 -0.11288 0.11448
14.32 -0.0124018 -0.113908 0.114581
14.33 -0.00567944 -0.114542 0.114683
14.34 0.00107404 -0.11478 0.114785
14.35 0.00783515 -0.11462 0.114887
14.36 0.0145807 -0.114062 0.11499
14.37 0.0212871 -0.113107 0.115093
14.38 0.0279313 -0.111759 0.115197
14.39 0.03449 -0.110021 0.115301
14.4 0.0409405 -0.107899 0.115405
14.41 0.0472602 -0.105399 0.11551
14.42 0.0534272 -0.10253 0.115615
14.43 0.0594199 -0.0992999 0.11572
14.44 0.0652171 -0.0957208 0.115826
14.45 0.0707989 -0.0918037 0.115933
14.46 0.0761451 -0.0875621 0.11604
14.47 0.0812375 -0.0830096 0.116147
14.48 0.0860574 -0.0781619 0.116255
14.49 0.0905885 -0.073035 0.116363
14.5 0.0948139 -0.0676461 0.116472
14.51 0.0987191 -0.0620136 0.116581
14.52 0.10229 -0.0561565 0.116691
14.53 0.105513 -0.0500944 0.116801
14.54 0.108378 -0.0438482 0.116912
14.55 0.110873 -0.0374389 0.117023
14.56 0.112989 -0.0308884 0.117135
14.57 0.114719 -0.024219 0.117248
14.58 0.116056 -0.0174535 0.117361
14.59 0.116994 -0.0106152 0.117475
14.6 0.11753 -0.00372724 0.117589
14.61 0.11766 0.00318644 0.117704
14.62 0.117385 0.0101024 0.117819
14.63 0.116704 0.0169964 0.117935
14.64 0.115618 0.0238451 0.118052
14.65 0.114132 0.0306245 0.118169
14.66 0.112248 0.0373115 0.118287
14.67 0.109973 0.0438825 0.118405
14.68 0.107315 0.0503151 0.118525
14.69 0.104281 0.0565866 0.118644
14.7 0.100881 0.0626753 0.118765
14.71 0.0971261 0.0685597 0.118886
14.72 0.0930289 0.0742197 0.119008
14.73 0.0886026 0.0796347 0.119131
14.74 0.0838618 0.0847863 0.119254
14.75 0.0788222 0.0896557 0.119378
14.76 0.0735006 0.0942261 0.119503
14.77 0.0679145 0.0984808 0.119628
14.78 0.062083 0.102405 0.119754
14.79 0.0560251 0.105984 0.119881
14.8 0.0497618 0.109206 0.120009
14.81 0.0433135 0.112057 0.120137
14.82 0.0367027 0.114529 0.120266
14.83 0.0299511 0.116611 0.120396
14.84 0.0230822 0.118296 0.120527
14.85 0.0161187 0.119576 0.120658
14.86 0.00908496 0.120448 0.12079
14.87 0.00200451 0.120906 0.120923
14.88 -0.00509805 0.120949 0.121057
14.89 -0.0121989 0.120576 0.121191
14.9 -0.019273 0.119786 0.121327
14.91 -0.0262968 0.118582 0.121463
14.92 -0.0332453 0.116967 0.1216
14.93 -0.0400951 0.114945 0.121737
14.94 -0.046822 0.112523 0.121876
14.95 -0.0534031 0.109708 0.122015
14.96 -0.0598152 0.106509 0.122155
14.97 -0.066036 0.102936 0.122297
14.98 -0.0720436 0.0989993 0.122438
14.99 -0.0778171 0.0947135 0.122581
15 -0.083336 0.0900912 0.122725
15.01 -0.0885809 0.0851483 0.122869
15.02 -0.0935332 0.0799003 0.123014
15.03 -0.098175 0.074365 0.12316
15.04 -0.10249 0.0685604 0.123307
15.05 -0.106462 0.0625061 0.123455
15.06 -0.110077 0.0562217 0.123604
15.07 -0.113322 0.049729 0.123753
15.08 -0.116185 0.043049 0.123904
15.09 -0.118654 0.0362049 0.124055
15.1 -0.120722 0.029219 0.124207
15.11 -0.122378 0.0221156 0.12436
15.12 -0.123618 0.0149183 0.124514
15.13 -0.124434 0.00765196 0.124669
15.14 -0.124825 0.000341002 0.124825
15.15 -0.124786 -0.00698949 0.124982
15.16 -0.124318 -0.0143143 0.125139
15.17 -0.12342 -0.0216085 0.125298
15.18 -0.122096 -0.0288468 0.125457
15.19 -0.120347 -0.0360044 0.125618
15.2 -0.11818 -0.0430562 0.125779
15.21 -0.1156 -0.0499782 0.125941
15.22 -0.112615 -0.0567459 0.126104
15.23 -0.109235 -0.0633359 0.126268
15.24 -0.105469 -0.0697251 0.126433
15.25 -0.10133 -0.075891 0.126599
15.26 -0.0968321 -0.0818117 0.126766
15.27 -0.0919879 -0.0874666 0.126934
15.28 -0.0868141 -0.0928351 0.127102
15.29 -0.0813273 -0.0978985 0.127272
15.3 -0.0755456 -0.102638 0.127443
15.31 -0.0694879 -0.107037 0.127615
15.32 -0.0631743 -0.111079 0.127787
15.33 -0.0566259 -0.11475 0.127961
15.34 -0.0498643 -0.118035 0.128135
15.35 -0.0429122 -0.120923 0.128311
15.36 -0.0357929 -0.123402 0.128488
15.37 -0.0285305 -0.125462 0.128665
15.38 -0.0211494 -0.127096 0.128844
15.39 -0.0136747 -0.128297 0.129023
15.4 -0.00613162 -0.129058 0.129204
15.41 0.00145389 -0.129377 0.129385
15.42 0.00905614 -0.129251 0.129568
15.43 0.0166488 -0.128679 0.129752
15.44 0.0242061 -0.127661 0.129936
15.45 0.0317015 -0.126201 0.130122
15.46 0.0391096 -0.124301 0.130308
15.47 0.0464042 -0.121967 0.130496
15.48 0.0535603 -0.119205 0.130685
15.49 0.0605524 -0.116024 0.130874
15.5 0.0673565 -0.112433 0.131065
15.51 0.0739482 -0.108443 0.131257
15.52 0.0803046 -0.104068 0.13145
15.53 0.0864026 -0.0993205 0.131643
15.54 0.092221 -0.094216 0.131838
15.55 0.0977384 -0.0887707 0.132034
15.56 0.102935 -0.0830026 0.132231
15.57 0.107793 -0.0769303 0.132429
15.58 0.112292 -0.0705741 0.132628
15.59 0.116418 -0.0639544 0.132828
15.6 0.120155 -0.0570938 0.13303
15.61 0.123488 -0.0500145 0.133232
15.62 0.126405 -0.0427408 0.133435
15.63 0.128894 -0.0352964 0.13364
15.64 0.130946 -0.0277071 0.133845
15.65 0.132552 -0.019998 0.134052
15.66 0.133705 -0.0121957 0.13426
15.67 0.134399 -0.00432635 0.134469
15.68 0.134631 0.00358279 0.134678
15.69 0.134398 0.011505 0.13489
15.7 0.1337 0.0194125 0.135102
15.71 0.132537 0.0272786 0.135315
15.72 0.130912 0.0350755 0.135529
15.73 0.128829 0.0427765 0.135745
15.74 0.126293 0.0503546 0.135961
15.75 0.123312 0.0577831 0.136179
15.76 0.119895 0.0650361 0.136398
15.77 0.116051 0.0720879 0.136618
15.78 0.111793 0.0789134 0.136839
15.79 0.107134 0.0854884 0.137062
15.8 0.102088 0.0917893 0.137285
15.81 0.0966721 0.0977932 0.13751
15.82 0.0909029 0.103479 0.137736
15.83 0.0847994 0.108825 0.137963
15.84 0.0783813 0.113812 0.138191
15.85 0.0716698 0.118422 0.138421
15.86 0.064687 0.122637 0.138651
15.87 0.057456 0.126441 0.138883
15.88 0.050001 0.12982 0.139116
15.89 0.0423468 0.13276 0.13935
15.9 0.0345192 0.13525 0.139586
15.91 0.0265446 0.137279 0.139822
15.92 0.0184502 0.13884 0.14006
15.93 0.0102633 0.139923 0.140299
15.94 0.00201204 0.140525 0.140539
15.95 -0.00627539 0.140641 0.140781
15.96 -0.0145703 0.140269 0.141023
15.97 -0.0228442 0.139408 0.141267
15.98 -0.0310681 0.13806 0.141512
15.99 -0.0392137 0.136227 0.141759
16 -0.047252 0.133914 0.142006
16.01 -0.0551552 0.131127 0.142255
16.02 -0.062895 0.127874 0.142505
16.03 -0.0704444 0.124165 0.142756
16.04 -0.0777759 0.12001 0.143008
16.05 -0.0848637 0.115422 0.143262
16.06 -0.091682 0.110415 0.143517
16.07 -0.0982063 0.105006 0.143773
16.08 -0.104412 0.0992105 0.14403
16.09 -0.110278 0.0930483 0.144289
16.1 -0.115781 0.0865388 0.144548
16.11 -0.120901 0.0797035 0.144809
16.12 -0.125618 0.0725646 0.145071
16.13 -0.129916 0.0651461 0.145334
16.14 -0.133776 0.0574722 0.145599
16.15 -0.137183 0.049569 0.145864
16.16 -0.140125 0.0414627 0.146131
16.17 -0.142589 0.0331811 0.146399
16.18 -0.144564 0.0247518 0.146668
16.19 -0.146042 0.0162042 0.146938
16.2 -0.147015 0.00756706 0.147209
16.21 -0.147478 -0.00112945 0.147482
16.22 -0.147427 -0.00985567 0.147756
16.23 -0.14686 -0.0185808 0.14803
16.24 -0.145777 -0.0272749 0.148306
16.25 -0.144179 -0.035907 0.148583
16.26 -0.142071 -0.0444471 0.148861
16.27 -0.139457 -0.0528646 0.149141
16.28 -0.136344 -0.0611299 0.149421
16.29 -0.132742 -0.0692131 0.149702
16.3 -0.12866 -0.0770856 0.149985
16.31 -0.12411 -0.0847185 0.150268
16.32 -0.119108 -0.0920844 0.150553
16.33 -0.113668 -0.0991562 0.150839
16.34 -0.107808 -0.105908 0.151126
16.35 -0.101545 -0.112315 0.151413
16.36 -0.0949019 -0.118352 0.151702
16.37 -0.0878984 -0.123998 0.151992
16.38 -0.0805584 -0.12923 0.152283
16.39 -0.0729057 -0.134029 0.152575
16.4 -0.0649663 -0.138376 0.152867
16.41 -0.0567665 -0.142253 0.153161
16.42 -0.0483342 -0.145645 0.153456
16.43 -0.0396979 -0.148539 0.153752
16.44 -0.0308872 -0.15092 0.154048
16.45 -0.0219323 -0.15278 0.154346
16.46 -0.0128641 -0.154108 0.154644
16.47 -0.00371403 -0.1549 0.154944
16.48 0.00548608 -0.155147 0.155244
16.49 0.0147039 -0.154849 0.155546
16.5 0.0239072 -0.154003 0.155848
16.51 0.033063 -0.15261 0.156151
16.52 0.0421396 -0.150673 0.156454
16.53 0.0511037 -0.148195 0.156759
16.54 0.0599239 -0.145184 0.157065
16.55 0.0685679 -0.141648 0.157371
16.56 0.0770047 -0.137596 0.157678
16.57 0.0852033 -0.133042 0.157986
16.58 0.0931341 -0.127998 0.158295
16.59 0.100767 -0.122481 0.158605
16.6 0.108075 -0.116507 0.158916
16.61 0.11503 -0.110097 0.159227
16.62 0.121605 -0.10327 0.159539
16.63 0.127777 -0.0960501 0.159851
16.64 0.13352 -0.0884601 0.160165
16.65 0.138814 -0.0805251 0.160479
16.66 0.143637 -0.0722724 0.160795
16.67 0.14797 -0.0637293 0.16111
16.68 0.151795 -0.0549254 0.161427
16.69 0.155098 -0.04589 0.161744
16.7 0.157862 -0.0366552 0.162062
16.71 0.160078 -0.0272521 0.162381
16.72 0.161733 -0.0177139 0.1627
16.73 0.16282 -0.00807346 0.16302
16.74 0.163333 0.00163493 0.163341
16.75 0.163266 0.0113774 0.163662
16.76 0.162619 0.021119 0.163984
16.77 0.16139 0.0308256 0.164307
16.78 0.159581 0.0404619 0.16463
16.79 0.157196 0.0499937 0.164955
16.8 0.154242 0.0593863 0.165279
16.81 0.150725 0.0686057 0.165605
16.82 0.146657 0.0776182 0.16593
16.83 0.14205 0.0863907 0.166257
16.84 0.136916 0.094891 0.166584
16.85 0.131273 0.103087 0.166912
16.86 0.125138 0.110949 0.16724
16.87 0.118532 0.118447 0.167569
16.88 0.111475 0.125553 0.167899
16.89 0.103991 0.132238 0.168229
16.9 0.0961041 0.138479 0.16856
16.91 0.0878419 0.14425 0.168891
16.92 0.0792316 0.149528 0.169223
16.93 0.070303 0.154294 0.169555
16.94 0.0610861 0.158526 0.169888
16.95 0.0516131 0.162208 0.170222
16.96 0.0419165 0.165325 0.170556
16.97 0.0320304 0.167862 0.17089
16.98 0.0219891 0.169808 0.171225
16.99 0.0118283 0.171153 0.171561
17 0.0015836 0.17189 0.171897
17.01 -0.00870849 0.172013 0.172234
17.02 -0.0190111 0.171521 0.172571
17.03 -0.0292875 0.17041 0.172908
17.04 -0.0395003 0.168683 0.173247
17.05 -0.0496131 0.166344 0.173585
17.06 -0.0595884 0.163398 0.173924
17.07 -0.0693904 0.159853 0.174264
17.08 -0.0789826 0.155719 0.174604
17.09 -0.0883298 0.151008 0.174945
17.1 -0.0973972 0.145736 0.175286
17.11 -0.106151 0.139917 0.175627
17.12 -0.114558 0.133572 0.175969
17.13 -0.122587 0.126721 0.176312
17.14 -0.130207 0.119385 0.176654
17.15 -0.137389 0.11159 0.176998
17.16 -0.144105 0.103362 0.177341
17.17 -0.150329 0.0947275 0.177686
17.18 -0.156036 0.0857171 0.17803
17.19 -0.161204 0.0763615 0.178375
17.2 -0.16581 0.0666926 0.178721
17.21 -0.169838 0.0567446 0.179066
17.22 -0.173268 0.0465514 0.179413
17.23 -0.176087 0.0361496 0.179759
17.24 -0.178281 0.0255752 0.180106
17.25 -0.17984 0.0148663 0.180454
17.26 -0.180756 0.00406054 0.180802
17.27 -0.181022 -0.006803 0.18115
17.28 -0.180635 -0.0176856 0.181499
17.29 -0.179593 -0.0285475 0.181847
17.3 -0.177897 -0.0393498 0.182197
17.31 -0.17555 -0.0500526 0.182546
17.32 -0.172559 -0.0606171 0.182897
17.33 -0.168931 -0.071004 0.183247
17.34 -0.164678 -0.0811753 0.183598
17.35 -0.15981 -0.0910928 0.183949
17.36 -0.154344 -0.10072 0.1843
17.37 -0.148297 -0.11002 0.184652
17.38 -0.141688 -0.118958 0.185004
17.39 -0.134539 -0.1275 0.185356
17.4 -0.126873 -0.135613 0.185709
17.41 -0.118717 -0.143266 0.186061
17.42 -0.110098 -0.150429 0.186414
17.43 -0.101044 -0.157074 0.186768
17.44 -0.0915886 -0.163175 0.187122
17.45 -0.0817626 -0.168707 0.187475
17.46 -0.0716009 -0.173647 0.18783
17.47 -0.0611389 -0.177975 0.188184
17.48 -0.0504135 -0.181673 0.188538
17.49 -0.0394627 -0.184725 0.188893
17.5 -0.0283255 -0.187117 0.189248
17.51 -0.0170417 -0.188836 0.189604
17.52 -0.00565171 -0.189875 0.189959
17.53 0.00580316 -0.190226 0.190315
17.54 0.0172816 -0.189886 0.190671
17.55 0.0287415 -0.188852 0.191027
17.56 0.0401414 -0.187126 0.191383
17.57 0.0514388 -0.18471 0.191739
17.58 0.0625926 -0.181612 0.192096
17.59 0.0735608 -0.177839 0.192452
17.6 0.0843032 -0.173402 0.192809
17.61 0.0947791 -0.168315 0.193166
17.62 0.104949 -0.162594 0.193523
17.63 0.114775 -0.156257 0.19388
17.64 0.124219 -0.149325 0.194238
17.65 0.133245 -0.14182 0.194595
17.66 0.141819 -0.133768 0.194953
17.67 0.149907 -0.125196 0.19531
17.68 0.157477 -0.116133 0.195668
17.69 0.1645 -0.10661 0.196025
17.7 0.170947 -0.0966616 0.196383
17.71 0.176793 -0.0863209 0.196741
17.72 0.182013 -0.0756251 0.197099
17.73 0.186587 -0.0646113 0.197457
17.74 0.190493 -0.0533195 0.197815
17.75 0.193716 -0.0417893 0.198173
17.76 0.196241 -0.0300628 0.198531
17.77 0.198056 -0.0181815 0.198888
17.78 0.19915 -0.0061893 0.199246
17.79 0.199518 0.00587082 0.199604
17.8 0.199154 0.0179542 0.199962
17.81 0.198058 0.030017 0.20032
17.82 0.19623 0.0420142 0.200677
17.83 0.193674 0.0539019 0.201035
17.84 0.190396 0.0656352 0.201392
17.85 0.186407 0.0771708 0.20175
17.86 0.181717 0.0884651 0.202107
17.87 0.176342 0.0994757 0.202464
17.88 0.170297 0.110161 0.202821
17.89 0.163603 0.120479 0.203178
17.9 0.156283 0.130392 0.203535
17.91 0.14836 0.139861 0.203891
17.92 0.139861 0.148849 0.204248
17.93 0.130816 0.157321 0.204604
17.94 0.121256 0.165244 0.20496
17.95 0.111215 0.172586 0.205316
17.96 0.100726 0.179318 0.205671
17.97 0.0898285 0.185412 0.206026
17.98 0.0785599 0.190845 0.206382
17.99 0.0669609 0.195592 0.206736
18 0.055073 0.199634 0.207091
18.01 0.0429394 0.202952 0.207445
18.02 0.0306038 0.205533 0.207799
18.03 0.0181112 0.207364 0.208153
18.04 0.00550758 0.208434 0.208506
18.05 -0.00716118 0.208737 0.208859
18.06 -0.0198479 0.208269 0.209212
18.07 -0.032506 0.207028 0.209565
18.08 -0.0450879 0.205017 0.209917
18.09 -0.0575472 0.20224 0.210269
18.1 -0.0698365 0.198705 0.21062
18.11 -0.0819102 0.194421 0.210971
18.12 -0.093722 0.189402 0.211322
18.13 -0.105227 0.183663 0.211672
18.14 -0.116382 0.177224 0.212022
18.15 -0.127144 0.170105 0.212371
18.16 -0.137471 0.162332 0.21272
18.17 -0.147324 0.153929 0.213069
18.18 -0.156663 0.144926 0.213417
18.19 -0.165452 0.135355 0.213765
18.2 -0.173657 0.125248 0.214112
18.21 -0.181245 0.114643 0.214459
18.22 -0.188185 0.103576 0.214805
18.23 -0.194448 0.0920863 0.215151
18.24 -0.200011 0.080216 0.215497
18.25 -0.204848 0.0680081 0.215842
18.26 -0.208939 0.0555063 0.216186
18.27 -0.212267 0.0427569 0.21653
18.28 -0.214816 0.0298059 0.216874
18.29 -0.216573 0.0167015 0.217217
18.3 -0.217531 0.00349158 0.217559
18.31 -0.217682 -0.00977449 0.217901
18.32 -0.217022 -0.0230477 0.218242
18.33 -0.215552 -0.0362782 0.218583
18.34 -0.213274 -0.0494166 0.218924
18.35 -0.210193 -0.0624132 0.219263
18.36 -0.206319 -0.0752193 0.219603
18.37 -0.201663 -0.087786 0.219941
18.38 -0.19624 -0.100066 0.22028
18.39 -0.190067 -0.112011 0.220617
18.4 -0.183166 -0.123577 0.220954
18.41 -0.175558 -0.134718 0.221291
18.42 -0.167271 -0.145391 0.221627
18.43 -0.158334 -0.155556 0.221962
18.44 -0.148776 -0.165171 0.222297
18.45 -0.138633 -0.174199 0.222631
18.46 -0.12794 -0.182604 0.222964
18.47 -0.116736 -0.190353 0.223297
18.48 -0.10506 -0.197415 0.223629
18.49 -0.0929548 -0.20376 0.223961
18.5 -0.0804648 -0.209362 0.224292
18.51 -0.0676352 -0.214198 0.224622
18.52 -0.0545132 -0.218247 0.224952
18.53 -0.0411471 -0.221492 0.225281
18.54 -0.027586 -0.223917 0.225609
18.55 -0.0138807 -0.225511 0.225937
18.56 -8.16431e-05 -0.226264 0.226264
18.57 0.0137589 -0.226173 0.226591
18.58 0.02759 -0.225233 0.226917
18.59 0.0413586 -0.223447 0.227242
18.6 0.0550136 -0.220817 0.227566
18.61 0.0685025 -0.217351 0.22789
18.62 0.0817748 -0.213059 0.228213
18.63 0.0947792 -0.207955 0.228536
18.64 0.107466 -0.202056 0.228858
18.65 0.119787 -0.195381 0.229178
18.66 0.131694 -0.187953 0.229499
18.67 0.143141 -0.179797 0.229818
18.68 0.154084 -0.170942 0.230137
18.69 0.164479 -0.16142 0.230456
18.7 0.174287 -0.151263 0.230773
18.71 0.183467 -0.140508 0.23109
18.72 0.191983 -0.129194 0.231406
18.73 0.199802 -0.117362 0.231721
18.74 0.206892 -0.105055 0.232036
18.75 0.213223 -0.0923171 0.23235
18.76 0.218769 -0.0791963 0.232663
18.77 0.223507 -0.0657403 0.232975
18.78 0.227417 -0.0519992 0.233286
18.79 0.230482 -0.0380236 0.233597
18.8 0.232686 -0.0238661 0.233907
18.81 0.23402 -0.00957923 0.234216
18.82 0.234476 0.00478314 0.234525
18.83 0.234049 0.0191671 0.234832
18.84 0.232738 0.0335182 0.235139
18.85 0.230546 0.0477821 0.235445
18.86 0.227477 0.0619046 0.23575
18.87 0.223543 0.0758318 0.236055
18.88 0.218753 0.0895104 0.236358
18.89 0.213125 0.102888 0.236661
18.9 0.206677 0.115913 0.236962
18.91 0.199431 0.128534 0.237263
18.92 0.191412 0.140704 0.237563
18.93 0.182649 0.152374 0.237862
18.94 0.173172 0.163499 0.238161
18.95 0.163015 0.174035 0.238458
18.96 0.152215 0.183941 0.238754
18.97 0.14081 0.193176 0.239049
18.98 0.128844 0.201705 0.239344
18.99 0.116359 0.209491 0.239637
19 0.103401 0.216505 0.23993
19.01 0.0900178 0.222717 0.240221
19.02 0.0762599 0.228101 0.240511
19.03 0.0621779 0.232634 0.240801
19.04 0.0478248 0.236298 0.241089
19.05 0.033254 0.239074 0.241376
19.06 0.0185209 0.240951 0.241662
19.07 0.00368038 0.241919 0.241947
19.08 -0.0112105 0.241971 0.242231
19.09 -0.0260961 0.241105 0.242514
19.1 -0.0409188 0.239322 0.242795
19.11 -0.0556228 0.236626 0.243076
19.12 -0.0701511 0.233024 0.243354
19.13 -0.0844482 0.228529 0.243633
19.14 -0.0984587 0.223154 0.243909
19.15 -0.112129 0.216918 0.244185
19.16 -0.125405 0.209842 0.244459
19.17 -0.138236 0.201952 0.244732
19.18 -0.150571 0.193275 0.245003
19.19 -0.162362 0.183842 0.245274
19.2 -0.173562 0.173687 0.245542
19.21 -0.184128 0.162848 0.24581
19.22 -0.194017 0.151363 0.246076
19.23 -0.20319 0.139276 0.246341
19.24 -0.211609 0.12663 0.246604
19.25 -0.219241 0.113474 0.246866
19.26 -0.226054 0.0998551 0.247127
19.27 -0.232021 0.0858253 0.247386
19.28 -0.237116 0.0714369 0.247643
19.29 -0.241317 0.0567443 0.247899
19.3 -0.244607 0.041803 0.248154
19.31 -0.246971 0.0266696 0.248406
19.32 -0.248396 0.0114017 0.248658
19.33 -0.248876 -0.00394241 0.248907
19.34 -0.248407 -0.0193041 0.249156
19.35 -0.246987 -0.0346247 0.249402
19.36 -0.24462 -0.0498449 0.249647
19.37 -0.241313 -0.0649064 0.24989
19.38 -0.237077 -0.0797506 0.250131
19.39 -0.231925 -0.0943205 0.250371
19.4 -0.225876 -0.108559 0.250609
19.41 -0.218949 -0.122411 0.250845
19.42 -0.211171 -0.135822 0.25108
19.43 -0.202569 -0.14874 0.251312
19.44 -0.193175 -0.161113 0.251543
19.45 -0.183022 -0.172894 0.251772
19.46 -0.172148 -0.184035 0.251999
19.47 -0.160593 -0.194492 0.252225
19.48 -0.148401 -0.204224 0.252448
19.49 -0.135617 -0.21319 0.25267
19.5 -0.122289 -0.221356 0.25289
19.51 -0.108467 -0.228688 0.253108
19.52 -0.0942033 -0.235156 0.253323
19.53 -0.0795524 -0.240734 0.253537
19.54 -0.0645694 -0.245397 0.253749
19.55 -0.0493121 -0.249126 0.253959
19.56 -0.033838 -0.251905 0.254167
19.57 -0.0182072 -0.253721 0.254373
19.58 -0.00247901 -0.254565 0.254577
19.59 0.0132853 -0.254432 0.254779
19.6 0.0290257 -0.253321 0.254979
19.61 0.0446807 -0.251234 0.255176
19.62 0.06019 -0.248178 0.255372
19.63 0.0754932 -0.244161 0.255566
19.64 0.0905308 -0.239198 0.255757
19.65 0.105244 -0.233307 0.255946
19.66 0.119576 -0.226508 0.256133
19.67 0.133469 -0.218826 0.256318
19.68 0.146871 -0.21029 0.256501
19.69 0.159727 -0.200929 0.256681
19.7 0.171986 -0.190781 0.256859
19.71 0.183602 -0.179882 0.257035
19.72 0.194526 -0.168273 0.257209
19.73 0.204717 -0.155999 0.25738
19.74 0.214132 -0.143105 0.257549
19.75 0.222735 -0.12964 0.257716
19.76 0.23049 -0.115656 0.25788
19.77 0.237367 -0.101206 0.258042
19.78 0.243336 -0.0863462 0.258202
19.79 0.248374 -0.0711326 0.258359
19.8 0.252458 -0.0556238 0.258513
19.81 0.255573 -0.0398801 0.258666
19.82 0.257704 -0.0239616 0.258815
19.83 0.258841 -0.00793061 0.258963
19.84 0.258979 0.00815137 0.259107
19.85 0.258116 0.0242213 0.25925
19.86 0.256252 0.0402172 0.259389
19.87 0.253396 0.0560763 0.259526
19.88 0.249554 0.0717372 0.259661
19.89 0.244743 0.0871379 0.259792
19.9 0.238978 0.102219 0.259922
19.91 0.232281 0.11692 0.260048
19.92 0.224677 0.131185 0.260172
19.93 0.216195 0.144956 0.260293
19.94 0.206865 0.15818 0.260411
19.95 0.196723 0.170804 0.260527
19.96 0.185809 0.182779 0.26064
19.97 0.174163 0.194056 0.26075
19.98 0.16183 0.20459 0.260857
19.99 0.148858 0.214341 0.260961
20 0.135296 0.223268 0.261063
20.01 0.121196 0.231337 0.261161
20.02 0.106613 0.238514 0.261257
20.03 0.0916038 0.24477 0.261349
20.04 0.0762262 0.25008 0.261439
20.05 0.0605398 0.254422 0.261526
20.06 0.044606 0.257778 0.261609
20.07 0.0284865 0.260135 0.26169
20.08 0.0122445 0.26148 0.261767
20.09 -0.00405671 0.26181 0.261841
20.1 -0.0203532 0.26112 0.261912
20.11 -0.0365812 0.259414 0.26198
20.12 -0.0526771 0.256695 0.262045
20.13 -0.0685776 0.252976 0.262106
20.14 -0.0842203 0.248268 0.262164
20.15 -0.0995432 0.24259 0.262219
20.16 -0.114487 0.235964 0.262271
20.17 -0.128991 0.228413 0.262319
20.18 -0.142999 0.219968 0.262364
20.19 -0.156456 0.210661 0.262405
20.2 -0.169308 0.200527 0.262443
20.21 -0.181504 0.189607 0.262477
20.22 -0.192996 0.177942 0.262508
20.23 -0.203737 0.165577 0.262535
20.24 -0.213687 0.152562 0.262559
20.25 -0.222804 0.138946 0.262579
20.26 -0.231053 0.124784 0.262596
20.27 -0.2384 0.110129 0.262608
20.28 -0.244816 0.0950416 0.262617
20.29 -0.250275 0.0795788 0.262622
20.3 -0.254756 0.0638023 0.262624
20.31 -0.258239 0.0477736 0.262621
20.32 -0.260712 0.0315566 0.262615
20.33 -0.262164 0.0152144 0.262605
20.34 -0.262588 -0.00118767 0.26259
20.35 -0.261983 -0.0175856 0.262572
20.36 -0.260351 -0.033914 0.26255
20.37 -0.257698 -0.0501088 0.262524
20.38 -0.254034 -0.0661055 0.262494
20.39 -0.249373 -0.0818412 0.26246
20.4 -0.243735 -0.0972533 0.262421
20.41 -0.23714 -0.112281 0.262379
20.42 -0.229616 -0.126864 0.262332
20.43 -0.221191 -0.140946 0.262281
20.44 -0.211899 -0.15447 0.262225
20.45 -0.201777 -0.167383 0.262166
20.46 -0.190865 -0.179633 0.262102
20.47 -0.179207 -0.191172 0.262034
20.48 -0.166847 -0.201954 0.261961
20.49 -0.153837 -0.211937 0.261884
20.5 -0.140228 -0.221081 0.261802
20.51 -0.126073 -0.229349 0.261716
20.52 -0.111429 -0.23671 0.261626
20.53 -0.0963542 -0.243133 0.26153
20.54 -0.0809092 -0.248595 0.261431
20.55 -0.0651551 -0.253073 0.261326
20.56 -0.0491548 -0.256551 0.261217
20.57 -0.0329721 -0.259013 0.261103
20.58 -0.0166715 -0.260452 0.260985
20.59 -0.000317928 -0.260861 0.260862
20.6 0.0160232 -0.260241 0.260734
20.61 0.0322872 -0.258593 0.260601
20.62 0.0484087 -0.255925 0.260463
20.63 0.064324 -0.252248 0.260321
20.64 0.0799693 -0.247578 0.260173
20.65 0.0952827 -0.241934 0.260021
20.66 0.110203 -0.235339 0.259863
20.67 0.124671 -0.22782 0.259701
20.68 0.138629 -0.219408 0.259534
20.69 0.152022 -0.210137 0.259361
20.7 0.164797 -0.200045 0.259183
20.71 0.176903 -0.189174 0.259001
20.72 0.188292 -0.177567 0.258813
20.73 0.19892 -0.165273 0.25862
20.74 0.208745 -0.152339 0.258422
20.75 0.217728 -0.138821 0.258218
20.76 0.225834 -0.124771 0.25801
20.77 0.233033 -0.110247 0.257796
20.78 0.239295 -0.095308 0.257576
20.79 0.244597 -0.0800146 0.257352
20.8 0.248919 -0.0644281 0.257122
20.81 0.252245 -0.048612 0.256886
20.82 0.254563 -0.0326296 0.256645
20.83 0.255865 -0.0165459 0.256399
20.84 0.256147 -0.000425341 0.256148
20.85 0.25541 0.015667 0.25589
20.86 0.253659 0.0316666 0.255628
20.87 0.250901 0.0475092 0.255359
20.88 0.24715 0.063131 0.255086
20.89 0.242422 0.07847 0.254806
20.9 0.236739 0.0934644 0.254521
20.91 0.230125 0.108055 0.254231
20.92 0.222608 0.122182 0.253935
20.93 0.21422 0.135792 0.253633
20.94 0.204996 0.148829 0.253325
20.95 0.194977 0.161243 0.253012
20.96 0.184202 0.172983 0.252693
20.97 0.172719 0.184005 0.252368
20.98 0.160574 0.194265 0.252038
20.99 0.147819 0.203724 0.251702
21 0.134505 0.212344 0.25136
21.01 0.120688 0.220094 0.251012
21.02 0.106426 0.226943 0.250658
21.03 0.0917764 0.232866 0.250299
21.04 0.0767999 0.237841 0.249933
21.05 0.0615586 0.241851 0.249562
21.06 0.046114 0.244881 0.249185
21.07 0.0305299 0.246922 0.248802
21.08 0.0148694 0.247968 0.248413
21.09 -0.000803338 0.248017 0.248018
21.1 -0.0164251 0.247072 0.247618
21.11 -0.0319321 0.24514 0.247211
21.12 -0.0472622 0.242231 0.246798
21.13 -0.062353 0.238359 0.246379
21.14 -0.0771445 0.233543 0.245955
21.15 -0.0915769 0.227806 0.245524
21.16 -0.105593 0.221174 0.245087
21.17 -0.119136 0.213676 0.244644
21.18 -0.132154 0.205346 0.244196
21.19 -0.144594 0.196219 0.243741
21.2 -0.156408 0.186337 0.24328
21.21 -0.167549 0.175741 0.242812
21.22 -0.177975 0.164478 0.242339
21.23 -0.187646 0.152595 0.24186
21.24 -0.196523 0.140144 0.241374
21.25 -0.204575 0.127176 0.240883
21.26 -0.21177 0.113747 0.240385
21.27 -0.218083 0.0999134 0.239881
21.28 -0.223491 0.0857332 0.239371
21.29 -0.227976 0.0712657 0.238855
21.3 -0.231521 0.0565712 0.238333
21.31 -0.234118 0.0417109 0.237804
21.32 -0.235757 0.026746 0.237269
21.33 -0.236437 0.0117387 0.236729
21.34 -0.236159 -0.00324988 0.236181
21.35 -0.234927 -0.0181576 0.235628
21.36 -0.232751 -0.0329243 0.235068
21.37 -0.229644 -0.0474892 0.234503
21.38 -0.225622 -0.0617942 0.233931
21.39 -0.220705 -0.0757806 0.233352
21.4 -0.214918 -0.0893933 0.232768
21.41 -0.208289 -0.102577 0.232177
21.42 -0.200848 -0.11528 0.231581
21.43 -0.192631 -0.127452 0.230977
21.44 -0.183673 -0.139045 0.230368
21.45 -0.174017 -0.150015 0.229753
21.46 -0.163704 -0.160318 0.229131
21.47 -0.152781 -0.169916 0.228503
21.48 -0.141296 -0.178773 0.227869
21.49 -0.129299 -0.186855 0.227229
21.5 -0.116842 -0.194133 0.226582
21.51 -0.103979 -0.200581 0.225929
21.52 -0.0907648 -0.206176 0.225271
21.53 -0.0772565 -0.210901 0.224606
21.54 -0.0635117 -0.214739 0.223934
21.55 -0.0495882 -0.21768 0.223257
21.56 -0.0355451 -0.219717 0.222573
21.57 -0.021441 -0.220846 0.221884
21.58 -0.00733485 -0.221066 0.221188
21.59 0.00671475 -0.220384 0.220486
21.6 0.0206498 -0.218806 0.219778
21.61 0.034413 -0.216344 0.219064
21.62 0.0479481 -0.213014 0.218344
21.63 0.0612002 -0.208835 0.217618
21.64 0.0741159 -0.203829 0.216886
21.65 0.0866431 -0.198022 0.216148
21.66 0.0987325 -0.191443 0.215403
21.67 0.110336 -0.184125 0.214653
21.68 0.121408 -0.176102 0.213897
21.69 0.131907 -0.167413 0.213135
21.7 0.141791 -0.158098 0.212367
21.71 0.151024 -0.148201 0.211593
21.72 0.159571 -0.137766 0.210814
21.73 0.167402 -0.12684 0.210028
21.74 0.174488 -0.115474 0.209237
21.75 0.180804 -0.103716 0.20844
21.76 0.18633 -0.0916208 0.207637
21.77 0.191048 -0.0792394 0.206829
21.78 0.194943 -0.0666268 0.206014
21.79 0.198006 -0.053837 0.205195
21.8 0.20023 -0.0409256 0.204369
21.81 0.201611 -0.0279472 0.203538
21.82 0.202149 -0.0149574 0.202702
21.83 0.20185 -0.00201026 0.20186
21.84 0.20072 0.0108392 0.201013
21.85 0.198771 0.0235384 0.20016
21.86 0.196017 0.0360343 0.199302
21.87 0.192476 0.0482762 0.198438
21.88 0.18817 0.0602144 0.197569
21.89 0.183122 0.0718008 0.196696
21.9 0.177361 0.0829895 0.195816
21.91 0.170915 0.0937362 0.194932
21.92 0.163819 0.103999 0.194043
21.93 0.156108 0.113739 0.193149
21.94 0.147819 0.12292 0.192249
21.95 0.138993 0.131506 0.191345
21.96 0.129671 0.139468 0.190436
21.97 0.119899 0.146775 0.189522
21.98 0.10972 0.153404 0.188604
21.99 0.099182 0.159332 0.18768
22 0.0883331 0.164541 0.186752
22.01 0.0772221 0.169014 0.18582
22.02 0.0658989 0.17274 0.184883
22.03 0.0544133 0.175709 0.183942
22.04 0.0428163 0.177917 0.182996
22.05 0.0311576 0.17936 0.182046
22.06 0.0194885 0.18004 0.181092
22.07 0.00785799 0.179962 0.180133
22.08 -0.00368401 0.179133 0.179171
22.09 -0.0150895 0.177565 0.178205
22.1 -0.0263107 0.17527 0.177234
22.11 -0.0373018 0.172268 0.17626
22.12 -0.0480177 0.168576 0.175282
22.13 -0.0584158 0.16422 0.1743
22.14 -0.0684544 0.159223 0.173315
22.15 -0.0780945 0.153614 0.172326
22.16 -0.0872986 0.147425 0.171333
22.17 -0.0960323 0.140686 0.170337
22.18 -0.104263 0.133434 0.169338
22.19 -0.11196 0.125705 0.168336
22.2 -0.119097 0.117538 0.16733
22.21 -0.125649 0.108972 0.166321
22.22 -0.131595 0.100049 0.165309
22.23 -0.136915 0.090812 0.164294
22.24 -0.141594 0.0813036 0.163277
22.25 -0.145619 0.0715685 0.162256
22.26 -0.148981 0.061651 0.161233
22.27 -0.151671 0.0515964 0.160207
22.28 -0.153688 0.0414496 0.159179
22.29 -0.155029 0.0312559 0.158148
22.3 -0.155697 0.0210599 0.157115
22.31 -0.155698 0.0109057 0.15608
22.32 -0.15504 0.000837024 0.155042
22.33 -0.153733 -0.00910351 0.154002
22.34 -0.151792 -0.0188743 0.152961
22.35 -0.149232 -0.028435 0.151917
22.36 -0.146073 -0.0377464 0.150872
22.37 -0.142337 -0.0467718 0.149824
22.38 -0.138046 -0.0554746 0.148775
22.39 -0.133227 -0.0638221 0.147725
22.4 -0.127908 -0.0717814 0.146673
22.41 -0.122118 -0.0793238 0.14562
22.42 -0.115889 -0.0864211 0.144565
22.43 -0.109255 -0.0930489 0.143509
22.44 -0.10225 -0.099184 0.142452
22.45 -0.094909 -0.104807 0.141394
22.46 -0.0872695 -0.109899 0.140334
22.47 -0.0793695 -0.114446 0.139274
22.48 -0.0712466 -0.118435 0.138213
22.49 -0.0629405 -0.121857 0.137152
22.5 -0.0544895 -0.124705 0.13609
22.51 -0.0459337 -0.126974 0.135027
22.52 -0.0373117 -0.128663 0.133964
22.53 -0.0286631 -0.129773 0.132901
22.54 -0.0200259 -0.130308 0.131837
22.55 -0.0114387 -0.130272 0.130773
22.56 -0.00293816 -0.129677 0.12971
22.57 0.00543889 -0.128531 0.128646
22.58 0.0136574 -0.12685 0.127583
22.59 0.0216834 -0.124647 0.126519
22.6 0.029484 -0.121942 0.125456
22.61 0.0370283 -0.118755 0.124393
22.62 0.0442866 -0.115106 0.123331
22.63 0.0512311 -0.111019 0.12227
22.64 0.0578359 -0.106521 0.121209
22.65 0.0640771 -0.101636 0.120149
22.66 0.0699324 -0.0963944 0.11909
22.67 0.0753823 -0.0908242 0.118032
22.68 0.0804087 -0.0849561 0.116975
22.69 0.0849967 -0.0788212 0.115919
22.7 0.0891325 -0.0724516 0.114864
22.71 0.0928056 -0.0658798 0.113811
22.72 0.0960069 -0.0591386 0.112759
22.73 0.0987307 -0.0522616 0.11171
22.74 0.100972 -0.0452816 0.110661
22.75 0.102731 -0.0382324 0.109614
22.76 0.104006 -0.0311464 0.108569
22.77 0.104801 -0.0240568 0.107527
22.78 0.105121 -0.0169951 0.106486
22.79 0.104972 -0.00999338 0.105447
22.8 0.104365 -0.00308174 0.104411
22.81 0.10331 0.00370973 0.103376
22.82 0.10182 0.0103529 0.102345
22.83 0.0999097 0.0168197 0.101316
22.84 0.0975961 0.0230847 0.100289
22.85 0.0948969 0.0291227 0.0992651
22.86 0.0918322 0.0349107 0.0982442
22.87 0.0884225 0.040427 0.0972259
22.88 0.0846903 0.0456518 0.0962109
22.89 0.0806585 0.0505666 0.0951986
22.9 0.0763521 0.0551551 0.0941898
22.91 0.0717953 0.0594028 0.0931841
22.92 0.0670149 0.0632968 0.0921818
22.93 0.0620366 0.0668265 0.0911829
22.94 0.0568878 0.0699826 0.0901875
22.95 0.0515952 0.0727588 0.0891958
22.96 0.0461863 0.0751494 0.0882077
22.97 0.0406885 0.0771518 0.0872236
22.98 0.0351289 0.0787645 0.0862432
22.99 0.0295345 0.0799884 0.0852668
23 0.0239321 0.0808257 0.0842944
23.01 0.0183475 0.0812813 0.0833264
23.02 0.0128064 0.0813605 0.0823622
23.03 0.00733372 0.0810716 0.0814027
23.04 0.00195308 0.0804236 0.0804473
23.05 -0.00331219 0.0794276 0.0794966
23.06 -0.0084404 0.0780954 0.0785502
23.07 -0.0134102 0.0764413 0.0776086
23.08 -0.0182026 0.0744796 0.0766717
23.09 -0.0227984 0.0722267 0.0757394
23.1 -0.0271813 0.0696997 0.0748123
23.11 -0.0313349 0.0669165 0.0738897
23.12 -0.0352454 0.0638963 0.0729725
23.13 -0.0388999 0.0606584 0.07206
23.14 -0.0422873 0.0572235 0.071153
23.15 -0.0453977 0.0536119 0.0702509
23.16 -0.0482231 0.0498453 0.0693543
23.17 -0.0507568 0.0459447 0.0684629
23.18 -0.052994 0.0419321 0.0675771
23.19 -0.0549311 0.0378287 0.0666966
23.2 -0.0565662 0.0336567 0.0658218
23.21 -0.0578989 0.0294371 0.0649525
23.22 -0.0589302 0.0251915 0.0640889
23.23 -0.059663 0.0209402 0.063231
23.24 -0.0601007 0.0167042 0.0623789
23.25 -0.0602492 0.0125027 0.0615327
23.26 -0.0601143 0.00835538 0.0606922
23.27 -0.0597047 0.00428045 0.059858
23.28 -0.0590287 0.000295459 0.0590294
23.29 -0.0580967 -0.00358249 0.0582071
23.3 -0.0569197 -0.00733795 0.0573907
23.31 -0.0555098 -0.0109557 0.0565807
23.32 -0.0538798 -0.0144223 0.0557767
23.33 -0.0520434 -0.0177247 0.0549789
23.34 -0.0500149 -0.0208516 0.0541874
23.35 -0.0478093 -0.0237923 0.0534023
23.36 -0.0454419 -0.026538 0.0526235
23.37 -0.0429286 -0.0290802 0.051851
23.38 -0.0402856 -0.0314126 0.0510851
23.39 -0.0375292 -0.0335291 0.0503254
23.4 -0.0346761 -0.0354258 0.0495724
23.41 -0.0317426 -0.0370992 0.0488257
23.42 -0.0287456 -0.0385477 0.0480857
23.43 -0.025701 -0.0397702 0.047352
23.44 -0.0226258 -0.0407674 0.0466252
23.45 -0.0195352 -0.0415407 0.0459049
23.46 -0.0164453 -0.0420927 0.0451912
23.47 -0.013371 -0.0424271 0.0444842
23.48 -0.0103272 -0.0425484 0.0437838
23.49 -0.00732767 -0.0424626 0.0430902
23.5 -0.00438626 -0.0421758 0.0424032
23.51 -0.00151557 -0.0416955 0.041723
23.52 0.00127208 -0.0410298 0.0410495
23.53 0.0039656 -0.0401876 0.0403828
23.54 0.00655414 -0.0391783 0.0397227
23.55 0.00902833 -0.0380122 0.0390697
23.56 0.0113791 -0.0366995 0.0384231
23.57 0.0135985 -0.0352516 0.0377835
23.58 0.0156796 -0.0336796 0.0371506
23.59 0.0176161 -0.0319955 0.0365245
23.6 0.019403 -0.030211 0.0359052
23.61 0.0210358 -0.0283385 0.0352927
23.62 0.0225115 -0.0263898 0.034687
23.63 0.0238271 -0.0243775 0.034088
23.64 0.0249816 -0.0223136 0.0334959
23.65 0.0259739 -0.0202101 0.0329104
23.66 0.0268046 -0.0180793 0.0323318
23.67 0.0274745 -0.0159325 0.0317599
23.68 0.0279856 -0.0137814 0.0311949
23.69 0.0283403 -0.0116369 0.0306364
23.7 0.0285422 -0.00950981 0.0300848
23.71 0.0285951 -0.00741042 0.0295397
23.72 0.028504 -0.00534868 0.0290015
23.73 0.028274 -0.00333354 0.0284698
23.74 0.027911 -0.00137427 0.0279449
23.75 0.0274216 0.000521471 0.0274265
23.76 0.0268124 0.00234564 0.0269148
23.77 0.0260908 0.00409163 0.0264097
23.78 0.0252644 0.00575278 0.0259111
23.79 0.0243412 0.00732383 0.0254191
23.8 0.0233292 0.00879935 0.0249335
23.81 0.0222372 0.0101754 0.0244547
23.82 0.0210732 0.0114482 0.023982
23.83 0.0198462 0.0126146 0.023516
23.84 0.0185648 0.0136726 0.0230562
23.85 0.0172377 0.0146204 0.022603
23.86 0.0158735 0.0154571 0.022156
23.87 0.0144808 0.0161823 0.0217154
23.88 0.0130677 0.0167963 0.021281
23.89 0.011643 0.0172999 0.020853
23.9 0.010214 0.0176947 0.0204311
23.91 0.008789 0.0179824 0.0200153
23.92 0.00737507 0.0181658 0.0196059
23.93 0.00597947 0.0182476 0.0192023
23.94 0.00460898 0.0182314 0.018805
23.95 0.00326983 0.0181209 0.0184136
23.96 0.00196816 0.0179205 0.0180283
23.97 0.000709295 0.0176345 0.0176487
23.98 -0.000501326 0.017268 0.0172753
23.99 -0.00165953 0.016826 0.0169077
24 -0.00276066 0.0163138 0.0165458
24.01 -0.00380134 0.0157372 0.0161898
24.02 -0.00477808 0.0151015 0.0158394
24.03 -0.00568835 0.0144129 0.0154948
24.04 -0.0065297 0.013677 0.0151558
24.05 -0.00730049 0.0128999 0.0148224
24.06 -0.00799913 0.0120873 0.0144945
24.07 -0.00862506 0.0112455 0.0141722
24.08 -0.00917743 0.0103798 0.0138552
24.09 -0.00965667 0.00949651 0.0135438
24.1 -0.0100629 0.00860067 0.0132376
24.11 -0.0103969 0.0076983 0.0129368
24.12 -0.0106601 0.00679423 0.0126412
24.13 -0.0108538 0.00589383 0.0123508
24.14 -0.01098 0.00500169 0.0120655
24.15 -0.0110407 0.00412279 0.0117854
24.16 -0.0110387 0.0032611 0.0115104
24.17 -0.0109764 0.00242094 0.0112402
24.18 -0.010857 0.00160599 0.0109751
24.19 -0.0106834 0.000819673 0.0107148
24.2 -0.0104592 6.53241e-05 0.0104594
24.21 -0.0101878 -0.000654272 0.0102088
24.22 -0.00987283 -0.00133667 0.0099629
24.23 -0.00951794 -0.00197959 0.00972162
24.24 -0.00912714 -0.00258113 0.00948509
24.25 -0.00870397 -0.0031398 0.00925297
24.26 -0.0082527 -0.00365423 0.00902554
24.27 -0.00777676 -0.00412372 0.00880244
24.28 -0.0072803 -0.00454729 0.00858374
24.29 -0.00676705 -0.004925 0.00836951
24.3 -0.00624064 -0.00525648 0.00815942
24.31 -0.00570484 -0.00554218 0.00795368
24.32 -0.00516307 -0.00578239 0.00775199
24.33 -0.00461889 -0.00597808 0.00755458
24.34 -0.00407541 -0.00612995 0.00736106
24.35 -0.00353595 -0.00623942 0.00717171
24.36 -0.00300322 -0.00630781 0.00698626
24.37 -0.00248024 -0.00633655 0.00680466
24.38 -0.0019695 -0.00632748 0.00662691
24.39 -0.00147345 -0.00628254 0.00645301
24.4 -0.000994225 -0.0062036 0.00628276
24.41 -0.000533954 -0.00609291 0.00611627
24.42 -9.42427e-05 -0.00595261 0.00595335
24.43 0.00032301 -0.00578498 0.00579399
24.44 0.000716847 -0.00559245 0.0056382
24.45 0.00108571 -0.00537725 0.00548576
24.46 0.00142888 -0.00514206 0.00533689
24.47 0.0017455 -0.00488895 0.0051912
24.48 0.00203497 -0.00462064 0.0050489
24.49 0.00229706 -0.0043393 0.00490979
24.5 0.00253147 -0.00404748 0.00477393
24.51 0.00273823 -0.00374725 0.0046411
24.52 0.00291745 -0.00344116 0.00451144
24.53 0.00306966 -0.00313112 0.00438483
24.54 0.00319511 -0.00281928 0.00426111
24.55 0.00329458 -0.0025077 0.00414039
24.56 0.00336872 -0.00219824 0.0040225
24.57 0.00341848 -0.00189263 0.00390744
24.58 0.0034448 -0.00159267 0.00379516
24.59 0.00344886 -0.00129977 0.00368566
24.6 0.00343159 -0.00101543 0.00357867
24.61 0.00339457 -0.000740977 0.0034745
24.62 0.00333874 -0.000477502 0.00337271
24.63 0.00326578 -0.0002262 0.0032736
24.64 0.00317686 1.22802e-05 0.00317688
24.65 0.00307344 0.000236813 0.00308255
24.66 0.0029571 0.000447067 0.00299071
24.67 0.00282912 0.000642288 0.00290112
24.68 0.00269103 0.000822219 0.00281384
24.69 0.00254422 0.000986375 0.00272874
24.7 0.00239021 0.00113484 0.00264593
24.71 0.00223025 0.0012674 0.00256521
24.72 0.00206585 0.00138411 0.00248667
24.73 0.00189812 0.0014852 0.00241012
24.74 0.00172845 0.00157084 0.00233561
24.75 0.00155801 0.00164134 0.00226305
24.76 0.00138801 0.00169725 0.00219254
24.77 0.00121934 0.0017389 0.00212381
24.78 0.00105327 0.00176688 0.002057
24.79 0.000890426 0.00178185 0.00199194
24.8 0.000732007 0.00178439 0.0019287
24.81 0.000578538 0.00177537 0.00186725
24.82 0.000430827 0.00175525 0.00180735
24.83 0.000289568 0.00172516 0.00174929
24.84 0.000155151 0.00168561 0.00169273
24.85 2.82086e-05 0.00163759 0.00163784
24.86 -9.09601e-05 0.00158181 0.00158443
24.87 -0.000201987 0.00151922 0.00153259
24.88 -0.000304645 0.00145054 0.00148218
24.89 -0.00039867 0.00137667 0.00143324
24.9 -0.000484141 0.00129845 0.00138578
24.91 -0.000560844 0.00121655 0.0013396
24.92 -0.00062885 0.00113181 0.00129478
24.93 -0.000688212 0.00104508 0.00125133
24.94 -0.000739122 0.000956904 0.00120912
24.95 -0.000781641 0.000868062 0.00116812
24.96 -0.000816219 0.000779187 0.00112843
24.97 -0.000842819 0.000690874 0.00108979
24.98 -0.00086201 0.000603783 0.00105243
24.99 -0.000873994 0.000518272 0.00101611
25 -0.000879172 0.000435056 0.000980927
25.01 -0.000878037 0.00035432 0.000946833
25.02 -0.000870843 0.000276691 0.000913743
25.03 -0.000858162 0.000202386 0.000881704
25.04 -0.000840383 0.000131723 0.000850643
25.05 -0.00081794 6.49393e-05 0.000820513
25.06 -0.000791319 2.35346e-06 0.000791323
25.07 -0.000761055 -5.59252e-05 0.000763107
25.08 -0.000727459 -0.000109828 0.000735703
25.09 -0.000691106 -0.000159184 0.000709202
25.1 -0.000652381 -0.000203918 0.000683509
25.11 -0.000611737 -0.000244125 0.00065865
25.12 -0.000569586 -0.000279681 0.000634547
25.13 -0.00052644 -0.000310774 0.000611326
25.14 -0.000482446 -0.00033744 0.000588744
25.15 -0.000438222 -0.000359716 0.000566952
25.16 -0.000393941 -0.000377837 0.000545849
25.17 -0.000350011 -0.000391844 0.000525403
25.18 -0.000306758 -0.000402111 0.000505761
25.19 -0.000264337 -0.000408571 0.000486625
25.2 -0.000223134 -0.000411615 0.000468205
25.21 -0.000183276 -0.000411435 0.000450409
25.22 -0.000144971 -0.000408241 0.000433217
25.23 -0.000108466 -0.00040224 0.000416607
25.24 -7.386e-05 -0.000393709 0.000400577
25.25 -4.12291e-05 -0.000382885 0.000385098
25.26 -1.07847e-05 -0.000370007 0.000370164
25.27 1.75116e-05 -0.000355339 0.00035577
25.28 4.3541e-05 -0.000339126 0.00034191
25.29 6.72459e-05 -0.000321484 0.000328442
25.3 8.86179e-05 -0.000302857 0.000315556
25.31 0.000107798 -0.00028335 0.000303163
25.32 0.000124586 -0.00026316 0.000291161
25.33 0.000139227 -0.000242535 0.000279655
25.34 0.00015163 -0.000221602 0.000268513
25.35 0.000161905 -0.000200695 0.00025786
25.36 0.000170193 -0.000179762 0.000247548
25.37 0.000176476 -0.000159169 0.000237652
25.38 0.000180948 -0.000138922 0.000228126
25.39 0.000183663 -0.0001192 0.000218954
25.4 0.000184709 -0.000100141 0.000210109
25.41 0.000184267 -8.18146e-05 0.000201613
25.42 0.00018243 -6.42801e-05 0.000193423
25.43 0.000179257 -4.76742e-05 0.000185488
25.44 0.000175028 -3.20646e-05 0.00017794
25.45 0.0001697 -1.74535e-05 0.000170595
25.46 0.000163446 -3.83112e-06 0.000163491
25.47 0.000156418 8.61465e-06 0.000156655
25.48 0.000148762 1.9992e-05 0.000150099
25.49 0.000140469 3.02571e-05 0.000143691
25.5 0.00013182 3.94037e-05 0.000137583
25.51 0.00012274 4.75353e-05 0.000131624
25.52 0.000113422 5.45244e-05 0.000125847
25.53 0.000104011 6.05444e-05 0.000120349
25.54 9.44687e-05 6.54632e-05 0.000114934
25.55 8.49881e-05 6.95113e-05 0.000109794
25.56 7.55515e-05 7.26249e-05 0.000104797
25.57 6.62756e-05 7.4802e-05 9.99389e-05
25.58 5.72522e-05 7.62071e-05 9.5317e-05
25.59 4.84709e-05 7.68454e-05 9.08551e-05
25.6 3.99938e-05 7.67626e-05 8.65563e-05
25.61 3.19553e-05 7.60277e-05 8.24703e-05
25.62 2.42323e-05 7.47096e-05 7.85413e-05
25.63 1.69639e-05 7.28974e-05 7.48452e-05
25.64 1.01555e-05 7.05589e-05 7.1286e-05
25.65 3.79933e-06 6.78721e-05 6.79784e-05
25.66 -2.08428e-06 6.47777e-05 6.48113e-05
25.67 -7.41454e-06 6.1393e-05 6.18391e-05
25.68 -1.23582e-05 5.78511e-05 5.91563e-05
25.69 -1.67779e-05 5.40699e-05 5.66132e-05
25.7 -2.0663e-05 5.01901e-05 5.42771e-05
25.71 -2.41328e-05 4.61527e-05 5.20813e-05
25.72 -2.70883e-05 4.21778e-05 5.01272e-05
25.73 -2.96494e-05 3.81768e-05 4.83379e-05
25.74 -3.17615e-05 3.4187e-05 4.66641e-05
25.75 -3.34291e-05 3.0326e-05 4.5135e-05
25.76 -3.47329e-05 2.65306e-05 4.37064e-05
25.77 -3.56614e-05 2.29023e-05 4.23821e-05
25.78 -3.62156e-05 1.94763e-05 4.11205e-05
25.79 -3.651e-05 1.62128e-05 3.99479e-05
25.8 -3.64283e-05 1.31764e-05 3.87381e-05
25.81 -3.61e-05 1.03389e-05 3.75514e-05
25.82 -3.555e-05 7.80009e-06 3.63956e-05
25.83 -3.47158e-05 5.4265e-06 3.51374e-05
25.84 -3.36611e-05 3.32369e-06 3.38248e-05
25.85 -3.2488e-05 1.52756e-06 3.25238e-05
25.86 -3.10892e-05 -6.86735e-08 3.10893e-05
25.87 -2.95302e-05 -1.38103e-06 2.95625e-05
25.88 -2.78795e-05 -2.50125e-06 2.79915e-05
25.89 -2.6043e-05 -3.32019e-06 2.62538e-05
25.9 -2.41813e-05 -3.9428e-06 2.45007e-05
25.91 -2.22179e-05 -4.32986e-06 2.26359e-05
25.92 -2.01504e-05 -4.49915e-06 2.06466e-05
25.93 -1.80419e-05 -4.55984e-06 1.86092e-05
25.94 -1.58677e-05 -4.38089e-06 1.64613e-05
25.95 -1.3678e-05 -4.0185e-06 1.42561e-05
25.96 -1.14785e-05 -3.57123e-06 1.20213e-05
25.97 -9.1697e-06 -2.98387e-06 9.64297e-06
25.98 -6.90382e-06 -2.34022e-06 7.28968e-06
25.99 -4.62729e-06 -1.56836e-06 4.88585e-06
26 -2.29444e-06 -8.17987e-07 2.43589e-06
